177.34	-0.256
177.56	-0.256
177.78	-0.256
178.00	-0.000
178.22	-0.829
178.44	-0.750
178.66	-0.767
178.89	-0.292
179.11	-0.318
179.33	-0.727
179.55	-0.522
179.77	-0.498
179.99	-0.275
180.21	-0.142
180.43	-0.032
180.65	0.049
180.87	0.040
181.09	0.052
181.31	0.093
181.53	0.089
181.75	0.124
181.97	0.128
182.19	0.155
182.41	0.166
182.63	0.167
182.85	0.175
183.07	0.173
183.30	0.143
183.52	0.150
183.74	0.143
183.96	0.152
184.18	0.149
184.40	0.143
184.62	0.158
184.84	0.163
185.06	0.162
185.28	0.214
185.50	0.216
185.72	0.254
185.94	0.239
186.16	0.238
186.38	0.262
186.60	0.279
186.82	0.279
187.04	0.326
187.26	0.331
187.48	0.366
187.70	0.368
187.92	0.411
188.14	0.453
188.36	0.477
188.58	0.517
188.80	0.559
189.02	0.559
189.24	0.589
189.46	0.601
189.68	0.654
189.90	0.687
190.12	0.695
190.34	0.724
190.56	0.724
190.78	0.737
191.00	0.770
191.22	0.797
191.44	0.847
191.66	0.861
191.88	0.863
192.10	0.879
192.32	0.896
192.54	0.906
192.76	0.918
192.98	0.930
193.20	0.935
193.42	0.930
193.64	0.927
193.86	0.962
194.08	0.993
194.30	0.992
194.52	1.007
194.74	1.059
194.96	1.054
195.18	1.036
195.40	1.042
195.62	1.060
195.84	1.056
196.06	1.059
196.28	1.082
196.50	1.094
196.72	1.082
196.94	1.097
197.16	1.152
197.38	1.164
197.60	1.176
197.82	1.179
198.04	1.185
198.26	1.182
198.48	1.182
198.70	1.164
198.92	1.163
199.13	1.167
199.35	1.163
199.57	1.177
199.79	1.190
200.01	1.179
200.23	1.189
200.45	1.184
200.67	1.195
200.89	1.209
201.11	1.214
201.33	1.233
201.55	1.232
201.77	1.240
201.99	1.247
202.21	1.241
202.43	1.268
202.65	1.287
202.87	1.308
203.09	1.303
203.31	1.303
203.52	1.308
203.74	1.298
203.96	1.298
204.18	1.324
204.40	1.317
204.62	1.322
204.84	1.306
205.06	1.304
205.28	1.322
205.50	1.323
205.72	1.341
205.94	1.347
206.16	1.350
206.38	1.345
206.59	1.344
206.81	1.365
207.03	1.382
207.25	1.378
207.47	1.402
207.69	1.413
207.91	1.427
208.13	1.445
208.35	1.480
208.57	1.493
208.79	1.487
209.01	1.500
209.22	1.485
209.44	1.475
209.66	1.487
209.88	1.490
210.10	1.480
210.32	1.482
210.54	1.501
210.76	1.490
210.98	1.483
211.20	1.508
211.42	1.524
211.63	1.525
211.85	1.520
212.07	1.514
212.29	1.510
212.51	1.504
212.73	1.540
212.95	1.545
213.17	1.540
213.39	1.525
213.60	1.516
213.82	1.520
214.04	1.527
214.26	1.523
214.48	1.512
214.70	1.488
214.92	1.489
215.14	1.480
215.35	1.479
215.57	1.471
215.79	1.453
216.01	1.448
216.23	1.440
216.45	1.426
216.67	1.424
216.89	1.416
217.10	1.405
217.32	1.394
217.54	1.386
217.76	1.388
217.98	1.378
218.20	1.368
218.42	1.353
218.64	1.336
218.85	1.318
219.07	1.301
219.29	1.281
219.51	1.259
219.73	1.242
219.95	1.218
220.17	1.196
220.38	1.175
220.60	1.149
220.82	1.126
221.04	1.107
221.26	1.086
221.48	1.065
221.69	1.041
221.91	1.020
222.13	1.000
222.35	0.980
222.57	0.960
222.79	0.941
223.00	0.919
223.22	0.898
223.44	0.876
223.66	0.856
223.88	0.836
224.10	0.815
224.32	0.795
224.53	0.776
224.75	0.754
224.97	0.734
225.19	0.716
225.41	0.698
225.62	0.680
225.84	0.662
226.06	0.644
226.28	0.626
226.50	0.607
226.72	0.590
226.93	0.572
227.15	0.554
227.37	0.537
227.59	0.522
227.81	0.505
228.02	0.490
228.24	0.475
228.46	0.461
228.68	0.448
228.90	0.435
229.12	0.422
229.33	0.408
229.55	0.395
229.77	0.383
229.99	0.370
230.21	0.358
230.42	0.347
230.64	0.336
230.86	0.325
231.08	0.315
231.30	0.305
231.51	0.296
231.73	0.286
231.95	0.278
232.17	0.268
232.38	0.258
232.60	0.251
232.82	0.241
233.04	0.234
233.26	0.226
233.47	0.218
233.69	0.211
233.91	0.204
234.13	0.197
234.35	0.192
234.56	0.185
234.78	0.180
235.00	0.173
235.22	0.167
235.43	0.162
235.65	0.157
235.87	0.152
236.09	0.147
236.30	0.142
236.52	0.137
236.74	0.132
236.96	0.128
237.18	0.124
237.39	0.120
237.61	0.117
237.83	0.112
238.05	0.109
238.26	0.106
238.48	0.103
238.70	0.100
238.92	0.097
239.13	0.094
239.35	0.091
239.57	0.089
239.79	0.087
240.00	0.085
240.22	0.082
240.44	0.080
240.66	0.078
240.87	0.076
241.09	0.074
241.31	0.072
241.53	0.070
241.74	0.068
241.96	0.067
242.18	0.065
242.40	0.064
242.61	0.063
242.83	0.062
243.05	0.060
243.27	0.059
243.48	0.057
243.70	0.057
243.92	0.056
244.13	0.055
244.35	0.054
244.57	0.053
244.79	0.052
245.00	0.051
245.22	0.050
245.44	0.049
245.65	0.048
245.87	0.047
246.09	0.046
246.31	0.045
246.52	0.044
246.74	0.043
246.96	0.042
247.18	0.042
247.39	0.042
247.61	0.041
247.83	0.041
248.04	0.040
248.26	0.040
248.48	0.039
248.69	0.039
248.91	0.039
249.13	0.038
249.35	0.038
249.56	0.037
249.78	0.036
250.00	0.036
250.21	0.036
250.43	0.035
250.65	0.035
250.86	0.034
251.08	0.034
251.30	0.034
251.51	0.034
251.73	0.034
251.95	0.033
252.17	0.033
252.38	0.033
252.60	0.033
252.82	0.032
253.03	0.031
253.25	0.031
253.47	0.030
253.68	0.030
253.90	0.030
254.12	0.030
254.33	0.029
254.55	0.029
254.77	0.029
254.98	0.029
255.20	0.028
255.42	0.028
255.63	0.029
255.85	0.028
256.07	0.028
256.28	0.028
256.50	0.028
256.72	0.028
256.93	0.028
257.15	0.028
257.37	0.027
257.58	0.027
257.80	0.026
258.02	0.025
258.23	0.025
258.45	0.025
258.67	0.024
258.88	0.024
259.10	0.024
259.32	0.024
259.53	0.023
259.75	0.024
259.96	0.024
260.18	0.023
260.40	0.024
260.61	0.024
260.83	0.023
261.05	0.024
261.26	0.023
261.48	0.023
261.70	0.024
261.91	0.024
262.13	0.024
262.34	0.024
262.56	0.023
262.78	0.023
262.99	0.023
263.21	0.023
263.43	0.023
263.64	0.023
263.86	0.023
264.07	0.023
264.29	0.023
264.51	0.023
264.72	0.023
264.94	0.023
265.16	0.023
265.37	0.023
265.59	0.022
265.80	0.022
266.02	0.022
266.24	0.022
266.45	0.022
266.67	0.022
266.88	0.022
267.10	0.022
267.32	0.022
267.53	0.022
267.75	0.023
267.96	0.023
268.18	0.022
268.40	0.022
268.61	0.022
268.83	0.021
269.04	0.022
269.26	0.021
269.48	0.021
269.69	0.021
269.91	0.021
270.12	0.021
270.34	0.022
270.56	0.021
270.77	0.021
270.99	0.021
271.20	0.022
271.42	0.022
271.64	0.022
271.85	0.022
272.07	0.022
272.28	0.021
272.50	0.022
272.71	0.022
272.93	0.022
273.15	0.022
273.36	0.022
273.58	0.022
273.79	0.023
274.01	0.022
274.22	0.023
274.44	0.023
274.66	0.023
274.87	0.023
275.09	0.023
275.30	0.023
275.52	0.022
275.73	0.023
275.95	0.023
276.16	0.023
276.38	0.023
276.60	0.023
276.81	0.023
277.03	0.023
277.24	0.022
277.46	0.022
277.67	0.023
277.89	0.022
278.10	0.022
278.32	0.022
278.53	0.022
278.75	0.022
278.97	0.022
279.18	0.023
279.40	0.023
279.61	0.023
279.83	0.023
280.04	0.023
280.26	0.023
280.47	0.023
280.69	0.023
280.90	0.023
281.12	0.023
281.33	0.023
281.55	0.024
281.76	0.024
281.98	0.025
282.20	0.025
282.41	0.025
282.63	0.025
282.84	0.025
283.06	0.025
283.27	0.025
283.49	0.025
283.70	0.025
283.92	0.024
284.13	0.024
284.35	0.024
284.56	0.024
284.78	0.024
284.99	0.024
285.21	0.025
285.42	0.025
285.64	0.025
285.85	0.025
286.07	0.025
286.28	0.025
286.50	0.025
286.71	0.024
286.93	0.025
287.14	0.025
287.36	0.025
287.57	0.025
287.79	0.024
288.00	0.024
288.22	0.024
288.43	0.024
288.65	0.025
288.86	0.024
289.08	0.025
289.29	0.024
289.51	0.024
289.72	0.025
289.94	0.024
290.15	0.024
290.37	0.024
290.58	0.024
290.80	0.024
291.01	0.024
291.22	0.024
291.44	0.024
291.65	0.024
291.87	0.024
292.08	0.025
292.30	0.024
292.51	0.025
292.73	0.025
292.94	0.025
293.16	0.025
293.37	0.025
293.59	0.025
293.80	0.025
294.02	0.025
294.23	0.025
294.44	0.025
294.66	0.024
294.87	0.025
295.09	0.024
295.30	0.024
295.52	0.024
295.73	0.024
295.95	0.024
296.16	0.024
296.37	0.024
296.59	0.024
296.80	0.024
297.02	0.024
297.23	0.024
297.45	0.024
297.66	0.024
297.88	0.024
298.09	0.024
298.30	0.025
298.52	0.025
298.73	0.025
298.95	0.025
299.16	0.025
299.38	0.026
299.59	0.025
299.80	0.025
300.02	0.025
300.23	0.024
300.45	0.024
300.66	0.024
300.88	0.024
301.09	0.024
301.30	0.023
301.52	0.024
301.73	0.023
301.95	0.023
302.16	0.023
302.37	0.023
302.59	0.023
302.80	0.023
303.02	0.023
303.23	0.023
303.45	0.022
303.66	0.022
303.87	0.022
304.09	0.022
304.30	0.021
304.52	0.022
304.73	0.021
304.94	0.022
305.16	0.022
305.37	0.022
305.59	0.022
305.80	0.022
306.01	0.022
306.23	0.023
306.44	0.023
306.65	0.022
306.87	0.022
307.08	0.021
307.30	0.021
307.51	0.021
307.72	0.021
307.94	0.020
308.15	0.020
308.37	0.019
308.58	0.019
308.79	0.019
309.01	0.019
309.22	0.019
309.43	0.019
309.65	0.019
309.86	0.019
310.07	0.019
310.29	0.019
310.50	0.019
310.72	0.019
310.93	0.018
311.14	0.018
311.36	0.018
311.57	0.018
311.78	0.018
312.00	0.019
312.21	0.019
312.42	0.019
312.64	0.019
312.85	0.019
313.07	0.019
313.28	0.019
313.49	0.020
313.71	0.020
313.92	0.020
314.13	0.020
314.35	0.019
314.56	0.019
314.77	0.019
314.99	0.019
315.20	0.019
315.41	0.019
315.63	0.018
315.84	0.018
316.05	0.018
316.27	0.019
316.48	0.019
316.69	0.019
316.91	0.019
317.12	0.019
317.33	0.019
317.55	0.019
317.76	0.019
317.97	0.019
318.19	0.019
318.40	0.018
318.61	0.018
318.83	0.018
319.04	0.018
319.25	0.018
319.47	0.019
319.68	0.018
319.89	0.018
320.10	0.018
320.32	0.019
320.53	0.019
320.74	0.019
320.96	0.019
321.17	0.019
321.38	0.018
321.60	0.019
321.81	0.019
322.02	0.019
322.24	0.019
322.45	0.019
322.66	0.019
322.87	0.020
323.09	0.020
323.30	0.020
323.51	0.020
323.73	0.020
323.94	0.019
324.15	0.019
324.36	0.020
324.58	0.019
324.79	0.019
325.00	0.019
325.22	0.018
325.43	0.018
325.64	0.018
325.85	0.019
326.07	0.019
326.28	0.018
326.49	0.019
326.71	0.018
326.92	0.018
327.13	0.019
327.34	0.018
327.56	0.019
327.77	0.018
327.98	0.018
328.19	0.018
328.41	0.018
328.62	0.018
328.83	0.018
329.04	0.019
329.26	0.019
329.47	0.019
329.68	0.019
329.90	0.018
330.11	0.019
330.32	0.019
330.53	0.019
330.75	0.019
330.96	0.019
331.17	0.018
331.38	0.018
331.60	0.019
331.81	0.019
332.02	0.019
332.23	0.019
332.44	0.019
332.66	0.019
332.87	0.019
333.08	0.019
333.29	0.018
333.51	0.018
333.72	0.017
333.93	0.017
334.14	0.017
334.36	0.018
334.57	0.018
334.78	0.018
334.99	0.018
335.21	0.018
335.42	0.019
335.63	0.019
335.84	0.019
336.05	0.019
336.27	0.019
336.48	0.018
336.69	0.018
336.90	0.018
337.11	0.018
337.33	0.018
337.54	0.018
337.75	0.018
337.96	0.018
338.18	0.018
338.39	0.018
338.60	0.018
338.81	0.018
339.02	0.018
339.24	0.018
339.45	0.018
339.66	0.018
339.87	0.018
340.08	0.018
340.30	0.018
340.51	0.018
340.72	0.018
340.93	0.018
341.14	0.018
341.36	0.018
341.57	0.018
341.78	0.018
341.99	0.019
342.20	0.019
342.41	0.018
342.63	0.018
342.84	0.018
343.05	0.018
343.26	0.017
343.47	0.016
343.69	0.016
343.90	0.016
344.11	0.016
344.32	0.016
344.53	0.016
344.74	0.015
344.96	0.016
345.17	0.016
345.38	0.016
345.59	0.016
345.80	0.016
346.01	0.016
346.23	0.017
346.44	0.017
346.65	0.017
346.86	0.017
347.07	0.017
347.28	0.016
347.50	0.016
347.71	0.016
347.92	0.016
348.13	0.015
348.34	0.015
348.55	0.015
348.76	0.014
348.98	0.014
349.19	0.013
349.40	0.013
349.61	0.013
349.82	0.013
350.03	0.013
350.24	0.012
350.46	0.013
350.67	0.014
350.88	0.014
351.09	0.013
351.30	0.013
351.51	0.014
351.72	0.013
351.93	0.013
352.15	0.014
352.36	0.013
352.57	0.013
352.78	0.013
352.99	0.014
353.20	0.014
353.41	0.013
353.62	0.014
353.84	0.014
354.05	0.013
354.26	0.013
354.47	0.013
354.68	0.013
354.89	0.013
355.10	0.013
355.31	0.013
355.52	0.013
355.74	0.013
355.95	0.013
356.16	0.013
356.37	0.013
356.58	0.013
356.79	0.012
357.00	0.012
357.21	0.012
357.42	0.012
357.63	0.012
357.85	0.011
358.06	0.011
358.27	0.010
358.48	0.010
358.69	0.010
358.90	0.011
359.11	0.010
359.32	0.010
359.53	0.010
359.74	0.011
359.95	0.011
360.17	0.011
360.38	0.010
360.59	0.010
360.80	0.010
361.01	0.009
361.22	0.009
361.43	0.009
361.64	0.009
361.85	0.009
362.06	0.009
362.27	0.009
362.48	0.009
362.69	0.009
362.90	0.009
363.12	0.008
363.33	0.008
363.54	0.008
363.75	0.008
363.96	0.007
364.17	0.008
364.38	0.007
364.59	0.007
364.80	0.007
365.01	0.007
365.22	0.007
365.43	0.008
365.64	0.008
365.85	0.007
366.06	0.007
366.27	0.007
366.48	0.007
366.69	0.007
366.90	0.007
367.11	0.007
367.32	0.006
367.54	0.006
367.75	0.006
367.96	0.006
368.17	0.006
368.38	0.006
368.59	0.005
368.80	0.006
369.01	0.006
369.22	0.006
369.43	0.006
369.64	0.006
369.85	0.006
370.06	0.006
370.27	0.006
370.48	0.007
370.69	0.007
370.90	0.006
371.11	0.006
371.32	0.006
371.53	0.006
371.74	0.006
371.95	0.006
372.16	0.006
372.37	0.006
372.58	0.005
372.79	0.006
373.00	0.005
373.21	0.006
373.42	0.006
373.63	0.005
373.84	0.006
374.05	0.006
374.26	0.006
374.47	0.006
374.68	0.006
374.89	0.006
375.10	0.006
375.31	0.006
375.52	0.005
375.73	0.005
375.94	0.005
376.15	0.005
376.36	0.004
376.57	0.004
376.78	0.004
376.99	0.004
377.20	0.004
377.41	0.004
377.62	0.004
377.83	0.004
378.04	0.004
378.25	0.004
378.46	0.003
378.67	0.004
378.88	0.004
379.09	0.003
379.30	0.003
379.51	0.003
379.72	0.003
379.92	0.003
380.13	0.003
380.34	0.003
380.55	0.003
380.76	0.003
380.97	0.004
381.18	0.004
381.39	0.003
381.60	0.003
381.81	0.003
382.02	0.003
382.23	0.003
382.44	0.003
382.65	0.003
382.86	0.003
383.07	0.003
383.28	0.003
383.49	0.003
383.70	0.003
383.91	0.003
384.11	0.003
384.32	0.003
384.53	0.002
384.74	0.002
384.95	0.002
385.16	0.002
385.37	0.002
385.58	0.002
385.79	0.002
386.00	0.002
386.21	0.001
386.42	0.002
386.63	0.002
386.84	0.002
387.04	0.001
387.25	0.001
387.46	0.001
387.67	0.001
387.88	0.001
388.09	0.001
388.30	0.001
388.51	0.001
388.72	0.001
388.93	0.002
389.14	0.002
389.34	0.002
389.55	0.001
389.76	0.001
389.97	0.001
390.18	0.001
390.39	0.001
390.60	0.001
390.81	0.001
391.02	0.001
391.23	0.000
391.43	0.001
391.64	0.001
391.85	0.001
392.06	0.000
392.27	-0.000
392.48	-0.001
392.69	-0.000
392.90	-0.001
393.11	-0.000
393.31	-0.000
393.52	-0.000
393.73	-0.001
393.94	-0.000
394.15	0.000
394.36	0.000
394.57	0.001
394.78	0.001
394.98	0.000
395.19	0.000
395.40	0.000
395.61	0.001
395.82	0.001
396.03	0.001
396.24	0.000
396.44	0.000
396.65	-0.000
396.86	0.000
397.07	0.001
397.28	0.001
397.49	0.000
397.70	0.001
397.90	0.000
398.11	0.000
398.32	0.000
398.53	0.001
398.74	0.001
398.95	0.001
399.16	0.001
399.36	0.001
399.57	0.001
399.78	0.001
399.99	0.001
400.20	0.001
400.41	0.001
400.61	0.001
400.82	0.001
401.03	0.000
401.24	-0.000
401.45	-0.001
401.66	-0.001
401.86	-0.000
402.07	-0.001
402.28	-0.001
402.49	-0.001
402.70	-0.002
402.91	-0.002
403.11	-0.001
403.32	-0.001
403.53	-0.001
403.74	-0.001
403.95	-0.001
404.15	-0.000
404.36	-0.001
404.57	-0.000
404.78	-0.001
404.99	-0.001
405.20	-0.001
405.40	-0.001
405.61	-0.001
405.82	-0.002
406.03	-0.002
406.24	-0.001
406.44	-0.001
406.65	-0.000
406.86	-0.000
407.07	-0.000
407.28	0.000
407.48	0.000
407.69	0.000
407.90	0.000
408.11	0.000
408.32	-0.000
408.52	-0.000
408.73	-0.000
408.94	-0.000
409.15	-0.000
409.35	0.000
409.56	0.000
409.77	0.000
409.98	-0.000
410.19	-0.000
410.39	-0.000
410.60	-0.001
410.81	-0.001
411.02	-0.001
411.22	-0.002
411.43	-0.002
411.64	-0.001
411.85	-0.001
412.05	-0.001
412.26	-0.002
412.47	-0.002
412.68	-0.001
412.89	-0.001
413.09	-0.000
413.30	-0.001
413.51	-0.001
413.72	-0.001
413.92	-0.001
414.13	-0.001
414.34	-0.001
414.55	-0.001
414.75	-0.001
414.96	-0.001
415.17	-0.001
415.38	-0.001
415.58	-0.002
415.79	-0.002
416.00	-0.001
416.21	-0.001
416.41	-0.001
416.62	-0.001
416.83	-0.001
417.03	-0.001
417.24	-0.000
417.45	-0.000
417.66	0.001
417.86	0.000
418.07	-0.000
418.28	-0.000
418.49	-0.000
418.69	-0.000
418.90	-0.000
419.11	-0.001
419.31	-0.001
419.52	-0.002
419.73	-0.001
419.94	-0.001
420.14	-0.001
420.35	-0.001
420.56	0.000
420.76	-0.000
420.97	-0.000
421.18	0.000
421.39	0.001
421.59	0.000
421.80	0.001
422.01	0.000
422.21	0.000
422.42	-0.001
422.63	-0.001
422.84	-0.000
423.04	-0.000
423.25	-0.000
423.46	-0.000
423.66	-0.001
423.87	-0.000
424.08	-0.000
424.28	0.000
424.49	0.000
424.70	0.000
424.90	0.001
425.11	0.001
425.32	0.001
425.52	0.001
425.73	0.001
425.94	0.001
426.15	0.001
426.35	0.000
426.56	-0.001
426.77	-0.001
426.97	-0.001
427.18	-0.001
427.39	-0.001
427.59	-0.001
427.80	-0.002
428.01	-0.003
428.21	-0.002
428.42	-0.002
428.63	-0.003
428.83	-0.002
429.04	-0.002
429.25	-0.002
429.45	-0.003
429.66	-0.003
429.87	-0.003
430.07	-0.002
430.28	-0.002
430.48	-0.002
430.69	-0.002
430.90	-0.002
431.10	-0.002
431.31	-0.002
431.52	-0.002
431.72	-0.001
431.93	-0.001
432.14	-0.001
432.34	-0.001
432.55	-0.001
432.76	-0.001
432.96	-0.000
433.17	-0.001
433.37	-0.001
433.58	-0.001
433.79	-0.001
433.99	-0.001
434.20	-0.000
434.41	-0.001
434.61	-0.001
434.82	-0.002
435.02	-0.002
435.23	-0.001
435.44	-0.001
435.64	-0.001
435.85	-0.001
436.06	-0.001
436.26	-0.001
436.47	-0.001
436.67	-0.001
436.88	-0.001
437.09	-0.001
437.29	-0.002
437.50	-0.002
437.70	-0.002
437.91	-0.002
438.12	-0.003
438.32	-0.003
438.53	-0.003
438.73	-0.003
438.94	-0.003
439.15	-0.003
439.35	-0.003
439.56	-0.003
439.76	-0.003
439.97	-0.002
440.18	-0.002
440.38	-0.002
440.59	-0.001
440.79	-0.001
441.00	-0.000
441.20	-0.000
441.41	0.000
441.62	0.000
441.82	0.000
442.03	0.001
442.23	0.001
442.44	0.000
442.65	0.000
442.85	-0.001
443.06	-0.001
443.26	-0.001
443.47	-0.000
443.67	-0.000
443.88	-0.001
444.09	-0.001
444.29	-0.001
444.50	-0.000
444.70	-0.000
444.91	-0.000
445.11	-0.001
445.32	-0.001
445.52	-0.001
445.73	-0.001
445.94	-0.001
446.14	-0.000
446.35	-0.001
446.55	-0.001
446.76	-0.001
446.96	-0.001
447.17	-0.000
447.37	-0.000
447.58	-0.000
447.78	0.001
447.99	-0.000
448.20	0.000
448.40	0.001
448.61	0.000
448.81	0.000
449.02	0.000
449.22	0.000
449.43	0.001
449.63	0.000
449.84	0.001
450.04	-0.000
450.25	-0.001
450.45	-0.001
450.66	-0.001
450.86	-0.002
451.07	-0.002
451.27	-0.002
451.48	-0.002
451.68	-0.002
451.89	-0.001
452.09	-0.001
452.30	-0.001
452.50	-0.001
452.71	-0.001
452.91	-0.000
453.12	-0.000
453.33	-0.001
453.53	-0.001
453.74	-0.001
453.94	-0.002
454.15	-0.001
454.35	-0.001
454.56	-0.001
454.76	-0.001
454.96	-0.001
455.17	-0.002
455.37	-0.002
455.58	-0.002
455.78	-0.001
455.99	-0.002
456.19	-0.002
456.40	-0.002
456.60	-0.003
456.81	-0.003
457.01	-0.002
457.22	-0.002
457.42	-0.001
457.63	-0.001
457.83	-0.001
458.04	-0.001
458.24	-0.000
458.45	0.001
458.65	0.001
458.86	-0.000
459.06	0.001
459.27	0.001
459.47	0.002
459.67	0.002
459.88	0.001
460.08	0.001
460.29	0.000
460.49	0.000
460.70	0.001
460.90	-0.000
461.11	-0.001
461.31	-0.002
461.52	-0.003
461.72	-0.003
461.92	-0.002
462.13	-0.002
462.33	-0.002
462.54	-0.003
462.74	-0.003
462.95	-0.002
463.15	-0.001
463.36	-0.002
463.56	-0.002
463.76	-0.002
463.97	-0.002
464.17	-0.002
464.38	-0.001
464.58	-0.001
464.79	-0.001
464.99	-0.001
465.19	-0.000
465.40	-0.000
465.60	0.000
465.81	0.001
466.01	0.001
466.22	0.001
466.42	0.001
466.62	0.000
466.83	0.001
467.03	0.001
467.24	0.001
467.44	0.000
467.65	0.000
467.85	0.000
468.05	0.000
468.26	-0.000
468.46	-0.000
468.67	-0.000
468.87	0.000
469.07	-0.000
469.28	-0.000
469.48	0.000
469.69	-0.000
469.89	0.000
470.09	-0.000
470.30	0.000
470.50	0.000
470.71	-0.000
470.91	-0.001
471.11	-0.000
471.32	-0.001
471.52	-0.001
471.72	-0.001
471.93	-0.001
472.13	-0.001
472.34	-0.001
472.54	-0.001
472.74	-0.000
472.95	-0.001
473.15	-0.001
473.35	-0.002
473.56	-0.002
473.76	-0.002
473.97	-0.002
474.17	-0.002
474.37	-0.002
474.58	-0.003
474.78	-0.003
474.98	-0.002
475.19	-0.002
475.39	-0.002
475.60	-0.002
475.80	-0.002
476.00	-0.002
476.21	-0.002
476.41	-0.002
476.61	-0.002
476.82	-0.002
477.02	-0.001
477.22	-0.001
477.43	-0.001
477.63	-0.001
477.83	-0.001
478.04	-0.001
478.24	-0.001
478.44	-0.001
478.65	-0.001
478.85	-0.001
479.05	-0.001
479.26	-0.001
479.46	-0.001
479.66	-0.001
479.87	-0.001
480.07	-0.000
480.27	-0.000
480.48	-0.000
480.68	0.000
480.88	0.000
481.09	-0.000
481.29	-0.001
481.49	-0.000
481.70	-0.000
481.90	-0.001
482.10	-0.000
482.31	-0.000
482.51	-0.001
482.71	0.000
482.92	-0.000
483.12	0.000
483.32	0.000
483.52	0.000
483.73	0.001
483.93	-0.000
484.13	-0.000
484.34	-0.000
484.54	-0.001
484.74	-0.001
484.95	-0.001
485.15	-0.001
485.35	-0.001
485.55	-0.002
485.76	-0.002
485.96	-0.002
486.16	-0.002
486.37	-0.001
486.57	-0.002
486.77	-0.002
486.97	-0.002
487.18	-0.002
487.38	-0.001
487.58	-0.001
487.79	-0.001
487.99	-0.001
488.19	-0.001
488.39	-0.001
488.60	-0.001
488.80	-0.001
489.00	-0.001
489.20	-0.001
489.41	-0.001
489.61	-0.001
489.81	-0.001
490.02	-0.001
490.22	-0.001
490.42	-0.001
490.62	-0.001
490.83	-0.001
491.03	-0.001
491.23	-0.001
491.43	-0.001
491.64	-0.001
491.84	-0.001
492.04	-0.001
492.24	-0.001
492.45	-0.001
492.65	-0.001
492.85	-0.001
493.05	-0.001
493.26	-0.001
493.46	-0.001
493.66	-0.000
493.86	0.000
494.07	0.001
494.27	0.001
494.47	0.001
494.67	0.001
494.87	0.001
495.08	0.001
495.28	0.001
495.48	0.000
495.68	0.000
495.89	-0.000
496.09	-0.000
496.29	-0.001
496.49	-0.001
496.69	-0.000
496.90	-0.001
497.10	-0.001
497.30	-0.001
497.50	-0.001
497.71	-0.001
497.91	-0.001
498.11	-0.001
498.31	-0.001
498.51	-0.002
498.72	-0.001
498.92	-0.001
499.12	-0.001
499.32	-0.001
499.52	-0.001
499.73	-0.001
499.93	-0.001
500.13	-0.001
500.33	-0.001
500.53	-0.001
500.74	-0.001
500.94	-0.001
501.14	-0.001
501.34	-0.000
501.54	-0.000
501.74	0.000
501.95	0.001
502.15	0.001
502.35	0.001
502.55	0.001
502.75	0.000
502.96	-0.000
503.16	-0.000
503.36	-0.000
503.56	-0.001
503.76	-0.001
503.96	-0.000
504.17	-0.001
504.37	-0.001
504.57	-0.001
504.77	-0.001
504.97	-0.001
505.17	-0.002
505.38	-0.001
505.58	-0.001
505.78	-0.001
505.98	-0.001
506.18	-0.001
506.38	-0.000
506.58	-0.000
506.79	-0.000
506.99	0.001
507.19	-0.000
507.39	-0.000
507.59	-0.001
507.79	-0.001
507.99	-0.001
508.20	-0.001
508.40	-0.000
508.60	-0.001
508.80	-0.001
509.00	0.000
509.20	-0.000
509.40	0.000
509.61	0.000
509.81	0.000
510.01	0.000
510.21	-0.000
510.41	-0.000
510.61	-0.001
510.81	-0.000
511.01	0.000
511.22	0.000
511.42	0.000
511.62	0.000
511.82	-0.000
512.02	0.000
512.22	0.000
512.42	0.001
512.62	-0.000
512.82	-0.001
513.03	-0.001
513.23	-0.001
513.43	-0.001
513.63	-0.001
513.83	-0.001
514.03	-0.001
514.23	-0.001
514.43	-0.001
514.63	-0.000
514.83	-0.000
515.04	0.000
515.24	-0.000
515.44	0.000
515.64	0.000
515.84	0.000
516.04	-0.000
516.24	-0.000
516.44	-0.000
516.64	-0.000
516.84	0.000
517.04	0.000
517.24	-0.000
517.45	-0.000
517.65	-0.000
517.85	-0.000
518.05	-0.000
518.25	-0.000
518.45	-0.000
518.65	-0.000
518.85	-0.000
519.05	0.000
519.25	-0.000
519.45	-0.001
519.65	-0.001
519.85	-0.001
520.05	-0.001
520.25	-0.001
520.46	-0.001
520.66	-0.001
520.86	-0.002
521.06	-0.001
521.26	-0.001
521.46	-0.001
521.66	-0.000
521.86	-0.000
522.06	-0.000
522.26	0.000
522.46	0.001
522.66	0.001
522.86	0.001
523.06	0.001
523.26	0.001
523.46	0.001
523.66	0.001
523.86	0.001
524.06	0.001
524.26	0.001
524.46	0.000
524.66	-0.000
524.86	-0.000
525.06	-0.000
525.26	-0.001
525.46	-0.001
525.66	-0.002
525.87	-0.002
526.07	-0.002
526.27	-0.002
526.47	-0.002
526.67	-0.002
526.87	-0.002
527.07	-0.001
527.27	-0.001
527.47	-0.000
527.67	-0.000
527.87	-0.001
528.07	-0.001
528.27	-0.000
528.47	-0.001
528.67	-0.001
528.87	-0.001
529.07	-0.000
529.27	-0.001
529.47	-0.001
529.67	-0.001
529.87	-0.001
530.07	-0.001
530.27	-0.001
530.47	-0.001
530.67	-0.001
530.87	-0.001
531.06	-0.001
531.26	-0.001
531.46	-0.001
531.66	-0.000
531.86	-0.000
532.06	0.000
532.26	-0.000
532.46	-0.000
532.66	-0.001
532.86	-0.000
533.06	-0.000
533.26	-0.000
533.46	-0.001
533.66	-0.001
533.86	-0.001
534.06	-0.000
534.26	0.000
534.46	0.001
534.66	0.000
534.86	0.000
535.06	-0.000
535.26	-0.000
535.46	0.000
535.66	-0.000
535.86	-0.000
536.06	-0.000
536.26	-0.000
536.45	-0.001
536.65	-0.000
536.85	-0.000
537.05	-0.000
537.25	-0.001
537.45	-0.000
537.65	-0.001
537.85	-0.001
538.05	-0.001
538.25	-0.001
538.45	-0.000
538.65	-0.001
538.85	-0.000
539.05	-0.001
539.25	-0.001
539.44	-0.000
539.64	-0.001
539.84	0.000
540.04	0.000
540.24	-0.000
540.44	-0.000
540.64	-0.001
540.84	-0.001
541.04	-0.001
541.24	-0.002
541.44	-0.001
541.64	-0.002
541.83	-0.002
542.03	-0.002
542.23	-0.002
542.43	-0.002
542.63	-0.002
542.83	-0.001
543.03	-0.001
543.23	-0.001
543.43	-0.001
543.63	-0.001
543.82	-0.002
544.02	-0.002
544.22	-0.001
544.42	-0.001
544.62	-0.001
544.82	-0.001
545.02	-0.001
545.22	-0.001
545.42	-0.001
545.61	-0.001
545.81	-0.001
546.01	-0.001
546.21	-0.002
546.41	-0.002
546.61	-0.002
546.81	-0.002
547.01	-0.002
547.20	-0.001
547.40	-0.000
547.60	-0.000
547.80	-0.000
548.00	-0.000
548.20	-0.000
548.40	-0.000
548.59	-0.001
548.79	-0.000
548.99	-0.001
549.19	-0.002
549.39	-0.001
549.59	-0.001
549.79	-0.001
549.98	-0.001
550.18	-0.001
550.38	-0.001
550.58	-0.001
550.78	-0.000
550.98	-0.000
551.17	-0.001
551.37	-0.000
551.57	-0.001
551.77	-0.001
551.97	-0.001
552.17	-0.001
552.36	-0.001
552.56	-0.002
552.76	-0.002
552.96	-0.002
553.16	-0.003
553.36	-0.002
553.55	-0.002
553.75	-0.002
553.95	-0.001
554.15	-0.001
554.35	-0.001
554.55	-0.002
554.74	-0.001
554.94	-0.001
555.14	-0.001
555.34	-0.001
555.54	-0.002
555.73	-0.003
555.93	-0.003
556.13	-0.003
556.33	-0.003
556.53	-0.003
556.72	-0.003
556.92	-0.003
557.12	-0.003
557.32	-0.002
557.52	-0.001
557.71	-0.001
557.91	-0.000
558.11	-0.000
558.31	-0.001
558.51	-0.000
558.70	-0.001
558.90	-0.001
559.10	-0.001
559.30	-0.001
559.49	-0.001
559.69	-0.001
559.89	-0.001
560.09	0.000
560.29	-0.000
560.48	-0.000
560.68	0.000
560.88	0.000
561.08	0.000
561.27	-0.000
561.47	-0.000
561.67	-0.001
561.87	-0.001
562.06	-0.001
562.26	-0.001
562.46	-0.002
562.66	-0.002
562.86	-0.002
563.05	-0.002
563.25	-0.002
563.45	-0.002
563.65	-0.003
563.84	-0.002
564.04	-0.002
564.24	-0.002
564.44	-0.002
564.63	-0.002
564.83	-0.002
565.03	-0.002
565.22	-0.002
565.42	-0.001
565.62	-0.001
565.82	-0.001
566.01	-0.001
566.21	-0.001
566.41	-0.001
566.61	-0.002
566.80	-0.001
567.00	-0.002
567.20	-0.002
567.40	-0.002
567.59	-0.002
567.79	-0.001
567.99	-0.001
568.18	-0.001
568.38	-0.001
568.58	-0.001
568.78	-0.001
568.97	-0.002
569.17	-0.001
569.37	-0.002
569.56	-0.002
569.76	-0.002
569.96	-0.002
570.16	-0.002
570.35	-0.002
570.55	-0.002
570.75	-0.002
570.94	-0.002
571.14	-0.002
571.34	-0.002
571.53	-0.002
571.73	-0.002
571.93	-0.002
572.12	-0.002
572.32	-0.002
572.52	-0.002
572.72	-0.001
572.91	-0.001
573.11	-0.001
573.31	-0.001
573.50	-0.001
573.70	-0.000
573.90	-0.000
574.09	-0.000
574.29	-0.000
574.49	-0.001
574.68	-0.001
574.88	-0.001
575.08	-0.001
575.27	-0.002
575.47	-0.001
575.67	-0.001
575.86	-0.002
576.06	-0.001
576.26	-0.001
576.45	-0.001
576.65	-0.001
576.85	-0.001
577.04	-0.001
577.24	-0.001
577.44	-0.000
577.63	-0.000
577.83	-0.001
578.02	-0.001
578.22	-0.001
578.42	-0.001
578.61	-0.001
578.81	-0.001
579.01	-0.001
579.20	-0.001
579.40	-0.001
579.60	-0.001
579.79	-0.000
579.99	-0.001
580.19	-0.000
580.38	-0.001
580.58	-0.001
580.77	-0.001
580.97	-0.001
581.17	-0.001
581.36	-0.001
581.56	-0.001
581.75	-0.001
581.95	-0.001
582.15	-0.000
582.34	-0.000
582.54	-0.001
582.74	-0.001
582.93	-0.001
583.13	-0.001
583.32	-0.000
583.52	-0.001
583.72	-0.001
583.91	-0.001
584.11	-0.001
584.30	-0.001
584.50	-0.001
584.70	-0.001
584.89	-0.001
585.09	-0.001
585.28	-0.000
585.48	-0.001
585.68	-0.001
585.87	-0.000
586.07	-0.000
586.26	-0.000
586.46	-0.001
586.66	-0.000
586.85	-0.001
587.05	-0.001
587.24	-0.000
587.44	-0.000
587.63	-0.001
587.83	-0.001
588.03	-0.001
588.22	-0.001
588.42	-0.001
588.61	-0.001
588.81	-0.001
589.00	-0.001
589.20	-0.001
589.40	-0.001
589.59	-0.001
589.79	-0.001
589.98	-0.001
590.18	-0.001
590.37	-0.001
590.57	-0.001
590.76	-0.001
590.96	-0.000
591.16	-0.000
591.35	-0.000
591.55	-0.000
591.74	-0.000
591.94	0.000
592.13	-0.000
592.33	0.000
592.52	-0.000
592.72	-0.001
592.91	-0.001
593.11	-0.001
593.30	-0.001
593.50	-0.001
593.70	-0.002
593.89	-0.002
594.09	-0.002
594.28	-0.002
594.48	-0.002
594.67	-0.002
594.87	-0.002
595.06	-0.002
595.26	-0.001
595.45	-0.002
595.65	-0.002
595.84	-0.002
596.04	-0.002
596.23	-0.002
596.43	-0.001
596.62	-0.002
596.82	-0.001
597.01	-0.001
597.21	-0.001
597.40	-0.000
597.60	-0.001
597.79	-0.001
597.99	-0.001
598.18	-0.001
598.38	-0.001
598.57	-0.001
598.77	-0.001
598.96	-0.001
599.16	-0.001
599.35	-0.001
599.55	-0.001
599.74	-0.001
599.94	-0.001
600.13	-0.001
600.33	-0.001
600.52	-0.001
600.72	-0.001
600.91	-0.001
601.11	-0.001
601.30	-0.001
601.50	-0.001
601.69	-0.001
601.89	-0.001
602.08	-0.001
602.27	-0.001
602.47	-0.001
602.66	-0.001
602.86	-0.001
603.05	-0.001
603.25	-0.001
603.44	-0.001
603.64	-0.001
603.83	-0.001
604.03	-0.001
604.22	-0.001
604.41	-0.001
604.61	-0.001
604.80	-0.001
605.00	-0.001
605.19	-0.001
605.39	-0.001
605.58	-0.001
605.78	-0.001
605.97	-0.001
606.16	-0.001
606.36	-0.001
606.55	-0.001
606.75	-0.001
606.94	-0.001
607.14	-0.001
607.33	-0.000
607.52	-0.000
607.72	-0.001
607.91	-0.001
608.11	-0.001
608.30	0.000
608.50	0.000
608.69	0.000
608.88	0.000
609.08	0.000
609.27	-0.000
609.47	0.000
609.66	0.000
609.85	-0.000
610.05	-0.001
610.24	-0.001
610.44	-0.001
610.63	-0.001
610.83	-0.001
611.02	-0.001
611.21	-0.000
611.41	-0.001
611.60	-0.001
611.80	-0.001
611.99	-0.001
612.18	-0.001
612.38	-0.001
612.57	-0.001
612.76	-0.001
612.96	-0.001
613.15	-0.001
613.35	-0.001
613.54	-0.001
613.73	-0.001
613.93	-0.001
614.12	-0.001
614.32	-0.001
614.51	-0.002
614.70	-0.001
614.90	-0.001
615.09	-0.001
615.28	-0.001
615.48	-0.001
615.67	-0.001
615.86	-0.001
616.06	-0.001
616.25	-0.001
616.45	-0.001
616.64	-0.001
616.83	-0.001
617.03	-0.001
617.22	-0.001
617.41	-0.001
617.61	-0.001
617.80	-0.001
617.99	-0.001
618.19	-0.001
618.38	-0.001
618.57	-0.001
618.77	-0.001
618.96	-0.001
619.15	-0.001
619.35	-0.000
619.54	-0.001
619.73	-0.001
619.93	-0.001
620.12	-0.001
620.31	-0.001
620.51	-0.001
620.70	-0.001
620.89	-0.001
621.09	-0.001
621.28	-0.000
621.47	-0.000
621.67	0.000
621.86	0.000
622.05	0.000
622.25	0.000
622.44	0.000
622.63	-0.000
622.83	0.000
623.02	0.000
623.21	-0.000
623.41	-0.001
623.60	-0.001
623.79	-0.001
623.98	-0.001
624.18	-0.001
624.37	-0.001
624.56	-0.001
624.76	-0.001
624.95	-0.001
625.14	-0.001
625.33	-0.001
625.53	-0.001
625.72	-0.000
625.91	-0.000
626.11	-0.000
626.30	-0.001
626.49	-0.000
626.68	-0.000
626.88	-0.000
627.07	-0.000
627.26	-0.000
627.46	-0.001
627.65	-0.001
627.84	-0.001
628.03	-0.001
628.23	-0.001
628.42	-0.000
628.61	-0.000
628.80	-0.000
629.00	-0.001
629.19	-0.001
629.38	-0.001
629.58	-0.001
629.77	-0.001
629.96	-0.001
630.15	-0.001
630.35	-0.000
630.54	-0.000
630.73	0.000
630.92	0.000
631.12	0.000
631.31	0.000
631.50	0.000
631.69	0.000
631.89	-0.000
632.08	-0.001
632.27	-0.001
632.46	-0.002
632.65	-0.001
632.85	-0.001
633.04	-0.001
633.23	-0.001
633.42	-0.001
633.62	-0.001
633.81	-0.001
634.00	-0.001
634.19	-0.001
634.39	-0.001
634.58	-0.001
634.77	-0.001
634.96	-0.002
635.15	-0.002
635.35	-0.001
635.54	-0.001
635.73	-0.001
635.92	-0.001
636.11	-0.001
636.31	-0.001
636.50	-0.001
636.69	-0.001
636.88	-0.001
637.07	-0.001
637.27	-0.000
637.46	-0.000
637.65	-0.000
637.84	-0.000
638.03	0.000
638.23	0.000
638.42	0.000
638.61	0.000
638.80	-0.001
638.99	-0.001
639.19	-0.001
639.38	-0.001
639.57	-0.001
639.76	-0.001
639.95	-0.002
640.14	-0.002
640.34	-0.002
640.53	-0.001
640.72	-0.001
640.91	-0.001
641.10	-0.001
641.30	-0.001
641.49	-0.000
641.68	-0.000
641.87	-0.000
642.06	0.000
642.25	-0.000
642.44	-0.001
642.64	-0.000
642.83	-0.000
643.02	-0.001
643.21	-0.001
643.40	-0.002
643.59	-0.002
643.79	-0.001
643.98	-0.001
644.17	-0.002
644.36	-0.002
644.55	-0.002
644.74	-0.003
644.93	-0.003
645.13	-0.002
645.32	-0.002
645.51	-0.003
645.70	-0.002
645.89	-0.002
646.08	-0.002
646.27	-0.002
646.46	-0.002
646.66	-0.001
646.85	-0.002
647.04	-0.001
647.23	-0.001
647.42	-0.000
647.61	-0.001
647.80	-0.000
647.99	0.000
648.19	-0.000
648.38	-0.001
648.57	-0.000
648.76	-0.000
648.95	-0.001
649.14	-0.000
649.33	-0.001
649.52	-0.001
649.71	-0.001
649.91	-0.000
650.10	-0.000
650.29	-0.000
650.48	-0.001
650.67	-0.000
650.86	-0.001
651.05	-0.000
651.24	-0.001
651.43	-0.000
651.62	-0.001
651.81	-0.001
652.01	-0.001
652.20	-0.001
652.39	-0.001
652.58	-0.002
652.77	-0.002
652.96	-0.002
653.15	-0.002
653.34	-0.002
653.53	-0.003
653.72	-0.002
653.91	-0.002
654.10	-0.002
654.29	-0.002
654.48	-0.002
654.68	-0.002
654.87	-0.001
655.06	-0.001
655.25	-0.001
655.44	-0.001
655.63	-0.001
655.82	-0.001
656.01	-0.001
656.20	-0.001
656.39	-0.001
656.58	-0.001
656.77	-0.001
656.96	-0.001
657.15	-0.001
657.34	-0.001
657.53	-0.002
657.72	-0.002
657.91	-0.002
658.10	-0.002
658.29	-0.002
658.48	-0.001
658.68	-0.002
658.87	-0.002
659.06	-0.002
659.25	-0.002
659.44	-0.002
659.63	-0.002
659.82	-0.002
660.01	-0.002
660.20	-0.002
660.39	-0.002
660.58	-0.002
660.77	-0.002
660.96	-0.002
661.15	-0.001
661.34	-0.001
661.53	-0.001
661.72	-0.001
661.91	-0.001
662.10	-0.000
662.29	-0.000
662.48	-0.000
662.67	-0.000
662.86	-0.001
663.05	-0.001
663.24	-0.001
663.43	-0.001
663.62	-0.001
663.81	-0.001
664.00	-0.001
664.19	-0.001
664.38	-0.001
664.57	-0.001
664.76	-0.001
664.95	-0.001
665.14	-0.001
665.33	-0.001
665.52	-0.001
665.71	-0.001
665.90	-0.001
666.09	-0.002
666.28	-0.001
666.46	-0.001
666.65	-0.002
666.84	-0.002
667.03	-0.001
667.22	-0.001
667.41	-0.001
667.60	-0.001
667.79	-0.001
667.98	-0.001
668.17	-0.001
668.36	-0.001
668.55	-0.001
668.74	-0.001
668.93	-0.001
669.12	-0.001
669.31	-0.001
669.50	-0.001
669.69	-0.001
669.88	-0.001
670.07	-0.001
670.26	-0.001
670.44	-0.001
670.63	-0.002
670.82	-0.001
671.01	-0.001
671.20	-0.001
671.39	-0.001
671.58	-0.001
671.77	-0.001
671.96	-0.000
672.15	-0.001
672.34	-0.000
672.53	0.000
672.72	-0.000
672.91	-0.001
673.09	-0.001
673.28	-0.001
673.47	-0.001
673.66	-0.001
673.85	-0.001
674.04	-0.001
674.23	-0.001
674.42	-0.001
674.61	-0.001
674.80	-0.001
674.98	-0.001
675.17	-0.000
675.36	-0.000
675.55	-0.000
675.74	-0.001
675.93	-0.001
676.12	0.000
676.31	0.000
676.50	0.000
676.69	-0.000
676.87	-0.000
677.06	-0.000
677.25	-0.001
677.44	-0.000
677.63	-0.001
677.82	-0.001
678.01	-0.001
678.20	-0.001
678.38	-0.001
678.57	-0.001
678.76	-0.001
678.95	-0.001
679.14	-0.001
679.33	-0.001
679.52	-0.001
679.71	-0.001
679.89	-0.002
680.08	-0.001
680.27	-0.001
680.46	-0.001
680.65	-0.001
680.84	-0.001
681.02	-0.001
681.21	-0.000
681.40	-0.000
681.59	-0.000
681.78	-0.000
681.97	-0.000
682.16	-0.000
682.34	-0.000
682.53	-0.001
682.72	-0.000
682.91	-0.001
683.10	-0.001
683.29	-0.001
683.47	-0.001
683.66	-0.001
683.85	-0.001
684.04	-0.001
684.23	-0.001
684.42	-0.001
684.60	-0.001
684.79	-0.002
684.98	-0.002
685.17	-0.002
685.36	-0.001
685.54	-0.001
685.73	-0.002
685.92	-0.002
686.11	-0.002
686.30	-0.002
686.49	-0.001
686.67	-0.001
686.86	-0.002
687.05	-0.002
687.24	-0.002
687.43	-0.002
687.61	-0.001
687.80	-0.002
687.99	-0.002
688.18	-0.002
688.36	-0.001
688.55	-0.001
688.74	-0.001
688.93	-0.001
689.12	-0.001
689.30	-0.001
689.49	-0.000
689.68	-0.000
689.87	-0.000
690.06	-0.000
690.24	-0.000
690.43	-0.000
690.62	-0.000
690.81	-0.000
690.99	-0.001
691.18	-0.000
691.37	-0.001
691.56	-0.001
691.74	-0.001
691.93	-0.001
692.12	-0.001
692.31	-0.001
692.50	-0.001
692.68	-0.001
692.87	-0.001
693.06	-0.002
693.25	-0.001
693.43	-0.001
693.62	-0.001
693.81	-0.001
694.00	-0.001
694.18	-0.001
694.37	-0.001
694.56	-0.001
694.74	-0.001
694.93	-0.001
695.12	-0.001
695.31	-0.001
695.49	-0.001
695.68	-0.001
695.87	-0.001
696.06	-0.001
696.24	-0.001
696.43	-0.001
696.62	-0.001
696.80	-0.001
696.99	-0.001
697.18	-0.000
697.37	-0.001
697.55	-0.001
697.74	-0.000
697.93	-0.001
698.12	-0.001
698.30	-0.001
698.49	-0.001
698.68	-0.001
698.86	-0.001
699.05	-0.001
699.24	-0.001
699.42	-0.001
699.61	-0.001
699.80	-0.001
699.99	-0.001
700.17	-0.001
700.36	-0.001
700.55	-0.001
700.73	-0.001
700.92	-0.001
701.11	-0.001
701.29	-0.001
701.48	-0.001
701.67	-0.001
701.85	-0.001
702.04	-0.001
702.23	-0.001
702.41	-0.001
702.60	-0.001
702.79	-0.002
702.97	-0.001
703.16	-0.001
703.35	-0.001
703.53	-0.001
703.72	-0.001
703.91	-0.001
704.09	-0.001
704.28	-0.001
704.47	-0.001
704.65	-0.001
704.84	-0.002
705.03	-0.001
705.21	-0.001
705.40	-0.001
705.59	-0.001
705.77	-0.001
705.96	-0.001
706.15	-0.001
706.33	-0.001
706.52	-0.001
706.71	-0.001
706.89	-0.001
707.08	-0.000
707.26	-0.001
707.45	-0.000
707.64	-0.000
707.82	0.000
708.01	-0.000
708.20	0.000
708.38	-0.000
708.57	-0.000
708.75	-0.001
708.94	-0.001
709.13	-0.001
709.31	-0.001
709.50	-0.001
709.69	-0.001
709.87	-0.001
710.06	-0.001
710.24	-0.001
710.43	-0.001
710.62	-0.001
710.80	-0.001
710.99	-0.001
711.17	-0.001
711.36	-0.001
711.55	-0.002
711.73	-0.001
711.92	-0.002
712.10	-0.001
712.29	-0.001
712.48	-0.001
712.66	-0.001
712.85	-0.001
713.03	-0.001
713.22	-0.001
713.40	-0.001
713.59	-0.001
713.78	-0.001
713.96	-0.001
714.15	-0.001
714.33	-0.001
714.52	-0.001
714.71	-0.000
714.89	-0.000
715.08	0.000
715.26	0.000
715.45	0.000
715.63	0.000
715.82	0.000
716.00	0.000
716.19	0.000
716.38	0.000
716.56	-0.000
716.75	-0.000
716.93	-0.000
717.12	-0.000
717.30	-0.001
717.49	-0.001
717.67	-0.001
717.86	-0.001
718.05	-0.001
718.23	-0.001
718.42	-0.001
718.60	-0.001
718.79	-0.001
718.97	-0.001
719.16	-0.001
719.34	-0.002
719.53	-0.002
719.71	-0.002
719.90	-0.002
720.08	-0.002
720.27	-0.002
720.45	-0.001
720.64	-0.001
720.83	-0.000
721.01	-0.000
721.20	-0.000
721.38	-0.000
721.57	-0.000
721.75	-0.001
721.94	-0.001
722.12	-0.001
722.31	-0.001
722.49	-0.001
722.68	-0.001
722.86	-0.001
723.05	-0.001
723.23	-0.001
723.42	-0.000
723.60	-0.000
723.79	-0.001
723.97	-0.001
724.16	-0.001
724.34	-0.000
724.53	-0.000
724.71	-0.001
724.90	-0.001
725.08	-0.001
725.27	-0.001
725.45	-0.001
725.64	-0.001
725.82	-0.001
726.00	-0.001
726.19	-0.001
726.37	-0.001
726.56	-0.001
726.74	-0.001
726.93	-0.001
727.11	-0.001
727.30	-0.001
727.48	-0.001
727.67	-0.002
727.85	-0.002
728.04	-0.002
728.22	-0.002
728.40	-0.002
728.59	-0.002
728.77	-0.002
728.96	-0.002
729.14	-0.002
729.33	-0.002
729.51	-0.001
729.70	-0.001
729.88	-0.001
730.07	-0.001
730.25	-0.001
730.43	-0.001
730.62	-0.001
730.80	-0.001
730.99	-0.000
731.17	-0.001
731.36	-0.001
731.54	-0.000
731.72	-0.000
731.91	-0.000
732.09	-0.000
732.28	-0.000
732.46	-0.000
732.65	0.000
732.83	-0.000
733.01	-0.000
733.20	-0.000
733.38	-0.000
733.57	-0.001
733.75	-0.000
733.93	-0.000
734.12	-0.000
734.30	-0.001
734.49	-0.000
734.67	-0.000
734.85	-0.000
735.04	-0.001
735.22	-0.000
735.41	-0.001
735.59	-0.001
735.77	-0.001
735.96	-0.001
736.14	-0.001
736.33	-0.001
736.51	-0.001
736.69	-0.001
736.88	-0.001
737.06	-0.001
737.25	-0.001
737.43	-0.000
737.61	-0.001
737.80	-0.001
737.98	-0.001
738.16	-0.001
738.35	-0.001
738.53	-0.002
738.71	-0.001
738.90	-0.001
739.08	-0.001
739.27	-0.001
739.45	-0.001
739.63	-0.001
739.82	-0.000
740.00	-0.001
740.18	-0.000
740.37	-0.000
740.55	-0.000
740.73	-0.000
740.92	-0.000
741.10	-0.000
741.28	-0.000
741.47	-0.001
741.65	-0.000
741.83	-0.000
742.02	-0.000
742.20	-0.001
742.38	-0.000
742.57	-0.000
742.75	-0.000
742.93	-0.000
743.12	-0.000
743.30	-0.001
743.48	-0.000
743.67	-0.001
743.85	-0.001
744.03	-0.001
744.22	-0.001
744.40	-0.002
744.58	-0.002
744.77	-0.001
744.95	-0.001
745.13	-0.002
745.32	-0.001
745.50	-0.001
745.68	-0.001
745.87	-0.001
746.05	-0.001
746.23	-0.000
746.41	-0.001
746.60	-0.001
746.78	-0.001
746.96	-0.001
747.15	-0.001
747.33	-0.001
747.51	-0.001
747.70	-0.001
747.88	-0.001
748.06	-0.001
748.24	-0.001
748.43	-0.001
748.61	-0.000
748.79	-0.001
748.97	-0.001
749.16	-0.001
749.34	-0.001
749.52	-0.001
749.71	-0.001
749.89	-0.000
750.07	-0.000
750.25	-0.000
750.44	-0.000
750.62	-0.000
750.80	-0.000
750.98	-0.001
751.17	-0.000
751.35	-0.001
751.53	-0.001
751.71	-0.001
751.90	-0.001
752.08	-0.001
752.26	-0.001
752.44	-0.001
752.63	-0.001
752.81	-0.001
752.99	-0.001
753.17	-0.001
753.36	-0.001
753.54	-0.000
753.72	-0.000
753.90	-0.000
754.09	0.000
754.27	-0.001
754.45	-0.001
754.63	-0.000
754.82	-0.001
755.00	-0.000
755.18	-0.001
755.36	-0.001
755.54	-0.002
755.73	-0.001
755.91	-0.001
756.09	-0.001
756.27	-0.001
756.45	-0.001
756.64	-0.001
756.82	-0.001
757.00	-0.000
757.18	-0.000
757.37	-0.001
757.55	-0.001
757.73	-0.000
757.91	0.000
758.09	0.000
758.27	-0.000
758.46	-0.000
758.64	-0.001
758.82	-0.000
759.00	-0.000
759.18	-0.000
759.37	-0.000
759.55	-0.000
759.73	-0.000
759.91	-0.000
760.09	-0.000
760.28	-0.000
760.46	-0.000
760.64	-0.000
760.82	-0.000
761.00	-0.000
761.18	-0.000
761.37	-0.000
761.55	-0.000
761.73	-0.000
761.91	-0.000
762.09	-0.000
762.27	-0.000
762.46	-0.001
762.64	-0.001
762.82	-0.001
763.00	-0.001
763.18	-0.001
763.36	-0.001
763.54	-0.001
763.73	-0.001
763.91	-0.001
764.09	-0.000
764.27	-0.001
764.45	-0.001
764.63	-0.001
764.81	-0.001
765.00	-0.001
765.18	-0.001
765.36	-0.001
765.54	-0.001
765.72	-0.001
765.90	-0.001
766.08	-0.001
766.27	-0.001
766.45	-0.001
766.63	-0.001
766.81	-0.001
766.99	-0.001
767.17	-0.001
767.35	-0.001
767.53	-0.001
767.71	-0.000
767.90	-0.000
768.08	0.000
768.26	0.000
768.44	0.000
768.62	-0.000
768.80	-0.000
768.98	-0.000
769.16	-0.000
769.34	-0.001
769.52	-0.001
769.71	-0.001
769.89	-0.000
770.07	-0.000
770.25	0.000
770.43	0.000
770.61	0.001
770.79	0.001
770.97	0.001
771.15	0.001
771.33	0.001
771.51	0.000
771.69	0.000
771.88	0.000
772.06	0.000
772.24	-0.000
772.42	-0.000
772.60	-0.000
772.78	-0.001
772.96	-0.001
773.14	-0.001
773.32	-0.001
773.50	-0.001
773.68	-0.001
773.86	-0.001
774.04	-0.001
774.22	-0.001
774.40	-0.001
774.58	-0.001
774.77	-0.000
774.95	-0.001
775.13	-0.001
775.31	-0.001
775.49	-0.000
775.67	-0.000
775.85	-0.000
776.03	-0.000
776.21	-0.000
776.39	-0.000
776.57	-0.000
776.75	-0.000
776.93	-0.000
777.11	-0.000
777.29	-0.000
777.47	-0.001
777.65	-0.000
777.83	-0.000
778.01	-0.001
778.19	-0.001
778.37	-0.001
778.55	-0.001
778.73	-0.002
778.91	-0.002
779.09	-0.002
779.27	-0.002
779.45	-0.002
779.63	-0.001
779.81	-0.001
779.99	-0.001
780.17	-0.000
780.35	-0.000
780.53	-0.000
780.71	-0.000
780.89	-0.000
781.07	-0.000
781.25	-0.000
781.43	-0.000
781.61	-0.000
781.79	-0.001
781.97	-0.001
782.15	-0.001
782.33	-0.001
782.51	-0.001
782.69	-0.000
782.87	-0.000
783.05	-0.000
783.23	-0.001
783.41	-0.001
783.59	-0.000
783.77	-0.000
783.95	-0.000
784.13	-0.000
784.31	-0.000
784.49	-0.000
784.67	-0.000
784.85	-0.000
785.03	0.000
785.21	-0.000
785.38	-0.000
785.56	-0.000
785.74	-0.001
785.92	-0.001
786.10	-0.001
786.28	-0.001
786.46	-0.000
786.64	-0.000
786.82	-0.000
787.00	-0.000
787.18	-0.000
787.36	0.001
787.54	0.001
787.72	0.000
787.90	0.001
788.08	0.000
788.25	-0.000
788.43	-0.000
788.61	0.000
788.79	0.000
788.97	-0.000
789.15	-0.000
789.33	0.000
789.51	-0.000
789.69	-0.000
789.87	-0.000
790.05	0.000
790.23	0.000
790.40	0.000
790.58	0.000
790.76	0.000
790.94	0.000
791.12	0.000
791.30	0.000
791.48	0.000
791.66	-0.000
791.84	0.000
792.02	0.000
792.19	0.000
792.37	-0.000
792.55	-0.000
792.73	0.000
792.91	-0.000
793.09	0.000
793.27	-0.000
793.45	-0.001
793.63	-0.001
793.80	-0.001
793.98	-0.002
794.16	-0.002
794.34	-0.001
794.52	-0.001
794.70	-0.002
794.88	-0.001
795.05	-0.001
795.23	-0.001
795.41	-0.001
795.59	-0.001
795.77	-0.001
795.95	-0.001
796.13	-0.001
796.30	-0.001
796.48	-0.001
796.66	-0.001
796.84	-0.001
797.02	-0.001
797.20	-0.000
797.38	-0.000
797.55	-0.000
797.73	-0.001
797.91	-0.001
798.09	-0.001
798.27	-0.001
798.45	-0.000
798.62	-0.001
798.80	-0.001
798.98	-0.001
799.16	-0.001
799.34	-0.000
799.52	-0.000
799.69	-0.000
799.87	-0.000
800.05	-0.000
800.23	-0.000
800.41	0.000
800.58	-0.000
800.76	-0.000
800.94	-0.001
801.12	-0.000
801.30	-0.001
801.47	-0.001
801.65	-0.001
801.83	-0.001
802.01	-0.001
802.19	-0.001
802.36	-0.001
802.54	-0.001
802.72	-0.001
802.90	-0.001
803.08	-0.001
803.25	-0.001
803.43	-0.001
803.61	-0.001
803.79	-0.001
803.97	-0.001
804.14	-0.001
804.32	-0.001
804.50	-0.001
804.68	-0.001
804.85	-0.001
805.03	-0.001
805.21	-0.001
805.39	-0.001
805.56	-0.001
805.74	-0.001
805.92	-0.001
806.10	-0.001
806.28	-0.000
806.45	-0.000
806.63	0.000
806.81	0.000
806.99	0.000
807.16	0.001
807.34	0.001
807.52	0.001
807.70	0.001
807.87	0.001
808.05	0.001
808.23	0.001
808.41	0.000
808.58	0.000
808.76	0.000
808.94	0.000
809.11	-0.000
809.29	0.000
809.47	0.000
809.65	0.001
809.82	0.000
810.00	0.000
810.18	0.001
810.36	0.001
810.53	0.001
810.71	0.001
810.89	0.001
811.06	0.001
811.24	0.000
811.42	0.000
811.60	0.000
811.77	0.000
811.95	-0.000
812.13	-0.000
812.30	0.000
812.48	-0.000
812.66	-0.000
812.83	-0.000
813.01	-0.000
813.19	-0.000
813.37	0.000
813.54	-0.000
813.72	-0.000
813.90	-0.000
814.07	-0.001
814.25	-0.000
814.43	-0.000
814.60	0.000
814.78	0.000
814.96	0.000
815.13	0.000
815.31	-0.000
815.49	-0.001
815.66	-0.001
815.84	-0.001
816.02	-0.001
816.19	-0.001
816.37	-0.001
816.55	-0.001
816.72	-0.001
816.90	-0.001
817.08	-0.001
817.25	-0.000
817.43	-0.000
817.61	-0.001
817.78	-0.001
817.96	-0.002
818.14	-0.002
818.31	-0.002
818.49	-0.002
818.67	-0.002
818.84	-0.002
819.02	-0.002
819.19	-0.002
819.37	-0.002
819.55	-0.001
819.72	-0.001
819.90	-0.002
820.08	-0.001
820.25	-0.001
820.43	-0.001
820.60	-0.001
820.78	-0.001
820.96	-0.001
821.13	-0.001
821.31	-0.001
821.49	-0.000
821.66	-0.000
821.84	-0.000
822.01	-0.000
822.19	-0.000
822.37	-0.001
822.54	-0.000
822.72	-0.001
822.89	-0.000
823.07	0.000
823.25	0.000
823.42	0.000
823.60	0.001
823.77	0.000
823.95	0.001
824.13	0.001
824.30	0.000
824.48	-0.000
824.65	-0.000
824.83	-0.000
825.01	-0.001
825.18	-0.001
825.36	-0.001
825.53	-0.001
825.71	-0.001
825.88	-0.001
826.06	0.000
826.24	-0.000
826.41	-0.000
826.59	0.000
826.76	0.000
826.94	0.001
827.11	0.001
827.29	0.000
827.47	0.000
827.64	-0.000
827.82	0.000
827.99	0.000
828.17	0.000
828.34	0.001
828.52	-0.000
828.69	0.001
828.87	0.001
829.04	0.001
829.22	0.001
829.40	0.000
829.57	0.000
829.75	-0.000
829.92	-0.000
830.10	-0.001
830.27	-0.001
830.45	-0.002
830.62	-0.002
830.80	-0.002
830.97	-0.002
831.15	-0.001
831.32	-0.001
831.50	-0.001
831.67	-0.001
831.85	-0.000
832.02	-0.001
832.20	-0.001
832.37	-0.001
832.55	-0.000
832.73	-0.001
832.90	0.000
833.08	0.000
833.25	-0.000
833.43	-0.000
833.60	-0.000
833.78	-0.000
833.95	-0.000
834.13	-0.000
834.30	0.000
834.48	-0.001
834.65	-0.001
834.82	-0.000
835.00	-0.001
835.17	-0.001
835.35	-0.001
835.52	-0.001
835.70	-0.002
835.87	-0.002
836.05	-0.002
836.22	-0.002
836.40	-0.001
836.57	-0.001
836.75	-0.001
836.92	-0.000
837.10	0.000
837.27	0.001
837.45	0.001
837.62	0.001
837.80	0.000
837.97	0.000
838.14	0.001
838.32	0.000
838.49	-0.000
838.67	-0.000
838.84	-0.000
839.02	0.001
839.19	0.000
839.37	0.000
839.54	0.001
839.71	-0.000
839.89	0.000
840.06	0.000
840.24	0.000
840.41	-0.000
840.59	-0.001
840.76	-0.001
840.94	-0.001
841.11	-0.001
841.28	-0.001
841.46	-0.002
841.63	-0.002
841.81	-0.001
841.98	-0.001
842.15	-0.001
842.33	-0.000
842.50	0.000
842.68	0.001
842.85	0.001
843.03	0.002
843.20	0.001
843.37	0.001
843.55	0.001
843.72	0.001
843.90	0.000
844.07	-0.000
844.24	-0.001
844.42	-0.001
844.59	-0.001
844.77	-0.001
844.94	-0.001
845.11	-0.001
845.29	-0.000
845.46	-0.000
845.63	-0.000
845.81	-0.000
845.98	-0.000
846.16	-0.000
846.33	-0.001
846.50	-0.001
846.68	-0.001
846.85	-0.002
847.02	-0.002
847.20	-0.001
847.37	-0.001
847.55	-0.002
847.72	-0.002
847.89	-0.002
848.07	-0.001
848.24	-0.001
848.41	-0.001
848.59	-0.001
848.76	-0.002
848.93	-0.001
849.11	-0.001
849.28	-0.000
849.45	-0.000
849.63	-0.000
849.80	0.000
849.97	-0.000
850.15	0.000
850.32	0.000
850.49	-0.000
850.67	-0.000
850.84	-0.000
851.01	-0.001
851.19	-0.001
851.36	-0.001
851.53	-0.000
851.71	-0.001
851.88	-0.001
852.05	-0.000
852.23	-0.000
852.40	0.000
852.57	0.000
852.75	0.000
852.92	0.000
853.09	-0.000
853.27	0.001
853.44	0.000
853.61	0.000
853.79	0.000
853.96	0.000
854.13	-0.000
854.30	-0.000
854.48	0.000
854.65	-0.000
854.82	-0.000
855.00	0.000
855.17	-0.000
855.34	-0.000
855.51	-0.000
855.69	-0.000
855.86	0.000
856.03	0.000
856.21	0.000
856.38	0.000
856.55	0.000
856.72	0.000
856.90	0.001
857.07	0.001
857.24	0.001
857.42	0.001
857.59	0.001
857.76	0.001
857.93	0.001
858.11	0.001
858.28	0.002
858.45	0.001
858.62	0.002
858.80	0.002
858.97	0.002
859.14	0.002
859.31	0.003
859.49	0.003
859.66	0.002
859.83	0.003
860.00	0.003
860.18	0.002
860.35	0.002
860.52	0.002
860.69	0.002
860.86	0.001
861.04	0.001
861.21	0.002
861.38	0.002
861.55	0.002
861.73	0.002
861.90	0.002
862.07	0.003
862.24	0.002
862.42	0.003
862.59	0.004
862.76	0.003
862.93	0.003
863.10	0.002
863.28	0.002
863.45	0.002
863.62	0.001
863.79	0.001
863.96	0.000
864.14	-0.000
864.31	0.001
864.48	0.000
864.65	0.001
864.82	0.001
865.00	0.002
865.17	0.002
865.34	0.002
865.51	0.003
865.68	0.003
865.86	0.002
866.03	0.002
866.20	0.002
866.37	0.002
866.54	0.002
866.71	0.003
866.89	0.002
867.06	0.002
867.23	0.002
867.40	0.002
867.57	0.002
867.74	0.002
867.92	0.003
868.09	0.002
868.26	0.002
868.43	0.002
868.60	0.003
868.77	0.003
868.95	0.003
869.12	0.004
869.29	0.004
869.46	0.004
869.63	0.005
869.80	0.005
869.97	0.005
870.15	0.005
870.32	0.005
870.49	0.005
870.66	0.005
870.83	0.004
871.00	0.004
871.17	0.004
871.34	0.004
871.52	0.003
871.69	0.003
871.86	0.003
872.03	0.003
872.20	0.003
872.37	0.003
872.54	0.003
872.71	0.003
872.89	0.004
873.06	0.004
873.23	0.005
873.40	0.005
873.57	0.004
873.74	0.004
873.91	0.004
874.08	0.004
874.25	0.004
874.42	0.004
874.60	0.004
874.77	0.003
874.94	0.002
875.11	0.003
875.28	0.003
875.45	0.003
875.62	0.003
875.79	0.003
875.96	0.004
876.13	0.005
876.30	0.005
876.47	0.005
876.65	0.005
876.82	0.006
876.99	0.005
877.16	0.005
877.33	0.004
877.50	0.004
877.67	0.003
877.84	0.003
878.01	0.002
878.18	0.002
878.35	0.002
878.52	0.002
878.69	0.003
878.86	0.004
879.03	0.004
879.20	0.005
879.38	0.005
879.55	0.006
879.72	0.006
879.89	0.006
880.06	0.006
880.23	0.007
880.40	0.007
880.57	0.007
880.74	0.007
880.91	0.007
881.08	0.007
881.25	0.007
881.42	0.007
881.59	0.007
881.76	0.006
881.93	0.006
882.10	0.005
882.27	0.005
882.44	0.005
882.61	0.005
882.78	0.004
882.95	0.004
883.12	0.004
883.29	0.004
883.46	0.005
883.63	0.005
883.80	0.005
883.97	0.006
884.14	0.006
884.31	0.007
884.48	0.007
884.65	0.008
884.82	0.008
884.99	0.007
885.16	0.007
885.33	0.006
885.50	0.005
885.67	0.004
885.84	0.004
886.01	0.003
886.18	0.003
886.35	0.003
886.52	0.003
886.69	0.003
886.86	0.004
887.03	0.004
887.20	0.005
887.37	0.005
887.54	0.005
887.71	0.004
887.88	0.004
888.05	0.005
888.22	0.005
888.39	0.004
888.55	0.005
888.72	0.005
888.89	0.005
889.06	0.006
889.23	0.006
889.40	0.007
889.57	0.006
889.74	0.007
889.91	0.007
890.08	0.007
890.25	0.006
890.42	0.006
890.59	0.006
890.76	0.006
890.93	0.005
891.10	0.005
891.26	0.005
891.43	0.005
891.60	0.006
891.77	0.006
891.94	0.005
892.11	0.006
892.28	0.006
892.45	0.007
892.62	0.008
892.79	0.008
892.96	0.007
893.13	0.006
893.29	0.005
893.46	0.004
893.63	0.004
893.80	0.003
893.97	0.002
894.14	0.001
894.31	0.001
894.48	0.004
894.65	-0.002
894.81	-0.003
894.98	0.012
