177.34	-0.000
177.56	-0.000
177.78	-0.000
178.00	-0.268
178.22	-0.243
178.44	-0.518
178.66	-0.656
178.89	-0.193
179.11	-0.055
179.33	0.667
179.55	-0.000
179.77	-0.000
179.99	-0.000
180.21	-0.000
180.43	1.247
180.65	0.970
180.87	0.496
181.09	0.325
181.31	0.310
181.53	0.255
181.75	0.249
181.97	0.219
182.19	0.221
182.41	0.244
182.63	0.225
182.85	0.264
183.07	0.244
183.30	0.212
183.52	0.233
183.74	0.255
183.96	0.250
184.18	0.246
184.40	0.252
184.62	0.268
184.84	0.248
185.06	0.268
185.28	0.296
185.50	0.280
185.72	0.295
185.94	0.318
186.16	0.310
186.38	0.314
186.60	0.329
186.82	0.361
187.04	0.362
187.26	0.383
187.48	0.430
187.70	0.445
187.92	0.464
188.14	0.515
188.36	0.561
188.58	0.611
188.80	0.622
189.02	0.684
189.24	0.734
189.46	0.736
189.68	0.816
189.90	0.836
190.12	0.849
190.34	0.887
190.56	0.866
190.78	0.905
191.00	0.922
191.22	0.952
191.44	1.013
191.66	0.962
191.88	0.976
192.10	1.005
192.32	0.989
192.54	1.016
192.76	1.036
192.98	1.046
193.20	1.044
193.42	1.031
193.64	1.037
193.86	1.079
194.08	1.114
194.30	1.116
194.52	1.137
194.74	1.153
194.96	1.125
195.18	1.112
195.40	1.105
195.62	1.125
195.84	1.119
196.06	1.128
196.28	1.172
196.50	1.184
196.72	1.204
196.94	1.259
197.16	1.295
197.38	1.326
197.60	1.374
197.82	1.357
198.04	1.372
198.26	1.362
198.48	1.357
198.70	1.337
198.92	1.294
199.13	1.315
199.35	1.341
199.57	1.321
199.79	1.326
200.01	1.284
200.23	1.284
200.45	1.271
200.67	1.285
200.89	1.325
201.11	1.328
201.33	1.325
201.55	1.341
201.77	1.355
201.99	1.391
202.21	1.398
202.43	1.407
202.65	1.386
202.87	1.395
203.09	1.386
203.31	1.388
203.52	1.394
203.74	1.402
203.96	1.376
204.18	1.389
204.40	1.414
204.62	1.434
204.84	1.436
205.06	1.452
205.28	1.495
205.50	1.478
205.72	1.501
205.94	1.514
206.16	1.517
206.38	1.480
206.59	1.491
206.81	1.499
207.03	1.485
207.25	1.470
207.47	1.516
207.69	1.489
207.91	1.508
208.13	1.539
208.35	1.582
208.57	1.585
208.79	1.583
209.01	1.609
209.22	1.621
209.44	1.591
209.66	1.626
209.88	1.658
210.10	1.633
210.32	1.642
210.54	1.684
210.76	1.673
210.98	1.664
211.20	1.681
211.42	1.707
211.63	1.719
211.85	1.672
212.07	1.665
212.29	1.664
212.51	1.654
212.73	1.679
212.95	1.692
213.17	1.690
213.39	1.689
213.60	1.662
213.82	1.676
214.04	1.674
214.26	1.674
214.48	1.648
214.70	1.623
214.92	1.612
215.14	1.599
215.35	1.584
215.57	1.596
215.79	1.584
216.01	1.585
216.23	1.580
216.45	1.578
216.67	1.579
216.89	1.580
217.10	1.570
217.32	1.555
217.54	1.538
217.76	1.534
217.98	1.527
218.20	1.526
218.42	1.504
218.64	1.500
218.85	1.486
219.07	1.470
219.29	1.457
219.51	1.440
219.73	1.424
219.95	1.403
220.17	1.373
220.38	1.356
220.60	1.326
220.82	1.301
221.04	1.282
221.26	1.259
221.48	1.240
221.69	1.219
221.91	1.198
222.13	1.182
222.35	1.161
222.57	1.143
222.79	1.123
223.00	1.100
223.22	1.079
223.44	1.057
223.66	1.038
223.88	1.014
224.10	0.992
224.32	0.972
224.53	0.951
224.75	0.930
224.97	0.914
225.19	0.895
225.41	0.874
225.62	0.856
225.84	0.838
226.06	0.820
226.28	0.801
226.50	0.783
226.72	0.766
226.93	0.747
227.15	0.730
227.37	0.715
227.59	0.700
227.81	0.684
228.02	0.670
228.24	0.656
228.46	0.642
228.68	0.627
228.90	0.614
229.12	0.600
229.33	0.586
229.55	0.573
229.77	0.561
229.99	0.548
230.21	0.537
230.42	0.526
230.64	0.515
230.86	0.505
231.08	0.496
231.30	0.486
231.51	0.476
231.73	0.467
231.95	0.458
232.17	0.448
232.38	0.440
232.60	0.431
232.82	0.422
233.04	0.414
233.26	0.407
233.47	0.399
233.69	0.392
233.91	0.385
234.13	0.378
234.35	0.372
234.56	0.366
234.78	0.360
235.00	0.354
235.22	0.347
235.43	0.342
235.65	0.337
235.87	0.332
236.09	0.328
236.30	0.323
236.52	0.318
236.74	0.313
236.96	0.308
237.18	0.305
237.39	0.301
237.61	0.297
237.83	0.292
238.05	0.289
238.26	0.286
238.48	0.283
238.70	0.280
238.92	0.278
239.13	0.275
239.35	0.272
239.57	0.271
239.79	0.269
240.00	0.266
240.22	0.264
240.44	0.262
240.66	0.260
240.87	0.258
241.09	0.257
241.31	0.255
241.53	0.253
241.74	0.251
241.96	0.251
242.18	0.249
242.40	0.247
242.61	0.245
242.83	0.244
243.05	0.242
243.27	0.241
243.48	0.240
243.70	0.239
243.92	0.237
244.13	0.237
244.35	0.235
244.57	0.234
244.79	0.233
245.00	0.233
245.22	0.232
245.44	0.231
245.65	0.230
245.87	0.229
246.09	0.228
246.31	0.228
246.52	0.226
246.74	0.225
246.96	0.224
247.18	0.223
247.39	0.223
247.61	0.222
247.83	0.222
248.04	0.222
248.26	0.221
248.48	0.221
248.69	0.221
248.91	0.220
249.13	0.220
249.35	0.219
249.56	0.219
249.78	0.218
250.00	0.218
250.21	0.218
250.43	0.217
250.65	0.217
250.86	0.216
251.08	0.216
251.30	0.216
251.51	0.216
251.73	0.216
251.95	0.216
252.17	0.215
252.38	0.215
252.60	0.215
252.82	0.214
253.03	0.214
253.25	0.214
253.47	0.213
253.68	0.212
253.90	0.212
254.12	0.212
254.33	0.211
254.55	0.211
254.77	0.210
254.98	0.210
255.20	0.210
255.42	0.210
255.63	0.210
255.85	0.209
256.07	0.210
256.28	0.210
256.50	0.210
256.72	0.209
256.93	0.209
257.15	0.209
257.37	0.209
257.58	0.208
257.80	0.208
258.02	0.207
258.23	0.206
258.45	0.206
258.67	0.205
258.88	0.205
259.10	0.205
259.32	0.205
259.53	0.205
259.75	0.204
259.96	0.205
260.18	0.205
260.40	0.205
260.61	0.205
260.83	0.205
261.05	0.205
261.26	0.204
261.48	0.205
261.70	0.205
261.91	0.205
262.13	0.205
262.34	0.204
262.56	0.204
262.78	0.205
262.99	0.204
263.21	0.204
263.43	0.204
263.64	0.203
263.86	0.203
264.07	0.203
264.29	0.203
264.51	0.203
264.72	0.202
264.94	0.203
265.16	0.202
265.37	0.202
265.59	0.202
265.80	0.201
266.02	0.201
266.24	0.201
266.45	0.201
266.67	0.200
266.88	0.200
267.10	0.200
267.32	0.201
267.53	0.200
267.75	0.201
267.96	0.201
268.18	0.200
268.40	0.200
268.61	0.201
268.83	0.200
269.04	0.200
269.26	0.200
269.48	0.200
269.69	0.200
269.91	0.200
270.12	0.200
270.34	0.201
270.56	0.200
270.77	0.200
270.99	0.200
271.20	0.200
271.42	0.200
271.64	0.199
271.85	0.198
272.07	0.198
272.28	0.198
272.50	0.198
272.71	0.198
272.93	0.197
273.15	0.198
273.36	0.197
273.58	0.197
273.79	0.197
274.01	0.197
274.22	0.198
274.44	0.198
274.66	0.198
274.87	0.197
275.09	0.197
275.30	0.197
275.52	0.196
275.73	0.197
275.95	0.197
276.16	0.197
276.38	0.197
276.60	0.197
276.81	0.197
277.03	0.197
277.24	0.197
277.46	0.196
277.67	0.196
277.89	0.195
278.10	0.195
278.32	0.195
278.53	0.194
278.75	0.194
278.97	0.194
279.18	0.193
279.40	0.194
279.61	0.194
279.83	0.194
280.04	0.194
280.26	0.193
280.47	0.194
280.69	0.193
280.90	0.193
281.12	0.193
281.33	0.193
281.55	0.192
281.76	0.193
281.98	0.193
282.20	0.193
282.41	0.193
282.63	0.193
282.84	0.193
283.06	0.193
283.27	0.192
283.49	0.191
283.70	0.191
283.92	0.191
284.13	0.190
284.35	0.190
284.56	0.190
284.78	0.190
284.99	0.190
285.21	0.190
285.42	0.190
285.64	0.189
285.85	0.189
286.07	0.189
286.28	0.189
286.50	0.189
286.71	0.188
286.93	0.188
287.14	0.188
287.36	0.188
287.57	0.187
287.79	0.187
288.00	0.187
288.22	0.187
288.43	0.186
288.65	0.186
288.86	0.186
289.08	0.186
289.29	0.186
289.51	0.186
289.72	0.185
289.94	0.185
290.15	0.185
290.37	0.185
290.58	0.184
290.80	0.184
291.01	0.184
291.22	0.184
291.44	0.183
291.65	0.183
291.87	0.183
292.08	0.183
292.30	0.183
292.51	0.183
292.73	0.183
292.94	0.182
293.16	0.182
293.37	0.182
293.59	0.182
293.80	0.181
294.02	0.181
294.23	0.181
294.44	0.181
294.66	0.180
294.87	0.180
295.09	0.179
295.30	0.179
295.52	0.179
295.73	0.179
295.95	0.179
296.16	0.179
296.37	0.179
296.59	0.178
296.80	0.178
297.02	0.178
297.23	0.178
297.45	0.177
297.66	0.177
297.88	0.177
298.09	0.176
298.30	0.177
298.52	0.177
298.73	0.176
298.95	0.176
299.16	0.177
299.38	0.176
299.59	0.176
299.80	0.175
300.02	0.175
300.23	0.174
300.45	0.174
300.66	0.173
300.88	0.173
301.09	0.172
301.30	0.171
301.52	0.171
301.73	0.171
301.95	0.171
302.16	0.171
302.37	0.171
302.59	0.171
302.80	0.171
303.02	0.171
303.23	0.171
303.45	0.171
303.66	0.171
303.87	0.170
304.09	0.170
304.30	0.169
304.52	0.169
304.73	0.169
304.94	0.169
305.16	0.169
305.37	0.168
305.59	0.167
305.80	0.167
306.01	0.167
306.23	0.167
306.44	0.167
306.65	0.167
306.87	0.166
307.08	0.165
307.30	0.165
307.51	0.165
307.72	0.164
307.94	0.164
308.15	0.164
308.37	0.163
308.58	0.162
308.79	0.162
309.01	0.162
309.22	0.162
309.43	0.161
309.65	0.161
309.86	0.161
310.07	0.160
310.29	0.160
310.50	0.159
310.72	0.159
310.93	0.158
311.14	0.158
311.36	0.158
311.57	0.159
311.78	0.158
312.00	0.158
312.21	0.158
312.42	0.159
312.64	0.160
312.85	0.160
313.07	0.159
313.28	0.160
313.49	0.160
313.71	0.160
313.92	0.160
314.13	0.160
314.35	0.159
314.56	0.158
314.77	0.158
314.99	0.157
315.20	0.157
315.41	0.156
315.63	0.156
315.84	0.156
316.05	0.156
316.27	0.157
316.48	0.157
316.69	0.157
316.91	0.157
317.12	0.156
317.33	0.157
317.55	0.156
317.76	0.156
317.97	0.155
318.19	0.154
318.40	0.154
318.61	0.153
318.83	0.154
319.04	0.154
319.25	0.153
319.47	0.153
319.68	0.153
319.89	0.153
320.10	0.154
320.32	0.153
320.53	0.153
320.74	0.154
320.96	0.154
321.17	0.153
321.38	0.153
321.60	0.153
321.81	0.152
322.02	0.152
322.24	0.152
322.45	0.151
322.66	0.150
322.87	0.150
323.09	0.150
323.30	0.150
323.51	0.150
323.73	0.150
323.94	0.150
324.15	0.150
324.36	0.150
324.58	0.150
324.79	0.150
325.00	0.150
325.22	0.150
325.43	0.150
325.64	0.149
325.85	0.150
326.07	0.150
326.28	0.149
326.49	0.149
326.71	0.148
326.92	0.148
327.13	0.148
327.34	0.147
327.56	0.148
327.77	0.147
327.98	0.147
328.19	0.147
328.41	0.147
328.62	0.147
328.83	0.147
329.04	0.147
329.26	0.148
329.47	0.147
329.68	0.147
329.90	0.148
330.11	0.147
330.32	0.147
330.53	0.147
330.75	0.146
330.96	0.146
331.17	0.146
331.38	0.146
331.60	0.146
331.81	0.146
332.02	0.146
332.23	0.146
332.44	0.146
332.66	0.146
332.87	0.146
333.08	0.145
333.29	0.145
333.51	0.144
333.72	0.144
333.93	0.143
334.14	0.143
334.36	0.143
334.57	0.143
334.78	0.144
334.99	0.144
335.21	0.144
335.42	0.144
335.63	0.144
335.84	0.144
336.05	0.143
336.27	0.143
336.48	0.143
336.69	0.143
336.90	0.142
337.11	0.142
337.33	0.142
337.54	0.141
337.75	0.142
337.96	0.142
338.18	0.141
338.39	0.141
338.60	0.141
338.81	0.141
339.02	0.141
339.24	0.141
339.45	0.141
339.66	0.140
339.87	0.140
340.08	0.140
340.30	0.139
340.51	0.140
340.72	0.140
340.93	0.140
341.14	0.139
341.36	0.140
341.57	0.140
341.78	0.140
341.99	0.140
342.20	0.140
342.41	0.140
342.63	0.139
342.84	0.139
343.05	0.139
343.26	0.138
343.47	0.138
343.69	0.137
343.90	0.137
344.11	0.137
344.32	0.137
344.53	0.136
344.74	0.136
344.96	0.136
345.17	0.136
345.38	0.137
345.59	0.137
345.80	0.136
346.01	0.136
346.23	0.136
346.44	0.136
346.65	0.136
346.86	0.135
347.07	0.135
347.28	0.134
347.50	0.133
347.71	0.133
347.92	0.133
348.13	0.133
348.34	0.133
348.55	0.133
348.76	0.134
348.98	0.134
349.19	0.134
349.40	0.134
349.61	0.133
349.82	0.133
350.03	0.133
350.24	0.133
350.46	0.132
350.67	0.132
350.88	0.132
351.09	0.131
351.30	0.131
351.51	0.131
351.72	0.131
351.93	0.130
352.15	0.130
352.36	0.130
352.57	0.129
352.78	0.130
352.99	0.130
353.20	0.130
353.41	0.129
353.62	0.129
353.84	0.129
354.05	0.129
354.26	0.129
354.47	0.128
354.68	0.129
354.89	0.128
355.10	0.128
355.31	0.128
355.52	0.128
355.74	0.127
355.95	0.128
356.16	0.128
356.37	0.128
356.58	0.128
356.79	0.128
357.00	0.127
357.21	0.127
357.42	0.127
357.63	0.127
357.85	0.126
358.06	0.126
358.27	0.125
358.48	0.125
358.69	0.124
358.90	0.125
359.11	0.124
359.32	0.125
359.53	0.124
359.74	0.124
359.95	0.123
360.17	0.123
360.38	0.123
360.59	0.124
360.80	0.123
361.01	0.122
361.22	0.121
361.43	0.122
361.64	0.121
361.85	0.122
362.06	0.121
362.27	0.121
362.48	0.120
362.69	0.121
362.90	0.120
363.12	0.120
363.33	0.120
363.54	0.120
363.75	0.120
363.96	0.120
364.17	0.120
364.38	0.119
364.59	0.120
364.80	0.120
365.01	0.119
365.22	0.119
365.43	0.120
365.64	0.120
365.85	0.119
366.06	0.118
366.27	0.118
366.48	0.118
366.69	0.118
366.90	0.118
367.11	0.117
367.32	0.117
367.54	0.117
367.75	0.117
367.96	0.117
368.17	0.117
368.38	0.117
368.59	0.116
368.80	0.117
369.01	0.117
369.22	0.117
369.43	0.116
369.64	0.116
369.85	0.115
370.06	0.116
370.27	0.116
370.48	0.116
370.69	0.115
370.90	0.115
371.11	0.115
371.32	0.114
371.53	0.114
371.74	0.114
371.95	0.114
372.16	0.114
372.37	0.113
372.58	0.113
372.79	0.113
373.00	0.113
373.21	0.114
373.42	0.114
373.63	0.114
373.84	0.114
374.05	0.114
374.26	0.114
374.47	0.115
374.68	0.114
374.89	0.114
375.10	0.114
375.31	0.113
375.52	0.112
375.73	0.112
375.94	0.112
376.15	0.113
376.36	0.112
376.57	0.111
376.78	0.111
376.99	0.111
377.20	0.111
377.41	0.111
377.62	0.112
377.83	0.112
378.04	0.111
378.25	0.111
378.46	0.111
378.67	0.111
378.88	0.111
379.09	0.111
379.30	0.111
379.51	0.110
379.72	0.110
379.92	0.110
380.13	0.110
380.34	0.110
380.55	0.110
380.76	0.109
380.97	0.109
381.18	0.109
381.39	0.109
381.60	0.109
381.81	0.109
382.02	0.109
382.23	0.109
382.44	0.108
382.65	0.108
382.86	0.108
383.07	0.108
383.28	0.108
383.49	0.107
383.70	0.107
383.91	0.106
384.11	0.106
384.32	0.106
384.53	0.106
384.74	0.106
384.95	0.106
385.16	0.106
385.37	0.106
385.58	0.105
385.79	0.106
386.00	0.106
386.21	0.105
386.42	0.105
386.63	0.105
386.84	0.105
387.04	0.105
387.25	0.105
387.46	0.105
387.67	0.105
387.88	0.105
388.09	0.105
388.30	0.105
388.51	0.105
388.72	0.106
388.93	0.106
389.14	0.106
389.34	0.105
389.55	0.105
389.76	0.105
389.97	0.105
390.18	0.104
390.39	0.104
390.60	0.104
390.81	0.103
391.02	0.103
391.23	0.102
391.43	0.103
391.64	0.103
391.85	0.103
392.06	0.103
392.27	0.102
392.48	0.103
392.69	0.102
392.90	0.102
393.11	0.103
393.31	0.102
393.52	0.102
393.73	0.102
393.94	0.101
394.15	0.102
394.36	0.101
394.57	0.102
394.78	0.102
394.98	0.102
395.19	0.102
395.40	0.101
395.61	0.102
395.82	0.101
396.03	0.101
396.24	0.101
396.44	0.102
396.65	0.102
396.86	0.101
397.07	0.102
397.28	0.102
397.49	0.102
397.70	0.102
397.90	0.102
398.11	0.101
398.32	0.101
398.53	0.101
398.74	0.101
398.95	0.101
399.16	0.102
399.36	0.102
399.57	0.102
399.78	0.102
399.99	0.102
400.20	0.101
400.41	0.101
400.61	0.101
400.82	0.101
401.03	0.100
401.24	0.100
401.45	0.100
401.66	0.099
401.86	0.099
402.07	0.099
402.28	0.099
402.49	0.099
402.70	0.098
402.91	0.098
403.11	0.099
403.32	0.099
403.53	0.099
403.74	0.099
403.95	0.099
404.15	0.100
404.36	0.099
404.57	0.099
404.78	0.099
404.99	0.099
405.20	0.098
405.40	0.098
405.61	0.098
405.82	0.098
406.03	0.098
406.24	0.098
406.44	0.098
406.65	0.098
406.86	0.098
407.07	0.098
407.28	0.098
407.48	0.098
407.69	0.098
407.90	0.098
408.11	0.098
408.32	0.098
408.52	0.098
408.73	0.099
408.94	0.099
409.15	0.099
409.35	0.099
409.56	0.099
409.77	0.099
409.98	0.099
410.19	0.098
410.39	0.098
410.60	0.097
410.81	0.097
411.02	0.097
411.22	0.097
411.43	0.097
411.64	0.097
411.85	0.097
412.05	0.097
412.26	0.097
412.47	0.097
412.68	0.096
412.89	0.096
413.09	0.096
413.30	0.096
413.51	0.096
413.72	0.096
413.92	0.095
414.13	0.095
414.34	0.096
414.55	0.096
414.75	0.096
414.96	0.095
415.17	0.096
415.38	0.096
415.58	0.096
415.79	0.096
416.00	0.097
416.21	0.097
416.41	0.097
416.62	0.097
416.83	0.097
417.03	0.096
417.24	0.096
417.45	0.095
417.66	0.096
417.86	0.096
418.07	0.096
418.28	0.095
418.49	0.095
418.69	0.095
418.90	0.095
419.11	0.095
419.31	0.095
419.52	0.095
419.73	0.095
419.94	0.095
420.14	0.095
420.35	0.095
420.56	0.096
420.76	0.096
420.97	0.096
421.18	0.095
421.39	0.096
421.59	0.095
421.80	0.095
422.01	0.095
422.21	0.095
422.42	0.094
422.63	0.093
422.84	0.094
423.04	0.094
423.25	0.094
423.46	0.093
423.66	0.093
423.87	0.094
424.08	0.094
424.28	0.094
424.49	0.095
424.70	0.095
424.90	0.095
425.11	0.095
425.32	0.095
425.52	0.096
425.73	0.095
425.94	0.095
426.15	0.095
426.35	0.095
426.56	0.095
426.77	0.095
426.97	0.095
427.18	0.095
427.39	0.095
427.59	0.095
427.80	0.094
428.01	0.094
428.21	0.093
428.42	0.093
428.63	0.092
428.83	0.092
429.04	0.093
429.25	0.092
429.45	0.092
429.66	0.092
429.87	0.091
430.07	0.092
430.28	0.092
430.48	0.092
430.69	0.092
430.90	0.092
431.10	0.092
431.31	0.092
431.52	0.092
431.72	0.093
431.93	0.093
432.14	0.092
432.34	0.092
432.55	0.091
432.76	0.092
432.96	0.092
433.17	0.092
433.37	0.092
433.58	0.092
433.79	0.092
433.99	0.092
434.20	0.092
434.41	0.093
434.61	0.092
434.82	0.092
435.02	0.092
435.23	0.092
435.44	0.092
435.64	0.092
435.85	0.092
436.06	0.092
436.26	0.092
436.47	0.092
436.67	0.091
436.88	0.091
437.09	0.091
437.29	0.090
437.50	0.090
437.70	0.089
437.91	0.089
438.12	0.088
438.32	0.088
438.53	0.089
438.73	0.089
438.94	0.088
439.15	0.089
439.35	0.089
439.56	0.089
439.76	0.089
439.97	0.089
440.18	0.090
440.38	0.090
440.59	0.090
440.79	0.090
441.00	0.091
441.20	0.091
441.41	0.092
441.62	0.092
441.82	0.093
442.03	0.092
442.23	0.092
442.44	0.093
442.65	0.092
442.85	0.091
443.06	0.091
443.26	0.091
443.47	0.091
443.67	0.091
443.88	0.090
444.09	0.090
444.29	0.089
444.50	0.090
444.70	0.090
444.91	0.090
445.11	0.090
445.32	0.089
445.52	0.089
445.73	0.090
445.94	0.090
446.14	0.091
446.35	0.091
446.55	0.091
446.76	0.091
446.96	0.092
447.17	0.092
447.37	0.092
447.58	0.091
447.78	0.092
447.99	0.091
448.20	0.090
448.40	0.091
448.61	0.091
448.81	0.090
449.02	0.090
449.22	0.090
449.43	0.090
449.63	0.089
449.84	0.089
450.04	0.090
450.25	0.089
450.45	0.089
450.66	0.089
450.86	0.088
451.07	0.088
451.27	0.088
451.48	0.089
451.68	0.089
451.89	0.088
452.09	0.088
452.30	0.087
452.50	0.087
452.71	0.087
452.91	0.087
453.12	0.088
453.33	0.088
453.53	0.087
453.74	0.087
453.94	0.087
454.15	0.089
454.35	0.088
454.56	0.088
454.76	0.088
454.96	0.087
455.17	0.086
455.37	0.087
455.58	0.087
455.78	0.087
455.99	0.087
456.19	0.087
456.40	0.087
456.60	0.087
456.81	0.088
457.01	0.089
457.22	0.089
457.42	0.088
457.63	0.088
457.83	0.089
458.04	0.089
458.24	0.089
458.45	0.089
458.65	0.089
458.86	0.089
459.06	0.089
459.27	0.089
459.47	0.089
459.67	0.089
459.88	0.089
460.08	0.089
460.29	0.088
460.49	0.088
460.70	0.088
460.90	0.087
461.11	0.087
461.31	0.086
461.52	0.086
461.72	0.086
461.92	0.086
462.13	0.086
462.33	0.085
462.54	0.084
462.74	0.084
462.95	0.085
463.15	0.085
463.36	0.085
463.56	0.084
463.76	0.084
463.97	0.084
464.17	0.085
464.38	0.086
464.58	0.086
464.79	0.086
464.99	0.086
465.19	0.087
465.40	0.087
465.60	0.087
465.81	0.087
466.01	0.086
466.22	0.086
466.42	0.086
466.62	0.086
466.83	0.086
467.03	0.085
467.24	0.086
467.44	0.086
467.65	0.086
467.85	0.086
468.05	0.086
468.26	0.086
468.46	0.086
468.67	0.086
468.87	0.086
469.07	0.086
469.28	0.086
469.48	0.086
469.69	0.086
469.89	0.086
470.09	0.086
470.30	0.087
470.50	0.087
470.71	0.086
470.91	0.085
471.11	0.085
471.32	0.085
471.52	0.085
471.72	0.084
471.93	0.085
472.13	0.084
472.34	0.084
472.54	0.085
472.74	0.085
472.95	0.085
473.15	0.084
473.35	0.084
473.56	0.084
473.76	0.084
473.97	0.084
474.17	0.083
474.37	0.083
474.58	0.082
474.78	0.083
474.98	0.083
475.19	0.082
475.39	0.083
475.60	0.083
475.80	0.083
476.00	0.083
476.21	0.083
476.41	0.083
476.61	0.083
476.82	0.084
477.02	0.085
477.22	0.084
477.43	0.085
477.63	0.085
477.83	0.086
478.04	0.085
478.24	0.085
478.44	0.084
478.65	0.084
478.85	0.084
479.05	0.084
479.26	0.084
479.46	0.084
479.66	0.084
479.87	0.084
480.07	0.084
480.27	0.084
480.48	0.084
480.68	0.084
480.88	0.084
481.09	0.084
481.29	0.083
481.49	0.084
481.70	0.084
481.90	0.084
482.10	0.084
482.31	0.084
482.51	0.083
482.71	0.084
482.92	0.083
483.12	0.084
483.32	0.083
483.52	0.083
483.73	0.083
483.93	0.083
484.13	0.083
484.34	0.083
484.54	0.082
484.74	0.082
484.95	0.082
485.15	0.083
485.35	0.083
485.55	0.083
485.76	0.083
485.96	0.083
486.16	0.083
486.37	0.083
486.57	0.083
486.77	0.083
486.97	0.082
487.18	0.082
487.38	0.082
487.58	0.081
487.79	0.081
487.99	0.081
488.19	0.081
488.39	0.082
488.60	0.081
488.80	0.082
489.00	0.082
489.20	0.083
489.41	0.083
489.61	0.083
489.81	0.083
490.02	0.083
490.22	0.083
490.42	0.083
490.62	0.083
490.83	0.083
491.03	0.083
491.23	0.083
491.43	0.083
491.64	0.083
491.84	0.083
492.04	0.084
492.24	0.083
492.45	0.083
492.65	0.083
492.85	0.083
493.05	0.082
493.26	0.083
493.46	0.083
493.66	0.083
493.86	0.083
494.07	0.083
494.27	0.083
494.47	0.083
494.67	0.083
494.87	0.083
495.08	0.083
495.28	0.083
495.48	0.083
495.68	0.083
495.89	0.083
496.09	0.082
496.29	0.082
496.49	0.083
496.69	0.083
496.90	0.083
497.10	0.083
497.30	0.083
497.50	0.082
497.71	0.082
497.91	0.082
498.11	0.082
498.31	0.081
498.51	0.081
498.72	0.081
498.92	0.081
499.12	0.082
499.32	0.082
499.52	0.082
499.73	0.082
499.93	0.082
500.13	0.082
500.33	0.082
500.53	0.082
500.74	0.082
500.94	0.082
501.14	0.082
501.34	0.083
501.54	0.083
501.74	0.083
501.95	0.084
502.15	0.084
502.35	0.084
502.55	0.083
502.75	0.083
502.96	0.083
503.16	0.083
503.36	0.082
503.56	0.082
503.76	0.081
503.96	0.081
504.17	0.080
504.37	0.080
504.57	0.080
504.77	0.080
504.97	0.080
505.17	0.080
505.38	0.080
505.58	0.080
505.78	0.080
505.98	0.080
506.18	0.080
506.38	0.080
506.58	0.080
506.79	0.080
506.99	0.080
507.19	0.080
507.39	0.080
507.59	0.080
507.79	0.080
507.99	0.080
508.20	0.080
508.40	0.080
508.60	0.079
508.80	0.079
509.00	0.079
509.20	0.080
509.40	0.080
509.61	0.080
509.81	0.081
510.01	0.081
510.21	0.081
510.41	0.081
510.61	0.081
510.81	0.081
511.01	0.081
511.22	0.080
511.42	0.080
511.62	0.080
511.82	0.079
512.02	0.079
512.22	0.079
512.42	0.079
512.62	0.079
512.82	0.078
513.03	0.079
513.23	0.078
513.43	0.079
513.63	0.079
513.83	0.080
514.03	0.079
514.23	0.080
514.43	0.080
514.63	0.080
514.83	0.080
515.04	0.081
515.24	0.081
515.44	0.080
515.64	0.080
515.84	0.080
516.04	0.080
516.24	0.080
516.44	0.080
516.64	0.080
516.84	0.080
517.04	0.080
517.24	0.080
517.45	0.079
517.65	0.079
517.85	0.079
518.05	0.079
518.25	0.079
518.45	0.080
518.65	0.080
518.85	0.079
519.05	0.080
519.25	0.081
519.45	0.080
519.65	0.079
519.85	0.079
520.05	0.079
520.25	0.079
520.46	0.079
520.66	0.079
520.86	0.078
521.06	0.078
521.26	0.078
521.46	0.079
521.66	0.079
521.86	0.079
522.06	0.079
522.26	0.079
522.46	0.079
522.66	0.080
522.86	0.080
523.06	0.080
523.26	0.080
523.46	0.081
523.66	0.080
523.86	0.080
524.06	0.080
524.26	0.080
524.46	0.079
524.66	0.080
524.86	0.079
525.06	0.079
525.26	0.079
525.46	0.078
525.66	0.078
525.87	0.078
526.07	0.078
526.27	0.078
526.47	0.077
526.67	0.077
526.87	0.077
527.07	0.078
527.27	0.078
527.47	0.078
527.67	0.078
527.87	0.078
528.07	0.078
528.27	0.078
528.47	0.077
528.67	0.078
528.87	0.077
529.07	0.078
529.27	0.077
529.47	0.078
529.67	0.078
529.87	0.078
530.07	0.078
530.27	0.078
530.47	0.078
530.67	0.079
530.87	0.078
531.06	0.078
531.26	0.077
531.46	0.077
531.66	0.077
531.86	0.078
532.06	0.078
532.26	0.077
532.46	0.077
532.66	0.077
532.86	0.077
533.06	0.078
533.26	0.078
533.46	0.079
533.66	0.078
533.86	0.078
534.06	0.078
534.26	0.078
534.46	0.078
534.66	0.077
534.86	0.077
535.06	0.077
535.26	0.077
535.46	0.076
535.66	0.076
535.86	0.077
536.06	0.077
536.26	0.077
536.45	0.077
536.65	0.077
536.85	0.077
537.05	0.077
537.25	0.077
537.45	0.077
537.65	0.076
537.85	0.076
538.05	0.076
538.25	0.076
538.45	0.076
538.65	0.076
538.85	0.076
539.05	0.077
539.25	0.077
539.44	0.077
539.64	0.077
539.84	0.078
540.04	0.077
540.24	0.077
540.44	0.077
540.64	0.077
540.84	0.077
541.04	0.077
541.24	0.076
541.44	0.076
541.64	0.076
541.83	0.076
542.03	0.076
542.23	0.076
542.43	0.077
542.63	0.076
542.83	0.077
543.03	0.077
543.23	0.076
543.43	0.076
543.63	0.076
543.82	0.076
544.02	0.076
544.22	0.076
544.42	0.076
544.62	0.076
544.82	0.076
545.02	0.077
545.22	0.077
545.42	0.076
545.61	0.076
545.81	0.075
546.01	0.076
546.21	0.076
546.41	0.076
546.61	0.076
546.81	0.076
547.01	0.076
547.20	0.076
547.40	0.077
547.60	0.077
547.80	0.077
548.00	0.077
548.20	0.077
548.40	0.077
548.59	0.076
548.79	0.076
548.99	0.076
549.19	0.076
549.39	0.076
549.59	0.075
549.79	0.076
549.98	0.075
550.18	0.075
550.38	0.075
550.58	0.075
550.78	0.075
550.98	0.075
551.17	0.075
551.37	0.075
551.57	0.074
551.77	0.074
551.97	0.074
552.17	0.074
552.36	0.075
552.56	0.074
552.76	0.075
552.96	0.075
553.16	0.074
553.36	0.075
553.55	0.075
553.75	0.075
553.95	0.075
554.15	0.075
554.35	0.075
554.55	0.074
554.74	0.074
554.94	0.075
555.14	0.075
555.34	0.074
555.54	0.074
555.73	0.074
555.93	0.074
556.13	0.073
556.33	0.073
556.53	0.073
556.72	0.073
556.92	0.073
557.12	0.073
557.32	0.074
557.52	0.074
557.71	0.074
557.91	0.074
558.11	0.075
558.31	0.075
558.51	0.075
558.70	0.075
558.90	0.075
559.10	0.075
559.30	0.075
559.49	0.075
559.69	0.076
559.89	0.076
560.09	0.076
560.29	0.076
560.48	0.076
560.68	0.076
560.88	0.076
561.08	0.075
561.27	0.075
561.47	0.074
561.67	0.074
561.87	0.074
562.06	0.074
562.26	0.074
562.46	0.074
562.66	0.074
562.86	0.074
563.05	0.074
563.25	0.074
563.45	0.074
563.65	0.073
563.84	0.073
564.04	0.074
564.24	0.073
564.44	0.073
564.63	0.073
564.83	0.073
565.03	0.073
565.22	0.074
565.42	0.074
565.62	0.074
565.82	0.073
566.01	0.073
566.21	0.073
566.41	0.073
566.61	0.073
566.80	0.073
567.00	0.072
567.20	0.073
567.40	0.073
567.59	0.073
567.79	0.074
567.99	0.074
568.18	0.075
568.38	0.075
568.58	0.074
568.78	0.075
568.97	0.074
569.17	0.074
569.37	0.073
569.56	0.073
569.76	0.073
569.96	0.073
570.16	0.073
570.35	0.073
570.55	0.072
570.75	0.073
570.94	0.073
571.14	0.073
571.34	0.073
571.53	0.073
571.73	0.073
571.93	0.073
572.12	0.073
572.32	0.073
572.52	0.073
572.72	0.074
572.91	0.074
573.11	0.074
573.31	0.073
573.50	0.073
573.70	0.073
573.90	0.073
574.09	0.073
574.29	0.073
574.49	0.072
574.68	0.072
574.88	0.072
575.08	0.071
575.27	0.071
575.47	0.072
575.67	0.072
575.86	0.072
576.06	0.072
576.26	0.072
576.45	0.072
576.65	0.072
576.85	0.071
577.04	0.071
577.24	0.071
577.44	0.071
577.63	0.071
577.83	0.071
578.02	0.071
578.22	0.071
578.42	0.071
578.61	0.071
578.81	0.071
579.01	0.071
579.20	0.071
579.40	0.071
579.60	0.072
579.79	0.072
579.99	0.071
580.19	0.072
580.38	0.071
580.58	0.071
580.77	0.071
580.97	0.071
581.17	0.071
581.36	0.071
581.56	0.071
581.75	0.071
581.95	0.071
582.15	0.072
582.34	0.072
582.54	0.072
582.74	0.072
582.93	0.072
583.13	0.072
583.32	0.073
583.52	0.073
583.72	0.073
583.91	0.072
584.11	0.072
584.30	0.071
584.50	0.071
584.70	0.071
584.89	0.070
585.09	0.070
585.28	0.071
585.48	0.070
585.68	0.070
585.87	0.071
586.07	0.071
586.26	0.071
586.46	0.071
586.66	0.072
586.85	0.071
587.05	0.071
587.24	0.071
587.44	0.072
587.63	0.071
587.83	0.071
588.03	0.071
588.22	0.071
588.42	0.071
588.61	0.071
588.81	0.071
589.00	0.071
589.20	0.071
589.40	0.071
589.59	0.072
589.79	0.072
589.98	0.072
590.18	0.072
590.37	0.072
590.57	0.072
590.76	0.072
590.96	0.071
591.16	0.071
591.35	0.072
591.55	0.071
591.74	0.071
591.94	0.071
592.13	0.071
592.33	0.071
592.52	0.071
592.72	0.071
592.91	0.071
593.11	0.070
593.30	0.070
593.50	0.070
593.70	0.069
593.89	0.070
594.09	0.069
594.28	0.069
594.48	0.069
594.67	0.070
594.87	0.070
595.06	0.070
595.26	0.070
595.45	0.071
595.65	0.070
595.84	0.070
596.04	0.070
596.23	0.071
596.43	0.070
596.62	0.070
596.82	0.071
597.01	0.071
597.21	0.071
597.40	0.072
597.60	0.071
597.79	0.071
597.99	0.071
598.18	0.071
598.38	0.071
598.57	0.071
598.77	0.071
598.96	0.070
599.16	0.070
599.35	0.070
599.55	0.070
599.74	0.070
599.94	0.070
600.13	0.070
600.33	0.070
600.52	0.070
600.72	0.070
600.91	0.069
601.11	0.070
601.30	0.070
601.50	0.070
601.69	0.070
601.89	0.070
602.08	0.070
602.27	0.070
602.47	0.070
602.66	0.070
602.86	0.070
603.05	0.070
603.25	0.070
603.44	0.070
603.64	0.070
603.83	0.070
604.03	0.070
604.22	0.070
604.41	0.070
604.61	0.070
604.80	0.070
605.00	0.070
605.19	0.070
605.39	0.070
605.58	0.069
605.78	0.069
605.97	0.069
606.16	0.069
606.36	0.069
606.55	0.069
606.75	0.069
606.94	0.069
607.14	0.069
607.33	0.069
607.52	0.070
607.72	0.069
607.91	0.070
608.11	0.070
608.30	0.070
608.50	0.070
608.69	0.070
608.88	0.070
609.08	0.070
609.27	0.070
609.47	0.070
609.66	0.070
609.85	0.070
610.05	0.070
610.24	0.070
610.44	0.069
610.63	0.069
610.83	0.069
611.02	0.068
611.21	0.069
611.41	0.069
611.60	0.069
611.80	0.068
611.99	0.069
612.18	0.069
612.38	0.069
612.57	0.069
612.76	0.069
612.96	0.069
613.15	0.069
613.35	0.069
613.54	0.068
613.73	0.068
613.93	0.069
614.12	0.069
614.32	0.069
614.51	0.068
614.70	0.068
614.90	0.068
615.09	0.068
615.28	0.069
615.48	0.069
615.67	0.069
615.86	0.069
616.06	0.069
616.25	0.069
616.45	0.069
616.64	0.069
616.83	0.069
617.03	0.069
617.22	0.069
617.41	0.069
617.61	0.069
617.80	0.069
617.99	0.069
618.19	0.069
618.38	0.069
618.57	0.069
618.77	0.069
618.96	0.069
619.15	0.069
619.35	0.069
619.54	0.069
619.73	0.069
619.93	0.069
620.12	0.069
620.31	0.069
620.51	0.070
620.70	0.070
620.89	0.069
621.09	0.069
621.28	0.070
621.47	0.069
621.67	0.069
621.86	0.069
622.05	0.069
622.25	0.069
622.44	0.069
622.63	0.069
622.83	0.069
623.02	0.069
623.21	0.069
623.41	0.069
623.60	0.069
623.79	0.069
623.98	0.069
624.18	0.069
624.37	0.068
624.56	0.068
624.76	0.068
624.95	0.069
625.14	0.069
625.33	0.069
625.53	0.069
625.72	0.069
625.91	0.069
626.11	0.070
626.30	0.069
626.49	0.069
626.68	0.069
626.88	0.069
627.07	0.069
627.26	0.069
627.46	0.069
627.65	0.069
627.84	0.069
628.03	0.069
628.23	0.069
628.42	0.069
628.61	0.069
628.80	0.069
629.00	0.069
629.19	0.069
629.38	0.069
629.58	0.069
629.77	0.069
629.96	0.069
630.15	0.069
630.35	0.069
630.54	0.069
630.73	0.069
630.92	0.069
631.12	0.069
631.31	0.069
631.50	0.069
631.69	0.069
631.89	0.069
632.08	0.068
632.27	0.068
632.46	0.067
632.65	0.068
632.85	0.068
633.04	0.068
633.23	0.068
633.42	0.068
633.62	0.068
633.81	0.069
634.00	0.069
634.19	0.069
634.39	0.069
634.58	0.069
634.77	0.068
634.96	0.068
635.15	0.068
635.35	0.068
635.54	0.068
635.73	0.068
635.92	0.067
636.11	0.067
636.31	0.067
636.50	0.067
636.69	0.068
636.88	0.068
637.07	0.068
637.27	0.068
637.46	0.068
637.65	0.068
637.84	0.068
638.03	0.069
638.23	0.069
638.42	0.069
638.61	0.069
638.80	0.068
638.99	0.068
639.19	0.068
639.38	0.068
639.57	0.068
639.76	0.068
639.95	0.068
640.14	0.068
640.34	0.068
640.53	0.068
640.72	0.068
640.91	0.068
641.10	0.067
641.30	0.068
641.49	0.067
641.68	0.068
641.87	0.068
642.06	0.068
642.25	0.068
642.44	0.068
642.64	0.068
642.83	0.068
643.02	0.068
643.21	0.068
643.40	0.067
643.59	0.067
643.79	0.067
643.98	0.067
644.17	0.066
644.36	0.066
644.55	0.066
644.74	0.066
644.93	0.066
645.13	0.066
645.32	0.066
645.51	0.067
645.70	0.066
645.89	0.067
646.08	0.067
646.27	0.067
646.46	0.067
646.66	0.067
646.85	0.066
647.04	0.067
647.23	0.067
647.42	0.067
647.61	0.067
647.80	0.067
647.99	0.068
648.19	0.068
648.38	0.068
648.57	0.068
648.76	0.068
648.95	0.069
649.14	0.069
649.33	0.069
649.52	0.069
649.71	0.068
649.91	0.068
650.10	0.068
650.29	0.068
650.48	0.068
650.67	0.068
650.86	0.067
651.05	0.067
651.24	0.067
651.43	0.067
651.62	0.067
651.81	0.067
652.01	0.067
652.20	0.067
652.39	0.067
652.58	0.066
652.77	0.067
652.96	0.067
653.15	0.067
653.34	0.067
653.53	0.067
653.72	0.067
653.91	0.066
654.10	0.066
654.29	0.066
654.48	0.066
654.68	0.065
654.87	0.065
655.06	0.064
655.25	0.064
655.44	0.064
655.63	0.064
655.82	0.064
656.01	0.064
656.20	0.064
656.39	0.065
656.58	0.065
656.77	0.065
656.96	0.065
657.15	0.066
657.34	0.066
657.53	0.066
657.72	0.066
657.91	0.066
658.10	0.066
658.29	0.066
658.48	0.067
658.68	0.067
658.87	0.068
659.06	0.067
659.25	0.067
659.44	0.066
659.63	0.066
659.82	0.066
660.01	0.066
660.20	0.066
660.39	0.065
660.58	0.066
660.77	0.066
660.96	0.066
661.15	0.067
661.34	0.067
661.53	0.067
661.72	0.067
661.91	0.067
662.10	0.067
662.29	0.067
662.48	0.067
662.67	0.066
662.86	0.066
663.05	0.066
663.24	0.066
663.43	0.065
663.62	0.065
663.81	0.065
664.00	0.065
664.19	0.065
664.38	0.065
664.57	0.065
664.76	0.065
664.95	0.065
665.14	0.066
665.33	0.065
665.52	0.066
665.71	0.065
665.90	0.066
666.09	0.066
666.28	0.066
666.46	0.065
666.65	0.065
666.84	0.066
667.03	0.066
667.22	0.066
667.41	0.066
667.60	0.066
667.79	0.066
667.98	0.067
668.17	0.067
668.36	0.067
668.55	0.067
668.74	0.067
668.93	0.067
669.12	0.067
669.31	0.067
669.50	0.067
669.69	0.066
669.88	0.066
670.07	0.066
670.26	0.066
670.44	0.066
670.63	0.066
670.82	0.065
671.01	0.065
671.20	0.066
671.39	0.065
671.58	0.066
671.77	0.066
671.96	0.066
672.15	0.066
672.34	0.066
672.53	0.066
672.72	0.066
672.91	0.066
673.09	0.066
673.28	0.065
673.47	0.065
673.66	0.065
673.85	0.065
674.04	0.065
674.23	0.065
674.42	0.065
674.61	0.065
674.80	0.065
674.98	0.066
675.17	0.066
675.36	0.066
675.55	0.066
675.74	0.066
675.93	0.065
676.12	0.066
676.31	0.066
676.50	0.065
676.69	0.065
676.87	0.065
677.06	0.065
677.25	0.064
677.44	0.064
677.63	0.064
677.82	0.064
678.01	0.064
678.20	0.065
678.38	0.064
678.57	0.064
678.76	0.064
678.95	0.065
679.14	0.065
679.33	0.065
679.52	0.064
679.71	0.064
679.89	0.064
680.08	0.064
680.27	0.064
680.46	0.064
680.65	0.064
680.84	0.064
681.02	0.064
681.21	0.065
681.40	0.065
681.59	0.065
681.78	0.065
681.97	0.065
682.16	0.065
682.34	0.065
682.53	0.066
682.72	0.066
682.91	0.065
683.10	0.065
683.29	0.065
683.47	0.065
683.66	0.065
683.85	0.065
684.04	0.065
684.23	0.065
684.42	0.065
684.60	0.065
684.79	0.065
684.98	0.064
685.17	0.064
685.36	0.065
685.54	0.064
685.73	0.065
685.92	0.065
686.11	0.065
686.30	0.065
686.49	0.065
686.67	0.065
686.86	0.065
687.05	0.064
687.24	0.064
687.43	0.064
687.61	0.064
687.80	0.063
687.99	0.063
688.18	0.063
688.36	0.063
688.55	0.063
688.74	0.063
688.93	0.064
689.12	0.064
689.30	0.064
689.49	0.065
689.68	0.065
689.87	0.065
690.06	0.065
690.24	0.065
690.43	0.065
690.62	0.065
690.81	0.065
690.99	0.065
691.18	0.064
691.37	0.064
691.56	0.065
691.74	0.064
691.93	0.064
692.12	0.064
692.31	0.064
692.50	0.065
692.68	0.064
692.87	0.065
693.06	0.064
693.25	0.064
693.43	0.065
693.62	0.065
693.81	0.065
694.00	0.065
694.18	0.065
694.37	0.065
694.56	0.065
694.74	0.065
694.93	0.065
695.12	0.065
695.31	0.065
695.49	0.064
695.68	0.065
695.87	0.064
696.06	0.065
696.24	0.064
696.43	0.064
696.62	0.064
696.80	0.064
696.99	0.064
697.18	0.065
697.37	0.064
697.55	0.064
697.74	0.063
697.93	0.064
698.12	0.064
698.30	0.064
698.49	0.064
698.68	0.064
698.86	0.064
699.05	0.064
699.24	0.064
699.42	0.064
699.61	0.064
699.80	0.064
699.99	0.064
700.17	0.064
700.36	0.064
700.55	0.064
700.73	0.064
700.92	0.064
701.11	0.065
701.29	0.065
701.48	0.065
701.67	0.064
701.85	0.065
702.04	0.064
702.23	0.064
702.41	0.064
702.60	0.064
702.79	0.063
702.97	0.063
703.16	0.063
703.35	0.064
703.53	0.064
703.72	0.064
703.91	0.064
704.09	0.064
704.28	0.064
704.47	0.064
704.65	0.064
704.84	0.064
705.03	0.064
705.21	0.063
705.40	0.063
705.59	0.063
705.77	0.063
705.96	0.063
706.15	0.063
706.33	0.064
706.52	0.064
706.71	0.063
706.89	0.064
707.08	0.064
707.26	0.064
707.45	0.064
707.64	0.064
707.82	0.064
708.01	0.064
708.20	0.064
708.38	0.064
708.57	0.064
708.75	0.064
708.94	0.064
709.13	0.063
709.31	0.063
709.50	0.064
709.69	0.064
709.87	0.064
710.06	0.064
710.24	0.064
710.43	0.064
710.62	0.064
710.80	0.064
710.99	0.064
711.17	0.063
711.36	0.063
711.55	0.062
711.73	0.062
711.92	0.062
712.10	0.062
712.29	0.062
712.48	0.062
712.66	0.062
712.85	0.062
713.03	0.062
713.22	0.063
713.40	0.063
713.59	0.063
713.78	0.063
713.96	0.062
714.15	0.063
714.33	0.063
714.52	0.062
714.71	0.063
714.89	0.063
715.08	0.063
715.26	0.063
715.45	0.063
715.63	0.063
715.82	0.063
716.00	0.063
716.19	0.063
716.38	0.063
716.56	0.063
716.75	0.062
716.93	0.062
717.12	0.062
717.30	0.062
717.49	0.062
717.67	0.061
717.86	0.061
718.05	0.061
718.23	0.061
718.42	0.062
718.60	0.062
718.79	0.062
718.97	0.062
719.16	0.062
719.34	0.062
719.53	0.062
719.71	0.063
719.90	0.063
720.08	0.063
720.27	0.063
720.45	0.063
720.64	0.063
720.83	0.064
721.01	0.063
721.20	0.063
721.38	0.063
721.57	0.062
721.75	0.062
721.94	0.062
722.12	0.062
722.31	0.062
722.49	0.062
722.68	0.062
722.86	0.062
723.05	0.062
723.23	0.063
723.42	0.063
723.60	0.063
723.79	0.063
723.97	0.062
724.16	0.062
724.34	0.063
724.53	0.062
724.71	0.062
724.90	0.062
725.08	0.062
725.27	0.062
725.45	0.062
725.64	0.062
725.82	0.062
726.00	0.061
726.19	0.062
726.37	0.062
726.56	0.061
726.74	0.061
726.93	0.061
727.11	0.062
727.30	0.062
727.48	0.062
727.67	0.062
727.85	0.061
728.04	0.062
728.22	0.062
728.40	0.062
728.59	0.062
728.77	0.062
728.96	0.062
729.14	0.062
729.33	0.062
729.51	0.062
729.70	0.062
729.88	0.062
730.07	0.062
730.25	0.061
730.43	0.061
730.62	0.061
730.80	0.061
730.99	0.061
731.17	0.061
731.36	0.061
731.54	0.061
731.72	0.061
731.91	0.061
732.09	0.061
732.28	0.061
732.46	0.061
732.65	0.061
732.83	0.062
733.01	0.062
733.20	0.062
733.38	0.062
733.57	0.062
733.75	0.062
733.93	0.063
734.12	0.062
734.30	0.063
734.49	0.063
734.67	0.062
734.85	0.062
735.04	0.062
735.22	0.062
735.41	0.062
735.59	0.062
735.77	0.062
735.96	0.061
736.14	0.061
736.33	0.062
736.51	0.062
736.69	0.062
736.88	0.062
737.06	0.061
737.25	0.062
737.43	0.062
737.61	0.062
737.80	0.061
737.98	0.061
738.16	0.060
738.35	0.060
738.53	0.061
738.71	0.061
738.90	0.061
739.08	0.061
739.27	0.061
739.45	0.061
739.63	0.061
739.82	0.062
740.00	0.062
740.18	0.062
740.37	0.063
740.55	0.063
740.73	0.063
740.92	0.063
741.10	0.063
741.28	0.063
741.47	0.062
741.65	0.062
741.83	0.062
742.02	0.062
742.20	0.061
742.38	0.062
742.57	0.062
742.75	0.061
742.93	0.062
743.12	0.062
743.30	0.061
743.48	0.061
743.67	0.061
743.85	0.061
744.03	0.061
744.22	0.061
744.40	0.061
744.58	0.060
744.77	0.060
744.95	0.061
745.13	0.061
745.32	0.061
745.50	0.061
745.68	0.061
745.87	0.061
746.05	0.061
746.23	0.062
746.41	0.062
746.60	0.062
746.78	0.061
746.96	0.061
747.15	0.061
747.33	0.061
747.51	0.062
747.70	0.061
747.88	0.061
748.06	0.061
748.24	0.061
748.43	0.062
748.61	0.062
748.79	0.061
748.97	0.061
749.16	0.061
749.34	0.061
749.52	0.061
749.71	0.062
749.89	0.062
750.07	0.062
750.25	0.062
750.44	0.062
750.62	0.062
750.80	0.062
750.98	0.062
751.17	0.062
751.35	0.061
751.53	0.061
751.71	0.061
751.90	0.061
752.08	0.061
752.26	0.062
752.44	0.062
752.63	0.062
752.81	0.062
752.99	0.062
753.17	0.063
753.36	0.063
753.54	0.063
753.72	0.063
753.90	0.063
754.09	0.062
754.27	0.062
754.45	0.062
754.63	0.062
754.82	0.061
755.00	0.061
755.18	0.061
755.36	0.061
755.54	0.060
755.73	0.060
755.91	0.060
756.09	0.060
756.27	0.060
756.45	0.060
756.64	0.060
756.82	0.061
757.00	0.061
757.18	0.061
757.37	0.061
757.55	0.061
757.73	0.061
757.91	0.061
758.09	0.061
758.27	0.061
758.46	0.061
758.64	0.061
758.82	0.061
759.00	0.061
759.18	0.061
759.37	0.061
759.55	0.061
759.73	0.061
759.91	0.061
760.09	0.061
760.28	0.061
760.46	0.060
760.64	0.060
760.82	0.061
761.00	0.061
761.18	0.060
761.37	0.060
761.55	0.060
761.73	0.060
761.91	0.060
762.09	0.060
762.27	0.060
762.46	0.060
762.64	0.060
762.82	0.060
763.00	0.059
763.18	0.060
763.36	0.060
763.54	0.060
763.73	0.059
763.91	0.060
764.09	0.060
764.27	0.060
764.45	0.059
764.63	0.059
764.81	0.059
765.00	0.059
765.18	0.059
765.36	0.059
765.54	0.059
765.72	0.059
765.90	0.059
766.08	0.060
766.27	0.060
766.45	0.060
766.63	0.060
766.81	0.060
766.99	0.060
767.17	0.060
767.35	0.059
767.53	0.059
767.71	0.059
767.90	0.059
768.08	0.059
768.26	0.059
768.44	0.059
768.62	0.059
768.80	0.059
768.98	0.059
769.16	0.059
769.34	0.060
769.52	0.059
769.71	0.059
769.89	0.060
770.07	0.060
770.25	0.060
770.43	0.060
770.61	0.060
770.79	0.060
770.97	0.060
771.15	0.061
771.33	0.061
771.51	0.060
771.69	0.060
771.88	0.059
772.06	0.059
772.24	0.059
772.42	0.059
772.60	0.059
772.78	0.059
772.96	0.059
773.14	0.059
773.32	0.059
773.50	0.059
773.68	0.059
773.86	0.059
774.04	0.059
774.22	0.059
774.40	0.059
774.58	0.059
774.77	0.059
774.95	0.059
775.13	0.059
775.31	0.059
775.49	0.058
775.67	0.058
775.85	0.059
776.03	0.058
776.21	0.059
776.39	0.059
776.57	0.058
776.75	0.059
776.93	0.059
777.11	0.059
777.29	0.060
777.47	0.059
777.65	0.060
777.83	0.060
778.01	0.059
778.19	0.059
778.37	0.058
778.55	0.058
778.73	0.058
778.91	0.058
779.09	0.058
779.27	0.058
779.45	0.057
779.63	0.058
779.81	0.058
779.99	0.058
780.17	0.059
780.35	0.059
780.53	0.059
780.71	0.059
780.89	0.059
781.07	0.059
781.25	0.059
781.43	0.059
781.61	0.060
781.79	0.059
781.97	0.059
782.15	0.059
782.33	0.059
782.51	0.059
782.69	0.059
782.87	0.059
783.05	0.059
783.23	0.059
783.41	0.060
783.59	0.060
783.77	0.059
783.95	0.059
784.13	0.059
784.31	0.059
784.49	0.059
784.67	0.059
784.85	0.059
785.03	0.059
785.21	0.059
785.38	0.059
785.56	0.060
785.74	0.060
785.92	0.060
786.10	0.060
786.28	0.060
786.46	0.060
786.64	0.060
786.82	0.060
787.00	0.060
787.18	0.060
787.36	0.060
787.54	0.060
787.72	0.059
787.90	0.059
788.08	0.059
788.25	0.059
788.43	0.059
788.61	0.060
788.79	0.060
788.97	0.060
789.15	0.060
789.33	0.060
789.51	0.060
789.69	0.060
789.87	0.061
790.05	0.061
790.23	0.060
790.40	0.060
790.58	0.060
790.76	0.060
790.94	0.061
791.12	0.060
791.30	0.060
791.48	0.060
791.66	0.060
791.84	0.060
792.02	0.059
792.19	0.059
792.37	0.059
792.55	0.060
792.73	0.060
792.91	0.060
793.09	0.060
793.27	0.060
793.45	0.060
793.63	0.060
793.80	0.060
793.98	0.060
794.16	0.060
794.34	0.060
794.52	0.060
794.70	0.059
794.88	0.059
795.05	0.060
795.23	0.060
795.41	0.060
795.59	0.060
795.77	0.060
795.95	0.060
796.13	0.060
796.30	0.060
796.48	0.060
796.66	0.060
796.84	0.059
797.02	0.060
797.20	0.060
797.38	0.060
797.55	0.060
797.73	0.060
797.91	0.060
798.09	0.060
798.27	0.060
798.45	0.060
798.62	0.060
798.80	0.060
798.98	0.059
799.16	0.060
799.34	0.059
799.52	0.059
799.69	0.059
799.87	0.059
800.05	0.059
800.23	0.058
800.41	0.058
800.58	0.058
800.76	0.058
800.94	0.059
801.12	0.059
801.30	0.059
801.47	0.059
801.65	0.059
801.83	0.059
802.01	0.060
802.19	0.060
802.36	0.060
802.54	0.060
802.72	0.059
802.90	0.059
803.08	0.059
803.25	0.059
803.43	0.059
803.61	0.059
803.79	0.059
803.97	0.059
804.14	0.060
804.32	0.060
804.50	0.060
804.68	0.060
804.85	0.060
805.03	0.060
805.21	0.060
805.39	0.060
805.56	0.059
805.74	0.059
805.92	0.059
806.10	0.059
806.28	0.059
806.45	0.059
806.63	0.060
806.81	0.059
806.99	0.060
807.16	0.060
807.34	0.060
807.52	0.061
807.70	0.060
807.87	0.060
808.05	0.061
808.23	0.061
808.41	0.061
808.58	0.061
808.76	0.061
808.94	0.061
809.11	0.060
809.29	0.060
809.47	0.060
809.65	0.061
809.82	0.060
810.00	0.060
810.18	0.060
810.36	0.059
810.53	0.060
810.71	0.060
810.89	0.060
811.06	0.060
811.24	0.059
811.42	0.059
811.60	0.059
811.77	0.059
811.95	0.060
812.13	0.060
812.30	0.060
812.48	0.060
812.66	0.060
812.83	0.060
813.01	0.060
813.19	0.060
813.37	0.059
813.54	0.059
813.72	0.059
813.90	0.059
814.07	0.059
814.25	0.059
814.43	0.059
814.60	0.060
814.78	0.060
814.96	0.060
815.13	0.060
815.31	0.060
815.49	0.060
815.66	0.060
815.84	0.059
816.02	0.060
816.19	0.059
816.37	0.059
816.55	0.059
816.72	0.059
816.90	0.059
817.08	0.059
817.25	0.059
817.43	0.059
817.61	0.059
817.78	0.058
817.96	0.058
818.14	0.058
818.31	0.059
818.49	0.059
818.67	0.058
818.84	0.058
819.02	0.057
819.19	0.057
819.37	0.058
819.55	0.058
819.72	0.058
819.90	0.057
820.08	0.058
820.25	0.058
820.43	0.058
820.60	0.058
820.78	0.058
820.96	0.058
821.13	0.058
821.31	0.058
821.49	0.058
821.66	0.058
821.84	0.058
822.01	0.058
822.19	0.059
822.37	0.059
822.54	0.059
822.72	0.059
822.89	0.060
823.07	0.059
823.25	0.059
823.42	0.059
823.60	0.059
823.77	0.059
823.95	0.059
824.13	0.058
824.30	0.058
824.48	0.057
824.65	0.057
824.83	0.057
825.01	0.058
825.18	0.058
825.36	0.058
825.53	0.059
825.71	0.059
825.88	0.060
826.06	0.060
826.24	0.060
826.41	0.060
826.59	0.060
826.76	0.060
826.94	0.060
827.11	0.060
827.29	0.059
827.47	0.060
827.64	0.059
827.82	0.059
827.99	0.059
828.17	0.059
828.34	0.059
828.52	0.059
828.69	0.059
828.87	0.059
829.04	0.059
829.22	0.059
829.40	0.059
829.57	0.059
829.75	0.059
829.92	0.059
830.10	0.059
830.27	0.059
830.45	0.059
830.62	0.059
830.80	0.059
830.97	0.060
831.15	0.060
831.32	0.060
831.50	0.060
831.67	0.060
831.85	0.060
832.02	0.059
832.20	0.059
832.37	0.059
832.55	0.059
832.73	0.059
832.90	0.059
833.08	0.059
833.25	0.058
833.43	0.058
833.60	0.058
833.78	0.058
833.95	0.058
834.13	0.059
834.30	0.059
834.48	0.058
834.65	0.058
834.82	0.059
835.00	0.058
835.17	0.059
835.35	0.058
835.52	0.058
835.70	0.058
835.87	0.057
836.05	0.058
836.22	0.058
836.40	0.057
836.57	0.058
836.75	0.058
836.92	0.058
837.10	0.059
837.27	0.059
837.45	0.059
837.62	0.060
837.80	0.059
837.97	0.059
838.14	0.059
838.32	0.059
838.49	0.059
838.67	0.059
838.84	0.059
839.02	0.059
839.19	0.059
839.37	0.059
839.54	0.059
839.71	0.059
839.89	0.059
840.06	0.059
840.24	0.059
840.41	0.059
840.59	0.058
840.76	0.058
840.94	0.058
841.11	0.058
841.28	0.058
841.46	0.058
841.63	0.057
841.81	0.057
841.98	0.058
842.15	0.058
842.33	0.059
842.50	0.059
842.68	0.059
842.85	0.060
843.03	0.060
843.20	0.060
843.37	0.059
843.55	0.059
843.72	0.058
843.90	0.058
844.07	0.058
844.24	0.057
844.42	0.057
844.59	0.057
844.77	0.057
844.94	0.058
845.11	0.058
845.29	0.058
845.46	0.059
845.63	0.059
845.81	0.059
845.98	0.060
846.16	0.059
846.33	0.059
846.50	0.058
846.68	0.058
846.85	0.058
847.02	0.058
847.20	0.058
847.37	0.058
847.55	0.057
847.72	0.058
847.89	0.058
848.07	0.058
848.24	0.058
848.41	0.058
848.59	0.058
848.76	0.057
848.93	0.057
849.11	0.057
849.28	0.058
849.45	0.058
849.63	0.058
849.80	0.059
849.97	0.059
850.15	0.059
850.32	0.059
850.49	0.059
850.67	0.059
850.84	0.058
851.01	0.058
851.19	0.058
851.36	0.058
851.53	0.057
851.71	0.057
851.88	0.057
852.05	0.057
852.23	0.057
852.40	0.058
852.57	0.057
852.75	0.058
852.92	0.057
853.09	0.058
853.27	0.058
853.44	0.058
853.61	0.058
853.79	0.058
853.96	0.058
854.13	0.058
854.30	0.057
854.48	0.057
854.65	0.057
854.82	0.057
855.00	0.057
855.17	0.057
855.34	0.056
855.51	0.057
855.69	0.057
855.86	0.057
856.03	0.057
856.21	0.057
856.38	0.058
856.55	0.058
856.72	0.057
856.90	0.058
857.07	0.057
857.24	0.058
857.42	0.058
857.59	0.058
857.76	0.058
857.93	0.058
858.11	0.057
858.28	0.058
858.45	0.058
858.62	0.058
858.80	0.058
858.97	0.058
859.14	0.058
859.31	0.059
859.49	0.059
859.66	0.058
859.83	0.058
860.00	0.058
860.18	0.058
860.35	0.058
860.52	0.058
860.69	0.058
860.86	0.057
861.04	0.058
861.21	0.058
861.38	0.058
861.55	0.059
861.73	0.059
861.90	0.058
862.07	0.058
862.24	0.058
862.42	0.058
862.59	0.058
862.76	0.058
862.93	0.058
863.10	0.058
863.28	0.058
863.45	0.058
863.62	0.058
863.79	0.057
863.96	0.057
864.14	0.057
864.31	0.057
864.48	0.057
864.65	0.057
864.82	0.056
865.00	0.057
865.17	0.057
865.34	0.057
865.51	0.056
865.68	0.056
865.86	0.056
866.03	0.056
866.20	0.055
866.37	0.056
866.54	0.056
866.71	0.056
866.89	0.056
867.06	0.056
867.23	0.056
867.40	0.056
867.57	0.056
867.74	0.057
867.92	0.056
868.09	0.055
868.26	0.055
868.43	0.056
868.60	0.056
868.77	0.056
868.95	0.057
869.12	0.058
869.29	0.057
869.46	0.058
869.63	0.058
869.80	0.058
869.97	0.058
870.15	0.058
870.32	0.057
870.49	0.056
870.66	0.056
870.83	0.057
871.00	0.056
871.17	0.056
871.34	0.057
871.52	0.057
871.69	0.058
871.86	0.057
872.03	0.058
872.20	0.057
872.37	0.057
872.54	0.057
872.71	0.057
872.89	0.058
873.06	0.057
873.23	0.057
873.40	0.057
873.57	0.057
873.74	0.056
873.91	0.057
874.08	0.058
874.25	0.057
874.42	0.056
874.60	0.056
874.77	0.056
874.94	0.057
875.11	0.058
875.28	0.057
875.45	0.056
875.62	0.056
875.79	0.056
875.96	0.056
876.13	0.055
876.30	0.055
876.47	0.055
876.65	0.055
876.82	0.055
876.99	0.054
877.16	0.054
877.33	0.054
877.50	0.054
877.67	0.053
877.84	0.054
878.01	0.053
878.18	0.052
878.35	0.053
878.52	0.054
878.69	0.054
878.86	0.055
879.03	0.055
879.20	0.057
879.38	0.057
879.55	0.057
879.72	0.058
879.89	0.058
880.06	0.057
880.23	0.058
880.40	0.058
880.57	0.058
880.74	0.058
880.91	0.058
881.08	0.058
881.25	0.058
881.42	0.057
881.59	0.058
881.76	0.057
881.93	0.057
882.10	0.056
882.27	0.055
882.44	0.056
882.61	0.056
882.78	0.056
882.95	0.055
883.12	0.054
883.29	0.055
883.46	0.054
883.63	0.055
883.80	0.055
883.97	0.056
884.14	0.056
884.31	0.057
884.48	0.058
884.65	0.058
884.82	0.059
884.99	0.059
885.16	0.058
885.33	0.058
885.50	0.057
885.67	0.057
885.84	0.056
886.01	0.056
886.18	0.056
886.35	0.055
886.52	0.054
886.69	0.055
886.86	0.056
887.03	0.056
887.20	0.057
887.37	0.056
887.54	0.057
887.71	0.056
887.88	0.055
888.05	0.056
888.22	0.055
888.39	0.055
888.55	0.055
888.72	0.055
888.89	0.055
889.06	0.055
889.23	0.055
889.40	0.057
889.57	0.057
889.74	0.057
889.91	0.057
890.08	0.057
890.25	0.055
890.42	0.056
890.59	0.056
890.76	0.055
890.93	0.055
891.10	0.055
891.26	0.055
891.43	0.055
891.60	0.055
891.77	0.057
891.94	0.056
892.11	0.057
892.28	0.057
892.45	0.057
892.62	0.056
892.79	0.056
892.96	0.056
893.13	0.055
893.29	0.055
893.46	0.055
893.63	0.054
893.80	0.055
893.97	0.056
894.14	0.056
894.31	0.056
894.48	0.063
894.65	0.059
894.81	0.047
894.98	0.057
