177.34	-0.000
177.56	-0.000
177.78	-0.000
178.00	-0.000
178.22	1.289
178.44	0.641
178.66	0.453
178.89	-0.106
179.11	-0.057
179.33	0.204
179.55	-0.000
179.77	-0.153
179.99	-0.205
180.21	-0.000
180.43	-0.000
180.65	1.142
180.87	0.426
181.09	0.409
181.31	0.357
181.53	0.273
181.75	0.249
181.97	0.241
182.19	0.236
182.41	0.270
182.63	0.251
182.85	0.262
183.07	0.260
183.30	0.263
183.52	0.258
183.74	0.288
183.96	0.317
184.18	0.295
184.40	0.256
184.62	0.281
184.84	0.270
185.06	0.287
185.28	0.270
185.50	0.295
185.72	0.311
185.94	0.303
186.16	0.304
186.38	0.375
186.60	0.385
186.82	0.438
187.04	0.472
187.26	0.527
187.48	0.524
187.70	0.536
187.92	0.598
188.14	0.651
188.36	0.628
188.58	0.706
188.80	0.713
189.02	0.745
189.24	0.710
189.46	0.750
189.68	0.782
189.90	0.807
190.12	0.875
190.34	0.894
190.56	0.928
190.78	0.981
191.00	0.944
191.22	1.033
191.44	1.041
191.66	1.080
191.88	1.135
192.10	1.101
192.32	1.108
192.54	1.088
192.76	1.087
192.98	1.085
193.20	1.051
193.42	1.071
193.64	1.105
193.86	1.037
194.08	1.038
194.30	1.066
194.52	1.052
194.74	1.060
194.96	1.107
195.18	1.115
195.40	1.119
195.62	1.105
195.84	1.117
196.06	1.139
196.28	1.153
196.50	1.169
196.72	1.178
196.94	1.199
197.16	1.204
197.38	1.173
197.60	1.158
197.82	1.216
198.04	1.231
198.26	1.241
198.48	1.247
198.70	1.258
198.92	1.264
199.13	1.290
199.35	1.339
199.57	1.388
199.79	1.374
200.01	1.373
200.23	1.397
200.45	1.387
200.67	1.436
200.89	1.431
201.11	1.463
201.33	1.427
201.55	1.434
201.77	1.413
201.99	1.399
202.21	1.371
202.43	1.378
202.65	1.352
202.87	1.355
203.09	1.340
203.31	1.364
203.52	1.345
203.74	1.350
203.96	1.396
204.18	1.392
204.40	1.414
204.62	1.424
204.84	1.418
205.06	1.442
205.28	1.472
205.50	1.511
205.72	1.540
205.94	1.509
206.16	1.526
206.38	1.530
206.59	1.513
206.81	1.497
207.03	1.513
207.25	1.496
207.47	1.499
207.69	1.516
207.91	1.525
208.13	1.534
208.35	1.541
208.57	1.564
208.79	1.612
209.01	1.620
209.22	1.620
209.44	1.610
209.66	1.573
209.88	1.575
210.10	1.604
210.32	1.592
210.54	1.608
210.76	1.607
210.98	1.621
211.20	1.646
211.42	1.654
211.63	1.670
211.85	1.680
212.07	1.700
212.29	1.732
212.51	1.716
212.73	1.695
212.95	1.657
213.17	1.645
213.39	1.654
213.60	1.661
213.82	1.647
214.04	1.621
214.26	1.617
214.48	1.610
214.70	1.611
214.92	1.618
215.14	1.606
215.35	1.589
215.57	1.585
215.79	1.590
216.01	1.584
216.23	1.587
216.45	1.594
216.67	1.608
216.89	1.605
217.10	1.597
217.32	1.600
217.54	1.594
217.76	1.572
217.98	1.577
218.20	1.571
218.42	1.550
218.64	1.538
218.85	1.525
219.07	1.511
219.29	1.497
219.51	1.489
219.73	1.482
219.95	1.448
220.17	1.423
220.38	1.415
220.60	1.389
220.82	1.364
221.04	1.343
221.26	1.321
221.48	1.295
221.69	1.276
221.91	1.263
222.13	1.244
222.35	1.223
222.57	1.203
222.79	1.182
223.00	1.164
223.22	1.140
223.44	1.118
223.66	1.095
223.88	1.074
224.10	1.051
224.32	1.030
224.53	1.008
224.75	0.989
224.97	0.970
225.19	0.951
225.41	0.932
225.62	0.914
225.84	0.894
226.06	0.876
226.28	0.859
226.50	0.843
226.72	0.827
226.93	0.810
227.15	0.793
227.37	0.777
227.59	0.759
227.81	0.744
228.02	0.727
228.24	0.711
228.46	0.697
228.68	0.680
228.90	0.666
229.12	0.653
229.33	0.640
229.55	0.627
229.77	0.615
229.99	0.603
230.21	0.590
230.42	0.578
230.64	0.567
230.86	0.557
231.08	0.546
231.30	0.536
231.51	0.526
231.73	0.517
231.95	0.507
232.17	0.498
232.38	0.490
232.60	0.481
232.82	0.473
233.04	0.464
233.26	0.456
233.47	0.448
233.69	0.441
233.91	0.435
234.13	0.428
234.35	0.422
234.56	0.416
234.78	0.410
235.00	0.404
235.22	0.399
235.43	0.393
235.65	0.388
235.87	0.382
236.09	0.378
236.30	0.373
236.52	0.369
236.74	0.365
236.96	0.361
237.18	0.357
237.39	0.352
237.61	0.349
237.83	0.345
238.05	0.341
238.26	0.338
238.48	0.334
238.70	0.331
238.92	0.328
239.13	0.325
239.35	0.324
239.57	0.320
239.79	0.318
240.00	0.316
240.22	0.313
240.44	0.310
240.66	0.308
240.87	0.306
241.09	0.304
241.31	0.302
241.53	0.301
241.74	0.299
241.96	0.297
242.18	0.295
242.40	0.294
242.61	0.292
242.83	0.290
243.05	0.288
243.27	0.286
243.48	0.285
243.70	0.283
243.92	0.282
244.13	0.281
244.35	0.280
244.57	0.280
244.79	0.279
245.00	0.277
245.22	0.276
245.44	0.275
245.65	0.274
245.87	0.272
246.09	0.271
246.31	0.270
246.52	0.269
246.74	0.268
246.96	0.268
247.18	0.267
247.39	0.265
247.61	0.265
247.83	0.264
248.04	0.263
248.26	0.262
248.48	0.261
248.69	0.260
248.91	0.259
249.13	0.259
249.35	0.259
249.56	0.258
249.78	0.258
250.00	0.258
250.21	0.257
250.43	0.256
250.65	0.255
250.86	0.255
251.08	0.254
251.30	0.253
251.51	0.253
251.73	0.253
251.95	0.252
252.17	0.251
252.38	0.251
252.60	0.250
252.82	0.250
253.03	0.250
253.25	0.249
253.47	0.249
253.68	0.248
253.90	0.248
254.12	0.248
254.33	0.248
254.55	0.248
254.77	0.248
254.98	0.247
255.20	0.247
255.42	0.246
255.63	0.246
255.85	0.246
256.07	0.246
256.28	0.245
256.50	0.245
256.72	0.244
256.93	0.244
257.15	0.245
257.37	0.246
257.58	0.246
257.80	0.246
258.02	0.245
258.23	0.246
258.45	0.245
258.67	0.245
258.88	0.244
259.10	0.243
259.32	0.243
259.53	0.242
259.75	0.242
259.96	0.241
260.18	0.241
260.40	0.241
260.61	0.240
260.83	0.239
261.05	0.240
261.26	0.239
261.48	0.239
261.70	0.239
261.91	0.238
262.13	0.237
262.34	0.237
262.56	0.237
262.78	0.237
262.99	0.237
263.21	0.237
263.43	0.237
263.64	0.237
263.86	0.237
264.07	0.237
264.29	0.237
264.51	0.237
264.72	0.236
264.94	0.236
265.16	0.237
265.37	0.236
265.59	0.236
265.80	0.236
266.02	0.236
266.24	0.236
266.45	0.236
266.67	0.236
266.88	0.236
267.10	0.235
267.32	0.235
267.53	0.235
267.75	0.235
267.96	0.235
268.18	0.234
268.40	0.234
268.61	0.233
268.83	0.233
269.04	0.233
269.26	0.233
269.48	0.233
269.69	0.233
269.91	0.233
270.12	0.233
270.34	0.233
270.56	0.233
270.77	0.233
270.99	0.232
271.20	0.232
271.42	0.232
271.64	0.232
271.85	0.231
272.07	0.231
272.28	0.231
272.50	0.231
272.71	0.231
272.93	0.231
273.15	0.231
273.36	0.231
273.58	0.230
273.79	0.230
274.01	0.229
274.22	0.229
274.44	0.229
274.66	0.229
274.87	0.229
275.09	0.228
275.30	0.228
275.52	0.228
275.73	0.228
275.95	0.228
276.16	0.228
276.38	0.228
276.60	0.228
276.81	0.228
277.03	0.228
277.24	0.228
277.46	0.227
277.67	0.227
277.89	0.227
278.10	0.226
278.32	0.226
278.53	0.225
278.75	0.224
278.97	0.224
279.18	0.224
279.40	0.225
279.61	0.224
279.83	0.223
280.04	0.223
280.26	0.223
280.47	0.223
280.69	0.223
280.90	0.222
281.12	0.222
281.33	0.222
281.55	0.222
281.76	0.222
281.98	0.223
282.20	0.222
282.41	0.222
282.63	0.222
282.84	0.222
283.06	0.222
283.27	0.222
283.49	0.221
283.70	0.221
283.92	0.220
284.13	0.220
284.35	0.220
284.56	0.219
284.78	0.220
284.99	0.219
285.21	0.219
285.42	0.219
285.64	0.219
285.85	0.218
286.07	0.218
286.28	0.218
286.50	0.218
286.71	0.217
286.93	0.218
287.14	0.217
287.36	0.217
287.57	0.217
287.79	0.217
288.00	0.217
288.22	0.217
288.43	0.216
288.65	0.215
288.86	0.215
289.08	0.215
289.29	0.214
289.51	0.214
289.72	0.213
289.94	0.212
290.15	0.212
290.37	0.212
290.58	0.211
290.80	0.212
291.01	0.211
291.22	0.211
291.44	0.211
291.65	0.211
291.87	0.211
292.08	0.211
292.30	0.211
292.51	0.211
292.73	0.211
292.94	0.211
293.16	0.211
293.37	0.210
293.59	0.210
293.80	0.210
294.02	0.209
294.23	0.209
294.44	0.209
294.66	0.208
294.87	0.208
295.09	0.207
295.30	0.207
295.52	0.206
295.73	0.206
295.95	0.205
296.16	0.205
296.37	0.204
296.59	0.204
296.80	0.204
297.02	0.203
297.23	0.203
297.45	0.203
297.66	0.203
297.88	0.203
298.09	0.203
298.30	0.203
298.52	0.203
298.73	0.202
298.95	0.202
299.16	0.202
299.38	0.202
299.59	0.202
299.80	0.201
300.02	0.201
300.23	0.200
300.45	0.200
300.66	0.199
300.88	0.199
301.09	0.198
301.30	0.198
301.52	0.197
301.73	0.196
301.95	0.196
302.16	0.196
302.37	0.196
302.59	0.196
302.80	0.195
303.02	0.196
303.23	0.195
303.45	0.195
303.66	0.195
303.87	0.194
304.09	0.194
304.30	0.193
304.52	0.193
304.73	0.193
304.94	0.192
305.16	0.193
305.37	0.192
305.59	0.192
305.80	0.192
306.01	0.192
306.23	0.191
306.44	0.191
306.65	0.191
306.87	0.190
307.08	0.190
307.30	0.190
307.51	0.190
307.72	0.189
307.94	0.189
308.15	0.188
308.37	0.188
308.58	0.188
308.79	0.188
309.01	0.188
309.22	0.187
309.43	0.187
309.65	0.187
309.86	0.187
310.07	0.187
310.29	0.186
310.50	0.186
310.72	0.185
310.93	0.185
311.14	0.184
311.36	0.184
311.57	0.184
311.78	0.184
312.00	0.183
312.21	0.183
312.42	0.183
312.64	0.183
312.85	0.183
313.07	0.183
313.28	0.182
313.49	0.182
313.71	0.182
313.92	0.182
314.13	0.181
314.35	0.181
314.56	0.181
314.77	0.181
314.99	0.181
315.20	0.181
315.41	0.180
315.63	0.181
315.84	0.181
316.05	0.181
316.27	0.180
316.48	0.181
316.69	0.181
316.91	0.180
317.12	0.180
317.33	0.180
317.55	0.179
317.76	0.179
317.97	0.179
318.19	0.178
318.40	0.177
318.61	0.177
318.83	0.177
319.04	0.176
319.25	0.176
319.47	0.175
319.68	0.175
319.89	0.175
320.10	0.175
320.32	0.175
320.53	0.175
320.74	0.176
320.96	0.176
321.17	0.176
321.38	0.175
321.60	0.175
321.81	0.175
322.02	0.175
322.24	0.175
322.45	0.174
322.66	0.174
322.87	0.173
323.09	0.172
323.30	0.172
323.51	0.172
323.73	0.171
323.94	0.171
324.15	0.171
324.36	0.171
324.58	0.171
324.79	0.172
325.00	0.172
325.22	0.171
325.43	0.171
325.64	0.171
325.85	0.171
326.07	0.171
326.28	0.171
326.49	0.171
326.71	0.171
326.92	0.170
327.13	0.171
327.34	0.170
327.56	0.170
327.77	0.170
327.98	0.170
328.19	0.170
328.41	0.169
328.62	0.169
328.83	0.169
329.04	0.169
329.26	0.168
329.47	0.169
329.68	0.169
329.90	0.169
330.11	0.169
330.32	0.168
330.53	0.168
330.75	0.168
330.96	0.168
331.17	0.168
331.38	0.168
331.60	0.167
331.81	0.167
332.02	0.167
332.23	0.167
332.44	0.167
332.66	0.167
332.87	0.167
333.08	0.167
333.29	0.167
333.51	0.167
333.72	0.166
333.93	0.166
334.14	0.166
334.36	0.166
334.57	0.166
334.78	0.165
334.99	0.165
335.21	0.165
335.42	0.165
335.63	0.165
335.84	0.164
336.05	0.165
336.27	0.164
336.48	0.165
336.69	0.165
336.90	0.165
337.11	0.164
337.33	0.164
337.54	0.164
337.75	0.164
337.96	0.164
338.18	0.163
338.39	0.163
338.60	0.162
338.81	0.162
339.02	0.162
339.24	0.162
339.45	0.162
339.66	0.162
339.87	0.161
340.08	0.161
340.30	0.161
340.51	0.161
340.72	0.161
340.93	0.160
341.14	0.160
341.36	0.161
341.57	0.161
341.78	0.160
341.99	0.160
342.20	0.161
342.41	0.160
342.63	0.159
342.84	0.159
343.05	0.159
343.26	0.158
343.47	0.158
343.69	0.158
343.90	0.157
344.11	0.157
344.32	0.157
344.53	0.157
344.74	0.157
344.96	0.157
345.17	0.157
345.38	0.157
345.59	0.156
345.80	0.156
346.01	0.156
346.23	0.156
346.44	0.156
346.65	0.156
346.86	0.155
347.07	0.155
347.28	0.155
347.50	0.154
347.71	0.154
347.92	0.154
348.13	0.154
348.34	0.154
348.55	0.154
348.76	0.154
348.98	0.154
349.19	0.154
349.40	0.154
349.61	0.153
349.82	0.153
350.03	0.153
350.24	0.153
350.46	0.152
350.67	0.153
350.88	0.152
351.09	0.151
351.30	0.151
351.51	0.152
351.72	0.152
351.93	0.152
352.15	0.152
352.36	0.152
352.57	0.152
352.78	0.151
352.99	0.151
353.20	0.151
353.41	0.150
353.62	0.150
353.84	0.149
354.05	0.148
354.26	0.148
354.47	0.147
354.68	0.147
354.89	0.147
355.10	0.148
355.31	0.147
355.52	0.147
355.74	0.147
355.95	0.147
356.16	0.146
356.37	0.146
356.58	0.146
356.79	0.145
357.00	0.145
357.21	0.145
357.42	0.145
357.63	0.145
357.85	0.145
358.06	0.145
358.27	0.145
358.48	0.144
358.69	0.145
358.90	0.145
359.11	0.145
359.32	0.144
359.53	0.144
359.74	0.143
359.95	0.144
360.17	0.143
360.38	0.143
360.59	0.142
360.80	0.142
361.01	0.141
361.22	0.141
361.43	0.141
361.64	0.141
361.85	0.141
362.06	0.141
362.27	0.141
362.48	0.141
362.69	0.141
362.90	0.141
363.12	0.141
363.33	0.141
363.54	0.141
363.75	0.140
363.96	0.140
364.17	0.140
364.38	0.141
364.59	0.141
364.80	0.140
365.01	0.140
365.22	0.140
365.43	0.140
365.64	0.139
365.85	0.140
366.06	0.139
366.27	0.139
366.48	0.138
366.69	0.137
366.90	0.138
367.11	0.137
367.32	0.137
367.54	0.137
367.75	0.137
367.96	0.137
368.17	0.137
368.38	0.137
368.59	0.137
368.80	0.136
369.01	0.136
369.22	0.137
369.43	0.136
369.64	0.136
369.85	0.136
370.06	0.135
370.27	0.135
370.48	0.135
370.69	0.135
370.90	0.134
371.11	0.134
371.32	0.134
371.53	0.134
371.74	0.134
371.95	0.133
372.16	0.133
372.37	0.133
372.58	0.133
372.79	0.133
373.00	0.133
373.21	0.133
373.42	0.132
373.63	0.132
373.84	0.132
374.05	0.133
374.26	0.133
374.47	0.132
374.68	0.132
374.89	0.131
375.10	0.131
375.31	0.131
375.52	0.131
375.73	0.131
375.94	0.131
376.15	0.130
376.36	0.131
376.57	0.131
376.78	0.131
376.99	0.131
377.20	0.131
377.41	0.130
377.62	0.130
377.83	0.129
378.04	0.129
378.25	0.128
378.46	0.128
378.67	0.127
378.88	0.127
379.09	0.127
379.30	0.127
379.51	0.127
379.72	0.128
379.92	0.128
380.13	0.128
380.34	0.128
380.55	0.128
380.76	0.128
380.97	0.127
381.18	0.127
381.39	0.127
381.60	0.126
381.81	0.126
382.02	0.126
382.23	0.126
382.44	0.126
382.65	0.126
382.86	0.126
383.07	0.126
383.28	0.126
383.49	0.126
383.70	0.126
383.91	0.125
384.11	0.124
384.32	0.124
384.53	0.124
384.74	0.125
384.95	0.124
385.16	0.124
385.37	0.123
385.58	0.123
385.79	0.123
386.00	0.124
386.21	0.124
386.42	0.123
386.63	0.123
386.84	0.123
387.04	0.123
387.25	0.123
387.46	0.123
387.67	0.123
387.88	0.122
388.09	0.122
388.30	0.122
388.51	0.122
388.72	0.121
388.93	0.121
389.14	0.122
389.34	0.121
389.55	0.121
389.76	0.122
389.97	0.121
390.18	0.122
390.39	0.122
390.60	0.123
390.81	0.123
391.02	0.123
391.23	0.122
391.43	0.123
391.64	0.122
391.85	0.123
392.06	0.122
392.27	0.122
392.48	0.121
392.69	0.121
392.90	0.120
393.11	0.120
393.31	0.119
393.52	0.119
393.73	0.119
393.94	0.119
394.15	0.118
394.36	0.118
394.57	0.119
394.78	0.118
394.98	0.119
395.19	0.119
395.40	0.118
395.61	0.118
395.82	0.117
396.03	0.117
396.24	0.117
396.44	0.117
396.65	0.117
396.86	0.116
397.07	0.117
397.28	0.117
397.49	0.117
397.70	0.116
397.90	0.116
398.11	0.116
398.32	0.116
398.53	0.116
398.74	0.117
398.95	0.117
399.16	0.117
399.36	0.117
399.57	0.117
399.78	0.118
399.99	0.118
400.20	0.118
400.41	0.118
400.61	0.117
400.82	0.118
401.03	0.117
401.24	0.118
401.45	0.118
401.66	0.118
401.86	0.117
402.07	0.117
402.28	0.117
402.49	0.117
402.70	0.117
402.91	0.117
403.11	0.116
403.32	0.115
403.53	0.115
403.74	0.115
403.95	0.114
404.15	0.114
404.36	0.115
404.57	0.114
404.78	0.114
404.99	0.114
405.20	0.114
405.40	0.113
405.61	0.114
405.82	0.114
406.03	0.115
406.24	0.114
406.44	0.114
406.65	0.114
406.86	0.115
407.07	0.115
407.28	0.115
407.48	0.115
407.69	0.115
407.90	0.114
408.11	0.114
408.32	0.114
408.52	0.114
408.73	0.114
408.94	0.114
409.15	0.115
409.35	0.114
409.56	0.114
409.77	0.114
409.98	0.114
410.19	0.114
410.39	0.114
410.60	0.113
410.81	0.113
411.02	0.113
411.22	0.113
411.43	0.113
411.64	0.113
411.85	0.113
412.05	0.113
412.26	0.113
412.47	0.114
412.68	0.115
412.89	0.114
413.09	0.114
413.30	0.113
413.51	0.113
413.72	0.113
413.92	0.113
414.13	0.113
414.34	0.112
414.55	0.112
414.75	0.112
414.96	0.112
415.17	0.112
415.38	0.112
415.58	0.112
415.79	0.111
416.00	0.111
416.21	0.111
416.41	0.111
416.62	0.112
416.83	0.112
417.03	0.112
417.24	0.112
417.45	0.113
417.66	0.113
417.86	0.114
418.07	0.114
418.28	0.113
418.49	0.113
418.69	0.113
418.90	0.113
419.11	0.113
419.31	0.112
419.52	0.112
419.73	0.112
419.94	0.112
420.14	0.112
420.35	0.111
420.56	0.111
420.76	0.112
420.97	0.111
421.18	0.111
421.39	0.111
421.59	0.111
421.80	0.110
422.01	0.110
422.21	0.110
422.42	0.110
422.63	0.110
422.84	0.110
423.04	0.110
423.25	0.110
423.46	0.110
423.66	0.109
423.87	0.110
424.08	0.110
424.28	0.110
424.49	0.110
424.70	0.110
424.90	0.110
425.11	0.110
425.32	0.110
425.52	0.109
425.73	0.109
425.94	0.109
426.15	0.108
426.35	0.108
426.56	0.108
426.77	0.108
426.97	0.108
427.18	0.109
427.39	0.108
427.59	0.109
427.80	0.109
428.01	0.109
428.21	0.109
428.42	0.109
428.63	0.109
428.83	0.109
429.04	0.109
429.25	0.109
429.45	0.109
429.66	0.110
429.87	0.110
430.07	0.110
430.28	0.109
430.48	0.109
430.69	0.109
430.90	0.109
431.10	0.109
431.31	0.109
431.52	0.108
431.72	0.108
431.93	0.107
432.14	0.108
432.34	0.108
432.55	0.109
432.76	0.108
432.96	0.107
433.17	0.108
433.37	0.108
433.58	0.108
433.79	0.109
433.99	0.108
434.20	0.108
434.41	0.108
434.61	0.108
434.82	0.109
435.02	0.109
435.23	0.108
435.44	0.108
435.64	0.108
435.85	0.108
436.06	0.108
436.26	0.108
436.47	0.108
436.67	0.107
436.88	0.108
437.09	0.107
437.29	0.108
437.50	0.108
437.70	0.108
437.91	0.108
438.12	0.107
438.32	0.107
438.53	0.107
438.73	0.107
438.94	0.106
439.15	0.106
439.35	0.105
439.56	0.105
439.76	0.105
439.97	0.105
440.18	0.105
440.38	0.105
440.59	0.105
440.79	0.106
441.00	0.105
441.20	0.105
441.41	0.106
441.62	0.106
441.82	0.106
442.03	0.106
442.23	0.106
442.44	0.106
442.65	0.106
442.85	0.106
443.06	0.106
443.26	0.106
443.47	0.105
443.67	0.105
443.88	0.104
444.09	0.104
444.29	0.104
444.50	0.104
444.70	0.104
444.91	0.104
445.11	0.104
445.32	0.105
445.52	0.106
445.73	0.106
445.94	0.106
446.14	0.107
446.35	0.107
446.55	0.106
446.76	0.107
446.96	0.107
447.17	0.107
447.37	0.106
447.58	0.106
447.78	0.107
447.99	0.106
448.20	0.106
448.40	0.107
448.61	0.106
448.81	0.106
449.02	0.106
449.22	0.107
449.43	0.106
449.63	0.105
449.84	0.105
450.04	0.105
450.25	0.104
450.45	0.105
450.66	0.104
450.86	0.105
451.07	0.104
451.27	0.104
451.48	0.104
451.68	0.105
451.89	0.105
452.09	0.105
452.30	0.105
452.50	0.105
452.71	0.105
452.91	0.105
453.12	0.105
453.33	0.104
453.53	0.104
453.74	0.104
453.94	0.104
454.15	0.104
454.35	0.104
454.56	0.104
454.76	0.104
454.96	0.104
455.17	0.104
455.37	0.103
455.58	0.104
455.78	0.103
455.99	0.103
456.19	0.103
456.40	0.102
456.60	0.103
456.81	0.103
457.01	0.103
457.22	0.104
457.42	0.104
457.63	0.104
457.83	0.105
458.04	0.105
458.24	0.105
458.45	0.104
458.65	0.104
458.86	0.104
459.06	0.103
459.27	0.102
459.47	0.102
459.67	0.102
459.88	0.102
460.08	0.101
460.29	0.101
460.49	0.101
460.70	0.102
460.90	0.101
461.11	0.101
461.31	0.101
461.52	0.101
461.72	0.101
461.92	0.101
462.13	0.101
462.33	0.101
462.54	0.101
462.74	0.101
462.95	0.101
463.15	0.101
463.36	0.102
463.56	0.102
463.76	0.102
463.97	0.103
464.17	0.103
464.38	0.102
464.58	0.102
464.79	0.103
464.99	0.103
465.19	0.103
465.40	0.102
465.60	0.102
465.81	0.101
466.01	0.101
466.22	0.102
466.42	0.102
466.62	0.101
466.83	0.102
467.03	0.102
467.24	0.103
467.44	0.103
467.65	0.104
467.85	0.103
468.05	0.103
468.26	0.103
468.46	0.104
468.67	0.103
468.87	0.103
469.07	0.103
469.28	0.103
469.48	0.102
469.69	0.102
469.89	0.102
470.09	0.102
470.30	0.101
470.50	0.101
470.71	0.101
470.91	0.101
471.11	0.100
471.32	0.100
471.52	0.100
471.72	0.100
471.93	0.100
472.13	0.100
472.34	0.099
472.54	0.099
472.74	0.098
472.95	0.098
473.15	0.098
473.35	0.097
473.56	0.098
473.76	0.098
473.97	0.099
474.17	0.099
474.37	0.100
474.58	0.100
474.78	0.100
474.98	0.101
475.19	0.101
475.39	0.101
475.60	0.101
475.80	0.100
476.00	0.100
476.21	0.100
476.41	0.099
476.61	0.099
476.82	0.099
477.02	0.099
477.22	0.099
477.43	0.099
477.63	0.098
477.83	0.099
478.04	0.098
478.24	0.099
478.44	0.099
478.65	0.099
478.85	0.099
479.05	0.098
479.26	0.099
479.46	0.099
479.66	0.099
479.87	0.099
480.07	0.099
480.27	0.099
480.48	0.099
480.68	0.099
480.88	0.099
481.09	0.100
481.29	0.099
481.49	0.099
481.70	0.099
481.90	0.099
482.10	0.099
482.31	0.099
482.51	0.099
482.71	0.099
482.92	0.098
483.12	0.098
483.32	0.098
483.52	0.099
483.73	0.099
483.93	0.099
484.13	0.099
484.34	0.099
484.54	0.099
484.74	0.098
484.95	0.098
485.15	0.098
485.35	0.097
485.55	0.096
485.76	0.096
485.96	0.097
486.16	0.097
486.37	0.097
486.57	0.097
486.77	0.097
486.97	0.096
487.18	0.097
487.38	0.098
487.58	0.097
487.79	0.097
487.99	0.097
488.19	0.097
488.39	0.097
488.60	0.097
488.80	0.097
489.00	0.097
489.20	0.097
489.41	0.097
489.61	0.097
489.81	0.096
490.02	0.096
490.22	0.097
490.42	0.097
490.62	0.097
490.83	0.097
491.03	0.097
491.23	0.097
491.43	0.097
491.64	0.097
491.84	0.096
492.04	0.096
492.24	0.097
492.45	0.096
492.65	0.096
492.85	0.096
493.05	0.096
493.26	0.096
493.46	0.096
493.66	0.097
493.86	0.096
494.07	0.096
494.27	0.097
494.47	0.096
494.67	0.096
494.87	0.096
495.08	0.096
495.28	0.096
495.48	0.096
495.68	0.096
495.89	0.096
496.09	0.096
496.29	0.096
496.49	0.096
496.69	0.097
496.90	0.097
497.10	0.096
497.30	0.096
497.50	0.096
497.71	0.096
497.91	0.095
498.11	0.095
498.31	0.095
498.51	0.095
498.72	0.095
498.92	0.095
499.12	0.095
499.32	0.095
499.52	0.095
499.73	0.095
499.93	0.095
500.13	0.095
500.33	0.095
500.53	0.095
500.74	0.095
500.94	0.095
501.14	0.095
501.34	0.095
501.54	0.095
501.74	0.095
501.95	0.095
502.15	0.095
502.35	0.095
502.55	0.095
502.75	0.095
502.96	0.095
503.16	0.095
503.36	0.095
503.56	0.095
503.76	0.096
503.96	0.096
504.17	0.096
504.37	0.095
504.57	0.095
504.77	0.095
504.97	0.095
505.17	0.095
505.38	0.094
505.58	0.093
505.78	0.094
505.98	0.094
506.18	0.094
506.38	0.094
506.58	0.094
506.79	0.094
506.99	0.095
507.19	0.096
507.39	0.096
507.59	0.095
507.79	0.095
507.99	0.095
508.20	0.095
508.40	0.094
508.60	0.094
508.80	0.094
509.00	0.094
509.20	0.094
509.40	0.094
509.61	0.094
509.81	0.094
510.01	0.093
510.21	0.093
510.41	0.093
510.61	0.093
510.81	0.092
511.01	0.092
511.22	0.092
511.42	0.092
511.62	0.092
511.82	0.093
512.02	0.093
512.22	0.094
512.42	0.094
512.62	0.094
512.82	0.094
513.03	0.094
513.23	0.094
513.43	0.094
513.63	0.094
513.83	0.094
514.03	0.094
514.23	0.094
514.43	0.094
514.63	0.094
514.83	0.094
515.04	0.093
515.24	0.093
515.44	0.094
515.64	0.093
515.84	0.093
516.04	0.093
516.24	0.093
516.44	0.093
516.64	0.094
516.84	0.094
517.04	0.093
517.24	0.094
517.45	0.094
517.65	0.093
517.85	0.093
518.05	0.093
518.25	0.092
518.45	0.091
518.65	0.091
518.85	0.091
519.05	0.090
519.25	0.090
519.45	0.091
519.65	0.091
519.85	0.091
520.05	0.092
520.25	0.092
520.46	0.092
520.66	0.092
520.86	0.093
521.06	0.093
521.26	0.093
521.46	0.092
521.66	0.093
521.86	0.093
522.06	0.092
522.26	0.092
522.46	0.092
522.66	0.092
522.86	0.092
523.06	0.092
523.26	0.092
523.46	0.092
523.66	0.092
523.86	0.092
524.06	0.093
524.26	0.093
524.46	0.093
524.66	0.093
524.86	0.093
525.06	0.093
525.26	0.093
525.46	0.092
525.66	0.092
525.87	0.092
526.07	0.091
526.27	0.091
526.47	0.091
526.67	0.090
526.87	0.090
527.07	0.090
527.27	0.091
527.47	0.092
527.67	0.092
527.87	0.091
528.07	0.091
528.27	0.091
528.47	0.091
528.67	0.091
528.87	0.091
529.07	0.090
529.27	0.090
529.47	0.090
529.67	0.090
529.87	0.091
530.07	0.091
530.27	0.091
530.47	0.091
530.67	0.091
530.87	0.092
531.06	0.092
531.26	0.092
531.46	0.092
531.66	0.092
531.86	0.091
532.06	0.091
532.26	0.091
532.46	0.091
532.66	0.091
532.86	0.091
533.06	0.091
533.26	0.092
533.46	0.091
533.66	0.091
533.86	0.091
534.06	0.091
534.26	0.091
534.46	0.090
534.66	0.090
534.86	0.090
535.06	0.090
535.26	0.089
535.46	0.090
535.66	0.090
535.86	0.090
536.06	0.090
536.26	0.091
536.45	0.091
536.65	0.091
536.85	0.091
537.05	0.092
537.25	0.091
537.45	0.090
537.65	0.090
537.85	0.090
538.05	0.090
538.25	0.090
538.45	0.090
538.65	0.089
538.85	0.089
539.05	0.090
539.25	0.090
539.44	0.089
539.64	0.089
539.84	0.089
540.04	0.089
540.24	0.089
540.44	0.089
540.64	0.089
540.84	0.089
541.04	0.089
541.24	0.089
541.44	0.089
541.64	0.089
541.83	0.090
542.03	0.089
542.23	0.089
542.43	0.089
542.63	0.089
542.83	0.088
543.03	0.087
543.23	0.087
543.43	0.088
543.63	0.087
543.82	0.087
544.02	0.088
544.22	0.088
544.42	0.088
544.62	0.088
544.82	0.089
545.02	0.089
545.22	0.089
545.42	0.089
545.61	0.088
545.81	0.088
546.01	0.088
546.21	0.088
546.41	0.089
546.61	0.089
546.81	0.088
547.01	0.089
547.20	0.088
547.40	0.088
547.60	0.088
547.80	0.088
548.00	0.088
548.20	0.088
548.40	0.088
548.59	0.088
548.79	0.088
548.99	0.087
549.19	0.087
549.39	0.088
549.59	0.087
549.79	0.087
549.98	0.087
550.18	0.087
550.38	0.087
550.58	0.086
550.78	0.087
550.98	0.088
551.17	0.088
551.37	0.089
551.57	0.089
551.77	0.089
551.97	0.089
552.17	0.089
552.36	0.089
552.56	0.089
552.76	0.089
552.96	0.088
553.16	0.088
553.36	0.088
553.55	0.088
553.75	0.088
553.95	0.087
554.15	0.087
554.35	0.087
554.55	0.087
554.74	0.088
554.94	0.088
555.14	0.087
555.34	0.087
555.54	0.087
555.73	0.087
555.93	0.087
556.13	0.087
556.33	0.087
556.53	0.086
556.72	0.086
556.92	0.087
557.12	0.087
557.32	0.086
557.52	0.087
557.71	0.086
557.91	0.087
558.11	0.087
558.31	0.087
558.51	0.088
558.70	0.088
558.90	0.087
559.10	0.088
559.30	0.088
559.49	0.087
559.69	0.087
559.89	0.087
560.09	0.087
560.29	0.087
560.48	0.086
560.68	0.086
560.88	0.086
561.08	0.086
561.27	0.086
561.47	0.087
561.67	0.087
561.87	0.086
562.06	0.087
562.26	0.087
562.46	0.087
562.66	0.087
562.86	0.087
563.05	0.087
563.25	0.087
563.45	0.087
563.65	0.087
563.84	0.086
564.04	0.087
564.24	0.087
564.44	0.087
564.63	0.087
564.83	0.086
565.03	0.086
565.22	0.087
565.42	0.087
565.62	0.087
565.82	0.087
566.01	0.086
566.21	0.086
566.41	0.086
566.61	0.086
566.80	0.087
567.00	0.086
567.20	0.086
567.40	0.086
567.59	0.086
567.79	0.087
567.99	0.086
568.18	0.086
568.38	0.086
568.58	0.085
568.78	0.086
568.97	0.086
569.17	0.085
569.37	0.085
569.56	0.086
569.76	0.086
569.96	0.086
570.16	0.086
570.35	0.086
570.55	0.086
570.75	0.086
570.94	0.086
571.14	0.086
571.34	0.086
571.53	0.085
571.73	0.085
571.93	0.085
572.12	0.085
572.32	0.085
572.52	0.085
572.72	0.085
572.91	0.085
573.11	0.085
573.31	0.085
573.50	0.085
573.70	0.085
573.90	0.084
574.09	0.085
574.29	0.085
574.49	0.085
574.68	0.085
574.88	0.085
575.08	0.084
575.27	0.084
575.47	0.085
575.67	0.085
575.86	0.085
576.06	0.085
576.26	0.085
576.45	0.085
576.65	0.085
576.85	0.085
577.04	0.085
577.24	0.085
577.44	0.085
577.63	0.084
577.83	0.084
578.02	0.084
578.22	0.084
578.42	0.084
578.61	0.085
578.81	0.085
579.01	0.085
579.20	0.085
579.40	0.085
579.60	0.085
579.79	0.085
579.99	0.085
580.19	0.085
580.38	0.085
580.58	0.084
580.77	0.084
580.97	0.084
581.17	0.084
581.36	0.084
581.56	0.084
581.75	0.084
581.95	0.083
582.15	0.084
582.34	0.084
582.54	0.084
582.74	0.083
582.93	0.083
583.13	0.083
583.32	0.083
583.52	0.083
583.72	0.083
583.91	0.083
584.11	0.083
584.30	0.083
584.50	0.083
584.70	0.083
584.89	0.083
585.09	0.083
585.28	0.083
585.48	0.083
585.68	0.083
585.87	0.083
586.07	0.082
586.26	0.082
586.46	0.083
586.66	0.083
586.85	0.083
587.05	0.083
587.24	0.083
587.44	0.083
587.63	0.083
587.83	0.084
588.03	0.084
588.22	0.084
588.42	0.084
588.61	0.084
588.81	0.084
589.00	0.084
589.20	0.084
589.40	0.084
589.59	0.083
589.79	0.083
589.98	0.084
590.18	0.083
590.37	0.083
590.57	0.083
590.76	0.083
590.96	0.083
591.16	0.083
591.35	0.084
591.55	0.084
591.74	0.083
591.94	0.083
592.13	0.083
592.33	0.083
592.52	0.083
592.72	0.083
592.91	0.082
593.11	0.082
593.30	0.082
593.50	0.082
593.70	0.082
593.89	0.083
594.09	0.083
594.28	0.083
594.48	0.083
594.67	0.083
594.87	0.083
595.06	0.083
595.26	0.084
595.45	0.084
595.65	0.084
595.84	0.084
596.04	0.084
596.23	0.083
596.43	0.084
596.62	0.083
596.82	0.083
597.01	0.084
597.21	0.083
597.40	0.083
597.60	0.082
597.79	0.082
597.99	0.082
598.18	0.082
598.38	0.082
598.57	0.082
598.77	0.082
598.96	0.082
599.16	0.082
599.35	0.082
599.55	0.082
599.74	0.082
599.94	0.082
600.13	0.081
600.33	0.081
600.52	0.081
600.72	0.080
600.91	0.081
601.11	0.081
601.30	0.081
601.50	0.081
601.69	0.082
601.89	0.082
602.08	0.082
602.27	0.082
602.47	0.083
602.66	0.083
602.86	0.082
603.05	0.082
603.25	0.082
603.44	0.081
603.64	0.081
603.83	0.081
604.03	0.081
604.22	0.080
604.41	0.081
604.61	0.080
604.80	0.080
605.00	0.080
605.19	0.080
605.39	0.080
605.58	0.080
605.78	0.081
605.97	0.081
606.16	0.081
606.36	0.081
606.55	0.081
606.75	0.082
606.94	0.082
607.14	0.082
607.33	0.082
607.52	0.081
607.72	0.082
607.91	0.082
608.11	0.082
608.30	0.082
608.50	0.082
608.69	0.081
608.88	0.081
609.08	0.082
609.27	0.082
609.47	0.082
609.66	0.081
609.85	0.082
610.05	0.081
610.24	0.081
610.44	0.082
610.63	0.082
610.83	0.082
611.02	0.082
611.21	0.082
611.41	0.081
611.60	0.081
611.80	0.082
611.99	0.081
612.18	0.081
612.38	0.081
612.57	0.081
612.76	0.081
612.96	0.081
613.15	0.081
613.35	0.081
613.54	0.081
613.73	0.081
613.93	0.081
614.12	0.081
614.32	0.081
614.51	0.080
614.70	0.080
614.90	0.080
615.09	0.080
615.28	0.080
615.48	0.080
615.67	0.080
615.86	0.079
616.06	0.080
616.25	0.080
616.45	0.080
616.64	0.080
616.83	0.081
617.03	0.081
617.22	0.081
617.41	0.081
617.61	0.081
617.80	0.081
617.99	0.081
618.19	0.081
618.38	0.081
618.57	0.081
618.77	0.081
618.96	0.081
619.15	0.081
619.35	0.081
619.54	0.082
619.73	0.081
619.93	0.081
620.12	0.081
620.31	0.081
620.51	0.080
620.70	0.080
620.89	0.080
621.09	0.080
621.28	0.079
621.47	0.080
621.67	0.080
621.86	0.080
622.05	0.079
622.25	0.080
622.44	0.080
622.63	0.079
622.83	0.079
623.02	0.079
623.21	0.080
623.41	0.079
623.60	0.079
623.79	0.079
623.98	0.079
624.18	0.079
624.37	0.079
624.56	0.079
624.76	0.079
624.95	0.079
625.14	0.079
625.33	0.079
625.53	0.079
625.72	0.079
625.91	0.079
626.11	0.079
626.30	0.079
626.49	0.079
626.68	0.079
626.88	0.079
627.07	0.080
627.26	0.080
627.46	0.080
627.65	0.080
627.84	0.080
628.03	0.080
628.23	0.080
628.42	0.080
628.61	0.080
628.80	0.079
629.00	0.079
629.19	0.079
629.38	0.079
629.58	0.080
629.77	0.080
629.96	0.080
630.15	0.080
630.35	0.080
630.54	0.080
630.73	0.080
630.92	0.080
631.12	0.080
631.31	0.080
631.50	0.080
631.69	0.079
631.89	0.079
632.08	0.079
632.27	0.079
632.46	0.078
632.65	0.079
632.85	0.078
633.04	0.078
633.23	0.079
633.42	0.079
633.62	0.079
633.81	0.079
634.00	0.078
634.19	0.079
634.39	0.079
634.58	0.079
634.77	0.079
634.96	0.079
635.15	0.079
635.35	0.080
635.54	0.080
635.73	0.080
635.92	0.080
636.11	0.079
636.31	0.079
636.50	0.079
636.69	0.079
636.88	0.079
637.07	0.078
637.27	0.079
637.46	0.079
637.65	0.079
637.84	0.079
638.03	0.079
638.23	0.079
638.42	0.079
638.61	0.080
638.80	0.080
638.99	0.079
639.19	0.079
639.38	0.080
639.57	0.079
639.76	0.079
639.95	0.079
640.14	0.079
640.34	0.078
640.53	0.078
640.72	0.078
640.91	0.077
641.10	0.078
641.30	0.078
641.49	0.078
641.68	0.079
641.87	0.079
642.06	0.079
642.25	0.079
642.44	0.079
642.64	0.079
642.83	0.079
643.02	0.079
643.21	0.078
643.40	0.078
643.59	0.077
643.79	0.078
643.98	0.077
644.17	0.078
644.36	0.078
644.55	0.078
644.74	0.077
644.93	0.078
645.13	0.078
645.32	0.078
645.51	0.078
645.70	0.078
645.89	0.078
646.08	0.078
646.27	0.078
646.46	0.079
646.66	0.078
646.85	0.079
647.04	0.079
647.23	0.079
647.42	0.079
647.61	0.079
647.80	0.079
647.99	0.079
648.19	0.079
648.38	0.079
648.57	0.079
648.76	0.078
648.95	0.078
649.14	0.078
649.33	0.078
649.52	0.078
649.71	0.078
649.91	0.078
650.10	0.078
650.29	0.078
650.48	0.078
650.67	0.078
650.86	0.078
651.05	0.078
651.24	0.078
651.43	0.078
651.62	0.077
651.81	0.078
652.01	0.078
652.20	0.077
652.39	0.078
652.58	0.078
652.77	0.078
652.96	0.078
653.15	0.078
653.34	0.078
653.53	0.078
653.72	0.078
653.91	0.078
654.10	0.077
654.29	0.077
654.48	0.076
654.68	0.076
654.87	0.076
655.06	0.075
655.25	0.075
655.44	0.075
655.63	0.076
655.82	0.076
656.01	0.076
656.20	0.076
656.39	0.076
656.58	0.077
656.77	0.077
656.96	0.077
657.15	0.077
657.34	0.077
657.53	0.076
657.72	0.076
657.91	0.076
658.10	0.076
658.29	0.076
658.48	0.076
658.68	0.076
658.87	0.077
659.06	0.077
659.25	0.077
659.44	0.077
659.63	0.077
659.82	0.078
660.01	0.077
660.20	0.077
660.39	0.078
660.58	0.077
660.77	0.077
660.96	0.078
661.15	0.078
661.34	0.077
661.53	0.078
661.72	0.077
661.91	0.078
662.10	0.077
662.29	0.078
662.48	0.078
662.67	0.078
662.86	0.078
663.05	0.078
663.24	0.078
663.43	0.078
663.62	0.078
663.81	0.078
664.00	0.078
664.19	0.077
664.38	0.077
664.57	0.077
664.76	0.077
664.95	0.076
665.14	0.076
665.33	0.076
665.52	0.076
665.71	0.076
665.90	0.076
666.09	0.076
666.28	0.077
666.46	0.077
666.65	0.077
666.84	0.077
667.03	0.077
667.22	0.077
667.41	0.077
667.60	0.077
667.79	0.077
667.98	0.077
668.17	0.077
668.36	0.077
668.55	0.077
668.74	0.077
668.93	0.077
669.12	0.077
669.31	0.077
669.50	0.076
669.69	0.077
669.88	0.076
670.07	0.076
670.26	0.076
670.44	0.076
670.63	0.076
670.82	0.077
671.01	0.077
671.20	0.077
671.39	0.076
671.58	0.076
671.77	0.076
671.96	0.076
672.15	0.077
672.34	0.076
672.53	0.076
672.72	0.076
672.91	0.075
673.09	0.076
673.28	0.076
673.47	0.076
673.66	0.076
673.85	0.076
674.04	0.075
674.23	0.076
674.42	0.076
674.61	0.076
674.80	0.076
674.98	0.075
675.17	0.075
675.36	0.075
675.55	0.075
675.74	0.075
675.93	0.075
676.12	0.075
676.31	0.075
676.50	0.075
676.69	0.076
676.87	0.075
677.06	0.075
677.25	0.075
677.44	0.076
677.63	0.075
677.82	0.075
678.01	0.075
678.20	0.075
678.38	0.075
678.57	0.075
678.76	0.076
678.95	0.076
679.14	0.076
679.33	0.076
679.52	0.077
679.71	0.076
679.89	0.076
680.08	0.076
680.27	0.076
680.46	0.076
680.65	0.075
680.84	0.075
681.02	0.075
681.21	0.074
681.40	0.075
681.59	0.075
681.78	0.075
681.97	0.075
682.16	0.075
682.34	0.075
682.53	0.076
682.72	0.075
682.91	0.075
683.10	0.075
683.29	0.075
683.47	0.075
683.66	0.074
683.85	0.075
684.04	0.074
684.23	0.074
684.42	0.074
684.60	0.074
684.79	0.075
684.98	0.075
685.17	0.075
685.36	0.075
685.54	0.075
685.73	0.075
685.92	0.075
686.11	0.075
686.30	0.075
686.49	0.075
686.67	0.076
686.86	0.075
687.05	0.075
687.24	0.075
687.43	0.075
687.61	0.075
687.80	0.075
687.99	0.075
688.18	0.075
688.36	0.075
688.55	0.075
688.74	0.075
688.93	0.075
689.12	0.075
689.30	0.074
689.49	0.075
689.68	0.075
689.87	0.075
690.06	0.075
690.24	0.074
690.43	0.074
690.62	0.075
690.81	0.075
690.99	0.075
691.18	0.074
691.37	0.074
691.56	0.074
691.74	0.074
691.93	0.074
692.12	0.074
692.31	0.075
692.50	0.074
692.68	0.075
692.87	0.075
693.06	0.075
693.25	0.075
693.43	0.075
693.62	0.075
693.81	0.075
694.00	0.075
694.18	0.075
694.37	0.075
694.56	0.075
694.74	0.075
694.93	0.075
695.12	0.075
695.31	0.076
695.49	0.076
695.68	0.076
695.87	0.076
696.06	0.075
696.24	0.075
696.43	0.075
696.62	0.075
696.80	0.075
696.99	0.075
697.18	0.074
697.37	0.074
697.55	0.074
697.74	0.074
697.93	0.075
698.12	0.075
698.30	0.075
698.49	0.075
698.68	0.075
698.86	0.075
699.05	0.075
699.24	0.075
699.42	0.075
699.61	0.075
699.80	0.075
699.99	0.074
700.17	0.074
700.36	0.074
700.55	0.074
700.73	0.074
700.92	0.074
701.11	0.074
701.29	0.074
701.48	0.074
701.67	0.074
701.85	0.074
702.04	0.074
702.23	0.074
702.41	0.074
702.60	0.074
702.79	0.075
702.97	0.075
703.16	0.074
703.35	0.074
703.53	0.075
703.72	0.074
703.91	0.074
704.09	0.074
704.28	0.074
704.47	0.074
704.65	0.074
704.84	0.074
705.03	0.075
705.21	0.075
705.40	0.075
705.59	0.075
705.77	0.074
705.96	0.074
706.15	0.074
706.33	0.074
706.52	0.074
706.71	0.073
706.89	0.073
707.08	0.074
707.26	0.073
707.45	0.074
707.64	0.074
707.82	0.074
708.01	0.074
708.20	0.074
708.38	0.074
708.57	0.073
708.75	0.074
708.94	0.074
709.13	0.074
709.31	0.075
709.50	0.075
709.69	0.075
709.87	0.075
710.06	0.075
710.24	0.075
710.43	0.075
710.62	0.075
710.80	0.074
710.99	0.074
711.17	0.074
711.36	0.074
711.55	0.074
711.73	0.074
711.92	0.074
712.10	0.074
712.29	0.074
712.48	0.074
712.66	0.075
712.85	0.075
713.03	0.075
713.22	0.074
713.40	0.074
713.59	0.074
713.78	0.074
713.96	0.074
714.15	0.074
714.33	0.074
714.52	0.073
714.71	0.073
714.89	0.073
715.08	0.073
715.26	0.073
715.45	0.073
715.63	0.073
715.82	0.074
716.00	0.074
716.19	0.074
716.38	0.074
716.56	0.074
716.75	0.075
716.93	0.074
717.12	0.074
717.30	0.074
717.49	0.074
717.67	0.074
717.86	0.074
718.05	0.074
718.23	0.073
718.42	0.073
718.60	0.074
718.79	0.074
718.97	0.073
719.16	0.073
719.34	0.073
719.53	0.073
719.71	0.073
719.90	0.073
720.08	0.073
720.27	0.072
720.45	0.072
720.64	0.072
720.83	0.073
721.01	0.072
721.20	0.073
721.38	0.073
721.57	0.073
721.75	0.073
721.94	0.073
722.12	0.073
722.31	0.074
722.49	0.074
722.68	0.073
722.86	0.073
723.05	0.073
723.23	0.073
723.42	0.073
723.60	0.073
723.79	0.073
723.97	0.073
724.16	0.073
724.34	0.073
724.53	0.073
724.71	0.073
724.90	0.073
725.08	0.073
725.27	0.073
725.45	0.073
725.64	0.073
725.82	0.072
726.00	0.072
726.19	0.073
726.37	0.073
726.56	0.073
726.74	0.073
726.93	0.073
727.11	0.073
727.30	0.073
727.48	0.073
727.67	0.073
727.85	0.072
728.04	0.073
728.22	0.073
728.40	0.073
728.59	0.072
728.77	0.072
728.96	0.072
729.14	0.072
729.33	0.073
729.51	0.073
729.70	0.073
729.88	0.073
730.07	0.073
730.25	0.073
730.43	0.073
730.62	0.073
730.80	0.073
730.99	0.073
731.17	0.073
731.36	0.073
731.54	0.073
731.72	0.073
731.91	0.072
732.09	0.072
732.28	0.072
732.46	0.072
732.65	0.073
732.83	0.073
733.01	0.073
733.20	0.073
733.38	0.073
733.57	0.073
733.75	0.073
733.93	0.073
734.12	0.073
734.30	0.073
734.49	0.073
734.67	0.072
734.85	0.072
735.04	0.072
735.22	0.072
735.41	0.072
735.59	0.072
735.77	0.072
735.96	0.072
736.14	0.072
736.33	0.072
736.51	0.072
736.69	0.073
736.88	0.072
737.06	0.073
737.25	0.072
737.43	0.072
737.61	0.072
737.80	0.072
737.98	0.072
738.16	0.072
738.35	0.072
738.53	0.072
738.71	0.072
738.90	0.073
739.08	0.073
739.27	0.073
739.45	0.073
739.63	0.073
739.82	0.073
740.00	0.073
740.18	0.072
740.37	0.072
740.55	0.072
740.73	0.071
740.92	0.071
741.10	0.072
741.28	0.072
741.47	0.071
741.65	0.071
741.83	0.072
742.02	0.071
742.20	0.071
742.38	0.071
742.57	0.071
742.75	0.071
742.93	0.071
743.12	0.072
743.30	0.071
743.48	0.071
743.67	0.072
743.85	0.072
744.03	0.072
744.22	0.072
744.40	0.072
744.58	0.072
744.77	0.071
744.95	0.072
745.13	0.072
745.32	0.072
745.50	0.072
745.68	0.072
745.87	0.072
746.05	0.072
746.23	0.072
746.41	0.072
746.60	0.072
746.78	0.072
746.96	0.072
747.15	0.073
747.33	0.072
747.51	0.072
747.70	0.072
747.88	0.072
748.06	0.072
748.24	0.072
748.43	0.072
748.61	0.072
748.79	0.072
748.97	0.072
749.16	0.072
749.34	0.072
749.52	0.073
749.71	0.073
749.89	0.073
750.07	0.073
750.25	0.073
750.44	0.072
750.62	0.072
750.80	0.072
750.98	0.072
751.17	0.072
751.35	0.072
751.53	0.072
751.71	0.072
751.90	0.072
752.08	0.072
752.26	0.072
752.44	0.072
752.63	0.072
752.81	0.072
752.99	0.072
753.17	0.072
753.36	0.071
753.54	0.072
753.72	0.072
753.90	0.072
754.09	0.072
754.27	0.072
754.45	0.072
754.63	0.072
754.82	0.072
755.00	0.072
755.18	0.072
755.36	0.072
755.54	0.071
755.73	0.071
755.91	0.072
756.09	0.071
756.27	0.071
756.45	0.072
756.64	0.072
756.82	0.072
757.00	0.072
757.18	0.072
757.37	0.072
757.55	0.072
757.73	0.072
757.91	0.072
758.09	0.072
758.27	0.072
758.46	0.072
758.64	0.072
758.82	0.072
759.00	0.072
759.18	0.072
759.37	0.072
759.55	0.072
759.73	0.071
759.91	0.071
760.09	0.071
760.28	0.071
760.46	0.071
760.64	0.071
760.82	0.071
761.00	0.071
761.18	0.071
761.37	0.071
761.55	0.071
761.73	0.071
761.91	0.071
762.09	0.071
762.27	0.071
762.46	0.071
762.64	0.071
762.82	0.072
763.00	0.072
763.18	0.072
763.36	0.072
763.54	0.072
763.73	0.072
763.91	0.072
764.09	0.072
764.27	0.072
764.45	0.072
764.63	0.072
764.81	0.072
765.00	0.072
765.18	0.071
765.36	0.071
765.54	0.071
765.72	0.071
765.90	0.071
766.08	0.071
766.27	0.071
766.45	0.070
766.63	0.071
766.81	0.071
766.99	0.071
767.17	0.071
767.35	0.071
767.53	0.071
767.71	0.071
767.90	0.071
768.08	0.071
768.26	0.071
768.44	0.071
768.62	0.071
768.80	0.071
768.98	0.071
769.16	0.071
769.34	0.071
769.52	0.071
769.71	0.071
769.89	0.071
770.07	0.071
770.25	0.071
770.43	0.070
770.61	0.070
770.79	0.070
770.97	0.069
771.15	0.070
771.33	0.070
771.51	0.070
771.69	0.070
771.88	0.070
772.06	0.070
772.24	0.071
772.42	0.071
772.60	0.072
772.78	0.071
772.96	0.071
773.14	0.071
773.32	0.071
773.50	0.071
773.68	0.071
773.86	0.070
774.04	0.070
774.22	0.070
774.40	0.070
774.58	0.070
774.77	0.070
774.95	0.069
775.13	0.069
775.31	0.069
775.49	0.069
775.67	0.069
775.85	0.070
776.03	0.070
776.21	0.070
776.39	0.070
776.57	0.070
776.75	0.070
776.93	0.070
777.11	0.070
777.29	0.070
777.47	0.070
777.65	0.070
777.83	0.070
778.01	0.070
778.19	0.070
778.37	0.070
778.55	0.070
778.73	0.070
778.91	0.070
779.09	0.070
779.27	0.071
779.45	0.070
779.63	0.070
779.81	0.070
779.99	0.070
780.17	0.070
780.35	0.070
780.53	0.070
780.71	0.069
780.89	0.069
781.07	0.069
781.25	0.069
781.43	0.069
781.61	0.069
781.79	0.069
781.97	0.069
782.15	0.069
782.33	0.069
782.51	0.069
782.69	0.069
782.87	0.070
783.05	0.070
783.23	0.070
783.41	0.070
783.59	0.071
783.77	0.070
783.95	0.070
784.13	0.070
784.31	0.071
784.49	0.070
784.67	0.070
784.85	0.070
785.03	0.070
785.21	0.070
785.38	0.070
785.56	0.070
785.74	0.070
785.92	0.069
786.10	0.069
786.28	0.069
786.46	0.070
786.64	0.070
786.82	0.070
787.00	0.070
787.18	0.070
787.36	0.071
787.54	0.071
787.72	0.071
787.90	0.072
788.08	0.071
788.25	0.071
788.43	0.071
788.61	0.071
788.79	0.071
788.97	0.071
789.15	0.071
789.33	0.071
789.51	0.071
789.69	0.071
789.87	0.072
790.05	0.072
790.23	0.072
790.40	0.072
790.58	0.072
790.76	0.072
790.94	0.072
791.12	0.072
791.30	0.072
791.48	0.071
791.66	0.070
791.84	0.070
792.02	0.070
792.19	0.070
792.37	0.070
792.55	0.070
792.73	0.070
792.91	0.070
793.09	0.071
793.27	0.071
793.45	0.071
793.63	0.071
793.80	0.071
793.98	0.070
794.16	0.070
794.34	0.070
794.52	0.070
794.70	0.070
794.88	0.070
795.05	0.070
795.23	0.070
795.41	0.070
795.59	0.070
795.77	0.071
795.95	0.071
796.13	0.071
796.30	0.071
796.48	0.071
796.66	0.071
796.84	0.071
797.02	0.072
797.20	0.071
797.38	0.071
797.55	0.071
797.73	0.071
797.91	0.072
798.09	0.072
798.27	0.072
798.45	0.071
798.62	0.071
798.80	0.071
798.98	0.071
799.16	0.071
799.34	0.071
799.52	0.071
799.69	0.070
799.87	0.070
800.05	0.070
800.23	0.070
800.41	0.070
800.58	0.070
800.76	0.070
800.94	0.070
801.12	0.070
801.30	0.071
801.47	0.070
801.65	0.071
801.83	0.071
802.01	0.071
802.19	0.071
802.36	0.072
802.54	0.072
802.72	0.071
802.90	0.071
803.08	0.071
803.25	0.071
803.43	0.070
803.61	0.070
803.79	0.070
803.97	0.070
804.14	0.070
804.32	0.070
804.50	0.071
804.68	0.071
804.85	0.071
805.03	0.071
805.21	0.072
805.39	0.072
805.56	0.072
805.74	0.071
805.92	0.071
806.10	0.071
806.28	0.071
806.45	0.071
806.63	0.071
806.81	0.071
806.99	0.070
807.16	0.070
807.34	0.071
807.52	0.071
807.70	0.071
807.87	0.070
808.05	0.071
808.23	0.070
808.41	0.070
808.58	0.071
808.76	0.071
808.94	0.071
809.11	0.071
809.29	0.071
809.47	0.071
809.65	0.071
809.82	0.071
810.00	0.071
810.18	0.071
810.36	0.071
810.53	0.071
810.71	0.070
810.89	0.070
811.06	0.071
811.24	0.071
811.42	0.070
811.60	0.070
811.77	0.070
811.95	0.070
812.13	0.070
812.30	0.071
812.48	0.071
812.66	0.071
812.83	0.071
813.01	0.071
813.19	0.070
813.37	0.070
813.54	0.070
813.72	0.070
813.90	0.069
814.07	0.069
814.25	0.070
814.43	0.070
814.60	0.071
814.78	0.071
814.96	0.072
815.13	0.071
815.31	0.071
815.49	0.071
815.66	0.071
815.84	0.070
816.02	0.070
816.19	0.070
816.37	0.070
816.55	0.069
816.72	0.070
816.90	0.070
817.08	0.070
817.25	0.070
817.43	0.070
817.61	0.070
817.78	0.070
817.96	0.070
818.14	0.070
818.31	0.071
818.49	0.070
818.67	0.070
818.84	0.070
819.02	0.070
819.19	0.069
819.37	0.069
819.55	0.070
819.72	0.070
819.90	0.070
820.08	0.070
820.25	0.071
820.43	0.071
820.60	0.071
820.78	0.071
820.96	0.071
821.13	0.071
821.31	0.071
821.49	0.071
821.66	0.071
821.84	0.070
822.01	0.071
822.19	0.071
822.37	0.071
822.54	0.071
822.72	0.071
822.89	0.071
823.07	0.071
823.25	0.071
823.42	0.071
823.60	0.071
823.77	0.071
823.95	0.071
824.13	0.071
824.30	0.071
824.48	0.071
824.65	0.071
824.83	0.071
825.01	0.071
825.18	0.071
825.36	0.071
825.53	0.071
825.71	0.072
825.88	0.072
826.06	0.072
826.24	0.071
826.41	0.071
826.59	0.071
826.76	0.071
826.94	0.071
827.11	0.070
827.29	0.070
827.47	0.070
827.64	0.070
827.82	0.071
827.99	0.071
828.17	0.071
828.34	0.071
828.52	0.071
828.69	0.071
828.87	0.071
829.04	0.071
829.22	0.071
829.40	0.071
829.57	0.072
829.75	0.071
829.92	0.072
830.10	0.072
830.27	0.071
830.45	0.071
830.62	0.071
830.80	0.071
830.97	0.071
831.15	0.070
831.32	0.070
831.50	0.069
831.67	0.069
831.85	0.070
832.02	0.070
832.20	0.070
832.37	0.070
832.55	0.070
832.73	0.070
832.90	0.070
833.08	0.070
833.25	0.071
833.43	0.071
833.60	0.071
833.78	0.071
833.95	0.071
834.13	0.071
834.30	0.071
834.48	0.071
834.65	0.071
834.82	0.071
835.00	0.071
835.17	0.071
835.35	0.071
835.52	0.071
835.70	0.071
835.87	0.069
836.05	0.069
836.22	0.070
836.40	0.070
836.57	0.069
836.75	0.069
836.92	0.069
837.10	0.070
837.27	0.069
837.45	0.070
837.62	0.069
837.80	0.069
837.97	0.069
838.14	0.068
838.32	0.068
838.49	0.068
838.67	0.068
838.84	0.068
839.02	0.068
839.19	0.068
839.37	0.067
839.54	0.067
839.71	0.068
839.89	0.068
840.06	0.068
840.24	0.068
840.41	0.069
840.59	0.069
840.76	0.070
840.94	0.070
841.11	0.070
841.28	0.070
841.46	0.071
841.63	0.070
841.81	0.070
841.98	0.069
842.15	0.069
842.33	0.068
842.50	0.069
842.68	0.069
842.85	0.069
843.03	0.068
843.20	0.069
843.37	0.069
843.55	0.069
843.72	0.070
843.90	0.069
844.07	0.069
844.24	0.070
844.42	0.070
844.59	0.070
844.77	0.070
844.94	0.070
845.11	0.070
845.29	0.070
845.46	0.070
845.63	0.070
845.81	0.070
845.98	0.069
846.16	0.070
846.33	0.070
846.50	0.070
846.68	0.071
846.85	0.070
847.02	0.070
847.20	0.069
847.37	0.070
847.55	0.070
847.72	0.070
847.89	0.070
848.07	0.070
848.24	0.069
848.41	0.070
848.59	0.070
848.76	0.070
848.93	0.070
849.11	0.070
849.28	0.070
849.45	0.069
849.63	0.070
849.80	0.070
849.97	0.070
850.15	0.070
850.32	0.070
850.49	0.070
850.67	0.071
850.84	0.070
851.01	0.070
851.19	0.069
851.36	0.069
851.53	0.070
851.71	0.070
851.88	0.070
852.05	0.070
852.23	0.070
852.40	0.071
852.57	0.071
852.75	0.072
852.92	0.072
853.09	0.071
853.27	0.071
853.44	0.071
853.61	0.071
853.79	0.070
853.96	0.070
854.13	0.070
854.30	0.070
854.48	0.069
854.65	0.069
854.82	0.070
855.00	0.070
855.17	0.070
855.34	0.070
855.51	0.070
855.69	0.071
855.86	0.072
856.03	0.072
856.21	0.073
856.38	0.073
856.55	0.073
856.72	0.073
856.90	0.073
857.07	0.073
857.24	0.073
857.42	0.073
857.59	0.072
857.76	0.072
857.93	0.072
858.11	0.072
858.28	0.072
858.45	0.072
858.62	0.072
858.80	0.073
858.97	0.073
859.14	0.072
859.31	0.072
859.49	0.072
859.66	0.072
859.83	0.072
860.00	0.072
860.18	0.072
860.35	0.071
860.52	0.071
860.69	0.071
860.86	0.071
861.04	0.071
861.21	0.072
861.38	0.072
861.55	0.071
861.73	0.069
861.90	0.069
862.07	0.070
862.24	0.069
862.42	0.069
862.59	0.069
862.76	0.070
862.93	0.070
863.10	0.071
863.28	0.072
863.45	0.073
863.62	0.073
863.79	0.073
863.96	0.074
864.14	0.073
864.31	0.073
864.48	0.073
864.65	0.074
864.82	0.074
865.00	0.074
865.17	0.074
865.34	0.075
865.51	0.075
865.68	0.075
865.86	0.075
866.03	0.075
866.20	0.076
866.37	0.076
866.54	0.075
866.71	0.075
866.89	0.075
867.06	0.075
867.23	0.075
867.40	0.075
867.57	0.075
867.74	0.075
867.92	0.075
868.09	0.075
868.26	0.076
868.43	0.076
868.60	0.077
868.77	0.077
868.95	0.076
869.12	0.077
869.29	0.076
869.46	0.076
869.63	0.076
869.80	0.076
869.97	0.075
870.15	0.074
870.32	0.075
870.49	0.074
870.66	0.075
870.83	0.074
871.00	0.075
871.17	0.075
871.34	0.075
871.52	0.076
871.69	0.076
871.86	0.076
872.03	0.075
872.20	0.075
872.37	0.076
872.54	0.075
872.71	0.074
872.89	0.075
873.06	0.075
873.23	0.075
873.40	0.076
873.57	0.076
873.74	0.077
873.91	0.076
874.08	0.077
874.25	0.078
874.42	0.078
874.60	0.078
874.77	0.078
874.94	0.078
875.11	0.078
875.28	0.078
875.45	0.077
875.62	0.077
875.79	0.077
875.96	0.076
876.13	0.077
876.30	0.077
876.47	0.076
876.65	0.077
876.82	0.076
876.99	0.076
877.16	0.076
877.33	0.076
877.50	0.076
877.67	0.076
877.84	0.076
878.01	0.078
878.18	0.078
878.35	0.078
878.52	0.079
878.69	0.078
878.86	0.078
879.03	0.078
879.20	0.078
879.38	0.078
879.55	0.078
879.72	0.077
879.89	0.078
880.06	0.077
880.23	0.077
880.40	0.077
880.57	0.077
880.74	0.078
880.91	0.077
881.08	0.077
881.25	0.077
881.42	0.076
881.59	0.077
881.76	0.078
881.93	0.079
882.10	0.079
882.27	0.079
882.44	0.079
882.61	0.078
882.78	0.079
882.95	0.080
883.12	0.080
883.29	0.080
883.46	0.080
883.63	0.080
883.80	0.080
883.97	0.080
884.14	0.080
884.31	0.079
884.48	0.079
884.65	0.079
884.82	0.079
884.99	0.079
885.16	0.078
885.33	0.078
885.50	0.078
885.67	0.079
885.84	0.078
886.01	0.078
886.18	0.078
886.35	0.078
886.52	0.077
886.69	0.078
886.86	0.078
887.03	0.078
887.20	0.077
887.37	0.078
887.54	0.077
887.71	0.077
887.88	0.076
888.05	0.076
888.22	0.076
888.39	0.075
888.55	0.076
888.72	0.075
888.89	0.076
889.06	0.076
889.23	0.075
889.40	0.076
889.57	0.077
889.74	0.077
889.91	0.077
890.08	0.077
890.25	0.076
890.42	0.075
890.59	0.077
890.76	0.077
890.93	0.078
891.10	0.078
891.26	0.077
891.43	0.078
891.60	0.078
891.77	0.079
891.94	0.080
892.11	0.080
892.28	0.080
892.45	0.079
892.62	0.080
892.79	0.081
892.96	0.080
893.13	0.079
893.29	0.079
893.46	0.079
893.63	0.078
893.80	0.077
893.97	0.077
894.14	0.076
894.31	0.076
894.48	0.079
894.65	0.075
894.81	0.077
894.98	0.076
