177.34	-0.000
177.56	-0.000
177.78	-0.000
178.00	0.787
178.22	-0.627
178.44	-0.657
178.66	-0.677
178.89	-0.190
179.11	-0.164
179.33	-0.190
179.55	-0.000
179.77	-0.000
179.99	-0.000
180.21	0.620
180.43	1.041
180.65	0.831
180.87	0.706
181.09	0.523
181.31	0.517
181.53	0.504
181.75	0.496
181.97	0.579
182.19	0.711
182.41	0.665
182.63	0.627
182.85	0.710
183.07	0.693
183.30	0.631
183.52	0.645
183.74	0.704
183.96	0.636
184.18	0.666
184.40	0.788
184.62	0.899
184.84	0.841
185.06	0.911
185.28	1.014
185.50	0.998
185.72	1.059
185.94	1.049
186.16	1.231
186.38	0.987
186.60	0.892
186.82	0.947
187.04	0.845
187.26	0.929
187.48	0.984
187.70	0.908
187.92	0.940
188.14	0.950
188.36	1.129
188.58	1.299
188.80	1.367
189.02	2.047
189.24	1.804
189.46	1.549
189.68	1.896
189.90	1.686
190.12	1.588
190.34	1.578
190.56	1.478
190.78	1.488
191.00	1.601
191.22	1.794
191.44	2.252
191.66	2.199
191.88	-0.000
192.10	4.009
192.32	2.021
192.54	1.976
192.76	1.835
192.98	1.698
193.20	1.616
193.42	1.556
193.64	1.471
193.86	1.499
194.08	1.678
194.30	1.740
194.52	1.933
194.74	2.192
194.96	2.152
195.18	2.168
195.40	2.168
195.62	2.423
195.84	2.670
196.06	2.029
196.28	2.145
196.50	1.962
196.72	1.978
196.94	1.807
197.16	1.922
197.38	1.929
197.60	2.131
197.82	2.007
198.04	2.009
198.26	2.054
198.48	2.065
198.70	1.804
198.92	1.877
199.13	1.807
199.35	1.823
199.57	1.802
199.79	1.757
200.01	1.889
200.23	1.860
200.45	1.863
200.67	1.999
200.89	2.119
201.11	2.201
201.33	2.292
201.55	2.160
201.77	2.074
201.99	1.896
202.21	1.870
202.43	1.905
202.65	1.871
202.87	1.925
203.09	1.891
203.31	1.903
203.52	1.898
203.74	2.009
203.96	1.987
204.18	2.038
204.40	1.995
204.62	1.997
204.84	1.941
205.06	1.946
205.28	1.953
205.50	1.966
205.72	1.959
205.94	1.982
206.16	1.957
206.38	1.949
206.59	1.932
206.81	1.936
207.03	1.958
207.25	1.920
207.47	1.974
207.69	1.967
207.91	2.053
208.13	2.101
208.35	2.275
208.57	2.373
208.79	2.338
209.01	2.391
209.22	2.315
209.44	2.276
209.66	2.439
209.88	2.444
210.10	2.276
210.32	2.252
210.54	2.481
210.76	2.453
210.98	2.437
211.20	2.804
211.42	3.450
211.63	3.066
211.85	2.596
212.07	2.649
212.29	2.488
212.51	2.349
212.73	2.431
212.95	2.460
213.17	2.313
213.39	2.261
213.60	2.249
213.82	2.338
214.04	2.405
214.26	2.473
214.48	2.453
214.70	2.435
214.92	2.471
215.14	2.660
215.35	2.556
215.57	2.587
215.79	2.481
216.01	2.512
216.23	2.541
216.45	2.486
216.67	2.608
216.89	2.619
217.10	2.590
217.32	2.634
217.54	2.467
217.76	2.577
217.98	2.573
218.20	2.499
218.42	2.470
218.64	2.391
218.85	2.343
219.07	2.312
219.29	2.271
219.51	2.302
219.73	2.326
219.95	2.293
220.17	2.283
220.38	2.282
220.60	2.259
220.82	2.217
221.04	2.220
221.26	2.220
221.48	2.235
221.69	2.182
221.91	2.179
222.13	2.211
222.35	2.198
222.57	2.186
222.79	2.224
223.00	2.220
223.22	2.222
223.44	2.202
223.66	2.212
223.88	2.186
224.10	2.157
224.32	2.145
224.53	2.127
224.75	2.064
224.97	2.035
225.19	2.006
225.41	2.004
225.62	1.993
225.84	1.979
226.06	1.976
226.28	1.972
226.50	1.963
226.72	1.956
226.93	1.954
227.15	1.946
227.37	1.923
227.59	1.901
227.81	1.897
228.02	1.865
228.24	1.853
228.46	1.844
228.68	1.833
228.90	1.806
229.12	1.797
229.33	1.780
229.55	1.770
229.77	1.758
229.99	1.747
230.21	1.734
230.42	1.721
230.64	1.715
230.86	1.715
231.08	1.713
231.30	1.706
231.51	1.706
231.73	1.692
231.95	1.686
232.17	1.676
232.38	1.671
232.60	1.667
232.82	1.660
233.04	1.648
233.26	1.643
233.47	1.626
233.69	1.622
233.91	1.618
234.13	1.614
234.35	1.604
234.56	1.596
234.78	1.586
235.00	1.581
235.22	1.575
235.43	1.569
235.65	1.564
235.87	1.561
236.09	1.554
236.30	1.548
236.52	1.544
236.74	1.543
236.96	1.540
237.18	1.538
237.39	1.538
237.61	1.536
237.83	1.528
238.05	1.526
238.26	1.529
238.48	1.525
238.70	1.522
238.92	1.515
239.13	1.514
239.35	1.512
239.57	1.512
239.79	1.511
240.00	1.510
240.22	1.509
240.44	1.508
240.66	1.507
240.87	1.509
241.09	1.509
241.31	1.511
241.53	1.506
241.74	1.507
241.96	1.506
242.18	1.505
242.40	1.507
242.61	1.506
242.83	1.507
243.05	1.509
243.27	1.507
243.48	1.512
243.70	1.514
243.92	1.511
244.13	1.508
244.35	1.504
244.57	1.503
244.79	1.499
245.00	1.494
245.22	1.495
245.44	1.489
245.65	1.484
245.87	1.484
246.09	1.485
246.31	1.484
246.52	1.481
246.74	1.483
246.96	1.480
247.18	1.478
247.39	1.482
247.61	1.485
247.83	1.487
248.04	1.488
248.26	1.488
248.48	1.490
248.69	1.487
248.91	1.485
249.13	1.484
249.35	1.479
249.56	1.475
249.78	1.476
250.00	1.473
250.21	1.474
250.43	1.473
250.65	1.474
250.86	1.476
251.08	1.474
251.30	1.478
251.51	1.482
251.73	1.480
251.95	1.479
252.17	1.478
252.38	1.478
252.60	1.481
252.82	1.481
253.03	1.483
253.25	1.477
253.47	1.478
253.68	1.476
253.90	1.474
254.12	1.472
254.33	1.471
254.55	1.470
254.77	1.469
254.98	1.469
255.20	1.469
255.42	1.468
255.63	1.468
255.85	1.470
256.07	1.471
256.28	1.468
256.50	1.469
256.72	1.469
256.93	1.470
257.15	1.471
257.37	1.468
257.58	1.470
257.80	1.470
258.02	1.473
258.23	1.479
258.45	1.477
258.67	1.474
258.88	1.471
259.10	1.470
259.32	1.471
259.53	1.468
259.75	1.467
259.96	1.466
260.18	1.463
260.40	1.463
260.61	1.465
260.83	1.466
261.05	1.468
261.26	1.468
261.48	1.469
261.70	1.469
261.91	1.469
262.13	1.471
262.34	1.472
262.56	1.471
262.78	1.472
262.99	1.469
263.21	1.468
263.43	1.467
263.64	1.467
263.86	1.466
264.07	1.464
264.29	1.461
264.51	1.462
264.72	1.459
264.94	1.461
265.16	1.464
265.37	1.464
265.59	1.463
265.80	1.462
266.02	1.460
266.24	1.460
266.45	1.458
266.67	1.458
266.88	1.458
267.10	1.452
267.32	1.451
267.53	1.448
267.75	1.453
267.96	1.449
268.18	1.450
268.40	1.448
268.61	1.449
268.83	1.449
269.04	1.453
269.26	1.451
269.48	1.453
269.69	1.447
269.91	1.452
270.12	1.451
270.34	1.453
270.56	1.449
270.77	1.446
270.99	1.442
271.20	1.443
271.42	1.441
271.64	1.440
271.85	1.437
272.07	1.435
272.28	1.434
272.50	1.432
272.71	1.432
272.93	1.432
273.15	1.432
273.36	1.431
273.58	1.432
273.79	1.432
274.01	1.430
274.22	1.428
274.44	1.430
274.66	1.428
274.87	1.429
275.09	1.426
275.30	1.422
275.52	1.418
275.73	1.416
275.95	1.416
276.16	1.414
276.38	1.412
276.60	1.414
276.81	1.415
277.03	1.415
277.24	1.415
277.46	1.416
277.67	1.413
277.89	1.408
278.10	1.408
278.32	1.404
278.53	1.399
278.75	1.396
278.97	1.393
279.18	1.391
279.40	1.391
279.61	1.392
279.83	1.391
280.04	1.390
280.26	1.389
280.47	1.389
280.69	1.385
280.90	1.384
281.12	1.382
281.33	1.380
281.55	1.380
281.76	1.378
281.98	1.376
282.20	1.375
282.41	1.373
282.63	1.373
282.84	1.371
283.06	1.368
283.27	1.366
283.49	1.363
283.70	1.363
283.92	1.359
284.13	1.357
284.35	1.354
284.56	1.354
284.78	1.353
284.99	1.354
285.21	1.354
285.42	1.354
285.64	1.353
285.85	1.352
286.07	1.349
286.28	1.348
286.50	1.344
286.71	1.342
286.93	1.338
287.14	1.335
287.36	1.329
287.57	1.326
287.79	1.325
288.00	1.326
288.22	1.324
288.43	1.323
288.65	1.318
288.86	1.319
289.08	1.318
289.29	1.318
289.51	1.317
289.72	1.317
289.94	1.314
290.15	1.313
290.37	1.311
290.58	1.312
290.80	1.310
291.01	1.308
291.22	1.306
291.44	1.305
291.65	1.302
291.87	1.298
292.08	1.297
292.30	1.296
292.51	1.294
292.73	1.291
292.94	1.289
293.16	1.285
293.37	1.282
293.59	1.280
293.80	1.279
294.02	1.274
294.23	1.274
294.44	1.269
294.66	1.269
294.87	1.267
295.09	1.266
295.30	1.265
295.52	1.264
295.73	1.263
295.95	1.264
296.16	1.260
296.37	1.261
296.59	1.258
296.80	1.258
297.02	1.255
297.23	1.253
297.45	1.251
297.66	1.250
297.88	1.250
298.09	1.248
298.30	1.247
298.52	1.245
298.73	1.243
298.95	1.242
299.16	1.241
299.38	1.239
299.59	1.236
299.80	1.235
300.02	1.233
300.23	1.231
300.45	1.230
300.66	1.226
300.88	1.224
301.09	1.222
301.30	1.221
301.52	1.217
301.73	1.214
301.95	1.212
302.16	1.211
302.37	1.211
302.59	1.211
302.80	1.210
303.02	1.207
303.23	1.206
303.45	1.206
303.66	1.207
303.87	1.206
304.09	1.203
304.30	1.199
304.52	1.197
304.73	1.194
304.94	1.196
305.16	1.194
305.37	1.192
305.59	1.190
305.80	1.188
306.01	1.188
306.23	1.187
306.44	1.188
306.65	1.188
306.87	1.185
307.08	1.184
307.30	1.182
307.51	1.180
307.72	1.178
307.94	1.175
308.15	1.173
308.37	1.171
308.58	1.169
308.79	1.170
309.01	1.170
309.22	1.170
309.43	1.168
309.65	1.167
309.86	1.168
310.07	1.168
310.29	1.166
310.50	1.164
310.72	1.160
310.93	1.158
311.14	1.157
311.36	1.155
311.57	1.154
311.78	1.151
312.00	1.149
312.21	1.148
312.42	1.147
312.64	1.147
312.85	1.147
313.07	1.145
313.28	1.142
313.49	1.140
313.71	1.140
313.92	1.138
314.13	1.137
314.35	1.137
314.56	1.135
314.77	1.131
314.99	1.131
315.20	1.130
315.41	1.128
315.63	1.126
315.84	1.125
316.05	1.123
316.27	1.123
316.48	1.122
316.69	1.122
316.91	1.120
317.12	1.119
317.33	1.118
317.55	1.117
317.76	1.115
317.97	1.114
318.19	1.110
318.40	1.110
318.61	1.109
318.83	1.110
319.04	1.109
319.25	1.106
319.47	1.105
319.68	1.105
319.89	1.104
320.10	1.103
320.32	1.101
320.53	1.097
320.74	1.095
320.96	1.095
321.17	1.095
321.38	1.094
321.60	1.092
321.81	1.091
322.02	1.090
322.24	1.088
322.45	1.089
322.66	1.087
322.87	1.085
323.09	1.084
323.30	1.084
323.51	1.083
323.73	1.083
323.94	1.082
324.15	1.080
324.36	1.079
324.58	1.079
324.79	1.078
325.00	1.076
325.22	1.075
325.43	1.074
325.64	1.070
325.85	1.070
326.07	1.067
326.28	1.066
326.49	1.065
326.71	1.064
326.92	1.062
327.13	1.059
327.34	1.058
327.56	1.060
327.77	1.058
327.98	1.059
328.19	1.058
328.41	1.057
328.62	1.055
328.83	1.055
329.04	1.055
329.26	1.053
329.47	1.050
329.68	1.048
329.90	1.046
330.11	1.046
330.32	1.044
330.53	1.044
330.75	1.044
330.96	1.043
331.17	1.041
331.38	1.040
331.60	1.039
331.81	1.038
332.02	1.036
332.23	1.036
332.44	1.035
332.66	1.033
332.87	1.033
333.08	1.033
333.29	1.032
333.51	1.033
333.72	1.031
333.93	1.030
334.14	1.028
334.36	1.027
334.57	1.028
334.78	1.027
334.99	1.028
335.21	1.027
335.42	1.027
335.63	1.027
335.84	1.027
336.05	1.026
336.27	1.025
336.48	1.023
336.69	1.022
336.90	1.019
337.11	1.018
337.33	1.017
337.54	1.015
337.75	1.015
337.96	1.015
338.18	1.014
338.39	1.013
338.60	1.011
338.81	1.012
339.02	1.010
339.24	1.008
339.45	1.008
339.66	1.005
339.87	1.004
340.08	1.002
340.30	1.001
340.51	1.000
340.72	0.998
340.93	0.996
341.14	0.995
341.36	0.995
341.57	0.995
341.78	0.994
341.99	0.994
342.20	0.995
342.41	0.994
342.63	0.993
342.84	0.993
343.05	0.994
343.26	0.991
343.47	0.989
343.69	0.989
343.90	0.987
344.11	0.985
344.32	0.984
344.53	0.983
344.74	0.983
344.96	0.982
345.17	0.981
345.38	0.981
345.59	0.978
345.80	0.977
346.01	0.976
346.23	0.977
346.44	0.974
346.65	0.973
346.86	0.971
347.07	0.970
347.28	0.970
347.50	0.969
347.71	0.969
347.92	0.968
348.13	0.965
348.34	0.964
348.55	0.964
348.76	0.962
348.98	0.962
349.19	0.962
349.40	0.961
349.61	0.960
349.82	0.960
350.03	0.959
350.24	0.959
350.46	0.958
350.67	0.958
350.88	0.958
351.09	0.955
351.30	0.954
351.51	0.953
351.72	0.952
351.93	0.952
352.15	0.951
352.36	0.950
352.57	0.949
352.78	0.946
352.99	0.946
353.20	0.946
353.41	0.947
353.62	0.946
353.84	0.946
354.05	0.946
354.26	0.946
354.47	0.946
354.68	0.946
354.89	0.945
355.10	0.943
355.31	0.942
355.52	0.940
355.74	0.939
355.95	0.936
356.16	0.935
356.37	0.934
356.58	0.931
356.79	0.930
357.00	0.930
357.21	0.929
357.42	0.928
357.63	0.927
357.85	0.926
358.06	0.925
358.27	0.923
358.48	0.922
358.69	0.922
358.90	0.922
359.11	0.921
359.32	0.920
359.53	0.920
359.74	0.920
359.95	0.920
360.17	0.919
360.38	0.918
360.59	0.917
360.80	0.916
361.01	0.916
361.22	0.916
361.43	0.915
361.64	0.915
361.85	0.914
362.06	0.914
362.27	0.914
362.48	0.912
362.69	0.912
362.90	0.910
363.12	0.907
363.33	0.907
363.54	0.907
363.75	0.906
363.96	0.906
364.17	0.905
364.38	0.906
364.59	0.906
364.80	0.905
365.01	0.906
365.22	0.905
365.43	0.903
365.64	0.902
365.85	0.902
366.06	0.901
366.27	0.899
366.48	0.897
366.69	0.897
366.90	0.896
367.11	0.895
367.32	0.895
367.54	0.893
367.75	0.892
367.96	0.892
368.17	0.891
368.38	0.891
368.59	0.891
368.80	0.890
369.01	0.889
369.22	0.887
369.43	0.887
369.64	0.886
369.85	0.885
370.06	0.885
370.27	0.884
370.48	0.881
370.69	0.881
370.90	0.881
371.11	0.881
371.32	0.879
371.53	0.879
371.74	0.878
371.95	0.877
372.16	0.878
372.37	0.878
372.58	0.876
372.79	0.875
373.00	0.875
373.21	0.875
373.42	0.875
373.63	0.875
373.84	0.874
374.05	0.873
374.26	0.874
374.47	0.875
374.68	0.874
374.89	0.872
375.10	0.871
375.31	0.870
375.52	0.870
375.73	0.868
375.94	0.867
376.15	0.865
376.36	0.864
376.57	0.865
376.78	0.864
376.99	0.863
377.20	0.862
377.41	0.861
377.62	0.861
377.83	0.860
378.04	0.859
378.25	0.857
378.46	0.856
378.67	0.856
378.88	0.856
379.09	0.855
379.30	0.853
379.51	0.854
379.72	0.853
379.92	0.853
380.13	0.853
380.34	0.852
380.55	0.851
380.76	0.850
380.97	0.851
381.18	0.852
381.39	0.850
381.60	0.850
381.81	0.850
382.02	0.850
382.23	0.850
382.44	0.850
382.65	0.850
382.86	0.849
383.07	0.847
383.28	0.847
383.49	0.846
383.70	0.845
383.91	0.844
384.11	0.844
384.32	0.844
384.53	0.842
384.74	0.842
384.95	0.842
385.16	0.841
385.37	0.840
385.58	0.839
385.79	0.839
386.00	0.837
386.21	0.836
386.42	0.836
386.63	0.836
386.84	0.835
387.04	0.834
387.25	0.834
387.46	0.834
387.67	0.833
387.88	0.833
388.09	0.832
388.30	0.832
388.51	0.830
388.72	0.831
388.93	0.830
389.14	0.829
389.34	0.828
389.55	0.828
389.76	0.828
389.97	0.827
390.18	0.827
390.39	0.827
390.60	0.825
390.81	0.825
391.02	0.826
391.23	0.825
391.43	0.825
391.64	0.824
391.85	0.824
392.06	0.823
392.27	0.822
392.48	0.822
392.69	0.821
392.90	0.820
393.11	0.820
393.31	0.820
393.52	0.819
393.73	0.817
393.94	0.816
394.15	0.816
394.36	0.815
394.57	0.814
394.78	0.814
394.98	0.813
395.19	0.812
395.40	0.811
395.61	0.812
395.82	0.813
396.03	0.812
396.24	0.812
396.44	0.812
396.65	0.811
396.86	0.811
397.07	0.811
397.28	0.811
397.49	0.811
397.70	0.810
397.90	0.810
398.11	0.808
398.32	0.807
398.53	0.807
398.74	0.806
398.95	0.804
399.16	0.804
399.36	0.803
399.57	0.802
399.78	0.802
399.99	0.802
400.20	0.801
400.41	0.801
400.61	0.802
400.82	0.802
401.03	0.799
401.24	0.799
401.45	0.798
401.66	0.797
401.86	0.797
402.07	0.797
402.28	0.796
402.49	0.795
402.70	0.794
402.91	0.795
403.11	0.794
403.32	0.794
403.53	0.794
403.74	0.794
403.95	0.795
404.15	0.795
404.36	0.794
404.57	0.793
404.78	0.792
404.99	0.792
405.20	0.792
405.40	0.791
405.61	0.790
405.82	0.789
406.03	0.788
406.24	0.789
406.44	0.789
406.65	0.789
406.86	0.788
407.07	0.787
407.28	0.786
407.48	0.787
407.69	0.786
407.90	0.787
408.11	0.786
408.32	0.786
408.52	0.785
408.73	0.786
408.94	0.787
409.15	0.788
409.35	0.787
409.56	0.787
409.77	0.785
409.98	0.784
410.19	0.784
410.39	0.784
410.60	0.783
410.81	0.782
411.02	0.781
411.22	0.780
411.43	0.781
411.64	0.781
411.85	0.779
412.05	0.778
412.26	0.778
412.47	0.777
412.68	0.776
412.89	0.776
413.09	0.775
413.30	0.775
413.51	0.774
413.72	0.775
413.92	0.773
414.13	0.772
414.34	0.772
414.55	0.772
414.75	0.771
414.96	0.772
415.17	0.770
415.38	0.771
415.58	0.770
415.79	0.770
416.00	0.770
416.21	0.769
416.41	0.769
416.62	0.769
416.83	0.768
417.03	0.767
417.24	0.766
417.45	0.766
417.66	0.766
417.86	0.766
418.07	0.766
418.28	0.766
418.49	0.765
418.69	0.765
418.90	0.765
419.11	0.765
419.31	0.765
419.52	0.764
419.73	0.764
419.94	0.764
420.14	0.763
420.35	0.763
420.56	0.764
420.76	0.764
420.97	0.763
421.18	0.762
421.39	0.762
421.59	0.761
421.80	0.761
422.01	0.762
422.21	0.761
422.42	0.759
422.63	0.760
422.84	0.759
423.04	0.759
423.25	0.757
423.46	0.757
423.66	0.755
423.87	0.755
424.08	0.754
424.28	0.754
424.49	0.753
424.70	0.753
424.90	0.754
425.11	0.756
425.32	0.756
425.52	0.754
425.73	0.753
425.94	0.755
426.15	0.753
426.35	0.752
426.56	0.751
426.77	0.751
426.97	0.748
427.18	0.748
427.39	0.749
427.59	0.748
427.80	0.746
428.01	0.746
428.21	0.746
428.42	0.745
428.63	0.744
428.83	0.744
429.04	0.744
429.25	0.744
429.45	0.743
429.66	0.744
429.87	0.743
430.07	0.743
430.28	0.744
430.48	0.744
430.69	0.744
430.90	0.743
431.10	0.742
431.31	0.742
431.52	0.742
431.72	0.742
431.93	0.742
432.14	0.741
432.34	0.740
432.55	0.740
432.76	0.740
432.96	0.741
433.17	0.740
433.37	0.739
433.58	0.738
433.79	0.738
433.99	0.738
434.20	0.738
434.41	0.737
434.61	0.737
434.82	0.737
435.02	0.737
435.23	0.738
435.44	0.738
435.64	0.737
435.85	0.736
436.06	0.736
436.26	0.736
436.47	0.735
436.67	0.733
436.88	0.733
437.09	0.733
437.29	0.732
437.50	0.731
437.70	0.732
437.91	0.733
438.12	0.732
438.32	0.732
438.53	0.732
438.73	0.731
438.94	0.729
439.15	0.730
439.35	0.729
439.56	0.728
439.76	0.726
439.97	0.726
440.18	0.725
440.38	0.727
440.59	0.726
440.79	0.726
441.00	0.726
441.20	0.726
441.41	0.727
441.62	0.728
441.82	0.728
442.03	0.728
442.23	0.725
442.44	0.726
442.65	0.726
442.85	0.724
443.06	0.724
443.26	0.723
443.47	0.721
443.67	0.720
443.88	0.720
444.09	0.722
444.29	0.722
444.50	0.721
444.70	0.721
444.91	0.721
445.11	0.721
445.32	0.721
445.52	0.720
445.73	0.720
445.94	0.719
446.14	0.720
446.35	0.719
446.55	0.719
446.76	0.719
446.96	0.719
447.17	0.718
447.37	0.718
447.58	0.717
447.78	0.716
447.99	0.716
448.20	0.716
448.40	0.716
448.61	0.716
448.81	0.715
449.02	0.716
449.22	0.716
449.43	0.715
449.63	0.714
449.84	0.713
450.04	0.711
450.25	0.710
450.45	0.709
450.66	0.708
450.86	0.707
451.07	0.707
451.27	0.707
451.48	0.709
451.68	0.709
451.89	0.709
452.09	0.709
452.30	0.710
452.50	0.709
452.71	0.708
452.91	0.708
453.12	0.708
453.33	0.707
453.53	0.706
453.74	0.706
453.94	0.706
454.15	0.704
454.35	0.704
454.56	0.704
454.76	0.705
454.96	0.704
455.17	0.704
455.37	0.703
455.58	0.702
455.78	0.701
455.99	0.700
456.19	0.701
456.40	0.700
456.60	0.699
456.81	0.699
457.01	0.699
457.22	0.700
457.42	0.700
457.63	0.701
457.83	0.703
458.04	0.702
458.24	0.702
458.45	0.702
458.65	0.701
458.86	0.700
459.06	0.699
459.27	0.699
459.47	0.700
459.67	0.701
459.88	0.702
460.08	0.701
460.29	0.700
460.49	0.700
460.70	0.700
460.90	0.700
461.11	0.698
461.31	0.696
461.52	0.695
461.72	0.693
461.92	0.692
462.13	0.692
462.33	0.692
462.54	0.691
462.74	0.691
462.95	0.692
463.15	0.692
463.36	0.690
463.56	0.690
463.76	0.690
463.97	0.691
464.17	0.691
464.38	0.692
464.58	0.692
464.79	0.691
464.99	0.690
465.19	0.692
465.40	0.692
465.60	0.693
465.81	0.692
466.01	0.692
466.22	0.693
466.42	0.692
466.62	0.692
466.83	0.692
467.03	0.691
467.24	0.691
467.44	0.691
467.65	0.691
467.85	0.691
468.05	0.690
468.26	0.689
468.46	0.687
468.67	0.687
468.87	0.688
469.07	0.686
469.28	0.686
469.48	0.686
469.69	0.686
469.89	0.685
470.09	0.686
470.30	0.688
470.50	0.687
470.71	0.685
470.91	0.685
471.11	0.685
471.32	0.684
471.52	0.684
471.72	0.682
471.93	0.682
472.13	0.680
472.34	0.681
472.54	0.681
472.74	0.681
472.95	0.680
473.15	0.681
473.35	0.679
473.56	0.680
473.76	0.679
473.97	0.680
474.17	0.679
474.37	0.679
474.58	0.678
474.78	0.678
474.98	0.677
475.19	0.677
475.39	0.678
475.60	0.678
475.80	0.678
476.00	0.677
476.21	0.677
476.41	0.677
476.61	0.677
476.82	0.676
477.02	0.677
477.22	0.676
477.43	0.675
477.63	0.675
477.83	0.675
478.04	0.674
478.24	0.675
478.44	0.674
478.65	0.674
478.85	0.674
479.05	0.673
479.26	0.673
479.46	0.673
479.66	0.673
479.87	0.672
480.07	0.670
480.27	0.671
480.48	0.672
480.68	0.671
480.88	0.671
481.09	0.671
481.29	0.671
481.49	0.671
481.70	0.670
481.90	0.672
482.10	0.671
482.31	0.669
482.51	0.669
482.71	0.669
482.92	0.668
483.12	0.668
483.32	0.668
483.52	0.669
483.73	0.669
483.93	0.668
484.13	0.669
484.34	0.669
484.54	0.669
484.74	0.668
484.95	0.668
485.15	0.668
485.35	0.667
485.55	0.666
485.76	0.666
485.96	0.666
486.16	0.665
486.37	0.664
486.57	0.665
486.77	0.664
486.97	0.663
487.18	0.664
487.38	0.664
487.58	0.664
487.79	0.663
487.99	0.663
488.19	0.663
488.39	0.663
488.60	0.663
488.80	0.664
489.00	0.664
489.20	0.664
489.41	0.665
489.61	0.664
489.81	0.665
490.02	0.665
490.22	0.664
490.42	0.664
490.62	0.663
490.83	0.662
491.03	0.662
491.23	0.661
491.43	0.662
491.64	0.661
491.84	0.659
492.04	0.659
492.24	0.659
492.45	0.658
492.65	0.659
492.85	0.658
493.05	0.658
493.26	0.658
493.46	0.658
493.66	0.659
493.86	0.660
494.07	0.660
494.27	0.660
494.47	0.659
494.67	0.658
494.87	0.658
495.08	0.657
495.28	0.657
495.48	0.658
495.68	0.656
495.89	0.656
496.09	0.655
496.29	0.655
496.49	0.655
496.69	0.655
496.90	0.654
497.10	0.654
497.30	0.654
497.50	0.653
497.71	0.653
497.91	0.652
498.11	0.652
498.31	0.651
498.51	0.651
498.72	0.651
498.92	0.651
499.12	0.650
499.32	0.650
499.52	0.650
499.73	0.651
499.93	0.650
500.13	0.650
500.33	0.651
500.53	0.651
500.74	0.650
500.94	0.650
501.14	0.650
501.34	0.650
501.54	0.649
501.74	0.649
501.95	0.649
502.15	0.649
502.35	0.648
502.55	0.649
502.75	0.649
502.96	0.648
503.16	0.648
503.36	0.648
503.56	0.647
503.76	0.646
503.96	0.646
504.17	0.646
504.37	0.645
504.57	0.645
504.77	0.645
504.97	0.645
505.17	0.644
505.38	0.646
505.58	0.645
505.78	0.645
505.98	0.646
506.18	0.646
506.38	0.644
506.58	0.643
506.79	0.643
506.99	0.643
507.19	0.643
507.39	0.643
507.59	0.641
507.79	0.640
507.99	0.641
508.20	0.641
508.40	0.641
508.60	0.641
508.80	0.641
509.00	0.639
509.20	0.639
509.40	0.639
509.61	0.640
509.81	0.639
510.01	0.640
510.21	0.640
510.41	0.639
510.61	0.639
510.81	0.639
511.01	0.640
511.22	0.640
511.42	0.639
511.62	0.640
511.82	0.639
512.02	0.638
512.22	0.639
512.42	0.639
512.62	0.639
512.82	0.638
513.03	0.637
513.23	0.637
513.43	0.636
513.63	0.636
513.83	0.636
514.03	0.636
514.23	0.636
514.43	0.636
514.63	0.636
514.83	0.635
515.04	0.636
515.24	0.636
515.44	0.636
515.64	0.635
515.84	0.634
516.04	0.634
516.24	0.633
516.44	0.633
516.64	0.633
516.84	0.633
517.04	0.633
517.24	0.633
517.45	0.633
517.65	0.633
517.85	0.632
518.05	0.632
518.25	0.632
518.45	0.632
518.65	0.631
518.85	0.630
519.05	0.631
519.25	0.631
519.45	0.631
519.65	0.631
519.85	0.632
520.05	0.630
520.25	0.630
520.46	0.630
520.66	0.630
520.86	0.629
521.06	0.629
521.26	0.629
521.46	0.629
521.66	0.629
521.86	0.630
522.06	0.630
522.26	0.630
522.46	0.631
522.66	0.631
522.86	0.630
523.06	0.630
523.26	0.630
523.46	0.630
523.66	0.629
523.86	0.628
524.06	0.628
524.26	0.626
524.46	0.626
524.66	0.626
524.86	0.626
525.06	0.625
525.26	0.624
525.46	0.623
525.66	0.623
525.87	0.623
526.07	0.623
526.27	0.621
526.47	0.621
526.67	0.621
526.87	0.621
527.07	0.623
527.27	0.624
527.47	0.625
527.67	0.624
527.87	0.623
528.07	0.624
528.27	0.624
528.47	0.624
528.67	0.624
528.87	0.624
529.07	0.623
529.27	0.622
529.47	0.622
529.67	0.622
529.87	0.622
530.07	0.621
530.27	0.621
530.47	0.620
530.67	0.619
530.87	0.619
531.06	0.620
531.26	0.619
531.46	0.620
531.66	0.620
531.86	0.620
532.06	0.621
532.26	0.620
532.46	0.620
532.66	0.619
532.86	0.618
533.06	0.620
533.26	0.619
533.46	0.619
533.66	0.618
533.86	0.618
534.06	0.618
534.26	0.618
534.46	0.619
534.66	0.619
534.86	0.619
535.06	0.619
535.26	0.618
535.46	0.618
535.66	0.617
535.86	0.617
536.06	0.616
536.26	0.616
536.45	0.615
536.65	0.614
536.85	0.615
537.05	0.614
537.25	0.613
537.45	0.614
537.65	0.614
537.85	0.614
538.05	0.614
538.25	0.614
538.45	0.614
538.65	0.613
538.85	0.613
539.05	0.614
539.25	0.613
539.44	0.615
539.64	0.615
539.84	0.615
540.04	0.614
540.24	0.614
540.44	0.614
540.64	0.613
540.84	0.612
541.04	0.612
541.24	0.610
541.44	0.610
541.64	0.610
541.83	0.610
542.03	0.610
542.23	0.610
542.43	0.610
542.63	0.610
542.83	0.611
543.03	0.611
543.23	0.611
543.43	0.610
543.63	0.610
543.82	0.609
544.02	0.609
544.22	0.610
544.42	0.609
544.62	0.608
544.82	0.607
545.02	0.607
545.22	0.607
545.42	0.607
545.61	0.607
545.81	0.607
546.01	0.606
546.21	0.606
546.41	0.605
546.61	0.605
546.81	0.606
547.01	0.606
547.20	0.606
547.40	0.607
547.60	0.607
547.80	0.607
548.00	0.606
548.20	0.607
548.40	0.607
548.59	0.606
548.79	0.606
548.99	0.605
549.19	0.604
549.39	0.604
549.59	0.604
549.79	0.605
549.98	0.604
550.18	0.605
550.38	0.605
550.58	0.604
550.78	0.604
550.98	0.604
551.17	0.603
551.37	0.602
551.57	0.603
551.77	0.603
551.97	0.602
552.17	0.602
552.36	0.602
552.56	0.602
552.76	0.603
552.96	0.603
553.16	0.603
553.36	0.603
553.55	0.603
553.75	0.603
553.95	0.602
554.15	0.602
554.35	0.601
554.55	0.601
554.74	0.601
554.94	0.600
555.14	0.600
555.34	0.599
555.54	0.599
555.73	0.598
555.93	0.598
556.13	0.598
556.33	0.597
556.53	0.597
556.72	0.597
556.92	0.596
557.12	0.596
557.32	0.596
557.52	0.597
557.71	0.598
557.91	0.598
558.11	0.598
558.31	0.597
558.51	0.598
558.70	0.597
558.90	0.597
559.10	0.597
559.30	0.596
559.49	0.596
559.69	0.596
559.89	0.596
560.09	0.596
560.29	0.596
560.48	0.596
560.68	0.596
560.88	0.595
561.08	0.595
561.27	0.595
561.47	0.594
561.67	0.594
561.87	0.594
562.06	0.594
562.26	0.594
562.46	0.594
562.66	0.594
562.86	0.595
563.05	0.594
563.25	0.594
563.45	0.595
563.65	0.593
563.84	0.593
564.04	0.593
564.24	0.593
564.44	0.593
564.63	0.593
564.83	0.593
565.03	0.593
565.22	0.592
565.42	0.593
565.62	0.592
565.82	0.592
566.01	0.592
566.21	0.591
566.41	0.591
566.61	0.590
566.80	0.591
567.00	0.592
567.20	0.591
567.40	0.592
567.59	0.592
567.79	0.591
567.99	0.591
568.18	0.591
568.38	0.591
568.58	0.591
568.78	0.590
568.97	0.589
569.17	0.589
569.37	0.588
569.56	0.588
569.76	0.588
569.96	0.588
570.16	0.587
570.35	0.588
570.55	0.588
570.75	0.589
570.94	0.588
571.14	0.588
571.34	0.588
571.53	0.587
571.73	0.588
571.93	0.588
572.12	0.587
572.32	0.587
572.52	0.586
572.72	0.587
572.91	0.587
573.11	0.587
573.31	0.588
573.50	0.587
573.70	0.587
573.90	0.587
574.09	0.586
574.29	0.586
574.49	0.585
574.68	0.584
574.88	0.584
575.08	0.583
575.27	0.583
575.47	0.582
575.67	0.581
575.86	0.581
576.06	0.582
576.26	0.582
576.45	0.582
576.65	0.582
576.85	0.581
577.04	0.581
577.24	0.581
577.44	0.582
577.63	0.582
577.83	0.581
578.02	0.581
578.22	0.581
578.42	0.581
578.61	0.581
578.81	0.581
579.01	0.582
579.20	0.582
579.40	0.581
579.60	0.581
579.79	0.581
579.99	0.580
580.19	0.580
580.38	0.579
580.58	0.578
580.77	0.578
580.97	0.577
581.17	0.577
581.36	0.577
581.56	0.577
581.75	0.577
581.95	0.577
582.15	0.578
582.34	0.578
582.54	0.577
582.74	0.577
582.93	0.577
583.13	0.577
583.32	0.577
583.52	0.577
583.72	0.577
583.91	0.577
584.11	0.578
584.30	0.578
584.50	0.577
584.70	0.577
584.89	0.577
585.09	0.577
585.28	0.578
585.48	0.577
585.68	0.577
585.87	0.576
586.07	0.577
586.26	0.578
586.46	0.578
586.66	0.578
586.85	0.577
587.05	0.576
587.24	0.576
587.44	0.575
587.63	0.575
587.83	0.575
588.03	0.574
588.22	0.574
588.42	0.574
588.61	0.574
588.81	0.574
589.00	0.575
589.20	0.575
589.40	0.575
589.59	0.575
589.79	0.575
589.98	0.575
590.18	0.575
590.37	0.574
590.57	0.574
590.76	0.574
590.96	0.573
591.16	0.573
591.35	0.573
591.55	0.572
591.74	0.572
591.94	0.571
592.13	0.571
592.33	0.571
592.52	0.571
592.72	0.570
592.91	0.570
593.11	0.569
593.30	0.570
593.50	0.570
593.70	0.570
593.89	0.570
594.09	0.570
594.28	0.571
594.48	0.572
594.67	0.572
594.87	0.571
595.06	0.571
595.26	0.571
595.45	0.571
595.65	0.570
595.84	0.570
596.04	0.569
596.23	0.569
596.43	0.569
596.62	0.569
596.82	0.570
597.01	0.570
597.21	0.570
597.40	0.570
597.60	0.569
597.79	0.569
597.99	0.568
598.18	0.567
598.38	0.567
598.57	0.566
598.77	0.566
598.96	0.565
599.16	0.565
599.35	0.565
599.55	0.566
599.74	0.566
599.94	0.566
600.13	0.567
600.33	0.567
600.52	0.567
600.72	0.567
600.91	0.566
601.11	0.566
601.30	0.566
601.50	0.567
601.69	0.567
601.89	0.567
602.08	0.567
602.27	0.566
602.47	0.566
602.66	0.567
602.86	0.567
603.05	0.567
603.25	0.566
603.44	0.565
603.64	0.565
603.83	0.564
604.03	0.564
604.22	0.564
604.41	0.563
604.61	0.563
604.80	0.563
605.00	0.563
605.19	0.563
605.39	0.563
605.58	0.563
605.78	0.562
605.97	0.562
606.16	0.562
606.36	0.562
606.55	0.562
606.75	0.562
606.94	0.562
607.14	0.562
607.33	0.562
607.52	0.562
607.72	0.561
607.91	0.562
608.11	0.562
608.30	0.562
608.50	0.562
608.69	0.561
608.88	0.561
609.08	0.561
609.27	0.560
609.47	0.560
609.66	0.560
609.85	0.560
610.05	0.560
610.24	0.561
610.44	0.560
610.63	0.560
610.83	0.561
611.02	0.561
611.21	0.561
611.41	0.561
611.60	0.560
611.80	0.560
611.99	0.559
612.18	0.559
612.38	0.559
612.57	0.559
612.76	0.560
612.96	0.560
613.15	0.560
613.35	0.559
613.54	0.559
613.73	0.559
613.93	0.559
614.12	0.559
614.32	0.558
614.51	0.557
614.70	0.557
614.90	0.557
615.09	0.557
615.28	0.557
615.48	0.557
615.67	0.557
615.86	0.557
616.06	0.557
616.25	0.557
616.45	0.557
616.64	0.556
616.83	0.556
617.03	0.556
617.22	0.556
617.41	0.557
617.61	0.556
617.80	0.556
617.99	0.556
618.19	0.555
618.38	0.556
618.57	0.556
618.77	0.555
618.96	0.555
619.15	0.554
619.35	0.555
619.54	0.554
619.73	0.554
619.93	0.554
620.12	0.554
620.31	0.554
620.51	0.554
620.70	0.553
620.89	0.554
621.09	0.554
621.28	0.555
621.47	0.555
621.67	0.554
621.86	0.554
622.05	0.554
622.25	0.553
622.44	0.553
622.63	0.553
622.83	0.553
623.02	0.553
623.21	0.554
623.41	0.554
623.60	0.554
623.79	0.554
623.98	0.554
624.18	0.554
624.37	0.554
624.56	0.554
624.76	0.553
624.95	0.552
625.14	0.552
625.33	0.552
625.53	0.552
625.72	0.552
625.91	0.552
626.11	0.551
626.30	0.551
626.49	0.551
626.68	0.550
626.88	0.550
627.07	0.551
627.26	0.551
627.46	0.550
627.65	0.551
627.84	0.552
628.03	0.551
628.23	0.552
628.42	0.552
628.61	0.552
628.80	0.551
629.00	0.550
629.19	0.550
629.38	0.550
629.58	0.549
629.77	0.549
629.96	0.549
630.15	0.549
630.35	0.549
630.54	0.549
630.73	0.550
630.92	0.550
631.12	0.549
631.31	0.550
631.50	0.550
631.69	0.550
631.89	0.550
632.08	0.549
632.27	0.549
632.46	0.549
632.65	0.549
632.85	0.548
633.04	0.548
633.23	0.548
633.42	0.549
633.62	0.548
633.81	0.549
634.00	0.548
634.19	0.548
634.39	0.549
634.58	0.549
634.77	0.549
634.96	0.549
635.15	0.548
635.35	0.548
635.54	0.547
635.73	0.548
635.92	0.548
636.11	0.547
636.31	0.546
636.50	0.546
636.69	0.546
636.88	0.546
637.07	0.546
637.27	0.546
637.46	0.546
637.65	0.547
637.84	0.547
638.03	0.547
638.23	0.547
638.42	0.547
638.61	0.546
638.80	0.546
638.99	0.546
639.19	0.546
639.38	0.545
639.57	0.545
639.76	0.546
639.95	0.546
640.14	0.546
640.34	0.546
640.53	0.546
640.72	0.546
640.91	0.546
641.10	0.545
641.30	0.545
641.49	0.545
641.68	0.545
641.87	0.545
642.06	0.545
642.25	0.544
642.44	0.543
642.64	0.544
642.83	0.544
643.02	0.544
643.21	0.543
643.40	0.543
643.59	0.541
643.79	0.542
643.98	0.542
644.17	0.541
644.36	0.541
644.55	0.540
644.74	0.540
644.93	0.540
645.13	0.540
645.32	0.541
645.51	0.541
645.70	0.541
645.89	0.542
646.08	0.542
646.27	0.542
646.46	0.542
646.66	0.543
646.85	0.543
647.04	0.543
647.23	0.543
647.42	0.542
647.61	0.542
647.80	0.542
647.99	0.542
648.19	0.541
648.38	0.541
648.57	0.541
648.76	0.540
648.95	0.540
649.14	0.541
649.33	0.540
649.52	0.540
649.71	0.540
649.91	0.540
650.10	0.540
650.29	0.540
650.48	0.540
650.67	0.540
650.86	0.540
651.05	0.540
651.24	0.540
651.43	0.540
651.62	0.539
651.81	0.539
652.01	0.539
652.20	0.538
652.39	0.539
652.58	0.538
652.77	0.538
652.96	0.537
653.15	0.537
653.34	0.537
653.53	0.537
653.72	0.537
653.91	0.537
654.10	0.536
654.29	0.536
654.48	0.535
654.68	0.534
654.87	0.533
655.06	0.531
655.25	0.531
655.44	0.530
655.63	0.530
655.82	0.530
656.01	0.530
656.20	0.530
656.39	0.531
656.58	0.532
656.77	0.533
656.96	0.533
657.15	0.534
657.34	0.534
657.53	0.534
657.72	0.535
657.91	0.535
658.10	0.535
658.29	0.535
658.48	0.536
658.68	0.536
658.87	0.536
659.06	0.536
659.25	0.536
659.44	0.535
659.63	0.535
659.82	0.535
660.01	0.535
660.20	0.534
660.39	0.533
660.58	0.534
660.77	0.534
660.96	0.534
661.15	0.534
661.34	0.533
661.53	0.533
661.72	0.533
661.91	0.533
662.10	0.533
662.29	0.533
662.48	0.532
662.67	0.532
662.86	0.532
663.05	0.532
663.24	0.532
663.43	0.533
663.62	0.533
663.81	0.533
664.00	0.532
664.19	0.533
664.38	0.533
664.57	0.532
664.76	0.532
664.95	0.532
665.14	0.532
665.33	0.531
665.52	0.531
665.71	0.531
665.90	0.531
666.09	0.531
666.28	0.531
666.46	0.531
666.65	0.530
666.84	0.530
667.03	0.530
667.22	0.530
667.41	0.529
667.60	0.530
667.79	0.530
667.98	0.530
668.17	0.530
668.36	0.530
668.55	0.530
668.74	0.530
668.93	0.531
669.12	0.532
669.31	0.531
669.50	0.531
669.69	0.530
669.88	0.530
670.07	0.530
670.26	0.530
670.44	0.530
670.63	0.530
670.82	0.529
671.01	0.529
671.20	0.529
671.39	0.528
671.58	0.529
671.77	0.529
671.96	0.528
672.15	0.528
672.34	0.528
672.53	0.528
672.72	0.529
672.91	0.528
673.09	0.528
673.28	0.527
673.47	0.527
673.66	0.527
673.85	0.527
674.04	0.526
674.23	0.526
674.42	0.526
674.61	0.526
674.80	0.527
674.98	0.528
675.17	0.527
675.36	0.527
675.55	0.527
675.74	0.527
675.93	0.527
676.12	0.527
676.31	0.525
676.50	0.526
676.69	0.526
676.87	0.526
677.06	0.526
677.25	0.526
677.44	0.525
677.63	0.525
677.82	0.524
678.01	0.525
678.20	0.525
678.38	0.525
678.57	0.525
678.76	0.524
678.95	0.524
679.14	0.524
679.33	0.524
679.52	0.524
679.71	0.523
679.89	0.523
680.08	0.524
680.27	0.523
680.46	0.523
680.65	0.523
680.84	0.523
681.02	0.523
681.21	0.524
681.40	0.524
681.59	0.524
681.78	0.524
681.97	0.524
682.16	0.523
682.34	0.523
682.53	0.523
682.72	0.523
682.91	0.523
683.10	0.523
683.29	0.523
683.47	0.522
683.66	0.522
683.85	0.522
684.04	0.522
684.23	0.522
684.42	0.522
684.60	0.522
684.79	0.521
684.98	0.521
685.17	0.522
685.36	0.522
685.54	0.521
685.73	0.521
685.92	0.521
686.11	0.521
686.30	0.521
686.49	0.521
686.67	0.521
686.86	0.520
687.05	0.520
687.24	0.520
687.43	0.520
687.61	0.521
687.80	0.520
687.99	0.520
688.18	0.521
688.36	0.521
688.55	0.521
688.74	0.521
688.93	0.521
689.12	0.521
689.30	0.521
689.49	0.521
689.68	0.521
689.87	0.519
690.06	0.519
690.24	0.520
690.43	0.519
690.62	0.519
690.81	0.518
690.99	0.518
691.18	0.518
691.37	0.518
691.56	0.518
691.74	0.518
691.93	0.518
692.12	0.518
692.31	0.518
692.50	0.519
692.68	0.518
692.87	0.518
693.06	0.518
693.25	0.518
693.43	0.518
693.62	0.518
693.81	0.518
694.00	0.517
694.18	0.517
694.37	0.517
694.56	0.517
694.74	0.517
694.93	0.518
695.12	0.517
695.31	0.517
695.49	0.518
695.68	0.518
695.87	0.517
696.06	0.518
696.24	0.516
696.43	0.516
696.62	0.515
696.80	0.515
696.99	0.515
697.18	0.515
697.37	0.515
697.55	0.515
697.74	0.514
697.93	0.516
698.12	0.516
698.30	0.516
698.49	0.516
698.68	0.516
698.86	0.516
699.05	0.516
699.24	0.516
699.42	0.516
699.61	0.516
699.80	0.516
699.99	0.516
700.17	0.515
700.36	0.515
700.55	0.515
700.73	0.515
700.92	0.515
701.11	0.516
701.29	0.516
701.48	0.516
701.67	0.515
701.85	0.515
702.04	0.514
702.23	0.514
702.41	0.514
702.60	0.514
702.79	0.514
702.97	0.514
703.16	0.514
703.35	0.513
703.53	0.514
703.72	0.515
703.91	0.515
704.09	0.514
704.28	0.514
704.47	0.514
704.65	0.514
704.84	0.514
705.03	0.514
705.21	0.513
705.40	0.512
705.59	0.512
705.77	0.513
705.96	0.513
706.15	0.513
706.33	0.513
706.52	0.512
706.71	0.512
706.89	0.512
707.08	0.512
707.26	0.511
707.45	0.511
707.64	0.511
707.82	0.511
708.01	0.511
708.20	0.512
708.38	0.511
708.57	0.511
708.75	0.512
708.94	0.512
709.13	0.511
709.31	0.511
709.50	0.511
709.69	0.511
709.87	0.511
710.06	0.511
710.24	0.511
710.43	0.510
710.62	0.511
710.80	0.511
710.99	0.511
711.17	0.510
711.36	0.510
711.55	0.510
711.73	0.510
711.92	0.510
712.10	0.510
712.29	0.510
712.48	0.509
712.66	0.509
712.85	0.509
713.03	0.509
713.22	0.510
713.40	0.510
713.59	0.509
713.78	0.509
713.96	0.509
714.15	0.508
714.33	0.509
714.52	0.508
714.71	0.509
714.89	0.508
715.08	0.509
715.26	0.509
715.45	0.509
715.63	0.509
715.82	0.510
716.00	0.510
716.19	0.510
716.38	0.510
716.56	0.510
716.75	0.509
716.93	0.510
717.12	0.509
717.30	0.509
717.49	0.508
717.67	0.508
717.86	0.508
718.05	0.508
718.23	0.508
718.42	0.508
718.60	0.508
718.79	0.508
718.97	0.508
719.16	0.507
719.34	0.507
719.53	0.507
719.71	0.507
719.90	0.507
720.08	0.506
720.27	0.506
720.45	0.506
720.64	0.506
720.83	0.507
721.01	0.507
721.20	0.507
721.38	0.507
721.57	0.507
721.75	0.507
721.94	0.507
722.12	0.506
722.31	0.506
722.49	0.505
722.68	0.505
722.86	0.505
723.05	0.505
723.23	0.505
723.42	0.505
723.60	0.505
723.79	0.505
723.97	0.505
724.16	0.505
724.34	0.505
724.53	0.504
724.71	0.504
724.90	0.504
725.08	0.505
725.27	0.505
725.45	0.504
725.64	0.504
725.82	0.505
726.00	0.505
726.19	0.505
726.37	0.505
726.56	0.504
726.74	0.504
726.93	0.504
727.11	0.504
727.30	0.504
727.48	0.504
727.67	0.503
727.85	0.503
728.04	0.503
728.22	0.502
728.40	0.502
728.59	0.503
728.77	0.502
728.96	0.502
729.14	0.502
729.33	0.502
729.51	0.502
729.70	0.502
729.88	0.502
730.07	0.502
730.25	0.502
730.43	0.502
730.62	0.502
730.80	0.503
730.99	0.503
731.17	0.503
731.36	0.502
731.54	0.502
731.72	0.502
731.91	0.502
732.09	0.502
732.28	0.502
732.46	0.502
732.65	0.502
732.83	0.501
733.01	0.502
733.20	0.502
733.38	0.502
733.57	0.502
733.75	0.502
733.93	0.501
734.12	0.501
734.30	0.501
734.49	0.501
734.67	0.501
734.85	0.500
735.04	0.500
735.22	0.499
735.41	0.499
735.59	0.499
735.77	0.499
735.96	0.499
736.14	0.499
736.33	0.499
736.51	0.500
736.69	0.500
736.88	0.500
737.06	0.500
737.25	0.500
737.43	0.500
737.61	0.500
737.80	0.500
737.98	0.499
738.16	0.499
738.35	0.499
738.53	0.499
738.71	0.500
738.90	0.500
739.08	0.499
739.27	0.499
739.45	0.499
739.63	0.500
739.82	0.500
740.00	0.499
740.18	0.499
740.37	0.499
740.55	0.499
740.73	0.500
740.92	0.500
741.10	0.500
741.28	0.499
741.47	0.499
741.65	0.499
741.83	0.499
742.02	0.498
742.20	0.498
742.38	0.498
742.57	0.498
742.75	0.497
742.93	0.497
743.12	0.497
743.30	0.497
743.48	0.497
743.67	0.497
743.85	0.497
744.03	0.496
744.22	0.496
744.40	0.496
744.58	0.496
744.77	0.496
744.95	0.496
745.13	0.496
745.32	0.496
745.50	0.496
745.68	0.496
745.87	0.497
746.05	0.497
746.23	0.497
746.41	0.498
746.60	0.498
746.78	0.497
746.96	0.498
747.15	0.497
747.33	0.497
747.51	0.497
747.70	0.497
747.88	0.497
748.06	0.496
748.24	0.496
748.43	0.496
748.61	0.497
748.79	0.497
748.97	0.497
749.16	0.496
749.34	0.496
749.52	0.496
749.71	0.496
749.89	0.496
750.07	0.496
750.25	0.495
750.44	0.495
750.62	0.495
750.80	0.495
750.98	0.495
751.17	0.495
751.35	0.495
751.53	0.495
751.71	0.495
751.90	0.495
752.08	0.495
752.26	0.495
752.44	0.495
752.63	0.495
752.81	0.495
752.99	0.496
753.17	0.496
753.36	0.495
753.54	0.496
753.72	0.496
753.90	0.496
754.09	0.497
754.27	0.496
754.45	0.496
754.63	0.496
754.82	0.495
755.00	0.496
755.18	0.495
755.36	0.495
755.54	0.494
755.73	0.494
755.91	0.494
756.09	0.494
756.27	0.493
756.45	0.493
756.64	0.493
756.82	0.493
757.00	0.493
757.18	0.492
757.37	0.492
757.55	0.491
757.73	0.491
757.91	0.492
758.09	0.492
758.27	0.492
758.46	0.492
758.64	0.492
758.82	0.493
759.00	0.493
759.18	0.493
759.37	0.493
759.55	0.493
759.73	0.492
759.91	0.492
760.09	0.492
760.28	0.492
760.46	0.493
760.64	0.492
760.82	0.492
761.00	0.492
761.18	0.492
761.37	0.492
761.55	0.491
761.73	0.491
761.91	0.491
762.09	0.490
762.27	0.490
762.46	0.490
762.64	0.490
762.82	0.489
763.00	0.489
763.18	0.489
763.36	0.489
763.54	0.489
763.73	0.489
763.91	0.489
764.09	0.490
764.27	0.490
764.45	0.490
764.63	0.490
764.81	0.490
765.00	0.490
765.18	0.489
765.36	0.489
765.54	0.489
765.72	0.488
765.90	0.488
766.08	0.489
766.27	0.489
766.45	0.489
766.63	0.488
766.81	0.488
766.99	0.488
767.17	0.488
767.35	0.488
767.53	0.488
767.71	0.488
767.90	0.488
768.08	0.488
768.26	0.488
768.44	0.487
768.62	0.488
768.80	0.487
768.98	0.488
769.16	0.488
769.34	0.487
769.52	0.487
769.71	0.487
769.89	0.487
770.07	0.487
770.25	0.487
770.43	0.487
770.61	0.487
770.79	0.487
770.97	0.487
771.15	0.487
771.33	0.486
771.51	0.486
771.69	0.486
771.88	0.486
772.06	0.486
772.24	0.486
772.42	0.486
772.60	0.486
772.78	0.486
772.96	0.486
773.14	0.486
773.32	0.487
773.50	0.487
773.68	0.486
773.86	0.487
774.04	0.486
774.22	0.486
774.40	0.486
774.58	0.486
774.77	0.486
774.95	0.486
775.13	0.486
775.31	0.486
775.49	0.486
775.67	0.487
775.85	0.487
776.03	0.487
776.21	0.487
776.39	0.487
776.57	0.486
776.75	0.486
776.93	0.486
777.11	0.486
777.29	0.485
777.47	0.485
777.65	0.486
777.83	0.486
778.01	0.486
778.19	0.486
778.37	0.485
778.55	0.485
778.73	0.484
778.91	0.485
779.09	0.485
779.27	0.484
779.45	0.484
779.63	0.484
779.81	0.485
779.99	0.485
780.17	0.486
780.35	0.486
780.53	0.485
780.71	0.485
780.89	0.485
781.07	0.485
781.25	0.485
781.43	0.484
781.61	0.485
781.79	0.485
781.97	0.485
782.15	0.485
782.33	0.485
782.51	0.484
782.69	0.484
782.87	0.484
783.05	0.484
783.23	0.484
783.41	0.484
783.59	0.484
783.77	0.484
783.95	0.484
784.13	0.484
784.31	0.484
784.49	0.484
784.67	0.485
784.85	0.485
785.03	0.485
785.21	0.484
785.38	0.485
785.56	0.485
785.74	0.485
785.92	0.485
786.10	0.484
786.28	0.484
786.46	0.484
786.64	0.484
786.82	0.484
787.00	0.484
787.18	0.484
787.36	0.484
787.54	0.484
787.72	0.484
787.90	0.484
788.08	0.483
788.25	0.483
788.43	0.482
788.61	0.482
788.79	0.483
788.97	0.483
789.15	0.483
789.33	0.483
789.51	0.483
789.69	0.484
789.87	0.484
790.05	0.484
790.23	0.485
790.40	0.484
790.58	0.484
790.76	0.484
790.94	0.483
791.12	0.483
791.30	0.484
791.48	0.484
791.66	0.484
791.84	0.483
792.02	0.484
792.19	0.484
792.37	0.484
792.55	0.485
792.73	0.485
792.91	0.484
793.09	0.485
793.27	0.484
793.45	0.484
793.63	0.484
793.80	0.484
793.98	0.483
794.16	0.483
794.34	0.483
794.52	0.483
794.70	0.483
794.88	0.483
795.05	0.483
795.23	0.483
795.41	0.483
795.59	0.484
795.77	0.483
795.95	0.483
796.13	0.483
796.30	0.483
796.48	0.483
796.66	0.483
796.84	0.483
797.02	0.482
797.20	0.482
797.38	0.482
797.55	0.482
797.73	0.482
797.91	0.482
798.09	0.483
798.27	0.482
798.45	0.483
798.62	0.482
798.80	0.481
798.98	0.482
799.16	0.482
799.34	0.481
799.52	0.481
799.69	0.481
799.87	0.481
800.05	0.481
800.23	0.481
800.41	0.482
800.58	0.481
800.76	0.481
800.94	0.481
801.12	0.481
801.30	0.482
801.47	0.481
801.65	0.481
801.83	0.482
802.01	0.482
802.19	0.482
802.36	0.482
802.54	0.481
802.72	0.481
802.90	0.480
803.08	0.480
803.25	0.480
803.43	0.480
803.61	0.478
803.79	0.479
803.97	0.479
804.14	0.480
804.32	0.480
804.50	0.481
804.68	0.480
804.85	0.480
805.03	0.481
805.21	0.482
805.39	0.481
805.56	0.480
805.74	0.480
805.92	0.480
806.10	0.481
806.28	0.481
806.45	0.481
806.63	0.482
806.81	0.481
806.99	0.481
807.16	0.482
807.34	0.482
807.52	0.482
807.70	0.481
807.87	0.480
808.05	0.480
808.23	0.480
808.41	0.480
808.58	0.480
808.76	0.480
808.94	0.480
809.11	0.480
809.29	0.480
809.47	0.480
809.65	0.480
809.82	0.480
810.00	0.479
810.18	0.480
810.36	0.480
810.53	0.480
810.71	0.480
810.89	0.480
811.06	0.479
811.24	0.480
811.42	0.480
811.60	0.479
811.77	0.478
811.95	0.477
812.13	0.478
812.30	0.478
812.48	0.477
812.66	0.477
812.83	0.477
813.01	0.477
813.19	0.477
813.37	0.477
813.54	0.478
813.72	0.477
813.90	0.477
814.07	0.477
814.25	0.478
814.43	0.478
814.60	0.478
814.78	0.478
814.96	0.479
815.13	0.479
815.31	0.479
815.49	0.479
815.66	0.479
815.84	0.478
816.02	0.478
816.19	0.478
816.37	0.478
816.55	0.478
816.72	0.477
816.90	0.477
817.08	0.476
817.25	0.476
817.43	0.476
817.61	0.476
817.78	0.475
817.96	0.475
818.14	0.475
818.31	0.475
818.49	0.475
818.67	0.475
818.84	0.475
819.02	0.476
819.19	0.476
819.37	0.476
819.55	0.477
819.72	0.476
819.90	0.476
820.08	0.476
820.25	0.476
820.43	0.476
820.60	0.476
820.78	0.476
820.96	0.477
821.13	0.476
821.31	0.477
821.49	0.477
821.66	0.477
821.84	0.478
822.01	0.478
822.19	0.477
822.37	0.476
822.54	0.476
822.72	0.477
822.89	0.477
823.07	0.477
823.25	0.477
823.42	0.477
823.60	0.477
823.77	0.477
823.95	0.476
824.13	0.476
824.30	0.475
824.48	0.474
824.65	0.474
824.83	0.474
825.01	0.474
825.18	0.475
825.36	0.476
825.53	0.478
825.71	0.478
825.88	0.478
826.06	0.478
826.24	0.478
826.41	0.478
826.59	0.477
826.76	0.476
826.94	0.476
827.11	0.476
827.29	0.476
827.47	0.475
827.64	0.475
827.82	0.475
827.99	0.474
828.17	0.474
828.34	0.474
828.52	0.474
828.69	0.474
828.87	0.474
829.04	0.475
829.22	0.475
829.40	0.475
829.57	0.474
829.75	0.474
829.92	0.474
830.10	0.474
830.27	0.474
830.45	0.474
830.62	0.474
830.80	0.473
830.97	0.474
831.15	0.474
831.32	0.474
831.50	0.474
831.67	0.475
831.85	0.476
832.02	0.474
832.20	0.475
832.37	0.475
832.55	0.476
832.73	0.475
832.90	0.476
833.08	0.475
833.25	0.474
833.43	0.473
833.60	0.474
833.78	0.473
833.95	0.473
834.13	0.473
834.30	0.473
834.48	0.471
834.65	0.472
834.82	0.473
835.00	0.473
835.17	0.472
835.35	0.472
835.52	0.471
835.70	0.471
835.87	0.471
836.05	0.472
836.22	0.472
836.40	0.472
836.57	0.472
836.75	0.473
836.92	0.473
837.10	0.473
837.27	0.473
837.45	0.474
837.62	0.474
837.80	0.474
837.97	0.474
838.14	0.474
838.32	0.473
838.49	0.473
838.67	0.473
838.84	0.473
839.02	0.472
839.19	0.471
839.37	0.471
839.54	0.471
839.71	0.470
839.89	0.470
840.06	0.471
840.24	0.471
840.41	0.471
840.59	0.471
840.76	0.471
840.94	0.471
841.11	0.471
841.28	0.471
841.46	0.471
841.63	0.471
841.81	0.470
841.98	0.471
842.15	0.470
842.33	0.472
842.50	0.471
842.68	0.472
842.85	0.472
843.03	0.472
843.20	0.471
843.37	0.470
843.55	0.470
843.72	0.470
843.90	0.469
844.07	0.470
844.24	0.469
844.42	0.469
844.59	0.469
844.77	0.470
844.94	0.471
845.11	0.470
845.29	0.471
845.46	0.471
845.63	0.471
845.81	0.471
845.98	0.472
846.16	0.471
846.33	0.471
846.50	0.470
846.68	0.470
846.85	0.469
847.02	0.468
847.20	0.468
847.37	0.469
847.55	0.468
847.72	0.468
847.89	0.467
848.07	0.467
848.24	0.468
848.41	0.469
848.59	0.470
848.76	0.470
848.93	0.469
849.11	0.470
849.28	0.470
849.45	0.470
849.63	0.471
849.80	0.470
849.97	0.470
850.15	0.469
850.32	0.470
850.49	0.470
850.67	0.470
850.84	0.469
851.01	0.469
851.19	0.468
851.36	0.469
851.53	0.468
851.71	0.468
851.88	0.466
852.05	0.467
852.23	0.467
852.40	0.468
852.57	0.468
852.75	0.468
852.92	0.467
853.09	0.467
853.27	0.468
853.44	0.468
853.61	0.468
853.79	0.468
853.96	0.467
854.13	0.467
854.30	0.467
854.48	0.467
854.65	0.467
854.82	0.466
855.00	0.467
855.17	0.466
855.34	0.466
855.51	0.466
855.69	0.467
855.86	0.467
856.03	0.467
856.21	0.467
856.38	0.466
856.55	0.467
856.72	0.466
856.90	0.466
857.07	0.466
857.24	0.466
857.42	0.467
857.59	0.467
857.76	0.467
857.93	0.468
858.11	0.467
858.28	0.468
858.45	0.468
858.62	0.468
858.80	0.469
858.97	0.467
859.14	0.467
859.31	0.467
859.49	0.466
859.66	0.466
859.83	0.466
860.00	0.465
860.18	0.465
860.35	0.465
860.52	0.466
860.69	0.466
860.86	0.467
861.04	0.468
861.21	0.468
861.38	0.468
861.55	0.468
861.73	0.468
861.90	0.467
862.07	0.467
862.24	0.467
862.42	0.467
862.59	0.467
862.76	0.466
862.93	0.467
863.10	0.467
863.28	0.466
863.45	0.466
863.62	0.466
863.79	0.465
863.96	0.465
864.14	0.464
864.31	0.465
864.48	0.465
864.65	0.466
864.82	0.466
865.00	0.467
865.17	0.466
865.34	0.466
865.51	0.466
865.68	0.467
865.86	0.467
866.03	0.466
866.20	0.467
866.37	0.466
866.54	0.465
866.71	0.466
866.89	0.466
867.06	0.466
867.23	0.466
867.40	0.465
867.57	0.465
867.74	0.465
867.92	0.464
868.09	0.465
868.26	0.466
868.43	0.466
868.60	0.467
868.77	0.467
868.95	0.468
869.12	0.469
869.29	0.468
869.46	0.470
869.63	0.471
869.80	0.470
869.97	0.470
870.15	0.469
870.32	0.470
870.49	0.469
870.66	0.468
870.83	0.469
871.00	0.467
871.17	0.465
871.34	0.465
871.52	0.465
871.69	0.463
871.86	0.465
872.03	0.466
872.20	0.466
872.37	0.465
872.54	0.465
872.71	0.467
872.89	0.467
873.06	0.468
873.23	0.469
873.40	0.469
873.57	0.467
873.74	0.466
873.91	0.468
874.08	0.468
874.25	0.467
874.42	0.467
874.60	0.467
874.77	0.467
874.94	0.466
875.11	0.467
875.28	0.466
875.45	0.464
875.62	0.463
875.79	0.463
875.96	0.463
876.13	0.462
876.30	0.462
876.47	0.462
876.65	0.462
876.82	0.464
876.99	0.463
877.16	0.463
877.33	0.462
877.50	0.462
877.67	0.462
877.84	0.462
878.01	0.462
878.18	0.462
878.35	0.461
878.52	0.462
878.69	0.464
878.86	0.465
879.03	0.466
879.20	0.466
879.38	0.466
879.55	0.466
879.72	0.467
879.89	0.467
880.06	0.467
880.23	0.468
880.40	0.469
880.57	0.467
880.74	0.469
880.91	0.469
881.08	0.469
881.25	0.468
881.42	0.468
881.59	0.468
881.76	0.467
881.93	0.466
882.10	0.466
882.27	0.465
882.44	0.465
882.61	0.465
882.78	0.465
882.95	0.465
883.12	0.465
883.29	0.465
883.46	0.464
883.63	0.466
883.80	0.465
883.97	0.465
884.14	0.463
884.31	0.464
884.48	0.464
884.65	0.464
884.82	0.463
884.99	0.463
885.16	0.463
885.33	0.464
885.50	0.463
885.67	0.463
885.84	0.463
886.01	0.463
886.18	0.463
886.35	0.463
886.52	0.464
886.69	0.463
886.86	0.463
887.03	0.463
887.20	0.465
887.37	0.464
887.54	0.464
887.71	0.464
887.88	0.463
888.05	0.463
888.22	0.463
888.39	0.463
888.55	0.463
888.72	0.462
888.89	0.462
889.06	0.462
889.23	0.463
889.40	0.466
889.57	0.463
889.74	0.463
889.91	0.465
890.08	0.466
890.25	0.465
890.42	0.465
890.59	0.464
890.76	0.462
890.93	0.461
891.10	0.462
891.26	0.461
891.43	0.459
891.60	0.458
891.77	0.459
891.94	0.459
892.11	0.460
892.28	0.461
892.45	0.460
892.62	0.462
892.79	0.463
892.96	0.462
893.13	0.461
893.29	0.461
893.46	0.460
893.63	0.459
893.80	0.459
893.97	0.460
894.14	0.456
894.31	0.455
894.48	0.458
894.65	0.451
894.81	0.440
894.98	0.460
