177.34	-0.443
177.56	-0.443
177.78	-0.443
178.00	0.077
178.22	-0.129
178.44	-0.155
178.66	0.351
178.89	-0.558
179.11	-0.000
179.33	0.273
179.55	-0.070
179.77	0.171
179.99	0.046
180.21	0.010
180.43	-0.563
180.65	-0.000
180.87	-0.000
181.09	-0.000
181.31	-0.000
181.53	0.906
181.75	1.149
181.97	1.061
182.19	1.163
182.41	1.279
182.63	1.040
182.85	1.034
183.07	0.835
183.30	0.709
183.52	0.740
183.74	0.796
183.96	0.868
184.18	0.822
184.40	0.852
184.62	0.958
184.84	0.908
185.06	1.066
185.28	1.508
185.50	1.475
185.72	2.643
185.94	1.642
186.16	1.268
186.38	1.130
186.60	1.130
186.82	1.434
187.04	-0.000
187.26	1.716
187.48	2.153
187.70	2.206
187.92	2.238
188.14	-0.000
188.36	-0.000
188.58	-0.000
188.80	-0.000
189.02	2.888
189.24	-0.000
189.46	-0.000
189.68	-0.000
189.90	-0.000
190.12	-0.000
190.34	-0.000
190.56	-0.000
190.78	3.511
191.00	3.263
191.22	2.556
191.44	2.131
191.66	1.849
191.88	1.979
192.10	1.784
192.32	1.860
192.54	1.816
192.76	2.031
192.98	2.113
193.20	2.177
193.42	2.204
193.64	2.024
193.86	2.044
194.08	1.995
194.30	2.066
194.52	1.964
194.74	1.987
194.96	1.999
195.18	1.975
195.40	2.055
195.62	2.155
195.84	2.304
196.06	2.875
196.28	3.289
196.50	4.068
196.72	2.289
196.94	2.210
197.16	2.304
197.38	2.040
197.60	1.905
197.82	1.939
198.04	1.843
198.26	1.701
198.48	1.695
198.70	1.802
198.92	1.762
199.13	1.687
199.35	1.708
199.57	1.719
199.79	1.672
200.01	1.729
200.23	1.796
200.45	1.743
200.67	1.726
200.89	1.757
201.11	1.843
201.33	1.859
201.55	1.941
201.77	1.881
201.99	1.927
202.21	1.879
202.43	1.821
202.65	1.736
202.87	1.784
203.09	1.772
203.31	1.775
203.52	1.813
203.74	1.900
203.96	1.848
204.18	1.942
204.40	2.126
204.62	2.242
204.84	2.147
205.06	2.108
205.28	2.177
205.50	2.161
205.72	2.148
205.94	2.303
206.16	2.262
206.38	2.288
206.59	2.428
206.81	2.599
207.03	2.937
207.25	2.728
207.47	2.622
207.69	2.483
207.91	2.328
208.13	2.381
208.35	2.447
208.57	2.413
208.79	2.355
209.01	2.369
209.22	2.627
209.44	2.628
209.66	2.685
209.88	3.057
210.10	3.472
210.32	2.893
210.54	2.561
210.76	2.517
210.98	2.584
211.20	2.352
211.42	2.480
211.63	2.444
211.85	2.302
212.07	2.224
212.29	2.246
212.51	2.352
212.73	2.385
212.95	2.238
213.17	2.216
213.39	2.176
213.60	2.172
213.82	2.243
214.04	2.207
214.26	2.168
214.48	2.206
214.70	2.212
214.92	2.280
215.14	2.390
215.35	2.289
215.57	2.308
215.79	2.223
216.01	2.281
216.23	2.357
216.45	2.397
216.67	2.394
216.89	2.440
217.10	2.395
217.32	2.458
217.54	2.546
217.76	2.703
217.98	2.718
218.20	2.550
218.42	2.432
218.64	2.373
218.85	2.304
219.07	2.313
219.29	2.296
219.51	2.227
219.73	2.230
219.95	2.220
220.17	2.263
220.38	2.267
220.60	2.309
220.82	2.370
221.04	2.311
221.26	2.311
221.48	2.371
221.69	2.323
221.91	2.330
222.13	2.267
222.35	2.249
222.57	2.218
222.79	2.165
223.00	2.194
223.22	2.193
223.44	2.167
223.66	2.153
223.88	2.127
224.10	2.128
224.32	2.067
224.53	2.040
224.75	2.036
224.97	2.001
225.19	1.970
225.41	1.940
225.62	1.933
225.84	1.929
226.06	1.924
226.28	1.941
226.50	1.938
226.72	1.937
226.93	1.922
227.15	1.918
227.37	1.912
227.59	1.893
227.81	1.875
228.02	1.857
228.24	1.856
228.46	1.846
228.68	1.830
228.90	1.821
229.12	1.815
229.33	1.808
229.55	1.800
229.77	1.788
229.99	1.779
230.21	1.748
230.42	1.742
230.64	1.732
230.86	1.732
231.08	1.720
231.30	1.713
231.51	1.693
231.73	1.686
231.95	1.678
232.17	1.685
232.38	1.672
232.60	1.670
232.82	1.657
233.04	1.653
233.26	1.645
233.47	1.647
233.69	1.641
233.91	1.635
234.13	1.626
234.35	1.625
234.56	1.611
234.78	1.608
235.00	1.602
235.22	1.601
235.43	1.599
235.65	1.591
235.87	1.587
236.09	1.579
236.30	1.566
236.52	1.568
236.74	1.565
236.96	1.562
237.18	1.552
237.39	1.549
237.61	1.548
237.83	1.545
238.05	1.545
238.26	1.549
238.48	1.549
238.70	1.547
238.92	1.546
239.13	1.552
239.35	1.551
239.57	1.552
239.79	1.550
240.00	1.547
240.22	1.542
240.44	1.535
240.66	1.531
240.87	1.524
241.09	1.513
241.31	1.511
241.53	1.504
241.74	1.503
241.96	1.502
242.18	1.503
242.40	1.505
242.61	1.503
242.83	1.504
243.05	1.504
243.27	1.499
243.48	1.502
243.70	1.500
243.92	1.498
244.13	1.497
244.35	1.491
244.57	1.494
244.79	1.493
245.00	1.489
245.22	1.487
245.44	1.484
245.65	1.482
245.87	1.483
246.09	1.483
246.31	1.481
246.52	1.476
246.74	1.477
246.96	1.481
247.18	1.481
247.39	1.482
247.61	1.480
247.83	1.479
248.04	1.479
248.26	1.483
248.48	1.483
248.69	1.481
248.91	1.482
249.13	1.483
249.35	1.481
249.56	1.482
249.78	1.478
250.00	1.474
250.21	1.474
250.43	1.474
250.65	1.472
250.86	1.467
251.08	1.465
251.30	1.469
251.51	1.471
251.73	1.471
251.95	1.471
252.17	1.466
252.38	1.464
252.60	1.468
252.82	1.469
253.03	1.469
253.25	1.471
253.47	1.468
253.68	1.469
253.90	1.469
254.12	1.474
254.33	1.475
254.55	1.472
254.77	1.471
254.98	1.472
255.20	1.465
255.42	1.468
255.63	1.468
255.85	1.468
256.07	1.466
256.28	1.462
256.50	1.462
256.72	1.461
256.93	1.460
257.15	1.460
257.37	1.458
257.58	1.460
257.80	1.457
258.02	1.454
258.23	1.457
258.45	1.457
258.67	1.457
258.88	1.457
259.10	1.456
259.32	1.455
259.53	1.450
259.75	1.451
259.96	1.453
260.18	1.452
260.40	1.452
260.61	1.455
260.83	1.452
261.05	1.457
261.26	1.456
261.48	1.458
261.70	1.456
261.91	1.456
262.13	1.456
262.34	1.456
262.56	1.453
262.78	1.455
262.99	1.452
263.21	1.455
263.43	1.460
263.64	1.463
263.86	1.464
264.07	1.463
264.29	1.459
264.51	1.462
264.72	1.463
264.94	1.464
265.16	1.459
265.37	1.454
265.59	1.452
265.80	1.451
266.02	1.452
266.24	1.454
266.45	1.451
266.67	1.448
266.88	1.443
267.10	1.446
267.32	1.444
267.53	1.444
267.75	1.441
267.96	1.441
268.18	1.440
268.40	1.440
268.61	1.443
268.83	1.445
269.04	1.444
269.26	1.447
269.48	1.446
269.69	1.447
269.91	1.448
270.12	1.446
270.34	1.445
270.56	1.441
270.77	1.442
270.99	1.438
271.20	1.431
271.42	1.430
271.64	1.430
271.85	1.426
272.07	1.426
272.28	1.425
272.50	1.422
272.71	1.420
272.93	1.421
273.15	1.425
273.36	1.425
273.58	1.424
273.79	1.425
274.01	1.424
274.22	1.428
274.44	1.429
274.66	1.425
274.87	1.423
275.09	1.420
275.30	1.420
275.52	1.417
275.73	1.415
275.95	1.413
276.16	1.409
276.38	1.411
276.60	1.413
276.81	1.413
277.03	1.414
277.24	1.412
277.46	1.412
277.67	1.412
277.89	1.412
278.10	1.409
278.32	1.407
278.53	1.406
278.75	1.406
278.97	1.404
279.18	1.405
279.40	1.402
279.61	1.401
279.83	1.399
280.04	1.401
280.26	1.397
280.47	1.395
280.69	1.394
280.90	1.393
281.12	1.388
281.33	1.389
281.55	1.389
281.76	1.390
281.98	1.389
282.20	1.389
282.41	1.385
282.63	1.382
282.84	1.379
283.06	1.380
283.27	1.376
283.49	1.370
283.70	1.366
283.92	1.363
284.13	1.361
284.35	1.357
284.56	1.355
284.78	1.352
284.99	1.350
285.21	1.348
285.42	1.347
285.64	1.346
285.85	1.343
286.07	1.339
286.28	1.339
286.50	1.339
286.71	1.339
286.93	1.337
287.14	1.337
287.36	1.336
287.57	1.332
287.79	1.332
288.00	1.331
288.22	1.332
288.43	1.330
288.65	1.327
288.86	1.324
289.08	1.321
289.29	1.319
289.51	1.317
289.72	1.319
289.94	1.317
290.15	1.315
290.37	1.312
290.58	1.310
290.80	1.307
291.01	1.305
291.22	1.303
291.44	1.303
291.65	1.298
291.87	1.296
292.08	1.294
292.30	1.291
292.51	1.290
292.73	1.289
292.94	1.288
293.16	1.289
293.37	1.288
293.59	1.286
293.80	1.284
294.02	1.279
294.23	1.277
294.44	1.274
294.66	1.275
294.87	1.274
295.09	1.269
295.30	1.265
295.52	1.263
295.73	1.262
295.95	1.263
296.16	1.261
296.37	1.258
296.59	1.256
296.80	1.252
297.02	1.249
297.23	1.247
297.45	1.245
297.66	1.243
297.88	1.242
298.09	1.243
298.30	1.243
298.52	1.238
298.73	1.237
298.95	1.237
299.16	1.235
299.38	1.232
299.59	1.230
299.80	1.229
300.02	1.226
300.23	1.223
300.45	1.222
300.66	1.219
300.88	1.218
301.09	1.217
301.30	1.217
301.52	1.215
301.73	1.211
301.95	1.207
302.16	1.204
302.37	1.204
302.59	1.203
302.80	1.201
303.02	1.198
303.23	1.196
303.45	1.194
303.66	1.191
303.87	1.192
304.09	1.191
304.30	1.188
304.52	1.185
304.73	1.181
304.94	1.180
305.16	1.177
305.37	1.175
305.59	1.173
305.80	1.170
306.01	1.167
306.23	1.165
306.44	1.164
306.65	1.163
306.87	1.161
307.08	1.158
307.30	1.156
307.51	1.155
307.72	1.154
307.94	1.152
308.15	1.150
308.37	1.148
308.58	1.147
308.79	1.144
309.01	1.144
309.22	1.143
309.43	1.141
309.65	1.141
309.86	1.142
310.07	1.141
310.29	1.140
310.50	1.139
310.72	1.138
310.93	1.137
311.14	1.136
311.36	1.136
311.57	1.134
311.78	1.131
312.00	1.129
312.21	1.127
312.42	1.126
312.64	1.126
312.85	1.123
313.07	1.122
313.28	1.118
313.49	1.116
313.71	1.116
313.92	1.113
314.13	1.114
314.35	1.111
314.56	1.109
314.77	1.108
314.99	1.106
315.20	1.106
315.41	1.104
315.63	1.103
315.84	1.103
316.05	1.101
316.27	1.101
316.48	1.099
316.69	1.097
316.91	1.096
317.12	1.095
317.33	1.093
317.55	1.090
317.76	1.089
317.97	1.088
318.19	1.084
318.40	1.086
318.61	1.084
318.83	1.084
319.04	1.082
319.25	1.081
319.47	1.082
319.68	1.080
319.89	1.078
320.10	1.079
320.32	1.076
320.53	1.075
320.74	1.074
320.96	1.074
321.17	1.073
321.38	1.070
321.60	1.069
321.81	1.068
322.02	1.067
322.24	1.065
322.45	1.064
322.66	1.061
322.87	1.058
323.09	1.058
323.30	1.059
323.51	1.060
323.73	1.059
323.94	1.057
324.15	1.056
324.36	1.055
324.58	1.056
324.79	1.056
325.00	1.054
325.22	1.050
325.43	1.048
325.64	1.047
325.85	1.047
326.07	1.047
326.28	1.045
326.49	1.041
326.71	1.041
326.92	1.039
327.13	1.040
327.34	1.038
327.56	1.036
327.77	1.034
327.98	1.033
328.19	1.033
328.41	1.034
328.62	1.032
328.83	1.030
329.04	1.029
329.26	1.027
329.47	1.026
329.68	1.026
329.90	1.026
330.11	1.024
330.32	1.022
330.53	1.021
330.75	1.021
330.96	1.021
331.17	1.021
331.38	1.021
331.60	1.020
331.81	1.019
332.02	1.018
332.23	1.017
332.44	1.016
332.66	1.015
332.87	1.013
333.08	1.013
333.29	1.012
333.51	1.012
333.72	1.010
333.93	1.008
334.14	1.008
334.36	1.007
334.57	1.007
334.78	1.005
334.99	1.003
335.21	1.002
335.42	1.000
335.63	0.999
335.84	0.999
336.05	0.998
336.27	0.997
336.48	0.995
336.69	0.996
336.90	0.996
337.11	0.994
337.33	0.994
337.54	0.993
337.75	0.992
337.96	0.990
338.18	0.990
338.39	0.988
338.60	0.986
338.81	0.985
339.02	0.985
339.24	0.984
339.45	0.983
339.66	0.983
339.87	0.983
340.08	0.981
340.30	0.982
340.51	0.981
340.72	0.981
340.93	0.978
341.14	0.977
341.36	0.976
341.57	0.973
341.78	0.971
341.99	0.970
342.20	0.969
342.41	0.968
342.63	0.966
342.84	0.965
343.05	0.965
343.26	0.964
343.47	0.964
343.69	0.964
343.90	0.965
344.11	0.964
344.32	0.963
344.53	0.964
344.74	0.962
344.96	0.961
345.17	0.960
345.38	0.959
345.59	0.959
345.80	0.957
346.01	0.956
346.23	0.955
346.44	0.953
346.65	0.953
346.86	0.952
347.07	0.952
347.28	0.951
347.50	0.949
347.71	0.947
347.92	0.945
348.13	0.944
348.34	0.942
348.55	0.941
348.76	0.941
348.98	0.939
349.19	0.938
349.40	0.938
349.61	0.938
349.82	0.937
350.03	0.937
350.24	0.937
350.46	0.936
350.67	0.934
350.88	0.934
351.09	0.932
351.30	0.931
351.51	0.928
351.72	0.928
351.93	0.928
352.15	0.928
352.36	0.928
352.57	0.927
352.78	0.925
352.99	0.924
353.20	0.924
353.41	0.924
353.62	0.922
353.84	0.921
354.05	0.920
354.26	0.918
354.47	0.918
354.68	0.918
354.89	0.919
355.10	0.919
355.31	0.917
355.52	0.918
355.74	0.917
355.95	0.917
356.16	0.918
356.37	0.917
356.58	0.917
356.79	0.916
357.00	0.916
357.21	0.915
357.42	0.914
357.63	0.914
357.85	0.912
358.06	0.910
358.27	0.909
358.48	0.908
358.69	0.905
358.90	0.905
359.11	0.903
359.32	0.903
359.53	0.903
359.74	0.902
359.95	0.900
360.17	0.899
360.38	0.897
360.59	0.896
360.80	0.894
361.01	0.892
361.22	0.890
361.43	0.888
361.64	0.888
361.85	0.889
362.06	0.888
362.27	0.887
362.48	0.887
362.69	0.887
362.90	0.889
363.12	0.889
363.33	0.890
363.54	0.890
363.75	0.887
363.96	0.886
364.17	0.885
364.38	0.884
364.59	0.882
364.80	0.881
365.01	0.880
365.22	0.877
365.43	0.876
365.64	0.875
365.85	0.875
366.06	0.876
366.27	0.874
366.48	0.874
366.69	0.872
366.90	0.872
367.11	0.872
367.32	0.872
367.54	0.871
367.75	0.869
367.96	0.868
368.17	0.868
368.38	0.868
368.59	0.868
368.80	0.868
369.01	0.866
369.22	0.865
369.43	0.866
369.64	0.866
369.85	0.865
370.06	0.864
370.27	0.863
370.48	0.861
370.69	0.860
370.90	0.859
371.11	0.859
371.32	0.857
371.53	0.857
371.74	0.857
371.95	0.858
372.16	0.858
372.37	0.858
372.58	0.858
372.79	0.857
373.00	0.856
373.21	0.856
373.42	0.853
373.63	0.853
373.84	0.852
374.05	0.852
374.26	0.851
374.47	0.850
374.68	0.850
374.89	0.849
375.10	0.848
375.31	0.848
375.52	0.845
375.73	0.844
375.94	0.842
376.15	0.843
376.36	0.845
376.57	0.843
376.78	0.842
376.99	0.840
377.20	0.840
377.41	0.841
377.62	0.842
377.83	0.842
378.04	0.840
378.25	0.838
378.46	0.839
378.67	0.839
378.88	0.839
379.09	0.839
379.30	0.838
379.51	0.836
379.72	0.836
379.92	0.836
380.13	0.835
380.34	0.834
380.55	0.834
380.76	0.835
380.97	0.834
381.18	0.832
381.39	0.831
381.60	0.832
381.81	0.832
382.02	0.831
382.23	0.831
382.44	0.828
382.65	0.827
382.86	0.826
383.07	0.827
383.28	0.825
383.49	0.823
383.70	0.822
383.91	0.821
384.11	0.820
384.32	0.820
384.53	0.820
384.74	0.818
384.95	0.819
385.16	0.819
385.37	0.819
385.58	0.816
385.79	0.815
386.00	0.816
386.21	0.815
386.42	0.814
386.63	0.815
386.84	0.813
387.04	0.812
387.25	0.812
387.46	0.812
387.67	0.813
387.88	0.811
388.09	0.810
388.30	0.810
388.51	0.808
388.72	0.809
388.93	0.809
389.14	0.808
389.34	0.807
389.55	0.807
389.76	0.805
389.97	0.806
390.18	0.806
390.39	0.805
390.60	0.804
390.81	0.803
391.02	0.802
391.23	0.802
391.43	0.802
391.64	0.800
391.85	0.799
392.06	0.798
392.27	0.797
392.48	0.797
392.69	0.797
392.90	0.796
393.11	0.795
393.31	0.796
393.52	0.795
393.73	0.796
393.94	0.794
394.15	0.793
394.36	0.792
394.57	0.791
394.78	0.791
394.98	0.791
395.19	0.788
395.40	0.789
395.61	0.789
395.82	0.790
396.03	0.791
396.24	0.791
396.44	0.792
396.65	0.791
396.86	0.790
397.07	0.791
397.28	0.790
397.49	0.788
397.70	0.787
397.90	0.786
398.11	0.785
398.32	0.785
398.53	0.784
398.74	0.784
398.95	0.784
399.16	0.784
399.36	0.783
399.57	0.784
399.78	0.784
399.99	0.782
400.20	0.782
400.41	0.781
400.61	0.781
400.82	0.781
401.03	0.780
401.24	0.780
401.45	0.778
401.66	0.777
401.86	0.778
402.07	0.777
402.28	0.777
402.49	0.775
402.70	0.775
402.91	0.775
403.11	0.773
403.32	0.773
403.53	0.774
403.74	0.773
403.95	0.773
404.15	0.772
404.36	0.772
404.57	0.772
404.78	0.772
404.99	0.772
405.20	0.772
405.40	0.773
405.61	0.773
405.82	0.771
406.03	0.771
406.24	0.771
406.44	0.770
406.65	0.769
406.86	0.768
407.07	0.766
407.28	0.766
407.48	0.765
407.69	0.765
407.90	0.766
408.11	0.765
408.32	0.766
408.52	0.765
408.73	0.767
408.94	0.767
409.15	0.767
409.35	0.766
409.56	0.765
409.77	0.762
409.98	0.762
410.19	0.762
410.39	0.762
410.60	0.760
410.81	0.759
411.02	0.758
411.22	0.758
411.43	0.759
411.64	0.759
411.85	0.757
412.05	0.757
412.26	0.756
412.47	0.755
412.68	0.756
412.89	0.755
413.09	0.756
413.30	0.755
413.51	0.755
413.72	0.755
413.92	0.753
414.13	0.752
414.34	0.751
414.55	0.750
414.75	0.751
414.96	0.749
415.17	0.750
415.38	0.749
415.58	0.749
415.79	0.750
416.00	0.750
416.21	0.750
416.41	0.748
416.62	0.747
416.83	0.747
417.03	0.746
417.24	0.745
417.45	0.744
417.66	0.743
417.86	0.743
418.07	0.743
418.28	0.744
418.49	0.744
418.69	0.742
418.90	0.742
419.11	0.742
419.31	0.742
419.52	0.742
419.73	0.741
419.94	0.741
420.14	0.740
420.35	0.739
420.56	0.740
420.76	0.741
420.97	0.741
421.18	0.741
421.39	0.740
421.59	0.741
421.80	0.740
422.01	0.740
422.21	0.740
422.42	0.738
422.63	0.737
422.84	0.735
423.04	0.734
423.25	0.734
423.46	0.733
423.66	0.734
423.87	0.733
424.08	0.733
424.28	0.733
424.49	0.734
424.70	0.734
424.90	0.734
425.11	0.733
425.32	0.735
425.52	0.733
425.73	0.734
425.94	0.733
426.15	0.733
426.35	0.732
426.56	0.733
426.77	0.731
426.97	0.730
427.18	0.730
427.39	0.729
427.59	0.728
427.80	0.728
428.01	0.728
428.21	0.728
428.42	0.728
428.63	0.729
428.83	0.729
429.04	0.727
429.25	0.728
429.45	0.728
429.66	0.727
429.87	0.726
430.07	0.725
430.28	0.724
430.48	0.724
430.69	0.724
430.90	0.723
431.10	0.722
431.31	0.722
431.52	0.721
431.72	0.721
431.93	0.721
432.14	0.721
432.34	0.720
432.55	0.720
432.76	0.720
432.96	0.719
433.17	0.718
433.37	0.719
433.58	0.718
433.79	0.718
433.99	0.717
434.20	0.717
434.41	0.717
434.61	0.717
434.82	0.718
435.02	0.719
435.23	0.717
435.44	0.717
435.64	0.717
435.85	0.717
436.06	0.715
436.26	0.715
436.47	0.715
436.67	0.715
436.88	0.713
437.09	0.714
437.29	0.714
437.50	0.714
437.70	0.712
437.91	0.713
438.12	0.713
438.32	0.711
438.53	0.711
438.73	0.711
438.94	0.710
439.15	0.709
439.35	0.709
439.56	0.709
439.76	0.709
439.97	0.709
440.18	0.709
440.38	0.709
440.59	0.709
440.79	0.709
441.00	0.709
441.20	0.710
441.41	0.709
441.62	0.708
441.82	0.708
442.03	0.708
442.23	0.706
442.44	0.705
442.65	0.702
442.85	0.702
443.06	0.700
443.26	0.701
443.47	0.700
443.67	0.700
443.88	0.700
444.09	0.700
444.29	0.700
444.50	0.701
444.70	0.700
444.91	0.700
445.11	0.701
445.32	0.701
445.52	0.701
445.73	0.700
445.94	0.699
446.14	0.699
446.35	0.700
446.55	0.699
446.76	0.698
446.96	0.697
447.17	0.697
447.37	0.697
447.58	0.698
447.78	0.698
447.99	0.698
448.20	0.698
448.40	0.698
448.61	0.698
448.81	0.698
449.02	0.698
449.22	0.699
449.43	0.699
449.63	0.700
449.84	0.698
450.04	0.697
450.25	0.697
450.45	0.697
450.66	0.696
450.86	0.695
451.07	0.694
451.27	0.693
451.48	0.691
451.68	0.691
451.89	0.691
452.09	0.690
452.30	0.690
452.50	0.689
452.71	0.689
452.91	0.688
453.12	0.688
453.33	0.688
453.53	0.688
453.74	0.687
453.94	0.687
454.15	0.687
454.35	0.686
454.56	0.685
454.76	0.686
454.96	0.685
455.17	0.684
455.37	0.682
455.58	0.683
455.78	0.684
455.99	0.684
456.19	0.684
456.40	0.684
456.60	0.683
456.81	0.684
457.01	0.685
457.22	0.685
457.42	0.683
457.63	0.682
457.83	0.681
458.04	0.682
458.24	0.683
458.45	0.683
458.65	0.683
458.86	0.682
459.06	0.683
459.27	0.684
459.47	0.685
459.67	0.684
459.88	0.683
460.08	0.683
460.29	0.682
460.49	0.681
460.70	0.681
460.90	0.679
461.11	0.678
461.31	0.677
461.52	0.677
461.72	0.678
461.92	0.677
462.13	0.677
462.33	0.676
462.54	0.675
462.74	0.675
462.95	0.674
463.15	0.673
463.36	0.672
463.56	0.670
463.76	0.671
463.97	0.670
464.17	0.671
464.38	0.673
464.58	0.671
464.79	0.672
464.99	0.673
465.19	0.673
465.40	0.673
465.60	0.673
465.81	0.673
466.01	0.671
466.22	0.671
466.42	0.671
466.62	0.671
466.83	0.671
467.03	0.670
467.24	0.670
467.44	0.670
467.65	0.669
467.85	0.667
468.05	0.667
468.26	0.667
468.46	0.667
468.67	0.667
468.87	0.667
469.07	0.667
469.28	0.668
469.48	0.667
469.69	0.669
469.89	0.668
470.09	0.668
470.30	0.668
470.50	0.667
470.71	0.667
470.91	0.665
471.11	0.664
471.32	0.664
471.52	0.664
471.72	0.663
471.93	0.664
472.13	0.664
472.34	0.664
472.54	0.664
472.74	0.666
472.95	0.665
473.15	0.664
473.35	0.665
473.56	0.665
473.76	0.664
473.97	0.663
474.17	0.663
474.37	0.662
474.58	0.661
474.78	0.662
474.98	0.661
475.19	0.660
475.39	0.659
475.60	0.659
475.80	0.659
476.00	0.657
476.21	0.657
476.41	0.656
476.61	0.655
476.82	0.655
477.02	0.655
477.22	0.655
477.43	0.654
477.63	0.654
477.83	0.655
478.04	0.655
478.24	0.656
478.44	0.657
478.65	0.657
478.85	0.657
479.05	0.657
479.26	0.657
479.46	0.656
479.66	0.655
479.87	0.655
480.07	0.654
480.27	0.653
480.48	0.653
480.68	0.652
480.88	0.652
481.09	0.652
481.29	0.653
481.49	0.654
481.70	0.653
481.90	0.653
482.10	0.652
482.31	0.652
482.51	0.653
482.71	0.653
482.92	0.652
483.12	0.652
483.32	0.651
483.52	0.651
483.73	0.650
483.93	0.649
484.13	0.649
484.34	0.648
484.54	0.648
484.74	0.647
484.95	0.648
485.15	0.647
485.35	0.648
485.55	0.648
485.76	0.648
485.96	0.647
486.16	0.647
486.37	0.647
486.57	0.647
486.77	0.646
486.97	0.646
487.18	0.645
487.38	0.644
487.58	0.645
487.79	0.646
487.99	0.645
488.19	0.645
488.39	0.646
488.60	0.646
488.80	0.645
489.00	0.646
489.20	0.647
489.41	0.647
489.61	0.645
489.81	0.645
490.02	0.645
490.22	0.643
490.42	0.642
490.62	0.643
490.83	0.642
491.03	0.641
491.23	0.641
491.43	0.640
491.64	0.640
491.84	0.639
492.04	0.640
492.24	0.640
492.45	0.639
492.65	0.638
492.85	0.639
493.05	0.639
493.26	0.639
493.46	0.638
493.66	0.638
493.86	0.638
494.07	0.638
494.27	0.639
494.47	0.638
494.67	0.638
494.87	0.638
495.08	0.638
495.28	0.639
495.48	0.639
495.68	0.638
495.89	0.638
496.09	0.637
496.29	0.637
496.49	0.637
496.69	0.637
496.90	0.636
497.10	0.634
497.30	0.634
497.50	0.633
497.71	0.634
497.91	0.633
498.11	0.633
498.31	0.633
498.51	0.632
498.72	0.631
498.92	0.632
499.12	0.632
499.32	0.631
499.52	0.631
499.73	0.631
499.93	0.630
500.13	0.631
500.33	0.631
500.53	0.631
500.74	0.631
500.94	0.631
501.14	0.631
501.34	0.630
501.54	0.630
501.74	0.630
501.95	0.630
502.15	0.629
502.35	0.628
502.55	0.628
502.75	0.627
502.96	0.627
503.16	0.627
503.36	0.627
503.56	0.628
503.76	0.627
503.96	0.628
504.17	0.628
504.37	0.628
504.57	0.629
504.77	0.628
504.97	0.628
505.17	0.627
505.38	0.627
505.58	0.627
505.78	0.626
505.98	0.626
506.18	0.626
506.38	0.625
506.58	0.624
506.79	0.624
506.99	0.624
507.19	0.623
507.39	0.624
507.59	0.625
507.79	0.624
507.99	0.624
508.20	0.623
508.40	0.622
508.60	0.622
508.80	0.621
509.00	0.621
509.20	0.620
509.40	0.620
509.61	0.620
509.81	0.621
510.01	0.621
510.21	0.622
510.41	0.623
510.61	0.623
510.81	0.623
511.01	0.622
511.22	0.621
511.42	0.620
511.62	0.620
511.82	0.619
512.02	0.619
512.22	0.618
512.42	0.618
512.62	0.618
512.82	0.618
513.03	0.619
513.23	0.620
513.43	0.620
513.63	0.621
513.83	0.620
514.03	0.619
514.23	0.619
514.43	0.618
514.63	0.617
514.83	0.617
515.04	0.616
515.24	0.615
515.44	0.615
515.64	0.615
515.84	0.615
516.04	0.616
516.24	0.616
516.44	0.616
516.64	0.615
516.84	0.615
517.04	0.615
517.24	0.614
517.45	0.614
517.65	0.614
517.85	0.613
518.05	0.613
518.25	0.614
518.45	0.614
518.65	0.613
518.85	0.614
519.05	0.614
519.25	0.615
519.45	0.614
519.65	0.614
519.85	0.613
520.05	0.614
520.25	0.612
520.46	0.612
520.66	0.611
520.86	0.610
521.06	0.609
521.26	0.609
521.46	0.609
521.66	0.609
521.86	0.607
522.06	0.609
522.26	0.608
522.46	0.609
522.66	0.609
522.86	0.609
523.06	0.608
523.26	0.608
523.46	0.608
523.66	0.608
523.86	0.608
524.06	0.609
524.26	0.608
524.46	0.608
524.66	0.610
524.86	0.609
525.06	0.609
525.26	0.609
525.46	0.609
525.66	0.609
525.87	0.608
526.07	0.608
526.27	0.607
526.47	0.606
526.67	0.607
526.87	0.607
527.07	0.607
527.27	0.606
527.47	0.606
527.67	0.606
527.87	0.605
528.07	0.606
528.27	0.606
528.47	0.605
528.67	0.604
528.87	0.604
529.07	0.605
529.27	0.604
529.47	0.603
529.67	0.603
529.87	0.602
530.07	0.602
530.27	0.602
530.47	0.602
530.67	0.602
530.87	0.602
531.06	0.602
531.26	0.603
531.46	0.603
531.66	0.604
531.86	0.604
532.06	0.603
532.26	0.603
532.46	0.602
532.66	0.602
532.86	0.602
533.06	0.601
533.26	0.600
533.46	0.600
533.66	0.600
533.86	0.600
534.06	0.599
534.26	0.600
534.46	0.600
534.66	0.599
534.86	0.598
535.06	0.598
535.26	0.598
535.46	0.597
535.66	0.597
535.86	0.597
536.06	0.596
536.26	0.596
536.45	0.596
536.65	0.596
536.85	0.596
537.05	0.596
537.25	0.597
537.45	0.596
537.65	0.596
537.85	0.595
538.05	0.595
538.25	0.595
538.45	0.596
538.65	0.595
538.85	0.595
539.05	0.595
539.25	0.595
539.44	0.595
539.64	0.596
539.84	0.597
540.04	0.596
540.24	0.596
540.44	0.595
540.64	0.595
540.84	0.594
541.04	0.595
541.24	0.594
541.44	0.593
541.64	0.593
541.83	0.592
542.03	0.591
542.23	0.593
542.43	0.593
542.63	0.594
542.83	0.593
543.03	0.593
543.23	0.593
543.43	0.592
543.63	0.593
543.82	0.593
544.02	0.592
544.22	0.591
544.42	0.590
544.62	0.590
544.82	0.590
545.02	0.590
545.22	0.591
545.42	0.591
545.61	0.591
545.81	0.591
546.01	0.591
546.21	0.591
546.41	0.592
546.61	0.591
546.81	0.591
547.01	0.590
547.20	0.590
547.40	0.589
547.60	0.589
547.80	0.590
548.00	0.589
548.20	0.588
548.40	0.586
548.59	0.586
548.79	0.586
548.99	0.586
549.19	0.586
549.39	0.587
549.59	0.586
549.79	0.585
549.98	0.586
550.18	0.586
550.38	0.586
550.58	0.586
550.78	0.586
550.98	0.587
551.17	0.585
551.37	0.585
551.57	0.587
551.77	0.587
551.97	0.587
552.17	0.586
552.36	0.585
552.56	0.585
552.76	0.584
552.96	0.585
553.16	0.585
553.36	0.585
553.55	0.583
553.75	0.584
553.95	0.584
554.15	0.584
554.35	0.583
554.55	0.583
554.74	0.582
554.94	0.582
555.14	0.580
555.34	0.580
555.54	0.579
555.73	0.580
555.93	0.580
556.13	0.580
556.33	0.580
556.53	0.580
556.72	0.580
556.92	0.580
557.12	0.582
557.32	0.581
557.52	0.579
557.71	0.580
557.91	0.579
558.11	0.579
558.31	0.578
558.51	0.578
558.70	0.578
558.90	0.577
559.10	0.577
559.30	0.578
559.49	0.578
559.69	0.578
559.89	0.579
560.09	0.579
560.29	0.578
560.48	0.579
560.68	0.578
560.88	0.578
561.08	0.578
561.27	0.577
561.47	0.577
561.67	0.578
561.87	0.577
562.06	0.577
562.26	0.577
562.46	0.577
562.66	0.576
562.86	0.576
563.05	0.576
563.25	0.576
563.45	0.574
563.65	0.574
563.84	0.574
564.04	0.574
564.24	0.573
564.44	0.574
564.63	0.573
564.83	0.573
565.03	0.573
565.22	0.574
565.42	0.574
565.62	0.574
565.82	0.574
566.01	0.574
566.21	0.575
566.41	0.575
566.61	0.575
566.80	0.575
567.00	0.574
567.20	0.575
567.40	0.574
567.59	0.574
567.79	0.574
567.99	0.573
568.18	0.573
568.38	0.572
568.58	0.573
568.78	0.572
568.97	0.571
569.17	0.571
569.37	0.571
569.56	0.571
569.76	0.571
569.96	0.571
570.16	0.571
570.35	0.570
570.55	0.571
570.75	0.571
570.94	0.570
571.14	0.570
571.34	0.569
571.53	0.569
571.73	0.569
571.93	0.569
572.12	0.569
572.32	0.568
572.52	0.568
572.72	0.568
572.91	0.568
573.11	0.569
573.31	0.568
573.50	0.568
573.70	0.568
573.90	0.568
574.09	0.567
574.29	0.567
574.49	0.567
574.68	0.567
574.88	0.567
575.08	0.567
575.27	0.567
575.47	0.566
575.67	0.566
575.86	0.566
576.06	0.566
576.26	0.566
576.45	0.566
576.65	0.566
576.85	0.566
577.04	0.566
577.24	0.565
577.44	0.565
577.63	0.565
577.83	0.565
578.02	0.565
578.22	0.565
578.42	0.565
578.61	0.564
578.81	0.564
579.01	0.564
579.20	0.564
579.40	0.564
579.60	0.563
579.79	0.562
579.99	0.562
580.19	0.562
580.38	0.561
580.58	0.561
580.77	0.561
580.97	0.561
581.17	0.560
581.36	0.561
581.56	0.561
581.75	0.561
581.95	0.561
582.15	0.561
582.34	0.561
582.54	0.562
582.74	0.561
582.93	0.562
583.13	0.562
583.32	0.561
583.52	0.560
583.72	0.560
583.91	0.561
584.11	0.561
584.30	0.560
584.50	0.561
584.70	0.560
584.89	0.559
585.09	0.559
585.28	0.559
585.48	0.559
585.68	0.559
585.87	0.558
586.07	0.559
586.26	0.559
586.46	0.558
586.66	0.559
586.85	0.560
587.05	0.560
587.24	0.560
587.44	0.560
587.63	0.560
587.83	0.560
588.03	0.560
588.22	0.560
588.42	0.559
588.61	0.559
588.81	0.558
589.00	0.558
589.20	0.557
589.40	0.556
589.59	0.556
589.79	0.556
589.98	0.555
590.18	0.555
590.37	0.554
590.57	0.554
590.76	0.554
590.96	0.554
591.16	0.555
591.35	0.556
591.55	0.556
591.74	0.555
591.94	0.556
592.13	0.556
592.33	0.556
592.52	0.555
592.72	0.555
592.91	0.554
593.11	0.553
593.30	0.553
593.50	0.552
593.70	0.552
593.89	0.552
594.09	0.552
594.28	0.553
594.48	0.553
594.67	0.554
594.87	0.553
595.06	0.553
595.26	0.553
595.45	0.554
595.65	0.554
595.84	0.554
596.04	0.554
596.23	0.553
596.43	0.553
596.62	0.554
596.82	0.553
597.01	0.553
597.21	0.552
597.40	0.551
597.60	0.550
597.79	0.550
597.99	0.549
598.18	0.549
598.38	0.550
598.57	0.549
598.77	0.549
598.96	0.549
599.16	0.550
599.35	0.550
599.55	0.550
599.74	0.550
599.94	0.549
600.13	0.549
600.33	0.549
600.52	0.549
600.72	0.549
600.91	0.548
601.11	0.548
601.30	0.547
601.50	0.548
601.69	0.549
601.89	0.548
602.08	0.549
602.27	0.549
602.47	0.549
602.66	0.549
602.86	0.550
603.05	0.551
603.25	0.550
603.44	0.550
603.64	0.550
603.83	0.548
604.03	0.548
604.22	0.547
604.41	0.547
604.61	0.547
604.80	0.546
605.00	0.546
605.19	0.546
605.39	0.546
605.58	0.546
605.78	0.546
605.97	0.546
606.16	0.546
606.36	0.545
606.55	0.545
606.75	0.545
606.94	0.545
607.14	0.545
607.33	0.544
607.52	0.544
607.72	0.544
607.91	0.544
608.11	0.544
608.30	0.544
608.50	0.544
608.69	0.544
608.88	0.543
609.08	0.544
609.27	0.544
609.47	0.543
609.66	0.542
609.85	0.543
610.05	0.543
610.24	0.543
610.44	0.544
610.63	0.544
610.83	0.544
611.02	0.544
611.21	0.544
611.41	0.544
611.60	0.544
611.80	0.544
611.99	0.544
612.18	0.544
612.38	0.543
612.57	0.543
612.76	0.542
612.96	0.542
613.15	0.542
613.35	0.541
613.54	0.541
613.73	0.540
613.93	0.539
614.12	0.539
614.32	0.539
614.51	0.540
614.70	0.539
614.90	0.540
615.09	0.540
615.28	0.540
615.48	0.541
615.67	0.542
615.86	0.542
616.06	0.541
616.25	0.541
616.45	0.542
616.64	0.542
616.83	0.541
617.03	0.542
617.22	0.542
617.41	0.541
617.61	0.541
617.80	0.542
617.99	0.541
618.19	0.541
618.38	0.540
618.57	0.539
618.77	0.539
618.96	0.538
619.15	0.538
619.35	0.538
619.54	0.537
619.73	0.537
619.93	0.537
620.12	0.536
620.31	0.538
620.51	0.537
620.70	0.537
620.89	0.537
621.09	0.537
621.28	0.537
621.47	0.537
621.67	0.536
621.86	0.537
622.05	0.535
622.25	0.536
622.44	0.535
622.63	0.536
622.83	0.536
623.02	0.536
623.21	0.536
623.41	0.536
623.60	0.537
623.79	0.537
623.98	0.537
624.18	0.537
624.37	0.536
624.56	0.536
624.76	0.536
624.95	0.536
625.14	0.536
625.33	0.535
625.53	0.535
625.72	0.534
625.91	0.534
626.11	0.534
626.30	0.533
626.49	0.532
626.68	0.532
626.88	0.532
627.07	0.531
627.26	0.531
627.46	0.531
627.65	0.532
627.84	0.533
628.03	0.534
628.23	0.534
628.42	0.534
628.61	0.534
628.80	0.534
629.00	0.534
629.19	0.534
629.38	0.534
629.58	0.534
629.77	0.533
629.96	0.533
630.15	0.533
630.35	0.534
630.54	0.535
630.73	0.534
630.92	0.534
631.12	0.533
631.31	0.533
631.50	0.533
631.69	0.533
631.89	0.533
632.08	0.532
632.27	0.532
632.46	0.532
632.65	0.532
632.85	0.531
633.04	0.532
633.23	0.531
633.42	0.531
633.62	0.530
633.81	0.530
634.00	0.529
634.19	0.528
634.39	0.528
634.58	0.528
634.77	0.528
634.96	0.528
635.15	0.528
635.35	0.530
635.54	0.529
635.73	0.530
635.92	0.530
636.11	0.530
636.31	0.530
636.50	0.531
636.69	0.530
636.88	0.530
637.07	0.529
637.27	0.528
637.46	0.528
637.65	0.529
637.84	0.529
638.03	0.529
638.23	0.529
638.42	0.529
638.61	0.530
638.80	0.530
638.99	0.530
639.19	0.529
639.38	0.528
639.57	0.528
639.76	0.527
639.95	0.527
640.14	0.527
640.34	0.527
640.53	0.527
640.72	0.528
640.91	0.528
641.10	0.529
641.30	0.529
641.49	0.529
641.68	0.528
641.87	0.528
642.06	0.528
642.25	0.528
642.44	0.527
642.64	0.527
642.83	0.526
643.02	0.526
643.21	0.526
643.40	0.526
643.59	0.526
643.79	0.526
643.98	0.526
644.17	0.526
644.36	0.526
644.55	0.526
644.74	0.526
644.93	0.526
645.13	0.526
645.32	0.526
645.51	0.525
645.70	0.526
645.89	0.526
646.08	0.526
646.27	0.526
646.46	0.526
646.66	0.525
646.85	0.525
647.04	0.526
647.23	0.526
647.42	0.525
647.61	0.524
647.80	0.524
647.99	0.524
648.19	0.524
648.38	0.524
648.57	0.523
648.76	0.523
648.95	0.523
649.14	0.522
649.33	0.523
649.52	0.522
649.71	0.522
649.91	0.523
650.10	0.522
650.29	0.523
650.48	0.524
650.67	0.523
650.86	0.523
651.05	0.523
651.24	0.523
651.43	0.523
651.62	0.524
651.81	0.523
652.01	0.523
652.20	0.522
652.39	0.522
652.58	0.522
652.77	0.522
652.96	0.522
653.15	0.522
653.34	0.521
653.53	0.521
653.72	0.521
653.91	0.521
654.10	0.521
654.29	0.521
654.48	0.520
654.68	0.519
654.87	0.518
655.06	0.516
655.25	0.516
655.44	0.516
655.63	0.515
655.82	0.515
656.01	0.515
656.20	0.515
656.39	0.515
656.58	0.515
656.77	0.517
656.96	0.517
657.15	0.517
657.34	0.518
657.53	0.518
657.72	0.518
657.91	0.518
658.10	0.519
658.29	0.519
658.48	0.519
658.68	0.519
658.87	0.519
659.06	0.519
659.25	0.519
659.44	0.518
659.63	0.517
659.82	0.516
660.01	0.516
660.20	0.517
660.39	0.516
660.58	0.516
660.77	0.516
660.96	0.517
661.15	0.517
661.34	0.518
661.53	0.518
661.72	0.518
661.91	0.518
662.10	0.518
662.29	0.517
662.48	0.516
662.67	0.516
662.86	0.515
663.05	0.514
663.24	0.514
663.43	0.514
663.62	0.514
663.81	0.514
664.00	0.515
664.19	0.515
664.38	0.515
664.57	0.516
664.76	0.515
664.95	0.516
665.14	0.516
665.33	0.515
665.52	0.515
665.71	0.515
665.90	0.515
666.09	0.515
666.28	0.514
666.46	0.515
666.65	0.514
666.84	0.514
667.03	0.515
667.22	0.515
667.41	0.515
667.60	0.515
667.79	0.515
667.98	0.515
668.17	0.515
668.36	0.514
668.55	0.514
668.74	0.513
668.93	0.513
669.12	0.512
669.31	0.512
669.50	0.512
669.69	0.511
669.88	0.511
670.07	0.510
670.26	0.510
670.44	0.510
670.63	0.510
670.82	0.510
671.01	0.509
671.20	0.509
671.39	0.510
671.58	0.511
671.77	0.511
671.96	0.510
672.15	0.510
672.34	0.510
672.53	0.510
672.72	0.511
672.91	0.510
673.09	0.510
673.28	0.510
673.47	0.511
673.66	0.512
673.85	0.512
674.04	0.512
674.23	0.511
674.42	0.511
674.61	0.510
674.80	0.510
674.98	0.510
675.17	0.509
675.36	0.509
675.55	0.509
675.74	0.509
675.93	0.509
676.12	0.510
676.31	0.509
676.50	0.509
676.69	0.509
676.87	0.509
677.06	0.509
677.25	0.509
677.44	0.508
677.63	0.508
677.82	0.507
678.01	0.508
678.20	0.507
678.38	0.507
678.57	0.507
678.76	0.507
678.95	0.507
679.14	0.507
679.33	0.507
679.52	0.508
679.71	0.508
679.89	0.508
680.08	0.508
680.27	0.509
680.46	0.508
680.65	0.508
680.84	0.508
681.02	0.508
681.21	0.508
681.40	0.508
681.59	0.507
681.78	0.507
681.97	0.506
682.16	0.505
682.34	0.505
682.53	0.505
682.72	0.505
682.91	0.504
683.10	0.504
683.29	0.504
683.47	0.504
683.66	0.504
683.85	0.505
684.04	0.505
684.23	0.504
684.42	0.504
684.60	0.504
684.79	0.504
684.98	0.504
685.17	0.504
685.36	0.504
685.54	0.504
685.73	0.504
685.92	0.504
686.11	0.504
686.30	0.504
686.49	0.505
686.67	0.505
686.86	0.504
687.05	0.504
687.24	0.504
687.43	0.503
687.61	0.503
687.80	0.503
687.99	0.503
688.18	0.503
688.36	0.502
688.55	0.503
688.74	0.502
688.93	0.502
689.12	0.503
689.30	0.503
689.49	0.503
689.68	0.503
689.87	0.503
690.06	0.503
690.24	0.502
690.43	0.502
690.62	0.502
690.81	0.502
690.99	0.502
691.18	0.501
691.37	0.501
691.56	0.501
691.74	0.501
691.93	0.501
692.12	0.501
692.31	0.502
692.50	0.502
692.68	0.502
692.87	0.503
693.06	0.503
693.25	0.503
693.43	0.503
693.62	0.503
693.81	0.502
694.00	0.502
694.18	0.501
694.37	0.502
694.56	0.500
694.74	0.500
694.93	0.500
695.12	0.500
695.31	0.500
695.49	0.500
695.68	0.500
695.87	0.501
696.06	0.500
696.24	0.501
696.43	0.501
696.62	0.500
696.80	0.499
696.99	0.500
697.18	0.500
697.37	0.499
697.55	0.499
697.74	0.498
697.93	0.498
698.12	0.498
698.30	0.499
698.49	0.499
698.68	0.498
698.86	0.499
699.05	0.499
699.24	0.499
699.42	0.500
699.61	0.500
699.80	0.499
699.99	0.500
700.17	0.500
700.36	0.500
700.55	0.499
700.73	0.499
700.92	0.499
701.11	0.499
701.29	0.499
701.48	0.499
701.67	0.499
701.85	0.499
702.04	0.498
702.23	0.498
702.41	0.498
702.60	0.498
702.79	0.497
702.97	0.497
703.16	0.497
703.35	0.496
703.53	0.496
703.72	0.496
703.91	0.496
704.09	0.496
704.28	0.496
704.47	0.497
704.65	0.497
704.84	0.496
705.03	0.496
705.21	0.497
705.40	0.497
705.59	0.497
705.77	0.496
705.96	0.495
706.15	0.495
706.33	0.495
706.52	0.495
706.71	0.495
706.89	0.494
707.08	0.494
707.26	0.494
707.45	0.495
707.64	0.496
707.82	0.495
708.01	0.495
708.20	0.495
708.38	0.495
708.57	0.495
708.75	0.495
708.94	0.495
709.13	0.494
709.31	0.494
709.50	0.494
709.69	0.494
709.87	0.493
710.06	0.494
710.24	0.494
710.43	0.494
710.62	0.494
710.80	0.493
710.99	0.493
711.17	0.494
711.36	0.494
711.55	0.494
711.73	0.494
711.92	0.494
712.10	0.494
712.29	0.493
712.48	0.494
712.66	0.494
712.85	0.494
713.03	0.493
713.22	0.493
713.40	0.492
713.59	0.491
713.78	0.491
713.96	0.492
714.15	0.491
714.33	0.491
714.52	0.490
714.71	0.491
714.89	0.491
715.08	0.492
715.26	0.492
715.45	0.492
715.63	0.492
715.82	0.492
716.00	0.492
716.19	0.493
716.38	0.493
716.56	0.493
716.75	0.493
716.93	0.493
717.12	0.493
717.30	0.492
717.49	0.492
717.67	0.492
717.86	0.492
718.05	0.492
718.23	0.492
718.42	0.491
718.60	0.491
718.79	0.491
718.97	0.491
719.16	0.491
719.34	0.490
719.53	0.490
719.71	0.489
719.90	0.489
720.08	0.489
720.27	0.489
720.45	0.489
720.64	0.489
720.83	0.489
721.01	0.488
721.20	0.488
721.38	0.489
721.57	0.489
721.75	0.488
721.94	0.488
722.12	0.488
722.31	0.488
722.49	0.488
722.68	0.488
722.86	0.488
723.05	0.487
723.23	0.487
723.42	0.487
723.60	0.488
723.79	0.487
723.97	0.487
724.16	0.486
724.34	0.486
724.53	0.486
724.71	0.487
724.90	0.487
725.08	0.487
725.27	0.487
725.45	0.487
725.64	0.487
725.82	0.487
726.00	0.488
726.19	0.488
726.37	0.488
726.56	0.487
726.74	0.487
726.93	0.486
727.11	0.486
727.30	0.486
727.48	0.486
727.67	0.485
727.85	0.485
728.04	0.485
728.22	0.486
728.40	0.486
728.59	0.486
728.77	0.486
728.96	0.486
729.14	0.487
729.33	0.487
729.51	0.487
729.70	0.487
729.88	0.486
730.07	0.486
730.25	0.486
730.43	0.485
730.62	0.485
730.80	0.484
730.99	0.484
731.17	0.484
731.36	0.484
731.54	0.484
731.72	0.484
731.91	0.484
732.09	0.484
732.28	0.483
732.46	0.484
732.65	0.484
732.83	0.484
733.01	0.484
733.20	0.484
733.38	0.483
733.57	0.484
733.75	0.484
733.93	0.484
734.12	0.484
734.30	0.483
734.49	0.483
734.67	0.483
734.85	0.483
735.04	0.483
735.22	0.483
735.41	0.483
735.59	0.483
735.77	0.483
735.96	0.483
736.14	0.483
736.33	0.483
736.51	0.483
736.69	0.482
736.88	0.483
737.06	0.483
737.25	0.482
737.43	0.483
737.61	0.482
737.80	0.482
737.98	0.482
738.16	0.482
738.35	0.482
738.53	0.481
738.71	0.481
738.90	0.481
739.08	0.482
739.27	0.482
739.45	0.482
739.63	0.482
739.82	0.482
740.00	0.482
740.18	0.483
740.37	0.483
740.55	0.482
740.73	0.481
740.92	0.481
741.10	0.481
741.28	0.480
741.47	0.480
741.65	0.480
741.83	0.480
742.02	0.480
742.20	0.480
742.38	0.481
742.57	0.481
742.75	0.480
742.93	0.481
743.12	0.481
743.30	0.481
743.48	0.481
743.67	0.480
743.85	0.480
744.03	0.480
744.22	0.480
744.40	0.481
744.58	0.481
744.77	0.481
744.95	0.482
745.13	0.482
745.32	0.482
745.50	0.482
745.68	0.482
745.87	0.482
746.05	0.481
746.23	0.481
746.41	0.481
746.60	0.480
746.78	0.479
746.96	0.479
747.15	0.480
747.33	0.479
747.51	0.480
747.70	0.480
747.88	0.480
748.06	0.480
748.24	0.481
748.43	0.481
748.61	0.481
748.79	0.480
748.97	0.481
749.16	0.481
749.34	0.481
749.52	0.480
749.71	0.480
749.89	0.481
750.07	0.481
750.25	0.480
750.44	0.480
750.62	0.480
750.80	0.480
750.98	0.479
751.17	0.479
751.35	0.479
751.53	0.478
751.71	0.478
751.90	0.478
752.08	0.478
752.26	0.478
752.44	0.477
752.63	0.477
752.81	0.478
752.99	0.478
753.17	0.478
753.36	0.478
753.54	0.478
753.72	0.478
753.90	0.478
754.09	0.478
754.27	0.478
754.45	0.477
754.63	0.478
754.82	0.478
755.00	0.477
755.18	0.477
755.36	0.477
755.54	0.477
755.73	0.478
755.91	0.478
756.09	0.478
756.27	0.477
756.45	0.477
756.64	0.477
756.82	0.477
757.00	0.476
757.18	0.476
757.37	0.476
757.55	0.475
757.73	0.475
757.91	0.475
758.09	0.475
758.27	0.475
758.46	0.475
758.64	0.475
758.82	0.476
759.00	0.476
759.18	0.476
759.37	0.476
759.55	0.476
759.73	0.477
759.91	0.476
760.09	0.476
760.28	0.476
760.46	0.476
760.64	0.476
760.82	0.476
761.00	0.475
761.18	0.475
761.37	0.475
761.55	0.475
761.73	0.475
761.91	0.475
762.09	0.475
762.27	0.474
762.46	0.475
762.64	0.475
762.82	0.475
763.00	0.474
763.18	0.473
763.36	0.474
763.54	0.473
763.73	0.473
763.91	0.473
764.09	0.472
764.27	0.473
764.45	0.473
764.63	0.473
764.81	0.473
765.00	0.473
765.18	0.474
765.36	0.473
765.54	0.474
765.72	0.474
765.90	0.474
766.08	0.475
766.27	0.475
766.45	0.475
766.63	0.474
766.81	0.474
766.99	0.474
767.17	0.474
767.35	0.474
767.53	0.474
767.71	0.473
767.90	0.473
768.08	0.473
768.26	0.473
768.44	0.473
768.62	0.473
768.80	0.472
768.98	0.472
769.16	0.472
769.34	0.472
769.52	0.472
769.71	0.471
769.89	0.471
770.07	0.471
770.25	0.471
770.43	0.471
770.61	0.471
770.79	0.470
770.97	0.469
771.15	0.469
771.33	0.469
771.51	0.469
771.69	0.468
771.88	0.469
772.06	0.469
772.24	0.469
772.42	0.469
772.60	0.469
772.78	0.470
772.96	0.469
773.14	0.470
773.32	0.470
773.50	0.470
773.68	0.470
773.86	0.470
774.04	0.470
774.22	0.470
774.40	0.470
774.58	0.469
774.77	0.469
774.95	0.470
775.13	0.470
775.31	0.470
775.49	0.470
775.67	0.470
775.85	0.470
776.03	0.471
776.21	0.471
776.39	0.471
776.57	0.470
776.75	0.470
776.93	0.469
777.11	0.468
777.29	0.468
777.47	0.468
777.65	0.468
777.83	0.468
778.01	0.467
778.19	0.467
778.37	0.468
778.55	0.468
778.73	0.468
778.91	0.468
779.09	0.468
779.27	0.467
779.45	0.467
779.63	0.467
779.81	0.467
779.99	0.466
780.17	0.467
780.35	0.467
780.53	0.467
780.71	0.467
780.89	0.467
781.07	0.467
781.25	0.467
781.43	0.467
781.61	0.467
781.79	0.467
781.97	0.467
782.15	0.467
782.33	0.467
782.51	0.467
782.69	0.467
782.87	0.467
783.05	0.467
783.23	0.467
783.41	0.467
783.59	0.468
783.77	0.468
783.95	0.469
784.13	0.469
784.31	0.468
784.49	0.469
784.67	0.469
784.85	0.469
785.03	0.468
785.21	0.468
785.38	0.467
785.56	0.467
785.74	0.468
785.92	0.467
786.10	0.468
786.28	0.468
786.46	0.468
786.64	0.468
786.82	0.468
787.00	0.468
787.18	0.468
787.36	0.469
787.54	0.469
787.72	0.468
787.90	0.468
788.08	0.468
788.25	0.468
788.43	0.468
788.61	0.468
788.79	0.468
788.97	0.467
789.15	0.467
789.33	0.467
789.51	0.466
789.69	0.467
789.87	0.467
790.05	0.467
790.23	0.467
790.40	0.467
790.58	0.467
790.76	0.467
790.94	0.467
791.12	0.468
791.30	0.467
791.48	0.467
791.66	0.467
791.84	0.467
792.02	0.467
792.19	0.468
792.37	0.468
792.55	0.468
792.73	0.467
792.91	0.468
793.09	0.469
793.27	0.469
793.45	0.468
793.63	0.468
793.80	0.467
793.98	0.467
794.16	0.467
794.34	0.467
794.52	0.467
794.70	0.466
794.88	0.466
795.05	0.467
795.23	0.467
795.41	0.467
795.59	0.467
795.77	0.467
795.95	0.467
796.13	0.467
796.30	0.467
796.48	0.466
796.66	0.467
796.84	0.467
797.02	0.467
797.20	0.466
797.38	0.466
797.55	0.466
797.73	0.465
797.91	0.466
798.09	0.466
798.27	0.466
798.45	0.466
798.62	0.466
798.80	0.466
798.98	0.467
799.16	0.466
799.34	0.466
799.52	0.466
799.69	0.466
799.87	0.465
800.05	0.464
800.23	0.464
800.41	0.464
800.58	0.464
800.76	0.465
800.94	0.465
801.12	0.465
801.30	0.465
801.47	0.465
801.65	0.465
801.83	0.465
802.01	0.465
802.19	0.465
802.36	0.464
802.54	0.464
802.72	0.464
802.90	0.464
803.08	0.464
803.25	0.463
803.43	0.463
803.61	0.463
803.79	0.464
803.97	0.464
804.14	0.464
804.32	0.464
804.50	0.464
804.68	0.464
804.85	0.464
805.03	0.464
805.21	0.465
805.39	0.464
805.56	0.464
805.74	0.464
805.92	0.464
806.10	0.464
806.28	0.464
806.45	0.465
806.63	0.465
806.81	0.465
806.99	0.465
807.16	0.465
807.34	0.465
807.52	0.465
807.70	0.464
807.87	0.465
808.05	0.464
808.23	0.463
808.41	0.463
808.58	0.462
808.76	0.462
808.94	0.462
809.11	0.462
809.29	0.462
809.47	0.462
809.65	0.463
809.82	0.463
810.00	0.463
810.18	0.464
810.36	0.464
810.53	0.464
810.71	0.464
810.89	0.464
811.06	0.464
811.24	0.463
811.42	0.463
811.60	0.463
811.77	0.463
811.95	0.463
812.13	0.462
812.30	0.462
812.48	0.463
812.66	0.463
812.83	0.463
813.01	0.463
813.19	0.463
813.37	0.463
813.54	0.463
813.72	0.464
813.90	0.463
814.07	0.463
814.25	0.463
814.43	0.463
814.60	0.463
814.78	0.463
814.96	0.464
815.13	0.463
815.31	0.463
815.49	0.463
815.66	0.463
815.84	0.463
816.02	0.462
816.19	0.462
816.37	0.462
816.55	0.462
816.72	0.463
816.90	0.463
817.08	0.463
817.25	0.462
817.43	0.462
817.61	0.463
817.78	0.463
817.96	0.462
818.14	0.462
818.31	0.461
818.49	0.461
818.67	0.461
818.84	0.462
819.02	0.462
819.19	0.462
819.37	0.462
819.55	0.462
819.72	0.463
819.90	0.462
820.08	0.462
820.25	0.462
820.43	0.461
820.60	0.460
820.78	0.460
820.96	0.460
821.13	0.459
821.31	0.459
821.49	0.460
821.66	0.460
821.84	0.461
822.01	0.462
822.19	0.462
822.37	0.462
822.54	0.462
822.72	0.462
822.89	0.462
823.07	0.462
823.25	0.463
823.42	0.462
823.60	0.461
823.77	0.461
823.95	0.461
824.13	0.461
824.30	0.460
824.48	0.460
824.65	0.459
824.83	0.459
825.01	0.459
825.18	0.459
825.36	0.459
825.53	0.459
825.71	0.458
825.88	0.459
826.06	0.458
826.24	0.458
826.41	0.458
826.59	0.457
826.76	0.458
826.94	0.457
827.11	0.457
827.29	0.458
827.47	0.458
827.64	0.458
827.82	0.459
827.99	0.459
828.17	0.459
828.34	0.458
828.52	0.459
828.69	0.458
828.87	0.458
829.04	0.458
829.22	0.459
829.40	0.458
829.57	0.458
829.75	0.458
829.92	0.458
830.10	0.458
830.27	0.459
830.45	0.459
830.62	0.460
830.80	0.459
830.97	0.459
831.15	0.460
831.32	0.460
831.50	0.460
831.67	0.460
831.85	0.459
832.02	0.460
832.20	0.459
832.37	0.459
832.55	0.459
832.73	0.458
832.90	0.457
833.08	0.456
833.25	0.457
833.43	0.457
833.60	0.457
833.78	0.457
833.95	0.457
834.13	0.456
834.30	0.457
834.48	0.457
834.65	0.458
834.82	0.457
835.00	0.457
835.17	0.456
835.35	0.456
835.52	0.456
835.70	0.457
835.87	0.457
836.05	0.457
836.22	0.457
836.40	0.458
836.57	0.457
836.75	0.457
836.92	0.458
837.10	0.458
837.27	0.457
837.45	0.457
837.62	0.458
837.80	0.458
837.97	0.457
838.14	0.457
838.32	0.458
838.49	0.457
838.67	0.457
838.84	0.456
839.02	0.456
839.19	0.456
839.37	0.455
839.54	0.455
839.71	0.454
839.89	0.454
840.06	0.455
840.24	0.454
840.41	0.453
840.59	0.454
840.76	0.454
840.94	0.454
841.11	0.453
841.28	0.454
841.46	0.453
841.63	0.454
841.81	0.453
841.98	0.453
842.15	0.453
842.33	0.453
842.50	0.454
842.68	0.455
842.85	0.454
843.03	0.455
843.20	0.455
843.37	0.455
843.55	0.456
843.72	0.455
843.90	0.455
844.07	0.455
844.24	0.455
844.42	0.455
844.59	0.455
844.77	0.455
844.94	0.454
845.11	0.454
845.29	0.454
845.46	0.454
845.63	0.454
845.81	0.453
845.98	0.453
846.16	0.454
846.33	0.454
846.50	0.454
846.68	0.454
846.85	0.453
847.02	0.453
847.20	0.454
847.37	0.454
847.55	0.453
847.72	0.453
847.89	0.453
848.07	0.454
848.24	0.453
848.41	0.454
848.59	0.455
848.76	0.455
848.93	0.455
849.11	0.454
849.28	0.454
849.45	0.454
849.63	0.454
849.80	0.454
849.97	0.454
850.15	0.453
850.32	0.453
850.49	0.453
850.67	0.454
850.84	0.454
851.01	0.454
851.19	0.454
851.36	0.455
851.53	0.454
851.71	0.454
851.88	0.454
852.05	0.453
852.23	0.454
852.40	0.454
852.57	0.453
852.75	0.453
852.92	0.453
853.09	0.454
853.27	0.454
853.44	0.454
853.61	0.454
853.79	0.454
853.96	0.454
854.13	0.454
854.30	0.454
854.48	0.453
854.65	0.453
854.82	0.454
855.00	0.454
855.17	0.453
855.34	0.454
855.51	0.454
855.69	0.454
855.86	0.453
856.03	0.454
856.21	0.454
856.38	0.453
856.55	0.452
856.72	0.452
856.90	0.452
857.07	0.451
857.24	0.451
857.42	0.452
857.59	0.452
857.76	0.452
857.93	0.452
858.11	0.453
858.28	0.453
858.45	0.454
858.62	0.454
858.80	0.454
858.97	0.454
859.14	0.454
859.31	0.453
859.49	0.453
859.66	0.453
859.83	0.453
860.00	0.452
860.18	0.452
860.35	0.453
860.52	0.453
860.69	0.453
860.86	0.454
861.04	0.454
861.21	0.454
861.38	0.454
861.55	0.455
861.73	0.455
861.90	0.454
862.07	0.454
862.24	0.454
862.42	0.454
862.59	0.454
862.76	0.454
862.93	0.453
863.10	0.453
863.28	0.452
863.45	0.452
863.62	0.452
863.79	0.451
863.96	0.452
864.14	0.451
864.31	0.451
864.48	0.452
864.65	0.452
864.82	0.452
865.00	0.453
865.17	0.453
865.34	0.452
865.51	0.452
865.68	0.453
865.86	0.453
866.03	0.453
866.20	0.455
866.37	0.455
866.54	0.454
866.71	0.454
866.89	0.455
867.06	0.454
867.23	0.453
867.40	0.454
867.57	0.454
867.74	0.453
867.92	0.453
868.09	0.453
868.26	0.453
868.43	0.453
868.60	0.455
868.77	0.455
868.95	0.453
869.12	0.453
869.29	0.452
869.46	0.453
869.63	0.454
869.80	0.453
869.97	0.453
870.15	0.451
870.32	0.452
870.49	0.453
870.66	0.453
870.83	0.453
871.00	0.452
871.17	0.452
871.34	0.452
871.52	0.452
871.69	0.452
871.86	0.452
872.03	0.451
872.20	0.451
872.37	0.451
872.54	0.451
872.71	0.451
872.89	0.451
873.06	0.451
873.23	0.451
873.40	0.450
873.57	0.450
873.74	0.450
873.91	0.450
874.08	0.451
874.25	0.450
874.42	0.449
874.60	0.450
874.77	0.450
874.94	0.452
875.11	0.453
875.28	0.453
875.45	0.454
875.62	0.453
875.79	0.453
875.96	0.454
876.13	0.453
876.30	0.452
876.47	0.452
876.65	0.451
876.82	0.450
876.99	0.451
877.16	0.453
877.33	0.452
877.50	0.451
877.67	0.451
877.84	0.453
878.01	0.453
878.18	0.453
878.35	0.454
878.52	0.454
878.69	0.453
878.86	0.453
879.03	0.453
879.20	0.454
879.38	0.453
879.55	0.453
879.72	0.453
879.89	0.453
880.06	0.453
880.23	0.453
880.40	0.453
880.57	0.453
880.74	0.453
880.91	0.453
881.08	0.453
881.25	0.453
881.42	0.453
881.59	0.452
881.76	0.451
881.93	0.451
882.10	0.451
882.27	0.451
882.44	0.451
882.61	0.451
882.78	0.451
882.95	0.451
883.12	0.452
883.29	0.453
883.46	0.453
883.63	0.454
883.80	0.454
883.97	0.454
884.14	0.455
884.31	0.454
884.48	0.454
884.65	0.454
884.82	0.454
884.99	0.454
885.16	0.454
885.33	0.453
885.50	0.453
885.67	0.454
885.84	0.455
886.01	0.454
886.18	0.453
886.35	0.452
886.52	0.451
886.69	0.453
886.86	0.453
887.03	0.454
887.20	0.454
887.37	0.453
887.54	0.455
887.71	0.455
887.88	0.455
888.05	0.456
888.22	0.455
888.39	0.454
888.55	0.454
888.72	0.453
888.89	0.453
889.06	0.453
889.23	0.453
889.40	0.454
889.57	0.453
889.74	0.452
889.91	0.453
890.08	0.451
890.25	0.452
890.42	0.452
890.59	0.452
890.76	0.451
890.93	0.452
891.10	0.453
891.26	0.454
891.43	0.453
891.60	0.452
891.77	0.451
891.94	0.450
892.11	0.451
892.28	0.451
892.45	0.451
892.62	0.450
892.79	0.452
892.96	0.452
893.13	0.454
893.29	0.456
893.46	0.455
893.63	0.455
893.80	0.456
893.97	0.456
894.14	0.456
894.31	0.454
894.48	0.462
894.65	0.459
894.81	0.457
894.98	0.442
