177,34	-0,238
177,56	-0,238
177,78	-0,238
178,00	-0,438
178,22	-0,781
178,44	-0,764
178,66	-0,658
178,89	-0,141
179,11	-0,151
179,33	0,424
179,55	-0,000
179,77	-0,000
179,99	-0,000
180,21	-0,000
180,43	-0,000
180,65	1,030
180,87	-0,000
181,09	-0,000
181,31	1,178
181,53	0,974
181,75	0,950
181,97	1,102
182,19	1,754
182,41	-0,000
182,63	-0,000
182,85	-0,000
183,07	1,117
183,30	1,481
183,52	1,280
183,74	1,259
183,96	1,155
184,18	1,075
184,40	1,049
184,62	1,173
184,84	1,116
185,06	1,225
185,28	1,030
185,50	1,022
185,72	1,244
185,94	1,393
186,16	1,557
186,38	1,298
186,60	1,446
186,82	2,189
187,04	1,599
187,26	1,576
187,48	-0,000
187,70	1,588
187,92	1,544
188,14	1,405
188,36	1,880
188,58	2,066
188,80	1,594
189,02	2,336
189,24	-0,000
189,46	1,536
189,68	1,935
189,90	3,109
190,12	2,415
190,34	2,099
190,56	1,612
190,78	1,607
191,00	1,605
191,22	1,665
191,44	2,643
191,66	3,203
191,88	2,231
192,10	4,862
192,32	2,963
192,54	-0,000
192,76	-0,000
192,98	-0,000
193,20	-0,000
193,42	-0,000
193,64	-0,000
193,86	-0,000
194,08	-0,000
194,30	-0,000
194,52	2,742
194,74	4,125
194,96	2,515
195,18	2,057
195,40	2,100
195,62	2,083
195,84	2,015
196,06	1,946
196,28	2,034
196,50	2,243
196,72	2,074
196,94	2,336
197,16	-0,000
197,38	-0,000
197,60	-0,000
197,82	-0,000
198,04	-0,000
198,26	-0,000
198,48	-0,000
198,70	-0,000
198,92	-0,000
199,13	-0,000
199,35	-0,000
199,57	3,108
199,79	3,282
200,01	2,643
200,23	2,486
200,45	2,502
200,67	-0,000
200,89	-0,000
201,11	-0,000
201,33	-0,000
201,55	-0,000
201,77	-0,000
201,99	-0,000
202,21	-0,000
202,43	-0,000
202,65	-0,000
202,87	-0,000
203,09	-0,000
203,31	-0,000
203,52	-0,000
203,74	-0,000
203,96	-0,000
204,18	-0,000
204,40	2,474
204,62	2,501
204,84	2,620
205,06	2,507
205,28	2,516
205,50	2,382
205,72	2,481
205,94	2,259
206,16	2,283
206,38	2,262
206,59	2,386
206,81	2,679
207,03	3,584
207,25	4,381
207,47	-0,000
207,69	-0,000
207,91	-0,000
208,13	-0,000
208,35	-0,000
208,57	-0,000
208,79	-0,000
209,01	-0,000
209,22	-0,000
209,44	3,182
209,66	3,233
209,88	3,850
210,10	4,203
210,32	-0,000
210,54	-0,000
210,76	-0,000
210,98	3,766
211,20	-0,000
211,42	-0,000
211,63	-0,000
211,85	-0,000
212,07	-0,000
212,29	-0,000
212,51	-0,000
212,73	-0,000
212,95	-0,000
213,17	-0,000
213,39	3,570
213,60	3,127
213,82	3,689
214,04	-0,000
214,26	-0,000
214,48	-0,000
214,70	-0,000
214,92	-0,000
215,14	-0,000
215,35	-0,000
215,57	-0,000
215,79	3,407
216,01	3,352
216,23	2,899
216,45	2,914
216,67	3,071
216,89	2,962
217,10	3,098
217,32	3,004
217,54	3,011
217,76	3,317
217,98	3,294
218,20	4,461
218,42	3,494
218,64	3,300
218,85	4,602
219,07	3,105
219,29	3,089
219,51	3,482
219,73	-0,000
219,95	-0,000
220,17	3,640
220,38	3,880
220,60	3,471
220,82	3,075
221,04	3,208
221,26	3,214
221,48	3,413
221,69	3,147
221,91	3,026
222,13	3,577
222,35	3,563
222,57	5,144
222,79	-0,000
223,00	-0,000
223,22	-0,000
223,44	-0,000
223,66	-0,000
223,88	-0,000
224,10	3,960
224,32	-0,000
224,53	-0,000
224,75	-0,000
224,97	-0,000
225,19	-0,000
225,41	-0,000
225,62	-0,000
225,84	-0,000
226,06	-0,000
226,28	-0,000
226,50	-0,000
226,72	-0,000
226,93	-0,000
227,15	-0,000
227,37	-0,000
227,59	-0,000
227,81	-0,000
228,02	-0,000
228,24	-0,000
228,46	-0,000
228,68	-0,000
228,90	3,903
229,12	-0,000
229,33	3,704
229,55	3,344
229,77	3,181
229,99	3,472
230,21	3,509
230,42	3,165
230,64	3,227
230,86	-0,000
231,08	-0,000
231,30	-0,000
231,51	-0,000
231,73	-0,000
231,95	-0,000
232,17	-0,000
232,38	-0,000
232,60	-0,000
232,82	-0,000
233,04	-0,000
233,26	-0,000
233,47	-0,000
233,69	4,505
233,91	3,617
234,13	-0,000
234,35	-0,000
234,56	-0,000
234,78	4,179
235,00	3,376
235,22	3,293
235,43	3,524
235,65	3,551
235,87	-0,000
236,09	3,512
236,30	3,458
236,52	3,560
236,74	-0,000
236,96	-0,000
237,18	-0,000
237,39	-0,000
237,61	-0,000
237,83	-0,000
238,05	-0,000
238,26	-0,000
238,48	-0,000
238,70	-0,000
238,92	-0,000
239,13	4,200
239,35	3,857
239,57	4,640
239,79	-0,000
240,00	-0,000
240,22	-0,000
240,44	5,062
240,66	3,981
240,87	-0,000
241,09	-0,000
241,31	-0,000
241,53	-0,000
241,74	-0,000
241,96	-0,000
242,18	-0,000
242,40	-0,000
242,61	-0,000
242,83	-0,000
243,05	-0,000
243,27	4,465
243,48	-0,000
243,70	-0,000
243,92	-0,000
244,13	-0,000
244,35	-0,000
244,57	-0,000
244,79	3,917
245,00	3,837
245,22	4,321
245,44	3,729
245,65	3,505
245,87	3,490
246,09	3,283
246,31	3,263
246,52	3,187
246,74	3,277
246,96	3,375
247,18	3,499
247,39	3,569
247,61	4,709
247,83	-0,000
248,04	-0,000
248,26	-0,000
248,48	-0,000
248,69	-0,000
248,91	-0,000
249,13	-0,000
249,35	-0,000
249,56	-0,000
249,78	4,043
250,00	3,836
250,21	3,746
250,43	3,752
250,65	3,808
250,86	4,096
251,08	3,728
251,30	3,910
251,51	4,790
251,73	-0,000
251,95	-0,000
252,17	-0,000
252,38	-0,000
252,60	-0,000
252,82	-0,000
253,03	-0,000
253,25	3,813
253,47	4,009
253,68	4,254
253,90	3,905
254,12	3,725
254,33	3,591
254,55	3,415
254,77	3,457
254,98	3,451
255,20	4,153
255,42	3,935
255,63	3,753
255,85	3,776
256,07	-0,000
256,28	-0,000
256,50	-0,000
256,72	-0,000
256,93	-0,000
257,15	-0,000
257,37	-0,000
257,58	-0,000
257,80	-0,000
258,02	-0,000
258,23	-0,000
258,45	-0,000
258,67	-0,000
258,88	-0,000
259,10	-0,000
259,32	-0,000
259,53	-0,000
259,75	-0,000
259,96	3,866
260,18	3,717
260,40	3,452
260,61	3,804
260,83	3,547
261,05	3,396
261,26	3,299
261,48	3,449
261,70	3,348
261,91	3,433
262,13	3,561
262,34	3,882
262,56	3,480
262,78	3,626
262,99	3,379
263,21	3,803
263,43	3,675
263,64	-0,000
263,86	4,174
264,07	3,698
264,29	3,484
264,51	4,004
264,72	3,718
264,94	4,816
265,16	-0,000
265,37	-0,000
265,59	4,025
265,80	-0,000
266,02	-0,000
266,24	-0,000
266,45	-0,000
266,67	-0,000
266,88	4,956
267,10	4,434
267,32	-0,000
267,53	-0,000
267,75	-0,000
267,96	-0,000
268,18	-0,000
268,40	4,285
268,61	-0,000
268,83	-0,000
269,04	-0,000
269,26	-0,000
269,48	-0,000
269,69	3,942
269,91	4,301
270,12	4,955
270,34	-0,000
270,56	4,459
270,77	3,731
270,99	3,516
271,20	3,370
271,42	3,359
271,64	4,362
271,85	-0,000
272,07	-0,000
272,28	-0,000
272,50	-0,000
272,71	-0,000
272,93	-0,000
273,15	-0,000
273,36	-0,000
273,58	-0,000
273,79	-0,000
274,01	-0,000
274,22	-0,000
274,44	-0,000
274,66	-0,000
274,87	-0,000
275,09	-0,000
275,30	-0,000
275,52	-0,000
275,73	-0,000
275,95	-0,000
276,16	-0,000
276,38	-0,000
276,60	-0,000
276,81	-0,000
277,03	-0,000
277,24	-0,000
277,46	3,895
277,67	4,033
277,89	4,250
278,10	3,727
278,32	3,408
278,53	3,416
278,75	3,563
278,97	3,460
279,18	3,540
279,40	-0,000
279,61	-0,000
279,83	-0,000
280,04	-0,000
280,26	-0,000
280,47	-0,000
280,69	-0,000
280,90	-0,000
281,12	-0,000
281,33	4,010
281,55	4,010
281,76	3,711
281,98	3,461
282,20	3,311
282,41	3,440
282,63	4,248
282,84	4,954
283,06	4,406
283,27	3,457
283,49	3,434
283,70	3,938
283,92	4,339
284,13	-0,000
284,35	4,215
284,56	3,553
284,78	3,638
284,99	3,947
285,21	-0,000
285,42	-0,000
285,64	4,754
285,85	4,618
286,07	3,710
286,28	3,923
286,50	3,924
286,71	4,040
286,93	3,745
287,14	3,531
287,36	3,339
287,57	3,354
287,79	3,519
288,00	3,740
288,22	3,974
288,43	3,801
288,65	3,375
288,86	3,366
289,08	3,547
289,29	3,771
289,51	3,672
289,72	3,433
289,94	3,444
290,15	3,443
290,37	3,553
290,58	-0,000
290,80	-0,000
291,01	-0,000
291,22	3,856
291,44	-0,000
291,65	-0,000
291,87	-0,000
292,08	-0,000
292,30	4,317
292,51	3,644
292,73	3,477
292,94	3,670
293,16	4,155
293,37	4,170
293,59	3,999
293,80	3,586
294,02	3,598
294,23	4,874
294,44	3,675
294,66	4,069
294,87	3,953
295,09	3,678
295,30	3,716
295,52	3,944
295,73	-0,000
295,95	-0,000
296,16	-0,000
296,37	-0,000
296,59	-0,000
296,80	-0,000
297,02	-0,000
297,23	-0,000
297,45	4,261
297,66	3,936
297,88	-0,000
298,09	-0,000
298,30	-0,000
298,52	4,951
298,73	-0,000
298,95	-0,000
299,16	-0,000
299,38	-0,000
299,59	-0,000
299,80	-0,000
300,02	-0,000
300,23	-0,000
300,45	-0,000
300,66	5,164
300,88	4,655
301,09	-0,000
301,30	3,919
301,52	3,651
301,73	3,260
301,95	3,166
302,16	3,165
302,37	3,223
302,59	3,335
302,80	3,249
303,02	3,156
303,23	3,256
303,45	3,293
303,66	3,490
303,87	3,760
304,09	4,028
304,30	3,669
304,52	3,763
304,73	5,031
304,94	-0,000
305,16	-0,000
305,37	-0,000
305,59	-0,000
305,80	-0,000
306,01	-0,000
306,23	-0,000
306,44	-0,000
306,65	-0,000
306,87	-0,000
307,08	-0,000
307,30	-0,000
307,51	-0,000
307,72	-0,000
307,94	-0,000
308,15	3,699
308,37	3,477
308,58	3,481
308,79	3,396
309,01	3,680
309,22	3,657
309,43	3,546
309,65	3,988
309,86	4,687
310,07	4,606
310,29	-0,000
310,50	-0,000
310,72	-0,000
310,93	-0,000
311,14	-0,000
311,36	-0,000
311,57	-0,000
311,78	-0,000
312,00	-0,000
312,21	-0,000
312,42	-0,000
312,64	-0,000
312,85	-0,000
313,07	-0,000
313,28	-0,000
313,49	-0,000
313,71	-0,000
313,92	-0,000
314,13	-0,000
314,35	-0,000
314,56	-0,000
314,77	3,750
314,99	3,654
315,20	3,553
315,41	3,349
315,63	3,218
315,84	3,577
316,05	3,821
316,27	-0,000
316,48	-0,000
316,69	-0,000
316,91	-0,000
317,12	-0,000
317,33	-0,000
317,55	-0,000
317,76	-0,000
317,97	-0,000
318,19	-0,000
318,40	-0,000
318,61	-0,000
318,83	-0,000
319,04	-0,000
319,25	-0,000
319,47	-0,000
319,68	4,030
319,89	4,075
320,10	4,007
320,32	-0,000
320,53	-0,000
320,74	3,722
320,96	3,810
321,17	3,690
321,38	3,777
321,60	-0,000
321,81	-0,000
322,02	-0,000
322,24	3,994
322,45	3,759
322,66	3,993
322,87	3,582
323,09	3,863
323,30	-0,000
323,51	-0,000
323,73	-0,000
323,94	-0,000
324,15	-0,000
324,36	-0,000
324,58	-0,000
324,79	-0,000
325,00	-0,000
325,22	-0,000
325,43	-0,000
325,64	3,533
325,85	3,529
326,07	3,635
326,28	3,568
326,49	3,953
326,71	3,823
326,92	4,436
327,13	4,182
327,34	3,733
327,56	4,996
327,77	3,792
327,98	4,378
328,19	4,103
328,41	3,669
328,62	4,283
328,83	-0,000
329,04	-0,000
329,26	-0,000
329,47	4,156
329,68	4,071
329,90	3,818
330,11	4,279
330,32	4,642
330,53	3,694
330,75	3,527
330,96	3,221
331,17	3,249
331,38	3,495
331,60	3,576
331,81	3,544
332,02	3,443
332,23	3,422
332,44	3,630
332,66	3,465
332,87	5,261
333,08	-0,000
333,29	3,916
333,51	3,620
333,72	3,357
333,93	3,534
334,14	3,443
334,36	3,316
334,57	3,859
334,78	4,465
334,99	-0,000
335,21	-0,000
335,42	-0,000
335,63	-0,000
335,84	-0,000
336,05	-0,000
336,27	-0,000
336,48	-0,000
336,69	-0,000
336,90	-0,000
337,11	4,957
337,33	-0,000
337,54	-0,000
337,75	-0,000
337,96	-0,000
338,18	-0,000
338,39	-0,000
338,60	-0,000
338,81	-0,000
339,02	-0,000
339,24	-0,000
339,45	-0,000
339,66	-0,000
339,87	-0,000
340,08	-0,000
340,30	-0,000
340,51	-0,000
340,72	-0,000
340,93	3,865
341,14	-0,000
341,36	-0,000
341,57	3,983
341,78	3,443
341,99	3,543
342,20	3,930
342,41	-0,000
342,63	-0,000
342,84	-0,000
343,05	-0,000
343,26	-0,000
343,47	-0,000
343,69	-0,000
343,90	-0,000
344,11	-0,000
344,32	-0,000
344,53	-0,000
344,74	-0,000
344,96	-0,000
345,17	-0,000
345,38	3,876
345,59	-0,000
345,80	-0,000
346,01	-0,000
346,23	3,688
346,44	3,295
346,65	3,323
346,86	3,458
347,07	3,783
347,28	-0,000
347,50	-0,000
347,71	4,641
347,92	-0,000
348,13	6,388
348,34	3,825
348,55	3,979
348,76	3,979
348,98	-0,000
349,19	-0,000
349,40	-0,000
349,61	-0,000
349,82	4,262
350,03	-0,000
350,24	-0,000
350,46	-0,000
350,67	-0,000
350,88	-0,000
351,09	4,254
351,30	-0,000
351,51	-0,000
351,72	-0,000
351,93	-0,000
352,15	-0,000
352,36	4,411
352,57	5,471
352,78	4,675
352,99	3,455
353,20	3,278
353,41	3,367
353,62	3,594
353,84	3,493
354,05	4,669
354,26	-0,000
354,47	-0,000
354,68	-0,000
354,89	-0,000
355,10	-0,000
355,31	-0,000
355,52	-0,000
355,74	-0,000
355,95	-0,000
356,16	4,397
356,37	-0,000
356,58	-0,000
356,79	3,717
357,00	3,799
357,21	5,019
357,42	3,485
357,63	4,098
357,85	-0,000
358,06	-0,000
358,27	3,823
358,48	3,579
358,69	3,693
358,90	3,446
359,11	3,320
359,32	3,668
359,53	3,251
359,74	3,694
359,95	3,457
360,17	3,276
360,38	3,350
360,59	3,601
360,80	3,900
361,01	-0,000
361,22	-0,000
361,43	-0,000
361,64	-0,000
361,85	-0,000
362,06	-0,000
362,27	-0,000
362,48	-0,000
362,69	-0,000
362,90	-0,000
363,12	-0,000
363,33	-0,000
363,54	-0,000
363,75	-0,000
363,96	-0,000
364,17	-0,000
364,38	-0,000
364,59	-0,000
364,80	-0,000
365,01	-0,000
365,22	-0,000
365,43	4,177
365,64	-0,000
365,85	4,735
366,06	4,563
366,27	3,529
366,48	3,706
366,69	3,498
366,90	3,641
367,11	4,128
367,32	4,378
367,54	4,225
367,75	-0,000
367,96	-0,000
368,17	-0,000
368,38	-0,000
368,59	-0,000
368,80	-0,000
369,01	-0,000
369,22	-0,000
369,43	-0,000
369,64	-0,000
369,85	-0,000
370,06	-0,000
370,27	-0,000
370,48	-0,000
370,69	-0,000
370,90	-0,000
371,11	-0,000
371,32	-0,000
371,53	-0,000
371,74	-0,000
371,95	-0,000
372,16	-0,000
372,37	-0,000
372,58	-0,000
372,79	-0,000
373,00	-0,000
373,21	-0,000
373,42	-0,000
373,63	-0,000
373,84	-0,000
374,05	4,309
374,26	4,173
374,47	3,865
374,68	3,494
374,89	3,130
375,10	3,130
375,31	3,452
375,52	3,326
375,73	3,183
375,94	3,177
376,15	3,177
376,36	3,215
376,57	3,322
376,78	3,537
376,99	3,357
377,20	3,195
377,41	3,302
377,62	3,725
377,83	3,682
378,04	3,384
378,25	3,376
378,46	3,533
378,67	3,564
378,88	3,969
379,09	3,359
379,30	3,293
379,51	3,204
379,72	3,350
379,92	-0,000
380,13	4,748
380,34	3,978
380,55	3,963
380,76	3,952
380,97	-0,000
381,18	-0,000
381,39	-0,000
381,60	3,975
381,81	3,182
382,02	3,269
382,23	3,247
382,44	3,304
382,65	3,335
382,86	3,125
383,07	3,198
383,28	3,451
383,49	3,338
383,70	3,500
383,91	3,412
384,11	3,816
384,32	3,673
384,53	3,495
384,74	-0,000
384,95	-0,000
385,16	3,546
385,37	4,669
385,58	-0,000
385,79	-0,000
386,00	4,196
386,21	-0,000
386,42	-0,000
386,63	-0,000
386,84	-0,000
387,04	-0,000
387,25	-0,000
387,46	-0,000
387,67	-0,000
387,88	-0,000
388,09	-0,000
388,30	-0,000
388,51	-0,000
388,72	-0,000
388,93	-0,000
389,14	-0,000
389,34	4,510
389,55	-0,000
389,76	4,080
389,97	4,507
390,18	-0,000
390,39	-0,000
390,60	-0,000
390,81	-0,000
391,02	-0,000
391,23	-0,000
391,43	4,056
391,64	-0,000
391,85	-0,000
392,06	3,715
392,27	3,731
392,48	4,189
392,69	-0,000
392,90	-0,000
393,11	-0,000
393,31	-0,000
393,52	-0,000
393,73	-0,000
393,94	-0,000
394,15	-0,000
394,36	-0,000
394,57	-0,000
394,78	3,931
394,98	3,761
395,19	4,720
395,40	3,463
395,61	3,439
395,82	3,960
396,03	3,726
396,24	3,607
396,44	3,860
396,65	-0,000
396,86	5,009
397,07	4,802
397,28	-0,000
397,49	-0,000
397,70	-0,000
397,90	-0,000
398,11	-0,000
398,32	-0,000
398,53	-0,000
398,74	-0,000
398,95	-0,000
399,16	-0,000
399,36	-0,000
399,57	-0,000
399,78	-0,000
399,99	-0,000
400,20	-0,000
400,41	-0,000
400,61	-0,000
400,82	-0,000
401,03	-0,000
401,24	-0,000
401,45	-0,000
401,66	4,318
401,86	3,952
402,07	-0,000
402,28	-0,000
402,49	-0,000
402,70	-0,000
402,91	-0,000
403,11	-0,000
403,32	-0,000
403,53	-0,000
403,74	-0,000
403,95	-0,000
404,15	-0,000
404,36	-0,000
404,57	-0,000
404,78	-0,000
404,99	3,563
405,20	3,834
405,40	3,520
405,61	3,749
405,82	3,702
406,03	3,347
406,24	3,150
406,44	3,108
406,65	3,293
406,86	3,541
407,07	4,084
407,28	4,477
407,48	4,158
407,69	-0,000
407,90	-0,000
408,11	-0,000
408,32	-0,000
408,52	-0,000
408,73	-0,000
408,94	-0,000
409,15	-0,000
409,35	-0,000
409,56	-0,000
409,77	-0,000
409,98	-0,000
410,19	-0,000
410,39	-0,000
410,60	-0,000
410,81	-0,000
411,02	-0,000
411,22	-0,000
411,43	-0,000
411,64	-0,000
411,85	-0,000
412,05	4,154
412,26	-0,000
412,47	-0,000
412,68	-0,000
412,89	3,971
413,09	-0,000
413,30	3,845
413,51	-0,000
413,72	4,356
413,92	3,797
414,13	3,594
414,34	3,283
414,55	3,721
414,75	3,532
414,96	3,518
415,17	3,503
415,38	3,486
415,58	4,065
415,79	3,450
416,00	-0,000
416,21	-0,000
416,41	3,631
416,62	4,119
416,83	3,929
417,03	4,379
417,24	-0,000
417,45	3,912
417,66	4,131
417,86	3,415
418,07	-0,000
418,28	4,492
418,49	3,860
418,69	-0,000
418,90	-0,000
419,11	-0,000
419,31	-0,000
419,52	-0,000
419,73	-0,000
419,94	-0,000
420,14	-0,000
420,35	-0,000
420,56	4,052
420,76	4,268
420,97	-0,000
421,18	-0,000
421,39	4,988
421,59	3,648
421,80	3,329
422,01	3,931
422,21	3,944
422,42	-0,000
422,63	-0,000
422,84	3,999
423,04	4,024
423,25	4,423
423,46	-0,000
423,66	-0,000
423,87	-0,000
424,08	-0,000
424,28	-0,000
424,49	-0,000
424,70	-0,000
424,90	-0,000
425,11	-0,000
425,32	-0,000
425,52	-0,000
425,73	-0,000
425,94	-0,000
426,15	-0,000
426,35	-0,000
426,56	-0,000
426,77	3,621
426,97	3,239
427,18	3,217
427,39	3,188
427,59	3,227
427,80	3,263
428,01	3,114
428,21	2,957
428,42	2,933
428,63	3,120
428,83	3,242
429,04	3,249
429,25	3,560
429,45	3,734
429,66	4,627
429,87	3,654
430,07	-0,000
430,28	-0,000
430,48	-0,000
430,69	-0,000
430,90	3,712
431,10	4,002
431,31	3,800
431,52	3,629
431,72	-0,000
431,93	-0,000
432,14	-0,000
432,34	-0,000
432,55	-0,000
432,76	-0,000
432,96	-0,000
433,17	-0,000
433,37	-0,000
433,58	-0,000
433,79	-0,000
433,99	-0,000
434,20	-0,000
434,41	-0,000
434,61	-0,000
434,82	-0,000
435,02	-0,000
435,23	-0,000
435,44	-0,000
435,64	-0,000
435,85	-0,000
436,06	-0,000
436,26	-0,000
436,47	-0,000
436,67	-0,000
436,88	3,840
437,09	3,519
437,29	3,546
437,50	3,683
437,70	-0,000
437,91	-0,000
438,12	-0,000
438,32	-0,000
438,53	-0,000
438,73	-0,000
438,94	-0,000
439,15	-0,000
439,35	-0,000
439,56	3,666
439,76	3,602
439,97	3,760
440,18	3,697
440,38	3,477
440,59	3,516
440,79	3,166
441,00	3,288
441,20	3,059
441,41	3,321
441,62	3,381
441,82	3,335
442,03	3,236
442,23	2,996
442,44	3,131
442,65	3,495
442,85	4,001
443,06	-0,000
443,26	-0,000
443,47	-0,000
443,67	-0,000
443,88	-0,000
444,09	-0,000
444,29	-0,000
444,50	-0,000
444,70	-0,000
444,91	-0,000
445,11	-0,000
445,32	-0,000
445,52	-0,000
445,73	-0,000
445,94	-0,000
446,14	-0,000
446,35	-0,000
446,55	-0,000
446,76	-0,000
446,96	-0,000
447,17	-0,000
447,37	-0,000
447,58	-0,000
447,78	3,660
447,99	3,331
448,20	3,339
448,40	3,122
448,61	3,094
448,81	3,395
449,02	3,782
449,22	-0,000
449,43	-0,000
449,63	-0,000
449,84	-0,000
450,04	3,698
450,25	-0,000
450,45	3,241
450,66	3,185
450,86	3,211
451,07	2,987
451,27	3,198
451,48	3,251
451,68	3,521
451,89	3,555
452,09	3,305
452,30	6,241
452,50	-0,000
452,71	-0,000
452,91	-0,000
453,12	-0,000
453,33	3,669
453,53	3,500
453,74	3,744
453,94	3,868
454,15	4,084
454,35	3,783
454,56	3,953
454,76	-0,000
454,96	4,379
455,17	-0,000
455,37	-0,000
455,58	-0,000
455,78	-0,000
455,99	-0,000
456,19	-0,000
456,40	4,234
456,60	4,675
456,81	-0,000
457,01	-0,000
457,22	-0,000
457,42	-0,000
457,63	-0,000
457,83	3,499
458,04	3,969
458,24	-0,000
458,45	3,799
458,65	3,568
458,86	3,413
459,06	3,337
459,27	3,711
459,47	3,870
459,67	-0,000
459,88	-0,000
460,08	-0,000
460,29	-0,000
460,49	-0,000
460,70	-0,000
460,90	-0,000
461,11	-0,000
461,31	-0,000
461,52	-0,000
461,72	-0,000
461,92	-0,000
462,13	-0,000
462,33	-0,000
462,54	3,962
462,74	3,765
462,95	3,414
463,15	3,204
463,36	3,095
463,56	3,002
463,76	3,168
463,97	3,293
464,17	3,264
464,38	3,257
464,58	3,590
464,79	3,700
464,99	4,383
465,19	-0,000
465,40	-0,000
465,60	-0,000
465,81	-0,000
466,01	-0,000
466,22	-0,000
466,42	3,518
466,62	3,785
466,83	3,783
467,03	-0,000
467,24	-0,000
467,44	-0,000
467,65	-0,000
467,85	-0,000
468,05	-0,000
468,26	-0,000
468,46	-0,000
468,67	-0,000
468,87	-0,000
469,07	-0,000
469,28	-0,000
469,48	-0,000
469,69	-0,000
469,89	-0,000
470,09	-0,000
470,30	-0,000
470,50	-0,000
470,71	-0,000
470,91	4,306
471,11	3,194
471,32	3,171
471,52	3,070
471,72	2,968
471,93	2,918
472,13	2,880
472,34	3,050
472,54	3,123
472,74	3,137
472,95	4,397
473,15	3,529
473,35	3,645
473,56	3,616
473,76	3,477
473,97	3,670
474,17	3,500
474,37	3,488
474,58	3,373
474,78	3,059
474,98	3,348
475,19	3,582
475,39	3,996
475,60	-0,000
475,80	-0,000
476,00	4,164
476,21	3,687
476,41	-0,000
476,61	-0,000
476,82	5,428
477,02	3,798
477,22	3,323
477,43	3,317
477,63	3,815
477,83	-0,000
478,04	-0,000
478,24	4,258
478,44	-0,000
478,65	-0,000
478,85	4,447
479,05	-0,000
479,26	-0,000
479,46	3,534
479,66	4,027
479,87	3,471
480,07	3,493
480,27	3,461
480,48	5,459
480,68	-0,000
480,88	-0,000
481,09	-0,000
481,29	-0,000
481,49	-0,000
481,70	-0,000
481,90	-0,000
482,10	-0,000
482,31	4,571
482,51	4,228
482,71	-0,000
482,92	-0,000
483,12	3,681
483,32	3,498
483,52	-0,000
483,73	3,817
483,93	3,805
484,13	4,018
484,34	3,815
484,54	3,557
484,74	3,332
484,95	3,375
485,15	3,592
485,35	3,190
485,55	3,387
485,76	3,558
485,96	3,501
486,16	3,405
486,37	3,285
486,57	3,502
486,77	3,548
486,97	3,126
487,18	3,346
487,38	3,085
487,58	3,024
487,79	3,017
487,99	2,994
488,19	3,272
488,39	3,166
488,60	3,127
488,80	3,791
489,00	3,890
489,20	-0,000
489,41	-0,000
489,61	-0,000
489,81	-0,000
490,02	4,042
490,22	3,857
490,42	-0,000
490,62	3,978
490,83	3,776
491,03	3,822
491,23	-0,000
491,43	-0,000
491,64	3,903
491,84	-0,000
492,04	-0,000
492,24	-0,000
492,45	-0,000
492,65	4,042
492,85	3,816
493,05	3,308
493,26	3,412
493,46	5,056
493,66	3,986
493,86	4,376
494,07	3,442
494,27	4,703
494,47	-0,000
494,67	-0,000
494,87	-0,000
495,08	-0,000
495,28	-0,000
495,48	-0,000
495,68	-0,000
495,89	-0,000
496,09	-0,000
496,29	-0,000
496,49	-0,000
496,69	4,372
496,90	-0,000
497,10	-0,000
497,30	-0,000
497,50	-0,000
497,71	4,081
497,91	-0,000
498,11	-0,000
498,31	-0,000
498,51	-0,000
498,72	-0,000
498,92	-0,000
499,12	-0,000
499,32	-0,000
499,52	-0,000
499,73	-0,000
499,93	-0,000
500,13	-0,000
500,33	-0,000
500,53	3,610
500,74	3,792
500,94	3,765
501,14	4,279
501,34	3,872
501,54	3,808
501,74	3,656
501,95	3,746
502,15	3,463
502,35	4,061
502,55	3,728
502,75	3,644
502,96	3,299
503,16	3,723
503,36	3,966
503,56	-0,000
503,76	4,023
503,96	3,723
504,17	3,428
504,37	3,566
504,57	5,507
504,77	-0,000
504,97	-0,000
505,17	-0,000
505,38	-0,000
505,58	-0,000
505,78	-0,000
505,98	-0,000
506,18	-0,000
506,38	-0,000
506,58	-0,000
506,79	-0,000
506,99	-0,000
507,19	-0,000
507,39	-0,000
507,59	3,764
507,79	3,435
507,99	3,415
508,20	3,543
508,40	-0,000
508,60	-0,000
508,80	3,571
509,00	3,363
509,20	3,155
509,40	3,386
509,61	3,500
509,81	3,442
510,01	3,475
510,21	3,814
510,41	3,644
510,61	3,944
510,81	-0,000
511,01	-0,000
511,22	-0,000
511,42	-0,000
511,62	-0,000
511,82	-0,000
512,02	-0,000
512,22	-0,000
512,42	-0,000
512,62	-0,000
512,82	-0,000
513,03	-0,000
513,23	4,283
513,43	4,196
513,63	3,399
513,83	3,504
514,03	3,853
514,23	3,492
514,43	3,453
514,63	3,710
514,83	-0,000
515,04	-0,000
515,24	-0,000
515,44	-0,000
515,64	-0,000
515,84	-0,000
516,04	-0,000
516,24	-0,000
516,44	4,576
516,64	3,821
516,84	4,419
517,04	3,573
517,24	3,158
517,45	3,128
517,65	2,967
517,85	3,070
518,05	2,964
518,25	3,161
518,45	3,302
518,65	3,183
518,85	3,183
519,05	3,427
519,25	3,783
519,45	-0,000
519,65	-0,000
519,85	-0,000
520,05	-0,000
520,25	-0,000
520,46	3,952
520,66	-0,000
520,86	-0,000
521,06	-0,000
521,26	-0,000
521,46	-0,000
521,66	4,448
521,86	-0,000
522,06	-0,000
522,26	-0,000
522,46	-0,000
522,66	3,699
522,86	4,013
523,06	3,975
523,26	4,299
523,46	5,475
523,66	4,055
523,86	4,169
524,06	3,453
524,26	3,656
524,46	3,878
524,66	3,427
524,86	3,596
525,06	3,263
525,26	3,253
525,46	3,565
525,66	3,356
525,87	3,507
526,07	3,398
526,27	3,434
526,47	3,322
526,67	3,128
526,87	3,258
527,07	3,333
527,27	3,286
527,47	3,536
527,67	3,308
527,87	3,152
528,07	3,267
528,27	3,322
528,47	3,668
528,67	6,371
528,87	-0,000
529,07	-0,000
529,27	-0,000
529,47	-0,000
529,67	-0,000
529,87	-0,000
530,07	-0,000
530,27	-0,000
530,47	-0,000
530,67	-0,000
530,87	-0,000
531,06	4,442
531,26	-0,000
531,46	3,746
531,66	3,753
531,86	4,318
532,06	4,346
532,26	4,077
532,46	-0,000
532,66	3,787
532,86	4,295
533,06	-0,000
533,26	-0,000
533,46	-0,000
533,66	-0,000
533,86	-0,000
534,06	-0,000
534,26	-0,000
534,46	-0,000
534,66	-0,000
534,86	-0,000
535,06	-0,000
535,26	-0,000
535,46	-0,000
535,66	-0,000
535,86	-0,000
536,06	4,411
536,26	5,198
536,45	3,609
536,65	5,199
536,85	3,656
537,05	3,569
537,25	3,862
537,45	3,326
537,65	3,283
537,85	3,210
538,05	3,333
538,25	3,734
538,45	3,515
538,65	3,992
538,85	4,167
539,05	3,686
539,25	4,166
539,44	-0,000
539,64	-0,000
539,84	-0,000
540,04	3,663
540,24	3,400
540,44	3,273
540,64	3,175
540,84	3,263
541,04	3,383
541,24	3,320
541,44	3,295
541,64	3,360
541,83	3,981
542,03	-0,000
542,23	-0,000
542,43	-0,000
542,63	3,993
542,83	3,600
543,03	3,573
543,23	3,618
543,43	3,304
543,63	3,466
543,82	3,461
544,02	3,367
544,22	3,490
544,42	4,545
544,62	3,971
544,82	3,870
545,02	4,152
545,22	-0,000
545,42	-0,000
545,61	-0,000
545,81	-0,000
546,01	-0,000
546,21	-0,000
546,41	-0,000
546,61	-0,000
546,81	3,612
547,01	4,331
547,20	3,913
547,40	-0,000
547,60	3,548
547,80	-0,000
548,00	-0,000
548,20	-0,000
548,40	-0,000
548,59	-0,000
548,79	-0,000
548,99	-0,000
549,19	-0,000
549,39	-0,000
549,59	4,160
549,79	3,533
549,98	3,532
550,18	3,499
550,38	3,728
550,58	4,143
550,78	-0,000
550,98	3,734
551,17	3,230
551,37	3,351
551,57	3,458
551,77	3,462
551,97	3,326
552,17	3,247
552,36	3,260
552,56	3,173
552,76	3,223
552,96	3,508
553,16	3,418
553,36	3,736
553,55	3,890
553,75	-0,000
553,95	-0,000
554,15	-0,000
554,35	-0,000
554,55	-0,000
554,74	-0,000
554,94	-0,000
555,14	-0,000
555,34	-0,000
555,54	-0,000
555,73	3,995
555,93	3,991
556,13	3,808
556,33	3,594
556,53	3,842
556,72	3,490
556,92	3,107
557,12	3,220
557,32	3,275
557,52	3,466
557,71	3,219
557,91	3,163
558,11	3,341
558,31	3,171
558,51	3,527
558,70	4,920
558,90	4,157
559,10	-0,000
559,30	-0,000
559,49	-0,000
559,69	-0,000
559,89	-0,000
560,09	-0,000
560,29	-0,000
560,48	-0,000
560,68	-0,000
560,88	-0,000
561,08	-0,000
561,27	-0,000
561,47	-0,000
561,67	-0,000
561,87	-0,000
562,06	-0,000
562,26	-0,000
562,46	-0,000
562,66	-0,000
562,86	-0,000
563,05	-0,000
563,25	-0,000
563,45	-0,000
563,65	-0,000
563,84	-0,000
564,04	-0,000
564,24	-0,000
564,44	-0,000
564,63	-0,000
564,83	-0,000
565,03	-0,000
565,22	-0,000
565,42	-0,000
565,62	-0,000
565,82	-0,000
566,01	-0,000
566,21	-0,000
566,41	-0,000
566,61	3,669
566,80	3,605
567,00	3,593
567,20	-0,000
567,40	-0,000
567,59	-0,000
567,79	-0,000
567,99	-0,000
568,18	-0,000
568,38	-0,000
568,58	-0,000
568,78	-0,000
568,97	-0,000
569,17	-0,000
569,37	4,469
569,56	3,779
569,76	3,765
569,96	-0,000
570,16	3,595
570,35	3,489
570,55	3,320
570,75	3,438
570,94	3,506
571,14	3,347
571,34	3,565
571,53	3,560
571,73	3,291
571,93	3,306
572,12	3,733
572,32	3,817
572,52	-0,000
572,72	-0,000
572,91	-0,000
573,11	-0,000
573,31	-0,000
573,50	-0,000
573,70	-0,000
573,90	-0,000
574,09	-0,000
574,29	-0,000
574,49	-0,000
574,68	-0,000
574,88	-0,000
575,08	-0,000
575,27	-0,000
575,47	-0,000
575,67	-0,000
575,86	-0,000
576,06	3,653
576,26	4,463
576,45	4,256
576,65	-0,000
576,85	-0,000
577,04	-0,000
577,24	-0,000
577,44	-0,000
577,63	5,414
577,83	-0,000
578,02	-0,000
578,22	-0,000
578,42	5,235
578,61	3,558
578,81	3,617
579,01	3,483
579,20	3,488
579,40	3,434
579,60	3,347
579,79	3,495
579,99	3,657
580,19	3,457
580,38	3,889
580,58	4,259
580,77	-0,000
580,97	-0,000
581,17	-0,000
581,36	-0,000
581,56	-0,000
581,75	-0,000
581,95	-0,000
582,15	-0,000
582,34	-0,000
582,54	-0,000
582,74	4,147
582,93	3,610
583,13	3,667
583,32	3,641
583,52	3,413
583,72	3,609
583,91	3,839
584,11	3,635
584,30	4,938
584,50	-0,000
584,70	-0,000
584,89	-0,000
585,09	-0,000
585,28	-0,000
585,48	-0,000
585,68	-0,000
585,87	4,500
586,07	3,474
586,26	3,525
586,46	3,569
586,66	3,494
586,85	4,010
587,05	3,652
587,24	3,864
587,44	4,082
587,63	4,016
587,83	4,075
588,03	3,929
588,22	4,246
588,42	5,208
588,61	3,447
588,81	3,547
589,00	3,515
589,20	3,738
589,40	4,301
589,59	-0,000
589,79	-0,000
589,98	-0,000
590,18	-0,000
590,37	-0,000
590,57	-0,000
590,76	-0,000
590,96	-0,000
591,16	-0,000
591,35	-0,000
591,55	-0,000
591,74	-0,000
591,94	-0,000
592,13	-0,000
592,33	-0,000
592,52	-0,000
592,72	-0,000
592,91	-0,000
593,11	-0,000
593,30	-0,000
593,50	4,409
593,70	-0,000
593,89	4,714
594,09	3,768
594,28	3,661
594,48	4,132
594,67	3,956
594,87	3,610
595,06	3,595
595,26	3,885
595,45	3,600
595,65	3,496
595,84	3,658
596,04	3,619
596,23	3,545
596,43	3,777
596,62	5,193
596,82	3,903
597,01	4,469
597,21	-0,000
597,40	-0,000
597,60	-0,000
597,79	-0,000
597,99	-0,000
598,18	3,614
598,38	3,498
598,57	3,610
598,77	3,738
598,96	3,617
599,16	3,848
599,35	4,694
599,55	-0,000
599,74	4,266
599,94	-0,000
600,13	-0,000
600,33	-0,000
600,52	5,035
600,72	4,304
600,91	4,208
601,11	3,948
601,30	3,970
601,50	-0,000
601,69	-0,000
601,89	-0,000
602,08	-0,000
602,27	-0,000
602,47	-0,000
602,66	-0,000
602,86	-0,000
603,05	-0,000
603,25	-0,000
603,44	4,355
603,64	3,982
603,83	3,416
604,03	3,224
604,22	3,265
604,41	3,330
604,61	3,589
604,80	3,520
605,00	3,428
605,19	3,446
605,39	3,405
605,58	3,654
605,78	4,375
605,97	-0,000
606,16	4,346
606,36	-0,000
606,55	-0,000
606,75	-0,000
606,94	-0,000
607,14	-0,000
607,33	-0,000
607,52	-0,000
607,72	-0,000
607,91	4,246
608,11	3,867
608,30	4,517
608,50	4,019
608,69	-0,000
608,88	4,705
609,08	3,923
609,27	3,697
609,47	4,497
609,66	4,698
609,85	-0,000
610,05	3,811
610,24	4,359
610,44	4,050
610,63	5,647
610,83	-0,000
611,02	-0,000
611,21	-0,000
611,41	-0,000
611,60	3,832
611,80	3,812
611,99	3,303
612,18	3,298
612,38	3,366
612,57	3,341
612,76	3,322
612,96	3,537
613,15	4,351
613,35	3,989
613,54	-0,000
613,73	-0,000
613,93	-0,000
614,12	-0,000
614,32	-0,000
614,51	-0,000
614,70	-0,000
614,90	-0,000
615,09	-0,000
615,28	-0,000
615,48	4,347
615,67	4,025
615,86	3,909
616,06	3,581
616,25	3,514
616,45	3,424
616,64	3,278
616,83	3,372
617,03	3,802
617,22	3,776
617,41	5,383
617,61	-0,000
617,80	-0,000
617,99	-0,000
618,19	-0,000
618,38	-0,000
618,57	-0,000
618,77	-0,000
618,96	-0,000
619,15	-0,000
619,35	3,849
619,54	3,803
619,73	3,766
619,93	3,563
620,12	3,618
620,31	3,647
620,51	3,636
620,70	3,531
620,89	4,312
621,09	-0,000
621,28	-0,000
621,47	-0,000
621,67	-0,000
621,86	-0,000
622,05	-0,000
622,25	-0,000
622,44	-0,000
622,63	3,982
622,83	4,322
623,02	-0,000
623,21	-0,000
623,41	-0,000
623,60	-0,000
623,79	3,971
623,98	-0,000
624,18	-0,000
624,37	-0,000
624,56	-0,000
624,76	-0,000
624,95	6,546
625,14	-0,000
625,33	-0,000
625,53	-0,000
625,72	-0,000
625,91	-0,000
626,11	3,818
626,30	4,304
626,49	-0,000
626,68	4,359
626,88	3,783
627,07	4,019
627,26	3,830
627,46	4,152
627,65	-0,000
627,84	-0,000
628,03	-0,000
628,23	-0,000
628,42	-0,000
628,61	-0,000
628,80	-0,000
629,00	4,312
629,19	3,673
629,38	3,848
629,58	3,540
629,77	3,325
629,96	3,308
630,15	3,280
630,35	3,548
630,54	3,752
630,73	4,186
630,92	-0,000
631,12	4,886
631,31	-0,000
631,50	-0,000
631,69	-0,000
631,89	-0,000
632,08	-0,000
632,27	-0,000
632,46	3,972
632,65	4,317
632,85	-0,000
633,04	-0,000
633,23	-0,000
633,42	-0,000
633,62	-0,000
633,81	-0,000
634,00	-0,000
634,19	-0,000
634,39	-0,000
634,58	-0,000
634,77	-0,000
634,96	-0,000
635,15	-0,000
635,35	-0,000
635,54	-0,000
635,73	-0,000
635,92	-0,000
636,11	-0,000
636,31	-0,000
636,50	-0,000
636,69	-0,000
636,88	6,505
637,07	-0,000
637,27	3,801
637,46	3,700
637,65	3,435
637,84	3,467
638,03	3,422
638,23	3,440
638,42	3,644
638,61	3,726
638,80	4,261
638,99	-0,000
639,19	-0,000
639,38	-0,000
639,57	-0,000
639,76	-0,000
639,95	-0,000
640,14	-0,000
640,34	-0,000
640,53	4,512
640,72	3,684
640,91	4,037
641,10	3,944
641,30	4,196
641,49	3,762
641,68	4,654
641,87	3,736
642,06	4,181
642,25	3,952
642,44	-0,000
642,64	-0,000
642,83	-0,000
643,02	-0,000
643,21	-0,000
643,40	-0,000
643,59	-0,000
643,79	-0,000
643,98	-0,000
644,17	-0,000
644,36	-0,000
644,55	-0,000
644,74	-0,000
644,93	4,358
645,13	-0,000
645,32	-0,000
645,51	-0,000
645,70	-0,000
645,89	-0,000
646,08	-0,000
646,27	-0,000
646,46	-0,000
646,66	-0,000
646,85	-0,000
647,04	-0,000
647,23	-0,000
647,42	-0,000
647,61	-0,000
647,80	-0,000
647,99	-0,000
648,19	-0,000
648,38	-0,000
648,57	-0,000
648,76	-0,000
648,95	-0,000
649,14	-0,000
649,33	-0,000
649,52	-0,000
649,71	-0,000
649,91	-0,000
650,10	-0,000
650,29	-0,000
650,48	-0,000
650,67	-0,000
650,86	-0,000
651,05	-0,000
651,24	4,005
651,43	-0,000
651,62	-0,000
651,81	4,065
652,01	3,677
652,20	3,804
652,39	4,541
652,58	-0,000
652,77	-0,000
652,96	-0,000
653,15	3,991
653,34	3,690
653,53	4,144
653,72	-0,000
653,91	-0,000
654,10	-0,000
654,29	-0,000
654,48	-0,000
654,68	-0,000
654,87	-0,000
655,06	-0,000
655,25	-0,000
655,44	-0,000
655,63	-0,000
655,82	-0,000
656,01	-0,000
656,20	-0,000
656,39	-0,000
656,58	-0,000
656,77	4,474
656,96	3,565
657,15	3,656
657,34	3,628
657,53	3,356
657,72	3,885
657,91	4,539
658,10	5,217
658,29	-0,000
658,48	-0,000
658,68	-0,000
658,87	-0,000
659,06	-0,000
659,25	-0,000
659,44	4,986
659,63	-0,000
659,82	-0,000
660,01	-0,000
660,20	-0,000
660,39	-0,000
660,58	-0,000
660,77	-0,000
660,96	-0,000
661,15	4,218
661,34	4,105
661,53	4,315
661,72	4,490
661,91	-0,000
662,10	-0,000
662,29	-0,000
662,48	-0,000
662,67	-0,000
662,86	-0,000
663,05	-0,000
663,24	-0,000
663,43	-0,000
663,62	3,906
663,81	4,071
664,00	3,729
664,19	4,258
664,38	3,788
664,57	4,034
664,76	4,325
664,95	-0,000
665,14	-0,000
665,33	-0,000
665,52	-0,000
665,71	4,524
665,90	3,871
666,09	3,851
666,28	3,735
666,46	3,639
666,65	3,586
666,84	3,576
667,03	3,603
667,22	3,828
667,41	3,675
667,60	3,626
667,79	3,899
667,98	3,623
668,17	3,698
668,36	3,544
668,55	3,348
668,74	3,453
668,93	3,481
669,12	4,295
669,31	-0,000
669,50	-0,000
669,69	-0,000
669,88	-0,000
670,07	-0,000
670,26	-0,000
670,44	-0,000
670,63	-0,000
670,82	3,986
671,01	3,599
671,20	4,088
671,39	3,648
671,58	3,663
671,77	4,053
671,96	3,859
672,15	3,503
672,34	3,544
672,53	3,350
672,72	3,345
672,91	3,243
673,09	3,389
673,28	3,370
673,47	3,411
673,66	3,453
673,85	3,564
674,04	3,520
674,23	4,074
674,42	3,826
674,61	3,788
674,80	3,491
674,98	3,699
675,17	3,396
675,36	3,423
675,55	3,508
675,74	3,429
675,93	3,486
676,12	3,661
676,31	3,881
676,50	-0,000
676,69	4,279
676,87	-0,000
677,06	3,657
677,25	3,463
677,44	3,560
677,63	3,585
677,82	3,486
678,01	3,500
678,20	3,476
678,38	3,358
678,57	3,479
678,76	3,889
678,95	4,053
679,14	-0,000
679,33	3,963
679,52	3,756
679,71	3,720
679,89	3,754
680,08	-0,000
680,27	3,735
680,46	3,998
680,65	4,225
680,84	4,239
681,02	4,498
681,21	4,068
681,40	4,087
681,59	3,710
681,78	3,866
681,97	-0,000
682,16	-0,000
682,34	-0,000
682,53	-0,000
682,72	-0,000
682,91	-0,000
683,10	-0,000
683,29	-0,000
683,47	-0,000
683,66	-0,000
683,85	-0,000
684,04	4,050
684,23	4,140
684,42	3,625
684,60	3,633
684,79	3,730
684,98	3,861
685,17	3,703
685,36	3,828
685,54	3,746
685,73	4,054
685,92	-0,000
686,11	-0,000
686,30	-0,000
686,49	-0,000
686,67	-0,000
686,86	-0,000
687,05	-0,000
687,24	-0,000
687,43	-0,000
687,61	-0,000
687,80	-0,000
687,99	-0,000
688,18	-0,000
688,36	-0,000
688,55	-0,000
688,74	-0,000
688,93	-0,000
689,12	-0,000
689,30	-0,000
689,49	3,825
689,68	3,586
689,87	3,632
690,06	3,579
690,24	3,505
690,43	3,492
690,62	4,041
690,81	-0,000
690,99	-0,000
691,18	-0,000
691,37	-0,000
691,56	-0,000
691,74	-0,000
691,93	-0,000
692,12	-0,000
692,31	-0,000
692,50	3,805
692,68	3,689
692,87	3,519
693,06	3,211
693,25	3,308
693,43	3,317
693,62	3,220
693,81	3,134
694,00	3,204
694,18	3,310
694,37	3,522
694,56	3,568
694,74	4,118
694,93	-0,000
695,12	4,685
695,31	-0,000
695,49	-0,000
695,68	-0,000
695,87	-0,000
696,06	-0,000
696,24	-0,000
696,43	-0,000
696,62	-0,000
696,80	4,962
696,99	5,420
697,18	4,368
697,37	-0,000
697,55	-0,000
697,74	-0,000
697,93	-0,000
698,12	-0,000
698,30	-0,000
698,49	-0,000
698,68	-0,000
698,86	-0,000
699,05	-0,000
699,24	-0,000
699,42	-0,000
699,61	-0,000
699,80	3,638
699,99	4,007
700,17	4,050
700,36	3,715
700,55	-0,000
700,73	-0,000
700,92	-0,000
701,11	-0,000
701,29	-0,000
701,48	-0,000
701,67	-0,000
701,85	-0,000
702,04	-0,000
702,23	-0,000
702,41	-0,000
702,60	-0,000
702,79	-0,000
702,97	-0,000
703,16	-0,000
703,35	-0,000
703,53	-0,000
703,72	-0,000
703,91	-0,000
704,09	4,643
704,28	3,705
704,47	3,962
704,65	4,052
704,84	-0,000
705,03	-0,000
705,21	-0,000
705,40	-0,000
705,59	-0,000
705,77	-0,000
705,96	-0,000
706,15	-0,000
706,33	-0,000
706,52	3,997
706,71	3,569
706,89	3,746
707,08	5,421
707,26	-0,000
707,45	-0,000
707,64	-0,000
707,82	-0,000
708,01	-0,000
708,20	-0,000
708,38	-0,000
708,57	3,611
708,75	3,619
708,94	3,462
709,13	3,454
709,31	3,590
709,50	3,719
709,69	4,027
709,87	-0,000
710,06	-0,000
710,24	-0,000
710,43	-0,000
710,62	-0,000
710,80	-0,000
710,99	-0,000
711,17	-0,000
711,36	-0,000
711,55	3,843
711,73	3,703
711,92	4,029
712,10	-0,000
712,29	3,838
712,48	3,897
712,66	3,752
712,85	3,831
713,03	3,974
713,22	-0,000
713,40	-0,000
713,59	-0,000
713,78	-0,000
713,96	-0,000
714,15	-0,000
714,33	-0,000
714,52	-0,000
714,71	-0,000
714,89	-0,000
715,08	3,879
715,26	3,914
715,45	3,900
715,63	3,733
715,82	4,082
716,00	3,497
716,19	3,641
716,38	3,456
716,56	3,645
716,75	3,833
716,93	3,869
717,12	-0,000
717,30	-0,000
717,49	-0,000
717,67	-0,000
717,86	4,311
718,05	-0,000
718,23	-0,000
718,42	-0,000
718,60	4,279
718,79	3,572
718,97	3,519
719,16	3,745
719,34	-0,000
719,53	-0,000
719,71	-0,000
719,90	3,932
720,08	3,998
720,27	-0,000
720,45	-0,000
720,64	-0,000
720,83	-0,000
721,01	4,623
721,20	-0,000
721,38	-0,000
721,57	-0,000
721,75	-0,000
721,94	-0,000
722,12	-0,000
722,31	-0,000
722,49	-0,000
722,68	4,622
722,86	-0,000
723,05	4,339
723,23	3,893
723,42	3,945
723,60	3,589
723,79	3,693
723,97	3,628
724,16	4,306
724,34	-0,000
724,53	-0,000
724,71	-0,000
724,90	4,238
725,08	-0,000
725,27	-0,000
725,45	-0,000
725,64	-0,000
725,82	4,597
726,00	4,443
726,19	3,671
726,37	3,778
726,56	3,908
726,74	3,482
726,93	3,373
727,11	3,497
727,30	3,824
727,48	3,873
727,67	4,349
727,85	3,780
728,04	3,830
728,22	-0,000
728,40	-0,000
728,59	-0,000
728,77	4,368
728,96	4,387
729,14	4,027
729,33	4,290
729,51	-0,000
729,70	-0,000
729,88	4,216
730,07	-0,000
730,25	3,803
730,43	3,948
730,62	3,740
730,80	4,167
730,99	3,797
731,17	3,517
731,36	3,503
731,54	3,391
731,72	3,392
731,91	3,750
732,09	3,768
732,28	3,843
732,46	3,651
732,65	3,516
732,83	3,970
733,01	4,591
733,20	-0,000
733,38	-0,000
733,57	-0,000
733,75	-0,000
733,93	-0,000
734,12	-0,000
734,30	-0,000
734,49	-0,000
734,67	-0,000
734,85	-0,000
735,04	-0,000
735,22	-0,000
735,41	-0,000
735,59	-0,000
735,77	-0,000
735,96	-0,000
736,14	-0,000
736,33	-0,000
736,51	-0,000
736,69	4,023
736,88	4,363
737,06	3,930
737,25	4,612
737,43	-0,000
737,61	4,053
737,80	3,728
737,98	3,449
738,16	3,509
738,35	3,558
738,53	3,293
738,71	3,319
738,90	3,235
739,08	3,314
739,27	3,474
739,45	3,835
739,63	4,264
739,82	3,948
740,00	3,875
740,18	4,284
740,37	4,092
740,55	5,248
740,73	3,863
740,92	3,542
741,10	3,308
741,28	3,381
741,47	3,628
741,65	3,738
741,83	4,035
742,02	4,250
742,20	-0,000
742,38	-0,000
742,57	-0,000
742,75	-0,000
742,93	-0,000
743,12	-0,000
743,30	-0,000
743,48	-0,000
743,67	-0,000
743,85	-0,000
744,03	-0,000
744,22	-0,000
744,40	-0,000
744,58	-0,000
744,77	-0,000
744,95	-0,000
745,13	-0,000
745,32	-0,000
745,50	-0,000
745,68	-0,000
745,87	-0,000
746,05	-0,000
746,23	-0,000
746,41	-0,000
746,60	-0,000
746,78	-0,000
746,96	-0,000
747,15	-0,000
747,33	4,519
747,51	3,662
747,70	3,669
747,88	3,787
748,06	3,807
748,24	4,248
748,43	4,063
748,61	3,579
748,79	3,799
748,97	4,942
749,16	-0,000
749,34	-0,000
749,52	-0,000
749,71	3,711
749,89	3,541
750,07	3,463
750,25	3,772
750,44	3,641
750,62	3,316
750,80	3,343
750,98	3,163
751,17	3,113
751,35	3,270
751,53	3,258
751,71	3,453
751,90	3,287
752,08	3,341
752,26	3,701
752,44	3,562
752,63	-0,000
752,81	-0,000
752,99	-0,000
753,17	-0,000
753,36	-0,000
753,54	-0,000
753,72	-0,000
753,90	4,341
754,09	-0,000
754,27	-0,000
754,45	4,571
754,63	3,729
754,82	3,914
755,00	-0,000
755,18	3,973
755,36	3,764
755,54	3,992
755,73	3,702
755,91	3,544
756,09	3,444
756,27	3,391
756,45	3,356
756,64	3,314
756,82	3,589
757,00	3,851
757,18	4,017
757,37	-0,000
757,55	-0,000
757,73	-0,000
757,91	-0,000
758,09	-0,000
758,27	-0,000
758,46	-0,000
758,64	-0,000
758,82	-0,000
759,00	-0,000
759,18	-0,000
759,37	3,850
759,55	3,772
759,73	5,690
759,91	-0,000
760,09	3,866
760,28	3,800
760,46	-0,000
760,64	-0,000
760,82	-0,000
761,00	-0,000
761,18	-0,000
761,37	-0,000
761,55	-0,000
761,73	-0,000
761,91	-0,000
762,09	4,397
762,27	-0,000
762,46	3,924
762,64	3,464
762,82	3,517
763,00	3,291
763,18	3,338
763,36	3,301
763,54	3,381
763,73	3,564
763,91	3,585
764,09	3,833
764,27	3,920
764,45	3,760
764,63	3,993
764,81	4,230
765,00	5,182
765,18	4,291
765,36	3,990
765,54	3,704
765,72	3,772
765,90	3,630
766,08	3,512
766,27	3,619
766,45	3,807
766,63	3,856
766,81	4,360
766,99	4,588
767,17	-0,000
767,35	-0,000
767,53	-0,000
767,71	-0,000
767,90	-0,000
768,08	-0,000
768,26	-0,000
768,44	-0,000
768,62	-0,000
768,80	-0,000
768,98	-0,000
769,16	-0,000
769,34	-0,000
769,52	-0,000
769,71	-0,000
769,89	-0,000
770,07	-0,000
770,25	-0,000
770,43	-0,000
770,61	-0,000
770,79	-0,000
770,97	-0,000
771,15	-0,000
771,33	4,210
771,51	-0,000
771,69	-0,000
771,88	4,901
772,06	5,752
772,24	3,667
772,42	4,127
772,60	3,957
772,78	4,549
772,96	4,172
773,14	-0,000
773,32	-0,000
773,50	-0,000
773,68	-0,000
773,86	-0,000
774,04	-0,000
774,22	-0,000
774,40	-0,000
774,58	-0,000
774,77	-0,000
774,95	-0,000
775,13	-0,000
775,31	-0,000
775,49	-0,000
775,67	-0,000
775,85	3,972
776,03	3,660
776,21	3,483
776,39	3,497
776,57	3,538
776,75	3,483
776,93	3,614
777,11	3,448
777,29	3,818
777,47	3,876
777,65	4,240
777,83	4,252
778,01	4,459
778,19	-0,000
778,37	-0,000
778,55	-0,000
778,73	-0,000
778,91	5,448
779,09	-0,000
779,27	4,206
779,45	4,034
779,63	3,820
779,81	3,718
779,99	4,027
780,17	4,284
780,35	3,661
780,53	3,623
780,71	3,494
780,89	3,473
781,07	3,689
781,25	3,556
781,43	3,522
781,61	3,546
781,79	3,324
781,97	3,285
782,15	3,227
782,33	3,437
782,51	3,494
782,69	3,611
782,87	3,712
783,05	4,046
783,23	3,779
783,41	4,145
783,59	4,308
783,77	5,697
783,95	3,732
784,13	3,770
784,31	3,574
784,49	3,686
784,67	3,551
784,85	3,478
785,03	3,772
785,21	3,936
785,38	4,203
785,56	3,885
785,74	4,402
785,92	4,038
786,10	-0,000
786,28	3,873
786,46	4,183
786,64	3,660
786,82	3,531
787,00	3,510
787,18	3,565
787,36	3,289
787,54	3,255
787,72	3,096
787,90	3,172
788,08	3,261
788,25	3,430
788,43	3,553
788,61	3,752
788,79	4,156
788,97	-0,000
789,15	-0,000
789,33	-0,000
789,51	-0,000
789,69	-0,000
789,87	-0,000
790,05	5,009
790,23	3,805
790,40	3,710
790,58	3,618
790,76	3,713
790,94	4,137
791,12	-0,000
791,30	-0,000
791,48	-0,000
791,66	-0,000
791,84	-0,000
792,02	-0,000
792,19	-0,000
792,37	-0,000
792,55	-0,000
792,73	-0,000
792,91	-0,000
793,09	-0,000
793,27	-0,000
793,45	-0,000
793,63	-0,000
793,80	-0,000
793,98	-0,000
794,16	-0,000
794,34	4,005
794,52	3,528
794,70	3,406
794,88	3,331
795,05	3,365
795,23	3,453
795,41	3,535
795,59	3,579
795,77	3,457
795,95	3,860
796,13	4,638
796,30	4,234
796,48	-0,000
796,66	-0,000
796,84	-0,000
797,02	-0,000
797,20	-0,000
797,38	-0,000
797,55	4,245
797,73	3,773
797,91	-0,000
798,09	4,417
798,27	-0,000
798,45	-0,000
798,62	-0,000
798,80	-0,000
798,98	-0,000
799,16	-0,000
799,34	-0,000
799,52	-0,000
799,69	-0,000
799,87	-0,000
800,05	-0,000
800,23	-0,000
800,41	-0,000
800,58	-0,000
800,76	-0,000
800,94	-0,000
801,12	-0,000
801,30	-0,000
801,47	-0,000
801,65	-0,000
801,83	-0,000
802,01	-0,000
802,19	-0,000
802,36	-0,000
802,54	-0,000
802,72	-0,000
802,90	-0,000
803,08	4,793
803,25	3,721
803,43	4,063
803,61	3,539
803,79	3,366
803,97	3,432
804,14	3,238
804,32	3,187
804,50	3,026
804,68	3,183
804,85	3,261
805,03	3,259
805,21	3,492
805,39	3,596
805,56	3,522
805,74	3,495
805,92	3,778
806,10	-0,000
806,28	-0,000
806,45	-0,000
806,63	-0,000
806,81	-0,000
806,99	-0,000
807,16	-0,000
807,34	-0,000
807,52	-0,000
807,70	-0,000
807,87	-0,000
808,05	-0,000
808,23	-0,000
808,41	-0,000
808,58	4,081
808,76	4,056
808,94	-0,000
809,11	-0,000
809,29	-0,000
809,47	3,800
809,65	3,455
809,82	3,984
810,00	3,804
810,18	-0,000
810,36	-0,000
810,53	4,235
810,71	3,368
810,89	3,406
811,06	3,619
811,24	3,897
811,42	3,625
811,60	3,832
811,77	3,802
811,95	3,836
812,13	3,585
812,30	3,594
812,48	3,355
812,66	3,253
812,83	3,613
813,01	3,513
813,19	3,293
813,37	3,297
813,54	3,221
813,72	3,292
813,90	4,283
814,07	4,061
814,25	-0,000
814,43	3,460
814,60	3,628
814,78	3,945
814,96	3,963
815,13	-0,000
815,31	-0,000
815,49	4,808
815,66	-0,000
815,84	3,972
816,02	4,590
816,19	3,810
816,37	3,579
816,55	3,417
816,72	3,282
816,90	3,372
817,08	3,212
817,25	3,113
817,43	3,295
817,61	3,172
817,78	3,245
817,96	3,503
818,14	3,784
818,31	3,654
818,49	3,367
818,67	3,345
818,84	3,344
819,02	3,611
819,19	4,101
819,37	4,181
819,55	3,376
819,72	3,176
819,90	3,313
820,08	3,529
820,25	4,093
820,43	-0,000
820,60	-0,000
820,78	-0,000
820,96	-0,000
821,13	-0,000
821,31	-0,000
821,49	-0,000
821,66	-0,000
821,84	-0,000
822,01	-0,000
822,19	-0,000
822,37	-0,000
822,54	-0,000
822,72	-0,000
822,89	-0,000
823,07	-0,000
823,25	-0,000
823,42	3,932
823,60	4,385
823,77	3,645
823,95	3,370
824,13	3,375
824,30	3,357
824,48	3,443
824,65	3,251
824,83	3,196
825,01	3,307
825,18	3,416
825,36	-0,000
825,53	-0,000
825,71	-0,000
825,88	-0,000
826,06	-0,000
826,24	-0,000
826,41	-0,000
826,59	-0,000
826,76	-0,000
826,94	-0,000
827,11	-0,000
827,29	-0,000
827,47	-0,000
827,64	-0,000
827,82	-0,000
827,99	-0,000
828,17	-0,000
828,34	-0,000
828,52	-0,000
828,69	-0,000
828,87	-0,000
829,04	-0,000
829,22	-0,000
829,40	-0,000
829,57	3,914
829,75	3,536
829,92	4,118
830,10	3,658
830,27	-0,000
830,45	-0,000
830,62	-0,000
830,80	-0,000
830,97	-0,000
831,15	-0,000
831,32	-0,000
831,50	4,737
831,67	-0,000
831,85	-0,000
832,02	3,656
832,20	3,792
832,37	5,028
832,55	-0,000
832,73	-0,000
832,90	-0,000
833,08	-0,000
833,25	-0,000
833,43	-0,000
833,60	-0,000
833,78	-0,000
833,95	4,086
834,13	3,755
834,30	4,054
834,48	3,492
834,65	3,483
834,82	3,273
835,00	3,384
835,17	3,911
835,35	3,943
835,52	3,421
835,70	3,509
835,87	4,598
836,05	3,775
836,22	3,428
836,40	3,464
836,57	3,190
836,75	3,139
836,92	3,081
837,10	3,393
837,27	3,400
837,45	3,344
837,62	3,542
837,80	4,789
837,97	-0,000
838,14	-0,000
838,32	-0,000
838,49	-0,000
838,67	-0,000
838,84	-0,000
839,02	-0,000
839,19	-0,000
839,37	3,551
839,54	3,233
839,71	3,275
839,89	3,099
840,06	3,405
840,24	3,411
840,41	-0,000
840,59	-0,000
840,76	3,750
840,94	-0,000
841,11	-0,000
841,28	-0,000
841,46	-0,000
841,63	-0,000
841,81	-0,000
841,98	-0,000
842,15	-0,000
842,33	-0,000
842,50	-0,000
842,68	-0,000
842,85	-0,000
843,03	-0,000
843,20	-0,000
843,37	-0,000
843,55	4,571
843,72	-0,000
843,90	-0,000
844,07	-0,000
844,24	-0,000
844,42	-0,000
844,59	-0,000
844,77	-0,000
844,94	3,660
845,11	3,563
845,29	4,238
845,46	-0,000
845,63	4,973
845,81	-0,000
845,98	-0,000
846,16	-0,000
846,33	-0,000
846,50	-0,000
846,68	-0,000
846,85	-0,000
847,02	-0,000
847,20	-0,000
847,37	-0,000
847,55	-0,000
847,72	-0,000
847,89	3,527
848,07	3,640
848,24	4,279
848,41	4,010
848,59	3,638
848,76	3,978
848,93	-0,000
849,11	-0,000
849,28	-0,000
849,45	-0,000
849,63	-0,000
849,80	-0,000
849,97	-0,000
850,15	-0,000
850,32	-0,000
850,49	-0,000
850,67	-0,000
850,84	3,538
851,01	3,288
851,19	3,441
851,36	4,294
851,53	-0,000
851,71	-0,000
851,88	3,214
852,05	3,201
852,23	3,246
852,40	4,944
852,57	-0,000
852,75	4,394
852,92	-0,000
853,09	-0,000
853,27	-0,000
853,44	-0,000
853,61	-0,000
853,79	-0,000
853,96	-0,000
854,13	-0,000
854,30	3,998
854,48	3,457
854,65	3,328
854,82	3,192
855,00	3,256
855,17	3,404
855,34	3,301
855,51	3,356
855,69	3,484
855,86	3,180
856,03	3,050
856,21	3,079
856,38	3,452
856,55	3,827
856,72	3,849
856,90	3,684
857,07	3,834
857,24	3,500
857,42	-0,000
857,59	-0,000
857,76	-0,000
857,93	-0,000
858,11	-0,000
858,28	-0,000
858,45	-0,000
858,62	-0,000
858,80	-0,000
858,97	-0,000
859,14	3,709
859,31	3,195
859,49	3,165
859,66	3,207
859,83	3,492
860,00	4,161
860,18	-0,000
860,35	-0,000
860,52	-0,000
860,69	4,893
860,86	-0,000
861,04	-0,000
861,21	-0,000
861,38	-0,000
861,55	-0,000
861,73	-0,000
861,90	-0,000
862,07	4,147
862,24	-0,000
862,42	3,179
862,59	3,294
862,76	3,108
862,93	3,030
863,10	3,258
863,28	3,012
863,45	3,201
863,62	3,763
863,79	3,623
863,96	4,279
864,14	-0,000
864,31	4,312
864,48	3,550
864,65	3,442
864,82	3,359
865,00	3,328
865,17	3,279
865,34	3,625
865,51	3,352
865,68	3,146
865,86	3,296
866,03	3,186
866,20	3,087
866,37	3,273
866,54	3,381
866,71	3,539
866,89	3,844
867,06	4,482
867,23	3,495
867,40	3,397
867,57	3,588
867,74	-0,000
867,92	-0,000
868,09	-0,000
868,26	3,996
868,43	3,328
868,60	4,407
868,77	-0,000
868,95	3,551
869,12	-0,000
869,29	3,303
869,46	3,413
869,63	3,072
869,80	3,326
869,97	-0,000
870,15	4,517
870,32	-0,000
870,49	-0,000
870,66	4,968
870,83	-0,000
871,00	-0,000
871,17	3,787
871,34	3,205
871,52	2,955
871,69	3,022
871,86	3,037
872,03	3,020
872,20	3,025
872,37	3,309
872,54	3,227
872,71	3,404
872,89	3,132
873,06	3,173
873,23	3,222
873,40	2,999
873,57	3,222
873,74	3,094
873,91	2,958
874,08	3,029
874,25	3,335
874,42	-0,000
874,60	-0,000
874,77	-0,000
874,94	-0,000
875,11	-0,000
875,28	-0,000
875,45	-0,000
875,62	-0,000
875,79	-0,000
875,96	3,785
876,13	3,598
876,30	3,326
876,47	3,007
876,65	2,983
876,82	3,167
876,99	3,209
877,16	3,162
877,33	3,959
877,50	-0,000
877,67	4,166
877,84	-0,000
878,01	-0,000
878,18	-0,000
878,35	3,646
878,52	3,201
878,69	3,029
878,86	2,784
879,03	2,723
879,20	2,750
879,38	2,771
879,55	2,754
879,72	2,775
879,89	2,766
880,06	2,909
880,23	3,111
880,40	3,608
880,57	4,387
880,74	-0,000
880,91	-0,000
881,08	-0,000
881,25	-0,000
881,42	-0,000
881,59	-0,000
881,76	-0,000
881,93	-0,000
882,10	-0,000
882,27	-0,000
882,44	-0,000
882,61	-0,000
882,78	-0,000
882,95	-0,000
883,12	4,800
883,29	-0,000
883,46	3,148
883,63	3,111
883,80	2,947
883,97	2,854
884,14	2,742
884,31	2,690
884,48	2,701
884,65	2,722
884,82	2,685
884,99	2,897
885,16	3,028
885,33	2,946
885,50	2,756
885,67	2,840
885,84	2,828
886,01	2,897
886,18	3,012
886,35	3,129
886,52	3,248
886,69	3,330
886,86	-0,000
887,03	-0,000
887,20	-0,000
887,37	-0,000
887,54	-0,000
887,71	-0,000
887,88	-0,000
888,05	-0,000
888,22	-0,000
888,39	-0,000
888,55	-0,000
888,72	3,789
888,89	3,381
889,06	-0,000
889,23	3,090
889,40	2,944
889,57	2,792
889,74	2,905
889,91	2,937
890,08	2,933
890,25	2,913
890,42	2,971
890,59	2,758
890,76	3,101
890,93	3,387
891,10	3,181
891,26	-0,000
891,43	-0,000
891,60	3,821
891,77	-0,000
891,94	3,651
892,11	-0,000
892,28	-0,000
892,45	3,325
892,62	3,148
892,79	2,742
892,96	2,720
893,13	2,579
893,29	2,623
893,46	2,889
893,63	2,773
893,80	2,895
893,97	3,350
894,14	3,560
894,31	3,293
894,48	3,952
894,65	-0,000
894,81	2,428
894,98	2,547
