177.34	0.325
177.56	0.325
177.78	0.325
178.00	1.408
178.22	-0.000
178.44	1.067
178.66	0.047
178.89	-0.356
179.11	0.429
179.33	0.157
179.55	0.283
179.77	0.617
179.99	0.755
180.21	0.618
180.43	-0.404
180.65	-0.000
180.87	-0.000
181.09	-0.000
181.31	-0.000
181.53	-0.000
181.75	2.036
181.97	-0.000
182.19	-0.000
182.41	-0.000
182.63	-0.000
182.85	-0.000
183.07	-0.000
183.30	-0.000
183.52	-0.000
183.74	-0.000
183.96	-0.000
184.18	-0.000
184.40	2.420
184.62	-0.000
184.84	-0.000
185.06	-0.000
185.28	-0.000
185.50	-0.000
185.72	-0.000
185.94	-0.000
186.16	-0.000
186.38	-0.000
186.60	-0.000
186.82	2.129
187.04	-0.000
187.26	-0.000
187.48	-0.000
187.70	-0.000
187.92	-0.000
188.14	-0.000
188.36	-0.000
188.58	-0.000
188.80	-0.000
189.02	-0.000
189.24	-0.000
189.46	-0.000
189.68	-0.000
189.90	-0.000
190.12	-0.000
190.34	-0.000
190.56	-0.000
190.78	2.869
191.00	3.085
191.22	2.248
191.44	2.584
191.66	1.898
191.88	1.906
192.10	1.865
192.32	2.283
192.54	1.792
192.76	1.954
192.98	2.195
193.20	-0.000
193.42	2.530
193.64	-0.000
193.86	3.066
194.08	3.279
194.30	2.430
194.52	2.436
194.74	2.504
194.96	2.217
195.18	2.361
195.40	3.509
195.62	2.112
195.84	2.477
196.06	3.451
196.28	-0.000
196.50	-0.000
196.72	-0.000
196.94	-0.000
197.16	-0.000
197.38	-0.000
197.60	-0.000
197.82	-0.000
198.04	-0.000
198.26	-0.000
198.48	-0.000
198.70	-0.000
198.92	-0.000
199.13	2.548
199.35	2.267
199.57	2.898
199.79	2.450
200.01	2.485
200.23	-0.000
200.45	2.964
200.67	2.227
200.89	2.273
201.11	3.026
201.33	2.712
201.55	2.533
201.77	-0.000
201.99	-0.000
202.21	2.864
202.43	2.540
202.65	2.423
202.87	3.463
203.09	-0.000
203.31	-0.000
203.52	-0.000
203.74	-0.000
203.96	-0.000
204.18	-0.000
204.40	-0.000
204.62	-0.000
204.84	-0.000
205.06	-0.000
205.28	-0.000
205.50	-0.000
205.72	-0.000
205.94	-0.000
206.16	-0.000
206.38	-0.000
206.59	-0.000
206.81	-0.000
207.03	-0.000
207.25	-0.000
207.47	-0.000
207.69	-0.000
207.91	-0.000
208.13	-0.000
208.35	-0.000
208.57	-0.000
208.79	2.745
209.01	2.918
209.22	-0.000
209.44	-0.000
209.66	-0.000
209.88	-0.000
210.10	-0.000
210.32	-0.000
210.54	-0.000
210.76	2.966
210.98	2.700
211.20	2.514
211.42	2.648
211.63	2.742
211.85	2.618
212.07	2.546
212.29	2.651
212.51	3.278
212.73	-0.000
212.95	-0.000
213.17	-0.000
213.39	-0.000
213.60	-0.000
213.82	-0.000
214.04	-0.000
214.26	4.717
214.48	3.425
214.70	4.530
214.92	-0.000
215.14	-0.000
215.35	3.494
215.57	-0.000
215.79	-0.000
216.01	-0.000
216.23	-0.000
216.45	-0.000
216.67	-0.000
216.89	-0.000
217.10	3.893
217.32	-0.000
217.54	3.707
217.76	3.233
217.98	3.388
218.20	3.499
218.42	3.358
218.64	3.501
218.85	3.045
219.07	3.370
219.29	3.827
219.51	3.336
219.73	3.124
219.95	2.932
220.17	2.830
220.38	2.774
220.60	2.828
220.82	3.336
221.04	3.251
221.26	3.837
221.48	-0.000
221.69	-0.000
221.91	-0.000
222.13	-0.000
222.35	-0.000
222.57	-0.000
222.79	-0.000
223.00	-0.000
223.22	-0.000
223.44	-0.000
223.66	-0.000
223.88	-0.000
224.10	-0.000
224.32	-0.000
224.53	-0.000
224.75	-0.000
224.97	4.827
225.19	-0.000
225.41	3.730
225.62	3.762
225.84	3.561
226.06	3.485
226.28	-0.000
226.50	-0.000
226.72	-0.000
226.93	-0.000
227.15	3.858
227.37	-0.000
227.59	-0.000
227.81	-0.000
228.02	-0.000
228.24	-0.000
228.46	-0.000
228.68	-0.000
228.90	-0.000
229.12	-0.000
229.33	-0.000
229.55	-0.000
229.77	-0.000
229.99	-0.000
230.21	-0.000
230.42	-0.000
230.64	-0.000
230.86	-0.000
231.08	-0.000
231.30	-0.000
231.51	-0.000
231.73	3.967
231.95	3.640
232.17	3.555
232.38	3.364
232.60	3.823
232.82	3.694
233.04	3.690
233.26	3.942
233.47	-0.000
233.69	-0.000
233.91	-0.000
234.13	-0.000
234.35	-0.000
234.56	-0.000
234.78	-0.000
235.00	-0.000
235.22	-0.000
235.43	-0.000
235.65	-0.000
235.87	-0.000
236.09	-0.000
236.30	3.577
236.52	3.944
236.74	-0.000
236.96	-0.000
237.18	3.580
237.39	3.729
237.61	5.295
237.83	-0.000
238.05	-0.000
238.26	-0.000
238.48	-0.000
238.70	-0.000
238.92	-0.000
239.13	-0.000
239.35	-0.000
239.57	-0.000
239.79	-0.000
240.00	-0.000
240.22	-0.000
240.44	-0.000
240.66	-0.000
240.87	-0.000
241.09	3.615
241.31	3.812
241.53	3.543
241.74	3.497
241.96	3.668
242.18	3.892
242.40	-0.000
242.61	3.662
242.83	3.347
243.05	3.980
243.27	4.309
243.48	4.082
243.70	-0.000
243.92	5.749
244.13	3.941
244.35	3.397
244.57	3.944
244.79	4.280
245.00	3.487
245.22	3.354
245.44	3.417
245.65	3.345
245.87	3.301
246.09	3.528
246.31	3.450
246.52	3.414
246.74	3.484
246.96	3.636
247.18	3.554
247.39	3.621
247.61	3.689
247.83	3.740
248.04	3.549
248.26	4.350
248.48	-0.000
248.69	-0.000
248.91	-0.000
249.13	-0.000
249.35	-0.000
249.56	-0.000
249.78	-0.000
250.00	-0.000
250.21	-0.000
250.43	-0.000
250.65	-0.000
250.86	-0.000
251.08	-0.000
251.30	-0.000
251.51	-0.000
251.73	-0.000
251.95	-0.000
252.17	-0.000
252.38	-0.000
252.60	-0.000
252.82	-0.000
253.03	-0.000
253.25	4.544
253.47	3.919
253.68	3.590
253.90	3.617
254.12	3.778
254.33	4.259
254.55	3.736
254.77	3.545
254.98	3.819
255.20	3.749
255.42	-0.000
255.63	-0.000
255.85	-0.000
256.07	3.647
256.28	3.357
256.50	3.322
256.72	3.527
256.93	3.440
257.15	3.356
257.37	3.366
257.58	3.537
257.80	3.603
258.02	3.548
258.23	4.993
258.45	4.222
258.67	3.840
258.88	4.468
259.10	-0.000
259.32	3.755
259.53	3.490
259.75	3.353
259.96	3.591
260.18	3.415
260.40	3.720
260.61	3.623
260.83	3.424
261.05	4.527
261.26	-0.000
261.48	-0.000
261.70	-0.000
261.91	-0.000
262.13	-0.000
262.34	-0.000
262.56	-0.000
262.78	-0.000
262.99	-0.000
263.21	-0.000
263.43	-0.000
263.64	-0.000
263.86	-0.000
264.07	-0.000
264.29	-0.000
264.51	-0.000
264.72	3.697
264.94	3.680
265.16	3.315
265.37	3.225
265.59	3.306
265.80	3.396
266.02	3.575
266.24	3.722
266.45	5.825
266.67	-0.000
266.88	4.003
267.10	-0.000
267.32	-0.000
267.53	-0.000
267.75	4.123
267.96	3.566
268.18	3.616
268.40	3.561
268.61	3.859
268.83	-0.000
269.04	-0.000
269.26	-0.000
269.48	-0.000
269.69	-0.000
269.91	-0.000
270.12	-0.000
270.34	-0.000
270.56	-0.000
270.77	-0.000
270.99	-0.000
271.20	4.675
271.42	3.948
271.64	5.822
271.85	3.663
272.07	3.766
272.28	4.235
272.50	3.777
272.71	3.470
272.93	3.499
273.15	-0.000
273.36	-0.000
273.58	-0.000
273.79	-0.000
274.01	-0.000
274.22	-0.000
274.44	-0.000
274.66	-0.000
274.87	3.959
275.09	3.393
275.30	3.712
275.52	3.386
275.73	3.313
275.95	3.500
276.16	3.374
276.38	3.564
276.60	3.552
276.81	3.926
277.03	3.741
277.24	3.392
277.46	3.376
277.67	3.538
277.89	3.498
278.10	3.450
278.32	3.752
278.53	3.636
278.75	3.534
278.97	4.468
279.18	-0.000
279.40	-0.000
279.61	-0.000
279.83	-0.000
280.04	-0.000
280.26	-0.000
280.47	-0.000
280.69	-0.000
280.90	-0.000
281.12	-0.000
281.33	-0.000
281.55	-0.000
281.76	-0.000
281.98	-0.000
282.20	-0.000
282.41	-0.000
282.63	-0.000
282.84	-0.000
283.06	-0.000
283.27	-0.000
283.49	-0.000
283.70	-0.000
283.92	5.231
284.13	3.966
284.35	4.204
284.56	3.782
284.78	3.522
284.99	3.625
285.21	3.673
285.42	3.857
285.64	-0.000
285.85	3.772
286.07	3.545
286.28	3.672
286.50	4.560
286.71	-0.000
286.93	-0.000
287.14	-0.000
287.36	-0.000
287.57	3.910
287.79	-0.000
288.00	-0.000
288.22	-0.000
288.43	-0.000
288.65	-0.000
288.86	-0.000
289.08	4.161
289.29	3.453
289.51	3.772
289.72	3.529
289.94	3.643
290.15	4.723
290.37	3.909
290.58	3.599
290.80	3.415
291.01	3.312
291.22	3.734
291.44	3.613
291.65	3.535
291.87	3.551
292.08	3.528
292.30	3.653
292.51	3.781
292.73	3.781
292.94	4.021
293.16	-0.000
293.37	-0.000
293.59	-0.000
293.80	-0.000
294.02	-0.000
294.23	-0.000
294.44	-0.000
294.66	-0.000
294.87	-0.000
295.09	-0.000
295.30	-0.000
295.52	-0.000
295.73	-0.000
295.95	-0.000
296.16	-0.000
296.37	-0.000
296.59	-0.000
296.80	3.658
297.02	3.793
297.23	-0.000
297.45	3.575
297.66	3.862
297.88	3.619
298.09	3.793
298.30	3.722
298.52	3.836
298.73	-0.000
298.95	-0.000
299.16	-0.000
299.38	-0.000
299.59	-0.000
299.80	-0.000
300.02	-0.000
300.23	-0.000
300.45	-0.000
300.66	-0.000
300.88	-0.000
301.09	-0.000
301.30	-0.000
301.52	-0.000
301.73	-0.000
301.95	-0.000
302.16	-0.000
302.37	-0.000
302.59	-0.000
302.80	-0.000
303.02	-0.000
303.23	-0.000
303.45	-0.000
303.66	-0.000
303.87	-0.000
304.09	-0.000
304.30	-0.000
304.52	-0.000
304.73	-0.000
304.94	-0.000
305.16	3.771
305.37	3.745
305.59	3.421
305.80	3.280
306.01	3.399
306.23	4.799
306.44	3.617
306.65	4.393
306.87	3.982
307.08	4.315
307.30	-0.000
307.51	-0.000
307.72	-0.000
307.94	-0.000
308.15	3.760
308.37	4.085
308.58	3.612
308.79	3.932
309.01	3.649
309.22	3.299
309.43	3.323
309.65	3.579
309.86	-0.000
310.07	-0.000
310.29	4.719
310.50	4.559
310.72	3.970
310.93	-0.000
311.14	-0.000
311.36	-0.000
311.57	3.994
311.78	3.452
312.00	3.599
312.21	4.194
312.42	-0.000
312.64	-0.000
312.85	-0.000
313.07	-0.000
313.28	-0.000
313.49	-0.000
313.71	-0.000
313.92	-0.000
314.13	-0.000
314.35	-0.000
314.56	-0.000
314.77	3.933
314.99	3.502
315.20	3.747
315.41	3.220
315.63	3.342
315.84	3.558
316.05	3.259
316.27	3.588
316.48	3.707
316.69	3.658
316.91	3.913
317.12	3.838
317.33	-0.000
317.55	-0.000
317.76	3.615
317.97	3.761
318.19	3.426
318.40	3.493
318.61	3.557
318.83	3.575
319.04	3.394
319.25	3.462
319.47	3.755
319.68	4.412
319.89	-0.000
320.10	-0.000
320.32	-0.000
320.53	-0.000
320.74	-0.000
320.96	-0.000
321.17	4.237
321.38	3.713
321.60	3.734
321.81	4.032
322.02	3.775
322.24	3.925
322.45	4.077
322.66	3.588
322.87	3.290
323.09	3.425
323.30	3.588
323.51	3.491
323.73	3.594
323.94	4.027
324.15	-0.000
324.36	-0.000
324.58	-0.000
324.79	-0.000
325.00	-0.000
325.22	-0.000
325.43	-0.000
325.64	-0.000
325.85	-0.000
326.07	-0.000
326.28	-0.000
326.49	3.856
326.71	-0.000
326.92	-0.000
327.13	-0.000
327.34	-0.000
327.56	-0.000
327.77	-0.000
327.98	-0.000
328.19	4.473
328.41	4.541
328.62	4.854
328.83	3.508
329.04	3.264
329.26	3.239
329.47	3.260
329.68	3.307
329.90	3.310
330.11	3.426
330.32	3.246
330.53	3.277
330.75	3.524
330.96	3.784
331.17	3.856
331.38	3.775
331.60	3.392
331.81	3.603
332.02	3.250
332.23	3.506
332.44	3.240
332.66	3.249
332.87	3.213
333.08	3.293
333.29	3.461
333.51	3.546
333.72	3.411
333.93	4.146
334.14	4.558
334.36	-0.000
334.57	-0.000
334.78	-0.000
334.99	-0.000
335.21	4.156
335.42	4.553
335.63	4.139
335.84	3.744
336.05	4.358
336.27	-0.000
336.48	4.442
336.69	4.691
336.90	-0.000
337.11	4.547
337.33	4.588
337.54	3.813
337.75	3.533
337.96	3.333
338.18	3.437
338.39	3.349
338.60	3.365
338.81	3.390
339.02	5.731
339.24	-0.000
339.45	-0.000
339.66	-0.000
339.87	-0.000
340.08	-0.000
340.30	-0.000
340.51	-0.000
340.72	-0.000
340.93	-0.000
341.14	4.579
341.36	-0.000
341.57	4.679
341.78	-0.000
341.99	-0.000
342.20	-0.000
342.41	-0.000
342.63	-0.000
342.84	-0.000
343.05	-0.000
343.26	-0.000
343.47	-0.000
343.69	-0.000
343.90	-0.000
344.11	-0.000
344.32	-0.000
344.53	-0.000
344.74	-0.000
344.96	-0.000
345.17	-0.000
345.38	-0.000
345.59	-0.000
345.80	-0.000
346.01	-0.000
346.23	-0.000
346.44	-0.000
346.65	-0.000
346.86	-0.000
347.07	-0.000
347.28	-0.000
347.50	3.641
347.71	3.554
347.92	3.470
348.13	3.629
348.34	3.469
348.55	3.347
348.76	3.269
348.98	3.160
349.19	3.382
349.40	3.286
349.61	3.370
349.82	3.537
350.03	3.376
350.24	3.505
350.46	3.703
350.67	3.665
350.88	5.698
351.09	3.646
351.30	4.021
351.51	3.709
351.72	3.317
351.93	3.497
352.15	3.689
352.36	3.932
352.57	-0.000
352.78	4.102
352.99	4.000
353.20	4.069
353.41	5.687
353.62	4.957
353.84	-0.000
354.05	-0.000
354.26	-0.000
354.47	-0.000
354.68	-0.000
354.89	-0.000
355.10	-0.000
355.31	-0.000
355.52	-0.000
355.74	3.706
355.95	4.016
356.16	3.545
356.37	3.668
356.58	3.518
356.79	3.627
357.00	3.589
357.21	3.627
357.42	-0.000
357.63	-0.000
357.85	3.762
358.06	3.631
358.27	3.584
358.48	3.477
358.69	3.161
358.90	3.141
359.11	3.176
359.32	3.180
359.53	3.243
359.74	3.584
359.95	3.473
360.17	3.643
360.38	5.289
360.59	3.821
360.80	5.087
361.01	4.030
361.22	3.898
361.43	3.617
361.64	3.351
361.85	3.858
362.06	3.316
362.27	3.248
362.48	3.773
362.69	4.062
362.90	-0.000
363.12	-0.000
363.33	-0.000
363.54	-0.000
363.75	-0.000
363.96	-0.000
364.17	-0.000
364.38	-0.000
364.59	-0.000
364.80	4.584
365.01	4.275
365.22	3.984
365.43	4.188
365.64	3.436
365.85	3.400
366.06	3.709
366.27	-0.000
366.48	3.952
366.69	4.591
366.90	-0.000
367.11	-0.000
367.32	-0.000
367.54	-0.000
367.75	-0.000
367.96	-0.000
368.17	3.414
368.38	4.137
368.59	-0.000
368.80	3.555
369.01	3.372
369.22	3.676
369.43	-0.000
369.64	-0.000
369.85	-0.000
370.06	-0.000
370.27	-0.000
370.48	-0.000
370.69	-0.000
370.90	-0.000
371.11	-0.000
371.32	-0.000
371.53	-0.000
371.74	-0.000
371.95	-0.000
372.16	-0.000
372.37	-0.000
372.58	-0.000
372.79	-0.000
373.00	-0.000
373.21	-0.000
373.42	-0.000
373.63	-0.000
373.84	5.290
374.05	-0.000
374.26	-0.000
374.47	-0.000
374.68	-0.000
374.89	3.872
375.10	3.817
375.31	4.766
375.52	3.716
375.73	4.081
375.94	4.147
376.15	-0.000
376.36	-0.000
376.57	-0.000
376.78	4.767
376.99	3.633
377.20	3.749
377.41	3.897
377.62	-0.000
377.83	-0.000
378.04	3.411
378.25	3.387
378.46	3.359
378.67	3.505
378.88	4.225
379.09	4.184
379.30	4.655
379.51	3.717
379.72	4.130
379.92	-0.000
380.13	-0.000
380.34	-0.000
380.55	-0.000
380.76	-0.000
380.97	-0.000
381.18	-0.000
381.39	-0.000
381.60	-0.000
381.81	-0.000
382.02	-0.000
382.23	-0.000
382.44	-0.000
382.65	-0.000
382.86	-0.000
383.07	-0.000
383.28	-0.000
383.49	-0.000
383.70	-0.000
383.91	-0.000
384.11	-0.000
384.32	4.254
384.53	3.795
384.74	4.539
384.95	-0.000
385.16	-0.000
385.37	-0.000
385.58	-0.000
385.79	-0.000
386.00	-0.000
386.21	-0.000
386.42	-0.000
386.63	-0.000
386.84	-0.000
387.04	-0.000
387.25	-0.000
387.46	-0.000
387.67	-0.000
387.88	-0.000
388.09	-0.000
388.30	-0.000
388.51	-0.000
388.72	-0.000
388.93	-0.000
389.14	-0.000
389.34	-0.000
389.55	-0.000
389.76	-0.000
389.97	-0.000
390.18	-0.000
390.39	-0.000
390.60	-0.000
390.81	-0.000
391.02	-0.000
391.23	-0.000
391.43	-0.000
391.64	-0.000
391.85	-0.000
392.06	-0.000
392.27	-0.000
392.48	-0.000
392.69	-0.000
392.90	-0.000
393.11	-0.000
393.31	4.158
393.52	-0.000
393.73	3.830
393.94	3.754
394.15	3.701
394.36	3.510
394.57	3.151
394.78	3.045
394.98	3.300
395.19	3.254
395.40	3.377
395.61	3.754
395.82	3.633
396.03	3.887
396.24	3.967
396.44	-0.000
396.65	-0.000
396.86	-0.000
397.07	-0.000
397.28	-0.000
397.49	-0.000
397.70	-0.000
397.90	-0.000
398.11	-0.000
398.32	-0.000
398.53	-0.000
398.74	-0.000
398.95	-0.000
399.16	3.991
399.36	3.731
399.57	3.765
399.78	3.747
399.99	3.310
400.20	3.461
400.41	3.385
400.61	3.226
400.82	3.293
401.03	3.433
401.24	-0.000
401.45	4.936
401.66	3.761
401.86	4.672
402.07	3.421
402.28	3.431
402.49	3.327
402.70	3.550
402.91	3.458
403.11	3.304
403.32	3.511
403.53	4.085
403.74	-0.000
403.95	-0.000
404.15	-0.000
404.36	-0.000
404.57	-0.000
404.78	-0.000
404.99	-0.000
405.20	-0.000
405.40	-0.000
405.61	3.642
405.82	3.505
406.03	4.463
406.24	3.398
406.44	3.224
406.65	3.150
406.86	3.104
407.07	3.024
407.28	2.949
407.48	3.122
407.69	3.141
407.90	3.216
408.11	3.623
408.32	3.679
408.52	3.507
408.73	4.292
408.94	4.502
409.15	-0.000
409.35	3.971
409.56	4.415
409.77	3.366
409.98	3.355
410.19	3.234
410.39	3.406
410.60	3.415
410.81	3.433
411.02	3.757
411.22	-0.000
411.43	-0.000
411.64	-0.000
411.85	-0.000
412.05	-0.000
412.26	-0.000
412.47	-0.000
412.68	-0.000
412.89	-0.000
413.09	-0.000
413.30	-0.000
413.51	-0.000
413.72	-0.000
413.92	-0.000
414.13	-0.000
414.34	-0.000
414.55	-0.000
414.75	-0.000
414.96	-0.000
415.17	-0.000
415.38	-0.000
415.58	-0.000
415.79	-0.000
416.00	-0.000
416.21	4.898
416.41	3.652
416.62	3.515
416.83	3.485
417.03	3.481
417.24	3.271
417.45	3.063
417.66	2.971
417.86	3.131
418.07	3.181
418.28	3.395
418.49	3.333
418.69	3.198
418.90	3.128
419.11	3.214
419.31	3.586
419.52	3.679
419.73	3.370
419.94	4.474
420.14	-0.000
420.35	4.585
420.56	3.845
420.76	-0.000
420.97	-0.000
421.18	-0.000
421.39	-0.000
421.59	4.322
421.80	3.526
422.01	3.651
422.21	3.550
422.42	-0.000
422.63	3.382
422.84	3.369
423.04	3.907
423.25	4.644
423.46	-0.000
423.66	-0.000
423.87	-0.000
424.08	-0.000
424.28	-0.000
424.49	-0.000
424.70	-0.000
424.90	-0.000
425.11	-0.000
425.32	-0.000
425.52	-0.000
425.73	4.110
425.94	4.250
426.15	4.308
426.35	4.556
426.56	-0.000
426.77	-0.000
426.97	-0.000
427.18	-0.000
427.39	-0.000
427.59	-0.000
427.80	-0.000
428.01	-0.000
428.21	-0.000
428.42	-0.000
428.63	-0.000
428.83	4.195
429.04	3.295
429.25	3.107
429.45	3.340
429.66	3.459
429.87	3.314
430.07	3.268
430.28	3.140
430.48	3.138
430.69	3.427
430.90	-0.000
431.10	-0.000
431.31	-0.000
431.52	-0.000
431.72	-0.000
431.93	-0.000
432.14	-0.000
432.34	-0.000
432.55	-0.000
432.76	-0.000
432.96	-0.000
433.17	3.779
433.37	3.296
433.58	3.216
433.79	3.616
433.99	-0.000
434.20	-0.000
434.41	-0.000
434.61	-0.000
434.82	-0.000
435.02	-0.000
435.23	-0.000
435.44	-0.000
435.64	-0.000
435.85	-0.000
436.06	3.652
436.26	3.485
436.47	-0.000
436.67	3.521
436.88	3.217
437.09	3.830
437.29	3.885
437.50	3.558
437.70	3.318
437.91	-0.000
438.12	3.817
438.32	3.163
438.53	3.872
438.73	3.618
438.94	3.317
439.15	3.340
439.35	3.523
439.56	3.938
439.76	3.861
439.97	3.948
440.18	5.205
440.38	3.770
440.59	3.707
440.79	3.528
441.00	4.757
441.20	-0.000
441.41	-0.000
441.62	-0.000
441.82	-0.000
442.03	-0.000
442.23	4.451
442.44	-0.000
442.65	-0.000
442.85	-0.000
443.06	3.757
443.26	-0.000
443.47	3.533
443.67	3.712
443.88	-0.000
444.09	-0.000
444.29	-0.000
444.50	-0.000
444.70	4.491
444.91	4.676
445.11	4.055
445.32	-0.000
445.52	-0.000
445.73	-0.000
445.94	-0.000
446.14	-0.000
446.35	-0.000
446.55	-0.000
446.76	-0.000
446.96	-0.000
447.17	-0.000
447.37	-0.000
447.58	3.455
447.78	3.854
447.99	3.415
448.20	3.711
448.40	-0.000
448.61	-0.000
448.81	-0.000
449.02	-0.000
449.22	-0.000
449.43	-0.000
449.63	-0.000
449.84	-0.000
450.04	-0.000
450.25	-0.000
450.45	-0.000
450.66	-0.000
450.86	-0.000
451.07	4.312
451.27	3.137
451.48	3.286
451.68	3.496
451.89	3.692
452.09	4.209
452.30	3.065
452.50	3.483
452.71	3.455
452.91	4.259
453.12	-0.000
453.33	-0.000
453.53	3.982
453.74	3.801
453.94	-0.000
454.15	-0.000
454.35	-0.000
454.56	3.641
454.76	3.442
454.96	3.555
455.17	3.912
455.37	-0.000
455.58	3.683
455.78	3.414
455.99	3.994
456.19	4.218
456.40	-0.000
456.60	-0.000
456.81	-0.000
457.01	3.997
457.22	-0.000
457.42	-0.000
457.63	-0.000
457.83	3.374
458.04	3.358
458.24	3.713
458.45	3.490
458.65	3.693
458.86	5.543
459.06	4.559
459.27	-0.000
459.47	-0.000
459.67	-0.000
459.88	-0.000
460.08	-0.000
460.29	-0.000
460.49	-0.000
460.70	-0.000
460.90	-0.000
461.11	-0.000
461.31	-0.000
461.52	-0.000
461.72	-0.000
461.92	-0.000
462.13	-0.000
462.33	-0.000
462.54	-0.000
462.74	-0.000
462.95	-0.000
463.15	-0.000
463.36	-0.000
463.56	-0.000
463.76	-0.000
463.97	3.880
464.17	4.019
464.38	3.594
464.58	3.198
464.79	3.085
464.99	3.140
465.19	2.864
465.40	3.038
465.60	3.202
465.81	3.418
466.01	3.745
466.22	3.941
466.42	-0.000
466.62	-0.000
466.83	4.081
467.03	-0.000
467.24	-0.000
467.44	-0.000
467.65	-0.000
467.85	3.902
468.05	3.827
468.26	3.827
468.46	4.539
468.67	3.837
468.87	4.034
469.07	3.850
469.28	3.666
469.48	3.969
469.69	4.485
469.89	4.857
470.09	-0.000
470.30	-0.000
470.50	-0.000
470.71	-0.000
470.91	-0.000
471.11	-0.000
471.32	-0.000
471.52	-0.000
471.72	-0.000
471.93	-0.000
472.13	-0.000
472.34	-0.000
472.54	-0.000
472.74	-0.000
472.95	-0.000
473.15	-0.000
473.35	-0.000
473.56	-0.000
473.76	-0.000
473.97	-0.000
474.17	-0.000
474.37	-0.000
474.58	-0.000
474.78	-0.000
474.98	-0.000
475.19	-0.000
475.39	-0.000
475.60	-0.000
475.80	-0.000
476.00	3.694
476.21	-0.000
476.41	4.266
476.61	3.706
476.82	3.615
477.02	3.588
477.22	3.706
477.43	-0.000
477.63	-0.000
477.83	-0.000
478.04	-0.000
478.24	-0.000
478.44	-0.000
478.65	-0.000
478.85	-0.000
479.05	-0.000
479.26	4.168
479.46	-0.000
479.66	-0.000
479.87	-0.000
480.07	4.013
480.27	4.045
480.48	4.007
480.68	4.638
480.88	-0.000
481.09	4.361
481.29	3.680
481.49	-0.000
481.70	-0.000
481.90	-0.000
482.10	4.140
482.31	-0.000
482.51	4.176
482.71	-0.000
482.92	-0.000
483.12	-0.000
483.32	-0.000
483.52	-0.000
483.73	-0.000
483.93	-0.000
484.13	-0.000
484.34	-0.000
484.54	4.027
484.74	3.369
484.95	3.224
485.15	3.406
485.35	3.287
485.55	3.229
485.76	3.091
485.96	3.144
486.16	3.067
486.37	3.129
486.57	3.148
486.77	3.104
486.97	3.126
487.18	3.038
487.38	3.028
487.58	3.220
487.79	3.658
487.99	-0.000
488.19	-0.000
488.39	-0.000
488.60	-0.000
488.80	-0.000
489.00	-0.000
489.20	-0.000
489.41	-0.000
489.61	-0.000
489.81	-0.000
490.02	-0.000
490.22	-0.000
490.42	3.675
490.62	4.877
490.83	-0.000
491.03	3.757
491.23	3.680
491.43	3.515
491.64	3.318
491.84	3.320
492.04	3.347
492.24	3.699
492.45	3.420
492.65	3.596
492.85	3.358
493.05	3.299
493.26	3.201
493.46	3.163
493.66	3.120
493.86	3.189
494.07	3.159
494.27	3.243
494.47	3.308
494.67	3.855
494.87	3.573
495.08	-0.000
495.28	-0.000
495.48	-0.000
495.68	-0.000
495.89	-0.000
496.09	-0.000
496.29	-0.000
496.49	-0.000
496.69	-0.000
496.90	-0.000
497.10	-0.000
497.30	4.461
497.50	3.816
497.71	4.007
497.91	3.600
498.11	3.541
498.31	3.561
498.51	3.256
498.72	3.149
498.92	3.166
499.12	3.147
499.32	3.217
499.52	3.326
499.73	3.373
499.93	3.463
500.13	3.729
500.33	3.895
500.53	-0.000
500.74	-0.000
500.94	-0.000
501.14	-0.000
501.34	-0.000
501.54	-0.000
501.74	-0.000
501.95	-0.000
502.15	-0.000
502.35	-0.000
502.55	-0.000
502.75	3.837
502.96	3.737
503.16	5.728
503.36	-0.000
503.56	-0.000
503.76	-0.000
503.96	-0.000
504.17	-0.000
504.37	-0.000
504.57	-0.000
504.77	-0.000
504.97	-0.000
505.17	4.288
505.38	3.928
505.58	4.990
505.78	-0.000
505.98	-0.000
506.18	-0.000
506.38	-0.000
506.58	-0.000
506.79	-0.000
506.99	-0.000
507.19	4.141
507.39	-0.000
507.59	3.919
507.79	3.555
507.99	3.399
508.20	3.381
508.40	3.311
508.60	3.242
508.80	3.387
509.00	3.707
509.20	3.239
509.40	3.264
509.61	3.559
509.81	3.367
510.01	3.762
510.21	-0.000
510.41	-0.000
510.61	-0.000
510.81	-0.000
511.01	-0.000
511.22	-0.000
511.42	3.895
511.62	3.521
511.82	3.396
512.02	3.240
512.22	3.244
512.42	3.303
512.62	3.298
512.82	3.293
513.03	3.552
513.23	-0.000
513.43	-0.000
513.63	-0.000
513.83	-0.000
514.03	-0.000
514.23	-0.000
514.43	-0.000
514.63	-0.000
514.83	-0.000
515.04	-0.000
515.24	-0.000
515.44	-0.000
515.64	-0.000
515.84	-0.000
516.04	-0.000
516.24	-0.000
516.44	3.849
516.64	3.480
516.84	3.413
517.04	3.343
517.24	3.162
517.45	2.995
517.65	2.958
517.85	3.153
518.05	3.184
518.25	3.324
518.45	3.503
518.65	-0.000
518.85	3.793
519.05	-0.000
519.25	-0.000
519.45	-0.000
519.65	-0.000
519.85	-0.000
520.05	-0.000
520.25	-0.000
520.46	-0.000
520.66	-0.000
520.86	3.624
521.06	3.646
521.26	3.494
521.46	-0.000
521.66	-0.000
521.86	-0.000
522.06	-0.000
522.26	-0.000
522.46	-0.000
522.66	-0.000
522.86	-0.000
523.06	-0.000
523.26	-0.000
523.46	-0.000
523.66	-0.000
523.86	-0.000
524.06	3.699
524.26	4.704
524.46	4.154
524.66	-0.000
524.86	3.919
525.06	4.643
525.26	-0.000
525.46	-0.000
525.66	-0.000
525.87	-0.000
526.07	-0.000
526.27	3.796
526.47	3.558
526.67	3.837
526.87	4.009
527.07	3.402
527.27	3.147
527.47	3.191
527.67	3.258
527.87	3.205
528.07	3.632
528.27	3.295
528.47	3.250
528.67	3.203
528.87	3.344
529.07	-0.000
529.27	-0.000
529.47	-0.000
529.67	-0.000
529.87	-0.000
530.07	-0.000
530.27	-0.000
530.47	-0.000
530.67	-0.000
530.87	-0.000
531.06	-0.000
531.26	-0.000
531.46	-0.000
531.66	-0.000
531.86	-0.000
532.06	-0.000
532.26	-0.000
532.46	-0.000
532.66	-0.000
532.86	-0.000
533.06	-0.000
533.26	-0.000
533.46	-0.000
533.66	-0.000
533.86	-0.000
534.06	-0.000
534.26	-0.000
534.46	-0.000
534.66	-0.000
534.86	4.549
535.06	4.548
535.26	4.217
535.46	3.640
535.66	3.530
535.86	3.929
536.06	4.360
536.26	-0.000
536.45	-0.000
536.65	-0.000
536.85	-0.000
537.05	-0.000
537.25	-0.000
537.45	-0.000
537.65	4.714
537.85	3.854
538.05	3.884
538.25	3.513
538.45	4.088
538.65	3.484
538.85	3.433
539.05	3.285
539.25	3.342
539.44	3.884
539.64	3.472
539.84	3.471
540.04	3.617
540.24	3.326
540.44	3.616
540.64	3.999
540.84	-0.000
541.04	-0.000
541.24	-0.000
541.44	-0.000
541.64	-0.000
541.83	-0.000
542.03	-0.000
542.23	-0.000
542.43	-0.000
542.63	3.664
542.83	3.396
543.03	3.601
543.23	3.560
543.43	3.712
543.63	3.516
543.82	3.634
544.02	4.138
544.22	3.606
544.42	3.497
544.62	3.213
544.82	3.175
545.02	3.211
545.22	3.286
545.42	3.710
545.61	-0.000
545.81	3.929
546.01	4.214
546.21	-0.000
546.41	-0.000
546.61	-0.000
546.81	-0.000
547.01	-0.000
547.20	4.038
547.40	3.459
547.60	3.435
547.80	3.802
548.00	3.490
548.20	3.529
548.40	3.800
548.59	3.441
548.79	3.663
548.99	3.301
549.19	3.469
549.39	3.323
549.59	3.155
549.79	3.065
549.98	2.945
550.18	2.878
550.38	2.922
550.58	2.957
550.78	3.038
550.98	2.989
551.17	2.966
551.37	2.985
551.57	3.172
551.77	3.397
551.97	4.456
552.17	3.941
552.36	4.136
552.56	4.995
552.76	-0.000
552.96	-0.000
553.16	-0.000
553.36	-0.000
553.55	-0.000
553.75	-0.000
553.95	-0.000
554.15	5.335
554.35	4.535
554.55	3.533
554.74	4.079
554.94	3.749
555.14	3.654
555.34	3.289
555.54	3.922
555.73	-0.000
555.93	4.099
556.13	-0.000
556.33	-0.000
556.53	-0.000
556.72	-0.000
556.92	-0.000
557.12	-0.000
557.32	-0.000
557.52	-0.000
557.71	-0.000
557.91	-0.000
558.11	-0.000
558.31	-0.000
558.51	-0.000
558.70	-0.000
558.90	-0.000
559.10	-0.000
559.30	-0.000
559.49	-0.000
559.69	-0.000
559.89	-0.000
560.09	-0.000
560.29	-0.000
560.48	-0.000
560.68	-0.000
560.88	-0.000
561.08	-0.000
561.27	-0.000
561.47	-0.000
561.67	-0.000
561.87	-0.000
562.06	-0.000
562.26	-0.000
562.46	-0.000
562.66	4.350
562.86	4.217
563.05	4.586
563.25	3.833
563.45	3.593
563.65	-0.000
563.84	4.173
564.04	4.677
564.24	-0.000
564.44	-0.000
564.63	-0.000
564.83	-0.000
565.03	-0.000
565.22	-0.000
565.42	-0.000
565.62	-0.000
565.82	-0.000
566.01	3.837
566.21	4.356
566.41	4.567
566.61	3.859
566.80	3.837
567.00	3.758
567.20	3.878
567.40	3.588
567.59	3.546
567.79	5.148
567.99	-0.000
568.18	4.762
568.38	-0.000
568.58	-0.000
568.78	-0.000
568.97	-0.000
569.17	-0.000
569.37	-0.000
569.56	-0.000
569.76	-0.000
569.96	-0.000
570.16	-0.000
570.35	-0.000
570.55	-0.000
570.75	-0.000
570.94	-0.000
571.14	-0.000
571.34	-0.000
571.53	-0.000
571.73	4.443
571.93	3.723
572.12	3.676
572.32	3.715
572.52	3.900
572.72	3.776
572.91	3.738
573.11	3.752
573.31	3.617
573.50	3.935
573.70	3.867
573.90	4.300
574.09	-0.000
574.29	-0.000
574.49	4.093
574.68	3.901
574.88	4.113
575.08	5.848
575.27	4.056
575.47	-0.000
575.67	-0.000
575.86	3.844
576.06	3.931
576.26	4.344
576.45	3.796
576.65	-0.000
576.85	4.350
577.04	-0.000
577.24	-0.000
577.44	-0.000
577.63	-0.000
577.83	-0.000
578.02	-0.000
578.22	-0.000
578.42	4.159
578.61	-0.000
578.81	4.123
579.01	4.204
579.20	3.726
579.40	3.791
579.60	3.816
579.79	3.607
579.99	-0.000
580.19	-0.000
580.38	-0.000
580.58	-0.000
580.77	-0.000
580.97	-0.000
581.17	-0.000
581.36	-0.000
581.56	-0.000
581.75	-0.000
581.95	-0.000
582.15	-0.000
582.34	-0.000
582.54	-0.000
582.74	-0.000
582.93	-0.000
583.13	-0.000
583.32	3.836
583.52	3.757
583.72	4.009
583.91	4.093
584.11	-0.000
584.30	3.780
584.50	3.679
584.70	3.915
584.89	4.036
585.09	-0.000
585.28	3.970
585.48	4.796
585.68	4.274
585.87	-0.000
586.07	-0.000
586.26	-0.000
586.46	-0.000
586.66	-0.000
586.85	-0.000
587.05	-0.000
587.24	-0.000
587.44	-0.000
587.63	-0.000
587.83	-0.000
588.03	3.767
588.22	-0.000
588.42	-0.000
588.61	3.885
588.81	4.164
589.00	3.598
589.20	3.341
589.40	3.534
589.59	3.430
589.79	3.491
589.98	3.519
590.18	3.327
590.37	3.205
590.57	3.206
590.76	3.325
590.96	3.675
591.16	3.288
591.35	3.260
591.55	3.265
591.74	3.271
591.94	3.597
592.13	3.802
592.33	-0.000
592.52	-0.000
592.72	4.153
592.91	-0.000
593.11	-0.000
593.30	-0.000
593.50	-0.000
593.70	-0.000
593.89	-0.000
594.09	-0.000
594.28	3.956
594.48	-0.000
594.67	-0.000
594.87	-0.000
595.06	-0.000
595.26	-0.000
595.45	-0.000
595.65	-0.000
595.84	-0.000
596.04	-0.000
596.23	-0.000
596.43	-0.000
596.62	-0.000
596.82	4.195
597.01	4.817
597.21	4.416
597.40	3.965
597.60	4.213
597.79	-0.000
597.99	4.756
598.18	3.895
598.38	3.940
598.57	4.114
598.77	4.064
598.96	4.478
599.16	4.670
599.35	3.968
599.55	4.009
599.74	3.844
599.94	4.221
600.13	3.673
600.33	3.731
600.52	-0.000
600.72	5.890
600.91	3.759
601.11	3.952
601.30	3.888
601.50	3.718
601.69	3.757
601.89	4.470
602.08	4.319
602.27	3.553
602.47	3.385
602.66	3.721
602.86	3.863
603.05	-0.000
603.25	-0.000
603.44	4.550
603.64	4.100
603.83	3.960
604.03	3.900
604.22	-0.000
604.41	-0.000
604.61	4.418
604.80	3.605
605.00	3.494
605.19	3.642
605.39	3.806
605.58	3.611
605.78	3.578
605.97	3.511
606.16	3.452
606.36	3.804
606.55	3.957
606.75	5.532
606.94	4.243
607.14	3.652
607.33	3.812
607.52	3.969
607.72	4.198
607.91	4.009
608.11	3.828
608.30	3.942
608.50	3.829
608.69	3.804
608.88	4.037
609.08	4.568
609.27	-0.000
609.47	-0.000
609.66	-0.000
609.85	-0.000
610.05	3.724
610.24	3.608
610.44	3.578
610.63	3.707
610.83	3.599
611.02	3.668
611.21	3.658
611.41	3.551
611.60	3.687
611.80	4.377
611.99	-0.000
612.18	-0.000
612.38	-0.000
612.57	-0.000
612.76	-0.000
612.96	-0.000
613.15	-0.000
613.35	-0.000
613.54	-0.000
613.73	-0.000
613.93	5.911
614.12	-0.000
614.32	5.327
614.51	3.574
614.70	3.543
614.90	3.912
615.09	4.211
615.28	3.605
615.48	3.951
615.67	3.688
615.86	3.802
616.06	3.870
616.25	4.526
616.45	-0.000
616.64	-0.000
616.83	-0.000
617.03	-0.000
617.22	-0.000
617.41	-0.000
617.61	-0.000
617.80	-0.000
617.99	-0.000
618.19	-0.000
618.38	-0.000
618.57	-0.000
618.77	3.897
618.96	4.604
619.15	-0.000
619.35	3.795
619.54	3.549
619.73	3.661
619.93	3.395
620.12	3.404
620.31	3.663
620.51	3.887
620.70	3.945
620.89	4.156
621.09	-0.000
621.28	-0.000
621.47	5.877
621.67	5.491
621.86	3.819
622.05	3.458
622.25	3.929
622.44	3.523
622.63	3.505
622.83	3.367
623.02	3.312
623.21	3.388
623.41	3.307
623.60	3.440
623.79	3.503
623.98	3.343
624.18	3.676
624.37	3.578
624.56	4.180
624.76	3.881
624.95	3.842
625.14	4.275
625.33	3.788
625.53	3.931
625.72	4.100
625.91	3.336
626.11	3.290
626.30	3.169
626.49	3.143
626.68	3.307
626.88	3.309
627.07	3.897
627.26	3.837
627.46	3.659
627.65	3.879
627.84	-0.000
628.03	4.934
628.23	-0.000
628.42	4.467
628.61	-0.000
628.80	3.699
629.00	4.373
629.19	4.124
629.38	-0.000
629.58	-0.000
629.77	-0.000
629.96	-0.000
630.15	-0.000
630.35	-0.000
630.54	-0.000
630.73	-0.000
630.92	-0.000
631.12	-0.000
631.31	-0.000
631.50	-0.000
631.69	-0.000
631.89	-0.000
632.08	-0.000
632.27	-0.000
632.46	4.832
632.65	-0.000
632.85	3.866
633.04	3.329
633.23	3.228
633.42	3.349
633.62	3.329
633.81	3.317
634.00	3.219
634.19	3.164
634.39	3.096
634.58	3.190
634.77	3.300
634.96	3.388
635.15	3.362
635.35	3.449
635.54	3.332
635.73	3.484
635.92	3.676
636.11	3.680
636.31	-0.000
636.50	-0.000
636.69	-0.000
636.88	-0.000
637.07	-0.000
637.27	-0.000
637.46	-0.000
637.65	-0.000
637.84	-0.000
638.03	4.282
638.23	4.155
638.42	4.281
638.61	3.577
638.80	3.441
638.99	3.256
639.19	3.430
639.38	3.454
639.57	3.968
639.76	-0.000
639.95	-0.000
640.14	-0.000
640.34	-0.000
640.53	-0.000
640.72	-0.000
640.91	-0.000
641.10	-0.000
641.30	-0.000
641.49	-0.000
641.68	-0.000
641.87	-0.000
642.06	-0.000
642.25	-0.000
642.44	-0.000
642.64	-0.000
642.83	4.026
643.02	3.449
643.21	3.416
643.40	3.670
643.59	-0.000
643.79	-0.000
643.98	-0.000
644.17	4.412
644.36	-0.000
644.55	-0.000
644.74	-0.000
644.93	-0.000
645.13	-0.000
645.32	-0.000
645.51	4.830
645.70	-0.000
645.89	-0.000
646.08	-0.000
646.27	3.695
646.46	3.264
646.66	3.246
646.85	3.150
647.04	3.349
647.23	3.646
647.42	3.683
647.61	3.687
647.80	3.423
647.99	3.467
648.19	3.318
648.38	3.640
648.57	3.529
648.76	3.432
648.95	3.441
649.14	3.299
649.33	3.269
649.52	3.657
649.71	3.799
649.91	-0.000
650.10	-0.000
650.29	-0.000
650.48	-0.000
650.67	-0.000
650.86	-0.000
651.05	5.251
651.24	3.748
651.43	3.381
651.62	3.398
651.81	3.698
652.01	3.823
652.20	4.109
652.39	4.618
652.58	-0.000
652.77	-0.000
652.96	-0.000
653.15	-0.000
653.34	-0.000
653.53	-0.000
653.72	-0.000
653.91	-0.000
654.10	-0.000
654.29	-0.000
654.48	-0.000
654.68	-0.000
654.87	-0.000
655.06	-0.000
655.25	-0.000
655.44	-0.000
655.63	-0.000
655.82	-0.000
656.01	-0.000
656.20	-0.000
656.39	-0.000
656.58	-0.000
656.77	-0.000
656.96	-0.000
657.15	-0.000
657.34	-0.000
657.53	-0.000
657.72	-0.000
657.91	-0.000
658.10	-0.000
658.29	-0.000
658.48	-0.000
658.68	-0.000
658.87	-0.000
659.06	-0.000
659.25	-0.000
659.44	-0.000
659.63	-0.000
659.82	3.692
660.01	3.952
660.20	3.700
660.39	3.816
660.58	3.892
660.77	3.492
660.96	3.580
661.15	3.687
661.34	3.679
661.53	3.812
661.72	3.768
661.91	-0.000
662.10	4.525
662.29	3.962
662.48	-0.000
662.67	-0.000
662.86	-0.000
663.05	-0.000
663.24	-0.000
663.43	-0.000
663.62	-0.000
663.81	4.504
664.00	-0.000
664.19	4.875
664.38	3.677
664.57	3.729
664.76	3.327
664.95	3.379
665.14	3.480
665.33	3.516
665.52	3.583
665.71	3.506
665.90	3.695
666.09	3.900
666.28	3.984
666.46	-0.000
666.65	-0.000
666.84	-0.000
667.03	-0.000
667.22	-0.000
667.41	-0.000
667.60	-0.000
667.79	-0.000
667.98	-0.000
668.17	-0.000
668.36	3.971
668.55	3.621
668.74	3.746
668.93	4.879
669.12	3.603
669.31	3.580
669.50	3.415
669.69	3.399
669.88	3.414
670.07	3.596
670.26	3.527
670.44	3.768
670.63	4.309
670.82	-0.000
671.01	-0.000
671.20	-0.000
671.39	-0.000
671.58	-0.000
671.77	-0.000
671.96	-0.000
672.15	4.269
672.34	3.840
672.53	3.584
672.72	3.960
672.91	3.623
673.09	4.039
673.28	3.688
673.47	3.898
673.66	-0.000
673.85	4.074
674.04	3.930
674.23	3.532
674.42	3.443
674.61	3.876
674.80	3.781
674.98	3.623
675.17	3.616
675.36	3.553
675.55	4.230
675.74	3.811
675.93	-0.000
676.12	-0.000
676.31	-0.000
676.50	-0.000
676.69	-0.000
676.87	4.367
677.06	4.784
677.25	3.920
677.44	3.846
677.63	3.504
677.82	3.407
678.01	3.923
678.20	4.077
678.38	3.806
678.57	4.152
678.76	-0.000
678.95	4.533
679.14	4.562
679.33	5.057
679.52	-0.000
679.71	3.826
679.89	3.581
680.08	3.506
680.27	3.641
680.46	3.617
680.65	4.186
680.84	-0.000
681.02	-0.000
681.21	-0.000
681.40	-0.000
681.59	-0.000
681.78	-0.000
681.97	-0.000
682.16	-0.000
682.34	3.831
682.53	3.697
682.72	3.938
682.91	3.728
683.10	3.579
683.29	3.455
683.47	3.599
683.66	3.672
683.85	3.849
684.04	4.541
684.23	4.516
684.42	4.366
684.60	4.673
684.79	-0.000
684.98	-0.000
685.17	-0.000
685.36	-0.000
685.54	-0.000
685.73	-0.000
685.92	-0.000
686.11	-0.000
686.30	-0.000
686.49	-0.000
686.67	-0.000
686.86	-0.000
687.05	-0.000
687.24	-0.000
687.43	-0.000
687.61	-0.000
687.80	-0.000
687.99	-0.000
688.18	-0.000
688.36	-0.000
688.55	-0.000
688.74	4.126
688.93	4.389
689.12	-0.000
689.30	-0.000
689.49	4.624
689.68	-0.000
689.87	-0.000
690.06	-0.000
690.24	-0.000
690.43	-0.000
690.62	-0.000
690.81	-0.000
690.99	-0.000
691.18	-0.000
691.37	-0.000
691.56	-0.000
691.74	4.218
691.93	4.091
692.12	3.927
692.31	4.178
692.50	4.337
692.68	4.041
692.87	3.879
693.06	-0.000
693.25	3.769
693.43	-0.000
693.62	-0.000
693.81	-0.000
694.00	-0.000
694.18	4.173
694.37	3.478
694.56	3.424
694.74	3.287
694.93	3.466
695.12	3.388
695.31	3.201
695.49	3.241
695.68	3.180
695.87	3.317
696.06	3.557
696.24	3.690
696.43	4.331
696.62	3.537
696.80	3.502
696.99	3.768
697.18	5.073
697.37	3.857
697.55	3.497
697.74	3.680
697.93	3.425
698.12	3.305
698.30	3.346
698.49	3.288
698.68	3.343
698.86	3.187
699.05	3.287
699.24	3.549
699.42	3.424
699.61	3.620
699.80	3.561
699.99	3.517
700.17	4.470
700.36	4.308
700.55	-0.000
700.73	4.732
700.92	3.818
701.11	3.793
701.29	3.738
701.48	3.807
701.67	5.055
701.85	3.619
702.04	3.868
702.23	3.834
702.41	-0.000
702.60	3.802
702.79	3.757
702.97	3.607
703.16	3.694
703.35	3.863
703.53	3.720
703.72	3.718
703.91	3.625
704.09	3.444
704.28	4.040
704.47	-0.000
704.65	-0.000
704.84	-0.000
705.03	3.775
705.21	3.989
705.40	4.220
705.59	4.147
705.77	4.012
705.96	3.855
706.15	4.218
706.33	4.294
706.52	-0.000
706.71	-0.000
706.89	-0.000
707.08	-0.000
707.26	-0.000
707.45	-0.000
707.64	-0.000
707.82	4.241
708.01	-0.000
708.20	-0.000
708.38	-0.000
708.57	-0.000
708.75	4.275
708.94	-0.000
709.13	-0.000
709.31	-0.000
709.50	-0.000
709.69	-0.000
709.87	-0.000
710.06	-0.000
710.24	-0.000
710.43	-0.000
710.62	-0.000
710.80	-0.000
710.99	-0.000
711.17	-0.000
711.36	4.024
711.55	3.768
711.73	3.708
711.92	4.168
712.10	4.262
712.29	3.477
712.48	3.503
712.66	3.902
712.85	5.309
713.03	-0.000
713.22	-0.000
713.40	-0.000
713.59	-0.000
713.78	-0.000
713.96	-0.000
714.15	-0.000
714.33	-0.000
714.52	5.901
714.71	4.238
714.89	4.443
715.08	3.793
715.26	3.833
715.45	3.521
715.63	4.121
715.82	-0.000
716.00	3.712
716.19	-0.000
716.38	-0.000
716.56	-0.000
716.75	-0.000
716.93	-0.000
717.12	-0.000
717.30	-0.000
717.49	-0.000
717.67	-0.000
717.86	-0.000
718.05	-0.000
718.23	-0.000
718.42	4.162
718.60	3.649
718.79	3.372
718.97	3.284
719.16	3.237
719.34	3.129
719.53	3.055
719.71	3.014
719.90	3.119
720.08	3.468
720.27	3.626
720.45	3.995
720.64	-0.000
720.83	3.766
721.01	-0.000
721.20	3.917
721.38	4.115
721.57	3.898
721.75	3.382
721.94	3.235
722.12	3.383
722.31	3.369
722.49	3.528
722.68	3.365
722.86	3.561
723.05	3.543
723.23	3.443
723.42	3.571
723.60	3.779
723.79	3.600
723.97	3.610
724.16	3.641
724.34	3.550
724.53	4.031
724.71	3.954
724.90	-0.000
725.08	-0.000
725.27	-0.000
725.45	-0.000
725.64	-0.000
725.82	-0.000
726.00	-0.000
726.19	-0.000
726.37	-0.000
726.56	-0.000
726.74	4.915
726.93	-0.000
727.11	-0.000
727.30	5.514
727.48	3.757
727.67	3.665
727.85	3.634
728.04	3.624
728.22	3.433
728.40	3.670
728.59	3.481
728.77	3.334
728.96	3.535
729.14	3.465
729.33	3.512
729.51	3.625
729.70	3.572
729.88	3.833
730.07	4.005
730.25	3.701
730.43	-0.000
730.62	3.831
730.80	-0.000
730.99	-0.000
731.17	-0.000
731.36	-0.000
731.54	-0.000
731.72	-0.000
731.91	4.197
732.09	3.545
732.28	3.572
732.46	3.416
732.65	3.653
732.83	3.376
733.01	3.278
733.20	3.285
733.38	3.389
733.57	3.890
733.75	4.163
733.93	-0.000
734.12	-0.000
734.30	-0.000
734.49	-0.000
734.67	-0.000
734.85	-0.000
735.04	-0.000
735.22	-0.000
735.41	-0.000
735.59	4.261
735.77	4.426
735.96	4.336
736.14	4.016
736.33	5.921
736.51	-0.000
736.69	-0.000
736.88	-0.000
737.06	4.035
737.25	4.298
737.43	5.527
737.61	3.849
737.80	3.696
737.98	3.675
738.16	3.718
738.35	4.350
738.53	-0.000
738.71	-0.000
738.90	-0.000
739.08	-0.000
739.27	-0.000
739.45	-0.000
739.63	-0.000
739.82	-0.000
740.00	-0.000
740.18	-0.000
740.37	-0.000
740.55	3.935
740.73	3.992
740.92	5.170
741.10	4.633
741.28	-0.000
741.47	4.207
741.65	4.148
741.83	3.939
742.02	-0.000
742.20	-0.000
742.38	-0.000
742.57	-0.000
742.75	-0.000
742.93	-0.000
743.12	-0.000
743.30	-0.000
743.48	4.288
743.67	3.850
743.85	4.413
744.03	3.683
744.22	3.549
744.40	3.584
744.58	3.737
744.77	3.487
744.95	3.711
745.13	3.728
745.32	3.582
745.50	3.588
745.68	3.784
745.87	3.675
746.05	3.576
746.23	3.457
746.41	4.622
746.60	3.857
746.78	3.680
746.96	3.699
747.15	4.348
747.33	3.848
747.51	4.061
747.70	3.618
747.88	3.680
748.06	3.325
748.24	3.326
748.43	3.265
748.61	3.311
748.79	3.261
748.97	3.199
749.16	3.134
749.34	3.166
749.52	3.199
749.71	3.372
749.89	3.685
750.07	3.788
750.25	3.709
750.44	3.739
750.62	4.298
750.80	-0.000
750.98	-0.000
751.17	-0.000
751.35	-0.000
751.53	4.329
751.71	-0.000
751.90	5.291
752.08	3.859
752.26	4.111
752.44	5.153
752.63	4.365
752.81	-0.000
752.99	3.952
753.17	3.883
753.36	3.544
753.54	3.936
753.72	4.004
753.90	-0.000
754.09	-0.000
754.27	-0.000
754.45	4.257
754.63	-0.000
754.82	-0.000
755.00	-0.000
755.18	-0.000
755.36	-0.000
755.54	-0.000
755.73	-0.000
755.91	-0.000
756.09	-0.000
756.27	-0.000
756.45	-0.000
756.64	-0.000
756.82	4.021
757.00	3.833
757.18	3.582
757.37	3.377
757.55	3.380
757.73	3.251
757.91	3.332
758.09	3.344
758.27	3.259
758.46	3.441
758.64	3.435
758.82	3.564
759.00	3.710
759.18	3.538
759.37	3.847
759.55	3.529
759.73	3.714
759.91	5.073
760.09	3.699
760.28	3.870
760.46	3.634
760.64	-0.000
760.82	-0.000
761.00	-0.000
761.18	-0.000
761.37	-0.000
761.55	-0.000
761.73	-0.000
761.91	-0.000
762.09	-0.000
762.27	-0.000
762.46	-0.000
762.64	5.005
762.82	-0.000
763.00	-0.000
763.18	-0.000
763.36	-0.000
763.54	-0.000
763.73	-0.000
763.91	-0.000
764.09	-0.000
764.27	-0.000
764.45	-0.000
764.63	-0.000
764.81	5.040
765.00	-0.000
765.18	4.278
765.36	3.611
765.54	3.542
765.72	3.548
765.90	4.538
766.08	-0.000
766.27	-0.000
766.45	-0.000
766.63	-0.000
766.81	-0.000
766.99	-0.000
767.17	4.252
767.35	-0.000
767.53	4.731
767.71	4.359
767.90	4.467
768.08	-0.000
768.26	-0.000
768.44	-0.000
768.62	-0.000
768.80	-0.000
768.98	-0.000
769.16	-0.000
769.34	-0.000
769.52	-0.000
769.71	-0.000
769.89	3.882
770.07	4.045
770.25	3.812
770.43	3.817
770.61	3.840
770.79	3.940
770.97	3.795
771.15	3.451
771.33	3.834
771.51	4.776
771.69	-0.000
771.88	-0.000
772.06	-0.000
772.24	-0.000
772.42	-0.000
772.60	-0.000
772.78	-0.000
772.96	3.970
773.14	3.729
773.32	3.469
773.50	3.261
773.68	3.187
773.86	3.303
774.04	3.434
774.22	3.492
774.40	3.376
774.58	3.360
774.77	3.381
774.95	3.390
775.13	3.473
775.31	3.552
775.49	3.445
775.67	3.261
775.85	3.283
776.03	3.293
776.21	3.185
776.39	3.266
776.57	3.312
776.75	3.284
776.93	3.443
777.11	3.355
777.29	3.281
777.47	3.247
777.65	3.247
777.83	3.700
778.01	3.465
778.19	3.380
778.37	3.408
778.55	3.405
778.73	3.682
778.91	4.301
779.09	3.989
779.27	4.206
779.45	3.436
779.63	3.478
779.81	3.660
779.99	3.852
780.17	3.608
780.35	3.899
780.53	3.713
780.71	3.446
780.89	3.675
781.07	4.949
781.25	-0.000
781.43	-0.000
781.61	-0.000
781.79	-0.000
781.97	-0.000
782.15	-0.000
782.33	-0.000
782.51	-0.000
782.69	-0.000
782.87	4.691
783.05	5.328
783.23	4.346
783.41	-0.000
783.59	-0.000
783.77	-0.000
783.95	-0.000
784.13	-0.000
784.31	-0.000
784.49	-0.000
784.67	-0.000
784.85	-0.000
785.03	3.926
785.21	3.383
785.38	3.298
785.56	3.314
785.74	3.518
785.92	3.484
786.10	3.443
786.28	3.865
786.46	4.127
786.64	3.862
786.82	-0.000
787.00	-0.000
787.18	-0.000
787.36	-0.000
787.54	-0.000
787.72	5.305
787.90	-0.000
788.08	4.197
788.25	4.797
788.43	3.429
788.61	3.228
788.79	3.072
788.97	3.027
789.15	3.026
789.33	3.097
789.51	3.061
789.69	3.069
789.87	3.156
790.05	3.366
790.23	4.043
790.40	5.872
790.58	3.811
790.76	3.821
790.94	4.159
791.12	4.682
791.30	4.196
791.48	3.720
791.66	3.955
791.84	3.652
792.02	4.220
792.19	3.844
792.37	5.138
792.55	4.153
792.73	3.871
792.91	3.798
793.09	4.304
793.27	3.574
793.45	3.565
793.63	3.405
793.80	3.582
793.98	3.554
794.16	3.550
794.34	3.395
794.52	3.598
794.70	3.337
794.88	3.711
795.05	4.040
795.23	4.168
795.41	-0.000
795.59	-0.000
795.77	-0.000
795.95	-0.000
796.13	-0.000
796.30	-0.000
796.48	-0.000
796.66	-0.000
796.84	-0.000
797.02	-0.000
797.20	-0.000
797.38	-0.000
797.55	3.543
797.73	3.452
797.91	3.378
798.09	3.445
798.27	3.316
798.45	3.585
798.62	3.848
798.80	3.881
798.98	3.772
799.16	4.367
799.34	4.132
799.52	4.591
799.69	4.215
799.87	4.588
800.05	-0.000
800.23	-0.000
800.41	-0.000
800.58	-0.000
800.76	-0.000
800.94	-0.000
801.12	-0.000
801.30	-0.000
801.47	-0.000
801.65	-0.000
801.83	-0.000
802.01	-0.000
802.19	-0.000
802.36	-0.000
802.54	-0.000
802.72	-0.000
802.90	-0.000
803.08	-0.000
803.25	-0.000
803.43	-0.000
803.61	-0.000
803.79	-0.000
803.97	-0.000
804.14	-0.000
804.32	-0.000
804.50	-0.000
804.68	3.797
804.85	4.364
805.03	-0.000
805.21	-0.000
805.39	-0.000
805.56	-0.000
805.74	-0.000
805.92	4.115
806.10	4.128
806.28	4.184
806.45	3.887
806.63	4.571
806.81	4.342
806.99	3.881
807.16	4.190
807.34	4.495
807.52	3.908
807.70	3.773
807.87	3.655
808.05	3.938
808.23	3.587
808.41	3.660
808.58	3.388
808.76	3.343
808.94	3.212
809.11	3.237
809.29	3.220
809.47	3.231
809.65	3.156
809.82	3.086
810.00	3.134
810.18	3.314
810.36	3.498
810.53	3.634
810.71	4.784
810.89	-0.000
811.06	-0.000
811.24	4.106
811.42	4.118
811.60	-0.000
811.77	4.089
811.95	4.434
812.13	5.372
812.30	3.752
812.48	3.804
812.66	-0.000
812.83	-0.000
813.01	-0.000
813.19	-0.000
813.37	-0.000
813.54	-0.000
813.72	-0.000
813.90	-0.000
814.07	-0.000
814.25	-0.000
814.43	-0.000
814.60	-0.000
814.78	-0.000
814.96	-0.000
815.13	-0.000
815.31	3.343
815.49	3.609
815.66	3.389
815.84	3.398
816.02	3.267
816.19	3.297
816.37	3.263
816.55	3.971
816.72	3.618
816.90	-0.000
817.08	3.778
817.25	3.978
817.43	3.966
817.61	4.112
817.78	-0.000
817.96	-0.000
818.14	3.748
818.31	3.928
818.49	3.371
818.67	3.189
818.84	3.231
819.02	3.318
819.19	3.627
819.37	3.296
819.55	3.298
819.72	3.487
819.90	3.338
820.08	3.820
820.25	4.245
820.43	-0.000
820.60	3.790
820.78	3.520
820.96	3.704
821.13	3.571
821.31	4.817
821.49	-0.000
821.66	3.908
821.84	4.628
822.01	4.094
822.19	-0.000
822.37	3.966
822.54	3.843
822.72	3.842
822.89	3.714
823.07	3.586
823.25	4.339
823.42	-0.000
823.60	-0.000
823.77	4.058
823.95	4.017
824.13	4.528
824.30	3.766
824.48	3.503
824.65	3.527
824.83	3.736
825.01	3.559
825.18	3.401
825.36	3.615
825.53	3.630
825.71	-0.000
825.88	-0.000
826.06	-0.000
826.24	-0.000
826.41	-0.000
826.59	-0.000
826.76	-0.000
826.94	-0.000
827.11	-0.000
827.29	-0.000
827.47	3.797
827.64	5.716
827.82	-0.000
827.99	-0.000
828.17	-0.000
828.34	-0.000
828.52	-0.000
828.69	-0.000
828.87	-0.000
829.04	-0.000
829.22	-0.000
829.40	-0.000
829.57	-0.000
829.75	-0.000
829.92	-0.000
830.10	-0.000
830.27	-0.000
830.45	-0.000
830.62	-0.000
830.80	-0.000
830.97	-0.000
831.15	-0.000
831.32	-0.000
831.50	-0.000
831.67	-0.000
831.85	4.353
832.02	4.110
832.20	-0.000
832.37	-0.000
832.55	-0.000
832.73	3.757
832.90	3.907
833.08	3.918
833.25	-0.000
833.43	-0.000
833.60	-0.000
833.78	-0.000
833.95	-0.000
834.13	-0.000
834.30	-0.000
834.48	-0.000
834.65	-0.000
834.82	-0.000
835.00	-0.000
835.17	-0.000
835.35	-0.000
835.52	-0.000
835.70	-0.000
835.87	-0.000
836.05	-0.000
836.22	-0.000
836.40	-0.000
836.57	-0.000
836.75	-0.000
836.92	-0.000
837.10	4.430
837.27	3.302
837.45	3.472
837.62	4.121
837.80	3.446
837.97	3.478
838.14	4.177
838.32	-0.000
838.49	4.018
838.67	3.769
838.84	3.573
839.02	3.408
839.19	3.275
839.37	3.357
839.54	3.622
839.71	-0.000
839.89	3.546
840.06	3.531
840.24	-0.000
840.41	-0.000
840.59	-0.000
840.76	-0.000
840.94	-0.000
841.11	-0.000
841.28	-0.000
841.46	-0.000
841.63	-0.000
841.81	-0.000
841.98	-0.000
842.15	-0.000
842.33	-0.000
842.50	-0.000
842.68	-0.000
842.85	-0.000
843.03	-0.000
843.20	-0.000
843.37	-0.000
843.55	-0.000
843.72	-0.000
843.90	-0.000
844.07	-0.000
844.24	-0.000
844.42	-0.000
844.59	-0.000
844.77	-0.000
844.94	-0.000
845.11	-0.000
845.29	-0.000
845.46	-0.000
845.63	-0.000
845.81	-0.000
845.98	-0.000
846.16	-0.000
846.33	-0.000
846.50	-0.000
846.68	-0.000
846.85	-0.000
847.02	-0.000
847.20	3.729
847.37	3.762
847.55	3.433
847.72	-0.000
847.89	3.969
848.07	-0.000
848.24	4.629
848.41	3.889
848.59	-0.000
848.76	-0.000
848.93	-0.000
849.11	4.075
849.28	3.581
849.45	-0.000
849.63	3.321
849.80	3.466
849.97	3.648
850.15	3.972
850.32	3.714
850.49	3.396
850.67	3.653
850.84	3.812
851.01	4.305
851.19	-0.000
851.36	4.145
851.53	3.789
851.71	3.316
851.88	3.263
852.05	-0.000
852.23	4.027
852.40	4.044
852.57	3.255
852.75	3.288
852.92	3.795
853.09	-0.000
853.27	4.162
853.44	3.990
853.61	3.245
853.79	3.348
853.96	3.271
854.13	3.407
854.30	3.460
854.48	3.193
854.65	3.113
854.82	3.239
855.00	3.296
855.17	3.565
855.34	-0.000
855.51	-0.000
855.69	-0.000
855.86	-0.000
856.03	-0.000
856.21	-0.000
856.38	4.348
856.55	-0.000
856.72	-0.000
856.90	3.510
857.07	3.723
857.24	3.749
857.42	3.233
857.59	3.141
857.76	3.378
857.93	3.995
858.11	4.132
858.28	-0.000
858.45	-0.000
858.62	-0.000
858.80	-0.000
858.97	-0.000
859.14	-0.000
859.31	-0.000
859.49	-0.000
859.66	-0.000
859.83	4.195
860.00	3.534
860.18	4.193
860.35	-0.000
860.52	-0.000
860.69	3.479
860.86	3.345
861.04	-0.000
861.21	-0.000
861.38	-0.000
861.55	-0.000
861.73	-0.000
861.90	-0.000
862.07	-0.000
862.24	-0.000
862.42	-0.000
862.59	-0.000
862.76	-0.000
862.93	-0.000
863.10	-0.000
863.28	-0.000
863.45	4.229
863.62	3.521
863.79	3.419
863.96	3.192
864.14	3.299
864.31	3.508
864.48	-0.000
864.65	3.481
864.82	3.186
865.00	3.194
865.17	3.314
865.34	3.635
865.51	3.748
865.68	3.306
865.86	3.377
866.03	3.380
866.20	3.620
866.37	4.118
866.54	3.556
866.71	3.310
866.89	3.469
867.06	3.451
867.23	3.455
867.40	3.209
867.57	3.100
867.74	3.033
867.92	3.027
868.09	3.107
868.26	3.568
868.43	3.033
868.60	3.109
868.77	3.136
868.95	2.921
869.12	2.980
869.29	2.987
869.46	3.312
869.63	3.200
869.80	3.252
869.97	-0.000
870.15	4.137
870.32	-0.000
870.49	-0.000
870.66	-0.000
870.83	-0.000
871.00	-0.000
871.17	-0.000
871.34	-0.000
871.52	-0.000
871.69	3.710
871.86	2.958
872.03	2.901
872.20	2.718
872.37	2.530
872.54	2.544
872.71	2.508
872.89	2.526
873.06	2.571
873.23	2.673
873.40	2.832
873.57	2.797
873.74	2.851
873.91	3.061
874.08	3.639
874.25	-0.000
874.42	-0.000
874.60	-0.000
874.77	-0.000
874.94	-0.000
875.11	-0.000
875.28	-0.000
875.45	-0.000
875.62	-0.000
875.79	-0.000
875.96	-0.000
876.13	-0.000
876.30	-0.000
876.47	3.421
876.65	3.181
876.82	3.156
876.99	3.108
877.16	2.879
877.33	2.836
877.50	2.855
877.67	2.877
877.84	2.890
878.01	3.118
878.18	3.148
878.35	3.207
878.52	2.986
878.69	3.165
878.86	3.425
879.03	3.227
879.20	3.074
879.38	2.965
879.55	2.952
879.72	2.812
879.89	2.845
880.06	3.195
880.23	2.875
880.40	2.814
880.57	2.873
880.74	3.036
880.91	3.053
881.08	2.924
881.25	3.654
881.42	3.894
881.59	3.156
881.76	3.473
881.93	-0.000
882.10	4.926
882.27	3.587
882.44	-0.000
882.61	-0.000
882.78	4.075
882.95	-0.000
883.12	-0.000
883.29	-0.000
883.46	-0.000
883.63	-0.000
883.80	-0.000
883.97	-0.000
884.14	-0.000
884.31	-0.000
884.48	-0.000
884.65	-0.000
884.82	-0.000
884.99	-0.000
885.16	-0.000
885.33	-0.000
885.50	-0.000
885.67	-0.000
885.84	-0.000
886.01	-0.000
886.18	-0.000
886.35	3.173
886.52	2.940
886.69	3.074
886.86	2.957
887.03	3.095
887.20	-0.000
887.37	3.632
887.54	2.903
887.71	3.873
887.88	-0.000
888.05	-0.000
888.22	-0.000
888.39	-0.000
888.55	4.118
888.72	3.986
888.89	3.339
889.06	3.225
889.23	3.066
889.40	2.590
889.57	2.608
889.74	2.575
889.91	2.713
890.08	2.699
890.25	2.642
890.42	2.583
890.59	2.687
890.76	2.605
890.93	2.794
891.10	2.807
891.26	3.325
891.43	2.928
891.60	3.128
891.77	3.243
891.94	3.608
892.11	3.269
892.28	-0.000
892.45	-0.000
892.62	-0.000
892.79	-0.000
892.96	-0.000
893.13	-0.000
893.29	-0.000
893.46	-0.000
893.63	-0.000
893.80	-0.000
893.97	-0.000
894.14	-0.000
894.31	-0.000
894.48	2.598
894.65	-0.000
894.81	-0.000
894.98	2.569
