177.34	0.008
177.56	0.008
177.78	0.008
178.00	0.331
178.22	-0.357
178.44	-0.212
178.66	-0.254
178.89	-1.221
179.11	0.076
179.33	-0.000
179.55	-0.000
179.77	-0.334
179.99	0.097
180.21	-0.295
180.43	-0.017
180.65	0.194
180.87	0.199
181.09	0.321
181.31	0.274
181.53	0.189
181.75	0.228
181.97	0.215
182.19	0.235
182.41	0.208
182.63	0.188
182.85	0.186
183.07	0.165
183.30	0.160
183.52	0.168
183.74	0.132
183.96	0.128
184.18	0.144
184.40	0.153
184.62	0.154
184.84	0.165
185.06	0.171
185.28	0.197
185.50	0.213
185.72	0.256
185.94	0.278
186.16	0.278
186.38	0.329
186.60	0.356
186.82	0.387
187.04	0.413
187.26	0.428
187.48	0.463
187.70	0.507
187.92	0.518
188.14	0.551
188.36	0.577
188.58	0.600
188.80	0.601
189.02	0.625
189.24	0.676
189.46	0.731
189.68	0.729
189.90	0.772
190.12	0.797
190.34	0.819
190.56	0.859
190.78	0.894
191.00	0.916
191.22	0.900
191.44	0.901
191.66	0.948
191.88	0.962
192.10	0.955
192.32	0.940
192.54	0.957
192.76	0.971
192.98	0.978
193.20	0.995
193.42	1.013
193.64	1.002
193.86	1.011
194.08	1.047
194.30	1.082
194.52	1.091
194.74	1.097
194.96	1.125
195.18	1.147
195.40	1.163
195.62	1.182
195.84	1.195
196.06	1.207
196.28	1.210
196.50	1.192
196.72	1.212
196.94	1.240
197.16	1.230
197.38	1.203
197.60	1.199
197.82	1.214
198.04	1.222
198.26	1.215
198.48	1.231
198.70	1.234
198.92	1.212
199.13	1.209
199.35	1.207
199.57	1.214
199.79	1.217
200.01	1.216
200.23	1.231
200.45	1.236
200.67	1.261
200.89	1.268
201.11	1.272
201.33	1.290
201.55	1.303
201.77	1.294
201.99	1.305
202.21	1.318
202.43	1.344
202.65	1.330
202.87	1.333
203.09	1.354
203.31	1.371
203.52	1.384
203.74	1.403
203.96	1.407
204.18	1.407
204.40	1.413
204.62	1.410
204.84	1.424
205.06	1.450
205.28	1.451
205.50	1.452
205.72	1.445
205.94	1.456
206.16	1.486
206.38	1.475
206.59	1.490
206.81	1.508
207.03	1.498
207.25	1.505
207.47	1.513
207.69	1.511
207.91	1.510
208.13	1.510
208.35	1.529
208.57	1.540
208.79	1.528
209.01	1.531
209.22	1.547
209.44	1.533
209.66	1.553
209.88	1.565
210.10	1.564
210.32	1.570
210.54	1.581
210.76	1.582
210.98	1.600
211.20	1.589
211.42	1.613
211.63	1.611
211.85	1.607
212.07	1.612
212.29	1.609
212.51	1.601
212.73	1.609
212.95	1.614
213.17	1.611
213.39	1.598
213.60	1.608
213.82	1.617
214.04	1.607
214.26	1.608
214.48	1.620
214.70	1.625
214.92	1.623
215.14	1.633
215.35	1.659
215.57	1.652
215.79	1.659
216.01	1.662
216.23	1.669
216.45	1.666
216.67	1.670
216.89	1.672
217.10	1.675
217.32	1.662
217.54	1.668
217.76	1.670
217.98	1.657
218.20	1.655
218.42	1.650
218.64	1.645
218.85	1.643
219.07	1.637
219.29	1.644
219.51	1.642
219.73	1.634
219.95	1.638
220.17	1.631
220.38	1.635
220.60	1.623
220.82	1.607
221.04	1.601
221.26	1.587
221.48	1.580
221.69	1.564
221.91	1.550
222.13	1.525
222.35	1.499
222.57	1.480
222.79	1.455
223.00	1.428
223.22	1.398
223.44	1.365
223.66	1.336
223.88	1.308
224.10	1.280
224.32	1.249
224.53	1.220
224.75	1.194
224.97	1.162
225.19	1.131
225.41	1.099
225.62	1.071
225.84	1.041
226.06	1.012
226.28	0.982
226.50	0.955
226.72	0.927
226.93	0.901
227.15	0.874
227.37	0.849
227.59	0.823
227.81	0.799
228.02	0.774
228.24	0.751
228.46	0.726
228.68	0.704
228.90	0.682
229.12	0.661
229.33	0.641
229.55	0.621
229.77	0.601
229.99	0.582
230.21	0.564
230.42	0.546
230.64	0.530
230.86	0.513
231.08	0.497
231.30	0.481
231.51	0.466
231.73	0.452
231.95	0.438
232.17	0.423
232.38	0.409
232.60	0.396
232.82	0.383
233.04	0.370
233.26	0.358
233.47	0.347
233.69	0.336
233.91	0.325
234.13	0.316
234.35	0.307
234.56	0.297
234.78	0.288
235.00	0.280
235.22	0.272
235.43	0.263
235.65	0.255
235.87	0.247
236.09	0.239
236.30	0.233
236.52	0.226
236.74	0.220
236.96	0.214
237.18	0.207
237.39	0.201
237.61	0.196
237.83	0.191
238.05	0.185
238.26	0.180
238.48	0.175
238.70	0.170
238.92	0.165
239.13	0.161
239.35	0.156
239.57	0.152
239.79	0.148
240.00	0.144
240.22	0.141
240.44	0.137
240.66	0.134
240.87	0.131
241.09	0.128
241.31	0.124
241.53	0.122
241.74	0.120
241.96	0.117
242.18	0.115
242.40	0.112
242.61	0.110
242.83	0.107
243.05	0.105
243.27	0.104
243.48	0.102
243.70	0.100
243.92	0.097
244.13	0.096
244.35	0.094
244.57	0.092
244.79	0.091
245.00	0.089
245.22	0.087
245.44	0.086
245.65	0.085
245.87	0.084
246.09	0.082
246.31	0.081
246.52	0.079
246.74	0.078
246.96	0.077
247.18	0.076
247.39	0.075
247.61	0.074
247.83	0.072
248.04	0.072
248.26	0.071
248.48	0.070
248.69	0.069
248.91	0.068
249.13	0.067
249.35	0.066
249.56	0.065
249.78	0.065
250.00	0.064
250.21	0.063
250.43	0.063
250.65	0.062
250.86	0.062
251.08	0.061
251.30	0.060
251.51	0.060
251.73	0.059
251.95	0.058
252.17	0.058
252.38	0.057
252.60	0.056
252.82	0.056
253.03	0.056
253.25	0.056
253.47	0.055
253.68	0.055
253.90	0.055
254.12	0.055
254.33	0.054
254.55	0.054
254.77	0.053
254.98	0.053
255.20	0.052
255.42	0.052
255.63	0.051
255.85	0.051
256.07	0.050
256.28	0.050
256.50	0.050
256.72	0.049
256.93	0.049
257.15	0.048
257.37	0.048
257.58	0.048
257.80	0.048
258.02	0.047
258.23	0.047
258.45	0.046
258.67	0.046
258.88	0.046
259.10	0.046
259.32	0.046
259.53	0.045
259.75	0.046
259.96	0.045
260.18	0.045
260.40	0.045
260.61	0.044
260.83	0.044
261.05	0.044
261.26	0.043
261.48	0.044
261.70	0.044
261.91	0.044
262.13	0.044
262.34	0.044
262.56	0.043
262.78	0.043
262.99	0.043
263.21	0.043
263.43	0.042
263.64	0.042
263.86	0.041
264.07	0.041
264.29	0.041
264.51	0.041
264.72	0.041
264.94	0.040
265.16	0.040
265.37	0.039
265.59	0.039
265.80	0.039
266.02	0.039
266.24	0.039
266.45	0.039
266.67	0.040
266.88	0.039
267.10	0.039
267.32	0.039
267.53	0.039
267.75	0.039
267.96	0.039
268.18	0.039
268.40	0.039
268.61	0.038
268.83	0.038
269.04	0.038
269.26	0.038
269.48	0.038
269.69	0.037
269.91	0.037
270.12	0.037
270.34	0.037
270.56	0.037
270.77	0.037
270.99	0.037
271.20	0.038
271.42	0.037
271.64	0.037
271.85	0.037
272.07	0.037
272.28	0.036
272.50	0.036
272.71	0.036
272.93	0.035
273.15	0.035
273.36	0.035
273.58	0.035
273.79	0.034
274.01	0.035
274.22	0.034
274.44	0.035
274.66	0.034
274.87	0.035
275.09	0.034
275.30	0.034
275.52	0.034
275.73	0.034
275.95	0.034
276.16	0.034
276.38	0.034
276.60	0.034
276.81	0.034
277.03	0.034
277.24	0.034
277.46	0.034
277.67	0.034
277.89	0.034
278.10	0.033
278.32	0.033
278.53	0.033
278.75	0.034
278.97	0.033
279.18	0.033
279.40	0.032
279.61	0.032
279.83	0.032
280.04	0.032
280.26	0.031
280.47	0.031
280.69	0.031
280.90	0.031
281.12	0.032
281.33	0.032
281.55	0.032
281.76	0.032
281.98	0.032
282.20	0.032
282.41	0.031
282.63	0.031
282.84	0.030
283.06	0.030
283.27	0.029
283.49	0.029
283.70	0.029
283.92	0.029
284.13	0.028
284.35	0.028
284.56	0.028
284.78	0.029
284.99	0.028
285.21	0.028
285.42	0.028
285.64	0.028
285.85	0.028
286.07	0.028
286.28	0.028
286.50	0.028
286.71	0.028
286.93	0.028
287.14	0.028
287.36	0.027
287.57	0.027
287.79	0.027
288.00	0.027
288.22	0.026
288.43	0.026
288.65	0.026
288.86	0.026
289.08	0.026
289.29	0.026
289.51	0.026
289.72	0.026
289.94	0.025
290.15	0.026
290.37	0.025
290.58	0.025
290.80	0.025
291.01	0.024
291.22	0.024
291.44	0.024
291.65	0.024
291.87	0.024
292.08	0.024
292.30	0.024
292.51	0.024
292.73	0.025
292.94	0.025
293.16	0.025
293.37	0.025
293.59	0.025
293.80	0.025
294.02	0.025
294.23	0.025
294.44	0.024
294.66	0.024
294.87	0.023
295.09	0.023
295.30	0.024
295.52	0.024
295.73	0.024
295.95	0.023
296.16	0.023
296.37	0.023
296.59	0.023
296.80	0.023
297.02	0.023
297.23	0.023
297.45	0.023
297.66	0.023
297.88	0.023
298.09	0.023
298.30	0.023
298.52	0.023
298.73	0.022
298.95	0.022
299.16	0.022
299.38	0.022
299.59	0.022
299.80	0.021
300.02	0.022
300.23	0.021
300.45	0.021
300.66	0.021
300.88	0.021
301.09	0.021
301.30	0.021
301.52	0.021
301.73	0.022
301.95	0.022
302.16	0.022
302.37	0.022
302.59	0.022
302.80	0.022
303.02	0.022
303.23	0.022
303.45	0.021
303.66	0.021
303.87	0.021
304.09	0.021
304.30	0.021
304.52	0.021
304.73	0.021
304.94	0.021
305.16	0.021
305.37	0.020
305.59	0.020
305.80	0.020
306.01	0.020
306.23	0.020
306.44	0.020
306.65	0.020
306.87	0.020
307.08	0.020
307.30	0.020
307.51	0.020
307.72	0.020
307.94	0.021
308.15	0.021
308.37	0.020
308.58	0.020
308.79	0.020
309.01	0.020
309.22	0.021
309.43	0.021
309.65	0.022
309.86	0.021
310.07	0.021
310.29	0.020
310.50	0.020
310.72	0.020
310.93	0.020
311.14	0.019
311.36	0.018
311.57	0.019
311.78	0.019
312.00	0.019
312.21	0.019
312.42	0.018
312.64	0.019
312.85	0.019
313.07	0.019
313.28	0.019
313.49	0.019
313.71	0.019
313.92	0.019
314.13	0.019
314.35	0.019
314.56	0.019
314.77	0.019
314.99	0.019
315.20	0.018
315.41	0.018
315.63	0.018
315.84	0.018
316.05	0.018
316.27	0.018
316.48	0.018
316.69	0.018
316.91	0.018
317.12	0.019
317.33	0.019
317.55	0.018
317.76	0.018
317.97	0.018
318.19	0.018
318.40	0.018
318.61	0.018
318.83	0.018
319.04	0.018
319.25	0.018
319.47	0.018
319.68	0.019
319.89	0.019
320.10	0.019
320.32	0.019
320.53	0.019
320.74	0.019
320.96	0.019
321.17	0.019
321.38	0.019
321.60	0.019
321.81	0.019
322.02	0.019
322.24	0.019
322.45	0.019
322.66	0.019
322.87	0.019
323.09	0.019
323.30	0.019
323.51	0.019
323.73	0.019
323.94	0.019
324.15	0.019
324.36	0.019
324.58	0.018
324.79	0.018
325.00	0.019
325.22	0.018
325.43	0.019
325.64	0.019
325.85	0.019
326.07	0.019
326.28	0.019
326.49	0.019
326.71	0.019
326.92	0.018
327.13	0.018
327.34	0.018
327.56	0.018
327.77	0.018
327.98	0.018
328.19	0.019
328.41	0.018
328.62	0.019
328.83	0.019
329.04	0.019
329.26	0.019
329.47	0.019
329.68	0.019
329.90	0.019
330.11	0.019
330.32	0.020
330.53	0.020
330.75	0.020
330.96	0.019
331.17	0.019
331.38	0.019
331.60	0.019
331.81	0.019
332.02	0.019
332.23	0.019
332.44	0.019
332.66	0.019
332.87	0.019
333.08	0.019
333.29	0.019
333.51	0.018
333.72	0.018
333.93	0.018
334.14	0.018
334.36	0.018
334.57	0.017
334.78	0.018
334.99	0.018
335.21	0.018
335.42	0.018
335.63	0.018
335.84	0.018
336.05	0.017
336.27	0.017
336.48	0.018
336.69	0.017
336.90	0.017
337.11	0.018
337.33	0.017
337.54	0.017
337.75	0.017
337.96	0.018
338.18	0.017
338.39	0.017
338.60	0.018
338.81	0.017
339.02	0.017
339.24	0.017
339.45	0.018
339.66	0.018
339.87	0.018
340.08	0.018
340.30	0.018
340.51	0.018
340.72	0.018
340.93	0.018
341.14	0.018
341.36	0.018
341.57	0.018
341.78	0.018
341.99	0.017
342.20	0.017
342.41	0.017
342.63	0.017
342.84	0.017
343.05	0.017
343.26	0.017
343.47	0.017
343.69	0.017
343.90	0.017
344.11	0.017
344.32	0.017
344.53	0.017
344.74	0.016
344.96	0.016
345.17	0.016
345.38	0.016
345.59	0.015
345.80	0.016
346.01	0.015
346.23	0.015
346.44	0.015
346.65	0.015
346.86	0.015
347.07	0.015
347.28	0.015
347.50	0.015
347.71	0.015
347.92	0.015
348.13	0.015
348.34	0.015
348.55	0.015
348.76	0.015
348.98	0.015
349.19	0.015
349.40	0.014
349.61	0.014
349.82	0.014
350.03	0.014
350.24	0.013
350.46	0.014
350.67	0.014
350.88	0.013
351.09	0.013
351.30	0.013
351.51	0.014
351.72	0.013
351.93	0.013
352.15	0.013
352.36	0.013
352.57	0.013
352.78	0.014
352.99	0.014
353.20	0.014
353.41	0.014
353.62	0.014
353.84	0.014
354.05	0.014
354.26	0.013
354.47	0.013
354.68	0.013
354.89	0.012
355.10	0.012
355.31	0.012
355.52	0.012
355.74	0.013
355.95	0.013
356.16	0.013
356.37	0.013
356.58	0.014
356.79	0.013
357.00	0.013
357.21	0.013
357.42	0.012
357.63	0.012
357.85	0.012
358.06	0.011
358.27	0.012
358.48	0.012
358.69	0.012
358.90	0.012
359.11	0.012
359.32	0.012
359.53	0.012
359.74	0.013
359.95	0.013
360.17	0.013
360.38	0.012
360.59	0.012
360.80	0.012
361.01	0.012
361.22	0.012
361.43	0.012
361.64	0.011
361.85	0.011
362.06	0.011
362.27	0.011
362.48	0.011
362.69	0.010
362.90	0.010
363.12	0.009
363.33	0.009
363.54	0.009
363.75	0.009
363.96	0.010
364.17	0.010
364.38	0.010
364.59	0.010
364.80	0.010
365.01	0.010
365.22	0.010
365.43	0.010
365.64	0.010
365.85	0.010
366.06	0.009
366.27	0.009
366.48	0.010
366.69	0.009
366.90	0.009
367.11	0.009
367.32	0.009
367.54	0.009
367.75	0.009
367.96	0.009
368.17	0.008
368.38	0.008
368.59	0.009
368.80	0.009
369.01	0.009
369.22	0.009
369.43	0.009
369.64	0.009
369.85	0.009
370.06	0.009
370.27	0.009
370.48	0.008
370.69	0.008
370.90	0.007
371.11	0.007
371.32	0.007
371.53	0.007
371.74	0.007
371.95	0.007
372.16	0.006
372.37	0.007
372.58	0.007
372.79	0.007
373.00	0.007
373.21	0.007
373.42	0.007
373.63	0.008
373.84	0.008
374.05	0.008
374.26	0.007
374.47	0.007
374.68	0.008
374.89	0.008
375.10	0.007
375.31	0.007
375.52	0.007
375.73	0.007
375.94	0.006
376.15	0.006
376.36	0.006
376.57	0.006
376.78	0.006
376.99	0.006
377.20	0.006
377.41	0.006
377.62	0.006
377.83	0.006
378.04	0.006
378.25	0.006
378.46	0.006
378.67	0.006
378.88	0.006
379.09	0.006
379.30	0.006
379.51	0.006
379.72	0.007
379.92	0.006
380.13	0.006
380.34	0.006
380.55	0.006
380.76	0.006
380.97	0.005
381.18	0.005
381.39	0.005
381.60	0.004
381.81	0.005
382.02	0.005
382.23	0.005
382.44	0.005
382.65	0.005
382.86	0.005
383.07	0.006
383.28	0.006
383.49	0.006
383.70	0.006
383.91	0.005
384.11	0.005
384.32	0.005
384.53	0.005
384.74	0.005
384.95	0.005
385.16	0.004
385.37	0.004
385.58	0.004
385.79	0.004
386.00	0.004
386.21	0.004
386.42	0.004
386.63	0.004
386.84	0.004
387.04	0.004
387.25	0.004
387.46	0.004
387.67	0.004
387.88	0.004
388.09	0.004
388.30	0.005
388.51	0.005
388.72	0.005
388.93	0.004
389.14	0.004
389.34	0.004
389.55	0.004
389.76	0.003
389.97	0.004
390.18	0.004
390.39	0.004
390.60	0.004
390.81	0.004
391.02	0.004
391.23	0.004
391.43	0.004
391.64	0.004
391.85	0.004
392.06	0.003
392.27	0.003
392.48	0.003
392.69	0.004
392.90	0.004
393.11	0.003
393.31	0.004
393.52	0.005
393.73	0.004
393.94	0.004
394.15	0.004
394.36	0.004
394.57	0.003
394.78	0.003
394.98	0.003
395.19	0.003
395.40	0.003
395.61	0.003
395.82	0.002
396.03	0.002
396.24	0.003
396.44	0.003
396.65	0.003
396.86	0.003
397.07	0.003
397.28	0.004
397.49	0.003
397.70	0.004
397.90	0.004
398.11	0.004
398.32	0.004
398.53	0.004
398.74	0.003
398.95	0.004
399.16	0.003
399.36	0.003
399.57	0.003
399.78	0.003
399.99	0.003
400.20	0.003
400.41	0.003
400.61	0.003
400.82	0.003
401.03	0.003
401.24	0.003
401.45	0.003
401.66	0.003
401.86	0.003
402.07	0.003
402.28	0.003
402.49	0.004
402.70	0.004
402.91	0.004
403.11	0.004
403.32	0.004
403.53	0.004
403.74	0.004
403.95	0.004
404.15	0.004
404.36	0.004
404.57	0.004
404.78	0.004
404.99	0.004
405.20	0.003
405.40	0.004
405.61	0.004
405.82	0.004
406.03	0.004
406.24	0.004
406.44	0.004
406.65	0.004
406.86	0.004
407.07	0.004
407.28	0.004
407.48	0.003
407.69	0.002
407.90	0.003
408.11	0.003
408.32	0.002
408.52	0.002
408.73	0.002
408.94	0.002
409.15	0.002
409.35	0.002
409.56	0.002
409.77	0.002
409.98	0.002
410.19	0.002
410.39	0.002
410.60	0.002
410.81	0.002
411.02	0.002
411.22	0.002
411.43	0.002
411.64	0.002
411.85	0.002
412.05	0.002
412.26	0.001
412.47	0.001
412.68	0.001
412.89	0.001
413.09	0.002
413.30	0.003
413.51	0.002
413.72	0.003
413.92	0.002
414.13	0.003
414.34	0.003
414.55	0.003
414.75	0.002
414.96	0.001
415.17	0.001
415.38	0.001
415.58	0.001
415.79	0.002
416.00	0.002
416.21	0.002
416.41	0.002
416.62	0.002
416.83	0.002
417.03	0.003
417.24	0.002
417.45	0.002
417.66	0.002
417.86	0.002
418.07	0.002
418.28	0.002
418.49	0.002
418.69	0.003
418.90	0.002
419.11	0.003
419.31	0.003
419.52	0.003
419.73	0.003
419.94	0.003
420.14	0.003
420.35	0.003
420.56	0.003
420.76	0.003
420.97	0.003
421.18	0.003
421.39	0.003
421.59	0.003
421.80	0.003
422.01	0.003
422.21	0.003
422.42	0.002
422.63	0.003
422.84	0.002
423.04	0.003
423.25	0.003
423.46	0.002
423.66	0.002
423.87	0.002
424.08	0.002
424.28	0.002
424.49	0.002
424.70	0.002
424.90	0.002
425.11	0.002
425.32	0.002
425.52	0.002
425.73	0.002
425.94	0.002
426.15	0.003
426.35	0.003
426.56	0.003
426.77	0.003
426.97	0.003
427.18	0.002
427.39	0.003
427.59	0.003
427.80	0.003
428.01	0.003
428.21	0.002
428.42	0.002
428.63	0.002
428.83	0.003
429.04	0.003
429.25	0.003
429.45	0.002
429.66	0.003
429.87	0.003
430.07	0.003
430.28	0.003
430.48	0.003
430.69	0.003
430.90	0.003
431.10	0.003
431.31	0.003
431.52	0.004
431.72	0.004
431.93	0.003
432.14	0.003
432.34	0.003
432.55	0.003
432.76	0.003
432.96	0.003
433.17	0.003
433.37	0.002
433.58	0.002
433.79	0.003
433.99	0.002
434.20	0.002
434.41	0.002
434.61	0.002
434.82	0.002
435.02	0.002
435.23	0.002
435.44	0.002
435.64	0.002
435.85	0.002
436.06	0.003
436.26	0.003
436.47	0.003
436.67	0.002
436.88	0.002
437.09	0.002
437.29	0.002
437.50	0.002
437.70	0.001
437.91	0.001
438.12	0.001
438.32	0.001
438.53	0.002
438.73	0.002
438.94	0.002
439.15	0.002
439.35	0.002
439.56	0.003
439.76	0.004
439.97	0.003
440.18	0.003
440.38	0.003
440.59	0.003
440.79	0.003
441.00	0.002
441.20	0.002
441.41	0.002
441.62	0.001
441.82	0.002
442.03	0.002
442.23	0.002
442.44	0.002
442.65	0.002
442.85	0.002
443.06	0.002
443.26	0.002
443.47	0.002
443.67	0.002
443.88	0.002
444.09	0.002
444.29	0.002
444.50	0.002
444.70	0.002
444.91	0.002
445.11	0.001
445.32	0.002
445.52	0.001
445.73	0.001
445.94	0.001
446.14	0.002
446.35	0.001
446.55	0.001
446.76	0.001
446.96	0.001
447.17	0.001
447.37	0.002
447.58	0.002
447.78	0.002
447.99	0.003
448.20	0.003
448.40	0.003
448.61	0.003
448.81	0.003
449.02	0.003
449.22	0.002
449.43	0.003
449.63	0.003
449.84	0.003
450.04	0.002
450.25	0.002
450.45	0.002
450.66	0.002
450.86	0.003
451.07	0.003
451.27	0.003
451.48	0.003
451.68	0.002
451.89	0.002
452.09	0.002
452.30	0.002
452.50	0.002
452.71	0.002
452.91	0.002
453.12	0.001
453.33	0.001
453.53	0.001
453.74	0.002
453.94	0.002
454.15	0.003
454.35	0.002
454.56	0.002
454.76	0.001
454.96	0.002
455.17	0.003
455.37	0.003
455.58	0.003
455.78	0.003
455.99	0.003
456.19	0.002
456.40	0.003
456.60	0.003
456.81	0.003
457.01	0.002
457.22	0.002
457.42	0.002
457.63	0.001
457.83	0.002
458.04	0.003
458.24	0.003
458.45	0.002
458.65	0.003
458.86	0.003
459.06	0.003
459.27	0.002
459.47	0.002
459.67	0.002
459.88	0.002
460.08	0.002
460.29	0.003
460.49	0.002
460.70	0.002
460.90	0.002
461.11	0.004
461.31	0.004
461.52	0.003
461.72	0.003
461.92	0.003
462.13	0.002
462.33	0.002
462.54	0.002
462.74	0.002
462.95	0.002
463.15	0.002
463.36	0.002
463.56	0.002
463.76	0.002
463.97	0.003
464.17	0.003
464.38	0.003
464.58	0.002
464.79	0.002
464.99	0.002
465.19	0.002
465.40	0.002
465.60	0.002
465.81	0.001
466.01	0.002
466.22	0.001
466.42	0.001
466.62	0.002
466.83	0.001
467.03	0.001
467.24	0.001
467.44	0.002
467.65	0.001
467.85	0.002
468.05	0.002
468.26	0.001
468.46	0.001
468.67	0.001
468.87	0.002
469.07	0.002
469.28	0.001
469.48	0.002
469.69	0.002
469.89	0.002
470.09	0.003
470.30	0.003
470.50	0.003
470.71	0.003
470.91	0.004
471.11	0.004
471.32	0.004
471.52	0.004
471.72	0.003
471.93	0.003
472.13	0.003
472.34	0.003
472.54	0.002
472.74	0.002
472.95	0.002
473.15	0.002
473.35	0.002
473.56	0.002
473.76	0.001
473.97	0.001
474.17	0.001
474.37	0.001
474.58	0.001
474.78	0.001
474.98	0.001
475.19	0.002
475.39	0.002
475.60	0.003
475.80	0.003
476.00	0.003
476.21	0.003
476.41	0.003
476.61	0.003
476.82	0.003
477.02	0.002
477.22	0.002
477.43	0.002
477.63	0.002
477.83	0.002
478.04	0.001
478.24	0.001
478.44	0.002
478.65	0.001
478.85	0.002
479.05	0.001
479.26	0.001
479.46	0.001
479.66	0.001
479.87	0.001
480.07	0.001
480.27	0.001
480.48	0.001
480.68	0.001
480.88	0.001
481.09	0.002
481.29	0.002
481.49	0.001
481.70	0.002
481.90	0.002
482.10	0.002
482.31	0.002
482.51	0.001
482.71	0.001
482.92	0.001
483.12	0.001
483.32	0.002
483.52	0.001
483.73	0.001
483.93	0.001
484.13	0.001
484.34	0.002
484.54	0.002
484.74	0.001
484.95	0.002
485.15	0.002
485.35	0.001
485.55	0.002
485.76	0.002
485.96	0.002
486.16	0.001
486.37	0.003
486.57	0.002
486.77	0.002
486.97	0.003
487.18	0.003
487.38	0.003
487.58	0.003
487.79	0.003
487.99	0.003
488.19	0.002
488.39	0.002
488.60	0.002
488.80	0.002
489.00	0.001
489.20	0.002
489.41	0.001
489.61	0.002
489.81	0.002
490.02	0.002
490.22	0.001
490.42	0.001
490.62	0.002
490.83	0.001
491.03	0.001
491.23	0.002
491.43	0.001
491.64	0.002
491.84	0.002
492.04	0.002
492.24	0.002
492.45	0.003
492.65	0.003
492.85	0.003
493.05	0.003
493.26	0.003
493.46	0.002
493.66	0.002
493.86	0.002
494.07	0.003
494.27	0.002
494.47	0.002
494.67	0.002
494.87	0.002
495.08	0.001
495.28	0.001
495.48	0.002
495.68	0.002
495.89	0.001
496.09	0.001
496.29	0.002
496.49	0.002
496.69	0.002
496.90	0.002
497.10	0.003
497.30	0.002
497.50	0.003
497.71	0.003
497.91	0.003
498.11	0.003
498.31	0.002
498.51	0.002
498.72	0.002
498.92	0.002
499.12	0.002
499.32	0.002
499.52	0.002
499.73	0.002
499.93	0.001
500.13	0.002
500.33	0.002
500.53	0.002
500.74	0.002
500.94	0.001
501.14	0.001
501.34	0.002
501.54	0.002
501.74	0.002
501.95	0.002
502.15	0.002
502.35	0.002
502.55	0.002
502.75	0.002
502.96	0.002
503.16	0.002
503.36	0.002
503.56	0.002
503.76	0.002
503.96	0.002
504.17	0.002
504.37	0.002
504.57	0.002
504.77	0.002
504.97	0.002
505.17	0.002
505.38	0.001
505.58	0.002
505.78	0.002
505.98	0.002
506.18	0.002
506.38	0.002
506.58	0.002
506.79	0.002
506.99	0.002
507.19	0.003
507.39	0.002
507.59	0.002
507.79	0.002
507.99	0.002
508.20	0.002
508.40	0.002
508.60	0.002
508.80	0.002
509.00	0.001
509.20	0.002
509.40	0.002
509.61	0.002
509.81	0.002
510.01	0.002
510.21	0.002
510.41	0.002
510.61	0.002
510.81	0.002
511.01	0.002
511.22	0.001
511.42	0.002
511.62	0.001
511.82	0.001
512.02	0.001
512.22	0.000
512.42	0.000
512.62	0.000
512.82	0.000
513.03	0.001
513.23	0.000
513.43	0.000
513.63	0.001
513.83	0.001
514.03	0.001
514.23	0.001
514.43	0.001
514.63	0.001
514.83	0.001
515.04	0.001
515.24	0.001
515.44	0.001
515.64	0.001
515.84	0.001
516.04	0.001
516.24	0.002
516.44	0.002
516.64	0.002
516.84	0.002
517.04	0.001
517.24	0.002
517.45	0.002
517.65	0.002
517.85	0.002
518.05	0.002
518.25	0.002
518.45	0.002
518.65	0.002
518.85	0.003
519.05	0.003
519.25	0.002
519.45	0.002
519.65	0.002
519.85	0.002
520.05	0.002
520.25	0.002
520.46	0.002
520.66	0.003
520.86	0.003
521.06	0.003
521.26	0.003
521.46	0.004
521.66	0.004
521.86	0.004
522.06	0.004
522.26	0.004
522.46	0.004
522.66	0.003
522.86	0.002
523.06	0.002
523.26	0.002
523.46	0.002
523.66	0.002
523.86	0.002
524.06	0.002
524.26	0.002
524.46	0.002
524.66	0.002
524.86	0.002
525.06	0.002
525.26	0.002
525.46	0.002
525.66	0.002
525.87	0.001
526.07	0.002
526.27	0.002
526.47	0.002
526.67	0.002
526.87	0.002
527.07	0.001
527.27	0.002
527.47	0.003
527.67	0.003
527.87	0.003
528.07	0.003
528.27	0.003
528.47	0.002
528.67	0.003
528.87	0.003
529.07	0.002
529.27	0.001
529.47	0.001
529.67	0.001
529.87	0.001
530.07	0.001
530.27	0.001
530.47	0.002
530.67	0.001
530.87	0.002
531.06	0.002
531.26	0.002
531.46	0.002
531.66	0.003
531.86	0.002
532.06	0.002
532.26	0.002
532.46	0.002
532.66	0.002
532.86	0.002
533.06	0.002
533.26	0.002
533.46	0.002
533.66	0.002
533.86	0.002
534.06	0.002
534.26	0.002
534.46	0.002
534.66	0.002
534.86	0.002
535.06	0.002
535.26	0.002
535.46	0.002
535.66	0.002
535.86	0.002
536.06	0.002
536.26	0.001
536.45	0.001
536.65	0.001
536.85	0.001
537.05	0.001
537.25	0.001
537.45	0.002
537.65	0.002
537.85	0.002
538.05	0.002
538.25	0.002
538.45	0.002
538.65	0.002
538.85	0.002
539.05	0.002
539.25	0.001
539.44	0.001
539.64	0.001
539.84	0.001
540.04	0.001
540.24	0.001
540.44	0.001
540.64	0.001
540.84	0.001
541.04	0.002
541.24	0.002
541.44	0.002
541.64	0.002
541.83	0.002
542.03	0.002
542.23	0.002
542.43	0.002
542.63	0.003
542.83	0.002
543.03	0.002
543.23	0.002
543.43	0.002
543.63	0.002
543.82	0.001
544.02	0.002
544.22	0.001
544.42	0.001
544.62	0.001
544.82	0.002
545.02	0.002
545.22	0.002
545.42	0.002
545.61	0.002
545.81	0.002
546.01	0.002
546.21	0.002
546.41	0.002
546.61	0.001
546.81	0.001
547.01	0.001
547.20	0.001
547.40	0.001
547.60	0.001
547.80	0.001
548.00	0.001
548.20	0.001
548.40	0.001
548.59	0.001
548.79	0.001
548.99	0.001
549.19	0.001
549.39	0.002
549.59	0.002
549.79	0.002
549.98	0.001
550.18	0.002
550.38	0.002
550.58	0.001
550.78	0.002
550.98	0.001
551.17	0.001
551.37	0.001
551.57	0.001
551.77	0.002
551.97	0.002
552.17	0.002
552.36	0.002
552.56	0.002
552.76	0.002
552.96	0.002
553.16	0.002
553.36	0.002
553.55	0.002
553.75	0.001
553.95	0.002
554.15	0.002
554.35	0.002
554.55	0.002
554.74	0.002
554.94	0.002
555.14	0.002
555.34	0.002
555.54	0.002
555.73	0.002
555.93	0.002
556.13	0.002
556.33	0.002
556.53	0.002
556.72	0.002
556.92	0.002
557.12	0.002
557.32	0.002
557.52	0.002
557.71	0.001
557.91	0.002
558.11	0.002
558.31	0.002
558.51	0.001
558.70	0.001
558.90	0.001
559.10	0.001
559.30	0.002
559.49	0.002
559.69	0.002
559.89	0.002
560.09	0.002
560.29	0.003
560.48	0.002
560.68	0.003
560.88	0.003
561.08	0.002
561.27	0.002
561.47	0.002
561.67	0.002
561.87	0.002
562.06	0.002
562.26	0.002
562.46	0.001
562.66	0.001
562.86	0.001
563.05	0.001
563.25	0.001
563.45	0.001
563.65	0.002
563.84	0.002
564.04	0.002
564.24	0.002
564.44	0.002
564.63	0.002
564.83	0.002
565.03	0.002
565.22	0.002
565.42	0.002
565.62	0.001
565.82	0.000
566.01	0.001
566.21	0.000
566.41	0.000
566.61	0.001
566.80	0.001
567.00	0.001
567.20	0.001
567.40	0.002
567.59	0.002
567.79	0.001
567.99	0.001
568.18	0.001
568.38	0.001
568.58	0.001
568.78	0.001
568.97	-0.000
569.17	0.000
569.37	0.001
569.56	0.001
569.76	0.001
569.96	0.001
570.16	0.001
570.35	0.001
570.55	0.001
570.75	0.002
570.94	0.002
571.14	0.001
571.34	0.002
571.53	0.002
571.73	0.002
571.93	0.002
572.12	0.002
572.32	0.003
572.52	0.002
572.72	0.002
572.91	0.002
573.11	0.002
573.31	0.002
573.50	0.002
573.70	0.001
573.90	0.001
574.09	0.001
574.29	0.001
574.49	0.001
574.68	0.001
574.88	0.001
575.08	0.001
575.27	0.001
575.47	0.001
575.67	0.001
575.86	0.001
576.06	0.001
576.26	0.001
576.45	0.001
576.65	0.001
576.85	0.001
577.04	0.001
577.24	0.001
577.44	0.001
577.63	0.001
577.83	0.001
578.02	0.002
578.22	0.002
578.42	0.002
578.61	0.002
578.81	0.002
579.01	0.002
579.20	0.002
579.40	0.002
579.60	0.002
579.79	0.002
579.99	0.002
580.19	0.002
580.38	0.002
580.58	0.002
580.77	0.002
580.97	0.002
581.17	0.002
581.36	0.002
581.56	0.001
581.75	0.001
581.95	0.001
582.15	0.001
582.34	0.001
582.54	0.001
582.74	0.001
582.93	0.001
583.13	0.001
583.32	0.001
583.52	0.001
583.72	0.001
583.91	0.001
584.11	0.001
584.30	0.001
584.50	0.002
584.70	0.002
584.89	0.002
585.09	0.002
585.28	0.002
585.48	0.002
585.68	0.002
585.87	0.002
586.07	0.002
586.26	0.002
586.46	0.002
586.66	0.001
586.85	0.001
587.05	0.002
587.24	0.002
587.44	0.002
587.63	0.002
587.83	0.002
588.03	0.002
588.22	0.001
588.42	0.001
588.61	0.001
588.81	0.001
589.00	0.001
589.20	0.001
589.40	0.001
589.59	0.001
589.79	0.001
589.98	0.001
590.18	0.002
590.37	0.002
590.57	0.002
590.76	0.002
590.96	0.001
591.16	0.001
591.35	0.001
591.55	0.001
591.74	0.001
591.94	0.001
592.13	0.001
592.33	0.001
592.52	0.001
592.72	0.001
592.91	0.001
593.11	0.001
593.30	0.001
593.50	0.001
593.70	0.001
593.89	0.001
594.09	0.001
594.28	0.002
594.48	0.002
594.67	0.001
594.87	0.002
595.06	0.001
595.26	0.002
595.45	0.002
595.65	0.001
595.84	0.001
596.04	0.001
596.23	0.001
596.43	0.001
596.62	0.001
596.82	0.001
597.01	0.001
597.21	0.001
597.40	0.001
597.60	0.001
597.79	0.001
597.99	0.002
598.18	0.002
598.38	0.001
598.57	0.001
598.77	0.001
598.96	0.001
599.16	0.002
599.35	0.002
599.55	0.002
599.74	0.002
599.94	0.002
600.13	0.002
600.33	0.002
600.52	0.002
600.72	0.002
600.91	0.001
601.11	0.001
601.30	0.001
601.50	0.001
601.69	0.001
601.89	0.001
602.08	0.001
602.27	0.002
602.47	0.002
602.66	0.003
602.86	0.002
603.05	0.002
603.25	0.002
603.44	0.001
603.64	0.001
603.83	0.001
604.03	0.001
604.22	0.001
604.41	0.001
604.61	0.001
604.80	0.001
605.00	0.001
605.19	0.001
605.39	0.001
605.58	0.001
605.78	0.001
605.97	0.001
606.16	0.001
606.36	0.002
606.55	0.002
606.75	0.002
606.94	0.002
607.14	0.002
607.33	0.002
607.52	0.002
607.72	0.002
607.91	0.002
608.11	0.002
608.30	0.002
608.50	0.002
608.69	0.002
608.88	0.002
609.08	0.002
609.27	0.002
609.47	0.002
609.66	0.002
609.85	0.001
610.05	0.001
610.24	0.001
610.44	0.001
610.63	0.001
610.83	0.001
611.02	0.001
611.21	0.002
611.41	0.002
611.60	0.002
611.80	0.002
611.99	0.002
612.18	0.003
612.38	0.003
612.57	0.003
612.76	0.003
612.96	0.002
613.15	0.003
613.35	0.002
613.54	0.001
613.73	0.002
613.93	0.001
614.12	0.001
614.32	0.001
614.51	0.002
614.70	0.002
614.90	0.001
615.09	0.002
615.28	0.001
615.48	0.001
615.67	0.001
615.86	0.001
616.06	0.002
616.25	0.001
616.45	0.001
616.64	0.002
616.83	0.002
617.03	0.002
617.22	0.002
617.41	0.002
617.61	0.003
617.80	0.002
617.99	0.003
618.19	0.003
618.38	0.002
618.57	0.002
618.77	0.002
618.96	0.002
619.15	0.002
619.35	0.001
619.54	0.002
619.73	0.001
619.93	0.001
620.12	0.001
620.31	0.001
620.51	0.001
620.70	0.001
620.89	0.001
621.09	0.002
621.28	0.001
621.47	0.001
621.67	0.002
621.86	0.002
622.05	0.002
622.25	0.002
622.44	0.002
622.63	0.002
622.83	0.001
623.02	0.002
623.21	0.002
623.41	0.002
623.60	0.002
623.79	0.002
623.98	0.002
624.18	0.002
624.37	0.002
624.56	0.002
624.76	0.002
624.95	0.002
625.14	0.002
625.33	0.002
625.53	0.002
625.72	0.002
625.91	0.002
626.11	0.002
626.30	0.002
626.49	0.002
626.68	0.002
626.88	0.002
627.07	0.002
627.26	0.002
627.46	0.002
627.65	0.002
627.84	0.002
628.03	0.002
628.23	0.002
628.42	0.002
628.61	0.002
628.80	0.002
629.00	0.002
629.19	0.002
629.38	0.002
629.58	0.002
629.77	0.001
629.96	0.001
630.15	0.002
630.35	0.002
630.54	0.002
630.73	0.002
630.92	0.002
631.12	0.002
631.31	0.002
631.50	0.002
631.69	0.002
631.89	0.002
632.08	0.002
632.27	0.002
632.46	0.002
632.65	0.002
632.85	0.002
633.04	0.002
633.23	0.002
633.42	0.001
633.62	0.001
633.81	0.002
634.00	0.002
634.19	0.002
634.39	0.001
634.58	0.001
634.77	0.001
634.96	0.001
635.15	0.002
635.35	0.002
635.54	0.001
635.73	0.001
635.92	0.001
636.11	0.001
636.31	0.002
636.50	0.002
636.69	0.002
636.88	0.002
637.07	0.002
637.27	0.002
637.46	0.002
637.65	0.002
637.84	0.002
638.03	0.002
638.23	0.002
638.42	0.002
638.61	0.003
638.80	0.002
638.99	0.002
639.19	0.002
639.38	0.003
639.57	0.002
639.76	0.002
639.95	0.002
640.14	0.002
640.34	0.002
640.53	0.002
640.72	0.002
640.91	0.002
641.10	0.002
641.30	0.002
641.49	0.002
641.68	0.002
641.87	0.002
642.06	0.001
642.25	0.002
642.44	0.002
642.64	0.002
642.83	0.002
643.02	0.002
643.21	0.002
643.40	0.002
643.59	0.003
643.79	0.003
643.98	0.003
644.17	0.002
644.36	0.002
644.55	0.002
644.74	0.002
644.93	0.002
645.13	0.002
645.32	0.001
645.51	0.001
645.70	0.001
645.89	0.001
646.08	0.002
646.27	0.002
646.46	0.001
646.66	0.001
646.85	0.001
647.04	0.002
647.23	0.001
647.42	0.002
647.61	0.002
647.80	0.001
647.99	0.001
648.19	0.002
648.38	0.002
648.57	0.002
648.76	0.002
648.95	0.002
649.14	0.002
649.33	0.001
649.52	0.002
649.71	0.002
649.91	0.001
650.10	0.002
650.29	0.001
650.48	0.002
650.67	0.002
650.86	0.002
651.05	0.002
651.24	0.001
651.43	0.001
651.62	0.001
651.81	0.001
652.01	0.001
652.20	0.000
652.39	0.000
652.58	0.000
652.77	0.000
652.96	0.000
653.15	0.001
653.34	0.001
653.53	0.001
653.72	0.002
653.91	0.002
654.10	0.002
654.29	0.002
654.48	0.002
654.68	0.001
654.87	0.001
655.06	0.001
655.25	0.001
655.44	0.000
655.63	0.001
655.82	0.001
656.01	0.001
656.20	0.001
656.39	0.001
656.58	0.002
656.77	0.002
656.96	0.002
657.15	0.003
657.34	0.002
657.53	0.002
657.72	0.002
657.91	0.002
658.10	0.002
658.29	0.002
658.48	0.001
658.68	0.002
658.87	0.001
659.06	0.001
659.25	0.001
659.44	0.001
659.63	0.001
659.82	0.002
660.01	0.002
660.20	0.002
660.39	0.002
660.58	0.001
660.77	0.001
660.96	0.001
661.15	0.001
661.34	0.001
661.53	0.000
661.72	0.000
661.91	0.000
662.10	0.000
662.29	0.000
662.48	0.000
662.67	0.001
662.86	0.001
663.05	0.001
663.24	0.001
663.43	0.002
663.62	0.002
663.81	0.001
664.00	0.002
664.19	0.002
664.38	0.002
664.57	0.002
664.76	0.002
664.95	0.002
665.14	0.002
665.33	0.001
665.52	0.002
665.71	0.001
665.90	0.001
666.09	0.001
666.28	0.001
666.46	0.001
666.65	0.001
666.84	0.001
667.03	0.001
667.22	0.000
667.41	0.001
667.60	0.001
667.79	0.001
667.98	0.001
668.17	0.001
668.36	0.001
668.55	0.001
668.74	0.002
668.93	0.002
669.12	0.002
669.31	0.002
669.50	0.002
669.69	0.002
669.88	0.002
670.07	0.002
670.26	0.002
670.44	0.002
670.63	0.002
670.82	0.002
671.01	0.002
671.20	0.002
671.39	0.002
671.58	0.002
671.77	0.002
671.96	0.001
672.15	0.002
672.34	0.002
672.53	0.002
672.72	0.002
672.91	0.002
673.09	0.002
673.28	0.002
673.47	0.002
673.66	0.002
673.85	0.002
674.04	0.002
674.23	0.001
674.42	0.001
674.61	0.002
674.80	0.002
674.98	0.001
675.17	0.002
675.36	0.001
675.55	0.001
675.74	0.001
675.93	0.001
676.12	0.001
676.31	0.001
676.50	0.001
676.69	0.001
676.87	0.001
677.06	0.002
677.25	0.002
677.44	0.001
677.63	0.001
677.82	0.001
678.01	0.001
678.20	0.001
678.38	0.001
678.57	0.001
678.76	0.001
678.95	0.001
679.14	0.001
679.33	0.001
679.52	0.001
679.71	0.001
679.89	0.001
680.08	0.001
680.27	0.001
680.46	0.001
680.65	0.001
680.84	0.001
681.02	0.001
681.21	0.001
681.40	0.001
681.59	0.001
681.78	0.001
681.97	0.001
682.16	0.001
682.34	0.001
682.53	0.001
682.72	0.001
682.91	0.001
683.10	0.001
683.29	0.001
683.47	0.001
683.66	0.001
683.85	0.000
684.04	0.000
684.23	0.000
684.42	0.001
684.60	0.001
684.79	0.001
684.98	0.001
685.17	0.001
685.36	0.001
685.54	0.001
685.73	0.001
685.92	0.001
686.11	0.001
686.30	0.001
686.49	0.001
686.67	0.001
686.86	0.001
687.05	0.000
687.24	0.001
687.43	0.001
687.61	0.001
687.80	0.001
687.99	0.002
688.18	0.001
688.36	0.002
688.55	0.002
688.74	0.002
688.93	0.001
689.12	0.001
689.30	0.001
689.49	0.002
689.68	0.002
689.87	0.002
690.06	0.001
690.24	0.001
690.43	0.002
690.62	0.002
690.81	0.002
690.99	0.001
691.18	0.001
691.37	0.001
691.56	0.001
691.74	0.001
691.93	0.001
692.12	0.001
692.31	0.001
692.50	0.001
692.68	0.001
692.87	0.001
693.06	0.001
693.25	0.001
693.43	0.002
693.62	0.001
693.81	0.001
694.00	0.001
694.18	0.000
694.37	0.000
694.56	0.001
694.74	0.001
694.93	0.001
695.12	0.001
695.31	0.001
695.49	0.001
695.68	0.002
695.87	0.001
696.06	0.002
696.24	0.001
696.43	0.001
696.62	0.001
696.80	0.001
696.99	0.001
697.18	0.001
697.37	0.001
697.55	0.001
697.74	0.001
697.93	0.001
698.12	0.001
698.30	0.001
698.49	0.001
698.68	0.001
698.86	0.001
699.05	0.001
699.24	0.001
699.42	0.001
699.61	0.001
699.80	0.001
699.99	0.001
700.17	0.001
700.36	0.001
700.55	0.001
700.73	0.001
700.92	0.001
701.11	0.001
701.29	0.001
701.48	0.001
701.67	0.001
701.85	0.001
702.04	0.001
702.23	0.001
702.41	0.001
702.60	0.001
702.79	0.001
702.97	0.001
703.16	0.001
703.35	0.001
703.53	0.001
703.72	0.002
703.91	0.003
704.09	0.002
704.28	0.002
704.47	0.002
704.65	0.002
704.84	0.002
705.03	0.001
705.21	0.001
705.40	0.001
705.59	0.001
705.77	0.001
705.96	0.001
706.15	0.001
706.33	0.001
706.52	0.001
706.71	0.002
706.89	0.002
707.08	0.001
707.26	0.001
707.45	0.000
707.64	0.001
707.82	0.001
708.01	0.001
708.20	0.001
708.38	0.001
708.57	0.001
708.75	0.002
708.94	0.002
709.13	0.002
709.31	0.001
709.50	0.001
709.69	0.002
709.87	0.002
710.06	0.001
710.24	0.001
710.43	0.001
710.62	0.001
710.80	0.001
710.99	0.001
711.17	0.001
711.36	0.001
711.55	0.001
711.73	0.001
711.92	0.001
712.10	0.001
712.29	0.001
712.48	0.001
712.66	0.001
712.85	0.001
713.03	0.002
713.22	0.002
713.40	0.002
713.59	0.002
713.78	0.002
713.96	0.002
714.15	0.002
714.33	0.002
714.52	0.002
714.71	0.002
714.89	0.002
715.08	0.002
715.26	0.002
715.45	0.002
715.63	0.002
715.82	0.002
716.00	0.002
716.19	0.002
716.38	0.001
716.56	0.001
716.75	0.001
716.93	0.002
717.12	0.002
717.30	0.002
717.49	0.002
717.67	0.002
717.86	0.002
718.05	0.001
718.23	0.001
718.42	0.001
718.60	0.001
718.79	0.001
718.97	0.001
719.16	0.001
719.34	0.001
719.53	0.001
719.71	0.001
719.90	0.001
720.08	0.001
720.27	0.002
720.45	0.002
720.64	0.002
720.83	0.002
721.01	0.001
721.20	0.001
721.38	0.001
721.57	0.001
721.75	0.001
721.94	0.001
722.12	0.001
722.31	0.001
722.49	0.001
722.68	0.001
722.86	0.001
723.05	0.001
723.23	0.001
723.42	0.001
723.60	0.001
723.79	0.001
723.97	0.002
724.16	0.002
724.34	0.002
724.53	0.002
724.71	0.002
724.90	0.002
725.08	0.002
725.27	0.002
725.45	0.002
725.64	0.002
725.82	0.001
726.00	0.002
726.19	0.001
726.37	0.001
726.56	0.001
726.74	0.001
726.93	0.001
727.11	0.001
727.30	0.000
727.48	0.000
727.67	0.001
727.85	0.001
728.04	0.001
728.22	0.001
728.40	0.001
728.59	0.001
728.77	0.001
728.96	0.001
729.14	0.001
729.33	0.001
729.51	0.001
729.70	0.001
729.88	0.001
730.07	0.001
730.25	0.001
730.43	0.002
730.62	0.002
730.80	0.001
730.99	0.001
731.17	0.001
731.36	0.001
731.54	0.001
731.72	0.002
731.91	0.001
732.09	0.001
732.28	0.001
732.46	0.001
732.65	0.001
732.83	0.001
733.01	0.001
733.20	0.001
733.38	0.001
733.57	0.001
733.75	0.001
733.93	0.001
734.12	0.001
734.30	0.002
734.49	0.002
734.67	0.003
734.85	0.003
735.04	0.002
735.22	0.003
735.41	0.002
735.59	0.002
735.77	0.002
735.96	0.001
736.14	0.001
736.33	0.001
736.51	0.001
736.69	0.001
736.88	0.001
737.06	0.001
737.25	0.001
737.43	0.001
737.61	0.002
737.80	0.001
737.98	0.001
738.16	0.001
738.35	0.000
738.53	0.000
738.71	0.000
738.90	0.001
739.08	0.001
739.27	0.001
739.45	0.001
739.63	0.001
739.82	0.001
740.00	0.001
740.18	0.002
740.37	0.002
740.55	0.001
740.73	0.001
740.92	0.001
741.10	0.001
741.28	0.001
741.47	0.001
741.65	0.002
741.83	0.001
742.02	0.001
742.20	0.002
742.38	0.002
742.57	0.002
742.75	0.002
742.93	0.002
743.12	0.002
743.30	0.002
743.48	0.001
743.67	0.001
743.85	0.001
744.03	0.001
744.22	0.001
744.40	0.001
744.58	0.001
744.77	0.001
744.95	0.001
745.13	0.001
745.32	0.001
745.50	0.001
745.68	0.001
745.87	0.001
746.05	0.002
746.23	0.002
746.41	0.002
746.60	0.002
746.78	0.002
746.96	0.002
747.15	0.002
747.33	0.002
747.51	0.002
747.70	0.002
747.88	0.001
748.06	0.002
748.24	0.002
748.43	0.002
748.61	0.002
748.79	0.002
748.97	0.002
749.16	0.002
749.34	0.002
749.52	0.003
749.71	0.002
749.89	0.002
750.07	0.002
750.25	0.002
750.44	0.002
750.62	0.002
750.80	0.001
750.98	0.002
751.17	0.001
751.35	0.002
751.53	0.002
751.71	0.002
751.90	0.002
752.08	0.002
752.26	0.001
752.44	0.001
752.63	0.001
752.81	0.001
752.99	0.001
753.17	0.001
753.36	0.000
753.54	0.000
753.72	0.000
753.90	0.001
754.09	0.001
754.27	0.001
754.45	0.001
754.63	0.001
754.82	0.001
755.00	0.001
755.18	0.001
755.36	0.001
755.54	0.001
755.73	0.000
755.91	0.000
756.09	0.000
756.27	0.001
756.45	0.000
756.64	0.000
756.82	0.000
757.00	0.000
757.18	0.000
757.37	0.001
757.55	0.001
757.73	0.000
757.91	-0.000
758.09	-0.000
758.27	0.000
758.46	-0.000
758.64	-0.000
758.82	0.000
759.00	0.000
759.18	0.001
759.37	0.001
759.55	0.001
759.73	0.001
759.91	0.001
760.09	0.001
760.28	0.001
760.46	0.001
760.64	0.000
760.82	0.001
761.00	0.000
761.18	0.001
761.37	0.001
761.55	0.001
761.73	0.002
761.91	0.002
762.09	0.002
762.27	0.002
762.46	0.002
762.64	0.002
762.82	0.001
763.00	0.001
763.18	0.001
763.36	0.001
763.54	0.000
763.73	0.001
763.91	0.000
764.09	0.000
764.27	0.001
764.45	0.001
764.63	0.000
764.81	0.000
765.00	0.000
765.18	0.001
765.36	0.000
765.54	0.000
765.72	0.000
765.90	0.000
766.08	0.000
766.27	0.001
766.45	0.001
766.63	0.001
766.81	0.000
766.99	0.001
767.17	0.001
767.35	0.001
767.53	0.000
767.71	0.000
767.90	0.000
768.08	0.001
768.26	0.001
768.44	0.001
768.62	0.001
768.80	0.001
768.98	0.001
769.16	0.001
769.34	0.001
769.52	0.001
769.71	0.001
769.89	0.001
770.07	0.001
770.25	0.001
770.43	0.000
770.61	0.000
770.79	0.000
770.97	0.000
771.15	0.000
771.33	0.000
771.51	0.000
771.69	0.000
771.88	0.000
772.06	0.000
772.24	0.000
772.42	0.001
772.60	0.000
772.78	0.000
772.96	0.000
773.14	0.001
773.32	0.000
773.50	0.001
773.68	0.001
773.86	0.000
774.04	0.000
774.22	0.000
774.40	0.000
774.58	-0.000
774.77	-0.001
774.95	-0.001
775.13	-0.001
775.31	-0.001
775.49	-0.000
775.67	-0.000
775.85	0.000
776.03	0.000
776.21	0.001
776.39	0.001
776.57	0.001
776.75	0.001
776.93	0.001
777.11	0.001
777.29	0.001
777.47	0.001
777.65	0.000
777.83	0.000
778.01	0.000
778.19	0.000
778.37	0.000
778.55	0.000
778.73	0.000
778.91	0.000
779.09	-0.000
779.27	0.000
779.45	0.000
779.63	0.001
779.81	0.000
779.99	0.001
780.17	0.000
780.35	0.000
780.53	0.000
780.71	0.001
780.89	0.000
781.07	0.000
781.25	0.000
781.43	0.001
781.61	0.001
781.79	0.001
781.97	0.001
782.15	0.002
782.33	0.001
782.51	0.001
782.69	0.001
782.87	0.001
783.05	0.001
783.23	0.001
783.41	0.001
783.59	0.000
783.77	0.000
783.95	0.000
784.13	-0.000
784.31	0.000
784.49	0.000
784.67	0.000
784.85	0.000
785.03	0.000
785.21	0.000
785.38	0.000
785.56	0.000
785.74	0.000
785.92	0.000
786.10	-0.000
786.28	-0.000
786.46	-0.000
786.64	-0.001
786.82	-0.001
787.00	-0.001
787.18	-0.000
787.36	-0.000
787.54	-0.000
787.72	0.000
787.90	-0.000
788.08	0.000
788.25	0.000
788.43	0.000
788.61	0.000
788.79	0.000
788.97	0.000
789.15	0.000
789.33	0.000
789.51	0.001
789.69	0.001
789.87	0.001
790.05	0.001
790.23	0.001
790.40	0.000
790.58	0.000
790.76	-0.000
790.94	-0.000
791.12	-0.000
791.30	-0.000
791.48	-0.000
791.66	-0.001
791.84	-0.001
792.02	-0.001
792.19	-0.001
792.37	-0.000
792.55	-0.000
792.73	-0.000
792.91	-0.000
793.09	-0.000
793.27	-0.000
793.45	-0.000
793.63	-0.000
793.80	-0.000
793.98	-0.000
794.16	0.000
794.34	0.000
794.52	0.000
794.70	0.001
794.88	0.001
795.05	0.001
795.23	0.001
795.41	0.001
795.59	0.001
795.77	0.001
795.95	0.001
796.13	0.001
796.30	0.001
796.48	0.001
796.66	0.000
796.84	0.000
797.02	0.000
797.20	0.000
797.38	-0.000
797.55	-0.000
797.73	0.000
797.91	0.000
798.09	0.000
798.27	0.000
798.45	-0.000
798.62	0.000
798.80	0.000
798.98	-0.000
799.16	0.000
799.34	-0.000
799.52	-0.001
799.69	-0.001
799.87	-0.000
800.05	-0.000
800.23	-0.000
800.41	-0.000
800.58	-0.000
800.76	-0.000
800.94	-0.000
801.12	0.000
801.30	-0.000
801.47	0.000
801.65	0.000
801.83	0.001
802.01	0.001
802.19	0.001
802.36	0.001
802.54	0.001
802.72	0.001
802.90	0.001
803.08	0.001
803.25	0.001
803.43	0.001
803.61	0.001
803.79	0.001
803.97	0.001
804.14	0.001
804.32	0.001
804.50	0.001
804.68	0.001
804.85	0.000
805.03	-0.000
805.21	0.000
805.39	0.000
805.56	0.001
805.74	0.000
805.92	0.001
806.10	0.001
806.28	0.001
806.45	0.001
806.63	0.001
806.81	0.000
806.99	-0.000
807.16	-0.001
807.34	-0.001
807.52	-0.001
807.70	-0.000
807.87	-0.000
808.05	0.000
808.23	0.000
808.41	0.001
808.58	0.001
808.76	0.001
808.94	0.001
809.11	0.001
809.29	0.001
809.47	0.001
809.65	0.000
809.82	0.001
810.00	0.000
810.18	0.000
810.36	0.000
810.53	-0.000
810.71	0.000
810.89	-0.000
811.06	0.001
811.24	0.001
811.42	0.001
811.60	0.001
811.77	0.001
811.95	0.001
812.13	0.002
812.30	0.002
812.48	0.002
812.66	0.002
812.83	0.002
813.01	0.001
813.19	0.001
813.37	0.001
813.54	0.001
813.72	0.000
813.90	0.000
814.07	-0.000
814.25	-0.001
814.43	-0.000
814.60	-0.000
814.78	-0.000
814.96	-0.000
815.13	-0.000
815.31	0.000
815.49	0.000
815.66	0.000
815.84	0.000
816.02	-0.000
816.19	-0.000
816.37	-0.000
816.55	-0.001
816.72	-0.001
816.90	-0.001
817.08	-0.001
817.25	-0.000
817.43	-0.001
817.61	-0.000
817.78	-0.000
817.96	0.000
818.14	0.000
818.31	0.000
818.49	0.000
818.67	0.000
818.84	-0.000
819.02	0.000
819.19	0.000
819.37	-0.000
819.55	-0.000
819.72	-0.000
819.90	-0.000
820.08	-0.000
820.25	-0.000
820.43	0.000
820.60	0.000
820.78	0.001
820.96	0.001
821.13	0.000
821.31	0.000
821.49	0.000
821.66	0.001
821.84	0.001
822.01	0.001
822.19	0.000
822.37	0.000
822.54	0.000
822.72	0.000
822.89	0.000
823.07	0.001
823.25	0.001
823.42	0.002
823.60	0.001
823.77	0.001
823.95	0.001
824.13	0.001
824.30	0.001
824.48	0.001
824.65	0.001
824.83	0.001
825.01	0.001
825.18	0.001
825.36	0.001
825.53	0.001
825.71	0.001
825.88	0.001
826.06	0.002
826.24	0.002
826.41	0.002
826.59	0.002
826.76	0.002
826.94	0.001
827.11	0.001
827.29	0.001
827.47	0.001
827.64	0.001
827.82	0.001
827.99	0.000
828.17	0.001
828.34	0.001
828.52	0.001
828.69	0.001
828.87	0.001
829.04	0.001
829.22	0.001
829.40	0.001
829.57	0.001
829.75	0.000
829.92	0.000
830.10	0.000
830.27	0.000
830.45	0.000
830.62	0.000
830.80	-0.000
830.97	0.000
831.15	-0.001
831.32	0.000
831.50	0.000
831.67	0.001
831.85	0.001
832.02	0.001
832.20	0.001
832.37	0.002
832.55	0.001
832.73	0.001
832.90	0.001
833.08	0.001
833.25	0.001
833.43	0.001
833.60	0.001
833.78	0.001
833.95	0.001
834.13	0.001
834.30	0.001
834.48	0.001
834.65	0.001
834.82	0.001
835.00	0.001
835.17	0.001
835.35	0.000
835.52	0.000
835.70	0.000
835.87	-0.000
836.05	0.000
836.22	0.000
836.40	0.000
836.57	0.000
836.75	0.001
836.92	0.000
837.10	-0.000
837.27	-0.000
837.45	0.000
837.62	0.000
837.80	0.000
837.97	-0.000
838.14	0.000
838.32	-0.000
838.49	0.000
838.67	0.001
838.84	0.000
839.02	0.000
839.19	-0.000
839.37	-0.000
839.54	-0.000
839.71	-0.000
839.89	-0.000
840.06	-0.000
840.24	0.000
840.41	0.000
840.59	0.000
840.76	0.000
840.94	0.000
841.11	0.000
841.28	0.001
841.46	0.001
841.63	0.001
841.81	0.000
841.98	0.000
842.15	0.000
842.33	0.001
842.50	0.001
842.68	0.000
842.85	-0.001
843.03	-0.001
843.20	0.000
843.37	0.000
843.55	0.001
843.72	0.001
843.90	0.001
844.07	0.001
844.24	0.001
844.42	0.002
844.59	0.002
844.77	0.002
844.94	0.001
845.11	0.001
845.29	0.001
845.46	0.002
845.63	0.001
845.81	0.001
845.98	0.001
846.16	0.001
846.33	0.001
846.50	0.002
846.68	0.002
846.85	0.002
847.02	0.001
847.20	0.001
847.37	0.001
847.55	0.002
847.72	0.001
847.89	0.001
848.07	0.000
848.24	0.000
848.41	-0.000
848.59	0.000
848.76	0.000
848.93	0.000
849.11	-0.000
849.28	0.001
849.45	0.001
849.63	0.001
849.80	0.002
849.97	0.002
850.15	0.002
850.32	0.003
850.49	0.003
850.67	0.002
850.84	0.001
851.01	0.001
851.19	0.001
851.36	0.001
851.53	0.000
851.71	-0.000
851.88	-0.001
852.05	-0.001
852.23	-0.000
852.40	0.000
852.57	0.000
852.75	-0.000
852.92	-0.001
853.09	-0.001
853.27	-0.001
853.44	-0.001
853.61	-0.001
853.79	-0.001
853.96	-0.001
854.13	-0.001
854.30	-0.002
854.48	-0.002
854.65	-0.002
854.82	-0.002
855.00	-0.002
855.17	-0.002
855.34	-0.003
855.51	-0.002
855.69	-0.003
855.86	-0.001
856.03	-0.001
856.21	-0.001
856.38	-0.001
856.55	-0.000
856.72	0.000
856.90	0.000
857.07	-0.000
857.24	-0.000
857.42	-0.001
857.59	-0.000
857.76	-0.000
857.93	-0.000
858.11	-0.001
858.28	-0.001
858.45	-0.001
858.62	0.000
858.80	-0.000
858.97	-0.001
859.14	-0.002
859.31	-0.001
859.49	-0.001
859.66	-0.001
859.83	-0.002
860.00	-0.002
860.18	-0.002
860.35	-0.001
860.52	-0.001
860.69	-0.001
860.86	-0.001
861.04	-0.001
861.21	-0.001
861.38	-0.002
861.55	-0.002
861.73	-0.002
861.90	-0.002
862.07	-0.002
862.24	-0.003
862.42	-0.002
862.59	-0.002
862.76	-0.002
862.93	-0.002
863.10	-0.002
863.28	-0.003
863.45	-0.003
863.62	-0.003
863.79	-0.003
863.96	-0.003
864.14	-0.003
864.31	-0.003
864.48	-0.002
864.65	-0.002
864.82	-0.002
865.00	-0.001
865.17	-0.002
865.34	-0.003
865.51	-0.003
865.68	-0.003
865.86	-0.003
866.03	-0.003
866.20	-0.003
866.37	-0.003
866.54	-0.004
866.71	-0.004
866.89	-0.004
867.06	-0.004
867.23	-0.005
867.40	-0.006
867.57	-0.006
867.74	-0.006
867.92	-0.006
868.09	-0.006
868.26	-0.005
868.43	-0.005
868.60	-0.004
868.77	-0.004
868.95	-0.004
869.12	-0.004
869.29	-0.004
869.46	-0.004
869.63	-0.004
869.80	-0.005
869.97	-0.005
870.15	-0.005
870.32	-0.005
870.49	-0.005
870.66	-0.005
870.83	-0.005
871.00	-0.006
871.17	-0.005
871.34	-0.005
871.52	-0.005
871.69	-0.006
871.86	-0.005
872.03	-0.005
872.20	-0.005
872.37	-0.005
872.54	-0.005
872.71	-0.006
872.89	-0.006
873.06	-0.006
873.23	-0.005
873.40	-0.006
873.57	-0.005
873.74	-0.005
873.91	-0.005
874.08	-0.005
874.25	-0.004
874.42	-0.004
874.60	-0.004
874.77	-0.004
874.94	-0.005
875.11	-0.005
875.28	-0.006
875.45	-0.006
875.62	-0.006
875.79	-0.006
875.96	-0.007
876.13	-0.007
876.30	-0.007
876.47	-0.007
876.65	-0.007
876.82	-0.006
876.99	-0.006
877.16	-0.006
877.33	-0.007
877.50	-0.005
877.67	-0.005
877.84	-0.005
878.01	-0.005
878.18	-0.005
878.35	-0.006
878.52	-0.006
878.69	-0.006
878.86	-0.007
879.03	-0.007
879.20	-0.007
879.38	-0.007
879.55	-0.008
879.72	-0.007
879.89	-0.007
880.06	-0.007
880.23	-0.007
880.40	-0.007
880.57	-0.008
880.74	-0.008
880.91	-0.008
881.08	-0.008
881.25	-0.009
881.42	-0.010
881.59	-0.010
881.76	-0.010
881.93	-0.009
882.10	-0.008
882.27	-0.008
882.44	-0.007
882.61	-0.007
882.78	-0.006
882.95	-0.006
883.12	-0.006
883.29	-0.005
883.46	-0.006
883.63	-0.006
883.80	-0.007
883.97	-0.007
884.14	-0.008
884.31	-0.009
884.48	-0.009
884.65	-0.009
884.82	-0.010
884.99	-0.010
885.16	-0.011
885.33	-0.011
885.50	-0.010
885.67	-0.010
885.84	-0.010
886.01	-0.010
886.18	-0.011
886.35	-0.010
886.52	-0.008
886.69	-0.007
886.86	-0.007
887.03	-0.007
887.20	-0.006
887.37	-0.005
887.54	-0.005
887.71	-0.004
887.88	-0.005
888.05	-0.005
888.22	-0.005
888.39	-0.005
888.55	-0.006
888.72	-0.006
888.89	-0.006
889.06	-0.007
889.23	-0.008
889.40	-0.009
889.57	-0.010
889.74	-0.010
889.91	-0.010
890.08	-0.010
890.25	-0.010
890.42	-0.011
890.59	-0.010
890.76	-0.010
890.93	-0.009
891.10	-0.008
891.26	-0.007
891.43	-0.008
891.60	-0.007
891.77	-0.006
891.94	-0.006
892.11	-0.006
892.28	-0.006
892.45	-0.007
892.62	-0.008
892.79	-0.009
892.96	-0.009
893.13	-0.009
893.29	-0.010
893.46	-0.011
893.63	-0.011
893.80	-0.011
893.97	-0.010
894.14	-0.010
894.31	-0.010
894.48	-0.010
894.65	-0.008
894.81	-0.012
894.98	-0.013
