177.34	-0.000
177.56	-0.000
177.78	-0.000
178.00	-0.227
178.22	0.037
178.44	-0.068
178.66	-0.115
178.89	-0.242
179.11	-0.263
179.33	-0.120
179.55	-0.000
179.77	0.049
179.99	0.084
180.21	0.249
180.43	0.277
180.65	0.233
180.87	0.236
181.09	0.287
181.31	0.208
181.53	0.197
181.75	0.182
181.97	0.185
182.19	0.201
182.41	0.222
182.63	0.205
182.85	0.194
183.07	0.202
183.30	0.230
183.52	0.247
183.74	0.210
183.96	0.190
184.18	0.199
184.40	0.177
184.62	0.195
184.84	0.219
185.06	0.221
185.28	0.251
185.50	0.246
185.72	0.275
185.94	0.288
186.16	0.302
186.38	0.343
186.60	0.375
186.82	0.428
187.04	0.449
187.26	0.470
187.48	0.526
187.70	0.559
187.92	0.616
188.14	0.675
188.36	0.679
188.58	0.703
188.80	0.695
189.02	0.730
189.24	0.742
189.46	0.754
189.68	0.787
189.90	0.813
190.12	0.823
190.34	0.879
190.56	0.912
190.78	0.932
191.00	0.960
191.22	0.989
191.44	1.022
191.66	1.049
191.88	1.061
192.10	1.073
192.32	1.058
192.54	1.063
192.76	1.099
192.98	1.111
193.20	1.084
193.42	1.093
193.64	1.106
193.86	1.129
194.08	1.161
194.30	1.189
194.52	1.199
194.74	1.190
194.96	1.176
195.18	1.235
195.40	1.252
195.62	1.239
195.84	1.237
196.06	1.225
196.28	1.204
196.50	1.218
196.72	1.208
196.94	1.199
197.16	1.189
197.38	1.170
197.60	1.181
197.82	1.190
198.04	1.193
198.26	1.219
198.48	1.202
198.70	1.207
198.92	1.257
199.13	1.245
199.35	1.262
199.57	1.268
199.79	1.242
200.01	1.249
200.23	1.249
200.45	1.280
200.67	1.329
200.89	1.331
201.11	1.359
201.33	1.355
201.55	1.365
201.77	1.399
201.99	1.433
202.21	1.450
202.43	1.447
202.65	1.413
202.87	1.401
203.09	1.401
203.31	1.412
203.52	1.411
203.74	1.404
203.96	1.383
204.18	1.371
204.40	1.396
204.62	1.427
204.84	1.446
205.06	1.466
205.28	1.479
205.50	1.514
205.72	1.533
205.94	1.540
206.16	1.558
206.38	1.553
206.59	1.542
206.81	1.531
207.03	1.510
207.25	1.521
207.47	1.516
207.69	1.518
207.91	1.517
208.13	1.518
208.35	1.511
208.57	1.502
208.79	1.511
209.01	1.537
209.22	1.536
209.44	1.527
209.66	1.513
209.88	1.520
210.10	1.540
210.32	1.543
210.54	1.573
210.76	1.582
210.98	1.588
211.20	1.584
211.42	1.588
211.63	1.609
211.85	1.621
212.07	1.620
212.29	1.630
212.51	1.622
212.73	1.624
212.95	1.623
213.17	1.636
213.39	1.648
213.60	1.661
213.82	1.665
214.04	1.667
214.26	1.661
214.48	1.665
214.70	1.662
214.92	1.668
215.14	1.667
215.35	1.668
215.57	1.673
215.79	1.676
216.01	1.667
216.23	1.675
216.45	1.680
216.67	1.685
216.89	1.683
217.10	1.679
217.32	1.686
217.54	1.683
217.76	1.685
217.98	1.699
218.20	1.712
218.42	1.715
218.64	1.727
218.85	1.751
219.07	1.764
219.29	1.754
219.51	1.755
219.73	1.753
219.95	1.747
220.17	1.735
220.38	1.729
220.60	1.724
220.82	1.715
221.04	1.716
221.26	1.724
221.48	1.728
221.69	1.734
221.91	1.734
222.13	1.730
222.35	1.743
222.57	1.734
222.79	1.722
223.00	1.703
223.22	1.692
223.44	1.676
223.66	1.651
223.88	1.628
224.10	1.614
224.32	1.587
224.53	1.571
224.75	1.546
224.97	1.527
225.19	1.494
225.41	1.466
225.62	1.441
225.84	1.411
226.06	1.374
226.28	1.341
226.50	1.304
226.72	1.268
226.93	1.234
227.15	1.203
227.37	1.170
227.59	1.135
227.81	1.103
228.02	1.074
228.24	1.041
228.46	1.009
228.68	0.979
228.90	0.947
229.12	0.917
229.33	0.888
229.55	0.860
229.77	0.831
229.99	0.803
230.21	0.775
230.42	0.751
230.64	0.727
230.86	0.702
231.08	0.679
231.30	0.656
231.51	0.635
231.73	0.614
231.95	0.595
232.17	0.576
232.38	0.557
232.60	0.539
232.82	0.522
233.04	0.506
233.26	0.490
233.47	0.473
233.69	0.458
233.91	0.443
234.13	0.427
234.35	0.413
234.56	0.400
234.78	0.386
235.00	0.374
235.22	0.361
235.43	0.349
235.65	0.339
235.87	0.329
236.09	0.319
236.30	0.310
236.52	0.301
236.74	0.292
236.96	0.283
237.18	0.275
237.39	0.267
237.61	0.258
237.83	0.250
238.05	0.243
238.26	0.236
238.48	0.229
238.70	0.222
238.92	0.215
239.13	0.209
239.35	0.202
239.57	0.197
239.79	0.191
240.00	0.185
240.22	0.180
240.44	0.175
240.66	0.170
240.87	0.166
241.09	0.163
241.31	0.159
241.53	0.155
241.74	0.151
241.96	0.148
242.18	0.145
242.40	0.141
242.61	0.138
242.83	0.135
243.05	0.132
243.27	0.129
243.48	0.126
243.70	0.124
243.92	0.121
244.13	0.118
244.35	0.116
244.57	0.114
244.79	0.112
245.00	0.110
245.22	0.107
245.44	0.105
245.65	0.103
245.87	0.101
246.09	0.100
246.31	0.098
246.52	0.096
246.74	0.094
246.96	0.092
247.18	0.091
247.39	0.090
247.61	0.089
247.83	0.087
248.04	0.087
248.26	0.086
248.48	0.085
248.69	0.083
248.91	0.083
249.13	0.082
249.35	0.080
249.56	0.079
249.78	0.078
250.00	0.076
250.21	0.075
250.43	0.074
250.65	0.074
250.86	0.073
251.08	0.072
251.30	0.071
251.51	0.070
251.73	0.069
251.95	0.068
252.17	0.068
252.38	0.067
252.60	0.066
252.82	0.066
253.03	0.065
253.25	0.065
253.47	0.064
253.68	0.064
253.90	0.064
254.12	0.063
254.33	0.062
254.55	0.062
254.77	0.061
254.98	0.061
255.20	0.060
255.42	0.060
255.63	0.059
255.85	0.059
256.07	0.058
256.28	0.057
256.50	0.057
256.72	0.056
256.93	0.055
257.15	0.055
257.37	0.055
257.58	0.055
257.80	0.054
258.02	0.054
258.23	0.055
258.45	0.055
258.67	0.054
258.88	0.055
259.10	0.054
259.32	0.054
259.53	0.054
259.75	0.054
259.96	0.053
260.18	0.052
260.40	0.052
260.61	0.052
260.83	0.051
261.05	0.051
261.26	0.050
261.48	0.050
261.70	0.049
261.91	0.049
262.13	0.049
262.34	0.049
262.56	0.048
262.78	0.048
262.99	0.047
263.21	0.048
263.43	0.048
263.64	0.047
263.86	0.048
264.07	0.048
264.29	0.048
264.51	0.048
264.72	0.047
264.94	0.047
265.16	0.047
265.37	0.047
265.59	0.047
265.80	0.046
266.02	0.046
266.24	0.046
266.45	0.045
266.67	0.045
266.88	0.045
267.10	0.045
267.32	0.045
267.53	0.044
267.75	0.044
267.96	0.044
268.18	0.043
268.40	0.044
268.61	0.044
268.83	0.043
269.04	0.044
269.26	0.044
269.48	0.044
269.69	0.044
269.91	0.044
270.12	0.044
270.34	0.043
270.56	0.043
270.77	0.043
270.99	0.043
271.20	0.042
271.42	0.042
271.64	0.041
271.85	0.042
272.07	0.042
272.28	0.042
272.50	0.041
272.71	0.041
272.93	0.041
273.15	0.040
273.36	0.040
273.58	0.040
273.79	0.040
274.01	0.040
274.22	0.040
274.44	0.040
274.66	0.040
274.87	0.040
275.09	0.040
275.30	0.040
275.52	0.040
275.73	0.039
275.95	0.039
276.16	0.039
276.38	0.038
276.60	0.038
276.81	0.038
277.03	0.038
277.24	0.038
277.46	0.037
277.67	0.037
277.89	0.037
278.10	0.037
278.32	0.036
278.53	0.036
278.75	0.036
278.97	0.036
279.18	0.035
279.40	0.036
279.61	0.036
279.83	0.035
280.04	0.035
280.26	0.035
280.47	0.035
280.69	0.034
280.90	0.033
281.12	0.033
281.33	0.032
281.55	0.032
281.76	0.032
281.98	0.032
282.20	0.032
282.41	0.032
282.63	0.033
282.84	0.033
283.06	0.032
283.27	0.032
283.49	0.032
283.70	0.031
283.92	0.031
284.13	0.031
284.35	0.031
284.56	0.030
284.78	0.030
284.99	0.030
285.21	0.030
285.42	0.030
285.64	0.029
285.85	0.029
286.07	0.029
286.28	0.029
286.50	0.029
286.71	0.029
286.93	0.028
287.14	0.028
287.36	0.028
287.57	0.029
287.79	0.028
288.00	0.028
288.22	0.028
288.43	0.028
288.65	0.028
288.86	0.028
289.08	0.028
289.29	0.027
289.51	0.027
289.72	0.027
289.94	0.027
290.15	0.027
290.37	0.027
290.58	0.027
290.80	0.027
291.01	0.027
291.22	0.028
291.44	0.028
291.65	0.028
291.87	0.027
292.08	0.027
292.30	0.027
292.51	0.027
292.73	0.027
292.94	0.026
293.16	0.026
293.37	0.026
293.59	0.026
293.80	0.026
294.02	0.026
294.23	0.025
294.44	0.025
294.66	0.025
294.87	0.025
295.09	0.025
295.30	0.024
295.52	0.024
295.73	0.023
295.95	0.023
296.16	0.024
296.37	0.024
296.59	0.024
296.80	0.024
297.02	0.024
297.23	0.024
297.45	0.024
297.66	0.025
297.88	0.025
298.09	0.025
298.30	0.025
298.52	0.025
298.73	0.024
298.95	0.025
299.16	0.025
299.38	0.025
299.59	0.025
299.80	0.024
300.02	0.024
300.23	0.024
300.45	0.024
300.66	0.024
300.88	0.024
301.09	0.024
301.30	0.024
301.52	0.023
301.73	0.023
301.95	0.024
302.16	0.023
302.37	0.023
302.59	0.023
302.80	0.023
303.02	0.023
303.23	0.023
303.45	0.023
303.66	0.023
303.87	0.023
304.09	0.023
304.30	0.023
304.52	0.023
304.73	0.023
304.94	0.023
305.16	0.023
305.37	0.023
305.59	0.023
305.80	0.022
306.01	0.022
306.23	0.022
306.44	0.022
306.65	0.022
306.87	0.022
307.08	0.022
307.30	0.022
307.51	0.021
307.72	0.021
307.94	0.021
308.15	0.021
308.37	0.020
308.58	0.020
308.79	0.021
309.01	0.021
309.22	0.021
309.43	0.021
309.65	0.022
309.86	0.022
310.07	0.022
310.29	0.022
310.50	0.022
310.72	0.022
310.93	0.021
311.14	0.021
311.36	0.021
311.57	0.021
311.78	0.021
312.00	0.021
312.21	0.021
312.42	0.021
312.64	0.021
312.85	0.021
313.07	0.021
313.28	0.021
313.49	0.021
313.71	0.021
313.92	0.021
314.13	0.021
314.35	0.021
314.56	0.020
314.77	0.020
314.99	0.020
315.20	0.020
315.41	0.020
315.63	0.020
315.84	0.020
316.05	0.020
316.27	0.020
316.48	0.021
316.69	0.021
316.91	0.021
317.12	0.021
317.33	0.021
317.55	0.021
317.76	0.021
317.97	0.021
318.19	0.021
318.40	0.020
318.61	0.020
318.83	0.020
319.04	0.020
319.25	0.020
319.47	0.021
319.68	0.020
319.89	0.020
320.10	0.020
320.32	0.020
320.53	0.020
320.74	0.021
320.96	0.021
321.17	0.021
321.38	0.020
321.60	0.020
321.81	0.021
322.02	0.021
322.24	0.021
322.45	0.021
322.66	0.021
322.87	0.021
323.09	0.021
323.30	0.020
323.51	0.021
323.73	0.021
323.94	0.021
324.15	0.021
324.36	0.020
324.58	0.020
324.79	0.020
325.00	0.020
325.22	0.021
325.43	0.021
325.64	0.021
325.85	0.021
326.07	0.021
326.28	0.022
326.49	0.022
326.71	0.022
326.92	0.021
327.13	0.021
327.34	0.021
327.56	0.021
327.77	0.021
327.98	0.021
328.19	0.021
328.41	0.020
328.62	0.021
328.83	0.020
329.04	0.020
329.26	0.021
329.47	0.020
329.68	0.020
329.90	0.020
330.11	0.020
330.32	0.021
330.53	0.021
330.75	0.021
330.96	0.021
331.17	0.021
331.38	0.020
331.60	0.021
331.81	0.020
332.02	0.021
332.23	0.021
332.44	0.021
332.66	0.021
332.87	0.021
333.08	0.021
333.29	0.021
333.51	0.021
333.72	0.021
333.93	0.021
334.14	0.021
334.36	0.020
334.57	0.020
334.78	0.020
334.99	0.020
335.21	0.021
335.42	0.021
335.63	0.020
335.84	0.020
336.05	0.020
336.27	0.020
336.48	0.020
336.69	0.020
336.90	0.020
337.11	0.019
337.33	0.019
337.54	0.019
337.75	0.020
337.96	0.020
338.18	0.019
338.39	0.019
338.60	0.018
338.81	0.019
339.02	0.019
339.24	0.019
339.45	0.019
339.66	0.018
339.87	0.018
340.08	0.018
340.30	0.019
340.51	0.019
340.72	0.019
340.93	0.018
341.14	0.018
341.36	0.018
341.57	0.018
341.78	0.018
341.99	0.019
342.20	0.019
342.41	0.019
342.63	0.019
342.84	0.019
343.05	0.019
343.26	0.019
343.47	0.019
343.69	0.019
343.90	0.019
344.11	0.018
344.32	0.018
344.53	0.018
344.74	0.017
344.96	0.018
345.17	0.018
345.38	0.018
345.59	0.018
345.80	0.018
346.01	0.018
346.23	0.018
346.44	0.018
346.65	0.018
346.86	0.017
347.07	0.017
347.28	0.018
347.50	0.017
347.71	0.018
347.92	0.017
348.13	0.017
348.34	0.017
348.55	0.017
348.76	0.017
348.98	0.017
349.19	0.016
349.40	0.016
349.61	0.016
349.82	0.016
350.03	0.015
350.24	0.015
350.46	0.015
350.67	0.015
350.88	0.015
351.09	0.016
351.30	0.016
351.51	0.016
351.72	0.015
351.93	0.015
352.15	0.016
352.36	0.016
352.57	0.016
352.78	0.016
352.99	0.016
353.20	0.016
353.41	0.016
353.62	0.016
353.84	0.016
354.05	0.015
354.26	0.016
354.47	0.015
354.68	0.015
354.89	0.015
355.10	0.014
355.31	0.014
355.52	0.014
355.74	0.014
355.95	0.014
356.16	0.014
356.37	0.014
356.58	0.014
356.79	0.014
357.00	0.013
357.21	0.014
357.42	0.013
357.63	0.014
357.85	0.013
358.06	0.013
358.27	0.013
358.48	0.013
358.69	0.013
358.90	0.013
359.11	0.013
359.32	0.013
359.53	0.012
359.74	0.013
359.95	0.012
360.17	0.012
360.38	0.012
360.59	0.012
360.80	0.012
361.01	0.012
361.22	0.012
361.43	0.012
361.64	0.012
361.85	0.011
362.06	0.011
362.27	0.011
362.48	0.011
362.69	0.011
362.90	0.011
363.12	0.010
363.33	0.010
363.54	0.010
363.75	0.010
363.96	0.011
364.17	0.011
364.38	0.010
364.59	0.010
364.80	0.009
365.01	0.010
365.22	0.010
365.43	0.010
365.64	0.009
365.85	0.009
366.06	0.009
366.27	0.009
366.48	0.009
366.69	0.010
366.90	0.010
367.11	0.009
367.32	0.009
367.54	0.010
367.75	0.009
367.96	0.009
368.17	0.009
368.38	0.009
368.59	0.009
368.80	0.009
369.01	0.008
369.22	0.008
369.43	0.008
369.64	0.008
369.85	0.008
370.06	0.008
370.27	0.008
370.48	0.008
370.69	0.008
370.90	0.008
371.11	0.008
371.32	0.008
371.53	0.009
371.74	0.009
371.95	0.009
372.16	0.009
372.37	0.008
372.58	0.008
372.79	0.009
373.00	0.009
373.21	0.009
373.42	0.009
373.63	0.009
373.84	0.008
374.05	0.008
374.26	0.009
374.47	0.008
374.68	0.008
374.89	0.008
375.10	0.008
375.31	0.008
375.52	0.008
375.73	0.009
375.94	0.008
376.15	0.008
376.36	0.008
376.57	0.007
376.78	0.007
376.99	0.008
377.20	0.008
377.41	0.008
377.62	0.008
377.83	0.008
378.04	0.008
378.25	0.008
378.46	0.008
378.67	0.008
378.88	0.007
379.09	0.007
379.30	0.007
379.51	0.006
379.72	0.006
379.92	0.006
380.13	0.006
380.34	0.006
380.55	0.006
380.76	0.006
380.97	0.006
381.18	0.007
381.39	0.007
381.60	0.007
381.81	0.007
382.02	0.006
382.23	0.006
382.44	0.006
382.65	0.006
382.86	0.006
383.07	0.005
383.28	0.005
383.49	0.005
383.70	0.005
383.91	0.005
384.11	0.005
384.32	0.006
384.53	0.005
384.74	0.006
384.95	0.006
385.16	0.006
385.37	0.006
385.58	0.005
385.79	0.006
386.00	0.006
386.21	0.006
386.42	0.006
386.63	0.006
386.84	0.006
387.04	0.006
387.25	0.006
387.46	0.005
387.67	0.005
387.88	0.005
388.09	0.005
388.30	0.005
388.51	0.004
388.72	0.004
388.93	0.005
389.14	0.005
389.34	0.005
389.55	0.005
389.76	0.005
389.97	0.005
390.18	0.005
390.39	0.005
390.60	0.006
390.81	0.004
391.02	0.004
391.23	0.004
391.43	0.004
391.64	0.003
391.85	0.003
392.06	0.003
392.27	0.002
392.48	0.002
392.69	0.003
392.90	0.003
393.11	0.004
393.31	0.003
393.52	0.003
393.73	0.003
393.94	0.003
394.15	0.004
394.36	0.003
394.57	0.003
394.78	0.002
394.98	0.002
395.19	0.002
395.40	0.002
395.61	0.002
395.82	0.002
396.03	0.002
396.24	0.003
396.44	0.003
396.65	0.003
396.86	0.003
397.07	0.003
397.28	0.004
397.49	0.004
397.70	0.004
397.90	0.004
398.11	0.003
398.32	0.003
398.53	0.003
398.74	0.003
398.95	0.003
399.16	0.003
399.36	0.003
399.57	0.002
399.78	0.002
399.99	0.002
400.20	0.002
400.41	0.003
400.61	0.002
400.82	0.003
401.03	0.003
401.24	0.003
401.45	0.004
401.66	0.004
401.86	0.004
402.07	0.003
402.28	0.003
402.49	0.003
402.70	0.003
402.91	0.003
403.11	0.003
403.32	0.003
403.53	0.003
403.74	0.003
403.95	0.004
404.15	0.004
404.36	0.004
404.57	0.004
404.78	0.004
404.99	0.004
405.20	0.004
405.40	0.004
405.61	0.004
405.82	0.004
406.03	0.004
406.24	0.003
406.44	0.003
406.65	0.004
406.86	0.003
407.07	0.003
407.28	0.004
407.48	0.004
407.69	0.004
407.90	0.004
408.11	0.004
408.32	0.003
408.52	0.003
408.73	0.003
408.94	0.003
409.15	0.003
409.35	0.003
409.56	0.003
409.77	0.003
409.98	0.004
410.19	0.004
410.39	0.004
410.60	0.005
410.81	0.005
411.02	0.005
411.22	0.005
411.43	0.004
411.64	0.004
411.85	0.004
412.05	0.004
412.26	0.003
412.47	0.003
412.68	0.003
412.89	0.003
413.09	0.003
413.30	0.003
413.51	0.002
413.72	0.003
413.92	0.003
414.13	0.003
414.34	0.003
414.55	0.002
414.75	0.003
414.96	0.003
415.17	0.003
415.38	0.002
415.58	0.002
415.79	0.002
416.00	0.002
416.21	0.002
416.41	0.002
416.62	0.002
416.83	0.002
417.03	0.001
417.24	0.001
417.45	0.001
417.66	0.001
417.86	0.001
418.07	0.001
418.28	0.000
418.49	0.000
418.69	0.000
418.90	0.001
419.11	0.001
419.31	0.001
419.52	0.002
419.73	0.002
419.94	0.002
420.14	0.002
420.35	0.002
420.56	0.002
420.76	0.002
420.97	0.002
421.18	0.002
421.39	0.002
421.59	0.002
421.80	0.002
422.01	0.002
422.21	0.002
422.42	0.003
422.63	0.003
422.84	0.003
423.04	0.003
423.25	0.003
423.46	0.003
423.66	0.003
423.87	0.003
424.08	0.002
424.28	0.002
424.49	0.002
424.70	0.002
424.90	0.001
425.11	0.001
425.32	0.000
425.52	0.000
425.73	0.001
425.94	0.001
426.15	0.002
426.35	0.002
426.56	0.002
426.77	0.003
426.97	0.003
427.18	0.003
427.39	0.004
427.59	0.004
427.80	0.004
428.01	0.003
428.21	0.003
428.42	0.003
428.63	0.003
428.83	0.002
429.04	0.003
429.25	0.002
429.45	0.002
429.66	0.002
429.87	0.002
430.07	0.001
430.28	0.001
430.48	0.001
430.69	0.000
430.90	-0.000
431.10	-0.000
431.31	-0.000
431.52	-0.000
431.72	-0.000
431.93	0.000
432.14	0.000
432.34	0.000
432.55	0.000
432.76	0.001
432.96	0.001
433.17	0.001
433.37	0.002
433.58	0.002
433.79	0.003
433.99	0.003
434.20	0.004
434.41	0.004
434.61	0.003
434.82	0.003
435.02	0.003
435.23	0.004
435.44	0.003
435.64	0.003
435.85	0.003
436.06	0.003
436.26	0.003
436.47	0.004
436.67	0.003
436.88	0.003
437.09	0.002
437.29	0.002
437.50	0.002
437.70	0.001
437.91	0.001
438.12	0.001
438.32	0.001
438.53	0.001
438.73	0.001
438.94	0.001
439.15	0.002
439.35	0.003
439.56	0.003
439.76	0.004
439.97	0.004
440.18	0.003
440.38	0.003
440.59	0.003
440.79	0.003
441.00	0.002
441.20	0.002
441.41	0.002
441.62	0.001
441.82	0.001
442.03	0.001
442.23	0.002
442.44	0.001
442.65	0.001
442.85	0.002
443.06	0.002
443.26	0.002
443.47	0.002
443.67	0.002
443.88	0.002
444.09	0.001
444.29	0.002
444.50	0.002
444.70	0.002
444.91	0.002
445.11	0.002
445.32	0.002
445.52	0.001
445.73	0.002
445.94	0.003
446.14	0.003
446.35	0.003
446.55	0.003
446.76	0.003
446.96	0.003
447.17	0.003
447.37	0.003
447.58	0.003
447.78	0.002
447.99	0.002
448.20	0.002
448.40	0.002
448.61	0.002
448.81	0.003
449.02	0.003
449.22	0.003
449.43	0.003
449.63	0.003
449.84	0.003
450.04	0.003
450.25	0.003
450.45	0.003
450.66	0.002
450.86	0.002
451.07	0.002
451.27	0.001
451.48	0.001
451.68	0.001
451.89	0.001
452.09	0.001
452.30	0.001
452.50	0.001
452.71	0.001
452.91	0.001
453.12	0.001
453.33	0.002
453.53	0.002
453.74	0.002
453.94	0.003
454.15	0.003
454.35	0.003
454.56	0.002
454.76	0.003
454.96	0.002
455.17	0.001
455.37	0.001
455.58	0.001
455.78	0.001
455.99	0.001
456.19	0.001
456.40	0.001
456.60	0.001
456.81	0.002
457.01	0.002
457.22	0.001
457.42	0.002
457.63	0.001
457.83	0.001
458.04	0.001
458.24	0.001
458.45	0.000
458.65	-0.000
458.86	-0.000
459.06	0.000
459.27	0.001
459.47	0.000
459.67	0.001
459.88	0.000
460.08	0.000
460.29	0.001
460.49	0.001
460.70	0.001
460.90	0.002
461.11	0.001
461.31	0.001
461.52	0.001
461.72	0.002
461.92	0.002
462.13	0.003
462.33	0.003
462.54	0.003
462.74	0.003
462.95	0.003
463.15	0.003
463.36	0.003
463.56	0.002
463.76	0.003
463.97	0.003
464.17	0.003
464.38	0.003
464.58	0.003
464.79	0.003
464.99	0.003
465.19	0.003
465.40	0.002
465.60	0.002
465.81	0.002
466.01	0.001
466.22	0.001
466.42	0.001
466.62	0.002
466.83	0.002
467.03	0.002
467.24	0.002
467.44	0.002
467.65	0.002
467.85	0.002
468.05	0.002
468.26	0.002
468.46	0.001
468.67	0.001
468.87	0.001
469.07	0.001
469.28	0.000
469.48	0.000
469.69	0.000
469.89	-0.000
470.09	0.000
470.30	0.001
470.50	0.001
470.71	0.001
470.91	0.001
471.11	0.001
471.32	0.002
471.52	0.002
471.72	0.002
471.93	0.002
472.13	0.002
472.34	0.002
472.54	0.002
472.74	0.003
472.95	0.003
473.15	0.002
473.35	0.002
473.56	0.002
473.76	0.002
473.97	0.002
474.17	0.001
474.37	0.001
474.58	0.001
474.78	0.001
474.98	0.001
475.19	0.001
475.39	0.002
475.60	0.001
475.80	0.001
476.00	0.002
476.21	0.002
476.41	0.002
476.61	0.002
476.82	0.002
477.02	0.002
477.22	0.002
477.43	0.003
477.63	0.003
477.83	0.002
478.04	0.002
478.24	0.002
478.44	0.001
478.65	0.002
478.85	0.002
479.05	0.002
479.26	0.001
479.46	0.001
479.66	0.002
479.87	0.002
480.07	0.002
480.27	0.002
480.48	0.002
480.68	0.001
480.88	0.001
481.09	0.001
481.29	0.001
481.49	0.001
481.70	0.001
481.90	0.001
482.10	0.001
482.31	0.001
482.51	0.001
482.71	0.001
482.92	0.001
483.12	0.001
483.32	0.001
483.52	0.001
483.73	0.001
483.93	0.001
484.13	0.001
484.34	0.001
484.54	0.002
484.74	0.001
484.95	0.001
485.15	0.001
485.35	0.001
485.55	0.001
485.76	0.001
485.96	0.001
486.16	0.002
486.37	0.002
486.57	0.002
486.77	0.002
486.97	0.002
487.18	0.002
487.38	0.002
487.58	0.002
487.79	0.002
487.99	0.001
488.19	0.002
488.39	0.001
488.60	0.001
488.80	0.002
489.00	0.002
489.20	0.002
489.41	0.002
489.61	0.002
489.81	0.002
490.02	0.002
490.22	0.001
490.42	0.001
490.62	0.001
490.83	0.001
491.03	0.001
491.23	0.000
491.43	0.000
491.64	-0.000
491.84	0.000
492.04	0.001
492.24	0.001
492.45	0.001
492.65	0.001
492.85	0.001
493.05	0.001
493.26	0.000
493.46	0.001
493.66	0.000
493.86	-0.000
494.07	-0.000
494.27	-0.000
494.47	-0.000
494.67	-0.000
494.87	-0.000
495.08	0.001
495.28	0.001
495.48	0.001
495.68	0.001
495.89	0.001
496.09	0.001
496.29	0.001
496.49	0.001
496.69	0.001
496.90	0.001
497.10	0.001
497.30	0.001
497.50	0.002
497.71	0.002
497.91	0.002
498.11	0.002
498.31	0.002
498.51	0.002
498.72	0.003
498.92	0.002
499.12	0.002
499.32	0.002
499.52	0.002
499.73	0.002
499.93	0.002
500.13	0.002
500.33	0.002
500.53	0.001
500.74	0.002
500.94	0.001
501.14	0.001
501.34	0.001
501.54	0.001
501.74	0.001
501.95	0.001
502.15	0.002
502.35	0.002
502.55	0.002
502.75	0.002
502.96	0.001
503.16	0.001
503.36	0.002
503.56	0.002
503.76	0.002
503.96	0.001
504.17	0.001
504.37	0.001
504.57	0.001
504.77	0.001
504.97	0.001
505.17	0.001
505.38	0.001
505.58	0.001
505.78	0.001
505.98	0.001
506.18	0.001
506.38	0.001
506.58	0.001
506.79	0.001
506.99	0.000
507.19	0.000
507.39	0.001
507.59	0.001
507.79	0.000
507.99	0.000
508.20	-0.000
508.40	-0.000
508.60	0.000
508.80	0.001
509.00	0.001
509.20	0.000
509.40	0.000
509.61	0.000
509.81	0.000
510.01	0.001
510.21	0.001
510.41	0.001
510.61	0.001
510.81	0.001
511.01	0.001
511.22	0.001
511.42	0.001
511.62	0.001
511.82	0.001
512.02	0.001
512.22	0.001
512.42	0.001
512.62	0.001
512.82	0.001
513.03	0.001
513.23	0.000
513.43	0.001
513.63	0.000
513.83	0.000
514.03	0.000
514.23	-0.000
514.43	0.000
514.63	-0.000
514.83	0.000
515.04	-0.000
515.24	0.000
515.44	0.001
515.64	0.001
515.84	0.001
516.04	0.001
516.24	0.001
516.44	0.001
516.64	0.001
516.84	0.001
517.04	0.001
517.24	-0.000
517.45	-0.001
517.65	-0.000
517.85	0.000
518.05	0.000
518.25	0.000
518.45	0.000
518.65	0.000
518.85	-0.000
519.05	0.000
519.25	0.001
519.45	0.000
519.65	-0.000
519.85	-0.000
520.05	-0.000
520.25	0.000
520.46	-0.000
520.66	-0.000
520.86	-0.001
521.06	-0.000
521.26	-0.000
521.46	-0.000
521.66	-0.000
521.86	-0.000
522.06	-0.000
522.26	0.000
522.46	0.000
522.66	-0.000
522.86	-0.001
523.06	-0.000
523.26	-0.000
523.46	-0.000
523.66	-0.000
523.86	-0.000
524.06	-0.000
524.26	-0.000
524.46	0.000
524.66	0.001
524.86	0.000
525.06	0.000
525.26	-0.000
525.46	-0.000
525.66	-0.001
525.87	-0.001
526.07	-0.001
526.27	-0.002
526.47	-0.001
526.67	-0.001
526.87	-0.000
527.07	-0.000
527.27	-0.000
527.47	0.000
527.67	0.000
527.87	0.002
528.07	0.002
528.27	0.002
528.47	0.001
528.67	0.001
528.87	0.000
529.07	-0.000
529.27	0.001
529.47	0.000
529.67	-0.000
529.87	-0.001
530.07	-0.001
530.27	-0.001
530.47	-0.001
530.67	-0.000
530.87	0.000
531.06	-0.000
531.26	-0.000
531.46	-0.000
531.66	0.000
531.86	-0.000
532.06	-0.000
532.26	-0.001
532.46	-0.001
532.66	-0.001
532.86	-0.002
533.06	-0.002
533.26	-0.002
533.46	-0.002
533.66	-0.002
533.86	-0.001
534.06	-0.001
534.26	-0.000
534.46	-0.000
534.66	0.001
534.86	0.001
535.06	0.001
535.26	0.001
535.46	0.001
535.66	0.001
535.86	0.001
536.06	0.001
536.26	0.001
536.45	0.001
536.65	0.001
536.85	0.000
537.05	-0.000
537.25	0.000
537.45	0.000
537.65	0.001
537.85	0.001
538.05	0.000
538.25	0.001
538.45	0.001
538.65	0.000
538.85	0.000
539.05	0.000
539.25	0.000
539.44	0.000
539.64	-0.000
539.84	0.000
540.04	-0.000
540.24	0.000
540.44	0.000
540.64	-0.000
540.84	-0.000
541.04	-0.001
541.24	-0.000
541.44	-0.000
541.64	-0.000
541.83	-0.000
542.03	-0.000
542.23	-0.000
542.43	0.000
542.63	-0.000
542.83	-0.000
543.03	-0.001
543.23	-0.000
543.43	-0.001
543.63	-0.001
543.82	-0.001
544.02	-0.001
544.22	-0.001
544.42	-0.001
544.62	-0.001
544.82	-0.001
545.02	-0.001
545.22	-0.001
545.42	-0.000
545.61	-0.000
545.81	-0.000
546.01	0.000
546.21	0.000
546.41	0.001
546.61	-0.000
546.81	-0.000
547.01	-0.000
547.20	-0.000
547.40	-0.001
547.60	-0.001
547.80	-0.000
548.00	0.000
548.20	-0.000
548.40	-0.000
548.59	-0.000
548.79	-0.000
548.99	-0.000
549.19	-0.000
549.39	0.000
549.59	-0.000
549.79	-0.001
549.98	-0.001
550.18	-0.000
550.38	-0.000
550.58	-0.000
550.78	0.000
550.98	-0.000
551.17	-0.000
551.37	-0.001
551.57	-0.000
551.77	-0.000
551.97	-0.001
552.17	-0.001
552.36	-0.001
552.56	-0.002
552.76	-0.002
552.96	-0.002
553.16	-0.002
553.36	-0.002
553.55	-0.002
553.75	-0.002
553.95	-0.002
554.15	-0.002
554.35	-0.002
554.55	-0.001
554.74	-0.000
554.94	-0.000
555.14	-0.000
555.34	-0.000
555.54	-0.001
555.73	-0.001
555.93	-0.001
556.13	-0.001
556.33	-0.002
556.53	-0.002
556.72	-0.002
556.92	-0.002
557.12	-0.002
557.32	-0.002
557.52	-0.002
557.71	-0.001
557.91	-0.001
558.11	-0.002
558.31	-0.001
558.51	-0.001
558.70	-0.002
558.90	-0.002
559.10	-0.001
559.30	-0.001
559.49	-0.001
559.69	-0.000
559.89	0.000
560.09	0.000
560.29	-0.000
560.48	-0.000
560.68	-0.000
560.88	-0.001
561.08	-0.001
561.27	-0.000
561.47	-0.001
561.67	-0.001
561.87	-0.001
562.06	-0.000
562.26	-0.000
562.46	-0.001
562.66	-0.000
562.86	-0.000
563.05	-0.000
563.25	-0.001
563.45	-0.001
563.65	-0.001
563.84	-0.001
564.04	-0.001
564.24	-0.001
564.44	-0.001
564.63	-0.000
564.83	-0.001
565.03	-0.001
565.22	-0.000
565.42	-0.001
565.62	-0.001
565.82	-0.001
566.01	-0.001
566.21	-0.001
566.41	-0.001
566.61	-0.001
566.80	-0.001
567.00	-0.001
567.20	-0.001
567.40	-0.001
567.59	-0.001
567.79	-0.001
567.99	-0.001
568.18	-0.001
568.38	-0.001
568.58	-0.001
568.78	-0.002
568.97	-0.002
569.17	-0.002
569.37	-0.001
569.56	-0.001
569.76	-0.002
569.96	-0.001
570.16	-0.001
570.35	-0.001
570.55	-0.000
570.75	0.000
570.94	0.000
571.14	-0.000
571.34	-0.000
571.53	0.000
571.73	-0.000
571.93	-0.000
572.12	-0.001
572.32	-0.001
572.52	-0.001
572.72	-0.000
572.91	-0.001
573.11	-0.001
573.31	-0.000
573.50	-0.001
573.70	-0.000
573.90	0.000
574.09	0.001
574.29	0.000
574.49	-0.000
574.68	-0.000
574.88	-0.000
575.08	-0.000
575.27	-0.000
575.47	-0.001
575.67	-0.001
575.86	-0.001
576.06	-0.000
576.26	0.000
576.45	0.000
576.65	0.000
576.85	0.000
577.04	0.000
577.24	0.001
577.44	0.000
577.63	0.000
577.83	-0.000
578.02	-0.000
578.22	-0.000
578.42	-0.000
578.61	-0.000
578.81	-0.000
579.01	-0.001
579.20	-0.001
579.40	-0.001
579.60	-0.001
579.79	-0.001
579.99	-0.001
580.19	-0.000
580.38	0.000
580.58	0.000
580.77	0.000
580.97	0.000
581.17	0.000
581.36	0.000
581.56	0.000
581.75	0.000
581.95	0.000
582.15	0.000
582.34	-0.000
582.54	0.000
582.74	0.000
582.93	0.001
583.13	0.001
583.32	0.000
583.52	0.000
583.72	0.000
583.91	0.000
584.11	0.000
584.30	-0.000
584.50	-0.000
584.70	-0.000
584.89	-0.000
585.09	-0.000
585.28	-0.000
585.48	-0.000
585.68	-0.000
585.87	-0.001
586.07	-0.001
586.26	-0.000
586.46	-0.001
586.66	-0.001
586.85	-0.001
587.05	-0.000
587.24	-0.001
587.44	-0.000
587.63	-0.000
587.83	-0.000
588.03	-0.000
588.22	-0.000
588.42	0.000
588.61	-0.000
588.81	-0.001
589.00	-0.001
589.20	-0.001
589.40	-0.001
589.59	-0.001
589.79	-0.001
589.98	-0.002
590.18	-0.002
590.37	-0.002
590.57	-0.001
590.76	-0.001
590.96	-0.001
591.16	-0.001
591.35	-0.001
591.55	-0.001
591.74	-0.001
591.94	-0.001
592.13	-0.001
592.33	-0.000
592.52	-0.000
592.72	-0.001
592.91	-0.001
593.11	-0.001
593.30	-0.001
593.50	-0.000
593.70	-0.000
593.89	-0.000
594.09	-0.001
594.28	-0.001
594.48	-0.001
594.67	-0.001
594.87	-0.000
595.06	-0.001
595.26	-0.001
595.45	-0.001
595.65	-0.001
595.84	-0.001
596.04	-0.001
596.23	-0.001
596.43	-0.002
596.62	-0.002
596.82	-0.001
597.01	-0.001
597.21	-0.001
597.40	-0.001
597.60	-0.001
597.79	-0.001
597.99	-0.001
598.18	-0.001
598.38	-0.001
598.57	-0.001
598.77	-0.001
598.96	-0.002
599.16	-0.001
599.35	-0.002
599.55	-0.002
599.74	-0.002
599.94	-0.002
600.13	-0.002
600.33	-0.001
600.52	-0.001
600.72	-0.001
600.91	-0.001
601.11	-0.001
601.30	-0.001
601.50	-0.001
601.69	-0.001
601.89	-0.001
602.08	-0.002
602.27	-0.002
602.47	-0.002
602.66	-0.001
602.86	-0.001
603.05	-0.001
603.25	-0.001
603.44	-0.001
603.64	-0.000
603.83	-0.000
604.03	-0.001
604.22	-0.001
604.41	-0.001
604.61	-0.001
604.80	-0.001
605.00	-0.002
605.19	-0.001
605.39	-0.002
605.58	-0.002
605.78	-0.001
605.97	-0.001
606.16	-0.001
606.36	-0.001
606.55	-0.001
606.75	-0.001
606.94	-0.001
607.14	-0.002
607.33	-0.001
607.52	-0.001
607.72	-0.002
607.91	-0.002
608.11	-0.002
608.30	-0.001
608.50	-0.001
608.69	-0.001
608.88	-0.001
609.08	-0.001
609.27	-0.001
609.47	-0.001
609.66	-0.001
609.85	-0.001
610.05	-0.001
610.24	-0.001
610.44	-0.001
610.63	-0.001
610.83	-0.001
611.02	-0.001
611.21	-0.001
611.41	-0.001
611.60	-0.001
611.80	-0.001
611.99	-0.001
612.18	-0.001
612.38	-0.001
612.57	-0.001
612.76	-0.001
612.96	-0.001
613.15	-0.001
613.35	-0.002
613.54	-0.001
613.73	-0.001
613.93	-0.001
614.12	-0.001
614.32	-0.001
614.51	-0.002
614.70	-0.002
614.90	-0.001
615.09	-0.001
615.28	-0.001
615.48	-0.001
615.67	-0.001
615.86	-0.001
616.06	-0.001
616.25	-0.001
616.45	-0.001
616.64	-0.001
616.83	-0.002
617.03	-0.002
617.22	-0.002
617.41	-0.002
617.61	-0.002
617.80	-0.002
617.99	-0.001
618.19	-0.001
618.38	-0.002
618.57	-0.002
618.77	-0.001
618.96	-0.002
619.15	-0.001
619.35	-0.001
619.54	-0.002
619.73	-0.002
619.93	-0.002
620.12	-0.002
620.31	-0.001
620.51	-0.002
620.70	-0.001
620.89	-0.002
621.09	-0.002
621.28	-0.002
621.47	-0.002
621.67	-0.002
621.86	-0.002
622.05	-0.003
622.25	-0.002
622.44	-0.002
622.63	-0.002
622.83	-0.003
623.02	-0.002
623.21	-0.002
623.41	-0.002
623.60	-0.002
623.79	-0.002
623.98	-0.002
624.18	-0.002
624.37	-0.002
624.56	-0.002
624.76	-0.002
624.95	-0.002
625.14	-0.002
625.33	-0.002
625.53	-0.002
625.72	-0.001
625.91	-0.001
626.11	-0.001
626.30	-0.001
626.49	-0.001
626.68	-0.001
626.88	-0.001
627.07	-0.001
627.26	-0.001
627.46	-0.001
627.65	-0.001
627.84	-0.001
628.03	-0.001
628.23	-0.001
628.42	-0.002
628.61	-0.002
628.80	-0.002
629.00	-0.002
629.19	-0.003
629.38	-0.003
629.58	-0.002
629.77	-0.002
629.96	-0.002
630.15	-0.002
630.35	-0.002
630.54	-0.002
630.73	-0.002
630.92	-0.002
631.12	-0.002
631.31	-0.002
631.50	-0.003
631.69	-0.003
631.89	-0.002
632.08	-0.003
632.27	-0.003
632.46	-0.002
632.65	-0.002
632.85	-0.002
633.04	-0.002
633.23	-0.001
633.42	-0.001
633.62	-0.001
633.81	-0.001
634.00	-0.001
634.19	-0.001
634.39	-0.002
634.58	-0.002
634.77	-0.002
634.96	-0.002
635.15	-0.003
635.35	-0.003
635.54	-0.003
635.73	-0.003
635.92	-0.003
636.11	-0.002
636.31	-0.002
636.50	-0.001
636.69	-0.001
636.88	-0.001
637.07	-0.001
637.27	-0.002
637.46	-0.002
637.65	-0.002
637.84	-0.002
638.03	-0.003
638.23	-0.003
638.42	-0.003
638.61	-0.003
638.80	-0.003
638.99	-0.003
639.19	-0.003
639.38	-0.002
639.57	-0.002
639.76	-0.002
639.95	-0.002
640.14	-0.002
640.34	-0.002
640.53	-0.002
640.72	-0.003
640.91	-0.003
641.10	-0.003
641.30	-0.003
641.49	-0.003
641.68	-0.003
641.87	-0.003
642.06	-0.003
642.25	-0.003
642.44	-0.003
642.64	-0.002
642.83	-0.002
643.02	-0.002
643.21	-0.002
643.40	-0.002
643.59	-0.003
643.79	-0.003
643.98	-0.002
644.17	-0.002
644.36	-0.002
644.55	-0.002
644.74	-0.003
644.93	-0.002
645.13	-0.002
645.32	-0.002
645.51	-0.001
645.70	-0.002
645.89	-0.002
646.08	-0.002
646.27	-0.003
646.46	-0.002
646.66	-0.003
646.85	-0.003
647.04	-0.003
647.23	-0.003
647.42	-0.003
647.61	-0.003
647.80	-0.003
647.99	-0.003
648.19	-0.003
648.38	-0.003
648.57	-0.003
648.76	-0.003
648.95	-0.003
649.14	-0.003
649.33	-0.003
649.52	-0.003
649.71	-0.003
649.91	-0.003
650.10	-0.003
650.29	-0.003
650.48	-0.003
650.67	-0.002
650.86	-0.003
651.05	-0.003
651.24	-0.003
651.43	-0.002
651.62	-0.003
651.81	-0.002
652.01	-0.002
652.20	-0.003
652.39	-0.003
652.58	-0.002
652.77	-0.002
652.96	-0.002
653.15	-0.003
653.34	-0.002
653.53	-0.003
653.72	-0.002
653.91	-0.002
654.10	-0.002
654.29	-0.003
654.48	-0.002
654.68	-0.002
654.87	-0.002
655.06	-0.002
655.25	-0.002
655.44	-0.002
655.63	-0.002
655.82	-0.002
656.01	-0.001
656.20	-0.002
656.39	-0.002
656.58	-0.002
656.77	-0.002
656.96	-0.002
657.15	-0.002
657.34	-0.002
657.53	-0.003
657.72	-0.002
657.91	-0.002
658.10	-0.002
658.29	-0.002
658.48	-0.002
658.68	-0.002
658.87	-0.002
659.06	-0.002
659.25	-0.002
659.44	-0.002
659.63	-0.002
659.82	-0.002
660.01	-0.003
660.20	-0.003
660.39	-0.002
660.58	-0.003
660.77	-0.003
660.96	-0.003
661.15	-0.003
661.34	-0.002
661.53	-0.003
661.72	-0.002
661.91	-0.002
662.10	-0.002
662.29	-0.003
662.48	-0.003
662.67	-0.002
662.86	-0.002
663.05	-0.003
663.24	-0.003
663.43	-0.003
663.62	-0.003
663.81	-0.003
664.00	-0.003
664.19	-0.003
664.38	-0.003
664.57	-0.003
664.76	-0.003
664.95	-0.003
665.14	-0.003
665.33	-0.003
665.52	-0.003
665.71	-0.002
665.90	-0.002
666.09	-0.002
666.28	-0.003
666.46	-0.002
666.65	-0.002
666.84	-0.002
667.03	-0.003
667.22	-0.003
667.41	-0.003
667.60	-0.003
667.79	-0.003
667.98	-0.003
668.17	-0.003
668.36	-0.003
668.55	-0.003
668.74	-0.002
668.93	-0.002
669.12	-0.002
669.31	-0.002
669.50	-0.002
669.69	-0.002
669.88	-0.002
670.07	-0.002
670.26	-0.002
670.44	-0.002
670.63	-0.002
670.82	-0.002
671.01	-0.002
671.20	-0.002
671.39	-0.002
671.58	-0.002
671.77	-0.002
671.96	-0.001
672.15	-0.001
672.34	-0.001
672.53	-0.002
672.72	-0.002
672.91	-0.002
673.09	-0.002
673.28	-0.002
673.47	-0.002
673.66	-0.003
673.85	-0.003
674.04	-0.003
674.23	-0.003
674.42	-0.002
674.61	-0.003
674.80	-0.003
674.98	-0.003
675.17	-0.003
675.36	-0.003
675.55	-0.003
675.74	-0.003
675.93	-0.003
676.12	-0.003
676.31	-0.002
676.50	-0.002
676.69	-0.003
676.87	-0.002
677.06	-0.002
677.25	-0.002
677.44	-0.002
677.63	-0.002
677.82	-0.002
678.01	-0.002
678.20	-0.003
678.38	-0.003
678.57	-0.003
678.76	-0.003
678.95	-0.003
679.14	-0.003
679.33	-0.003
679.52	-0.003
679.71	-0.003
679.89	-0.002
680.08	-0.002
680.27	-0.002
680.46	-0.002
680.65	-0.002
680.84	-0.002
681.02	-0.002
681.21	-0.002
681.40	-0.002
681.59	-0.002
681.78	-0.002
681.97	-0.003
682.16	-0.003
682.34	-0.003
682.53	-0.003
682.72	-0.003
682.91	-0.003
683.10	-0.003
683.29	-0.003
683.47	-0.003
683.66	-0.003
683.85	-0.003
684.04	-0.003
684.23	-0.003
684.42	-0.002
684.60	-0.002
684.79	-0.002
684.98	-0.002
685.17	-0.002
685.36	-0.002
685.54	-0.001
685.73	-0.001
685.92	-0.002
686.11	-0.002
686.30	-0.002
686.49	-0.003
686.67	-0.003
686.86	-0.003
687.05	-0.003
687.24	-0.003
687.43	-0.004
687.61	-0.003
687.80	-0.003
687.99	-0.003
688.18	-0.003
688.36	-0.003
688.55	-0.003
688.74	-0.003
688.93	-0.003
689.12	-0.002
689.30	-0.002
689.49	-0.002
689.68	-0.003
689.87	-0.003
690.06	-0.003
690.24	-0.003
690.43	-0.003
690.62	-0.003
690.81	-0.003
690.99	-0.003
691.18	-0.002
691.37	-0.002
691.56	-0.002
691.74	-0.002
691.93	-0.002
692.12	-0.001
692.31	-0.002
692.50	-0.002
692.68	-0.002
692.87	-0.002
693.06	-0.003
693.25	-0.002
693.43	-0.003
693.62	-0.002
693.81	-0.002
694.00	-0.002
694.18	-0.002
694.37	-0.002
694.56	-0.002
694.74	-0.002
694.93	-0.003
695.12	-0.002
695.31	-0.003
695.49	-0.002
695.68	-0.002
695.87	-0.002
696.06	-0.002
696.24	-0.002
696.43	-0.002
696.62	-0.001
696.80	-0.001
696.99	-0.002
697.18	-0.002
697.37	-0.002
697.55	-0.002
697.74	-0.002
697.93	-0.002
698.12	-0.002
698.30	-0.002
698.49	-0.002
698.68	-0.002
698.86	-0.002
699.05	-0.002
699.24	-0.002
699.42	-0.002
699.61	-0.002
699.80	-0.002
699.99	-0.002
700.17	-0.002
700.36	-0.003
700.55	-0.003
700.73	-0.003
700.92	-0.003
701.11	-0.003
701.29	-0.003
701.48	-0.003
701.67	-0.003
701.85	-0.004
702.04	-0.004
702.23	-0.004
702.41	-0.004
702.60	-0.004
702.79	-0.004
702.97	-0.004
703.16	-0.004
703.35	-0.004
703.53	-0.004
703.72	-0.003
703.91	-0.003
704.09	-0.003
704.28	-0.003
704.47	-0.003
704.65	-0.003
704.84	-0.003
705.03	-0.003
705.21	-0.003
705.40	-0.003
705.59	-0.003
705.77	-0.003
705.96	-0.003
706.15	-0.003
706.33	-0.003
706.52	-0.002
706.71	-0.002
706.89	-0.002
707.08	-0.002
707.26	-0.002
707.45	-0.002
707.64	-0.002
707.82	-0.002
708.01	-0.002
708.20	-0.002
708.38	-0.002
708.57	-0.002
708.75	-0.002
708.94	-0.002
709.13	-0.002
709.31	-0.002
709.50	-0.003
709.69	-0.003
709.87	-0.003
710.06	-0.003
710.24	-0.003
710.43	-0.003
710.62	-0.003
710.80	-0.003
710.99	-0.003
711.17	-0.003
711.36	-0.002
711.55	-0.003
711.73	-0.003
711.92	-0.003
712.10	-0.003
712.29	-0.003
712.48	-0.003
712.66	-0.003
712.85	-0.002
713.03	-0.003
713.22	-0.003
713.40	-0.002
713.59	-0.003
713.78	-0.003
713.96	-0.003
714.15	-0.003
714.33	-0.003
714.52	-0.003
714.71	-0.003
714.89	-0.003
715.08	-0.003
715.26	-0.002
715.45	-0.002
715.63	-0.002
715.82	-0.002
716.00	-0.002
716.19	-0.002
716.38	-0.002
716.56	-0.002
716.75	-0.002
716.93	-0.002
717.12	-0.001
717.30	-0.001
717.49	-0.001
717.67	-0.001
717.86	-0.001
718.05	-0.001
718.23	-0.001
718.42	-0.001
718.60	-0.001
718.79	-0.002
718.97	-0.002
719.16	-0.002
719.34	-0.003
719.53	-0.003
719.71	-0.003
719.90	-0.003
720.08	-0.003
720.27	-0.003
720.45	-0.003
720.64	-0.003
720.83	-0.003
721.01	-0.003
721.20	-0.003
721.38	-0.003
721.57	-0.003
721.75	-0.003
721.94	-0.003
722.12	-0.003
722.31	-0.003
722.49	-0.003
722.68	-0.004
722.86	-0.003
723.05	-0.003
723.23	-0.003
723.42	-0.003
723.60	-0.003
723.79	-0.004
723.97	-0.003
724.16	-0.003
724.34	-0.003
724.53	-0.003
724.71	-0.003
724.90	-0.003
725.08	-0.003
725.27	-0.003
725.45	-0.003
725.64	-0.003
725.82	-0.003
726.00	-0.003
726.19	-0.003
726.37	-0.003
726.56	-0.003
726.74	-0.003
726.93	-0.003
727.11	-0.003
727.30	-0.003
727.48	-0.002
727.67	-0.002
727.85	-0.003
728.04	-0.003
728.22	-0.002
728.40	-0.002
728.59	-0.002
728.77	-0.003
728.96	-0.003
729.14	-0.003
729.33	-0.003
729.51	-0.002
729.70	-0.002
729.88	-0.003
730.07	-0.002
730.25	-0.002
730.43	-0.002
730.62	-0.001
730.80	-0.002
730.99	-0.001
731.17	-0.002
731.36	-0.002
731.54	-0.002
731.72	-0.002
731.91	-0.002
732.09	-0.002
732.28	-0.003
732.46	-0.003
732.65	-0.003
732.83	-0.003
733.01	-0.003
733.20	-0.003
733.38	-0.003
733.57	-0.003
733.75	-0.003
733.93	-0.003
734.12	-0.003
734.30	-0.003
734.49	-0.003
734.67	-0.003
734.85	-0.002
735.04	-0.002
735.22	-0.002
735.41	-0.002
735.59	-0.002
735.77	-0.002
735.96	-0.002
736.14	-0.002
736.33	-0.001
736.51	-0.002
736.69	-0.002
736.88	-0.002
737.06	-0.002
737.25	-0.002
737.43	-0.002
737.61	-0.002
737.80	-0.002
737.98	-0.002
738.16	-0.002
738.35	-0.002
738.53	-0.002
738.71	-0.003
738.90	-0.003
739.08	-0.003
739.27	-0.003
739.45	-0.003
739.63	-0.003
739.82	-0.004
740.00	-0.003
740.18	-0.004
740.37	-0.003
740.55	-0.003
740.73	-0.003
740.92	-0.003
741.10	-0.003
741.28	-0.003
741.47	-0.003
741.65	-0.003
741.83	-0.003
742.02	-0.003
742.20	-0.004
742.38	-0.003
742.57	-0.003
742.75	-0.004
742.93	-0.004
743.12	-0.004
743.30	-0.004
743.48	-0.004
743.67	-0.004
743.85	-0.003
744.03	-0.004
744.22	-0.003
744.40	-0.003
744.58	-0.003
744.77	-0.003
744.95	-0.003
745.13	-0.003
745.32	-0.003
745.50	-0.003
745.68	-0.003
745.87	-0.003
746.05	-0.003
746.23	-0.003
746.41	-0.003
746.60	-0.003
746.78	-0.003
746.96	-0.003
747.15	-0.003
747.33	-0.002
747.51	-0.002
747.70	-0.002
747.88	-0.002
748.06	-0.003
748.24	-0.003
748.43	-0.003
748.61	-0.003
748.79	-0.003
748.97	-0.003
749.16	-0.003
749.34	-0.003
749.52	-0.002
749.71	-0.002
749.89	-0.002
750.07	-0.002
750.25	-0.002
750.44	-0.002
750.62	-0.002
750.80	-0.002
750.98	-0.002
751.17	-0.002
751.35	-0.002
751.53	-0.002
751.71	-0.002
751.90	-0.002
752.08	-0.003
752.26	-0.003
752.44	-0.003
752.63	-0.003
752.81	-0.002
752.99	-0.003
753.17	-0.003
753.36	-0.003
753.54	-0.003
753.72	-0.003
753.90	-0.002
754.09	-0.002
754.27	-0.002
754.45	-0.002
754.63	-0.002
754.82	-0.002
755.00	-0.002
755.18	-0.002
755.36	-0.002
755.54	-0.002
755.73	-0.002
755.91	-0.002
756.09	-0.002
756.27	-0.002
756.45	-0.002
756.64	-0.002
756.82	-0.002
757.00	-0.002
757.18	-0.002
757.37	-0.002
757.55	-0.003
757.73	-0.002
757.91	-0.002
758.09	-0.002
758.27	-0.003
758.46	-0.003
758.64	-0.003
758.82	-0.003
759.00	-0.002
759.18	-0.002
759.37	-0.002
759.55	-0.002
759.73	-0.002
759.91	-0.003
760.09	-0.003
760.28	-0.003
760.46	-0.003
760.64	-0.003
760.82	-0.003
761.00	-0.003
761.18	-0.003
761.37	-0.003
761.55	-0.003
761.73	-0.002
761.91	-0.002
762.09	-0.002
762.27	-0.002
762.46	-0.003
762.64	-0.003
762.82	-0.003
763.00	-0.003
763.18	-0.004
763.36	-0.004
763.54	-0.004
763.73	-0.003
763.91	-0.003
764.09	-0.002
764.27	-0.002
764.45	-0.002
764.63	-0.002
764.81	-0.002
765.00	-0.002
765.18	-0.002
765.36	-0.003
765.54	-0.003
765.72	-0.003
765.90	-0.003
766.08	-0.004
766.27	-0.004
766.45	-0.004
766.63	-0.004
766.81	-0.004
766.99	-0.004
767.17	-0.004
767.35	-0.004
767.53	-0.004
767.71	-0.003
767.90	-0.003
768.08	-0.003
768.26	-0.002
768.44	-0.003
768.62	-0.003
768.80	-0.003
768.98	-0.003
769.16	-0.003
769.34	-0.003
769.52	-0.003
769.71	-0.003
769.89	-0.003
770.07	-0.003
770.25	-0.002
770.43	-0.002
770.61	-0.002
770.79	-0.002
770.97	-0.002
771.15	-0.002
771.33	-0.003
771.51	-0.002
771.69	-0.002
771.88	-0.002
772.06	-0.002
772.24	-0.002
772.42	-0.002
772.60	-0.003
772.78	-0.003
772.96	-0.003
773.14	-0.003
773.32	-0.003
773.50	-0.003
773.68	-0.003
773.86	-0.003
774.04	-0.003
774.22	-0.003
774.40	-0.003
774.58	-0.003
774.77	-0.004
774.95	-0.004
775.13	-0.004
775.31	-0.004
775.49	-0.004
775.67	-0.004
775.85	-0.004
776.03	-0.004
776.21	-0.004
776.39	-0.003
776.57	-0.003
776.75	-0.003
776.93	-0.003
777.11	-0.003
777.29	-0.003
777.47	-0.003
777.65	-0.003
777.83	-0.003
778.01	-0.003
778.19	-0.003
778.37	-0.003
778.55	-0.003
778.73	-0.002
778.91	-0.002
779.09	-0.002
779.27	-0.003
779.45	-0.002
779.63	-0.002
779.81	-0.003
779.99	-0.002
780.17	-0.002
780.35	-0.002
780.53	-0.002
780.71	-0.002
780.89	-0.002
781.07	-0.003
781.25	-0.002
781.43	-0.002
781.61	-0.002
781.79	-0.003
781.97	-0.003
782.15	-0.003
782.33	-0.003
782.51	-0.003
782.69	-0.003
782.87	-0.003
783.05	-0.003
783.23	-0.003
783.41	-0.003
783.59	-0.003
783.77	-0.003
783.95	-0.002
784.13	-0.003
784.31	-0.003
784.49	-0.003
784.67	-0.003
784.85	-0.003
785.03	-0.003
785.21	-0.003
785.38	-0.003
785.56	-0.003
785.74	-0.003
785.92	-0.003
786.10	-0.003
786.28	-0.003
786.46	-0.003
786.64	-0.003
786.82	-0.003
787.00	-0.002
787.18	-0.003
787.36	-0.002
787.54	-0.002
787.72	-0.002
787.90	-0.002
788.08	-0.002
788.25	-0.003
788.43	-0.003
788.61	-0.003
788.79	-0.003
788.97	-0.003
789.15	-0.003
789.33	-0.003
789.51	-0.003
789.69	-0.003
789.87	-0.003
790.05	-0.003
790.23	-0.004
790.40	-0.004
790.58	-0.004
790.76	-0.004
790.94	-0.004
791.12	-0.004
791.30	-0.004
791.48	-0.004
791.66	-0.004
791.84	-0.004
792.02	-0.003
792.19	-0.003
792.37	-0.003
792.55	-0.003
792.73	-0.002
792.91	-0.002
793.09	-0.002
793.27	-0.002
793.45	-0.002
793.63	-0.002
793.80	-0.002
793.98	-0.002
794.16	-0.002
794.34	-0.002
794.52	-0.002
794.70	-0.002
794.88	-0.002
795.05	-0.002
795.23	-0.002
795.41	-0.002
795.59	-0.002
795.77	-0.003
795.95	-0.003
796.13	-0.003
796.30	-0.003
796.48	-0.003
796.66	-0.003
796.84	-0.003
797.02	-0.004
797.20	-0.004
797.38	-0.004
797.55	-0.004
797.73	-0.004
797.91	-0.004
798.09	-0.005
798.27	-0.004
798.45	-0.004
798.62	-0.003
798.80	-0.003
798.98	-0.003
799.16	-0.003
799.34	-0.002
799.52	-0.002
799.69	-0.002
799.87	-0.002
800.05	-0.002
800.23	-0.002
800.41	-0.002
800.58	-0.002
800.76	-0.002
800.94	-0.002
801.12	-0.002
801.30	-0.002
801.47	-0.003
801.65	-0.003
801.83	-0.003
802.01	-0.003
802.19	-0.002
802.36	-0.002
802.54	-0.003
802.72	-0.003
802.90	-0.003
803.08	-0.002
803.25	-0.003
803.43	-0.003
803.61	-0.003
803.79	-0.003
803.97	-0.003
804.14	-0.002
804.32	-0.002
804.50	-0.003
804.68	-0.003
804.85	-0.002
805.03	-0.002
805.21	-0.002
805.39	-0.002
805.56	-0.002
805.74	-0.002
805.92	-0.002
806.10	-0.002
806.28	-0.003
806.45	-0.003
806.63	-0.003
806.81	-0.004
806.99	-0.003
807.16	-0.003
807.34	-0.004
807.52	-0.004
807.70	-0.003
807.87	-0.003
808.05	-0.003
808.23	-0.002
808.41	-0.002
808.58	-0.003
808.76	-0.002
808.94	-0.002
809.11	-0.002
809.29	-0.002
809.47	-0.002
809.65	-0.002
809.82	-0.002
810.00	-0.002
810.18	-0.002
810.36	-0.002
810.53	-0.002
810.71	-0.002
810.89	-0.002
811.06	-0.002
811.24	-0.003
811.42	-0.002
811.60	-0.003
811.77	-0.003
811.95	-0.003
812.13	-0.003
812.30	-0.004
812.48	-0.003
812.66	-0.003
812.83	-0.002
813.01	-0.002
813.19	-0.002
813.37	-0.002
813.54	-0.002
813.72	-0.002
813.90	-0.002
814.07	-0.003
814.25	-0.004
814.43	-0.004
814.60	-0.004
814.78	-0.004
814.96	-0.004
815.13	-0.005
815.31	-0.004
815.49	-0.004
815.66	-0.004
815.84	-0.003
816.02	-0.004
816.19	-0.003
816.37	-0.004
816.55	-0.004
816.72	-0.003
816.90	-0.004
817.08	-0.004
817.25	-0.004
817.43	-0.004
817.61	-0.003
817.78	-0.004
817.96	-0.004
818.14	-0.003
818.31	-0.003
818.49	-0.003
818.67	-0.003
818.84	-0.003
819.02	-0.003
819.19	-0.003
819.37	-0.003
819.55	-0.003
819.72	-0.004
819.90	-0.004
820.08	-0.004
820.25	-0.004
820.43	-0.003
820.60	-0.003
820.78	-0.003
820.96	-0.003
821.13	-0.004
821.31	-0.003
821.49	-0.003
821.66	-0.003
821.84	-0.003
822.01	-0.004
822.19	-0.004
822.37	-0.003
822.54	-0.003
822.72	-0.003
822.89	-0.004
823.07	-0.003
823.25	-0.004
823.42	-0.004
823.60	-0.003
823.77	-0.004
823.95	-0.004
824.13	-0.004
824.30	-0.003
824.48	-0.003
824.65	-0.004
824.83	-0.003
825.01	-0.003
825.18	-0.003
825.36	-0.002
825.53	-0.003
825.71	-0.003
825.88	-0.003
826.06	-0.002
826.24	-0.003
826.41	-0.003
826.59	-0.003
826.76	-0.003
826.94	-0.003
827.11	-0.003
827.29	-0.003
827.47	-0.003
827.64	-0.003
827.82	-0.003
827.99	-0.003
828.17	-0.002
828.34	-0.003
828.52	-0.003
828.69	-0.003
828.87	-0.002
829.04	-0.002
829.22	-0.003
829.40	-0.003
829.57	-0.004
829.75	-0.004
829.92	-0.004
830.10	-0.004
830.27	-0.003
830.45	-0.003
830.62	-0.003
830.80	-0.003
830.97	-0.002
831.15	-0.002
831.32	-0.002
831.50	-0.002
831.67	-0.002
831.85	-0.002
832.02	-0.002
832.20	-0.002
832.37	-0.002
832.55	-0.002
832.73	-0.002
832.90	-0.003
833.08	-0.004
833.25	-0.004
833.43	-0.004
833.60	-0.005
833.78	-0.005
833.95	-0.004
834.13	-0.005
834.30	-0.004
834.48	-0.005
834.65	-0.004
834.82	-0.003
835.00	-0.004
835.17	-0.004
835.35	-0.004
835.52	-0.004
835.70	-0.005
835.87	-0.005
836.05	-0.005
836.22	-0.004
836.40	-0.005
836.57	-0.004
836.75	-0.005
836.92	-0.004
837.10	-0.004
837.27	-0.003
837.45	-0.003
837.62	-0.003
837.80	-0.004
837.97	-0.003
838.14	-0.004
838.32	-0.004
838.49	-0.004
838.67	-0.004
838.84	-0.004
839.02	-0.004
839.19	-0.004
839.37	-0.004
839.54	-0.004
839.71	-0.004
839.89	-0.004
840.06	-0.004
840.24	-0.003
840.41	-0.003
840.59	-0.004
840.76	-0.004
840.94	-0.004
841.11	-0.004
841.28	-0.003
841.46	-0.003
841.63	-0.003
841.81	-0.004
841.98	-0.004
842.15	-0.004
842.33	-0.004
842.50	-0.003
842.68	-0.003
842.85	-0.003
843.03	-0.003
843.20	-0.003
843.37	-0.002
843.55	-0.002
843.72	-0.002
843.90	-0.002
844.07	-0.002
844.24	-0.002
844.42	-0.002
844.59	-0.003
844.77	-0.003
844.94	-0.003
845.11	-0.003
845.29	-0.003
845.46	-0.004
845.63	-0.004
845.81	-0.004
845.98	-0.004
846.16	-0.004
846.33	-0.003
846.50	-0.003
846.68	-0.003
846.85	-0.004
847.02	-0.004
847.20	-0.004
847.37	-0.004
847.55	-0.003
847.72	-0.003
847.89	-0.003
848.07	-0.004
848.24	-0.004
848.41	-0.004
848.59	-0.004
848.76	-0.005
848.93	-0.005
849.11	-0.005
849.28	-0.004
849.45	-0.004
849.63	-0.004
849.80	-0.004
849.97	-0.004
850.15	-0.004
850.32	-0.003
850.49	-0.003
850.67	-0.002
850.84	-0.003
851.01	-0.003
851.19	-0.003
851.36	-0.003
851.53	-0.002
851.71	-0.002
851.88	-0.003
852.05	-0.003
852.23	-0.004
852.40	-0.003
852.57	-0.003
852.75	-0.003
852.92	-0.004
853.09	-0.004
853.27	-0.004
853.44	-0.004
853.61	-0.004
853.79	-0.004
853.96	-0.004
854.13	-0.004
854.30	-0.004
854.48	-0.004
854.65	-0.003
854.82	-0.004
855.00	-0.003
855.17	-0.003
855.34	-0.003
855.51	-0.004
855.69	-0.003
855.86	-0.004
856.03	-0.003
856.21	-0.004
856.38	-0.004
856.55	-0.004
856.72	-0.004
856.90	-0.004
857.07	-0.003
857.24	-0.004
857.42	-0.004
857.59	-0.004
857.76	-0.004
857.93	-0.004
858.11	-0.004
858.28	-0.004
858.45	-0.004
858.62	-0.004
858.80	-0.004
858.97	-0.005
859.14	-0.004
859.31	-0.004
859.49	-0.004
859.66	-0.004
859.83	-0.003
860.00	-0.003
860.18	-0.004
860.35	-0.003
860.52	-0.003
860.69	-0.003
860.86	-0.002
861.04	-0.002
861.21	-0.002
861.38	-0.003
861.55	-0.003
861.73	-0.003
861.90	-0.002
862.07	-0.002
862.24	-0.003
862.42	-0.004
862.59	-0.003
862.76	-0.004
862.93	-0.004
863.10	-0.003
863.28	-0.004
863.45	-0.004
863.62	-0.005
863.79	-0.004
863.96	-0.004
864.14	-0.004
864.31	-0.004
864.48	-0.004
864.65	-0.004
864.82	-0.003
865.00	-0.003
865.17	-0.003
865.34	-0.003
865.51	-0.003
865.68	-0.003
865.86	-0.003
866.03	-0.003
866.20	-0.003
866.37	-0.004
866.54	-0.004
866.71	-0.004
866.89	-0.003
867.06	-0.004
867.23	-0.004
867.40	-0.004
867.57	-0.004
867.74	-0.003
867.92	-0.003
868.09	-0.003
868.26	-0.003
868.43	-0.003
868.60	-0.003
868.77	-0.002
868.95	-0.003
869.12	-0.003
869.29	-0.003
869.46	-0.002
869.63	-0.001
869.80	-0.001
869.97	-0.001
870.15	-0.001
870.32	0.000
870.49	0.000
870.66	0.001
870.83	0.000
871.00	-0.000
871.17	-0.001
871.34	-0.001
871.52	-0.002
871.69	-0.002
871.86	-0.003
872.03	-0.002
872.20	-0.002
872.37	-0.002
872.54	-0.002
872.71	-0.002
872.89	-0.002
873.06	-0.002
873.23	-0.002
873.40	-0.001
873.57	-0.002
873.74	-0.002
873.91	-0.003
874.08	-0.003
874.25	-0.002
874.42	-0.001
874.60	-0.002
874.77	-0.001
874.94	-0.002
875.11	-0.002
875.28	-0.002
875.45	-0.002
875.62	-0.002
875.79	-0.002
875.96	-0.003
876.13	-0.003
876.30	-0.003
876.47	-0.003
876.65	-0.003
876.82	-0.003
876.99	-0.002
877.16	-0.002
877.33	-0.002
877.50	-0.002
877.67	-0.002
877.84	-0.002
878.01	-0.001
878.18	-0.001
878.35	-0.001
878.52	-0.001
878.69	-0.001
878.86	-0.001
879.03	-0.001
879.20	-0.002
879.38	-0.002
879.55	-0.002
879.72	-0.003
879.89	-0.003
880.06	-0.002
880.23	-0.002
880.40	-0.002
880.57	-0.002
880.74	-0.001
880.91	-0.001
881.08	-0.001
881.25	-0.001
881.42	-0.000
881.59	-0.002
881.76	-0.002
881.93	-0.001
882.10	-0.001
882.27	-0.001
882.44	-0.001
882.61	-0.001
882.78	-0.001
882.95	0.000
883.12	0.001
883.29	0.001
883.46	0.001
883.63	0.001
883.80	0.001
883.97	0.001
884.14	0.001
884.31	0.000
884.48	-0.000
884.65	-0.001
884.82	-0.001
884.99	-0.002
885.16	-0.002
885.33	-0.001
885.50	-0.002
885.67	-0.003
885.84	-0.003
886.01	-0.003
886.18	-0.002
886.35	-0.002
886.52	-0.002
886.69	-0.002
886.86	-0.002
887.03	-0.002
887.20	-0.001
887.37	-0.003
887.54	-0.003
887.71	-0.002
887.88	-0.002
888.05	-0.001
888.22	-0.001
888.39	-0.001
888.55	-0.001
888.72	-0.001
888.89	0.001
889.06	0.001
889.23	-0.000
889.40	-0.001
889.57	-0.002
889.74	-0.002
889.91	-0.001
890.08	-0.001
890.25	-0.002
890.42	-0.002
890.59	-0.002
890.76	-0.000
890.93	0.001
891.10	0.001
891.26	0.001
891.43	0.001
891.60	0.000
891.77	0.001
891.94	-0.000
892.11	-0.000
892.28	-0.001
892.45	-0.000
892.62	0.001
892.79	0.001
892.96	0.000
893.13	-0.000
893.29	-0.000
893.46	0.001
893.63	0.001
893.80	0.001
893.97	-0.000
894.14	-0.002
894.31	-0.002
894.48	-0.003
894.65	-0.004
894.81	-0.002
894.98	-0.003
