177.34	-0.000
177.56	-0.000
177.78	-0.000
178.00	0.300
178.22	0.139
178.44	0.043
178.66	-0.080
178.89	-0.140
179.11	-0.179
179.33	-0.016
179.55	-0.033
179.77	-0.018
179.99	-0.083
180.21	0.132
180.43	0.130
180.65	0.111
180.87	0.125
181.09	0.111
181.31	0.102
181.53	0.082
181.75	0.064
181.97	0.094
182.19	0.129
182.41	0.137
182.63	0.137
182.85	0.123
183.07	0.141
183.30	0.178
183.52	0.201
183.74	0.196
183.96	0.176
184.18	0.167
184.40	0.169
184.62	0.210
184.84	0.237
185.06	0.265
185.28	0.287
185.50	0.305
185.72	0.348
185.94	0.387
186.16	0.401
186.38	0.439
186.60	0.488
186.82	0.525
187.04	0.496
187.26	0.503
187.48	0.521
187.70	0.533
187.92	0.549
188.14	0.581
188.36	0.593
188.58	0.593
188.80	0.615
189.02	0.685
189.24	0.701
189.46	0.722
189.68	0.773
189.90	0.807
190.12	0.825
190.34	0.854
190.56	0.872
190.78	0.903
191.00	0.908
191.22	0.936
191.44	0.978
191.66	0.979
191.88	1.013
192.10	1.021
192.32	1.056
192.54	1.099
192.76	1.111
192.98	1.111
193.20	1.094
193.42	1.096
193.64	1.078
193.86	1.077
194.08	1.107
194.30	1.104
194.52	1.086
194.74	1.056
194.96	1.072
195.18	1.101
195.40	1.116
195.62	1.144
195.84	1.163
196.06	1.160
196.28	1.155
196.50	1.186
196.72	1.221
196.94	1.205
197.16	1.208
197.38	1.209
197.60	1.230
197.82	1.242
198.04	1.250
198.26	1.263
198.48	1.263
198.70	1.269
198.92	1.301
199.13	1.305
199.35	1.327
199.57	1.320
199.79	1.295
200.01	1.317
200.23	1.328
200.45	1.338
200.67	1.364
200.89	1.359
201.11	1.365
201.33	1.361
201.55	1.370
201.77	1.388
201.99	1.396
202.21	1.411
202.43	1.403
202.65	1.408
202.87	1.417
203.09	1.438
203.31	1.431
203.52	1.427
203.74	1.436
203.96	1.425
204.18	1.413
204.40	1.420
204.62	1.408
204.84	1.423
205.06	1.420
205.28	1.433
205.50	1.467
205.72	1.491
205.94	1.497
206.16	1.509
206.38	1.552
206.59	1.556
206.81	1.560
207.03	1.566
207.25	1.571
207.47	1.569
207.69	1.556
207.91	1.566
208.13	1.571
208.35	1.558
208.57	1.567
208.79	1.556
209.01	1.553
209.22	1.567
209.44	1.562
209.66	1.551
209.88	1.541
210.10	1.543
210.32	1.538
210.54	1.539
210.76	1.564
210.98	1.591
211.20	1.589
211.42	1.586
211.63	1.605
211.85	1.619
212.07	1.636
212.29	1.654
212.51	1.656
212.73	1.655
212.95	1.656
213.17	1.656
213.39	1.672
213.60	1.680
213.82	1.696
214.04	1.707
214.26	1.708
214.48	1.712
214.70	1.698
214.92	1.687
215.14	1.692
215.35	1.691
215.57	1.679
215.79	1.679
216.01	1.665
216.23	1.661
216.45	1.675
216.67	1.684
216.89	1.684
217.10	1.681
217.32	1.687
217.54	1.708
217.76	1.707
217.98	1.715
218.20	1.719
218.42	1.716
218.64	1.741
218.85	1.775
219.07	1.776
219.29	1.776
219.51	1.767
219.73	1.764
219.95	1.766
220.17	1.768
220.38	1.765
220.60	1.751
220.82	1.726
221.04	1.730
221.26	1.726
221.48	1.726
221.69	1.725
221.91	1.715
222.13	1.702
222.35	1.700
222.57	1.680
222.79	1.670
223.00	1.652
223.22	1.628
223.44	1.606
223.66	1.579
223.88	1.560
224.10	1.536
224.32	1.511
224.53	1.493
224.75	1.465
224.97	1.439
225.19	1.413
225.41	1.385
225.62	1.363
225.84	1.330
226.06	1.302
226.28	1.266
226.50	1.227
226.72	1.194
226.93	1.163
227.15	1.131
227.37	1.099
227.59	1.067
227.81	1.036
228.02	1.007
228.24	0.980
228.46	0.954
228.68	0.926
228.90	0.897
229.12	0.872
229.33	0.845
229.55	0.820
229.77	0.795
229.99	0.770
230.21	0.745
230.42	0.721
230.64	0.700
230.86	0.680
231.08	0.658
231.30	0.638
231.51	0.619
231.73	0.601
231.95	0.583
232.17	0.565
232.38	0.548
232.60	0.532
232.82	0.515
233.04	0.499
233.26	0.485
233.47	0.470
233.69	0.455
233.91	0.441
234.13	0.428
234.35	0.416
234.56	0.403
234.78	0.391
235.00	0.380
235.22	0.368
235.43	0.357
235.65	0.348
235.87	0.338
236.09	0.328
236.30	0.319
236.52	0.310
236.74	0.302
236.96	0.293
237.18	0.286
237.39	0.277
237.61	0.269
237.83	0.262
238.05	0.255
238.26	0.248
238.48	0.242
238.70	0.235
238.92	0.229
239.13	0.223
239.35	0.218
239.57	0.212
239.79	0.207
240.00	0.201
240.22	0.196
240.44	0.192
240.66	0.187
240.87	0.183
241.09	0.179
241.31	0.175
241.53	0.171
241.74	0.168
241.96	0.164
242.18	0.162
242.40	0.158
242.61	0.154
242.83	0.151
243.05	0.148
243.27	0.145
243.48	0.142
243.70	0.139
243.92	0.137
244.13	0.134
244.35	0.132
244.57	0.130
244.79	0.127
245.00	0.125
245.22	0.123
245.44	0.121
245.65	0.119
245.87	0.117
246.09	0.115
246.31	0.114
246.52	0.112
246.74	0.110
246.96	0.108
247.18	0.107
247.39	0.105
247.61	0.103
247.83	0.102
248.04	0.101
248.26	0.100
248.48	0.098
248.69	0.097
248.91	0.096
249.13	0.095
249.35	0.094
249.56	0.093
249.78	0.092
250.00	0.091
250.21	0.090
250.43	0.089
250.65	0.088
250.86	0.087
251.08	0.086
251.30	0.085
251.51	0.084
251.73	0.082
251.95	0.082
252.17	0.081
252.38	0.080
252.60	0.079
252.82	0.079
253.03	0.078
253.25	0.078
253.47	0.077
253.68	0.077
253.90	0.076
254.12	0.076
254.33	0.076
254.55	0.075
254.77	0.074
254.98	0.074
255.20	0.073
255.42	0.073
255.63	0.072
255.85	0.072
256.07	0.072
256.28	0.071
256.50	0.070
256.72	0.070
256.93	0.069
257.15	0.069
257.37	0.068
257.58	0.067
257.80	0.067
258.02	0.067
258.23	0.067
258.45	0.067
258.67	0.066
258.88	0.066
259.10	0.065
259.32	0.065
259.53	0.065
259.75	0.064
259.96	0.064
260.18	0.064
260.40	0.063
260.61	0.063
260.83	0.063
261.05	0.063
261.26	0.063
261.48	0.062
261.70	0.062
261.91	0.062
262.13	0.062
262.34	0.062
262.56	0.061
262.78	0.061
262.99	0.061
263.21	0.061
263.43	0.060
263.64	0.060
263.86	0.060
264.07	0.059
264.29	0.058
264.51	0.058
264.72	0.058
264.94	0.058
265.16	0.057
265.37	0.057
265.59	0.057
265.80	0.057
266.02	0.057
266.24	0.057
266.45	0.057
266.67	0.056
266.88	0.057
267.10	0.056
267.32	0.055
267.53	0.055
267.75	0.055
267.96	0.054
268.18	0.054
268.40	0.054
268.61	0.054
268.83	0.053
269.04	0.054
269.26	0.054
269.48	0.054
269.69	0.053
269.91	0.053
270.12	0.053
270.34	0.053
270.56	0.052
270.77	0.052
270.99	0.051
271.20	0.051
271.42	0.050
271.64	0.050
271.85	0.050
272.07	0.050
272.28	0.049
272.50	0.049
272.71	0.049
272.93	0.049
273.15	0.049
273.36	0.048
273.58	0.048
273.79	0.048
274.01	0.048
274.22	0.048
274.44	0.047
274.66	0.047
274.87	0.048
275.09	0.048
275.30	0.048
275.52	0.047
275.73	0.047
275.95	0.047
276.16	0.046
276.38	0.046
276.60	0.045
276.81	0.045
277.03	0.044
277.24	0.044
277.46	0.044
277.67	0.044
277.89	0.044
278.10	0.044
278.32	0.044
278.53	0.044
278.75	0.044
278.97	0.043
279.18	0.043
279.40	0.043
279.61	0.042
279.83	0.042
280.04	0.042
280.26	0.042
280.47	0.041
280.69	0.041
280.90	0.040
281.12	0.040
281.33	0.040
281.55	0.040
281.76	0.039
281.98	0.039
282.20	0.039
282.41	0.039
282.63	0.039
282.84	0.039
283.06	0.039
283.27	0.039
283.49	0.038
283.70	0.038
283.92	0.038
284.13	0.038
284.35	0.038
284.56	0.038
284.78	0.037
284.99	0.036
285.21	0.036
285.42	0.036
285.64	0.036
285.85	0.036
286.07	0.035
286.28	0.035
286.50	0.035
286.71	0.034
286.93	0.035
287.14	0.034
287.36	0.034
287.57	0.035
287.79	0.034
288.00	0.034
288.22	0.034
288.43	0.035
288.65	0.034
288.86	0.034
289.08	0.034
289.29	0.034
289.51	0.034
289.72	0.034
289.94	0.034
290.15	0.034
290.37	0.033
290.58	0.033
290.80	0.033
291.01	0.033
291.22	0.033
291.44	0.033
291.65	0.033
291.87	0.033
292.08	0.033
292.30	0.033
292.51	0.033
292.73	0.033
292.94	0.033
293.16	0.033
293.37	0.032
293.59	0.032
293.80	0.032
294.02	0.032
294.23	0.031
294.44	0.032
294.66	0.031
294.87	0.032
295.09	0.032
295.30	0.032
295.52	0.032
295.73	0.032
295.95	0.032
296.16	0.032
296.37	0.032
296.59	0.032
296.80	0.032
297.02	0.032
297.23	0.031
297.45	0.031
297.66	0.032
297.88	0.031
298.09	0.031
298.30	0.031
298.52	0.031
298.73	0.031
298.95	0.031
299.16	0.031
299.38	0.031
299.59	0.030
299.80	0.030
300.02	0.030
300.23	0.030
300.45	0.030
300.66	0.030
300.88	0.030
301.09	0.030
301.30	0.030
301.52	0.030
301.73	0.030
301.95	0.030
302.16	0.030
302.37	0.030
302.59	0.029
302.80	0.029
303.02	0.030
303.23	0.029
303.45	0.029
303.66	0.029
303.87	0.029
304.09	0.029
304.30	0.028
304.52	0.028
304.73	0.028
304.94	0.028
305.16	0.028
305.37	0.028
305.59	0.029
305.80	0.029
306.01	0.029
306.23	0.029
306.44	0.029
306.65	0.028
306.87	0.028
307.08	0.029
307.30	0.029
307.51	0.029
307.72	0.029
307.94	0.028
308.15	0.028
308.37	0.027
308.58	0.027
308.79	0.027
309.01	0.026
309.22	0.026
309.43	0.025
309.65	0.025
309.86	0.026
310.07	0.025
310.29	0.026
310.50	0.026
310.72	0.025
310.93	0.026
311.14	0.026
311.36	0.026
311.57	0.026
311.78	0.026
312.00	0.026
312.21	0.026
312.42	0.026
312.64	0.026
312.85	0.026
313.07	0.026
313.28	0.026
313.49	0.027
313.71	0.027
313.92	0.027
314.13	0.027
314.35	0.027
314.56	0.026
314.77	0.026
314.99	0.026
315.20	0.026
315.41	0.026
315.63	0.026
315.84	0.026
316.05	0.026
316.27	0.026
316.48	0.026
316.69	0.027
316.91	0.027
317.12	0.026
317.33	0.026
317.55	0.026
317.76	0.026
317.97	0.026
318.19	0.026
318.40	0.025
318.61	0.025
318.83	0.025
319.04	0.025
319.25	0.025
319.47	0.025
319.68	0.025
319.89	0.026
320.10	0.026
320.32	0.026
320.53	0.026
320.74	0.026
320.96	0.026
321.17	0.026
321.38	0.026
321.60	0.025
321.81	0.025
322.02	0.026
322.24	0.026
322.45	0.026
322.66	0.026
322.87	0.026
323.09	0.026
323.30	0.026
323.51	0.026
323.73	0.027
323.94	0.026
324.15	0.026
324.36	0.026
324.58	0.026
324.79	0.026
325.00	0.026
325.22	0.026
325.43	0.026
325.64	0.025
325.85	0.025
326.07	0.025
326.28	0.026
326.49	0.026
326.71	0.026
326.92	0.026
327.13	0.025
327.34	0.025
327.56	0.025
327.77	0.025
327.98	0.025
328.19	0.025
328.41	0.025
328.62	0.025
328.83	0.024
329.04	0.024
329.26	0.025
329.47	0.025
329.68	0.025
329.90	0.025
330.11	0.025
330.32	0.025
330.53	0.025
330.75	0.025
330.96	0.025
331.17	0.025
331.38	0.025
331.60	0.025
331.81	0.024
332.02	0.024
332.23	0.025
332.44	0.025
332.66	0.025
332.87	0.025
333.08	0.025
333.29	0.025
333.51	0.025
333.72	0.025
333.93	0.025
334.14	0.025
334.36	0.025
334.57	0.024
334.78	0.024
334.99	0.025
335.21	0.025
335.42	0.025
335.63	0.024
335.84	0.024
336.05	0.024
336.27	0.024
336.48	0.024
336.69	0.025
336.90	0.024
337.11	0.024
337.33	0.024
337.54	0.023
337.75	0.024
337.96	0.024
338.18	0.024
338.39	0.023
338.60	0.023
338.81	0.023
339.02	0.023
339.24	0.023
339.45	0.023
339.66	0.022
339.87	0.022
340.08	0.022
340.30	0.022
340.51	0.022
340.72	0.022
340.93	0.022
341.14	0.022
341.36	0.022
341.57	0.022
341.78	0.022
341.99	0.022
342.20	0.022
342.41	0.023
342.63	0.023
342.84	0.023
343.05	0.023
343.26	0.023
343.47	0.023
343.69	0.023
343.90	0.023
344.11	0.023
344.32	0.022
344.53	0.022
344.74	0.022
344.96	0.022
345.17	0.022
345.38	0.023
345.59	0.022
345.80	0.022
346.01	0.022
346.23	0.022
346.44	0.022
346.65	0.022
346.86	0.021
347.07	0.021
347.28	0.021
347.50	0.021
347.71	0.021
347.92	0.022
348.13	0.022
348.34	0.022
348.55	0.022
348.76	0.022
348.98	0.022
349.19	0.021
349.40	0.021
349.61	0.020
349.82	0.020
350.03	0.020
350.24	0.020
350.46	0.019
350.67	0.019
350.88	0.018
351.09	0.019
351.30	0.019
351.51	0.019
351.72	0.019
351.93	0.019
352.15	0.019
352.36	0.020
352.57	0.020
352.78	0.020
352.99	0.020
353.20	0.020
353.41	0.020
353.62	0.020
353.84	0.020
354.05	0.019
354.26	0.019
354.47	0.019
354.68	0.019
354.89	0.019
355.10	0.018
355.31	0.018
355.52	0.018
355.74	0.018
355.95	0.018
356.16	0.017
356.37	0.017
356.58	0.018
356.79	0.017
357.00	0.017
357.21	0.017
357.42	0.018
357.63	0.018
357.85	0.017
358.06	0.017
358.27	0.017
358.48	0.017
358.69	0.017
358.90	0.017
359.11	0.017
359.32	0.016
359.53	0.015
359.74	0.015
359.95	0.016
360.17	0.016
360.38	0.016
360.59	0.016
360.80	0.016
361.01	0.016
361.22	0.016
361.43	0.016
361.64	0.016
361.85	0.016
362.06	0.016
362.27	0.016
362.48	0.015
362.69	0.015
362.90	0.015
363.12	0.015
363.33	0.014
363.54	0.014
363.75	0.015
363.96	0.015
364.17	0.015
364.38	0.015
364.59	0.015
364.80	0.014
365.01	0.014
365.22	0.014
365.43	0.014
365.64	0.014
365.85	0.013
366.06	0.013
366.27	0.013
366.48	0.013
366.69	0.013
366.90	0.013
367.11	0.013
367.32	0.013
367.54	0.014
367.75	0.014
367.96	0.013
368.17	0.013
368.38	0.013
368.59	0.013
368.80	0.013
369.01	0.013
369.22	0.014
369.43	0.014
369.64	0.013
369.85	0.013
370.06	0.013
370.27	0.013
370.48	0.013
370.69	0.013
370.90	0.013
371.11	0.013
371.32	0.012
371.53	0.013
371.74	0.013
371.95	0.013
372.16	0.013
372.37	0.013
372.58	0.013
372.79	0.013
373.00	0.013
373.21	0.013
373.42	0.013
373.63	0.013
373.84	0.013
374.05	0.013
374.26	0.013
374.47	0.012
374.68	0.012
374.89	0.012
375.10	0.012
375.31	0.012
375.52	0.012
375.73	0.012
375.94	0.012
376.15	0.012
376.36	0.012
376.57	0.012
376.78	0.012
376.99	0.012
377.20	0.013
377.41	0.012
377.62	0.012
377.83	0.012
378.04	0.012
378.25	0.012
378.46	0.012
378.67	0.012
378.88	0.011
379.09	0.011
379.30	0.011
379.51	0.011
379.72	0.010
379.92	0.010
380.13	0.010
380.34	0.010
380.55	0.010
380.76	0.010
380.97	0.010
381.18	0.010
381.39	0.010
381.60	0.011
381.81	0.011
382.02	0.011
382.23	0.011
382.44	0.011
382.65	0.011
382.86	0.011
383.07	0.011
383.28	0.011
383.49	0.011
383.70	0.010
383.91	0.010
384.11	0.010
384.32	0.010
384.53	0.010
384.74	0.011
384.95	0.011
385.16	0.010
385.37	0.010
385.58	0.010
385.79	0.010
386.00	0.010
386.21	0.010
386.42	0.010
386.63	0.009
386.84	0.009
387.04	0.009
387.25	0.008
387.46	0.008
387.67	0.008
387.88	0.008
388.09	0.009
388.30	0.009
388.51	0.008
388.72	0.008
388.93	0.009
389.14	0.009
389.34	0.009
389.55	0.009
389.76	0.009
389.97	0.009
390.18	0.008
390.39	0.009
390.60	0.010
390.81	0.009
391.02	0.009
391.23	0.009
391.43	0.010
391.64	0.009
391.85	0.009
392.06	0.009
392.27	0.008
392.48	0.007
392.69	0.008
392.90	0.008
393.11	0.008
393.31	0.008
393.52	0.008
393.73	0.008
393.94	0.008
394.15	0.008
394.36	0.008
394.57	0.008
394.78	0.008
394.98	0.008
395.19	0.007
395.40	0.007
395.61	0.007
395.82	0.007
396.03	0.008
396.24	0.008
396.44	0.008
396.65	0.008
396.86	0.007
397.07	0.007
397.28	0.008
397.49	0.008
397.70	0.008
397.90	0.009
398.11	0.008
398.32	0.008
398.53	0.008
398.74	0.008
398.95	0.008
399.16	0.007
399.36	0.007
399.57	0.006
399.78	0.006
399.99	0.006
400.20	0.006
400.41	0.006
400.61	0.007
400.82	0.007
401.03	0.007
401.24	0.008
401.45	0.008
401.66	0.007
401.86	0.008
402.07	0.007
402.28	0.007
402.49	0.007
402.70	0.007
402.91	0.008
403.11	0.007
403.32	0.007
403.53	0.008
403.74	0.008
403.95	0.008
404.15	0.008
404.36	0.008
404.57	0.008
404.78	0.008
404.99	0.008
405.20	0.008
405.40	0.008
405.61	0.008
405.82	0.008
406.03	0.008
406.24	0.007
406.44	0.007
406.65	0.007
406.86	0.007
407.07	0.006
407.28	0.006
407.48	0.006
407.69	0.007
407.90	0.006
408.11	0.007
408.32	0.006
408.52	0.007
408.73	0.006
408.94	0.007
409.15	0.007
409.35	0.008
409.56	0.007
409.77	0.008
409.98	0.008
410.19	0.009
410.39	0.009
410.60	0.010
410.81	0.010
411.02	0.010
411.22	0.010
411.43	0.010
411.64	0.009
411.85	0.009
412.05	0.008
412.26	0.008
412.47	0.007
412.68	0.007
412.89	0.006
413.09	0.006
413.30	0.006
413.51	0.006
413.72	0.007
413.92	0.006
414.13	0.007
414.34	0.006
414.55	0.006
414.75	0.006
414.96	0.007
415.17	0.007
415.38	0.006
415.58	0.006
415.79	0.006
416.00	0.006
416.21	0.006
416.41	0.006
416.62	0.006
416.83	0.006
417.03	0.006
417.24	0.006
417.45	0.006
417.66	0.006
417.86	0.006
418.07	0.006
418.28	0.006
418.49	0.006
418.69	0.006
418.90	0.006
419.11	0.006
419.31	0.006
419.52	0.007
419.73	0.007
419.94	0.007
420.14	0.008
420.35	0.007
420.56	0.007
420.76	0.006
420.97	0.007
421.18	0.007
421.39	0.006
421.59	0.006
421.80	0.005
422.01	0.005
422.21	0.007
422.42	0.007
422.63	0.007
422.84	0.007
423.04	0.007
423.25	0.007
423.46	0.007
423.66	0.007
423.87	0.006
424.08	0.006
424.28	0.005
424.49	0.005
424.70	0.005
424.90	0.005
425.11	0.005
425.32	0.005
425.52	0.006
425.73	0.007
425.94	0.007
426.15	0.007
426.35	0.007
426.56	0.007
426.77	0.008
426.97	0.008
427.18	0.007
427.39	0.008
427.59	0.007
427.80	0.007
428.01	0.006
428.21	0.006
428.42	0.006
428.63	0.006
428.83	0.006
429.04	0.006
429.25	0.006
429.45	0.006
429.66	0.005
429.87	0.006
430.07	0.006
430.28	0.005
430.48	0.005
430.69	0.005
430.90	0.004
431.10	0.004
431.31	0.005
431.52	0.006
431.72	0.006
431.93	0.006
432.14	0.007
432.34	0.007
432.55	0.007
432.76	0.007
432.96	0.007
433.17	0.007
433.37	0.007
433.58	0.007
433.79	0.007
433.99	0.008
434.20	0.008
434.41	0.008
434.61	0.008
434.82	0.008
435.02	0.007
435.23	0.008
435.44	0.007
435.64	0.007
435.85	0.007
436.06	0.007
436.26	0.007
436.47	0.008
436.67	0.007
436.88	0.008
437.09	0.007
437.29	0.007
437.50	0.007
437.70	0.006
437.91	0.006
438.12	0.005
438.32	0.005
438.53	0.005
438.73	0.005
438.94	0.005
439.15	0.006
439.35	0.006
439.56	0.007
439.76	0.007
439.97	0.007
440.18	0.007
440.38	0.007
440.59	0.007
440.79	0.007
441.00	0.006
441.20	0.005
441.41	0.006
441.62	0.005
441.82	0.005
442.03	0.005
442.23	0.005
442.44	0.005
442.65	0.005
442.85	0.005
443.06	0.005
443.26	0.005
443.47	0.005
443.67	0.007
443.88	0.006
444.09	0.006
444.29	0.006
444.50	0.006
444.70	0.006
444.91	0.006
445.11	0.007
445.32	0.006
445.52	0.006
445.73	0.006
445.94	0.007
446.14	0.007
446.35	0.008
446.55	0.007
446.76	0.007
446.96	0.007
447.17	0.008
447.37	0.008
447.58	0.007
447.78	0.007
447.99	0.006
448.20	0.006
448.40	0.006
448.61	0.006
448.81	0.007
449.02	0.007
449.22	0.007
449.43	0.007
449.63	0.008
449.84	0.008
450.04	0.008
450.25	0.008
450.45	0.008
450.66	0.007
450.86	0.007
451.07	0.007
451.27	0.006
451.48	0.005
451.68	0.005
451.89	0.006
452.09	0.006
452.30	0.005
452.50	0.005
452.71	0.005
452.91	0.005
453.12	0.005
453.33	0.006
453.53	0.005
453.74	0.005
453.94	0.006
454.15	0.006
454.35	0.005
454.56	0.005
454.76	0.005
454.96	0.005
455.17	0.005
455.37	0.006
455.58	0.006
455.78	0.005
455.99	0.006
456.19	0.006
456.40	0.006
456.60	0.007
456.81	0.007
457.01	0.007
457.22	0.006
457.42	0.007
457.63	0.006
457.83	0.006
458.04	0.006
458.24	0.006
458.45	0.006
458.65	0.005
458.86	0.006
459.06	0.006
459.27	0.006
459.47	0.006
459.67	0.006
459.88	0.006
460.08	0.006
460.29	0.006
460.49	0.006
460.70	0.006
460.90	0.006
461.11	0.005
461.31	0.005
461.52	0.005
461.72	0.006
461.92	0.006
462.13	0.006
462.33	0.006
462.54	0.006
462.74	0.006
462.95	0.007
463.15	0.007
463.36	0.007
463.56	0.007
463.76	0.007
463.97	0.007
464.17	0.007
464.38	0.008
464.58	0.008
464.79	0.008
464.99	0.008
465.19	0.008
465.40	0.008
465.60	0.008
465.81	0.007
466.01	0.007
466.22	0.006
466.42	0.006
466.62	0.007
466.83	0.008
467.03	0.007
467.24	0.007
467.44	0.007
467.65	0.007
467.85	0.007
468.05	0.007
468.26	0.007
468.46	0.006
468.67	0.005
468.87	0.005
469.07	0.005
469.28	0.005
469.48	0.005
469.69	0.005
469.89	0.005
470.09	0.005
470.30	0.005
470.50	0.006
470.71	0.005
470.91	0.005
471.11	0.005
471.32	0.004
471.52	0.005
471.72	0.004
471.93	0.004
472.13	0.005
472.34	0.004
472.54	0.005
472.74	0.005
472.95	0.005
473.15	0.006
473.35	0.006
473.56	0.006
473.76	0.006
473.97	0.006
474.17	0.007
474.37	0.006
474.58	0.007
474.78	0.007
474.98	0.007
475.19	0.007
475.39	0.007
475.60	0.007
475.80	0.006
476.00	0.006
476.21	0.006
476.41	0.006
476.61	0.006
476.82	0.006
477.02	0.006
477.22	0.006
477.43	0.006
477.63	0.006
477.83	0.006
478.04	0.006
478.24	0.006
478.44	0.005
478.65	0.006
478.85	0.005
479.05	0.006
479.26	0.006
479.46	0.006
479.66	0.006
479.87	0.006
480.07	0.006
480.27	0.006
480.48	0.006
480.68	0.005
480.88	0.005
481.09	0.005
481.29	0.005
481.49	0.004
481.70	0.004
481.90	0.005
482.10	0.005
482.31	0.005
482.51	0.005
482.71	0.005
482.92	0.006
483.12	0.006
483.32	0.006
483.52	0.006
483.73	0.006
483.93	0.006
484.13	0.006
484.34	0.007
484.54	0.007
484.74	0.006
484.95	0.006
485.15	0.006
485.35	0.006
485.55	0.006
485.76	0.006
485.96	0.006
486.16	0.006
486.37	0.006
486.57	0.006
486.77	0.006
486.97	0.006
487.18	0.006
487.38	0.006
487.58	0.006
487.79	0.007
487.99	0.006
488.19	0.006
488.39	0.007
488.60	0.006
488.80	0.006
489.00	0.006
489.20	0.007
489.41	0.007
489.61	0.006
489.81	0.007
490.02	0.006
490.22	0.006
490.42	0.005
490.62	0.005
490.83	0.004
491.03	0.004
491.23	0.004
491.43	0.004
491.64	0.004
491.84	0.004
492.04	0.005
492.24	0.005
492.45	0.005
492.65	0.006
492.85	0.006
493.05	0.005
493.26	0.005
493.46	0.005
493.66	0.005
493.86	0.005
494.07	0.005
494.27	0.005
494.47	0.005
494.67	0.005
494.87	0.005
495.08	0.006
495.28	0.006
495.48	0.006
495.68	0.005
495.89	0.005
496.09	0.005
496.29	0.005
496.49	0.004
496.69	0.005
496.90	0.005
497.10	0.005
497.30	0.005
497.50	0.005
497.71	0.006
497.91	0.006
498.11	0.006
498.31	0.007
498.51	0.006
498.72	0.006
498.92	0.006
499.12	0.006
499.32	0.006
499.52	0.006
499.73	0.005
499.93	0.005
500.13	0.006
500.33	0.006
500.53	0.006
500.74	0.006
500.94	0.006
501.14	0.006
501.34	0.006
501.54	0.006
501.74	0.005
501.95	0.005
502.15	0.005
502.35	0.006
502.55	0.006
502.75	0.006
502.96	0.006
503.16	0.006
503.36	0.006
503.56	0.006
503.76	0.006
503.96	0.005
504.17	0.005
504.37	0.005
504.57	0.005
504.77	0.005
504.97	0.005
505.17	0.005
505.38	0.005
505.58	0.005
505.78	0.006
505.98	0.005
506.18	0.006
506.38	0.006
506.58	0.006
506.79	0.005
506.99	0.005
507.19	0.005
507.39	0.006
507.59	0.006
507.79	0.006
507.99	0.006
508.20	0.005
508.40	0.005
508.60	0.005
508.80	0.005
509.00	0.005
509.20	0.005
509.40	0.005
509.61	0.004
509.81	0.004
510.01	0.005
510.21	0.005
510.41	0.005
510.61	0.005
510.81	0.006
511.01	0.005
511.22	0.004
511.42	0.005
511.62	0.005
511.82	0.005
512.02	0.004
512.22	0.004
512.42	0.004
512.62	0.004
512.82	0.005
513.03	0.005
513.23	0.005
513.43	0.005
513.63	0.005
513.83	0.005
514.03	0.005
514.23	0.005
514.43	0.005
514.63	0.004
514.83	0.004
515.04	0.004
515.24	0.004
515.44	0.005
515.64	0.005
515.84	0.005
516.04	0.005
516.24	0.005
516.44	0.006
516.64	0.006
516.84	0.006
517.04	0.006
517.24	0.005
517.45	0.005
517.65	0.005
517.85	0.005
518.05	0.005
518.25	0.005
518.45	0.005
518.65	0.004
518.85	0.004
519.05	0.005
519.25	0.005
519.45	0.005
519.65	0.004
519.85	0.005
520.05	0.004
520.25	0.005
520.46	0.005
520.66	0.005
520.86	0.005
521.06	0.005
521.26	0.005
521.46	0.005
521.66	0.005
521.86	0.006
522.06	0.006
522.26	0.005
522.46	0.005
522.66	0.005
522.86	0.004
523.06	0.005
523.26	0.004
523.46	0.004
523.66	0.004
523.86	0.004
524.06	0.004
524.26	0.004
524.46	0.004
524.66	0.005
524.86	0.004
525.06	0.005
525.26	0.005
525.46	0.005
525.66	0.004
525.87	0.005
526.07	0.004
526.27	0.004
526.47	0.004
526.67	0.004
526.87	0.004
527.07	0.004
527.27	0.004
527.47	0.006
527.67	0.005
527.87	0.006
528.07	0.006
528.27	0.006
528.47	0.005
528.67	0.005
528.87	0.005
529.07	0.004
529.27	0.004
529.47	0.004
529.67	0.004
529.87	0.004
530.07	0.004
530.27	0.004
530.47	0.004
530.67	0.004
530.87	0.004
531.06	0.004
531.26	0.004
531.46	0.004
531.66	0.004
531.86	0.004
532.06	0.004
532.26	0.004
532.46	0.003
532.66	0.004
532.86	0.003
533.06	0.003
533.26	0.003
533.46	0.004
533.66	0.004
533.86	0.004
534.06	0.005
534.26	0.005
534.46	0.005
534.66	0.005
534.86	0.006
535.06	0.006
535.26	0.006
535.46	0.006
535.66	0.006
535.86	0.006
536.06	0.006
536.26	0.006
536.45	0.006
536.65	0.006
536.85	0.006
537.05	0.006
537.25	0.005
537.45	0.005
537.65	0.005
537.85	0.006
538.05	0.005
538.25	0.005
538.45	0.005
538.65	0.005
538.85	0.005
539.05	0.005
539.25	0.005
539.44	0.005
539.64	0.004
539.84	0.005
540.04	0.005
540.24	0.005
540.44	0.006
540.64	0.006
540.84	0.006
541.04	0.006
541.24	0.006
541.44	0.006
541.64	0.006
541.83	0.005
542.03	0.005
542.23	0.005
542.43	0.005
542.63	0.004
542.83	0.004
543.03	0.004
543.23	0.003
543.43	0.004
543.63	0.004
543.82	0.005
544.02	0.004
544.22	0.004
544.42	0.005
544.62	0.005
544.82	0.005
545.02	0.005
545.22	0.005
545.42	0.006
545.61	0.005
545.81	0.005
546.01	0.005
546.21	0.005
546.41	0.004
546.61	0.004
546.81	0.004
547.01	0.004
547.20	0.004
547.40	0.005
547.60	0.004
547.80	0.005
548.00	0.005
548.20	0.005
548.40	0.005
548.59	0.004
548.79	0.005
548.99	0.004
549.19	0.004
549.39	0.005
549.59	0.005
549.79	0.004
549.98	0.004
550.18	0.005
550.38	0.005
550.58	0.004
550.78	0.004
550.98	0.004
551.17	0.005
551.37	0.004
551.57	0.004
551.77	0.004
551.97	0.004
552.17	0.004
552.36	0.004
552.56	0.004
552.76	0.004
552.96	0.003
553.16	0.003
553.36	0.003
553.55	0.003
553.75	0.004
553.95	0.004
554.15	0.004
554.35	0.005
554.55	0.005
554.74	0.005
554.94	0.005
555.14	0.005
555.34	0.005
555.54	0.004
555.73	0.004
555.93	0.004
556.13	0.003
556.33	0.003
556.53	0.003
556.72	0.003
556.92	0.003
557.12	0.004
557.32	0.003
557.52	0.003
557.71	0.004
557.91	0.004
558.11	0.004
558.31	0.004
558.51	0.004
558.70	0.004
558.90	0.004
559.10	0.005
559.30	0.005
559.49	0.004
559.69	0.004
559.89	0.004
560.09	0.005
560.29	0.004
560.48	0.004
560.68	0.004
560.88	0.004
561.08	0.004
561.27	0.004
561.47	0.004
561.67	0.004
561.87	0.004
562.06	0.004
562.26	0.004
562.46	0.004
562.66	0.004
562.86	0.004
563.05	0.004
563.25	0.004
563.45	0.004
563.65	0.004
563.84	0.005
564.04	0.005
564.24	0.004
564.44	0.004
564.63	0.004
564.83	0.004
565.03	0.004
565.22	0.004
565.42	0.004
565.62	0.004
565.82	0.005
566.01	0.005
566.21	0.005
566.41	0.005
566.61	0.005
566.80	0.005
567.00	0.005
567.20	0.005
567.40	0.005
567.59	0.004
567.79	0.004
567.99	0.004
568.18	0.004
568.38	0.004
568.58	0.004
568.78	0.004
568.97	0.004
569.17	0.004
569.37	0.005
569.56	0.005
569.76	0.005
569.96	0.005
570.16	0.005
570.35	0.005
570.55	0.005
570.75	0.004
570.94	0.004
571.14	0.004
571.34	0.004
571.53	0.004
571.73	0.004
571.93	0.004
572.12	0.003
572.32	0.003
572.52	0.004
572.72	0.004
572.91	0.004
573.11	0.004
573.31	0.004
573.50	0.004
573.70	0.004
573.90	0.005
574.09	0.005
574.29	0.005
574.49	0.005
574.68	0.004
574.88	0.004
575.08	0.004
575.27	0.004
575.47	0.004
575.67	0.004
575.86	0.004
576.06	0.005
576.26	0.005
576.45	0.005
576.65	0.005
576.85	0.005
577.04	0.005
577.24	0.005
577.44	0.005
577.63	0.005
577.83	0.004
578.02	0.004
578.22	0.004
578.42	0.004
578.61	0.005
578.81	0.005
579.01	0.005
579.20	0.005
579.40	0.005
579.60	0.005
579.79	0.005
579.99	0.005
580.19	0.005
580.38	0.005
580.58	0.005
580.77	0.005
580.97	0.004
581.17	0.004
581.36	0.004
581.56	0.004
581.75	0.004
581.95	0.004
582.15	0.004
582.34	0.004
582.54	0.005
582.74	0.005
582.93	0.006
583.13	0.006
583.32	0.006
583.52	0.006
583.72	0.006
583.91	0.006
584.11	0.005
584.30	0.005
584.50	0.005
584.70	0.005
584.89	0.004
585.09	0.004
585.28	0.004
585.48	0.004
585.68	0.005
585.87	0.005
586.07	0.005
586.26	0.004
586.46	0.004
586.66	0.004
586.85	0.005
587.05	0.005
587.24	0.004
587.44	0.004
587.63	0.004
587.83	0.004
588.03	0.005
588.22	0.005
588.42	0.005
588.61	0.005
588.81	0.005
589.00	0.005
589.20	0.004
589.40	0.004
589.59	0.004
589.79	0.004
589.98	0.003
590.18	0.003
590.37	0.003
590.57	0.004
590.76	0.004
590.96	0.004
591.16	0.004
591.35	0.005
591.55	0.005
591.74	0.005
591.94	0.004
592.13	0.004
592.33	0.004
592.52	0.005
592.72	0.005
592.91	0.005
593.11	0.005
593.30	0.005
593.50	0.005
593.70	0.005
593.89	0.005
594.09	0.005
594.28	0.005
594.48	0.005
594.67	0.005
594.87	0.004
595.06	0.004
595.26	0.004
595.45	0.005
595.65	0.005
595.84	0.005
596.04	0.005
596.23	0.005
596.43	0.004
596.62	0.004
596.82	0.004
597.01	0.004
597.21	0.004
597.40	0.004
597.60	0.004
597.79	0.004
597.99	0.004
598.18	0.004
598.38	0.004
598.57	0.004
598.77	0.004
598.96	0.004
599.16	0.004
599.35	0.004
599.55	0.003
599.74	0.003
599.94	0.003
600.13	0.003
600.33	0.003
600.52	0.003
600.72	0.003
600.91	0.003
601.11	0.003
601.30	0.003
601.50	0.004
601.69	0.004
601.89	0.004
602.08	0.004
602.27	0.004
602.47	0.004
602.66	0.004
602.86	0.004
603.05	0.004
603.25	0.005
603.44	0.005
603.64	0.005
603.83	0.005
604.03	0.005
604.22	0.005
604.41	0.005
604.61	0.005
604.80	0.005
605.00	0.004
605.19	0.004
605.39	0.004
605.58	0.004
605.78	0.004
605.97	0.004
606.16	0.004
606.36	0.004
606.55	0.004
606.75	0.004
606.94	0.004
607.14	0.003
607.33	0.004
607.52	0.004
607.72	0.004
607.91	0.003
608.11	0.003
608.30	0.004
608.50	0.004
608.69	0.004
608.88	0.004
609.08	0.004
609.27	0.004
609.47	0.004
609.66	0.003
609.85	0.003
610.05	0.003
610.24	0.004
610.44	0.004
610.63	0.004
610.83	0.004
611.02	0.004
611.21	0.005
611.41	0.005
611.60	0.005
611.80	0.005
611.99	0.004
612.18	0.004
612.38	0.004
612.57	0.004
612.76	0.004
612.96	0.004
613.15	0.004
613.35	0.004
613.54	0.004
613.73	0.004
613.93	0.004
614.12	0.004
614.32	0.004
614.51	0.004
614.70	0.004
614.90	0.004
615.09	0.004
615.28	0.004
615.48	0.004
615.67	0.004
615.86	0.004
616.06	0.004
616.25	0.004
616.45	0.004
616.64	0.003
616.83	0.003
617.03	0.003
617.22	0.003
617.41	0.003
617.61	0.002
617.80	0.002
617.99	0.003
618.19	0.003
618.38	0.003
618.57	0.003
618.77	0.003
618.96	0.003
619.15	0.003
619.35	0.003
619.54	0.003
619.73	0.003
619.93	0.003
620.12	0.004
620.31	0.004
620.51	0.004
620.70	0.004
620.89	0.003
621.09	0.003
621.28	0.003
621.47	0.003
621.67	0.003
621.86	0.003
622.05	0.002
622.25	0.003
622.44	0.003
622.63	0.003
622.83	0.003
623.02	0.003
623.21	0.003
623.41	0.003
623.60	0.003
623.79	0.003
623.98	0.003
624.18	0.003
624.37	0.002
624.56	0.003
624.76	0.003
624.95	0.003
625.14	0.003
625.33	0.003
625.53	0.004
625.72	0.004
625.91	0.004
626.11	0.004
626.30	0.004
626.49	0.004
626.68	0.004
626.88	0.004
627.07	0.004
627.26	0.004
627.46	0.004
627.65	0.004
627.84	0.004
628.03	0.004
628.23	0.004
628.42	0.004
628.61	0.003
628.80	0.003
629.00	0.003
629.19	0.003
629.38	0.003
629.58	0.003
629.77	0.003
629.96	0.002
630.15	0.003
630.35	0.003
630.54	0.003
630.73	0.003
630.92	0.003
631.12	0.003
631.31	0.003
631.50	0.003
631.69	0.003
631.89	0.003
632.08	0.003
632.27	0.003
632.46	0.003
632.65	0.003
632.85	0.003
633.04	0.003
633.23	0.003
633.42	0.003
633.62	0.003
633.81	0.003
634.00	0.002
634.19	0.003
634.39	0.002
634.58	0.002
634.77	0.002
634.96	0.002
635.15	0.002
635.35	0.002
635.54	0.002
635.73	0.003
635.92	0.003
636.11	0.004
636.31	0.004
636.50	0.004
636.69	0.004
636.88	0.004
637.07	0.004
637.27	0.004
637.46	0.003
637.65	0.003
637.84	0.003
638.03	0.003
638.23	0.002
638.42	0.002
638.61	0.002
638.80	0.003
638.99	0.003
639.19	0.003
639.38	0.003
639.57	0.004
639.76	0.004
639.95	0.003
640.14	0.003
640.34	0.003
640.53	0.003
640.72	0.003
640.91	0.003
641.10	0.002
641.30	0.002
641.49	0.002
641.68	0.002
641.87	0.003
642.06	0.003
642.25	0.002
642.44	0.003
642.64	0.003
642.83	0.003
643.02	0.003
643.21	0.003
643.40	0.003
643.59	0.003
643.79	0.003
643.98	0.003
644.17	0.003
644.36	0.003
644.55	0.003
644.74	0.003
644.93	0.003
645.13	0.003
645.32	0.003
645.51	0.003
645.70	0.003
645.89	0.003
646.08	0.003
646.27	0.002
646.46	0.002
646.66	0.002
646.85	0.003
647.04	0.003
647.23	0.003
647.42	0.003
647.61	0.003
647.80	0.003
647.99	0.003
648.19	0.003
648.38	0.003
648.57	0.003
648.76	0.003
648.95	0.002
649.14	0.002
649.33	0.002
649.52	0.002
649.71	0.002
649.91	0.002
650.10	0.002
650.29	0.002
650.48	0.002
650.67	0.003
650.86	0.002
651.05	0.003
651.24	0.003
651.43	0.003
651.62	0.003
651.81	0.003
652.01	0.003
652.20	0.002
652.39	0.002
652.58	0.003
652.77	0.002
652.96	0.002
653.15	0.002
653.34	0.002
653.53	0.002
653.72	0.002
653.91	0.003
654.10	0.002
654.29	0.002
654.48	0.003
654.68	0.003
654.87	0.003
655.06	0.003
655.25	0.003
655.44	0.003
655.63	0.003
655.82	0.003
656.01	0.003
656.20	0.003
656.39	0.003
656.58	0.003
656.77	0.003
656.96	0.003
657.15	0.003
657.34	0.003
657.53	0.003
657.72	0.003
657.91	0.003
658.10	0.003
658.29	0.003
658.48	0.003
658.68	0.003
658.87	0.003
659.06	0.003
659.25	0.003
659.44	0.002
659.63	0.002
659.82	0.003
660.01	0.002
660.20	0.002
660.39	0.002
660.58	0.002
660.77	0.002
660.96	0.002
661.15	0.002
661.34	0.002
661.53	0.003
661.72	0.003
661.91	0.003
662.10	0.003
662.29	0.003
662.48	0.003
662.67	0.003
662.86	0.003
663.05	0.003
663.24	0.003
663.43	0.003
663.62	0.003
663.81	0.003
664.00	0.003
664.19	0.003
664.38	0.003
664.57	0.003
664.76	0.003
664.95	0.003
665.14	0.002
665.33	0.002
665.52	0.003
665.71	0.003
665.90	0.003
666.09	0.002
666.28	0.002
666.46	0.002
666.65	0.002
666.84	0.002
667.03	0.002
667.22	0.002
667.41	0.002
667.60	0.001
667.79	0.002
667.98	0.002
668.17	0.002
668.36	0.002
668.55	0.002
668.74	0.003
668.93	0.003
669.12	0.003
669.31	0.003
669.50	0.002
669.69	0.003
669.88	0.003
670.07	0.003
670.26	0.003
670.44	0.003
670.63	0.003
670.82	0.003
671.01	0.004
671.20	0.004
671.39	0.003
671.58	0.003
671.77	0.003
671.96	0.003
672.15	0.003
672.34	0.003
672.53	0.003
672.72	0.003
672.91	0.003
673.09	0.003
673.28	0.003
673.47	0.002
673.66	0.003
673.85	0.002
674.04	0.002
674.23	0.002
674.42	0.002
674.61	0.002
674.80	0.002
674.98	0.002
675.17	0.002
675.36	0.002
675.55	0.002
675.74	0.002
675.93	0.002
676.12	0.002
676.31	0.002
676.50	0.002
676.69	0.002
676.87	0.002
677.06	0.002
677.25	0.003
677.44	0.003
677.63	0.003
677.82	0.003
678.01	0.003
678.20	0.003
678.38	0.003
678.57	0.002
678.76	0.003
678.95	0.002
679.14	0.002
679.33	0.002
679.52	0.002
679.71	0.002
679.89	0.002
680.08	0.002
680.27	0.002
680.46	0.002
680.65	0.002
680.84	0.002
681.02	0.002
681.21	0.002
681.40	0.002
681.59	0.002
681.78	0.002
681.97	0.001
682.16	0.001
682.34	0.001
682.53	0.001
682.72	0.002
682.91	0.001
683.10	0.002
683.29	0.002
683.47	0.002
683.66	0.002
683.85	0.002
684.04	0.002
684.23	0.002
684.42	0.002
684.60	0.003
684.79	0.003
684.98	0.003
685.17	0.003
685.36	0.003
685.54	0.003
685.73	0.003
685.92	0.003
686.11	0.003
686.30	0.003
686.49	0.003
686.67	0.002
686.86	0.002
687.05	0.002
687.24	0.003
687.43	0.002
687.61	0.002
687.80	0.003
687.99	0.002
688.18	0.002
688.36	0.002
688.55	0.002
688.74	0.002
688.93	0.002
689.12	0.003
689.30	0.002
689.49	0.002
689.68	0.002
689.87	0.002
690.06	0.003
690.24	0.003
690.43	0.003
690.62	0.003
690.81	0.003
690.99	0.003
691.18	0.003
691.37	0.003
691.56	0.003
691.74	0.003
691.93	0.003
692.12	0.003
692.31	0.003
692.50	0.003
692.68	0.003
692.87	0.003
693.06	0.003
693.25	0.003
693.43	0.002
693.62	0.003
693.81	0.002
694.00	0.003
694.18	0.003
694.37	0.003
694.56	0.003
694.74	0.002
694.93	0.002
695.12	0.003
695.31	0.003
695.49	0.003
695.68	0.003
695.87	0.003
696.06	0.003
696.24	0.003
696.43	0.003
696.62	0.003
696.80	0.003
696.99	0.003
697.18	0.002
697.37	0.002
697.55	0.002
697.74	0.002
697.93	0.002
698.12	0.002
698.30	0.002
698.49	0.002
698.68	0.002
698.86	0.002
699.05	0.003
699.24	0.003
699.42	0.003
699.61	0.003
699.80	0.002
699.99	0.003
700.17	0.002
700.36	0.002
700.55	0.002
700.73	0.002
700.92	0.002
701.11	0.002
701.29	0.003
701.48	0.003
701.67	0.002
701.85	0.003
702.04	0.002
702.23	0.002
702.41	0.002
702.60	0.002
702.79	0.002
702.97	0.002
703.16	0.002
703.35	0.002
703.53	0.002
703.72	0.002
703.91	0.002
704.09	0.002
704.28	0.002
704.47	0.003
704.65	0.002
704.84	0.002
705.03	0.002
705.21	0.001
705.40	0.002
705.59	0.001
705.77	0.002
705.96	0.002
706.15	0.002
706.33	0.002
706.52	0.002
706.71	0.002
706.89	0.002
707.08	0.002
707.26	0.002
707.45	0.002
707.64	0.002
707.82	0.002
708.01	0.002
708.20	0.002
708.38	0.003
708.57	0.003
708.75	0.003
708.94	0.003
709.13	0.003
709.31	0.003
709.50	0.002
709.69	0.002
709.87	0.002
710.06	0.002
710.24	0.002
710.43	0.002
710.62	0.002
710.80	0.002
710.99	0.002
711.17	0.002
711.36	0.003
711.55	0.003
711.73	0.003
711.92	0.003
712.10	0.003
712.29	0.003
712.48	0.003
712.66	0.003
712.85	0.003
713.03	0.003
713.22	0.002
713.40	0.003
713.59	0.002
713.78	0.002
713.96	0.002
714.15	0.002
714.33	0.002
714.52	0.002
714.71	0.002
714.89	0.002
715.08	0.002
715.26	0.003
715.45	0.003
715.63	0.003
715.82	0.003
716.00	0.003
716.19	0.002
716.38	0.002
716.56	0.002
716.75	0.003
716.93	0.002
717.12	0.003
717.30	0.003
717.49	0.003
717.67	0.003
717.86	0.003
718.05	0.003
718.23	0.003
718.42	0.002
718.60	0.002
718.79	0.002
718.97	0.001
719.16	0.001
719.34	0.002
719.53	0.001
719.71	0.001
719.90	0.002
720.08	0.001
720.27	0.001
720.45	0.002
720.64	0.002
720.83	0.002
721.01	0.002
721.20	0.002
721.38	0.002
721.57	0.002
721.75	0.002
721.94	0.002
722.12	0.002
722.31	0.002
722.49	0.001
722.68	0.001
722.86	0.002
723.05	0.002
723.23	0.002
723.42	0.002
723.60	0.002
723.79	0.002
723.97	0.002
724.16	0.002
724.34	0.002
724.53	0.001
724.71	0.001
724.90	0.001
725.08	0.001
725.27	0.001
725.45	0.001
725.64	0.001
725.82	0.002
726.00	0.002
726.19	0.002
726.37	0.002
726.56	0.002
726.74	0.002
726.93	0.002
727.11	0.002
727.30	0.002
727.48	0.002
727.67	0.002
727.85	0.002
728.04	0.002
728.22	0.002
728.40	0.002
728.59	0.002
728.77	0.002
728.96	0.001
729.14	0.001
729.33	0.001
729.51	0.002
729.70	0.002
729.88	0.002
730.07	0.002
730.25	0.003
730.43	0.003
730.62	0.003
730.80	0.003
730.99	0.003
731.17	0.003
731.36	0.003
731.54	0.003
731.72	0.003
731.91	0.002
732.09	0.002
732.28	0.002
732.46	0.002
732.65	0.003
732.83	0.003
733.01	0.003
733.20	0.002
733.38	0.003
733.57	0.003
733.75	0.003
733.93	0.002
734.12	0.002
734.30	0.002
734.49	0.002
734.67	0.003
734.85	0.003
735.04	0.002
735.22	0.002
735.41	0.002
735.59	0.003
735.77	0.003
735.96	0.002
736.14	0.003
736.33	0.003
736.51	0.003
736.69	0.003
736.88	0.003
737.06	0.004
737.25	0.004
737.43	0.004
737.61	0.004
737.80	0.004
737.98	0.004
738.16	0.004
738.35	0.004
738.53	0.003
738.71	0.003
738.90	0.002
739.08	0.002
739.27	0.001
739.45	0.001
739.63	0.001
739.82	0.001
740.00	0.001
740.18	0.001
740.37	0.001
740.55	0.002
740.73	0.001
740.92	0.001
741.10	0.002
741.28	0.002
741.47	0.002
741.65	0.001
741.83	0.002
742.02	0.002
742.20	0.001
742.38	0.001
742.57	0.002
742.75	0.001
742.93	0.001
743.12	0.002
743.30	0.002
743.48	0.002
743.67	0.002
743.85	0.002
744.03	0.002
744.22	0.002
744.40	0.002
744.58	0.002
744.77	0.002
744.95	0.002
745.13	0.002
745.32	0.002
745.50	0.002
745.68	0.002
745.87	0.002
746.05	0.002
746.23	0.002
746.41	0.002
746.60	0.002
746.78	0.002
746.96	0.002
747.15	0.002
747.33	0.003
747.51	0.003
747.70	0.003
747.88	0.002
748.06	0.002
748.24	0.002
748.43	0.002
748.61	0.002
748.79	0.002
748.97	0.002
749.16	0.002
749.34	0.003
749.52	0.003
749.71	0.003
749.89	0.004
750.07	0.004
750.25	0.003
750.44	0.004
750.62	0.004
750.80	0.004
750.98	0.004
751.17	0.003
751.35	0.003
751.53	0.003
751.71	0.003
751.90	0.003
752.08	0.003
752.26	0.002
752.44	0.002
752.63	0.002
752.81	0.002
752.99	0.002
753.17	0.002
753.36	0.002
753.54	0.002
753.72	0.003
753.90	0.003
754.09	0.003
754.27	0.003
754.45	0.003
754.63	0.003
754.82	0.004
755.00	0.003
755.18	0.003
755.36	0.003
755.54	0.003
755.73	0.003
755.91	0.003
756.09	0.003
756.27	0.003
756.45	0.003
756.64	0.003
756.82	0.003
757.00	0.003
757.18	0.003
757.37	0.003
757.55	0.003
757.73	0.003
757.91	0.003
758.09	0.003
758.27	0.003
758.46	0.003
758.64	0.003
758.82	0.003
759.00	0.003
759.18	0.003
759.37	0.003
759.55	0.003
759.73	0.004
759.91	0.003
760.09	0.004
760.28	0.003
760.46	0.003
760.64	0.003
760.82	0.003
761.00	0.003
761.18	0.003
761.37	0.003
761.55	0.002
761.73	0.003
761.91	0.003
762.09	0.003
762.27	0.003
762.46	0.003
762.64	0.003
762.82	0.003
763.00	0.003
763.18	0.004
763.36	0.003
763.54	0.004
763.73	0.004
763.91	0.004
764.09	0.004
764.27	0.004
764.45	0.003
764.63	0.004
764.81	0.004
765.00	0.003
765.18	0.003
765.36	0.003
765.54	0.003
765.72	0.003
765.90	0.003
766.08	0.003
766.27	0.002
766.45	0.002
766.63	0.002
766.81	0.002
766.99	0.002
767.17	0.002
767.35	0.002
767.53	0.002
767.71	0.003
767.90	0.003
768.08	0.003
768.26	0.003
768.44	0.003
768.62	0.003
768.80	0.003
768.98	0.003
769.16	0.003
769.34	0.003
769.52	0.003
769.71	0.003
769.89	0.003
770.07	0.003
770.25	0.003
770.43	0.003
770.61	0.003
770.79	0.003
770.97	0.003
771.15	0.003
771.33	0.003
771.51	0.002
771.69	0.003
771.88	0.003
772.06	0.002
772.24	0.002
772.42	0.003
772.60	0.003
772.78	0.003
772.96	0.003
773.14	0.003
773.32	0.003
773.50	0.003
773.68	0.003
773.86	0.003
774.04	0.003
774.22	0.003
774.40	0.002
774.58	0.002
774.77	0.001
774.95	0.002
775.13	0.002
775.31	0.001
775.49	0.001
775.67	0.001
775.85	0.001
776.03	0.002
776.21	0.003
776.39	0.003
776.57	0.003
776.75	0.003
776.93	0.003
777.11	0.003
777.29	0.003
777.47	0.003
777.65	0.003
777.83	0.002
778.01	0.002
778.19	0.003
778.37	0.002
778.55	0.003
778.73	0.003
778.91	0.003
779.09	0.004
779.27	0.003
779.45	0.004
779.63	0.004
779.81	0.004
779.99	0.004
780.17	0.004
780.35	0.004
780.53	0.003
780.71	0.003
780.89	0.003
781.07	0.003
781.25	0.003
781.43	0.003
781.61	0.003
781.79	0.003
781.97	0.003
782.15	0.003
782.33	0.003
782.51	0.003
782.69	0.003
782.87	0.002
783.05	0.003
783.23	0.002
783.41	0.002
783.59	0.002
783.77	0.002
783.95	0.003
784.13	0.002
784.31	0.002
784.49	0.002
784.67	0.002
784.85	0.003
785.03	0.003
785.21	0.003
785.38	0.002
785.56	0.003
785.74	0.003
785.92	0.003
786.10	0.004
786.28	0.004
786.46	0.004
786.64	0.004
786.82	0.004
787.00	0.004
787.18	0.004
787.36	0.004
787.54	0.004
787.72	0.004
787.90	0.004
788.08	0.004
788.25	0.004
788.43	0.004
788.61	0.004
788.79	0.004
788.97	0.003
789.15	0.003
789.33	0.003
789.51	0.003
789.69	0.003
789.87	0.003
790.05	0.002
790.23	0.003
790.40	0.003
790.58	0.003
790.76	0.003
790.94	0.003
791.12	0.003
791.30	0.003
791.48	0.003
791.66	0.003
791.84	0.003
792.02	0.003
792.19	0.003
792.37	0.003
792.55	0.003
792.73	0.004
792.91	0.004
793.09	0.004
793.27	0.004
793.45	0.004
793.63	0.004
793.80	0.004
793.98	0.004
794.16	0.003
794.34	0.003
794.52	0.003
794.70	0.003
794.88	0.003
795.05	0.003
795.23	0.003
795.41	0.003
795.59	0.003
795.77	0.004
795.95	0.004
796.13	0.003
796.30	0.003
796.48	0.003
796.66	0.003
796.84	0.003
797.02	0.003
797.20	0.003
797.38	0.003
797.55	0.003
797.73	0.003
797.91	0.003
798.09	0.003
798.27	0.003
798.45	0.003
798.62	0.003
798.80	0.003
798.98	0.003
799.16	0.003
799.34	0.003
799.52	0.004
799.69	0.004
799.87	0.004
800.05	0.004
800.23	0.004
800.41	0.004
800.58	0.004
800.76	0.004
800.94	0.004
801.12	0.004
801.30	0.004
801.47	0.004
801.65	0.003
801.83	0.003
802.01	0.003
802.19	0.003
802.36	0.003
802.54	0.003
802.72	0.003
802.90	0.003
803.08	0.004
803.25	0.004
803.43	0.004
803.61	0.004
803.79	0.004
803.97	0.005
804.14	0.005
804.32	0.005
804.50	0.004
804.68	0.004
804.85	0.004
805.03	0.003
805.21	0.003
805.39	0.003
805.56	0.003
805.74	0.003
805.92	0.003
806.10	0.003
806.28	0.004
806.45	0.003
806.63	0.003
806.81	0.003
806.99	0.003
807.16	0.003
807.34	0.003
807.52	0.003
807.70	0.003
807.87	0.003
808.05	0.003
808.23	0.004
808.41	0.004
808.58	0.004
808.76	0.004
808.94	0.004
809.11	0.004
809.29	0.004
809.47	0.005
809.65	0.005
809.82	0.004
810.00	0.004
810.18	0.004
810.36	0.005
810.53	0.004
810.71	0.004
810.89	0.004
811.06	0.003
811.24	0.003
811.42	0.004
811.60	0.003
811.77	0.004
811.95	0.003
812.13	0.003
812.30	0.004
812.48	0.004
812.66	0.004
812.83	0.004
813.01	0.004
813.19	0.005
813.37	0.005
813.54	0.005
813.72	0.004
813.90	0.004
814.07	0.003
814.25	0.003
814.43	0.003
814.60	0.003
814.78	0.002
814.96	0.002
815.13	0.001
815.31	0.002
815.49	0.002
815.66	0.002
815.84	0.003
816.02	0.003
816.19	0.003
816.37	0.003
816.55	0.003
816.72	0.003
816.90	0.003
817.08	0.003
817.25	0.003
817.43	0.003
817.61	0.003
817.78	0.003
817.96	0.003
818.14	0.003
818.31	0.003
818.49	0.004
818.67	0.003
818.84	0.003
819.02	0.003
819.19	0.003
819.37	0.003
819.55	0.003
819.72	0.003
819.90	0.002
820.08	0.003
820.25	0.003
820.43	0.003
820.60	0.004
820.78	0.004
820.96	0.004
821.13	0.004
821.31	0.004
821.49	0.005
821.66	0.004
821.84	0.004
822.01	0.004
822.19	0.004
822.37	0.005
822.54	0.005
822.72	0.004
822.89	0.004
823.07	0.004
823.25	0.004
823.42	0.004
823.60	0.004
823.77	0.003
823.95	0.003
824.13	0.003
824.30	0.004
824.48	0.003
824.65	0.003
824.83	0.004
825.01	0.004
825.18	0.004
825.36	0.004
825.53	0.003
825.71	0.003
825.88	0.004
826.06	0.004
826.24	0.004
826.41	0.003
826.59	0.003
826.76	0.003
826.94	0.003
827.11	0.003
827.29	0.003
827.47	0.003
827.64	0.003
827.82	0.003
827.99	0.004
828.17	0.003
828.34	0.003
828.52	0.004
828.69	0.003
828.87	0.003
829.04	0.003
829.22	0.003
829.40	0.003
829.57	0.003
829.75	0.003
829.92	0.003
830.10	0.003
830.27	0.004
830.45	0.003
830.62	0.003
830.80	0.003
830.97	0.003
831.15	0.003
831.32	0.003
831.50	0.003
831.67	0.003
831.85	0.003
832.02	0.003
832.20	0.004
832.37	0.004
832.55	0.004
832.73	0.005
832.90	0.004
833.08	0.004
833.25	0.003
833.43	0.003
833.60	0.003
833.78	0.003
833.95	0.002
834.13	0.002
834.30	0.002
834.48	0.002
834.65	0.002
834.82	0.003
835.00	0.002
835.17	0.002
835.35	0.002
835.52	0.002
835.70	0.001
835.87	0.002
836.05	0.002
836.22	0.002
836.40	0.001
836.57	0.001
836.75	0.002
836.92	0.002
837.10	0.002
837.27	0.003
837.45	0.003
837.62	0.003
837.80	0.003
837.97	0.003
838.14	0.003
838.32	0.003
838.49	0.002
838.67	0.003
838.84	0.003
839.02	0.004
839.19	0.004
839.37	0.003
839.54	0.004
839.71	0.004
839.89	0.003
840.06	0.004
840.24	0.004
840.41	0.004
840.59	0.003
840.76	0.002
840.94	0.002
841.11	0.002
841.28	0.002
841.46	0.003
841.63	0.002
841.81	0.002
841.98	0.002
842.15	0.002
842.33	0.003
842.50	0.003
842.68	0.003
842.85	0.004
843.03	0.004
843.20	0.003
843.37	0.004
843.55	0.003
843.72	0.003
843.90	0.003
844.07	0.003
844.24	0.003
844.42	0.003
844.59	0.003
844.77	0.003
844.94	0.003
845.11	0.004
845.29	0.004
845.46	0.004
845.63	0.004
845.81	0.003
845.98	0.004
846.16	0.003
846.33	0.003
846.50	0.003
846.68	0.004
846.85	0.003
847.02	0.003
847.20	0.003
847.37	0.004
847.55	0.004
847.72	0.004
847.89	0.004
848.07	0.004
848.24	0.004
848.41	0.004
848.59	0.004
848.76	0.003
848.93	0.003
849.11	0.003
849.28	0.003
849.45	0.004
849.63	0.004
849.80	0.004
849.97	0.004
850.15	0.004
850.32	0.004
850.49	0.004
850.67	0.004
850.84	0.004
851.01	0.003
851.19	0.003
851.36	0.004
851.53	0.004
851.71	0.004
851.88	0.004
852.05	0.004
852.23	0.005
852.40	0.005
852.57	0.005
852.75	0.005
852.92	0.004
853.09	0.004
853.27	0.004
853.44	0.004
853.61	0.003
853.79	0.003
853.96	0.003
854.13	0.003
854.30	0.003
854.48	0.004
854.65	0.005
854.82	0.004
855.00	0.004
855.17	0.005
855.34	0.005
855.51	0.005
855.69	0.006
855.86	0.006
856.03	0.006
856.21	0.006
856.38	0.006
856.55	0.006
856.72	0.006
856.90	0.006
857.07	0.006
857.24	0.005
857.42	0.006
857.59	0.005
857.76	0.005
857.93	0.005
858.11	0.005
858.28	0.005
858.45	0.006
858.62	0.005
858.80	0.005
858.97	0.004
859.14	0.006
859.31	0.006
859.49	0.006
859.66	0.006
859.83	0.006
860.00	0.006
860.18	0.006
860.35	0.007
860.52	0.007
860.69	0.007
860.86	0.007
861.04	0.008
861.21	0.007
861.38	0.007
861.55	0.007
861.73	0.008
861.90	0.008
862.07	0.008
862.24	0.008
862.42	0.007
862.59	0.008
862.76	0.008
862.93	0.008
863.10	0.008
863.28	0.008
863.45	0.008
863.62	0.007
863.79	0.008
863.96	0.008
864.14	0.007
864.31	0.008
864.48	0.008
864.65	0.008
864.82	0.009
865.00	0.009
865.17	0.009
865.34	0.008
865.51	0.009
865.68	0.009
865.86	0.009
866.03	0.009
866.20	0.009
866.37	0.008
866.54	0.008
866.71	0.009
866.89	0.009
867.06	0.009
867.23	0.009
867.40	0.009
867.57	0.009
867.74	0.009
867.92	0.010
868.09	0.010
868.26	0.011
868.43	0.010
868.60	0.011
868.77	0.011
868.95	0.010
869.12	0.011
869.29	0.011
869.46	0.010
869.63	0.011
869.80	0.011
869.97	0.011
870.15	0.010
870.32	0.011
870.49	0.012
870.66	0.012
870.83	0.013
871.00	0.013
871.17	0.013
871.34	0.013
871.52	0.013
871.69	0.013
871.86	0.013
872.03	0.014
872.20	0.013
872.37	0.012
872.54	0.012
872.71	0.012
872.89	0.012
873.06	0.013
873.23	0.013
873.40	0.013
873.57	0.012
873.74	0.012
873.91	0.012
874.08	0.012
874.25	0.012
874.42	0.013
874.60	0.013
874.77	0.013
874.94	0.013
875.11	0.012
875.28	0.013
875.45	0.013
875.62	0.012
875.79	0.012
875.96	0.012
876.13	0.011
876.30	0.012
876.47	0.012
876.65	0.012
876.82	0.012
876.99	0.012
877.16	0.014
877.33	0.015
877.50	0.014
877.67	0.014
877.84	0.014
878.01	0.015
878.18	0.015
878.35	0.015
878.52	0.015
878.69	0.014
878.86	0.013
879.03	0.014
879.20	0.014
879.38	0.014
879.55	0.014
879.72	0.015
879.89	0.015
880.06	0.015
880.23	0.015
880.40	0.016
880.57	0.016
880.74	0.016
880.91	0.016
881.08	0.016
881.25	0.016
881.42	0.016
881.59	0.016
881.76	0.015
881.93	0.016
882.10	0.015
882.27	0.015
882.44	0.016
882.61	0.017
882.78	0.017
882.95	0.017
883.12	0.017
883.29	0.018
883.46	0.018
883.63	0.018
883.80	0.018
883.97	0.017
884.14	0.017
884.31	0.016
884.48	0.017
884.65	0.015
884.82	0.015
884.99	0.014
885.16	0.015
885.33	0.014
885.50	0.014
885.67	0.014
885.84	0.013
886.01	0.013
886.18	0.014
886.35	0.014
886.52	0.015
886.69	0.015
886.86	0.015
887.03	0.016
887.20	0.015
887.37	0.015
887.54	0.015
887.71	0.014
887.88	0.014
888.05	0.015
888.22	0.016
888.39	0.016
888.55	0.017
888.72	0.017
888.89	0.017
889.06	0.017
889.23	0.017
889.40	0.016
889.57	0.016
889.74	0.013
889.91	0.013
890.08	0.013
890.25	0.013
890.42	0.013
890.59	0.013
890.76	0.014
890.93	0.015
891.10	0.015
891.26	0.017
891.43	0.017
891.60	0.016
891.77	0.017
891.94	0.016
892.11	0.016
892.28	0.016
892.45	0.015
892.62	0.016
892.79	0.015
892.96	0.015
893.13	0.015
893.29	0.015
893.46	0.016
893.63	0.016
893.80	0.015
893.97	0.015
894.14	0.014
894.31	0.014
894.48	0.010
894.65	0.013
894.81	0.013
894.98	0.017
