177.34	-0.043
177.56	-0.043
177.78	-0.043
178.00	-0.000
178.22	-0.562
178.44	-0.197
178.66	-0.041
178.89	-1.238
179.11	0.071
179.33	-0.000
179.55	-0.000
179.77	-0.345
179.99	0.030
180.21	-0.117
180.43	0.170
180.65	0.388
180.87	0.402
181.09	0.483
181.31	0.524
181.53	0.380
181.75	0.329
181.97	0.268
182.19	0.252
182.41	0.272
182.63	0.292
182.85	0.232
183.07	0.190
183.30	0.172
183.52	0.183
183.74	0.168
183.96	0.173
184.18	0.169
184.40	0.171
184.62	0.139
184.84	0.150
185.06	0.180
185.28	0.193
185.50	0.201
185.72	0.214
185.94	0.228
186.16	0.249
186.38	0.268
186.60	0.306
186.82	0.355
187.04	0.354
187.26	0.391
187.48	0.434
187.70	0.512
187.92	0.525
188.14	0.550
188.36	0.586
188.58	0.607
188.80	0.618
189.02	0.659
189.24	0.699
189.46	0.737
189.68	0.753
189.90	0.791
190.12	0.832
190.34	0.842
190.56	0.910
190.78	0.925
191.00	0.935
191.22	0.900
191.44	0.900
191.66	0.910
191.88	0.920
192.10	0.909
192.32	0.918
192.54	0.923
192.76	0.935
192.98	0.939
193.20	0.963
193.42	0.984
193.64	0.993
193.86	1.006
194.08	1.049
194.30	1.066
194.52	1.061
194.74	1.090
194.96	1.117
195.18	1.147
195.40	1.142
195.62	1.139
195.84	1.172
196.06	1.156
196.28	1.181
196.50	1.184
196.72	1.193
196.94	1.207
197.16	1.201
197.38	1.206
197.60	1.210
197.82	1.225
198.04	1.259
198.26	1.249
198.48	1.259
198.70	1.269
198.92	1.265
199.13	1.271
199.35	1.276
199.57	1.293
199.79	1.288
200.01	1.289
200.23	1.314
200.45	1.333
200.67	1.338
200.89	1.325
201.11	1.318
201.33	1.342
201.55	1.343
201.77	1.326
201.99	1.328
202.21	1.316
202.43	1.335
202.65	1.346
202.87	1.377
203.09	1.394
203.31	1.389
203.52	1.412
203.74	1.427
203.96	1.442
204.18	1.443
204.40	1.431
204.62	1.420
204.84	1.423
205.06	1.450
205.28	1.478
205.50	1.470
205.72	1.472
205.94	1.467
206.16	1.498
206.38	1.500
206.59	1.523
206.81	1.532
207.03	1.529
207.25	1.513
207.47	1.535
207.69	1.554
207.91	1.548
208.13	1.548
208.35	1.564
208.57	1.572
208.79	1.579
209.01	1.572
209.22	1.586
209.44	1.584
209.66	1.582
209.88	1.590
210.10	1.591
210.32	1.586
210.54	1.588
210.76	1.579
210.98	1.588
211.20	1.583
211.42	1.587
211.63	1.585
211.85	1.595
212.07	1.595
212.29	1.611
212.51	1.609
212.73	1.609
212.95	1.608
213.17	1.617
213.39	1.599
213.60	1.608
213.82	1.619
214.04	1.606
214.26	1.602
214.48	1.600
214.70	1.603
214.92	1.608
215.14	1.598
215.35	1.626
215.57	1.619
215.79	1.609
216.01	1.611
216.23	1.610
216.45	1.611
216.67	1.613
216.89	1.620
217.10	1.629
217.32	1.607
217.54	1.607
217.76	1.610
217.98	1.607
218.20	1.591
218.42	1.573
218.64	1.556
218.85	1.535
219.07	1.511
219.29	1.497
219.51	1.480
219.73	1.459
219.95	1.442
220.17	1.429
220.38	1.415
220.60	1.403
220.82	1.384
221.04	1.376
221.26	1.364
221.48	1.351
221.69	1.333
221.91	1.314
222.13	1.295
222.35	1.276
222.57	1.261
222.79	1.243
223.00	1.220
223.22	1.198
223.44	1.176
223.66	1.158
223.88	1.138
224.10	1.119
224.32	1.099
224.53	1.079
224.75	1.060
224.97	1.042
225.19	1.025
225.41	1.006
225.62	0.987
225.84	0.970
226.06	0.952
226.28	0.934
226.50	0.917
226.72	0.899
226.93	0.883
227.15	0.866
227.37	0.851
227.59	0.832
227.81	0.816
228.02	0.801
228.24	0.786
228.46	0.770
228.68	0.756
228.90	0.741
229.12	0.726
229.33	0.711
229.55	0.699
229.77	0.686
229.99	0.671
230.21	0.657
230.42	0.644
230.64	0.630
230.86	0.616
231.08	0.603
231.30	0.591
231.51	0.578
231.73	0.567
231.95	0.556
232.17	0.543
232.38	0.531
232.60	0.519
232.82	0.508
233.04	0.496
233.26	0.485
233.47	0.474
233.69	0.463
233.91	0.452
234.13	0.442
234.35	0.432
234.56	0.422
234.78	0.411
235.00	0.401
235.22	0.391
235.43	0.381
235.65	0.372
235.87	0.361
236.09	0.351
236.30	0.342
236.52	0.333
236.74	0.324
236.96	0.314
237.18	0.305
237.39	0.297
237.61	0.288
237.83	0.280
238.05	0.273
238.26	0.265
238.48	0.258
238.70	0.251
238.92	0.244
239.13	0.238
239.35	0.232
239.57	0.226
239.79	0.220
240.00	0.214
240.22	0.209
240.44	0.203
240.66	0.199
240.87	0.194
241.09	0.189
241.31	0.184
241.53	0.180
241.74	0.176
241.96	0.172
242.18	0.168
242.40	0.165
242.61	0.161
242.83	0.157
243.05	0.154
243.27	0.151
243.48	0.148
243.70	0.145
243.92	0.143
244.13	0.140
244.35	0.137
244.57	0.135
244.79	0.132
245.00	0.129
245.22	0.127
245.44	0.125
245.65	0.123
245.87	0.121
246.09	0.119
246.31	0.116
246.52	0.114
246.74	0.113
246.96	0.111
247.18	0.108
247.39	0.107
247.61	0.105
247.83	0.104
248.04	0.103
248.26	0.102
248.48	0.101
248.69	0.099
248.91	0.098
249.13	0.097
249.35	0.095
249.56	0.094
249.78	0.093
250.00	0.092
250.21	0.091
250.43	0.090
250.65	0.089
250.86	0.088
251.08	0.088
251.30	0.087
251.51	0.086
251.73	0.085
251.95	0.084
252.17	0.083
252.38	0.083
252.60	0.082
252.82	0.082
253.03	0.081
253.25	0.080
253.47	0.080
253.68	0.080
253.90	0.079
254.12	0.079
254.33	0.079
254.55	0.078
254.77	0.078
254.98	0.077
255.20	0.077
255.42	0.076
255.63	0.076
255.85	0.076
256.07	0.075
256.28	0.075
256.50	0.074
256.72	0.074
256.93	0.073
257.15	0.073
257.37	0.073
257.58	0.073
257.80	0.073
258.02	0.072
258.23	0.072
258.45	0.072
258.67	0.072
258.88	0.072
259.10	0.072
259.32	0.072
259.53	0.072
259.75	0.072
259.96	0.072
260.18	0.072
260.40	0.072
260.61	0.071
260.83	0.071
261.05	0.072
261.26	0.072
261.48	0.072
261.70	0.072
261.91	0.073
262.13	0.073
262.34	0.073
262.56	0.073
262.78	0.073
262.99	0.073
263.21	0.073
263.43	0.073
263.64	0.072
263.86	0.072
264.07	0.072
264.29	0.072
264.51	0.073
264.72	0.072
264.94	0.073
265.16	0.072
265.37	0.072
265.59	0.072
265.80	0.072
266.02	0.073
266.24	0.073
266.45	0.073
266.67	0.073
266.88	0.073
267.10	0.074
267.32	0.074
267.53	0.074
267.75	0.074
267.96	0.074
268.18	0.074
268.40	0.074
268.61	0.074
268.83	0.075
269.04	0.075
269.26	0.075
269.48	0.075
269.69	0.074
269.91	0.074
270.12	0.074
270.34	0.074
270.56	0.074
270.77	0.075
270.99	0.075
271.20	0.075
271.42	0.075
271.64	0.075
271.85	0.075
272.07	0.075
272.28	0.075
272.50	0.075
272.71	0.075
272.93	0.075
273.15	0.075
273.36	0.075
273.58	0.076
273.79	0.076
274.01	0.076
274.22	0.076
274.44	0.076
274.66	0.076
274.87	0.076
275.09	0.076
275.30	0.076
275.52	0.076
275.73	0.076
275.95	0.076
276.16	0.076
276.38	0.076
276.60	0.075
276.81	0.075
277.03	0.075
277.24	0.074
277.46	0.074
277.67	0.073
277.89	0.072
278.10	0.071
278.32	0.071
278.53	0.070
278.75	0.070
278.97	0.070
279.18	0.069
279.40	0.069
279.61	0.068
279.83	0.068
280.04	0.069
280.26	0.068
280.47	0.068
280.69	0.067
280.90	0.067
281.12	0.067
281.33	0.066
281.55	0.066
281.76	0.066
281.98	0.066
282.20	0.066
282.41	0.066
282.63	0.066
282.84	0.066
283.06	0.065
283.27	0.065
283.49	0.065
283.70	0.064
283.92	0.064
284.13	0.063
284.35	0.063
284.56	0.062
284.78	0.061
284.99	0.060
285.21	0.060
285.42	0.059
285.64	0.058
285.85	0.057
286.07	0.056
286.28	0.056
286.50	0.055
286.71	0.054
286.93	0.053
287.14	0.053
287.36	0.051
287.57	0.050
287.79	0.050
288.00	0.048
288.22	0.047
288.43	0.047
288.65	0.046
288.86	0.045
289.08	0.045
289.29	0.044
289.51	0.043
289.72	0.043
289.94	0.043
290.15	0.043
290.37	0.042
290.58	0.042
290.80	0.041
291.01	0.041
291.22	0.040
291.44	0.040
291.65	0.039
291.87	0.039
292.08	0.039
292.30	0.038
292.51	0.038
292.73	0.038
292.94	0.038
293.16	0.039
293.37	0.038
293.59	0.038
293.80	0.039
294.02	0.039
294.23	0.039
294.44	0.038
294.66	0.038
294.87	0.037
295.09	0.037
295.30	0.038
295.52	0.037
295.73	0.037
295.95	0.037
296.16	0.036
296.37	0.036
296.59	0.036
296.80	0.036
297.02	0.036
297.23	0.036
297.45	0.036
297.66	0.035
297.88	0.035
298.09	0.035
298.30	0.035
298.52	0.034
298.73	0.034
298.95	0.034
299.16	0.034
299.38	0.033
299.59	0.033
299.80	0.033
300.02	0.034
300.23	0.033
300.45	0.033
300.66	0.034
300.88	0.033
301.09	0.033
301.30	0.033
301.52	0.033
301.73	0.033
301.95	0.032
302.16	0.033
302.37	0.032
302.59	0.032
302.80	0.032
303.02	0.032
303.23	0.032
303.45	0.032
303.66	0.032
303.87	0.032
304.09	0.031
304.30	0.031
304.52	0.031
304.73	0.031
304.94	0.031
305.16	0.030
305.37	0.030
305.59	0.030
305.80	0.030
306.01	0.030
306.23	0.031
306.44	0.031
306.65	0.030
306.87	0.031
307.08	0.031
307.30	0.031
307.51	0.030
307.72	0.030
307.94	0.030
308.15	0.030
308.37	0.029
308.58	0.029
308.79	0.029
309.01	0.029
309.22	0.029
309.43	0.029
309.65	0.029
309.86	0.028
310.07	0.028
310.29	0.027
310.50	0.027
310.72	0.027
310.93	0.026
311.14	0.026
311.36	0.026
311.57	0.026
311.78	0.026
312.00	0.027
312.21	0.027
312.42	0.026
312.64	0.026
312.85	0.026
313.07	0.026
313.28	0.026
313.49	0.025
313.71	0.025
313.92	0.025
314.13	0.026
314.35	0.026
314.56	0.026
314.77	0.026
314.99	0.026
315.20	0.026
315.41	0.026
315.63	0.025
315.84	0.025
316.05	0.025
316.27	0.025
316.48	0.025
316.69	0.025
316.91	0.025
317.12	0.025
317.33	0.025
317.55	0.025
317.76	0.025
317.97	0.025
318.19	0.025
318.40	0.025
318.61	0.025
318.83	0.025
319.04	0.025
319.25	0.025
319.47	0.025
319.68	0.025
319.89	0.024
320.10	0.024
320.32	0.024
320.53	0.024
320.74	0.024
320.96	0.024
321.17	0.024
321.38	0.024
321.60	0.024
321.81	0.024
322.02	0.024
322.24	0.024
322.45	0.024
322.66	0.024
322.87	0.024
323.09	0.024
323.30	0.025
323.51	0.025
323.73	0.025
323.94	0.025
324.15	0.025
324.36	0.025
324.58	0.025
324.79	0.024
325.00	0.024
325.22	0.023
325.43	0.024
325.64	0.024
325.85	0.024
326.07	0.024
326.28	0.024
326.49	0.024
326.71	0.024
326.92	0.024
327.13	0.024
327.34	0.024
327.56	0.023
327.77	0.023
327.98	0.023
328.19	0.024
328.41	0.023
328.62	0.024
328.83	0.024
329.04	0.025
329.26	0.025
329.47	0.025
329.68	0.025
329.90	0.026
330.11	0.025
330.32	0.026
330.53	0.025
330.75	0.025
330.96	0.024
331.17	0.024
331.38	0.024
331.60	0.024
331.81	0.024
332.02	0.024
332.23	0.024
332.44	0.024
332.66	0.024
332.87	0.024
333.08	0.024
333.29	0.023
333.51	0.023
333.72	0.022
333.93	0.022
334.14	0.022
334.36	0.022
334.57	0.022
334.78	0.022
334.99	0.022
335.21	0.022
335.42	0.022
335.63	0.022
335.84	0.022
336.05	0.022
336.27	0.022
336.48	0.022
336.69	0.022
336.90	0.023
337.11	0.022
337.33	0.022
337.54	0.022
337.75	0.022
337.96	0.022
338.18	0.022
338.39	0.021
338.60	0.022
338.81	0.021
339.02	0.021
339.24	0.021
339.45	0.021
339.66	0.022
339.87	0.022
340.08	0.022
340.30	0.023
340.51	0.023
340.72	0.023
340.93	0.023
341.14	0.023
341.36	0.023
341.57	0.023
341.78	0.023
341.99	0.022
342.20	0.022
342.41	0.022
342.63	0.022
342.84	0.022
343.05	0.021
343.26	0.021
343.47	0.021
343.69	0.021
343.90	0.021
344.11	0.021
344.32	0.021
344.53	0.020
344.74	0.021
344.96	0.020
345.17	0.020
345.38	0.019
345.59	0.019
345.80	0.019
346.01	0.019
346.23	0.019
346.44	0.019
346.65	0.019
346.86	0.020
347.07	0.019
347.28	0.019
347.50	0.019
347.71	0.019
347.92	0.019
348.13	0.019
348.34	0.018
348.55	0.018
348.76	0.017
348.98	0.017
349.19	0.017
349.40	0.017
349.61	0.017
349.82	0.017
350.03	0.017
350.24	0.017
350.46	0.017
350.67	0.017
350.88	0.017
351.09	0.017
351.30	0.017
351.51	0.017
351.72	0.016
351.93	0.016
352.15	0.016
352.36	0.016
352.57	0.016
352.78	0.017
352.99	0.017
353.20	0.017
353.41	0.017
353.62	0.017
353.84	0.018
354.05	0.017
354.26	0.017
354.47	0.016
354.68	0.016
354.89	0.015
355.10	0.015
355.31	0.014
355.52	0.014
355.74	0.015
355.95	0.015
356.16	0.015
356.37	0.015
356.58	0.015
356.79	0.015
357.00	0.015
357.21	0.015
357.42	0.015
357.63	0.015
357.85	0.015
358.06	0.015
358.27	0.015
358.48	0.015
358.69	0.015
358.90	0.015
359.11	0.015
359.32	0.014
359.53	0.014
359.74	0.014
359.95	0.014
360.17	0.014
360.38	0.014
360.59	0.014
360.80	0.014
361.01	0.014
361.22	0.014
361.43	0.014
361.64	0.014
361.85	0.014
362.06	0.014
362.27	0.014
362.48	0.014
362.69	0.014
362.90	0.013
363.12	0.013
363.33	0.013
363.54	0.012
363.75	0.012
363.96	0.012
364.17	0.011
364.38	0.011
364.59	0.011
364.80	0.012
365.01	0.011
365.22	0.011
365.43	0.011
365.64	0.011
365.85	0.011
366.06	0.011
366.27	0.011
366.48	0.011
366.69	0.011
366.90	0.011
367.11	0.011
367.32	0.012
367.54	0.012
367.75	0.012
367.96	0.011
368.17	0.011
368.38	0.010
368.59	0.010
368.80	0.010
369.01	0.010
369.22	0.010
369.43	0.009
369.64	0.009
369.85	0.009
370.06	0.010
370.27	0.010
370.48	0.010
370.69	0.010
370.90	0.010
371.11	0.009
371.32	0.009
371.53	0.009
371.74	0.009
371.95	0.008
372.16	0.008
372.37	0.008
372.58	0.008
372.79	0.008
373.00	0.008
373.21	0.009
373.42	0.009
373.63	0.010
373.84	0.010
374.05	0.010
374.26	0.010
374.47	0.010
374.68	0.010
374.89	0.009
375.10	0.008
375.31	0.008
375.52	0.008
375.73	0.008
375.94	0.007
376.15	0.007
376.36	0.007
376.57	0.007
376.78	0.007
376.99	0.007
377.20	0.007
377.41	0.007
377.62	0.007
377.83	0.007
378.04	0.007
378.25	0.007
378.46	0.007
378.67	0.008
378.88	0.008
379.09	0.008
379.30	0.008
379.51	0.008
379.72	0.008
379.92	0.008
380.13	0.007
380.34	0.007
380.55	0.007
380.76	0.007
380.97	0.006
381.18	0.006
381.39	0.006
381.60	0.006
381.81	0.006
382.02	0.006
382.23	0.006
382.44	0.007
382.65	0.006
382.86	0.007
383.07	0.007
383.28	0.007
383.49	0.007
383.70	0.007
383.91	0.007
384.11	0.006
384.32	0.006
384.53	0.006
384.74	0.006
384.95	0.006
385.16	0.006
385.37	0.005
385.58	0.005
385.79	0.005
386.00	0.006
386.21	0.005
386.42	0.005
386.63	0.005
386.84	0.004
387.04	0.004
387.25	0.004
387.46	0.004
387.67	0.004
387.88	0.005
388.09	0.005
388.30	0.006
388.51	0.006
388.72	0.006
388.93	0.005
389.14	0.005
389.34	0.006
389.55	0.005
389.76	0.005
389.97	0.005
390.18	0.005
390.39	0.005
390.60	0.004
390.81	0.004
391.02	0.005
391.23	0.005
391.43	0.004
391.64	0.004
391.85	0.004
392.06	0.004
392.27	0.004
392.48	0.003
392.69	0.004
392.90	0.004
393.11	0.005
393.31	0.005
393.52	0.005
393.73	0.006
393.94	0.006
394.15	0.006
394.36	0.005
394.57	0.005
394.78	0.005
394.98	0.004
395.19	0.004
395.40	0.004
395.61	0.004
395.82	0.003
396.03	0.003
396.24	0.004
396.44	0.004
396.65	0.004
396.86	0.004
397.07	0.004
397.28	0.003
397.49	0.004
397.70	0.004
397.90	0.003
398.11	0.003
398.32	0.003
398.53	0.003
398.74	0.002
398.95	0.002
399.16	0.003
399.36	0.003
399.57	0.002
399.78	0.003
399.99	0.003
400.20	0.004
400.41	0.003
400.61	0.003
400.82	0.004
401.03	0.003
401.24	0.003
401.45	0.003
401.66	0.003
401.86	0.004
402.07	0.004
402.28	0.004
402.49	0.004
402.70	0.004
402.91	0.004
403.11	0.004
403.32	0.004
403.53	0.004
403.74	0.003
403.95	0.003
404.15	0.003
404.36	0.003
404.57	0.003
404.78	0.003
404.99	0.003
405.20	0.003
405.40	0.003
405.61	0.004
405.82	0.004
406.03	0.004
406.24	0.004
406.44	0.004
406.65	0.004
406.86	0.004
407.07	0.005
407.28	0.004
407.48	0.004
407.69	0.003
407.90	0.003
408.11	0.003
408.32	0.003
408.52	0.003
408.73	0.003
408.94	0.002
409.15	0.003
409.35	0.003
409.56	0.002
409.77	0.002
409.98	0.003
410.19	0.003
410.39	0.003
410.60	0.003
410.81	0.003
411.02	0.003
411.22	0.002
411.43	0.002
411.64	0.002
411.85	0.002
412.05	0.002
412.26	0.002
412.47	0.002
412.68	0.002
412.89	0.002
413.09	0.003
413.30	0.004
413.51	0.003
413.72	0.003
413.92	0.002
414.13	0.003
414.34	0.003
414.55	0.003
414.75	0.003
414.96	0.003
415.17	0.002
415.38	0.002
415.58	0.002
415.79	0.002
416.00	0.002
416.21	0.002
416.41	0.001
416.62	0.001
416.83	0.001
417.03	0.002
417.24	0.002
417.45	0.002
417.66	0.002
417.86	0.002
418.07	0.002
418.28	0.002
418.49	0.002
418.69	0.002
418.90	0.002
419.11	0.002
419.31	0.002
419.52	0.002
419.73	0.002
419.94	0.002
420.14	0.003
420.35	0.004
420.56	0.003
420.76	0.003
420.97	0.003
421.18	0.003
421.39	0.003
421.59	0.003
421.80	0.003
422.01	0.002
422.21	0.002
422.42	0.003
422.63	0.003
422.84	0.003
423.04	0.003
423.25	0.003
423.46	0.003
423.66	0.003
423.87	0.003
424.08	0.003
424.28	0.003
424.49	0.002
424.70	0.002
424.90	0.002
425.11	0.001
425.32	0.002
425.52	0.002
425.73	0.002
425.94	0.002
426.15	0.002
426.35	0.003
426.56	0.003
426.77	0.004
426.97	0.004
427.18	0.003
427.39	0.003
427.59	0.004
427.80	0.003
428.01	0.003
428.21	0.002
428.42	0.002
428.63	0.002
428.83	0.002
429.04	0.003
429.25	0.003
429.45	0.002
429.66	0.002
429.87	0.002
430.07	0.003
430.28	0.003
430.48	0.004
430.69	0.003
430.90	0.003
431.10	0.003
431.31	0.004
431.52	0.003
431.72	0.003
431.93	0.003
432.14	0.003
432.34	0.003
432.55	0.003
432.76	0.003
432.96	0.003
433.17	0.003
433.37	0.003
433.58	0.003
433.79	0.004
433.99	0.004
434.20	0.003
434.41	0.003
434.61	0.003
434.82	0.003
435.02	0.003
435.23	0.003
435.44	0.003
435.64	0.003
435.85	0.002
436.06	0.003
436.26	0.003
436.47	0.003
436.67	0.002
436.88	0.002
437.09	0.001
437.29	0.001
437.50	0.002
437.70	0.001
437.91	0.001
438.12	0.001
438.32	0.001
438.53	0.001
438.73	0.002
438.94	0.003
439.15	0.003
439.35	0.003
439.56	0.004
439.76	0.005
439.97	0.004
440.18	0.005
440.38	0.004
440.59	0.005
440.79	0.004
441.00	0.004
441.20	0.004
441.41	0.003
441.62	0.003
441.82	0.003
442.03	0.003
442.23	0.003
442.44	0.003
442.65	0.003
442.85	0.003
443.06	0.003
443.26	0.003
443.47	0.002
443.67	0.002
443.88	0.002
444.09	0.001
444.29	0.001
444.50	0.001
444.70	0.002
444.91	0.002
445.11	0.002
445.32	0.002
445.52	0.002
445.73	0.002
445.94	0.003
446.14	0.003
446.35	0.002
446.55	0.002
446.76	0.001
446.96	0.002
447.17	0.002
447.37	0.002
447.58	0.002
447.78	0.002
447.99	0.002
448.20	0.002
448.40	0.002
448.61	0.002
448.81	0.002
449.02	0.002
449.22	0.002
449.43	0.003
449.63	0.003
449.84	0.002
450.04	0.003
450.25	0.002
450.45	0.002
450.66	0.002
450.86	0.002
451.07	0.003
451.27	0.002
451.48	0.001
451.68	0.001
451.89	0.000
452.09	0.001
452.30	0.001
452.50	0.000
452.71	0.001
452.91	0.001
453.12	0.001
453.33	0.001
453.53	0.002
453.74	0.002
453.94	0.002
454.15	0.002
454.35	0.002
454.56	0.002
454.76	0.001
454.96	0.002
455.17	0.002
455.37	0.002
455.58	0.002
455.78	0.002
455.99	0.002
456.19	0.002
456.40	0.002
456.60	0.003
456.81	0.003
457.01	0.003
457.22	0.003
457.42	0.003
457.63	0.003
457.83	0.003
458.04	0.004
458.24	0.003
458.45	0.003
458.65	0.003
458.86	0.003
459.06	0.003
459.27	0.002
459.47	0.002
459.67	0.002
459.88	0.002
460.08	0.001
460.29	0.002
460.49	0.001
460.70	0.002
460.90	0.001
461.11	0.002
461.31	0.002
461.52	0.002
461.72	0.002
461.92	0.002
462.13	0.001
462.33	0.001
462.54	0.001
462.74	0.002
462.95	0.002
463.15	0.002
463.36	0.002
463.56	0.002
463.76	0.002
463.97	0.002
464.17	0.002
464.38	0.001
464.58	0.001
464.79	0.000
464.99	0.000
465.19	0.001
465.40	0.001
465.60	0.001
465.81	0.001
466.01	0.001
466.22	0.001
466.42	0.002
466.62	0.002
466.83	0.002
467.03	0.002
467.24	0.002
467.44	0.003
467.65	0.003
467.85	0.003
468.05	0.003
468.26	0.002
468.46	0.002
468.67	0.002
468.87	0.002
469.07	0.002
469.28	0.002
469.48	0.001
469.69	0.001
469.89	0.002
470.09	0.003
470.30	0.002
470.50	0.003
470.71	0.003
470.91	0.003
471.11	0.003
471.32	0.003
471.52	0.003
471.72	0.002
471.93	0.002
472.13	0.002
472.34	0.002
472.54	0.001
472.74	0.001
472.95	0.002
473.15	0.002
473.35	0.002
473.56	0.002
473.76	0.001
473.97	0.001
474.17	0.001
474.37	0.002
474.58	0.002
474.78	0.002
474.98	0.002
475.19	0.002
475.39	0.002
475.60	0.003
475.80	0.003
476.00	0.003
476.21	0.003
476.41	0.003
476.61	0.004
476.82	0.004
477.02	0.004
477.22	0.004
477.43	0.004
477.63	0.004
477.83	0.004
478.04	0.003
478.24	0.004
478.44	0.003
478.65	0.003
478.85	0.003
479.05	0.003
479.26	0.002
479.46	0.002
479.66	0.001
479.87	0.001
480.07	0.001
480.27	0.001
480.48	0.001
480.68	0.001
480.88	0.002
481.09	0.002
481.29	0.002
481.49	0.003
481.70	0.003
481.90	0.003
482.10	0.003
482.31	0.003
482.51	0.002
482.71	0.001
482.92	0.001
483.12	0.001
483.32	0.001
483.52	0.001
483.73	0.001
483.93	0.001
484.13	0.001
484.34	0.001
484.54	0.001
484.74	0.001
484.95	0.002
485.15	0.001
485.35	0.001
485.55	0.001
485.76	0.002
485.96	0.002
486.16	0.002
486.37	0.003
486.57	0.003
486.77	0.002
486.97	0.003
487.18	0.003
487.38	0.003
487.58	0.003
487.79	0.002
487.99	0.002
488.19	0.002
488.39	0.002
488.60	0.002
488.80	0.002
489.00	0.002
489.20	0.002
489.41	0.002
489.61	0.002
489.81	0.002
490.02	0.002
490.22	0.001
490.42	0.001
490.62	0.001
490.83	0.001
491.03	0.001
491.23	0.001
491.43	0.001
491.64	0.001
491.84	0.001
492.04	0.002
492.24	0.002
492.45	0.003
492.65	0.003
492.85	0.003
493.05	0.003
493.26	0.003
493.46	0.003
493.66	0.003
493.86	0.003
494.07	0.003
494.27	0.003
494.47	0.003
494.67	0.003
494.87	0.003
495.08	0.003
495.28	0.003
495.48	0.003
495.68	0.003
495.89	0.002
496.09	0.003
496.29	0.003
496.49	0.003
496.69	0.002
496.90	0.002
497.10	0.002
497.30	0.002
497.50	0.001
497.71	0.002
497.91	0.002
498.11	0.002
498.31	0.001
498.51	0.002
498.72	0.002
498.92	0.002
499.12	0.002
499.32	0.003
499.52	0.002
499.73	0.002
499.93	0.002
500.13	0.002
500.33	0.002
500.53	0.002
500.74	0.002
500.94	0.002
501.14	0.002
501.34	0.002
501.54	0.002
501.74	0.002
501.95	0.002
502.15	0.002
502.35	0.002
502.55	0.003
502.75	0.003
502.96	0.003
503.16	0.003
503.36	0.003
503.56	0.003
503.76	0.003
503.96	0.003
504.17	0.003
504.37	0.003
504.57	0.003
504.77	0.003
504.97	0.003
505.17	0.003
505.38	0.002
505.58	0.002
505.78	0.002
505.98	0.002
506.18	0.002
506.38	0.002
506.58	0.001
506.79	0.001
506.99	0.001
507.19	0.002
507.39	0.002
507.59	0.002
507.79	0.002
507.99	0.002
508.20	0.002
508.40	0.002
508.60	0.002
508.80	0.003
509.00	0.002
509.20	0.002
509.40	0.002
509.61	0.002
509.81	0.003
510.01	0.003
510.21	0.003
510.41	0.002
510.61	0.002
510.81	0.002
511.01	0.002
511.22	0.002
511.42	0.002
511.62	0.001
511.82	0.001
512.02	0.001
512.22	0.001
512.42	0.002
512.62	0.002
512.82	0.002
513.03	0.002
513.23	0.003
513.43	0.003
513.63	0.003
513.83	0.003
514.03	0.003
514.23	0.002
514.43	0.002
514.63	0.002
514.83	0.002
515.04	0.002
515.24	0.002
515.44	0.002
515.64	0.002
515.84	0.002
516.04	0.002
516.24	0.002
516.44	0.002
516.64	0.002
516.84	0.002
517.04	0.002
517.24	0.002
517.45	0.002
517.65	0.002
517.85	0.003
518.05	0.003
518.25	0.002
518.45	0.002
518.65	0.002
518.85	0.002
519.05	0.002
519.25	0.002
519.45	0.002
519.65	0.001
519.85	0.001
520.05	0.002
520.25	0.002
520.46	0.002
520.66	0.003
520.86	0.003
521.06	0.003
521.26	0.003
521.46	0.003
521.66	0.003
521.86	0.004
522.06	0.004
522.26	0.003
522.46	0.003
522.66	0.003
522.86	0.003
523.06	0.003
523.26	0.002
523.46	0.002
523.66	0.002
523.86	0.002
524.06	0.002
524.26	0.002
524.46	0.002
524.66	0.001
524.86	0.002
525.06	0.002
525.26	0.001
525.46	0.001
525.66	0.000
525.87	0.001
526.07	0.001
526.27	0.002
526.47	0.002
526.67	0.002
526.87	0.002
527.07	0.002
527.27	0.003
527.47	0.003
527.67	0.003
527.87	0.003
528.07	0.003
528.27	0.003
528.47	0.003
528.67	0.003
528.87	0.004
529.07	0.003
529.27	0.002
529.47	0.002
529.67	0.002
529.87	0.002
530.07	0.002
530.27	0.003
530.47	0.003
530.67	0.002
530.87	0.003
531.06	0.003
531.26	0.003
531.46	0.003
531.66	0.003
531.86	0.003
532.06	0.003
532.26	0.003
532.46	0.003
532.66	0.003
532.86	0.003
533.06	0.003
533.26	0.003
533.46	0.003
533.66	0.003
533.86	0.002
534.06	0.002
534.26	0.002
534.46	0.002
534.66	0.002
534.86	0.002
535.06	0.002
535.26	0.001
535.46	0.001
535.66	0.001
535.86	0.002
536.06	0.002
536.26	0.002
536.45	0.003
536.65	0.002
536.85	0.002
537.05	0.003
537.25	0.003
537.45	0.003
537.65	0.002
537.85	0.002
538.05	0.002
538.25	0.002
538.45	0.002
538.65	0.002
538.85	0.002
539.05	0.002
539.25	0.002
539.44	0.003
539.64	0.003
539.84	0.003
540.04	0.003
540.24	0.003
540.44	0.003
540.64	0.003
540.84	0.002
541.04	0.002
541.24	0.002
541.44	0.003
541.64	0.003
541.83	0.002
542.03	0.002
542.23	0.003
542.43	0.003
542.63	0.003
542.83	0.003
543.03	0.003
543.23	0.004
543.43	0.004
543.63	0.004
543.82	0.004
544.02	0.003
544.22	0.003
544.42	0.003
544.62	0.003
544.82	0.003
545.02	0.002
545.22	0.002
545.42	0.002
545.61	0.002
545.81	0.002
546.01	0.002
546.21	0.002
546.41	0.002
546.61	0.002
546.81	0.003
547.01	0.002
547.20	0.002
547.40	0.002
547.60	0.002
547.80	0.001
548.00	0.001
548.20	0.001
548.40	0.001
548.59	0.001
548.79	0.002
548.99	0.002
549.19	0.002
549.39	0.003
549.59	0.003
549.79	0.003
549.98	0.003
550.18	0.004
550.38	0.003
550.58	0.003
550.78	0.003
550.98	0.002
551.17	0.002
551.37	0.002
551.57	0.002
551.77	0.003
551.97	0.003
552.17	0.002
552.36	0.002
552.56	0.002
552.76	0.002
552.96	0.002
553.16	0.002
553.36	0.002
553.55	0.002
553.75	0.002
553.95	0.002
554.15	0.002
554.35	0.003
554.55	0.003
554.74	0.004
554.94	0.003
555.14	0.003
555.34	0.003
555.54	0.003
555.73	0.003
555.93	0.003
556.13	0.003
556.33	0.002
556.53	0.002
556.72	0.002
556.92	0.002
557.12	0.003
557.32	0.002
557.52	0.002
557.71	0.002
557.91	0.002
558.11	0.003
558.31	0.003
558.51	0.003
558.70	0.003
558.90	0.003
559.10	0.003
559.30	0.003
559.49	0.004
559.69	0.003
559.89	0.003
560.09	0.003
560.29	0.004
560.48	0.003
560.68	0.003
560.88	0.003
561.08	0.003
561.27	0.003
561.47	0.003
561.67	0.003
561.87	0.003
562.06	0.002
562.26	0.002
562.46	0.001
562.66	0.001
562.86	0.002
563.05	0.002
563.25	0.002
563.45	0.003
563.65	0.003
563.84	0.003
564.04	0.003
564.24	0.003
564.44	0.003
564.63	0.003
564.83	0.003
565.03	0.003
565.22	0.003
565.42	0.002
565.62	0.002
565.82	0.001
566.01	0.002
566.21	0.002
566.41	0.002
566.61	0.002
566.80	0.002
567.00	0.003
567.20	0.003
567.40	0.003
567.59	0.003
567.79	0.003
567.99	0.002
568.18	0.002
568.38	0.002
568.58	0.002
568.78	0.002
568.97	0.002
569.17	0.002
569.37	0.002
569.56	0.002
569.76	0.002
569.96	0.002
570.16	0.002
570.35	0.002
570.55	0.002
570.75	0.002
570.94	0.002
571.14	0.002
571.34	0.002
571.53	0.003
571.73	0.003
571.93	0.003
572.12	0.003
572.32	0.003
572.52	0.003
572.72	0.003
572.91	0.003
573.11	0.003
573.31	0.002
573.50	0.002
573.70	0.002
573.90	0.002
574.09	0.002
574.29	0.002
574.49	0.002
574.68	0.002
574.88	0.002
575.08	0.002
575.27	0.002
575.47	0.002
575.67	0.002
575.86	0.002
576.06	0.003
576.26	0.002
576.45	0.003
576.65	0.002
576.85	0.003
577.04	0.003
577.24	0.003
577.44	0.002
577.63	0.002
577.83	0.002
578.02	0.002
578.22	0.002
578.42	0.002
578.61	0.002
578.81	0.002
579.01	0.002
579.20	0.002
579.40	0.002
579.60	0.002
579.79	0.002
579.99	0.003
580.19	0.003
580.38	0.003
580.58	0.003
580.77	0.003
580.97	0.002
581.17	0.002
581.36	0.002
581.56	0.002
581.75	0.002
581.95	0.002
582.15	0.002
582.34	0.002
582.54	0.002
582.74	0.003
582.93	0.003
583.13	0.003
583.32	0.003
583.52	0.002
583.72	0.002
583.91	0.002
584.11	0.002
584.30	0.002
584.50	0.002
584.70	0.002
584.89	0.002
585.09	0.002
585.28	0.002
585.48	0.002
585.68	0.002
585.87	0.002
586.07	0.002
586.26	0.001
586.46	0.001
586.66	0.001
586.85	0.001
587.05	0.001
587.24	0.001
587.44	0.001
587.63	0.001
587.83	0.001
588.03	0.002
588.22	0.002
588.42	0.002
588.61	0.002
588.81	0.002
589.00	0.002
589.20	0.002
589.40	0.002
589.59	0.002
589.79	0.002
589.98	0.002
590.18	0.002
590.37	0.002
590.57	0.002
590.76	0.002
590.96	0.001
591.16	0.002
591.35	0.002
591.55	0.002
591.74	0.002
591.94	0.002
592.13	0.002
592.33	0.002
592.52	0.002
592.72	0.002
592.91	0.002
593.11	0.002
593.30	0.002
593.50	0.002
593.70	0.002
593.89	0.002
594.09	0.002
594.28	0.002
594.48	0.003
594.67	0.003
594.87	0.003
595.06	0.002
595.26	0.002
595.45	0.002
595.65	0.002
595.84	0.002
596.04	0.002
596.23	0.002
596.43	0.002
596.62	0.002
596.82	0.002
597.01	0.002
597.21	0.002
597.40	0.002
597.60	0.002
597.79	0.002
597.99	0.002
598.18	0.002
598.38	0.002
598.57	0.002
598.77	0.002
598.96	0.002
599.16	0.002
599.35	0.003
599.55	0.002
599.74	0.002
599.94	0.003
600.13	0.002
600.33	0.002
600.52	0.003
600.72	0.003
600.91	0.002
601.11	0.002
601.30	0.002
601.50	0.003
601.69	0.003
601.89	0.003
602.08	0.003
602.27	0.003
602.47	0.003
602.66	0.003
602.86	0.003
603.05	0.003
603.25	0.002
603.44	0.002
603.64	0.002
603.83	0.002
604.03	0.002
604.22	0.001
604.41	0.001
604.61	0.002
604.80	0.002
605.00	0.002
605.19	0.002
605.39	0.002
605.58	0.002
605.78	0.003
605.97	0.003
606.16	0.003
606.36	0.003
606.55	0.003
606.75	0.003
606.94	0.003
607.14	0.002
607.33	0.002
607.52	0.002
607.72	0.002
607.91	0.002
608.11	0.002
608.30	0.002
608.50	0.002
608.69	0.002
608.88	0.003
609.08	0.003
609.27	0.002
609.47	0.002
609.66	0.002
609.85	0.002
610.05	0.002
610.24	0.002
610.44	0.003
610.63	0.003
610.83	0.003
611.02	0.003
611.21	0.003
611.41	0.003
611.60	0.003
611.80	0.004
611.99	0.003
612.18	0.003
612.38	0.003
612.57	0.003
612.76	0.003
612.96	0.002
613.15	0.003
613.35	0.002
613.54	0.002
613.73	0.002
613.93	0.002
614.12	0.002
614.32	0.003
614.51	0.003
614.70	0.003
614.90	0.003
615.09	0.003
615.28	0.003
615.48	0.002
615.67	0.003
615.86	0.003
616.06	0.003
616.25	0.003
616.45	0.003
616.64	0.003
616.83	0.004
617.03	0.004
617.22	0.004
617.41	0.004
617.61	0.004
617.80	0.004
617.99	0.003
618.19	0.003
618.38	0.003
618.57	0.003
618.77	0.003
618.96	0.003
619.15	0.002
619.35	0.002
619.54	0.002
619.73	0.002
619.93	0.002
620.12	0.002
620.31	0.002
620.51	0.002
620.70	0.002
620.89	0.003
621.09	0.003
621.28	0.003
621.47	0.003
621.67	0.003
621.86	0.003
622.05	0.003
622.25	0.003
622.44	0.003
622.63	0.002
622.83	0.002
623.02	0.002
623.21	0.002
623.41	0.002
623.60	0.002
623.79	0.003
623.98	0.003
624.18	0.003
624.37	0.003
624.56	0.004
624.76	0.004
624.95	0.004
625.14	0.003
625.33	0.003
625.53	0.003
625.72	0.003
625.91	0.002
626.11	0.002
626.30	0.002
626.49	0.002
626.68	0.002
626.88	0.003
627.07	0.003
627.26	0.003
627.46	0.003
627.65	0.003
627.84	0.002
628.03	0.003
628.23	0.003
628.42	0.003
628.61	0.003
628.80	0.002
629.00	0.002
629.19	0.003
629.38	0.003
629.58	0.003
629.77	0.002
629.96	0.002
630.15	0.002
630.35	0.002
630.54	0.002
630.73	0.003
630.92	0.002
631.12	0.002
631.31	0.002
631.50	0.002
631.69	0.002
631.89	0.002
632.08	0.003
632.27	0.003
632.46	0.002
632.65	0.003
632.85	0.003
633.04	0.003
633.23	0.003
633.42	0.003
633.62	0.003
633.81	0.002
634.00	0.002
634.19	0.003
634.39	0.002
634.58	0.003
634.77	0.003
634.96	0.003
635.15	0.003
635.35	0.004
635.54	0.004
635.73	0.003
635.92	0.003
636.11	0.003
636.31	0.003
636.50	0.002
636.69	0.002
636.88	0.002
637.07	0.002
637.27	0.003
637.46	0.003
637.65	0.003
637.84	0.003
638.03	0.003
638.23	0.003
638.42	0.002
638.61	0.003
638.80	0.003
638.99	0.002
639.19	0.003
639.38	0.003
639.57	0.003
639.76	0.003
639.95	0.003
640.14	0.003
640.34	0.003
640.53	0.003
640.72	0.003
640.91	0.003
641.10	0.002
641.30	0.003
641.49	0.002
641.68	0.002
641.87	0.003
642.06	0.003
642.25	0.003
642.44	0.003
642.64	0.003
642.83	0.003
643.02	0.003
643.21	0.004
643.40	0.003
643.59	0.004
643.79	0.003
643.98	0.004
644.17	0.003
644.36	0.003
644.55	0.003
644.74	0.003
644.93	0.003
645.13	0.003
645.32	0.003
645.51	0.002
645.70	0.002
645.89	0.002
646.08	0.003
646.27	0.003
646.46	0.002
646.66	0.003
646.85	0.003
647.04	0.003
647.23	0.003
647.42	0.003
647.61	0.003
647.80	0.002
647.99	0.002
648.19	0.003
648.38	0.002
648.57	0.002
648.76	0.002
648.95	0.003
649.14	0.002
649.33	0.002
649.52	0.003
649.71	0.003
649.91	0.003
650.10	0.003
650.29	0.003
650.48	0.002
650.67	0.002
650.86	0.003
651.05	0.002
651.24	0.002
651.43	0.002
651.62	0.002
651.81	0.002
652.01	0.002
652.20	0.002
652.39	0.002
652.58	0.002
652.77	0.002
652.96	0.002
653.15	0.002
653.34	0.002
653.53	0.002
653.72	0.003
653.91	0.002
654.10	0.002
654.29	0.002
654.48	0.002
654.68	0.002
654.87	0.001
655.06	0.001
655.25	0.001
655.44	0.001
655.63	0.001
655.82	0.002
656.01	0.002
656.20	0.002
656.39	0.002
656.58	0.002
656.77	0.003
656.96	0.003
657.15	0.004
657.34	0.003
657.53	0.003
657.72	0.003
657.91	0.003
658.10	0.002
658.29	0.003
658.48	0.003
658.68	0.003
658.87	0.003
659.06	0.003
659.25	0.003
659.44	0.003
659.63	0.003
659.82	0.004
660.01	0.004
660.20	0.003
660.39	0.003
660.58	0.002
660.77	0.002
660.96	0.002
661.15	0.003
661.34	0.002
661.53	0.002
661.72	0.002
661.91	0.002
662.10	0.002
662.29	0.002
662.48	0.002
662.67	0.002
662.86	0.002
663.05	0.003
663.24	0.003
663.43	0.003
663.62	0.003
663.81	0.003
664.00	0.003
664.19	0.003
664.38	0.003
664.57	0.003
664.76	0.003
664.95	0.003
665.14	0.003
665.33	0.002
665.52	0.002
665.71	0.002
665.90	0.003
666.09	0.003
666.28	0.003
666.46	0.002
666.65	0.002
666.84	0.002
667.03	0.002
667.22	0.001
667.41	0.001
667.60	0.001
667.79	0.001
667.98	0.001
668.17	0.001
668.36	0.002
668.55	0.002
668.74	0.002
668.93	0.003
669.12	0.003
669.31	0.002
669.50	0.002
669.69	0.003
669.88	0.003
670.07	0.003
670.26	0.003
670.44	0.003
670.63	0.003
670.82	0.003
671.01	0.003
671.20	0.003
671.39	0.003
671.58	0.003
671.77	0.003
671.96	0.003
672.15	0.003
672.34	0.004
672.53	0.004
672.72	0.004
672.91	0.004
673.09	0.004
673.28	0.004
673.47	0.004
673.66	0.004
673.85	0.004
674.04	0.003
674.23	0.003
674.42	0.003
674.61	0.003
674.80	0.003
674.98	0.002
675.17	0.003
675.36	0.002
675.55	0.002
675.74	0.003
675.93	0.002
676.12	0.003
676.31	0.003
676.50	0.003
676.69	0.003
676.87	0.003
677.06	0.003
677.25	0.003
677.44	0.003
677.63	0.003
677.82	0.002
678.01	0.002
678.20	0.002
678.38	0.002
678.57	0.002
678.76	0.002
678.95	0.002
679.14	0.002
679.33	0.002
679.52	0.002
679.71	0.002
679.89	0.002
680.08	0.002
680.27	0.002
680.46	0.002
680.65	0.002
680.84	0.003
681.02	0.002
681.21	0.002
681.40	0.002
681.59	0.002
681.78	0.002
681.97	0.002
682.16	0.002
682.34	0.002
682.53	0.001
682.72	0.001
682.91	0.001
683.10	0.001
683.29	0.001
683.47	0.001
683.66	0.002
683.85	0.002
684.04	0.002
684.23	0.002
684.42	0.002
684.60	0.002
684.79	0.002
684.98	0.002
685.17	0.002
685.36	0.003
685.54	0.003
685.73	0.003
685.92	0.003
686.11	0.002
686.30	0.002
686.49	0.002
686.67	0.002
686.86	0.002
687.05	0.001
687.24	0.001
687.43	0.002
687.61	0.002
687.80	0.002
687.99	0.002
688.18	0.002
688.36	0.002
688.55	0.002
688.74	0.002
688.93	0.002
689.12	0.002
689.30	0.002
689.49	0.002
689.68	0.002
689.87	0.002
690.06	0.002
690.24	0.002
690.43	0.002
690.62	0.002
690.81	0.002
690.99	0.003
691.18	0.002
691.37	0.002
691.56	0.002
691.74	0.002
691.93	0.002
692.12	0.002
692.31	0.003
692.50	0.002
692.68	0.002
692.87	0.003
693.06	0.003
693.25	0.003
693.43	0.003
693.62	0.003
693.81	0.002
694.00	0.002
694.18	0.002
694.37	0.002
694.56	0.002
694.74	0.002
694.93	0.002
695.12	0.002
695.31	0.002
695.49	0.002
695.68	0.003
695.87	0.002
696.06	0.003
696.24	0.002
696.43	0.003
696.62	0.003
696.80	0.003
696.99	0.002
697.18	0.002
697.37	0.002
697.55	0.002
697.74	0.002
697.93	0.002
698.12	0.002
698.30	0.002
698.49	0.002
698.68	0.002
698.86	0.002
699.05	0.002
699.24	0.002
699.42	0.002
699.61	0.002
699.80	0.002
699.99	0.002
700.17	0.002
700.36	0.002
700.55	0.002
700.73	0.002
700.92	0.002
701.11	0.002
701.29	0.002
701.48	0.002
701.67	0.002
701.85	0.002
702.04	0.002
702.23	0.002
702.41	0.003
702.60	0.003
702.79	0.003
702.97	0.003
703.16	0.003
703.35	0.003
703.53	0.003
703.72	0.003
703.91	0.003
704.09	0.003
704.28	0.003
704.47	0.003
704.65	0.003
704.84	0.003
705.03	0.003
705.21	0.002
705.40	0.002
705.59	0.002
705.77	0.002
705.96	0.002
706.15	0.002
706.33	0.002
706.52	0.003
706.71	0.002
706.89	0.003
707.08	0.003
707.26	0.003
707.45	0.002
707.64	0.002
707.82	0.002
708.01	0.002
708.20	0.002
708.38	0.002
708.57	0.002
708.75	0.002
708.94	0.002
709.13	0.002
709.31	0.002
709.50	0.002
709.69	0.003
709.87	0.002
710.06	0.002
710.24	0.001
710.43	0.002
710.62	0.002
710.80	0.002
710.99	0.002
711.17	0.002
711.36	0.001
711.55	0.002
711.73	0.002
711.92	0.002
712.10	0.002
712.29	0.002
712.48	0.002
712.66	0.002
712.85	0.003
713.03	0.004
713.22	0.003
713.40	0.004
713.59	0.003
713.78	0.003
713.96	0.003
714.15	0.003
714.33	0.003
714.52	0.003
714.71	0.003
714.89	0.003
715.08	0.003
715.26	0.003
715.45	0.003
715.63	0.003
715.82	0.003
716.00	0.003
716.19	0.003
716.38	0.003
716.56	0.004
716.75	0.004
716.93	0.003
717.12	0.003
717.30	0.003
717.49	0.003
717.67	0.003
717.86	0.003
718.05	0.003
718.23	0.002
718.42	0.002
718.60	0.002
718.79	0.002
718.97	0.002
719.16	0.002
719.34	0.002
719.53	0.002
719.71	0.003
719.90	0.003
720.08	0.003
720.27	0.003
720.45	0.003
720.64	0.003
720.83	0.003
721.01	0.002
721.20	0.002
721.38	0.002
721.57	0.002
721.75	0.002
721.94	0.001
722.12	0.001
722.31	0.001
722.49	0.001
722.68	0.001
722.86	0.001
723.05	0.001
723.23	0.001
723.42	0.001
723.60	0.002
723.79	0.002
723.97	0.002
724.16	0.003
724.34	0.003
724.53	0.002
724.71	0.003
724.90	0.003
725.08	0.003
725.27	0.003
725.45	0.003
725.64	0.003
725.82	0.003
726.00	0.003
726.19	0.002
726.37	0.002
726.56	0.002
726.74	0.002
726.93	0.002
727.11	0.002
727.30	0.002
727.48	0.002
727.67	0.002
727.85	0.003
728.04	0.003
728.22	0.003
728.40	0.002
728.59	0.002
728.77	0.002
728.96	0.002
729.14	0.002
729.33	0.002
729.51	0.002
729.70	0.002
729.88	0.002
730.07	0.002
730.25	0.002
730.43	0.002
730.62	0.002
730.80	0.002
730.99	0.002
731.17	0.002
731.36	0.002
731.54	0.002
731.72	0.002
731.91	0.002
732.09	0.002
732.28	0.002
732.46	0.002
732.65	0.002
732.83	0.002
733.01	0.002
733.20	0.002
733.38	0.001
733.57	0.001
733.75	0.002
733.93	0.002
734.12	0.002
734.30	0.002
734.49	0.002
734.67	0.002
734.85	0.003
735.04	0.003
735.22	0.003
735.41	0.003
735.59	0.003
735.77	0.003
735.96	0.002
736.14	0.003
736.33	0.002
736.51	0.002
736.69	0.002
736.88	0.003
737.06	0.002
737.25	0.002
737.43	0.002
737.61	0.002
737.80	0.002
737.98	0.002
738.16	0.002
738.35	0.002
738.53	0.001
738.71	0.002
738.90	0.002
739.08	0.002
739.27	0.002
739.45	0.002
739.63	0.002
739.82	0.001
740.00	0.002
740.18	0.002
740.37	0.002
740.55	0.002
740.73	0.002
740.92	0.002
741.10	0.002
741.28	0.002
741.47	0.002
741.65	0.002
741.83	0.002
742.02	0.002
742.20	0.002
742.38	0.002
742.57	0.002
742.75	0.002
742.93	0.002
743.12	0.001
743.30	0.002
743.48	0.002
743.67	0.002
743.85	0.002
744.03	0.003
744.22	0.002
744.40	0.003
744.58	0.002
744.77	0.002
744.95	0.002
745.13	0.002
745.32	0.002
745.50	0.002
745.68	0.002
745.87	0.002
746.05	0.002
746.23	0.003
746.41	0.003
746.60	0.003
746.78	0.004
746.96	0.003
747.15	0.003
747.33	0.003
747.51	0.003
747.70	0.003
747.88	0.003
748.06	0.003
748.24	0.003
748.43	0.003
748.61	0.003
748.79	0.002
748.97	0.002
749.16	0.002
749.34	0.002
749.52	0.003
749.71	0.002
749.89	0.002
750.07	0.002
750.25	0.002
750.44	0.002
750.62	0.002
750.80	0.002
750.98	0.002
751.17	0.002
751.35	0.003
751.53	0.003
751.71	0.003
751.90	0.003
752.08	0.003
752.26	0.003
752.44	0.002
752.63	0.002
752.81	0.002
752.99	0.002
753.17	0.002
753.36	0.002
753.54	0.002
753.72	0.002
753.90	0.002
754.09	0.003
754.27	0.002
754.45	0.002
754.63	0.002
754.82	0.002
755.00	0.002
755.18	0.001
755.36	0.001
755.54	0.001
755.73	0.001
755.91	0.001
756.09	0.002
756.27	0.002
756.45	0.002
756.64	0.002
756.82	0.002
757.00	0.002
757.18	0.002
757.37	0.002
757.55	0.002
757.73	0.002
757.91	0.002
758.09	0.001
758.27	0.001
758.46	0.001
758.64	0.001
758.82	0.001
759.00	0.001
759.18	0.001
759.37	0.001
759.55	0.001
759.73	0.001
759.91	0.002
760.09	0.002
760.28	0.002
760.46	0.002
760.64	0.002
760.82	0.002
761.00	0.002
761.18	0.002
761.37	0.002
761.55	0.002
761.73	0.002
761.91	0.002
762.09	0.002
762.27	0.003
762.46	0.003
762.64	0.002
762.82	0.002
763.00	0.002
763.18	0.001
763.36	0.001
763.54	0.001
763.73	0.001
763.91	0.001
764.09	0.001
764.27	0.001
764.45	0.001
764.63	0.001
764.81	0.001
765.00	0.001
765.18	0.001
765.36	0.000
765.54	0.000
765.72	0.000
765.90	-0.000
766.08	0.000
766.27	0.000
766.45	0.000
766.63	0.001
766.81	0.001
766.99	0.001
767.17	0.001
767.35	0.002
767.53	0.002
767.71	0.002
767.90	0.002
768.08	0.002
768.26	0.002
768.44	0.002
768.62	0.002
768.80	0.002
768.98	0.002
769.16	0.002
769.34	0.002
769.52	0.002
769.71	0.002
769.89	0.002
770.07	0.002
770.25	0.001
770.43	0.001
770.61	0.001
770.79	0.001
770.97	0.001
771.15	0.001
771.33	0.001
771.51	0.001
771.69	0.001
771.88	0.001
772.06	0.001
772.24	0.001
772.42	0.001
772.60	0.002
772.78	0.001
772.96	0.001
773.14	0.001
773.32	0.001
773.50	0.001
773.68	0.001
773.86	0.001
774.04	0.001
774.22	0.000
774.40	0.001
774.58	0.001
774.77	0.001
774.95	0.001
775.13	0.001
775.31	0.001
775.49	0.001
775.67	0.001
775.85	0.002
776.03	0.002
776.21	0.002
776.39	0.002
776.57	0.002
776.75	0.002
776.93	0.002
777.11	0.002
777.29	0.002
777.47	0.002
777.65	0.002
777.83	0.002
778.01	0.001
778.19	0.001
778.37	0.001
778.55	0.001
778.73	0.002
778.91	0.002
779.09	0.001
779.27	0.002
779.45	0.002
779.63	0.002
779.81	0.002
779.99	0.002
780.17	0.002
780.35	0.002
780.53	0.002
780.71	0.002
780.89	0.002
781.07	0.002
781.25	0.001
781.43	0.002
781.61	0.002
781.79	0.002
781.97	0.002
782.15	0.002
782.33	0.002
782.51	0.002
782.69	0.002
782.87	0.002
783.05	0.002
783.23	0.001
783.41	0.001
783.59	0.001
783.77	0.001
783.95	0.001
784.13	0.001
784.31	0.001
784.49	0.001
784.67	0.001
784.85	0.001
785.03	0.001
785.21	0.001
785.38	0.001
785.56	0.001
785.74	0.001
785.92	0.001
786.10	0.001
786.28	0.001
786.46	0.001
786.64	0.001
786.82	0.000
787.00	0.001
787.18	0.001
787.36	0.001
787.54	0.001
787.72	0.001
787.90	0.001
788.08	0.001
788.25	0.001
788.43	0.001
788.61	0.001
788.79	0.001
788.97	0.001
789.15	0.001
789.33	0.001
789.51	0.001
789.69	0.001
789.87	0.001
790.05	0.001
790.23	0.001
790.40	0.001
790.58	0.001
790.76	0.001
790.94	0.001
791.12	0.000
791.30	0.000
791.48	0.000
791.66	0.000
791.84	0.000
792.02	-0.000
792.19	-0.000
792.37	0.000
792.55	-0.000
792.73	-0.000
792.91	-0.000
793.09	-0.000
793.27	0.000
793.45	0.000
793.63	0.000
793.80	0.000
793.98	0.000
794.16	0.001
794.34	0.001
794.52	0.001
794.70	0.001
794.88	0.001
795.05	0.001
795.23	0.001
795.41	0.002
795.59	0.002
795.77	0.001
795.95	0.001
796.13	0.001
796.30	0.001
796.48	0.001
796.66	0.001
796.84	0.001
797.02	0.001
797.20	0.001
797.38	0.001
797.55	0.001
797.73	0.001
797.91	0.002
798.09	0.002
798.27	0.002
798.45	0.002
798.62	0.002
798.80	0.002
798.98	0.001
799.16	0.001
799.34	0.001
799.52	0.000
799.69	0.000
799.87	0.000
800.05	0.001
800.23	0.000
800.41	0.000
800.58	-0.000
800.76	0.000
800.94	0.000
801.12	0.001
801.30	0.000
801.47	0.001
801.65	0.001
801.83	0.001
802.01	0.001
802.19	0.002
802.36	0.001
802.54	0.002
802.72	0.001
802.90	0.001
803.08	0.001
803.25	0.002
803.43	0.002
803.61	0.001
803.79	0.002
803.97	0.001
804.14	0.001
804.32	0.001
804.50	0.001
804.68	0.001
804.85	0.001
805.03	0.001
805.21	0.001
805.39	0.001
805.56	0.001
805.74	0.001
805.92	0.002
806.10	0.001
806.28	0.001
806.45	0.001
806.63	0.001
806.81	0.001
806.99	0.002
807.16	0.001
807.34	0.001
807.52	0.001
807.70	0.002
807.87	0.002
808.05	0.002
808.23	0.002
808.41	0.003
808.58	0.003
808.76	0.002
808.94	0.002
809.11	0.002
809.29	0.002
809.47	0.002
809.65	0.002
809.82	0.003
810.00	0.002
810.18	0.002
810.36	0.002
810.53	0.002
810.71	0.002
810.89	0.001
811.06	0.002
811.24	0.002
811.42	0.001
811.60	0.001
811.77	0.001
811.95	0.001
812.13	0.001
812.30	0.001
812.48	0.001
812.66	0.000
812.83	0.000
813.01	-0.000
813.19	0.000
813.37	0.000
813.54	0.001
813.72	0.001
813.90	0.001
814.07	0.001
814.25	0.001
814.43	0.001
814.60	0.001
814.78	0.001
814.96	0.001
815.13	0.001
815.31	0.001
815.49	0.001
815.66	0.001
815.84	0.001
816.02	0.001
816.19	0.001
816.37	0.001
816.55	0.001
816.72	0.001
816.90	0.002
817.08	0.002
817.25	0.002
817.43	0.002
817.61	0.002
817.78	0.002
817.96	0.002
818.14	0.002
818.31	0.001
818.49	0.001
818.67	0.001
818.84	0.000
819.02	0.001
819.19	0.001
819.37	0.001
819.55	0.001
819.72	0.001
819.90	0.001
820.08	0.002
820.25	0.002
820.43	0.002
820.60	0.002
820.78	0.002
820.96	0.002
821.13	0.002
821.31	0.002
821.49	0.002
821.66	0.002
821.84	0.002
822.01	0.002
822.19	0.001
822.37	0.001
822.54	0.002
822.72	0.002
822.89	0.002
823.07	0.002
823.25	0.002
823.42	0.002
823.60	0.002
823.77	0.002
823.95	0.002
824.13	0.002
824.30	0.002
824.48	0.002
824.65	0.002
824.83	0.002
825.01	0.002
825.18	0.003
825.36	0.003
825.53	0.002
825.71	0.002
825.88	0.003
826.06	0.003
826.24	0.003
826.41	0.003
826.59	0.003
826.76	0.003
826.94	0.002
827.11	0.002
827.29	0.002
827.47	0.001
827.64	0.001
827.82	0.000
827.99	0.000
828.17	0.001
828.34	0.001
828.52	0.001
828.69	0.000
828.87	0.000
829.04	0.001
829.22	0.001
829.40	0.001
829.57	0.001
829.75	0.001
829.92	0.000
830.10	0.000
830.27	0.001
830.45	0.001
830.62	0.000
830.80	-0.000
830.97	0.000
831.15	-0.000
831.32	0.000
831.50	0.001
831.67	0.001
831.85	0.001
832.02	0.000
832.20	0.000
832.37	0.001
832.55	0.001
832.73	0.001
832.90	0.000
833.08	0.000
833.25	0.000
833.43	0.001
833.60	0.001
833.78	0.001
833.95	0.001
834.13	0.001
834.30	0.001
834.48	0.001
834.65	0.002
834.82	0.002
835.00	0.002
835.17	0.001
835.35	0.002
835.52	0.002
835.70	0.002
835.87	0.001
836.05	0.002
836.22	0.001
836.40	0.002
836.57	0.002
836.75	0.002
836.92	0.001
837.10	0.001
837.27	0.001
837.45	0.001
837.62	0.001
837.80	0.001
837.97	0.000
838.14	0.001
838.32	0.001
838.49	0.001
838.67	0.001
838.84	0.001
839.02	0.002
839.19	0.002
839.37	0.002
839.54	0.002
839.71	0.002
839.89	0.001
840.06	0.002
840.24	0.002
840.41	0.002
840.59	0.002
840.76	0.002
840.94	0.001
841.11	0.001
841.28	0.002
841.46	0.002
841.63	0.002
841.81	0.002
841.98	0.002
842.15	0.002
842.33	0.002
842.50	0.002
842.68	0.002
842.85	0.002
843.03	0.002
843.20	0.002
843.37	0.002
843.55	0.002
843.72	0.002
843.90	0.002
844.07	0.002
844.24	0.002
844.42	0.002
844.59	0.002
844.77	0.002
844.94	0.002
845.11	0.001
845.29	0.002
845.46	0.001
845.63	0.001
845.81	0.001
845.98	0.002
846.16	0.002
846.33	0.002
846.50	0.002
846.68	0.002
846.85	0.002
847.02	0.002
847.20	0.002
847.37	0.002
847.55	0.002
847.72	0.002
847.89	0.002
848.07	0.001
848.24	0.001
848.41	0.000
848.59	0.001
848.76	0.000
848.93	-0.000
849.11	-0.000
849.28	0.001
849.45	0.001
849.63	0.001
849.80	0.001
849.97	0.001
850.15	0.001
850.32	0.002
850.49	0.002
850.67	0.002
850.84	0.001
851.01	0.000
851.19	0.001
851.36	0.000
851.53	0.001
851.71	0.000
851.88	0.000
852.05	0.001
852.23	0.001
852.40	0.001
852.57	0.001
852.75	0.001
852.92	0.001
853.09	0.001
853.27	0.001
853.44	0.001
853.61	0.001
853.79	-0.000
853.96	-0.001
854.13	-0.001
854.30	-0.001
854.48	-0.001
854.65	-0.001
854.82	-0.001
855.00	-0.001
855.17	-0.001
855.34	-0.001
855.51	-0.000
855.69	-0.000
855.86	0.000
856.03	0.001
856.21	0.001
856.38	-0.000
856.55	-0.000
856.72	-0.000
856.90	-0.000
857.07	-0.000
857.24	-0.001
857.42	-0.001
857.59	-0.001
857.76	-0.001
857.93	-0.000
858.11	-0.000
858.28	0.000
858.45	0.001
858.62	0.001
858.80	0.001
858.97	0.000
859.14	-0.000
859.31	-0.001
859.49	-0.001
859.66	-0.002
859.83	-0.002
860.00	-0.002
860.18	-0.002
860.35	-0.002
860.52	-0.002
860.69	-0.001
860.86	-0.001
861.04	-0.001
861.21	-0.001
861.38	-0.001
861.55	-0.001
861.73	-0.001
861.90	-0.001
862.07	-0.001
862.24	-0.001
862.42	-0.001
862.59	-0.002
862.76	-0.002
862.93	-0.002
863.10	-0.002
863.28	-0.002
863.45	-0.002
863.62	-0.001
863.79	-0.001
863.96	-0.001
864.14	-0.000
864.31	-0.001
864.48	-0.000
864.65	-0.000
864.82	-0.000
865.00	-0.000
865.17	-0.001
865.34	-0.002
865.51	-0.002
865.68	-0.001
865.86	-0.001
866.03	-0.002
866.20	-0.002
866.37	-0.002
866.54	-0.002
866.71	-0.002
866.89	-0.001
867.06	-0.002
867.23	-0.002
867.40	-0.002
867.57	-0.002
867.74	-0.002
867.92	-0.002
868.09	-0.002
868.26	-0.002
868.43	-0.002
868.60	-0.002
868.77	-0.002
868.95	-0.003
869.12	-0.003
869.29	-0.004
869.46	-0.004
869.63	-0.003
869.80	-0.003
869.97	-0.003
870.15	-0.004
870.32	-0.004
870.49	-0.004
870.66	-0.004
870.83	-0.004
871.00	-0.004
871.17	-0.004
871.34	-0.005
871.52	-0.005
871.69	-0.005
871.86	-0.005
872.03	-0.005
872.20	-0.005
872.37	-0.005
872.54	-0.006
872.71	-0.005
872.89	-0.005
873.06	-0.005
873.23	-0.005
873.40	-0.004
873.57	-0.004
873.74	-0.005
873.91	-0.004
874.08	-0.004
874.25	-0.003
874.42	-0.004
874.60	-0.004
874.77	-0.004
874.94	-0.005
875.11	-0.005
875.28	-0.006
875.45	-0.006
875.62	-0.007
875.79	-0.007
875.96	-0.006
876.13	-0.007
876.30	-0.007
876.47	-0.007
876.65	-0.007
876.82	-0.006
876.99	-0.006
877.16	-0.006
877.33	-0.006
877.50	-0.007
877.67	-0.007
877.84	-0.007
878.01	-0.006
878.18	-0.007
878.35	-0.007
878.52	-0.007
878.69	-0.007
878.86	-0.007
879.03	-0.006
879.20	-0.007
879.38	-0.007
879.55	-0.007
879.72	-0.006
879.89	-0.007
880.06	-0.006
880.23	-0.006
880.40	-0.006
880.57	-0.006
880.74	-0.006
880.91	-0.007
881.08	-0.006
881.25	-0.008
881.42	-0.009
881.59	-0.010
881.76	-0.010
881.93	-0.010
882.10	-0.010
882.27	-0.010
882.44	-0.009
882.61	-0.010
882.78	-0.008
882.95	-0.008
883.12	-0.008
883.29	-0.008
883.46	-0.008
883.63	-0.007
883.80	-0.008
883.97	-0.009
884.14	-0.008
884.31	-0.009
884.48	-0.009
884.65	-0.008
884.82	-0.009
884.99	-0.009
885.16	-0.010
885.33	-0.008
885.50	-0.007
885.67	-0.008
885.84	-0.007
886.01	-0.008
886.18	-0.009
886.35	-0.009
886.52	-0.008
886.69	-0.009
886.86	-0.010
887.03	-0.010
887.20	-0.010
887.37	-0.009
887.54	-0.010
887.71	-0.008
887.88	-0.008
888.05	-0.008
888.22	-0.007
888.39	-0.007
888.55	-0.007
888.72	-0.007
888.89	-0.007
889.06	-0.008
889.23	-0.009
889.40	-0.009
889.57	-0.009
889.74	-0.009
889.91	-0.008
890.08	-0.008
890.25	-0.008
890.42	-0.009
890.59	-0.007
890.76	-0.007
890.93	-0.006
891.10	-0.006
891.26	-0.006
891.43	-0.006
891.60	-0.006
891.77	-0.006
891.94	-0.005
892.11	-0.005
892.28	-0.006
892.45	-0.005
892.62	-0.007
892.79	-0.007
892.96	-0.007
893.13	-0.007
893.29	-0.007
893.46	-0.008
893.63	-0.007
893.80	-0.007
893.97	-0.008
894.14	-0.007
894.31	-0.008
894.48	-0.007
894.65	-0.008
894.81	-0.009
894.98	-0.015
