177.34	-0.000
177.56	-0.000
177.78	-0.000
178.00	-0.096
178.22	0.023
178.44	-0.076
178.66	-0.056
178.89	-0.029
179.11	-0.052
179.33	0.050
179.55	0.082
179.77	0.241
179.99	0.472
180.21	0.456
180.43	0.650
180.65	0.314
180.87	0.271
181.09	0.273
181.31	0.278
181.53	0.237
181.75	0.209
181.97	0.216
182.19	0.261
182.41	0.278
182.63	0.273
182.85	0.243
183.07	0.233
183.30	0.205
183.52	0.258
183.74	0.259
183.96	0.207
184.18	0.207
184.40	0.210
184.62	0.225
184.84	0.246
185.06	0.277
185.28	0.313
185.50	0.309
185.72	0.311
185.94	0.366
186.16	0.355
186.38	0.383
186.60	0.435
186.82	0.482
187.04	0.494
187.26	0.515
187.48	0.543
187.70	0.572
187.92	0.610
188.14	0.657
188.36	0.646
188.58	0.660
188.80	0.660
189.02	0.701
189.24	0.724
189.46	0.755
189.68	0.821
189.90	0.827
190.12	0.855
190.34	0.899
190.56	0.909
190.78	0.925
191.00	0.963
191.22	0.985
191.44	0.990
191.66	0.969
191.88	1.023
192.10	1.010
192.32	1.048
192.54	1.073
192.76	1.109
192.98	1.100
193.20	1.087
193.42	1.107
193.64	1.112
193.86	1.114
194.08	1.143
194.30	1.145
194.52	1.159
194.74	1.149
194.96	1.161
195.18	1.209
195.40	1.231
195.62	1.263
195.84	1.234
196.06	1.253
196.28	1.260
196.50	1.267
196.72	1.268
196.94	1.266
197.16	1.290
197.38	1.267
197.60	1.256
197.82	1.293
198.04	1.293
198.26	1.297
198.48	1.313
198.70	1.314
198.92	1.345
199.13	1.311
199.35	1.329
199.57	1.335
199.79	1.322
200.01	1.332
200.23	1.320
200.45	1.312
200.67	1.344
200.89	1.348
201.11	1.366
201.33	1.380
201.55	1.393
201.77	1.411
201.99	1.418
202.21	1.439
202.43	1.455
202.65	1.449
202.87	1.430
203.09	1.439
203.31	1.437
203.52	1.434
203.74	1.416
203.96	1.419
204.18	1.412
204.40	1.415
204.62	1.424
204.84	1.447
205.06	1.452
205.28	1.450
205.50	1.489
205.72	1.530
205.94	1.544
206.16	1.588
206.38	1.599
206.59	1.586
206.81	1.589
207.03	1.568
207.25	1.581
207.47	1.562
207.69	1.543
207.91	1.548
208.13	1.526
208.35	1.522
208.57	1.533
208.79	1.533
209.01	1.563
209.22	1.576
209.44	1.578
209.66	1.584
209.88	1.573
210.10	1.588
210.32	1.597
210.54	1.616
210.76	1.637
210.98	1.651
211.20	1.642
211.42	1.642
211.63	1.651
211.85	1.666
212.07	1.664
212.29	1.675
212.51	1.675
212.73	1.675
212.95	1.651
213.17	1.668
213.39	1.683
213.60	1.696
213.82	1.707
214.04	1.721
214.26	1.721
214.48	1.729
214.70	1.727
214.92	1.751
215.14	1.739
215.35	1.758
215.57	1.747
215.79	1.742
216.01	1.725
216.23	1.724
216.45	1.732
216.67	1.713
216.89	1.712
217.10	1.716
217.32	1.695
217.54	1.701
217.76	1.698
217.98	1.700
218.20	1.699
218.42	1.682
218.64	1.695
218.85	1.706
219.07	1.707
219.29	1.699
219.51	1.684
219.73	1.669
219.95	1.660
220.17	1.652
220.38	1.642
220.60	1.626
220.82	1.602
221.04	1.590
221.26	1.580
221.48	1.574
221.69	1.562
221.91	1.548
222.13	1.531
222.35	1.521
222.57	1.505
222.79	1.491
223.00	1.474
223.22	1.459
223.44	1.439
223.66	1.427
223.88	1.407
224.10	1.393
224.32	1.377
224.53	1.367
224.75	1.346
224.97	1.327
225.19	1.311
225.41	1.295
225.62	1.280
225.84	1.265
226.06	1.246
226.28	1.223
226.50	1.199
226.72	1.179
226.93	1.162
227.15	1.142
227.37	1.124
227.59	1.105
227.81	1.086
228.02	1.069
228.24	1.056
228.46	1.040
228.68	1.026
228.90	1.010
229.12	0.994
229.33	0.975
229.55	0.957
229.77	0.940
229.99	0.924
230.21	0.906
230.42	0.891
230.64	0.874
230.86	0.859
231.08	0.842
231.30	0.828
231.51	0.815
231.73	0.802
231.95	0.787
232.17	0.772
232.38	0.756
232.60	0.742
232.82	0.727
233.04	0.714
233.26	0.699
233.47	0.683
233.69	0.668
233.91	0.654
234.13	0.639
234.35	0.626
234.56	0.612
234.78	0.598
235.00	0.583
235.22	0.570
235.43	0.556
235.65	0.543
235.87	0.531
236.09	0.519
236.30	0.506
236.52	0.493
236.74	0.480
236.96	0.467
237.18	0.455
237.39	0.444
237.61	0.432
237.83	0.420
238.05	0.409
238.26	0.397
238.48	0.388
238.70	0.378
238.92	0.368
239.13	0.358
239.35	0.349
239.57	0.339
239.79	0.331
240.00	0.322
240.22	0.314
240.44	0.306
240.66	0.298
240.87	0.291
241.09	0.284
241.31	0.277
241.53	0.271
241.74	0.265
241.96	0.259
242.18	0.253
242.40	0.246
242.61	0.241
242.83	0.235
243.05	0.230
243.27	0.224
243.48	0.219
243.70	0.214
243.92	0.210
244.13	0.205
244.35	0.201
244.57	0.197
244.79	0.193
245.00	0.190
245.22	0.186
245.44	0.183
245.65	0.180
245.87	0.176
246.09	0.173
246.31	0.171
246.52	0.168
246.74	0.165
246.96	0.162
247.18	0.159
247.39	0.157
247.61	0.155
247.83	0.153
248.04	0.151
248.26	0.149
248.48	0.147
248.69	0.146
248.91	0.144
249.13	0.143
249.35	0.141
249.56	0.139
249.78	0.137
250.00	0.136
250.21	0.134
250.43	0.133
250.65	0.131
250.86	0.130
251.08	0.129
251.30	0.127
251.51	0.126
251.73	0.125
251.95	0.123
252.17	0.123
252.38	0.122
252.60	0.120
252.82	0.119
253.03	0.119
253.25	0.118
253.47	0.117
253.68	0.117
253.90	0.116
254.12	0.115
254.33	0.114
254.55	0.113
254.77	0.113
254.98	0.112
255.20	0.111
255.42	0.111
255.63	0.110
255.85	0.110
256.07	0.109
256.28	0.109
256.50	0.109
256.72	0.109
256.93	0.108
257.15	0.108
257.37	0.107
257.58	0.107
257.80	0.107
258.02	0.107
258.23	0.107
258.45	0.107
258.67	0.107
258.88	0.107
259.10	0.107
259.32	0.107
259.53	0.107
259.75	0.107
259.96	0.107
260.18	0.107
260.40	0.106
260.61	0.106
260.83	0.106
261.05	0.106
261.26	0.106
261.48	0.106
261.70	0.106
261.91	0.105
262.13	0.105
262.34	0.106
262.56	0.105
262.78	0.106
262.99	0.106
263.21	0.106
263.43	0.106
263.64	0.106
263.86	0.107
264.07	0.107
264.29	0.107
264.51	0.107
264.72	0.107
264.94	0.107
265.16	0.107
265.37	0.107
265.59	0.108
265.80	0.108
266.02	0.108
266.24	0.108
266.45	0.109
266.67	0.109
266.88	0.109
267.10	0.109
267.32	0.109
267.53	0.109
267.75	0.109
267.96	0.109
268.18	0.109
268.40	0.109
268.61	0.110
268.83	0.110
269.04	0.110
269.26	0.111
269.48	0.111
269.69	0.111
269.91	0.111
270.12	0.111
270.34	0.111
270.56	0.111
270.77	0.111
270.99	0.111
271.20	0.110
271.42	0.110
271.64	0.110
271.85	0.110
272.07	0.110
272.28	0.110
272.50	0.110
272.71	0.110
272.93	0.109
273.15	0.109
273.36	0.109
273.58	0.109
273.79	0.109
274.01	0.109
274.22	0.109
274.44	0.109
274.66	0.109
274.87	0.109
275.09	0.109
275.30	0.109
275.52	0.109
275.73	0.109
275.95	0.109
276.16	0.108
276.38	0.108
276.60	0.108
276.81	0.107
277.03	0.106
277.24	0.106
277.46	0.105
277.67	0.104
277.89	0.103
278.10	0.103
278.32	0.102
278.53	0.101
278.75	0.101
278.97	0.100
279.18	0.099
279.40	0.099
279.61	0.098
279.83	0.098
280.04	0.097
280.26	0.096
280.47	0.095
280.69	0.095
280.90	0.094
281.12	0.093
281.33	0.093
281.55	0.092
281.76	0.091
281.98	0.091
282.20	0.091
282.41	0.091
282.63	0.091
282.84	0.091
283.06	0.090
283.27	0.090
283.49	0.090
283.70	0.089
283.92	0.088
284.13	0.088
284.35	0.087
284.56	0.086
284.78	0.085
284.99	0.084
285.21	0.082
285.42	0.081
285.64	0.080
285.85	0.078
286.07	0.077
286.28	0.075
286.50	0.074
286.71	0.072
286.93	0.071
287.14	0.070
287.36	0.069
287.57	0.069
287.79	0.068
288.00	0.066
288.22	0.066
288.43	0.065
288.65	0.064
288.86	0.063
289.08	0.063
289.29	0.062
289.51	0.060
289.72	0.060
289.94	0.059
290.15	0.059
290.37	0.058
290.58	0.057
290.80	0.057
291.01	0.057
291.22	0.056
291.44	0.056
291.65	0.056
291.87	0.056
292.08	0.055
292.30	0.055
292.51	0.055
292.73	0.054
292.94	0.054
293.16	0.054
293.37	0.053
293.59	0.053
293.80	0.053
294.02	0.053
294.23	0.053
294.44	0.053
294.66	0.053
294.87	0.053
295.09	0.053
295.30	0.053
295.52	0.052
295.73	0.052
295.95	0.052
296.16	0.052
296.37	0.052
296.59	0.052
296.80	0.052
297.02	0.051
297.23	0.051
297.45	0.051
297.66	0.051
297.88	0.051
298.09	0.051
298.30	0.050
298.52	0.050
298.73	0.050
298.95	0.050
299.16	0.050
299.38	0.050
299.59	0.049
299.80	0.049
300.02	0.049
300.23	0.048
300.45	0.049
300.66	0.048
300.88	0.048
301.09	0.048
301.30	0.048
301.52	0.048
301.73	0.047
301.95	0.048
302.16	0.047
302.37	0.047
302.59	0.047
302.80	0.046
303.02	0.046
303.23	0.045
303.45	0.046
303.66	0.046
303.87	0.046
304.09	0.045
304.30	0.045
304.52	0.045
304.73	0.045
304.94	0.044
305.16	0.045
305.37	0.044
305.59	0.044
305.80	0.044
306.01	0.044
306.23	0.043
306.44	0.044
306.65	0.044
306.87	0.044
307.08	0.044
307.30	0.044
307.51	0.044
307.72	0.044
307.94	0.044
308.15	0.044
308.37	0.043
308.58	0.043
308.79	0.043
309.01	0.042
309.22	0.042
309.43	0.041
309.65	0.041
309.86	0.041
310.07	0.041
310.29	0.041
310.50	0.041
310.72	0.040
310.93	0.041
311.14	0.041
311.36	0.040
311.57	0.040
311.78	0.039
312.00	0.040
312.21	0.039
312.42	0.039
312.64	0.040
312.85	0.039
313.07	0.039
313.28	0.040
313.49	0.040
313.71	0.040
313.92	0.040
314.13	0.040
314.35	0.039
314.56	0.039
314.77	0.039
314.99	0.038
315.20	0.038
315.41	0.038
315.63	0.038
315.84	0.038
316.05	0.038
316.27	0.038
316.48	0.038
316.69	0.039
316.91	0.039
317.12	0.038
317.33	0.039
317.55	0.039
317.76	0.039
317.97	0.039
318.19	0.038
318.40	0.038
318.61	0.037
318.83	0.037
319.04	0.037
319.25	0.037
319.47	0.037
319.68	0.037
319.89	0.038
320.10	0.038
320.32	0.038
320.53	0.038
320.74	0.038
320.96	0.038
321.17	0.038
321.38	0.038
321.60	0.037
321.81	0.038
322.02	0.038
322.24	0.038
322.45	0.038
322.66	0.038
322.87	0.038
323.09	0.038
323.30	0.038
323.51	0.038
323.73	0.038
323.94	0.038
324.15	0.038
324.36	0.038
324.58	0.038
324.79	0.038
325.00	0.038
325.22	0.038
325.43	0.038
325.64	0.038
325.85	0.037
326.07	0.037
326.28	0.037
326.49	0.037
326.71	0.036
326.92	0.036
327.13	0.037
327.34	0.036
327.56	0.037
327.77	0.037
327.98	0.037
328.19	0.036
328.41	0.037
328.62	0.037
328.83	0.037
329.04	0.036
329.26	0.036
329.47	0.036
329.68	0.036
329.90	0.036
330.11	0.037
330.32	0.037
330.53	0.036
330.75	0.036
330.96	0.036
331.17	0.035
331.38	0.035
331.60	0.035
331.81	0.035
332.02	0.034
332.23	0.035
332.44	0.035
332.66	0.035
332.87	0.036
333.08	0.036
333.29	0.036
333.51	0.036
333.72	0.036
333.93	0.036
334.14	0.036
334.36	0.036
334.57	0.036
334.78	0.035
334.99	0.035
335.21	0.035
335.42	0.035
335.63	0.035
335.84	0.035
336.05	0.035
336.27	0.034
336.48	0.035
336.69	0.035
336.90	0.035
337.11	0.034
337.33	0.034
337.54	0.034
337.75	0.034
337.96	0.034
338.18	0.033
338.39	0.033
338.60	0.033
338.81	0.033
339.02	0.034
339.24	0.033
339.45	0.034
339.66	0.033
339.87	0.033
340.08	0.033
340.30	0.032
340.51	0.032
340.72	0.032
340.93	0.031
341.14	0.032
341.36	0.031
341.57	0.031
341.78	0.031
341.99	0.031
342.20	0.032
342.41	0.032
342.63	0.031
342.84	0.032
343.05	0.032
343.26	0.032
343.47	0.032
343.69	0.032
343.90	0.032
344.11	0.031
344.32	0.031
344.53	0.031
344.74	0.031
344.96	0.031
345.17	0.031
345.38	0.031
345.59	0.031
345.80	0.031
346.01	0.031
346.23	0.030
346.44	0.030
346.65	0.030
346.86	0.030
347.07	0.030
347.28	0.030
347.50	0.030
347.71	0.030
347.92	0.030
348.13	0.030
348.34	0.030
348.55	0.030
348.76	0.030
348.98	0.030
349.19	0.030
349.40	0.029
349.61	0.029
349.82	0.029
350.03	0.028
350.24	0.028
350.46	0.028
350.67	0.028
350.88	0.028
351.09	0.028
351.30	0.028
351.51	0.028
351.72	0.027
351.93	0.028
352.15	0.028
352.36	0.028
352.57	0.027
352.78	0.027
352.99	0.028
353.20	0.027
353.41	0.027
353.62	0.027
353.84	0.027
354.05	0.026
354.26	0.027
354.47	0.026
354.68	0.026
354.89	0.026
355.10	0.025
355.31	0.025
355.52	0.024
355.74	0.025
355.95	0.025
356.16	0.024
356.37	0.024
356.58	0.024
356.79	0.024
357.00	0.024
357.21	0.024
357.42	0.024
357.63	0.024
357.85	0.024
358.06	0.024
358.27	0.024
358.48	0.024
358.69	0.024
358.90	0.024
359.11	0.024
359.32	0.024
359.53	0.023
359.74	0.023
359.95	0.023
360.17	0.023
360.38	0.023
360.59	0.022
360.80	0.023
361.01	0.023
361.22	0.022
361.43	0.022
361.64	0.022
361.85	0.021
362.06	0.021
362.27	0.021
362.48	0.021
362.69	0.021
362.90	0.021
363.12	0.021
363.33	0.020
363.54	0.021
363.75	0.021
363.96	0.021
364.17	0.021
364.38	0.021
364.59	0.021
364.80	0.020
365.01	0.020
365.22	0.020
365.43	0.019
365.64	0.019
365.85	0.019
366.06	0.019
366.27	0.018
366.48	0.018
366.69	0.019
366.90	0.018
367.11	0.018
367.32	0.018
367.54	0.018
367.75	0.018
367.96	0.017
368.17	0.018
368.38	0.018
368.59	0.018
368.80	0.018
369.01	0.018
369.22	0.018
369.43	0.018
369.64	0.018
369.85	0.018
370.06	0.018
370.27	0.017
370.48	0.017
370.69	0.017
370.90	0.017
371.11	0.017
371.32	0.017
371.53	0.017
371.74	0.017
371.95	0.016
372.16	0.016
372.37	0.016
372.58	0.016
372.79	0.016
373.00	0.016
373.21	0.016
373.42	0.016
373.63	0.016
373.84	0.015
374.05	0.016
374.26	0.016
374.47	0.016
374.68	0.016
374.89	0.017
375.10	0.016
375.31	0.016
375.52	0.016
375.73	0.017
375.94	0.016
376.15	0.016
376.36	0.016
376.57	0.015
376.78	0.015
376.99	0.015
377.20	0.015
377.41	0.015
377.62	0.015
377.83	0.015
378.04	0.016
378.25	0.015
378.46	0.015
378.67	0.015
378.88	0.015
379.09	0.015
379.30	0.015
379.51	0.015
379.72	0.014
379.92	0.014
380.13	0.015
380.34	0.015
380.55	0.015
380.76	0.015
380.97	0.015
381.18	0.015
381.39	0.015
381.60	0.015
381.81	0.015
382.02	0.014
382.23	0.014
382.44	0.014
382.65	0.014
382.86	0.013
383.07	0.013
383.28	0.013
383.49	0.013
383.70	0.013
383.91	0.013
384.11	0.013
384.32	0.013
384.53	0.013
384.74	0.013
384.95	0.013
385.16	0.013
385.37	0.013
385.58	0.013
385.79	0.013
386.00	0.013
386.21	0.013
386.42	0.012
386.63	0.012
386.84	0.012
387.04	0.011
387.25	0.011
387.46	0.010
387.67	0.010
387.88	0.009
388.09	0.009
388.30	0.010
388.51	0.010
388.72	0.010
388.93	0.010
389.14	0.011
389.34	0.011
389.55	0.011
389.76	0.012
389.97	0.012
390.18	0.012
390.39	0.012
390.60	0.012
390.81	0.012
391.02	0.011
391.23	0.011
391.43	0.011
391.64	0.010
391.85	0.010
392.06	0.009
392.27	0.009
392.48	0.009
392.69	0.009
392.90	0.009
393.11	0.009
393.31	0.009
393.52	0.010
393.73	0.010
393.94	0.011
394.15	0.011
394.36	0.011
394.57	0.011
394.78	0.011
394.98	0.011
395.19	0.011
395.40	0.011
395.61	0.011
395.82	0.010
396.03	0.010
396.24	0.010
396.44	0.010
396.65	0.010
396.86	0.010
397.07	0.009
397.28	0.010
397.49	0.010
397.70	0.010
397.90	0.011
398.11	0.010
398.32	0.010
398.53	0.010
398.74	0.010
398.95	0.010
399.16	0.009
399.36	0.009
399.57	0.009
399.78	0.008
399.99	0.008
400.20	0.008
400.41	0.008
400.61	0.008
400.82	0.008
401.03	0.008
401.24	0.009
401.45	0.009
401.66	0.009
401.86	0.009
402.07	0.009
402.28	0.009
402.49	0.009
402.70	0.009
402.91	0.009
403.11	0.010
403.32	0.010
403.53	0.010
403.74	0.009
403.95	0.010
404.15	0.009
404.36	0.010
404.57	0.010
404.78	0.009
404.99	0.009
405.20	0.009
405.40	0.009
405.61	0.009
405.82	0.009
406.03	0.008
406.24	0.008
406.44	0.008
406.65	0.008
406.86	0.008
407.07	0.008
407.28	0.008
407.48	0.008
407.69	0.009
407.90	0.009
408.11	0.009
408.32	0.008
408.52	0.008
408.73	0.008
408.94	0.008
409.15	0.009
409.35	0.009
409.56	0.009
409.77	0.010
409.98	0.010
410.19	0.010
410.39	0.010
410.60	0.010
410.81	0.010
411.02	0.010
411.22	0.010
411.43	0.010
411.64	0.010
411.85	0.010
412.05	0.010
412.26	0.010
412.47	0.009
412.68	0.009
412.89	0.009
413.09	0.008
413.30	0.008
413.51	0.008
413.72	0.007
413.92	0.007
414.13	0.008
414.34	0.008
414.55	0.008
414.75	0.007
414.96	0.007
415.17	0.008
415.38	0.007
415.58	0.007
415.79	0.007
416.00	0.006
416.21	0.007
416.41	0.007
416.62	0.008
416.83	0.007
417.03	0.007
417.24	0.007
417.45	0.007
417.66	0.007
417.86	0.007
418.07	0.007
418.28	0.006
418.49	0.007
418.69	0.007
418.90	0.007
419.11	0.007
419.31	0.007
419.52	0.008
419.73	0.008
419.94	0.009
420.14	0.008
420.35	0.008
420.56	0.008
420.76	0.008
420.97	0.008
421.18	0.007
421.39	0.007
421.59	0.007
421.80	0.006
422.01	0.007
422.21	0.007
422.42	0.008
422.63	0.008
422.84	0.008
423.04	0.009
423.25	0.009
423.46	0.009
423.66	0.009
423.87	0.008
424.08	0.008
424.28	0.007
424.49	0.007
424.70	0.007
424.90	0.007
425.11	0.007
425.32	0.007
425.52	0.007
425.73	0.007
425.94	0.007
426.15	0.007
426.35	0.007
426.56	0.007
426.77	0.007
426.97	0.008
427.18	0.007
427.39	0.008
427.59	0.007
427.80	0.008
428.01	0.007
428.21	0.007
428.42	0.007
428.63	0.007
428.83	0.007
429.04	0.007
429.25	0.007
429.45	0.007
429.66	0.007
429.87	0.007
430.07	0.007
430.28	0.006
430.48	0.006
430.69	0.006
430.90	0.005
431.10	0.005
431.31	0.006
431.52	0.006
431.72	0.006
431.93	0.006
432.14	0.006
432.34	0.006
432.55	0.006
432.76	0.007
432.96	0.007
433.17	0.007
433.37	0.007
433.58	0.007
433.79	0.008
433.99	0.009
434.20	0.009
434.41	0.009
434.61	0.010
434.82	0.009
435.02	0.009
435.23	0.009
435.44	0.009
435.64	0.009
435.85	0.009
436.06	0.009
436.26	0.008
436.47	0.009
436.67	0.009
436.88	0.009
437.09	0.008
437.29	0.008
437.50	0.007
437.70	0.007
437.91	0.007
438.12	0.007
438.32	0.007
438.53	0.007
438.73	0.007
438.94	0.007
439.15	0.008
439.35	0.008
439.56	0.008
439.76	0.009
439.97	0.009
440.18	0.008
440.38	0.007
440.59	0.008
440.79	0.007
441.00	0.007
441.20	0.007
441.41	0.007
441.62	0.006
441.82	0.006
442.03	0.007
442.23	0.007
442.44	0.006
442.65	0.007
442.85	0.007
443.06	0.007
443.26	0.006
443.47	0.006
443.67	0.007
443.88	0.006
444.09	0.006
444.29	0.007
444.50	0.007
444.70	0.007
444.91	0.008
445.11	0.008
445.32	0.007
445.52	0.007
445.73	0.007
445.94	0.008
446.14	0.007
446.35	0.008
446.55	0.007
446.76	0.007
446.96	0.007
447.17	0.007
447.37	0.008
447.58	0.008
447.78	0.008
447.99	0.007
448.20	0.007
448.40	0.007
448.61	0.007
448.81	0.007
449.02	0.008
449.22	0.007
449.43	0.008
449.63	0.008
449.84	0.008
450.04	0.008
450.25	0.008
450.45	0.008
450.66	0.008
450.86	0.008
451.07	0.008
451.27	0.008
451.48	0.008
451.68	0.007
451.89	0.007
452.09	0.007
452.30	0.007
452.50	0.007
452.71	0.006
452.91	0.006
453.12	0.006
453.33	0.006
453.53	0.007
453.74	0.007
453.94	0.007
454.15	0.008
454.35	0.008
454.56	0.008
454.76	0.008
454.96	0.008
455.17	0.008
455.37	0.007
455.58	0.007
455.78	0.007
455.99	0.007
456.19	0.007
456.40	0.007
456.60	0.007
456.81	0.008
457.01	0.008
457.22	0.008
457.42	0.008
457.63	0.008
457.83	0.007
458.04	0.008
458.24	0.007
458.45	0.008
458.65	0.007
458.86	0.007
459.06	0.007
459.27	0.007
459.47	0.007
459.67	0.007
459.88	0.006
460.08	0.006
460.29	0.006
460.49	0.006
460.70	0.006
460.90	0.006
461.11	0.006
461.31	0.006
461.52	0.006
461.72	0.007
461.92	0.007
462.13	0.007
462.33	0.007
462.54	0.007
462.74	0.007
462.95	0.007
463.15	0.008
463.36	0.008
463.56	0.008
463.76	0.008
463.97	0.009
464.17	0.009
464.38	0.008
464.58	0.008
464.79	0.008
464.99	0.009
465.19	0.008
465.40	0.008
465.60	0.007
465.81	0.007
466.01	0.007
466.22	0.007
466.42	0.007
466.62	0.008
466.83	0.008
467.03	0.008
467.24	0.007
467.44	0.007
467.65	0.007
467.85	0.007
468.05	0.007
468.26	0.006
468.46	0.006
468.67	0.006
468.87	0.005
469.07	0.006
469.28	0.006
469.48	0.007
469.69	0.006
469.89	0.006
470.09	0.006
470.30	0.006
470.50	0.006
470.71	0.007
470.91	0.007
471.11	0.007
471.32	0.007
471.52	0.007
471.72	0.007
471.93	0.007
472.13	0.007
472.34	0.007
472.54	0.007
472.74	0.007
472.95	0.007
473.15	0.007
473.35	0.007
473.56	0.007
473.76	0.007
473.97	0.007
474.17	0.007
474.37	0.007
474.58	0.008
474.78	0.007
474.98	0.007
475.19	0.006
475.39	0.006
475.60	0.007
475.80	0.006
476.00	0.006
476.21	0.006
476.41	0.006
476.61	0.007
476.82	0.007
477.02	0.007
477.22	0.007
477.43	0.007
477.63	0.007
477.83	0.007
478.04	0.007
478.24	0.006
478.44	0.006
478.65	0.006
478.85	0.006
479.05	0.007
479.26	0.007
479.46	0.008
479.66	0.008
479.87	0.008
480.07	0.008
480.27	0.008
480.48	0.008
480.68	0.007
480.88	0.007
481.09	0.006
481.29	0.006
481.49	0.006
481.70	0.006
481.90	0.006
482.10	0.006
482.31	0.005
482.51	0.006
482.71	0.006
482.92	0.006
483.12	0.006
483.32	0.007
483.52	0.007
483.73	0.007
483.93	0.007
484.13	0.008
484.34	0.008
484.54	0.008
484.74	0.008
484.95	0.008
485.15	0.008
485.35	0.008
485.55	0.008
485.76	0.007
485.96	0.007
486.16	0.007
486.37	0.007
486.57	0.007
486.77	0.007
486.97	0.007
487.18	0.007
487.38	0.006
487.58	0.006
487.79	0.007
487.99	0.007
488.19	0.007
488.39	0.007
488.60	0.007
488.80	0.007
489.00	0.007
489.20	0.008
489.41	0.008
489.61	0.007
489.81	0.007
490.02	0.007
490.22	0.007
490.42	0.007
490.62	0.006
490.83	0.005
491.03	0.005
491.23	0.005
491.43	0.005
491.64	0.005
491.84	0.005
492.04	0.005
492.24	0.005
492.45	0.006
492.65	0.006
492.85	0.006
493.05	0.005
493.26	0.005
493.46	0.005
493.66	0.006
493.86	0.005
494.07	0.005
494.27	0.005
494.47	0.005
494.67	0.005
494.87	0.005
495.08	0.006
495.28	0.006
495.48	0.005
495.68	0.005
495.89	0.005
496.09	0.005
496.29	0.005
496.49	0.006
496.69	0.006
496.90	0.006
497.10	0.006
497.30	0.006
497.50	0.007
497.71	0.007
497.91	0.007
498.11	0.007
498.31	0.007
498.51	0.007
498.72	0.007
498.92	0.007
499.12	0.007
499.32	0.007
499.52	0.007
499.73	0.006
499.93	0.006
500.13	0.006
500.33	0.007
500.53	0.006
500.74	0.006
500.94	0.006
501.14	0.006
501.34	0.006
501.54	0.006
501.74	0.006
501.95	0.006
502.15	0.006
502.35	0.007
502.55	0.007
502.75	0.007
502.96	0.007
503.16	0.007
503.36	0.008
503.56	0.008
503.76	0.007
503.96	0.006
504.17	0.006
504.37	0.006
504.57	0.006
504.77	0.006
504.97	0.006
505.17	0.006
505.38	0.006
505.58	0.006
505.78	0.006
505.98	0.006
506.18	0.007
506.38	0.007
506.58	0.007
506.79	0.007
506.99	0.006
507.19	0.006
507.39	0.007
507.59	0.006
507.79	0.007
507.99	0.007
508.20	0.006
508.40	0.006
508.60	0.006
508.80	0.006
509.00	0.007
509.20	0.007
509.40	0.007
509.61	0.006
509.81	0.006
510.01	0.007
510.21	0.007
510.41	0.007
510.61	0.007
510.81	0.007
511.01	0.006
511.22	0.006
511.42	0.006
511.62	0.006
511.82	0.006
512.02	0.005
512.22	0.005
512.42	0.004
512.62	0.005
512.82	0.005
513.03	0.005
513.23	0.005
513.43	0.005
513.63	0.005
513.83	0.005
514.03	0.006
514.23	0.006
514.43	0.006
514.63	0.005
514.83	0.005
515.04	0.005
515.24	0.005
515.44	0.006
515.64	0.006
515.84	0.006
516.04	0.005
516.24	0.005
516.44	0.005
516.64	0.005
516.84	0.006
517.04	0.005
517.24	0.004
517.45	0.004
517.65	0.004
517.85	0.004
518.05	0.005
518.25	0.005
518.45	0.005
518.65	0.005
518.85	0.005
519.05	0.006
519.25	0.006
519.45	0.005
519.65	0.006
519.85	0.006
520.05	0.005
520.25	0.005
520.46	0.005
520.66	0.004
520.86	0.004
521.06	0.004
521.26	0.005
521.46	0.004
521.66	0.004
521.86	0.005
522.06	0.005
522.26	0.005
522.46	0.005
522.66	0.005
522.86	0.005
523.06	0.005
523.26	0.005
523.46	0.005
523.66	0.005
523.86	0.004
524.06	0.005
524.26	0.006
524.46	0.006
524.66	0.005
524.86	0.005
525.06	0.005
525.26	0.005
525.46	0.005
525.66	0.005
525.87	0.006
526.07	0.005
526.27	0.006
526.47	0.006
526.67	0.006
526.87	0.006
527.07	0.006
527.27	0.006
527.47	0.007
527.67	0.006
527.87	0.007
528.07	0.006
528.27	0.006
528.47	0.006
528.67	0.005
528.87	0.005
529.07	0.005
529.27	0.004
529.47	0.004
529.67	0.004
529.87	0.004
530.07	0.005
530.27	0.005
530.47	0.005
530.67	0.005
530.87	0.006
531.06	0.005
531.26	0.006
531.46	0.006
531.66	0.006
531.86	0.006
532.06	0.005
532.26	0.005
532.46	0.005
532.66	0.005
532.86	0.005
533.06	0.004
533.26	0.004
533.46	0.004
533.66	0.004
533.86	0.004
534.06	0.005
534.26	0.005
534.46	0.005
534.66	0.005
534.86	0.005
535.06	0.005
535.26	0.005
535.46	0.005
535.66	0.006
535.86	0.006
536.06	0.006
536.26	0.006
536.45	0.006
536.65	0.006
536.85	0.005
537.05	0.005
537.25	0.005
537.45	0.006
537.65	0.006
537.85	0.006
538.05	0.006
538.25	0.006
538.45	0.006
538.65	0.006
538.85	0.006
539.05	0.006
539.25	0.006
539.44	0.006
539.64	0.006
539.84	0.006
540.04	0.006
540.24	0.006
540.44	0.007
540.64	0.006
540.84	0.006
541.04	0.006
541.24	0.006
541.44	0.006
541.64	0.005
541.83	0.005
542.03	0.005
542.23	0.005
542.43	0.005
542.63	0.005
542.83	0.005
543.03	0.005
543.23	0.005
543.43	0.005
543.63	0.006
543.82	0.006
544.02	0.006
544.22	0.006
544.42	0.006
544.62	0.006
544.82	0.006
545.02	0.005
545.22	0.005
545.42	0.005
545.61	0.005
545.81	0.005
546.01	0.005
546.21	0.005
546.41	0.005
546.61	0.005
546.81	0.006
547.01	0.006
547.20	0.006
547.40	0.006
547.60	0.006
547.80	0.006
548.00	0.006
548.20	0.006
548.40	0.006
548.59	0.005
548.79	0.006
548.99	0.005
549.19	0.006
549.39	0.005
549.59	0.005
549.79	0.005
549.98	0.005
550.18	0.005
550.38	0.006
550.58	0.005
550.78	0.005
550.98	0.005
551.17	0.006
551.37	0.006
551.57	0.005
551.77	0.006
551.97	0.006
552.17	0.005
552.36	0.006
552.56	0.005
552.76	0.005
552.96	0.005
553.16	0.004
553.36	0.004
553.55	0.004
553.75	0.004
553.95	0.004
554.15	0.004
554.35	0.005
554.55	0.005
554.74	0.006
554.94	0.006
555.14	0.006
555.34	0.006
555.54	0.005
555.73	0.005
555.93	0.004
556.13	0.004
556.33	0.004
556.53	0.004
556.72	0.004
556.92	0.005
557.12	0.004
557.32	0.005
557.52	0.005
557.71	0.005
557.91	0.005
558.11	0.004
558.31	0.004
558.51	0.004
558.70	0.004
558.90	0.004
559.10	0.004
559.30	0.004
559.49	0.004
559.69	0.004
559.89	0.005
560.09	0.005
560.29	0.004
560.48	0.004
560.68	0.004
560.88	0.004
561.08	0.004
561.27	0.004
561.47	0.004
561.67	0.004
561.87	0.004
562.06	0.005
562.26	0.005
562.46	0.004
562.66	0.005
562.86	0.005
563.05	0.005
563.25	0.005
563.45	0.005
563.65	0.004
563.84	0.004
564.04	0.005
564.24	0.005
564.44	0.005
564.63	0.005
564.83	0.005
565.03	0.005
565.22	0.005
565.42	0.005
565.62	0.005
565.82	0.005
566.01	0.005
566.21	0.005
566.41	0.005
566.61	0.004
566.80	0.004
567.00	0.004
567.20	0.004
567.40	0.003
567.59	0.004
567.79	0.004
567.99	0.004
568.18	0.004
568.38	0.005
568.58	0.005
568.78	0.004
568.97	0.005
569.17	0.005
569.37	0.006
569.56	0.006
569.76	0.006
569.96	0.006
570.16	0.006
570.35	0.006
570.55	0.006
570.75	0.006
570.94	0.005
571.14	0.005
571.34	0.005
571.53	0.005
571.73	0.005
571.93	0.005
572.12	0.004
572.32	0.004
572.52	0.004
572.72	0.004
572.91	0.004
573.11	0.004
573.31	0.005
573.50	0.004
573.70	0.004
573.90	0.005
574.09	0.005
574.29	0.005
574.49	0.005
574.68	0.005
574.88	0.005
575.08	0.005
575.27	0.005
575.47	0.005
575.67	0.005
575.86	0.005
576.06	0.006
576.26	0.006
576.45	0.006
576.65	0.006
576.85	0.006
577.04	0.006
577.24	0.005
577.44	0.005
577.63	0.005
577.83	0.005
578.02	0.005
578.22	0.004
578.42	0.004
578.61	0.004
578.81	0.004
579.01	0.004
579.20	0.004
579.40	0.004
579.60	0.005
579.79	0.005
579.99	0.005
580.19	0.005
580.38	0.005
580.58	0.005
580.77	0.005
580.97	0.005
581.17	0.005
581.36	0.004
581.56	0.004
581.75	0.005
581.95	0.005
582.15	0.005
582.34	0.005
582.54	0.005
582.74	0.006
582.93	0.006
583.13	0.006
583.32	0.006
583.52	0.006
583.72	0.006
583.91	0.006
584.11	0.006
584.30	0.005
584.50	0.005
584.70	0.005
584.89	0.005
585.09	0.005
585.28	0.005
585.48	0.005
585.68	0.006
585.87	0.005
586.07	0.005
586.26	0.005
586.46	0.005
586.66	0.005
586.85	0.005
587.05	0.005
587.24	0.005
587.44	0.005
587.63	0.005
587.83	0.005
588.03	0.006
588.22	0.005
588.42	0.006
588.61	0.006
588.81	0.006
589.00	0.005
589.20	0.005
589.40	0.005
589.59	0.005
589.79	0.005
589.98	0.005
590.18	0.005
590.37	0.004
590.57	0.005
590.76	0.005
590.96	0.005
591.16	0.006
591.35	0.005
591.55	0.005
591.74	0.005
591.94	0.005
592.13	0.005
592.33	0.005
592.52	0.005
592.72	0.004
592.91	0.004
593.11	0.004
593.30	0.004
593.50	0.005
593.70	0.005
593.89	0.005
594.09	0.005
594.28	0.005
594.48	0.005
594.67	0.005
594.87	0.005
595.06	0.005
595.26	0.004
595.45	0.005
595.65	0.005
595.84	0.005
596.04	0.005
596.23	0.005
596.43	0.005
596.62	0.005
596.82	0.005
597.01	0.005
597.21	0.005
597.40	0.005
597.60	0.005
597.79	0.005
597.99	0.004
598.18	0.004
598.38	0.004
598.57	0.004
598.77	0.004
598.96	0.004
599.16	0.004
599.35	0.003
599.55	0.003
599.74	0.004
599.94	0.004
600.13	0.004
600.33	0.004
600.52	0.004
600.72	0.004
600.91	0.004
601.11	0.004
601.30	0.004
601.50	0.004
601.69	0.004
601.89	0.004
602.08	0.003
602.27	0.004
602.47	0.004
602.66	0.004
602.86	0.004
603.05	0.004
603.25	0.005
603.44	0.005
603.64	0.005
603.83	0.005
604.03	0.005
604.22	0.005
604.41	0.005
604.61	0.004
604.80	0.004
605.00	0.004
605.19	0.004
605.39	0.004
605.58	0.004
605.78	0.004
605.97	0.004
606.16	0.005
606.36	0.004
606.55	0.004
606.75	0.004
606.94	0.004
607.14	0.004
607.33	0.004
607.52	0.004
607.72	0.004
607.91	0.003
608.11	0.004
608.30	0.004
608.50	0.004
608.69	0.004
608.88	0.004
609.08	0.004
609.27	0.004
609.47	0.004
609.66	0.004
609.85	0.003
610.05	0.003
610.24	0.003
610.44	0.004
610.63	0.004
610.83	0.004
611.02	0.004
611.21	0.004
611.41	0.004
611.60	0.004
611.80	0.004
611.99	0.004
612.18	0.004
612.38	0.004
612.57	0.004
612.76	0.004
612.96	0.004
613.15	0.004
613.35	0.003
613.54	0.004
613.73	0.004
613.93	0.004
614.12	0.004
614.32	0.004
614.51	0.004
614.70	0.004
614.90	0.004
615.09	0.004
615.28	0.004
615.48	0.004
615.67	0.004
615.86	0.004
616.06	0.004
616.25	0.004
616.45	0.004
616.64	0.004
616.83	0.003
617.03	0.003
617.22	0.003
617.41	0.003
617.61	0.003
617.80	0.003
617.99	0.004
618.19	0.004
618.38	0.004
618.57	0.004
618.77	0.004
618.96	0.004
619.15	0.004
619.35	0.004
619.54	0.004
619.73	0.004
619.93	0.004
620.12	0.004
620.31	0.004
620.51	0.004
620.70	0.004
620.89	0.004
621.09	0.004
621.28	0.004
621.47	0.004
621.67	0.004
621.86	0.003
622.05	0.003
622.25	0.003
622.44	0.003
622.63	0.003
622.83	0.002
623.02	0.003
623.21	0.003
623.41	0.003
623.60	0.003
623.79	0.003
623.98	0.003
624.18	0.003
624.37	0.003
624.56	0.003
624.76	0.003
624.95	0.003
625.14	0.003
625.33	0.003
625.53	0.003
625.72	0.003
625.91	0.003
626.11	0.003
626.30	0.004
626.49	0.003
626.68	0.004
626.88	0.003
627.07	0.004
627.26	0.004
627.46	0.004
627.65	0.004
627.84	0.004
628.03	0.004
628.23	0.004
628.42	0.004
628.61	0.003
628.80	0.003
629.00	0.003
629.19	0.003
629.38	0.003
629.58	0.003
629.77	0.003
629.96	0.003
630.15	0.003
630.35	0.004
630.54	0.003
630.73	0.003
630.92	0.003
631.12	0.003
631.31	0.002
631.50	0.002
631.69	0.002
631.89	0.002
632.08	0.002
632.27	0.003
632.46	0.003
632.65	0.003
632.85	0.003
633.04	0.003
633.23	0.004
633.42	0.004
633.62	0.004
633.81	0.003
634.00	0.003
634.19	0.003
634.39	0.003
634.58	0.002
634.77	0.002
634.96	0.002
635.15	0.002
635.35	0.001
635.54	0.002
635.73	0.003
635.92	0.003
636.11	0.003
636.31	0.004
636.50	0.004
636.69	0.004
636.88	0.004
637.07	0.004
637.27	0.004
637.46	0.003
637.65	0.003
637.84	0.002
638.03	0.002
638.23	0.002
638.42	0.003
638.61	0.002
638.80	0.003
638.99	0.003
639.19	0.003
639.38	0.004
639.57	0.004
639.76	0.004
639.95	0.004
640.14	0.003
640.34	0.004
640.53	0.004
640.72	0.003
640.91	0.003
641.10	0.003
641.30	0.003
641.49	0.003
641.68	0.003
641.87	0.003
642.06	0.003
642.25	0.003
642.44	0.003
642.64	0.003
642.83	0.003
643.02	0.003
643.21	0.003
643.40	0.003
643.59	0.003
643.79	0.003
643.98	0.003
644.17	0.002
644.36	0.002
644.55	0.002
644.74	0.002
644.93	0.002
645.13	0.003
645.32	0.003
645.51	0.003
645.70	0.003
645.89	0.003
646.08	0.002
646.27	0.002
646.46	0.002
646.66	0.002
646.85	0.002
647.04	0.002
647.23	0.001
647.42	0.002
647.61	0.002
647.80	0.002
647.99	0.002
648.19	0.002
648.38	0.002
648.57	0.002
648.76	0.002
648.95	0.002
649.14	0.002
649.33	0.002
649.52	0.002
649.71	0.002
649.91	0.003
650.10	0.003
650.29	0.003
650.48	0.003
650.67	0.003
650.86	0.002
651.05	0.003
651.24	0.003
651.43	0.003
651.62	0.002
651.81	0.003
652.01	0.002
652.20	0.002
652.39	0.002
652.58	0.003
652.77	0.003
652.96	0.002
653.15	0.002
653.34	0.002
653.53	0.002
653.72	0.003
653.91	0.003
654.10	0.003
654.29	0.003
654.48	0.003
654.68	0.004
654.87	0.004
655.06	0.004
655.25	0.004
655.44	0.004
655.63	0.004
655.82	0.004
656.01	0.004
656.20	0.004
656.39	0.004
656.58	0.004
656.77	0.004
656.96	0.004
657.15	0.005
657.34	0.004
657.53	0.004
657.72	0.004
657.91	0.004
658.10	0.003
658.29	0.003
658.48	0.003
658.68	0.003
658.87	0.003
659.06	0.003
659.25	0.003
659.44	0.002
659.63	0.002
659.82	0.002
660.01	0.002
660.20	0.002
660.39	0.002
660.58	0.002
660.77	0.002
660.96	0.002
661.15	0.002
661.34	0.003
661.53	0.002
661.72	0.003
661.91	0.003
662.10	0.003
662.29	0.003
662.48	0.002
662.67	0.002
662.86	0.002
663.05	0.002
663.24	0.002
663.43	0.003
663.62	0.002
663.81	0.002
664.00	0.002
664.19	0.002
664.38	0.002
664.57	0.002
664.76	0.002
664.95	0.002
665.14	0.001
665.33	0.002
665.52	0.002
665.71	0.003
665.90	0.002
666.09	0.002
666.28	0.003
666.46	0.003
666.65	0.003
666.84	0.003
667.03	0.003
667.22	0.003
667.41	0.002
667.60	0.003
667.79	0.003
667.98	0.003
668.17	0.003
668.36	0.002
668.55	0.003
668.74	0.003
668.93	0.003
669.12	0.003
669.31	0.003
669.50	0.003
669.69	0.003
669.88	0.003
670.07	0.004
670.26	0.003
670.44	0.003
670.63	0.004
670.82	0.004
671.01	0.004
671.20	0.004
671.39	0.003
671.58	0.003
671.77	0.003
671.96	0.003
672.15	0.003
672.34	0.003
672.53	0.002
672.72	0.003
672.91	0.003
673.09	0.003
673.28	0.003
673.47	0.003
673.66	0.002
673.85	0.002
674.04	0.002
674.23	0.003
674.42	0.002
674.61	0.002
674.80	0.002
674.98	0.002
675.17	0.002
675.36	0.002
675.55	0.002
675.74	0.002
675.93	0.002
676.12	0.002
676.31	0.002
676.50	0.002
676.69	0.002
676.87	0.002
677.06	0.002
677.25	0.003
677.44	0.002
677.63	0.002
677.82	0.003
678.01	0.003
678.20	0.002
678.38	0.003
678.57	0.002
678.76	0.002
678.95	0.002
679.14	0.002
679.33	0.002
679.52	0.002
679.71	0.002
679.89	0.002
680.08	0.002
680.27	0.003
680.46	0.003
680.65	0.003
680.84	0.003
681.02	0.003
681.21	0.003
681.40	0.002
681.59	0.002
681.78	0.002
681.97	0.001
682.16	0.001
682.34	0.001
682.53	0.001
682.72	0.001
682.91	0.002
683.10	0.002
683.29	0.002
683.47	0.002
683.66	0.002
683.85	0.002
684.04	0.002
684.23	0.002
684.42	0.002
684.60	0.002
684.79	0.002
684.98	0.003
685.17	0.002
685.36	0.002
685.54	0.002
685.73	0.002
685.92	0.003
686.11	0.002
686.30	0.003
686.49	0.002
686.67	0.003
686.86	0.003
687.05	0.003
687.24	0.003
687.43	0.003
687.61	0.002
687.80	0.003
687.99	0.002
688.18	0.002
688.36	0.002
688.55	0.002
688.74	0.002
688.93	0.002
689.12	0.003
689.30	0.002
689.49	0.002
689.68	0.002
689.87	0.002
690.06	0.003
690.24	0.002
690.43	0.002
690.62	0.003
690.81	0.002
690.99	0.002
691.18	0.002
691.37	0.003
691.56	0.003
691.74	0.003
691.93	0.003
692.12	0.002
692.31	0.002
692.50	0.002
692.68	0.002
692.87	0.002
693.06	0.002
693.25	0.002
693.43	0.002
693.62	0.003
693.81	0.003
694.00	0.003
694.18	0.003
694.37	0.003
694.56	0.003
694.74	0.003
694.93	0.002
695.12	0.002
695.31	0.002
695.49	0.002
695.68	0.003
695.87	0.003
696.06	0.003
696.24	0.003
696.43	0.003
696.62	0.004
696.80	0.003
696.99	0.003
697.18	0.003
697.37	0.003
697.55	0.002
697.74	0.002
697.93	0.002
698.12	0.002
698.30	0.002
698.49	0.002
698.68	0.002
698.86	0.002
699.05	0.002
699.24	0.003
699.42	0.003
699.61	0.003
699.80	0.003
699.99	0.003
700.17	0.003
700.36	0.003
700.55	0.004
700.73	0.003
700.92	0.003
701.11	0.003
701.29	0.003
701.48	0.003
701.67	0.002
701.85	0.002
702.04	0.002
702.23	0.002
702.41	0.002
702.60	0.002
702.79	0.002
702.97	0.001
703.16	0.002
703.35	0.002
703.53	0.002
703.72	0.003
703.91	0.003
704.09	0.003
704.28	0.003
704.47	0.003
704.65	0.003
704.84	0.003
705.03	0.003
705.21	0.003
705.40	0.002
705.59	0.002
705.77	0.002
705.96	0.002
706.15	0.002
706.33	0.002
706.52	0.003
706.71	0.002
706.89	0.002
707.08	0.002
707.26	0.003
707.45	0.003
707.64	0.003
707.82	0.003
708.01	0.003
708.20	0.003
708.38	0.003
708.57	0.003
708.75	0.003
708.94	0.003
709.13	0.003
709.31	0.003
709.50	0.002
709.69	0.002
709.87	0.002
710.06	0.002
710.24	0.002
710.43	0.002
710.62	0.002
710.80	0.003
710.99	0.003
711.17	0.003
711.36	0.003
711.55	0.003
711.73	0.003
711.92	0.004
712.10	0.004
712.29	0.003
712.48	0.003
712.66	0.003
712.85	0.003
713.03	0.004
713.22	0.004
713.40	0.003
713.59	0.003
713.78	0.003
713.96	0.003
714.15	0.003
714.33	0.003
714.52	0.003
714.71	0.002
714.89	0.002
715.08	0.002
715.26	0.003
715.45	0.002
715.63	0.002
715.82	0.002
716.00	0.002
716.19	0.002
716.38	0.002
716.56	0.002
716.75	0.002
716.93	0.002
717.12	0.003
717.30	0.003
717.49	0.003
717.67	0.003
717.86	0.003
718.05	0.003
718.23	0.003
718.42	0.003
718.60	0.003
718.79	0.003
718.97	0.002
719.16	0.002
719.34	0.002
719.53	0.002
719.71	0.002
719.90	0.002
720.08	0.002
720.27	0.002
720.45	0.002
720.64	0.002
720.83	0.002
721.01	0.002
721.20	0.002
721.38	0.002
721.57	0.002
721.75	0.002
721.94	0.002
722.12	0.002
722.31	0.001
722.49	0.001
722.68	0.001
722.86	0.001
723.05	0.001
723.23	0.002
723.42	0.002
723.60	0.002
723.79	0.002
723.97	0.002
724.16	0.002
724.34	0.002
724.53	0.002
724.71	0.002
724.90	0.002
725.08	0.002
725.27	0.002
725.45	0.002
725.64	0.002
725.82	0.002
726.00	0.002
726.19	0.002
726.37	0.003
726.56	0.003
726.74	0.003
726.93	0.003
727.11	0.003
727.30	0.003
727.48	0.003
727.67	0.003
727.85	0.002
728.04	0.002
728.22	0.002
728.40	0.001
728.59	0.001
728.77	0.001
728.96	0.001
729.14	0.001
729.33	0.002
729.51	0.002
729.70	0.002
729.88	0.002
730.07	0.003
730.25	0.003
730.43	0.003
730.62	0.003
730.80	0.003
730.99	0.003
731.17	0.003
731.36	0.003
731.54	0.003
731.72	0.002
731.91	0.002
732.09	0.002
732.28	0.002
732.46	0.002
732.65	0.002
732.83	0.002
733.01	0.002
733.20	0.002
733.38	0.002
733.57	0.003
733.75	0.002
733.93	0.002
734.12	0.002
734.30	0.002
734.49	0.002
734.67	0.002
734.85	0.002
735.04	0.002
735.22	0.002
735.41	0.002
735.59	0.003
735.77	0.003
735.96	0.003
736.14	0.003
736.33	0.003
736.51	0.003
736.69	0.003
736.88	0.003
737.06	0.003
737.25	0.003
737.43	0.003
737.61	0.003
737.80	0.003
737.98	0.003
738.16	0.003
738.35	0.003
738.53	0.003
738.71	0.003
738.90	0.002
739.08	0.002
739.27	0.003
739.45	0.002
739.63	0.002
739.82	0.002
740.00	0.002
740.18	0.002
740.37	0.002
740.55	0.002
740.73	0.002
740.92	0.002
741.10	0.002
741.28	0.002
741.47	0.002
741.65	0.002
741.83	0.002
742.02	0.002
742.20	0.001
742.38	0.002
742.57	0.001
742.75	0.001
742.93	0.001
743.12	0.001
743.30	0.001
743.48	0.001
743.67	0.000
743.85	0.001
744.03	0.001
744.22	0.001
744.40	0.001
744.58	0.001
744.77	0.001
744.95	0.001
745.13	0.001
745.32	0.002
745.50	0.002
745.68	0.002
745.87	0.002
746.05	0.002
746.23	0.002
746.41	0.002
746.60	0.002
746.78	0.002
746.96	0.002
747.15	0.002
747.33	0.002
747.51	0.002
747.70	0.002
747.88	0.002
748.06	0.001
748.24	0.001
748.43	0.001
748.61	0.001
748.79	0.002
748.97	0.002
749.16	0.002
749.34	0.002
749.52	0.002
749.71	0.003
749.89	0.003
750.07	0.003
750.25	0.003
750.44	0.003
750.62	0.003
750.80	0.003
750.98	0.003
751.17	0.003
751.35	0.003
751.53	0.003
751.71	0.003
751.90	0.003
752.08	0.003
752.26	0.002
752.44	0.003
752.63	0.003
752.81	0.003
752.99	0.002
753.17	0.002
753.36	0.002
753.54	0.001
753.72	0.002
753.90	0.002
754.09	0.002
754.27	0.003
754.45	0.002
754.63	0.003
754.82	0.003
755.00	0.003
755.18	0.004
755.36	0.004
755.54	0.004
755.73	0.003
755.91	0.003
756.09	0.004
756.27	0.003
756.45	0.003
756.64	0.003
756.82	0.003
757.00	0.003
757.18	0.002
757.37	0.002
757.55	0.002
757.73	0.002
757.91	0.002
758.09	0.002
758.27	0.002
758.46	0.002
758.64	0.002
758.82	0.002
759.00	0.002
759.18	0.002
759.37	0.002
759.55	0.002
759.73	0.002
759.91	0.002
760.09	0.003
760.28	0.002
760.46	0.002
760.64	0.002
760.82	0.002
761.00	0.002
761.18	0.002
761.37	0.002
761.55	0.002
761.73	0.002
761.91	0.001
762.09	0.001
762.27	0.001
762.46	0.000
762.64	0.001
762.82	0.000
763.00	0.000
763.18	0.001
763.36	0.000
763.54	0.001
763.73	0.001
763.91	0.001
764.09	0.002
764.27	0.002
764.45	0.002
764.63	0.002
764.81	0.002
765.00	0.002
765.18	0.002
765.36	0.002
765.54	0.001
765.72	0.001
765.90	0.001
766.08	0.001
766.27	0.001
766.45	0.000
766.63	0.000
766.81	0.000
766.99	0.000
767.17	0.000
767.35	0.001
767.53	0.001
767.71	0.001
767.90	0.001
768.08	0.001
768.26	0.001
768.44	0.001
768.62	0.001
768.80	0.001
768.98	0.001
769.16	0.001
769.34	0.001
769.52	0.001
769.71	0.001
769.89	0.001
770.07	0.001
770.25	0.002
770.43	0.002
770.61	0.002
770.79	0.002
770.97	0.002
771.15	0.002
771.33	0.002
771.51	0.002
771.69	0.002
771.88	0.002
772.06	0.001
772.24	0.001
772.42	0.001
772.60	0.002
772.78	0.002
772.96	0.002
773.14	0.002
773.32	0.002
773.50	0.002
773.68	0.002
773.86	0.002
774.04	0.002
774.22	0.002
774.40	0.001
774.58	0.001
774.77	0.001
774.95	0.001
775.13	0.000
775.31	0.000
775.49	0.000
775.67	-0.000
775.85	0.000
776.03	0.000
776.21	0.001
776.39	0.001
776.57	0.001
776.75	0.001
776.93	0.001
777.11	0.001
777.29	0.001
777.47	0.001
777.65	0.001
777.83	0.001
778.01	0.001
778.19	0.001
778.37	0.001
778.55	0.001
778.73	0.001
778.91	0.001
779.09	0.002
779.27	0.002
779.45	0.002
779.63	0.002
779.81	0.002
779.99	0.002
780.17	0.002
780.35	0.001
780.53	0.002
780.71	0.001
780.89	0.001
781.07	0.001
781.25	0.001
781.43	0.001
781.61	0.001
781.79	0.001
781.97	0.002
782.15	0.002
782.33	0.002
782.51	0.002
782.69	0.002
782.87	0.001
783.05	0.001
783.23	0.001
783.41	0.001
783.59	0.001
783.77	0.001
783.95	0.001
784.13	0.001
784.31	0.000
784.49	0.001
784.67	0.001
784.85	0.001
785.03	0.001
785.21	0.001
785.38	0.001
785.56	0.002
785.74	0.002
785.92	0.001
786.10	0.001
786.28	0.001
786.46	0.001
786.64	0.002
786.82	0.002
787.00	0.001
787.18	0.001
787.36	0.001
787.54	0.002
787.72	0.002
787.90	0.002
788.08	0.002
788.25	0.002
788.43	0.002
788.61	0.002
788.79	0.002
788.97	0.002
789.15	0.002
789.33	0.001
789.51	0.001
789.69	0.001
789.87	0.001
790.05	0.001
790.23	0.000
790.40	0.000
790.58	0.000
790.76	0.001
790.94	0.001
791.12	0.001
791.30	0.001
791.48	0.001
791.66	0.001
791.84	0.001
792.02	0.001
792.19	0.001
792.37	0.001
792.55	0.001
792.73	0.001
792.91	0.002
793.09	0.001
793.27	0.001
793.45	0.001
793.63	0.001
793.80	0.001
793.98	0.001
794.16	0.001
794.34	0.001
794.52	0.001
794.70	0.002
794.88	0.002
795.05	0.002
795.23	0.001
795.41	0.002
795.59	0.001
795.77	0.002
795.95	0.001
796.13	0.001
796.30	0.001
796.48	0.001
796.66	0.001
796.84	0.001
797.02	0.001
797.20	0.001
797.38	0.001
797.55	0.001
797.73	0.000
797.91	0.001
798.09	0.000
798.27	0.001
798.45	0.001
798.62	0.001
798.80	0.001
798.98	0.002
799.16	0.002
799.34	0.001
799.52	0.001
799.69	0.001
799.87	0.001
800.05	0.001
800.23	0.001
800.41	0.001
800.58	0.001
800.76	0.001
800.94	0.002
801.12	0.002
801.30	0.002
801.47	0.002
801.65	0.002
801.83	0.002
802.01	0.001
802.19	0.001
802.36	0.001
802.54	0.001
802.72	0.001
802.90	0.001
803.08	0.001
803.25	0.001
803.43	0.001
803.61	0.001
803.79	0.001
803.97	0.001
804.14	0.001
804.32	0.001
804.50	0.001
804.68	0.001
804.85	0.001
805.03	0.001
805.21	0.001
805.39	0.000
805.56	0.001
805.74	0.001
805.92	0.000
806.10	0.000
806.28	0.001
806.45	0.000
806.63	-0.000
806.81	-0.000
806.99	-0.000
807.16	0.000
807.34	-0.000
807.52	0.000
807.70	0.000
807.87	0.000
808.05	0.001
808.23	0.001
808.41	0.001
808.58	0.001
808.76	0.000
808.94	0.001
809.11	0.002
809.29	0.002
809.47	0.002
809.65	0.002
809.82	0.002
810.00	0.002
810.18	0.002
810.36	0.003
810.53	0.003
810.71	0.002
810.89	0.002
811.06	0.001
811.24	0.001
811.42	0.001
811.60	0.001
811.77	0.001
811.95	0.000
812.13	0.000
812.30	0.000
812.48	0.001
812.66	0.001
812.83	0.001
813.01	0.001
813.19	0.001
813.37	0.002
813.54	0.002
813.72	0.002
813.90	0.002
814.07	0.001
814.25	0.001
814.43	0.001
814.60	0.001
814.78	0.000
814.96	-0.000
815.13	-0.000
815.31	-0.000
815.49	-0.000
815.66	0.000
815.84	0.000
816.02	0.000
816.19	-0.000
816.37	0.000
816.55	0.000
816.72	0.000
816.90	0.000
817.08	0.001
817.25	0.001
817.43	0.001
817.61	0.001
817.78	0.001
817.96	0.001
818.14	0.001
818.31	0.002
818.49	0.002
818.67	0.001
818.84	0.001
819.02	0.001
819.19	0.001
819.37	0.001
819.55	0.000
819.72	0.000
819.90	-0.000
820.08	0.000
820.25	0.001
820.43	0.001
820.60	0.002
820.78	0.001
820.96	0.001
821.13	0.001
821.31	0.000
821.49	0.000
821.66	0.000
821.84	0.000
822.01	0.000
822.19	-0.000
822.37	0.001
822.54	0.001
822.72	0.000
822.89	0.001
823.07	0.001
823.25	0.001
823.42	-0.000
823.60	0.000
823.77	0.000
823.95	-0.000
824.13	-0.001
824.30	-0.000
824.48	-0.000
824.65	-0.000
824.83	-0.000
825.01	0.000
825.18	0.000
825.36	0.000
825.53	0.000
825.71	0.001
825.88	0.001
826.06	0.001
826.24	0.001
826.41	0.001
826.59	0.000
826.76	0.000
826.94	0.000
827.11	0.000
827.29	-0.000
827.47	-0.000
827.64	-0.000
827.82	-0.000
827.99	0.000
828.17	0.000
828.34	0.000
828.52	0.001
828.69	0.000
828.87	0.001
829.04	0.001
829.22	0.001
829.40	0.001
829.57	0.001
829.75	0.001
829.92	0.001
830.10	0.001
830.27	0.002
830.45	0.002
830.62	0.002
830.80	0.002
830.97	0.002
831.15	0.002
831.32	0.003
831.50	0.002
831.67	0.002
831.85	0.002
832.02	0.002
832.20	0.001
832.37	0.002
832.55	0.002
832.73	0.002
832.90	0.001
833.08	0.001
833.25	0.001
833.43	0.001
833.60	0.001
833.78	0.001
833.95	0.000
834.13	0.000
834.30	-0.000
834.48	-0.000
834.65	0.000
834.82	0.000
835.00	0.000
835.17	-0.000
835.35	-0.001
835.52	-0.001
835.70	-0.001
835.87	-0.000
836.05	-0.001
836.22	-0.001
836.40	-0.001
836.57	-0.001
836.75	-0.001
836.92	0.000
837.10	0.000
837.27	0.001
837.45	0.000
837.62	0.000
837.80	0.000
837.97	0.001
838.14	0.001
838.32	0.000
838.49	0.000
838.67	0.000
838.84	0.001
839.02	0.001
839.19	0.002
839.37	0.001
839.54	0.001
839.71	0.001
839.89	0.001
840.06	0.001
840.24	0.001
840.41	0.001
840.59	0.001
840.76	-0.000
840.94	0.000
841.11	0.001
841.28	0.000
841.46	0.001
841.63	0.001
841.81	0.000
841.98	0.000
842.15	0.000
842.33	0.001
842.50	0.001
842.68	0.001
842.85	0.001
843.03	0.001
843.20	0.001
843.37	0.002
843.55	0.002
843.72	0.002
843.90	0.001
844.07	0.002
844.24	0.001
844.42	0.001
844.59	0.001
844.77	0.001
844.94	0.002
845.11	0.002
845.29	0.002
845.46	0.001
845.63	0.001
845.81	0.001
845.98	0.001
846.16	0.001
846.33	0.001
846.50	0.001
846.68	0.001
846.85	0.001
847.02	0.001
847.20	0.001
847.37	0.001
847.55	0.001
847.72	0.002
847.89	0.002
848.07	0.001
848.24	0.000
848.41	0.000
848.59	0.000
848.76	0.000
848.93	0.000
849.11	0.000
849.28	-0.000
849.45	0.001
849.63	0.000
849.80	0.000
849.97	0.001
850.15	0.001
850.32	0.001
850.49	0.002
850.67	0.001
850.84	0.001
851.01	0.000
851.19	-0.000
851.36	0.000
851.53	0.000
851.71	0.000
851.88	-0.000
852.05	-0.001
852.23	-0.000
852.40	0.000
852.57	-0.000
852.75	0.000
852.92	0.000
853.09	-0.000
853.27	0.000
853.44	0.000
853.61	-0.000
853.79	-0.000
853.96	-0.001
854.13	-0.000
854.30	-0.000
854.48	-0.000
854.65	0.000
854.82	-0.000
855.00	-0.000
855.17	0.000
855.34	0.000
855.51	0.000
855.69	0.000
855.86	-0.000
856.03	0.000
856.21	-0.000
856.38	-0.001
856.55	-0.001
856.72	-0.001
856.90	-0.001
857.07	-0.001
857.24	-0.002
857.42	-0.001
857.59	-0.002
857.76	-0.002
857.93	-0.001
858.11	-0.001
858.28	-0.001
858.45	-0.001
858.62	-0.001
858.80	-0.001
858.97	-0.002
859.14	-0.001
859.31	-0.002
859.49	-0.002
859.66	-0.002
859.83	-0.002
860.00	-0.002
860.18	-0.003
860.35	-0.002
860.52	-0.002
860.69	-0.003
860.86	-0.001
861.04	-0.002
861.21	-0.002
861.38	-0.003
861.55	-0.003
861.73	-0.002
861.90	-0.001
862.07	-0.001
862.24	-0.002
862.42	-0.002
862.59	-0.002
862.76	-0.002
862.93	-0.001
863.10	-0.001
863.28	-0.001
863.45	-0.002
863.62	-0.003
863.79	-0.002
863.96	-0.002
864.14	-0.003
864.31	-0.004
864.48	-0.004
864.65	-0.004
864.82	-0.004
865.00	-0.004
865.17	-0.004
865.34	-0.004
865.51	-0.005
865.68	-0.005
865.86	-0.004
866.03	-0.004
866.20	-0.004
866.37	-0.004
866.54	-0.004
866.71	-0.004
866.89	-0.004
867.06	-0.004
867.23	-0.004
867.40	-0.004
867.57	-0.004
867.74	-0.004
867.92	-0.004
868.09	-0.003
868.26	-0.003
868.43	-0.004
868.60	-0.003
868.77	-0.004
868.95	-0.004
869.12	-0.005
869.29	-0.004
869.46	-0.004
869.63	-0.004
869.80	-0.004
869.97	-0.005
870.15	-0.005
870.32	-0.004
870.49	-0.004
870.66	-0.004
870.83	-0.004
871.00	-0.004
871.17	-0.005
871.34	-0.005
871.52	-0.005
871.69	-0.004
871.86	-0.005
872.03	-0.004
872.20	-0.004
872.37	-0.005
872.54	-0.006
872.71	-0.005
872.89	-0.006
873.06	-0.006
873.23	-0.006
873.40	-0.006
873.57	-0.006
873.74	-0.006
873.91	-0.007
874.08	-0.006
874.25	-0.006
874.42	-0.006
874.60	-0.005
874.77	-0.005
874.94	-0.006
875.11	-0.006
875.28	-0.006
875.45	-0.006
875.62	-0.007
875.79	-0.008
875.96	-0.008
876.13	-0.008
876.30	-0.008
876.47	-0.009
876.65	-0.009
876.82	-0.009
876.99	-0.008
877.16	-0.007
877.33	-0.007
877.50	-0.007
877.67	-0.007
877.84	-0.007
878.01	-0.006
878.18	-0.007
878.35	-0.006
878.52	-0.006
878.69	-0.006
878.86	-0.007
879.03	-0.007
879.20	-0.008
879.38	-0.008
879.55	-0.008
879.72	-0.008
879.89	-0.008
880.06	-0.008
880.23	-0.009
880.40	-0.008
880.57	-0.008
880.74	-0.007
880.91	-0.006
881.08	-0.007
881.25	-0.007
881.42	-0.007
881.59	-0.007
881.76	-0.007
881.93	-0.006
882.10	-0.006
882.27	-0.007
882.44	-0.007
882.61	-0.006
882.78	-0.006
882.95	-0.005
883.12	-0.006
883.29	-0.005
883.46	-0.006
883.63	-0.006
883.80	-0.007
883.97	-0.007
884.14	-0.007
884.31	-0.007
884.48	-0.007
884.65	-0.007
884.82	-0.008
884.99	-0.008
885.16	-0.007
885.33	-0.007
885.50	-0.008
885.67	-0.009
885.84	-0.009
886.01	-0.008
886.18	-0.008
886.35	-0.007
886.52	-0.007
886.69	-0.008
886.86	-0.008
887.03	-0.008
887.20	-0.007
887.37	-0.008
887.54	-0.009
887.71	-0.009
887.88	-0.009
888.05	-0.008
888.22	-0.007
888.39	-0.007
888.55	-0.007
888.72	-0.007
888.89	-0.007
889.06	-0.007
889.23	-0.007
889.40	-0.007
889.57	-0.009
889.74	-0.010
889.91	-0.010
890.08	-0.009
890.25	-0.010
890.42	-0.009
890.59	-0.009
890.76	-0.008
890.93	-0.007
891.10	-0.006
891.26	-0.005
891.43	-0.004
891.60	-0.006
891.77	-0.006
891.94	-0.007
892.11	-0.007
892.28	-0.008
892.45	-0.008
892.62	-0.008
892.79	-0.009
892.96	-0.010
893.13	-0.010
893.29	-0.010
893.46	-0.009
893.63	-0.009
893.80	-0.009
893.97	-0.009
894.14	-0.010
894.31	-0.010
894.48	-0.000
894.65	-0.009
894.81	-0.009
894.98	-0.015
