177.34	-0.377
177.56	-0.377
177.78	-0.377
178.00	0.285
178.22	-0.165
178.44	0.035
178.66	-0.045
178.89	-0.675
179.11	0.139
179.33	-0.000
179.55	-0.000
179.77	-0.535
179.99	-0.215
180.21	-0.646
180.43	-0.039
180.65	0.103
180.87	0.198
181.09	0.194
181.31	0.207
181.53	0.187
181.75	0.195
181.97	0.154
182.19	0.148
182.41	0.134
182.63	0.104
182.85	0.094
183.07	0.089
183.30	0.093
183.52	0.087
183.74	0.082
183.96	0.092
184.18	0.082
184.40	0.101
184.62	0.128
184.84	0.144
185.06	0.181
185.28	0.181
185.50	0.225
185.72	0.252
185.94	0.271
186.16	0.320
186.38	0.328
186.60	0.375
186.82	0.396
187.04	0.411
187.26	0.468
187.48	0.501
187.70	0.518
187.92	0.560
188.14	0.573
188.36	0.585
188.58	0.598
188.80	0.631
189.02	0.624
189.24	0.664
189.46	0.694
189.68	0.720
189.90	0.736
190.12	0.784
190.34	0.823
190.56	0.869
190.78	0.913
191.00	0.946
191.22	0.907
191.44	0.900
191.66	0.941
191.88	0.975
192.10	0.985
192.32	0.970
192.54	0.969
192.76	0.952
192.98	0.982
193.20	1.013
193.42	1.053
193.64	1.026
193.86	1.037
194.08	1.041
194.30	1.063
194.52	1.073
194.74	1.108
194.96	1.113
195.18	1.131
195.40	1.137
195.62	1.165
195.84	1.186
196.06	1.212
196.28	1.235
196.50	1.212
196.72	1.193
196.94	1.197
197.16	1.195
197.38	1.193
197.60	1.197
197.82	1.198
198.04	1.205
198.26	1.215
198.48	1.250
198.70	1.272
198.92	1.274
199.13	1.265
199.35	1.253
199.57	1.272
199.79	1.271
200.01	1.270
200.23	1.278
200.45	1.265
200.67	1.274
200.89	1.262
201.11	1.272
201.33	1.301
201.55	1.305
201.77	1.295
201.99	1.302
202.21	1.301
202.43	1.313
202.65	1.315
202.87	1.331
203.09	1.361
203.31	1.356
203.52	1.359
203.74	1.390
203.96	1.372
204.18	1.379
204.40	1.389
204.62	1.394
204.84	1.403
205.06	1.403
205.28	1.414
205.50	1.423
205.72	1.410
205.94	1.452
206.16	1.461
206.38	1.462
206.59	1.473
206.81	1.496
207.03	1.507
207.25	1.494
207.47	1.497
207.69	1.493
207.91	1.484
208.13	1.492
208.35	1.525
208.57	1.525
208.79	1.518
209.01	1.508
209.22	1.526
209.44	1.531
209.66	1.559
209.88	1.553
210.10	1.547
210.32	1.537
210.54	1.547
210.76	1.547
210.98	1.559
211.20	1.551
211.42	1.551
211.63	1.533
211.85	1.546
212.07	1.559
212.29	1.566
212.51	1.565
212.73	1.573
212.95	1.580
213.17	1.608
213.39	1.608
213.60	1.634
213.82	1.630
214.04	1.628
214.26	1.618
214.48	1.614
214.70	1.609
214.92	1.610
215.14	1.588
215.35	1.594
215.57	1.591
215.79	1.585
216.01	1.572
216.23	1.565
216.45	1.560
216.67	1.561
216.89	1.544
217.10	1.535
217.32	1.524
217.54	1.507
217.76	1.495
217.98	1.482
218.20	1.467
218.42	1.453
218.64	1.429
218.85	1.416
219.07	1.401
219.29	1.382
219.51	1.362
219.73	1.345
219.95	1.329
220.17	1.314
220.38	1.297
220.60	1.278
220.82	1.254
221.04	1.237
221.26	1.219
221.48	1.202
221.69	1.183
221.91	1.165
222.13	1.141
222.35	1.119
222.57	1.101
222.79	1.082
223.00	1.059
223.22	1.038
223.44	1.015
223.66	0.994
223.88	0.971
224.10	0.953
224.32	0.933
224.53	0.912
224.75	0.892
224.97	0.873
225.19	0.854
225.41	0.836
225.62	0.818
225.84	0.801
226.06	0.783
226.28	0.764
226.50	0.747
226.72	0.729
226.93	0.713
227.15	0.697
227.37	0.680
227.59	0.663
227.81	0.647
228.02	0.632
228.24	0.617
228.46	0.601
228.68	0.586
228.90	0.571
229.12	0.556
229.33	0.543
229.55	0.530
229.77	0.517
229.99	0.504
230.21	0.491
230.42	0.479
230.64	0.468
230.86	0.458
231.08	0.448
231.30	0.436
231.51	0.426
231.73	0.416
231.95	0.406
232.17	0.397
232.38	0.386
232.60	0.376
232.82	0.367
233.04	0.357
233.26	0.348
233.47	0.338
233.69	0.330
233.91	0.321
234.13	0.313
234.35	0.306
234.56	0.299
234.78	0.292
235.00	0.286
235.22	0.279
235.43	0.272
235.65	0.267
235.87	0.260
236.09	0.254
236.30	0.249
236.52	0.243
236.74	0.237
236.96	0.231
237.18	0.225
237.39	0.221
237.61	0.216
237.83	0.210
238.05	0.205
238.26	0.200
238.48	0.196
238.70	0.191
238.92	0.187
239.13	0.183
239.35	0.179
239.57	0.175
239.79	0.172
240.00	0.168
240.22	0.165
240.44	0.161
240.66	0.158
240.87	0.155
241.09	0.152
241.31	0.149
241.53	0.146
241.74	0.144
241.96	0.140
242.18	0.139
242.40	0.136
242.61	0.134
242.83	0.131
243.05	0.129
243.27	0.127
243.48	0.124
243.70	0.122
243.92	0.120
244.13	0.118
244.35	0.117
244.57	0.115
244.79	0.113
245.00	0.111
245.22	0.109
245.44	0.108
245.65	0.106
245.87	0.106
246.09	0.104
246.31	0.103
246.52	0.101
246.74	0.100
246.96	0.099
247.18	0.098
247.39	0.097
247.61	0.095
247.83	0.093
248.04	0.092
248.26	0.091
248.48	0.090
248.69	0.089
248.91	0.088
249.13	0.087
249.35	0.086
249.56	0.086
249.78	0.085
250.00	0.085
250.21	0.084
250.43	0.083
250.65	0.082
250.86	0.082
251.08	0.081
251.30	0.080
251.51	0.079
251.73	0.078
251.95	0.078
252.17	0.077
252.38	0.076
252.60	0.076
252.82	0.076
253.03	0.075
253.25	0.075
253.47	0.075
253.68	0.074
253.90	0.074
254.12	0.073
254.33	0.073
254.55	0.072
254.77	0.072
254.98	0.071
255.20	0.071
255.42	0.070
255.63	0.070
255.85	0.069
256.07	0.069
256.28	0.068
256.50	0.068
256.72	0.067
256.93	0.067
257.15	0.067
257.37	0.067
257.58	0.066
257.80	0.066
258.02	0.065
258.23	0.065
258.45	0.064
258.67	0.065
258.88	0.064
259.10	0.064
259.32	0.064
259.53	0.064
259.75	0.063
259.96	0.063
260.18	0.063
260.40	0.063
260.61	0.062
260.83	0.062
261.05	0.061
261.26	0.061
261.48	0.061
261.70	0.061
261.91	0.061
262.13	0.061
262.34	0.061
262.56	0.061
262.78	0.061
262.99	0.060
263.21	0.060
263.43	0.060
263.64	0.059
263.86	0.059
264.07	0.059
264.29	0.059
264.51	0.059
264.72	0.059
264.94	0.059
265.16	0.059
265.37	0.059
265.59	0.059
265.80	0.059
266.02	0.059
266.24	0.059
266.45	0.058
266.67	0.058
266.88	0.058
267.10	0.058
267.32	0.058
267.53	0.058
267.75	0.058
267.96	0.058
268.18	0.058
268.40	0.058
268.61	0.058
268.83	0.057
269.04	0.057
269.26	0.057
269.48	0.057
269.69	0.056
269.91	0.056
270.12	0.055
270.34	0.055
270.56	0.055
270.77	0.055
270.99	0.055
271.20	0.055
271.42	0.055
271.64	0.055
271.85	0.055
272.07	0.055
272.28	0.056
272.50	0.056
272.71	0.056
272.93	0.055
273.15	0.055
273.36	0.055
273.58	0.055
273.79	0.055
274.01	0.055
274.22	0.055
274.44	0.054
274.66	0.054
274.87	0.055
275.09	0.055
275.30	0.055
275.52	0.054
275.73	0.054
275.95	0.054
276.16	0.054
276.38	0.054
276.60	0.053
276.81	0.053
277.03	0.053
277.24	0.052
277.46	0.053
277.67	0.052
277.89	0.052
278.10	0.052
278.32	0.052
278.53	0.052
278.75	0.052
278.97	0.051
279.18	0.051
279.40	0.050
279.61	0.050
279.83	0.050
280.04	0.050
280.26	0.049
280.47	0.049
280.69	0.049
280.90	0.049
281.12	0.049
281.33	0.049
281.55	0.049
281.76	0.049
281.98	0.049
282.20	0.049
282.41	0.049
282.63	0.048
282.84	0.048
283.06	0.047
283.27	0.047
283.49	0.047
283.70	0.046
283.92	0.046
284.13	0.046
284.35	0.046
284.56	0.046
284.78	0.046
284.99	0.045
285.21	0.045
285.42	0.046
285.64	0.046
285.85	0.045
286.07	0.046
286.28	0.045
286.50	0.045
286.71	0.045
286.93	0.045
287.14	0.045
287.36	0.045
287.57	0.044
287.79	0.044
288.00	0.043
288.22	0.043
288.43	0.043
288.65	0.043
288.86	0.042
289.08	0.042
289.29	0.042
289.51	0.042
289.72	0.042
289.94	0.043
290.15	0.042
290.37	0.042
290.58	0.042
290.80	0.042
291.01	0.041
291.22	0.041
291.44	0.041
291.65	0.040
291.87	0.040
292.08	0.040
292.30	0.040
292.51	0.040
292.73	0.040
292.94	0.040
293.16	0.041
293.37	0.041
293.59	0.040
293.80	0.040
294.02	0.040
294.23	0.040
294.44	0.040
294.66	0.040
294.87	0.039
295.09	0.039
295.30	0.039
295.52	0.039
295.73	0.038
295.95	0.038
296.16	0.038
296.37	0.038
296.59	0.038
296.80	0.038
297.02	0.038
297.23	0.038
297.45	0.038
297.66	0.038
297.88	0.037
298.09	0.037
298.30	0.037
298.52	0.036
298.73	0.036
298.95	0.036
299.16	0.036
299.38	0.035
299.59	0.035
299.80	0.035
300.02	0.035
300.23	0.035
300.45	0.034
300.66	0.034
300.88	0.034
301.09	0.034
301.30	0.034
301.52	0.034
301.73	0.034
301.95	0.034
302.16	0.034
302.37	0.034
302.59	0.034
302.80	0.034
303.02	0.034
303.23	0.034
303.45	0.033
303.66	0.033
303.87	0.033
304.09	0.033
304.30	0.032
304.52	0.032
304.73	0.033
304.94	0.032
305.16	0.032
305.37	0.032
305.59	0.032
305.80	0.032
306.01	0.032
306.23	0.033
306.44	0.032
306.65	0.032
306.87	0.032
307.08	0.033
307.30	0.032
307.51	0.031
307.72	0.031
307.94	0.031
308.15	0.031
308.37	0.031
308.58	0.031
308.79	0.030
309.01	0.030
309.22	0.031
309.43	0.031
309.65	0.031
309.86	0.031
310.07	0.031
310.29	0.030
310.50	0.030
310.72	0.030
310.93	0.029
311.14	0.028
311.36	0.028
311.57	0.028
311.78	0.028
312.00	0.028
312.21	0.028
312.42	0.027
312.64	0.027
312.85	0.027
313.07	0.027
313.28	0.027
313.49	0.027
313.71	0.027
313.92	0.027
314.13	0.027
314.35	0.028
314.56	0.028
314.77	0.028
314.99	0.027
315.20	0.027
315.41	0.027
315.63	0.027
315.84	0.027
316.05	0.027
316.27	0.027
316.48	0.027
316.69	0.027
316.91	0.027
317.12	0.027
317.33	0.027
317.55	0.027
317.76	0.027
317.97	0.027
318.19	0.026
318.40	0.027
318.61	0.027
318.83	0.027
319.04	0.027
319.25	0.027
319.47	0.027
319.68	0.027
319.89	0.026
320.10	0.027
320.32	0.026
320.53	0.026
320.74	0.026
320.96	0.026
321.17	0.026
321.38	0.026
321.60	0.026
321.81	0.027
322.02	0.026
322.24	0.027
322.45	0.027
322.66	0.027
322.87	0.027
323.09	0.026
323.30	0.027
323.51	0.027
323.73	0.027
323.94	0.027
324.15	0.027
324.36	0.027
324.58	0.027
324.79	0.027
325.00	0.027
325.22	0.027
325.43	0.027
325.64	0.027
325.85	0.027
326.07	0.026
326.28	0.026
326.49	0.026
326.71	0.026
326.92	0.026
327.13	0.026
327.34	0.026
327.56	0.026
327.77	0.026
327.98	0.026
328.19	0.027
328.41	0.027
328.62	0.027
328.83	0.027
329.04	0.027
329.26	0.027
329.47	0.027
329.68	0.027
329.90	0.027
330.11	0.027
330.32	0.028
330.53	0.028
330.75	0.027
330.96	0.027
331.17	0.027
331.38	0.026
331.60	0.026
331.81	0.026
332.02	0.026
332.23	0.026
332.44	0.025
332.66	0.025
332.87	0.025
333.08	0.025
333.29	0.025
333.51	0.025
333.72	0.025
333.93	0.025
334.14	0.025
334.36	0.025
334.57	0.024
334.78	0.024
334.99	0.025
335.21	0.025
335.42	0.025
335.63	0.024
335.84	0.024
336.05	0.024
336.27	0.024
336.48	0.025
336.69	0.025
336.90	0.025
337.11	0.025
337.33	0.025
337.54	0.025
337.75	0.024
337.96	0.024
338.18	0.024
338.39	0.024
338.60	0.024
338.81	0.024
339.02	0.024
339.24	0.023
339.45	0.024
339.66	0.024
339.87	0.024
340.08	0.025
340.30	0.025
340.51	0.025
340.72	0.024
340.93	0.025
341.14	0.025
341.36	0.025
341.57	0.025
341.78	0.024
341.99	0.024
342.20	0.024
342.41	0.024
342.63	0.024
342.84	0.023
343.05	0.023
343.26	0.023
343.47	0.023
343.69	0.023
343.90	0.023
344.11	0.023
344.32	0.023
344.53	0.024
344.74	0.023
344.96	0.023
345.17	0.022
345.38	0.022
345.59	0.022
345.80	0.021
346.01	0.021
346.23	0.021
346.44	0.021
346.65	0.021
346.86	0.022
347.07	0.021
347.28	0.021
347.50	0.021
347.71	0.022
347.92	0.021
348.13	0.021
348.34	0.021
348.55	0.020
348.76	0.020
348.98	0.020
349.19	0.020
349.40	0.019
349.61	0.019
349.82	0.019
350.03	0.019
350.24	0.019
350.46	0.019
350.67	0.019
350.88	0.018
351.09	0.018
351.30	0.019
351.51	0.019
351.72	0.019
351.93	0.019
352.15	0.019
352.36	0.019
352.57	0.019
352.78	0.020
352.99	0.020
353.20	0.020
353.41	0.020
353.62	0.019
353.84	0.020
354.05	0.020
354.26	0.019
354.47	0.019
354.68	0.018
354.89	0.018
355.10	0.017
355.31	0.017
355.52	0.018
355.74	0.018
355.95	0.017
356.16	0.018
356.37	0.018
356.58	0.019
356.79	0.019
357.00	0.019
357.21	0.019
357.42	0.018
357.63	0.018
357.85	0.018
358.06	0.018
358.27	0.017
358.48	0.017
358.69	0.017
358.90	0.017
359.11	0.017
359.32	0.016
359.53	0.016
359.74	0.016
359.95	0.016
360.17	0.016
360.38	0.016
360.59	0.015
360.80	0.015
361.01	0.015
361.22	0.016
361.43	0.015
361.64	0.015
361.85	0.015
362.06	0.015
362.27	0.015
362.48	0.015
362.69	0.015
362.90	0.014
363.12	0.015
363.33	0.015
363.54	0.015
363.75	0.015
363.96	0.015
364.17	0.015
364.38	0.015
364.59	0.015
364.80	0.015
365.01	0.014
365.22	0.014
365.43	0.014
365.64	0.014
365.85	0.014
366.06	0.014
366.27	0.014
366.48	0.014
366.69	0.014
366.90	0.014
367.11	0.014
367.32	0.014
367.54	0.014
367.75	0.014
367.96	0.014
368.17	0.013
368.38	0.013
368.59	0.013
368.80	0.013
369.01	0.013
369.22	0.013
369.43	0.013
369.64	0.013
369.85	0.013
370.06	0.013
370.27	0.013
370.48	0.013
370.69	0.013
370.90	0.013
371.11	0.012
371.32	0.012
371.53	0.012
371.74	0.012
371.95	0.011
372.16	0.011
372.37	0.012
372.58	0.012
372.79	0.012
373.00	0.012
373.21	0.012
373.42	0.012
373.63	0.013
373.84	0.013
374.05	0.012
374.26	0.012
374.47	0.012
374.68	0.012
374.89	0.012
375.10	0.011
375.31	0.011
375.52	0.011
375.73	0.011
375.94	0.010
376.15	0.011
376.36	0.011
376.57	0.010
376.78	0.010
376.99	0.010
377.20	0.010
377.41	0.010
377.62	0.010
377.83	0.009
378.04	0.009
378.25	0.009
378.46	0.009
378.67	0.010
378.88	0.010
379.09	0.010
379.30	0.010
379.51	0.011
379.72	0.011
379.92	0.011
380.13	0.011
380.34	0.011
380.55	0.010
380.76	0.010
380.97	0.010
381.18	0.009
381.39	0.009
381.60	0.008
381.81	0.008
382.02	0.008
382.23	0.009
382.44	0.009
382.65	0.009
382.86	0.009
383.07	0.010
383.28	0.010
383.49	0.010
383.70	0.010
383.91	0.010
384.11	0.010
384.32	0.009
384.53	0.009
384.74	0.009
384.95	0.009
385.16	0.008
385.37	0.008
385.58	0.008
385.79	0.008
386.00	0.007
386.21	0.008
386.42	0.008
386.63	0.007
386.84	0.007
387.04	0.007
387.25	0.007
387.46	0.007
387.67	0.008
387.88	0.008
388.09	0.008
388.30	0.008
388.51	0.008
388.72	0.008
388.93	0.008
389.14	0.008
389.34	0.008
389.55	0.008
389.76	0.007
389.97	0.007
390.18	0.007
390.39	0.007
390.60	0.007
390.81	0.007
391.02	0.007
391.23	0.007
391.43	0.007
391.64	0.007
391.85	0.007
392.06	0.007
392.27	0.007
392.48	0.007
392.69	0.007
392.90	0.007
393.11	0.007
393.31	0.007
393.52	0.008
393.73	0.008
393.94	0.008
394.15	0.008
394.36	0.007
394.57	0.007
394.78	0.007
394.98	0.007
395.19	0.007
395.40	0.007
395.61	0.006
395.82	0.006
396.03	0.006
396.24	0.006
396.44	0.006
396.65	0.006
396.86	0.006
397.07	0.006
397.28	0.006
397.49	0.006
397.70	0.007
397.90	0.007
398.11	0.006
398.32	0.006
398.53	0.006
398.74	0.005
398.95	0.006
399.16	0.006
399.36	0.006
399.57	0.006
399.78	0.006
399.99	0.006
400.20	0.006
400.41	0.006
400.61	0.005
400.82	0.006
401.03	0.006
401.24	0.005
401.45	0.005
401.66	0.005
401.86	0.005
402.07	0.005
402.28	0.006
402.49	0.006
402.70	0.006
402.91	0.006
403.11	0.007
403.32	0.007
403.53	0.007
403.74	0.007
403.95	0.007
404.15	0.007
404.36	0.007
404.57	0.007
404.78	0.006
404.99	0.006
405.20	0.006
405.40	0.006
405.61	0.007
405.82	0.007
406.03	0.007
406.24	0.007
406.44	0.007
406.65	0.007
406.86	0.007
407.07	0.008
407.28	0.007
407.48	0.007
407.69	0.006
407.90	0.006
408.11	0.006
408.32	0.005
408.52	0.005
408.73	0.006
408.94	0.005
409.15	0.005
409.35	0.006
409.56	0.006
409.77	0.006
409.98	0.006
410.19	0.006
410.39	0.006
410.60	0.006
410.81	0.005
411.02	0.005
411.22	0.005
411.43	0.005
411.64	0.005
411.85	0.005
412.05	0.005
412.26	0.005
412.47	0.005
412.68	0.005
412.89	0.005
413.09	0.005
413.30	0.005
413.51	0.005
413.72	0.006
413.92	0.006
414.13	0.005
414.34	0.005
414.55	0.006
414.75	0.005
414.96	0.005
415.17	0.005
415.38	0.005
415.58	0.005
415.79	0.005
416.00	0.006
416.21	0.005
416.41	0.005
416.62	0.006
416.83	0.006
417.03	0.006
417.24	0.006
417.45	0.006
417.66	0.006
417.86	0.006
418.07	0.005
418.28	0.005
418.49	0.005
418.69	0.005
418.90	0.005
419.11	0.004
419.31	0.004
419.52	0.004
419.73	0.004
419.94	0.004
420.14	0.004
420.35	0.005
420.56	0.004
420.76	0.005
420.97	0.005
421.18	0.004
421.39	0.004
421.59	0.005
421.80	0.005
422.01	0.005
422.21	0.005
422.42	0.005
422.63	0.005
422.84	0.004
423.04	0.005
423.25	0.005
423.46	0.005
423.66	0.005
423.87	0.005
424.08	0.005
424.28	0.005
424.49	0.005
424.70	0.005
424.90	0.005
425.11	0.005
425.32	0.005
425.52	0.005
425.73	0.005
425.94	0.005
426.15	0.006
426.35	0.006
426.56	0.006
426.77	0.006
426.97	0.006
427.18	0.005
427.39	0.006
427.59	0.005
427.80	0.005
428.01	0.005
428.21	0.005
428.42	0.005
428.63	0.005
428.83	0.005
429.04	0.005
429.25	0.005
429.45	0.005
429.66	0.005
429.87	0.004
430.07	0.005
430.28	0.006
430.48	0.006
430.69	0.005
430.90	0.006
431.10	0.006
431.31	0.006
431.52	0.006
431.72	0.007
431.93	0.006
432.14	0.006
432.34	0.006
432.55	0.006
432.76	0.006
432.96	0.006
433.17	0.006
433.37	0.006
433.58	0.006
433.79	0.007
433.99	0.006
434.20	0.006
434.41	0.006
434.61	0.006
434.82	0.006
435.02	0.006
435.23	0.006
435.44	0.006
435.64	0.005
435.85	0.006
436.06	0.006
436.26	0.006
436.47	0.006
436.67	0.006
436.88	0.006
437.09	0.006
437.29	0.006
437.50	0.006
437.70	0.005
437.91	0.005
438.12	0.005
438.32	0.005
438.53	0.005
438.73	0.005
438.94	0.005
439.15	0.005
439.35	0.005
439.56	0.006
439.76	0.006
439.97	0.006
440.18	0.006
440.38	0.006
440.59	0.006
440.79	0.005
441.00	0.005
441.20	0.005
441.41	0.005
441.62	0.005
441.82	0.005
442.03	0.005
442.23	0.006
442.44	0.005
442.65	0.006
442.85	0.006
443.06	0.007
443.26	0.006
443.47	0.006
443.67	0.006
443.88	0.006
444.09	0.006
444.29	0.006
444.50	0.006
444.70	0.005
444.91	0.005
445.11	0.005
445.32	0.005
445.52	0.005
445.73	0.006
445.94	0.005
446.14	0.005
446.35	0.005
446.55	0.005
446.76	0.005
446.96	0.005
447.17	0.005
447.37	0.006
447.58	0.005
447.78	0.005
447.99	0.006
448.20	0.006
448.40	0.005
448.61	0.006
448.81	0.006
449.02	0.005
449.22	0.005
449.43	0.005
449.63	0.005
449.84	0.006
450.04	0.006
450.25	0.006
450.45	0.006
450.66	0.005
450.86	0.005
451.07	0.006
451.27	0.005
451.48	0.005
451.68	0.004
451.89	0.004
452.09	0.004
452.30	0.004
452.50	0.004
452.71	0.005
452.91	0.005
453.12	0.004
453.33	0.004
453.53	0.005
453.74	0.005
453.94	0.004
454.15	0.004
454.35	0.004
454.56	0.004
454.76	0.003
454.96	0.004
455.17	0.004
455.37	0.003
455.58	0.004
455.78	0.004
455.99	0.005
456.19	0.004
456.40	0.005
456.60	0.005
456.81	0.006
457.01	0.006
457.22	0.006
457.42	0.006
457.63	0.006
457.83	0.006
458.04	0.007
458.24	0.006
458.45	0.006
458.65	0.006
458.86	0.006
459.06	0.006
459.27	0.006
459.47	0.006
459.67	0.006
459.88	0.005
460.08	0.005
460.29	0.006
460.49	0.005
460.70	0.005
460.90	0.004
461.11	0.005
461.31	0.005
461.52	0.004
461.72	0.004
461.92	0.004
462.13	0.003
462.33	0.004
462.54	0.004
462.74	0.004
462.95	0.004
463.15	0.004
463.36	0.004
463.56	0.004
463.76	0.004
463.97	0.005
464.17	0.005
464.38	0.005
464.58	0.004
464.79	0.004
464.99	0.004
465.19	0.004
465.40	0.004
465.60	0.004
465.81	0.004
466.01	0.004
466.22	0.005
466.42	0.005
466.62	0.005
466.83	0.005
467.03	0.005
467.24	0.005
467.44	0.006
467.65	0.006
467.85	0.005
468.05	0.005
468.26	0.003
468.46	0.004
468.67	0.004
468.87	0.005
469.07	0.005
469.28	0.005
469.48	0.004
469.69	0.004
469.89	0.005
470.09	0.005
470.30	0.006
470.50	0.006
470.71	0.005
470.91	0.005
471.11	0.005
471.32	0.005
471.52	0.006
471.72	0.005
471.93	0.005
472.13	0.005
472.34	0.005
472.54	0.005
472.74	0.005
472.95	0.005
473.15	0.005
473.35	0.005
473.56	0.005
473.76	0.005
473.97	0.005
474.17	0.004
474.37	0.005
474.58	0.005
474.78	0.005
474.98	0.005
475.19	0.005
475.39	0.006
475.60	0.006
475.80	0.006
476.00	0.006
476.21	0.006
476.41	0.007
476.61	0.006
476.82	0.006
477.02	0.006
477.22	0.006
477.43	0.006
477.63	0.005
477.83	0.005
478.04	0.005
478.24	0.004
478.44	0.004
478.65	0.004
478.85	0.004
479.05	0.004
479.26	0.003
479.46	0.004
479.66	0.004
479.87	0.004
480.07	0.005
480.27	0.005
480.48	0.005
480.68	0.005
480.88	0.005
481.09	0.006
481.29	0.005
481.49	0.006
481.70	0.006
481.90	0.006
482.10	0.006
482.31	0.005
482.51	0.004
482.71	0.004
482.92	0.004
483.12	0.004
483.32	0.004
483.52	0.004
483.73	0.003
483.93	0.004
484.13	0.004
484.34	0.004
484.54	0.004
484.74	0.004
484.95	0.005
485.15	0.005
485.35	0.004
485.55	0.005
485.76	0.005
485.96	0.005
486.16	0.005
486.37	0.006
486.57	0.006
486.77	0.006
486.97	0.006
487.18	0.006
487.38	0.006
487.58	0.006
487.79	0.006
487.99	0.006
488.19	0.005
488.39	0.005
488.60	0.005
488.80	0.005
489.00	0.005
489.20	0.005
489.41	0.005
489.61	0.005
489.81	0.005
490.02	0.005
490.22	0.005
490.42	0.005
490.62	0.005
490.83	0.005
491.03	0.005
491.23	0.004
491.43	0.004
491.64	0.004
491.84	0.005
492.04	0.005
492.24	0.006
492.45	0.006
492.65	0.006
492.85	0.005
493.05	0.006
493.26	0.006
493.46	0.006
493.66	0.006
493.86	0.006
494.07	0.006
494.27	0.006
494.47	0.006
494.67	0.006
494.87	0.006
495.08	0.006
495.28	0.006
495.48	0.006
495.68	0.006
495.89	0.006
496.09	0.006
496.29	0.006
496.49	0.006
496.69	0.006
496.90	0.006
497.10	0.006
497.30	0.005
497.50	0.005
497.71	0.006
497.91	0.006
498.11	0.006
498.31	0.006
498.51	0.006
498.72	0.006
498.92	0.006
499.12	0.006
499.32	0.006
499.52	0.005
499.73	0.005
499.93	0.004
500.13	0.005
500.33	0.005
500.53	0.004
500.74	0.004
500.94	0.004
501.14	0.004
501.34	0.005
501.54	0.005
501.74	0.005
501.95	0.004
502.15	0.004
502.35	0.004
502.55	0.005
502.75	0.005
502.96	0.005
503.16	0.005
503.36	0.005
503.56	0.005
503.76	0.005
503.96	0.005
504.17	0.005
504.37	0.005
504.57	0.005
504.77	0.005
504.97	0.005
505.17	0.005
505.38	0.005
505.58	0.005
505.78	0.005
505.98	0.005
506.18	0.006
506.38	0.006
506.58	0.006
506.79	0.006
506.99	0.006
507.19	0.006
507.39	0.006
507.59	0.006
507.79	0.006
507.99	0.005
508.20	0.006
508.40	0.005
508.60	0.006
508.80	0.006
509.00	0.006
509.20	0.005
509.40	0.005
509.61	0.005
509.81	0.006
510.01	0.006
510.21	0.006
510.41	0.006
510.61	0.005
510.81	0.005
511.01	0.005
511.22	0.005
511.42	0.005
511.62	0.005
511.82	0.005
512.02	0.005
512.22	0.005
512.42	0.005
512.62	0.005
512.82	0.005
513.03	0.005
513.23	0.005
513.43	0.005
513.63	0.006
513.83	0.005
514.03	0.005
514.23	0.005
514.43	0.005
514.63	0.005
514.83	0.005
515.04	0.005
515.24	0.005
515.44	0.005
515.64	0.005
515.84	0.005
516.04	0.005
516.24	0.005
516.44	0.005
516.64	0.005
516.84	0.005
517.04	0.004
517.24	0.004
517.45	0.005
517.65	0.005
517.85	0.005
518.05	0.005
518.25	0.005
518.45	0.005
518.65	0.005
518.85	0.005
519.05	0.006
519.25	0.006
519.45	0.006
519.65	0.006
519.85	0.006
520.05	0.006
520.25	0.006
520.46	0.006
520.66	0.006
520.86	0.006
521.06	0.006
521.26	0.006
521.46	0.006
521.66	0.006
521.86	0.007
522.06	0.006
522.26	0.006
522.46	0.006
522.66	0.006
522.86	0.007
523.06	0.006
523.26	0.006
523.46	0.006
523.66	0.006
523.86	0.006
524.06	0.006
524.26	0.006
524.46	0.005
524.66	0.005
524.86	0.005
525.06	0.005
525.26	0.005
525.46	0.005
525.66	0.005
525.87	0.005
526.07	0.005
526.27	0.006
526.47	0.007
526.67	0.006
526.87	0.006
527.07	0.006
527.27	0.007
527.47	0.007
527.67	0.007
527.87	0.007
528.07	0.007
528.27	0.006
528.47	0.007
528.67	0.006
528.87	0.006
529.07	0.006
529.27	0.005
529.47	0.006
529.67	0.006
529.87	0.005
530.07	0.005
530.27	0.006
530.47	0.006
530.67	0.006
530.87	0.006
531.06	0.006
531.26	0.006
531.46	0.006
531.66	0.006
531.86	0.007
532.06	0.006
532.26	0.006
532.46	0.006
532.66	0.006
532.86	0.006
533.06	0.006
533.26	0.006
533.46	0.006
533.66	0.006
533.86	0.006
534.06	0.006
534.26	0.006
534.46	0.006
534.66	0.006
534.86	0.007
535.06	0.006
535.26	0.006
535.46	0.006
535.66	0.006
535.86	0.006
536.06	0.006
536.26	0.006
536.45	0.006
536.65	0.006
536.85	0.006
537.05	0.006
537.25	0.006
537.45	0.006
537.65	0.007
537.85	0.006
538.05	0.006
538.25	0.006
538.45	0.006
538.65	0.006
538.85	0.006
539.05	0.006
539.25	0.006
539.44	0.006
539.64	0.006
539.84	0.006
540.04	0.006
540.24	0.006
540.44	0.006
540.64	0.006
540.84	0.006
541.04	0.006
541.24	0.006
541.44	0.006
541.64	0.006
541.83	0.007
542.03	0.007
542.23	0.007
542.43	0.007
542.63	0.007
542.83	0.006
543.03	0.007
543.23	0.007
543.43	0.007
543.63	0.007
543.82	0.007
544.02	0.006
544.22	0.006
544.42	0.007
544.62	0.006
544.82	0.006
545.02	0.006
545.22	0.006
545.42	0.006
545.61	0.006
545.81	0.006
546.01	0.006
546.21	0.006
546.41	0.006
546.61	0.006
546.81	0.006
547.01	0.005
547.20	0.005
547.40	0.005
547.60	0.005
547.80	0.004
548.00	0.004
548.20	0.004
548.40	0.004
548.59	0.004
548.79	0.005
548.99	0.005
549.19	0.006
549.39	0.006
549.59	0.006
549.79	0.007
549.98	0.007
550.18	0.007
550.38	0.006
550.58	0.006
550.78	0.006
550.98	0.006
551.17	0.006
551.37	0.006
551.57	0.006
551.77	0.006
551.97	0.006
552.17	0.006
552.36	0.006
552.56	0.005
552.76	0.005
552.96	0.005
553.16	0.004
553.36	0.005
553.55	0.005
553.75	0.004
553.95	0.005
554.15	0.005
554.35	0.005
554.55	0.006
554.74	0.006
554.94	0.006
555.14	0.006
555.34	0.006
555.54	0.006
555.73	0.006
555.93	0.007
556.13	0.006
556.33	0.006
556.53	0.006
556.72	0.007
556.92	0.006
557.12	0.006
557.32	0.007
557.52	0.007
557.71	0.006
557.91	0.006
558.11	0.007
558.31	0.007
558.51	0.006
558.70	0.007
558.90	0.006
559.10	0.006
559.30	0.006
559.49	0.007
559.69	0.006
559.89	0.006
560.09	0.006
560.29	0.007
560.48	0.006
560.68	0.006
560.88	0.006
561.08	0.006
561.27	0.006
561.47	0.006
561.67	0.006
561.87	0.006
562.06	0.006
562.26	0.006
562.46	0.006
562.66	0.006
562.86	0.006
563.05	0.006
563.25	0.007
563.45	0.007
563.65	0.007
563.84	0.006
564.04	0.007
564.24	0.008
564.44	0.007
564.63	0.007
564.83	0.007
565.03	0.007
565.22	0.006
565.42	0.006
565.62	0.006
565.82	0.005
566.01	0.005
566.21	0.005
566.41	0.006
566.61	0.005
566.80	0.005
567.00	0.005
567.20	0.006
567.40	0.006
567.59	0.006
567.79	0.006
567.99	0.006
568.18	0.006
568.38	0.006
568.58	0.006
568.78	0.006
568.97	0.005
569.17	0.005
569.37	0.006
569.56	0.006
569.76	0.005
569.96	0.006
570.16	0.005
570.35	0.006
570.55	0.006
570.75	0.006
570.94	0.006
571.14	0.006
571.34	0.006
571.53	0.006
571.73	0.007
571.93	0.006
572.12	0.006
572.32	0.007
572.52	0.007
572.72	0.007
572.91	0.006
573.11	0.006
573.31	0.006
573.50	0.005
573.70	0.005
573.90	0.005
574.09	0.005
574.29	0.005
574.49	0.004
574.68	0.005
574.88	0.005
575.08	0.005
575.27	0.005
575.47	0.006
575.67	0.006
575.86	0.006
576.06	0.006
576.26	0.005
576.45	0.005
576.65	0.005
576.85	0.005
577.04	0.006
577.24	0.006
577.44	0.005
577.63	0.005
577.83	0.005
578.02	0.006
578.22	0.006
578.42	0.006
578.61	0.006
578.81	0.006
579.01	0.006
579.20	0.006
579.40	0.006
579.60	0.006
579.79	0.006
579.99	0.006
580.19	0.006
580.38	0.006
580.58	0.006
580.77	0.006
580.97	0.005
581.17	0.005
581.36	0.005
581.56	0.005
581.75	0.004
581.95	0.004
582.15	0.004
582.34	0.005
582.54	0.004
582.74	0.005
582.93	0.005
583.13	0.006
583.32	0.006
583.52	0.006
583.72	0.006
583.91	0.005
584.11	0.005
584.30	0.005
584.50	0.005
584.70	0.005
584.89	0.005
585.09	0.005
585.28	0.004
585.48	0.005
585.68	0.005
585.87	0.005
586.07	0.005
586.26	0.005
586.46	0.005
586.66	0.004
586.85	0.004
587.05	0.004
587.24	0.004
587.44	0.004
587.63	0.004
587.83	0.005
588.03	0.005
588.22	0.005
588.42	0.005
588.61	0.005
588.81	0.006
589.00	0.006
589.20	0.006
589.40	0.006
589.59	0.006
589.79	0.005
589.98	0.005
590.18	0.006
590.37	0.006
590.57	0.006
590.76	0.006
590.96	0.006
591.16	0.006
591.35	0.006
591.55	0.006
591.74	0.006
591.94	0.006
592.13	0.006
592.33	0.006
592.52	0.006
592.72	0.006
592.91	0.006
593.11	0.006
593.30	0.006
593.50	0.006
593.70	0.006
593.89	0.006
594.09	0.006
594.28	0.006
594.48	0.006
594.67	0.006
594.87	0.006
595.06	0.006
595.26	0.006
595.45	0.006
595.65	0.006
595.84	0.005
596.04	0.005
596.23	0.005
596.43	0.005
596.62	0.006
596.82	0.006
597.01	0.006
597.21	0.006
597.40	0.005
597.60	0.006
597.79	0.006
597.99	0.005
598.18	0.006
598.38	0.006
598.57	0.005
598.77	0.005
598.96	0.005
599.16	0.005
599.35	0.005
599.55	0.006
599.74	0.006
599.94	0.006
600.13	0.006
600.33	0.006
600.52	0.006
600.72	0.006
600.91	0.006
601.11	0.006
601.30	0.005
601.50	0.005
601.69	0.006
601.89	0.006
602.08	0.006
602.27	0.006
602.47	0.006
602.66	0.006
602.86	0.006
603.05	0.006
603.25	0.006
603.44	0.005
603.64	0.005
603.83	0.005
604.03	0.005
604.22	0.005
604.41	0.005
604.61	0.005
604.80	0.005
605.00	0.005
605.19	0.005
605.39	0.005
605.58	0.005
605.78	0.005
605.97	0.005
606.16	0.005
606.36	0.005
606.55	0.005
606.75	0.005
606.94	0.005
607.14	0.005
607.33	0.005
607.52	0.005
607.72	0.005
607.91	0.006
608.11	0.006
608.30	0.006
608.50	0.006
608.69	0.007
608.88	0.007
609.08	0.006
609.27	0.006
609.47	0.007
609.66	0.007
609.85	0.007
610.05	0.007
610.24	0.007
610.44	0.007
610.63	0.007
610.83	0.007
611.02	0.007
611.21	0.007
611.41	0.007
611.60	0.007
611.80	0.007
611.99	0.007
612.18	0.007
612.38	0.007
612.57	0.007
612.76	0.007
612.96	0.007
613.15	0.007
613.35	0.007
613.54	0.006
613.73	0.006
613.93	0.006
614.12	0.006
614.32	0.006
614.51	0.006
614.70	0.006
614.90	0.006
615.09	0.006
615.28	0.006
615.48	0.006
615.67	0.006
615.86	0.006
616.06	0.007
616.25	0.006
616.45	0.006
616.64	0.007
616.83	0.007
617.03	0.007
617.22	0.007
617.41	0.007
617.61	0.007
617.80	0.007
617.99	0.007
618.19	0.007
618.38	0.007
618.57	0.007
618.77	0.007
618.96	0.007
619.15	0.007
619.35	0.006
619.54	0.006
619.73	0.006
619.93	0.006
620.12	0.005
620.31	0.006
620.51	0.006
620.70	0.006
620.89	0.006
621.09	0.006
621.28	0.006
621.47	0.006
621.67	0.006
621.86	0.006
622.05	0.006
622.25	0.007
622.44	0.006
622.63	0.006
622.83	0.006
623.02	0.006
623.21	0.006
623.41	0.006
623.60	0.006
623.79	0.007
623.98	0.007
624.18	0.007
624.37	0.007
624.56	0.007
624.76	0.007
624.95	0.007
625.14	0.007
625.33	0.007
625.53	0.006
625.72	0.006
625.91	0.006
626.11	0.006
626.30	0.006
626.49	0.006
626.68	0.006
626.88	0.006
627.07	0.006
627.26	0.006
627.46	0.006
627.65	0.006
627.84	0.007
628.03	0.006
628.23	0.006
628.42	0.006
628.61	0.006
628.80	0.006
629.00	0.007
629.19	0.006
629.38	0.006
629.58	0.006
629.77	0.006
629.96	0.006
630.15	0.006
630.35	0.006
630.54	0.006
630.73	0.007
630.92	0.007
631.12	0.006
631.31	0.007
631.50	0.007
631.69	0.007
631.89	0.007
632.08	0.007
632.27	0.006
632.46	0.006
632.65	0.006
632.85	0.007
633.04	0.006
633.23	0.006
633.42	0.006
633.62	0.006
633.81	0.006
634.00	0.006
634.19	0.006
634.39	0.006
634.58	0.006
634.77	0.006
634.96	0.006
635.15	0.006
635.35	0.006
635.54	0.006
635.73	0.005
635.92	0.006
636.11	0.006
636.31	0.006
636.50	0.005
636.69	0.005
636.88	0.006
637.07	0.006
637.27	0.007
637.46	0.007
637.65	0.007
637.84	0.007
638.03	0.007
638.23	0.007
638.42	0.007
638.61	0.007
638.80	0.007
638.99	0.006
639.19	0.007
639.38	0.007
639.57	0.007
639.76	0.007
639.95	0.007
640.14	0.007
640.34	0.007
640.53	0.007
640.72	0.007
640.91	0.006
641.10	0.006
641.30	0.006
641.49	0.006
641.68	0.007
641.87	0.006
642.06	0.006
642.25	0.007
642.44	0.007
642.64	0.007
642.83	0.007
643.02	0.006
643.21	0.007
643.40	0.006
643.59	0.007
643.79	0.007
643.98	0.007
644.17	0.007
644.36	0.007
644.55	0.007
644.74	0.007
644.93	0.007
645.13	0.007
645.32	0.006
645.51	0.006
645.70	0.006
645.89	0.006
646.08	0.006
646.27	0.006
646.46	0.006
646.66	0.006
646.85	0.005
647.04	0.006
647.23	0.005
647.42	0.006
647.61	0.006
647.80	0.005
647.99	0.005
648.19	0.006
648.38	0.006
648.57	0.006
648.76	0.006
648.95	0.006
649.14	0.006
649.33	0.007
649.52	0.007
649.71	0.007
649.91	0.007
650.10	0.007
650.29	0.007
650.48	0.006
650.67	0.006
650.86	0.006
651.05	0.006
651.24	0.006
651.43	0.006
651.62	0.006
651.81	0.006
652.01	0.006
652.20	0.007
652.39	0.007
652.58	0.007
652.77	0.006
652.96	0.006
653.15	0.007
653.34	0.007
653.53	0.007
653.72	0.007
653.91	0.007
654.10	0.007
654.29	0.007
654.48	0.006
654.68	0.006
654.87	0.005
655.06	0.005
655.25	0.005
655.44	0.005
655.63	0.005
655.82	0.005
656.01	0.005
656.20	0.005
656.39	0.006
656.58	0.006
656.77	0.006
656.96	0.006
657.15	0.007
657.34	0.007
657.53	0.007
657.72	0.006
657.91	0.006
658.10	0.006
658.29	0.006
658.48	0.007
658.68	0.007
658.87	0.006
659.06	0.006
659.25	0.006
659.44	0.006
659.63	0.006
659.82	0.006
660.01	0.006
660.20	0.006
660.39	0.006
660.58	0.006
660.77	0.006
660.96	0.006
661.15	0.006
661.34	0.006
661.53	0.007
661.72	0.007
661.91	0.006
662.10	0.006
662.29	0.006
662.48	0.006
662.67	0.006
662.86	0.006
663.05	0.006
663.24	0.006
663.43	0.006
663.62	0.007
663.81	0.007
664.00	0.007
664.19	0.006
664.38	0.006
664.57	0.006
664.76	0.006
664.95	0.006
665.14	0.006
665.33	0.006
665.52	0.006
665.71	0.006
665.90	0.006
666.09	0.006
666.28	0.006
666.46	0.006
666.65	0.006
666.84	0.006
667.03	0.006
667.22	0.006
667.41	0.006
667.60	0.006
667.79	0.006
667.98	0.006
668.17	0.006
668.36	0.006
668.55	0.006
668.74	0.006
668.93	0.007
669.12	0.007
669.31	0.006
669.50	0.006
669.69	0.007
669.88	0.007
670.07	0.007
670.26	0.007
670.44	0.007
670.63	0.007
670.82	0.007
671.01	0.007
671.20	0.007
671.39	0.006
671.58	0.006
671.77	0.006
671.96	0.006
672.15	0.006
672.34	0.006
672.53	0.006
672.72	0.006
672.91	0.006
673.09	0.006
673.28	0.006
673.47	0.006
673.66	0.007
673.85	0.007
674.04	0.006
674.23	0.006
674.42	0.006
674.61	0.006
674.80	0.006
674.98	0.006
675.17	0.006
675.36	0.006
675.55	0.006
675.74	0.006
675.93	0.006
676.12	0.006
676.31	0.006
676.50	0.006
676.69	0.007
676.87	0.007
677.06	0.006
677.25	0.006
677.44	0.006
677.63	0.007
677.82	0.006
678.01	0.006
678.20	0.006
678.38	0.006
678.57	0.006
678.76	0.006
678.95	0.006
679.14	0.006
679.33	0.006
679.52	0.007
679.71	0.007
679.89	0.007
680.08	0.006
680.27	0.006
680.46	0.006
680.65	0.006
680.84	0.006
681.02	0.006
681.21	0.006
681.40	0.006
681.59	0.006
681.78	0.006
681.97	0.006
682.16	0.006
682.34	0.006
682.53	0.006
682.72	0.006
682.91	0.006
683.10	0.006
683.29	0.005
683.47	0.005
683.66	0.005
683.85	0.005
684.04	0.005
684.23	0.005
684.42	0.005
684.60	0.006
684.79	0.005
684.98	0.005
685.17	0.005
685.36	0.006
685.54	0.006
685.73	0.006
685.92	0.006
686.11	0.006
686.30	0.006
686.49	0.006
686.67	0.006
686.86	0.005
687.05	0.005
687.24	0.006
687.43	0.006
687.61	0.006
687.80	0.006
687.99	0.006
688.18	0.006
688.36	0.006
688.55	0.006
688.74	0.006
688.93	0.006
689.12	0.006
689.30	0.005
689.49	0.006
689.68	0.006
689.87	0.006
690.06	0.006
690.24	0.006
690.43	0.006
690.62	0.006
690.81	0.006
690.99	0.006
691.18	0.006
691.37	0.005
691.56	0.005
691.74	0.005
691.93	0.005
692.12	0.006
692.31	0.006
692.50	0.005
692.68	0.006
692.87	0.006
693.06	0.006
693.25	0.006
693.43	0.006
693.62	0.006
693.81	0.006
694.00	0.006
694.18	0.006
694.37	0.005
694.56	0.006
694.74	0.006
694.93	0.006
695.12	0.006
695.31	0.006
695.49	0.007
695.68	0.007
695.87	0.007
696.06	0.007
696.24	0.007
696.43	0.007
696.62	0.007
696.80	0.007
696.99	0.006
697.18	0.006
697.37	0.006
697.55	0.007
697.74	0.007
697.93	0.007
698.12	0.007
698.30	0.006
698.49	0.006
698.68	0.006
698.86	0.006
699.05	0.006
699.24	0.006
699.42	0.006
699.61	0.006
699.80	0.006
699.99	0.006
700.17	0.006
700.36	0.006
700.55	0.006
700.73	0.005
700.92	0.005
701.11	0.005
701.29	0.006
701.48	0.006
701.67	0.006
701.85	0.006
702.04	0.005
702.23	0.005
702.41	0.006
702.60	0.006
702.79	0.006
702.97	0.006
703.16	0.006
703.35	0.006
703.53	0.006
703.72	0.006
703.91	0.006
704.09	0.006
704.28	0.006
704.47	0.006
704.65	0.006
704.84	0.006
705.03	0.006
705.21	0.006
705.40	0.006
705.59	0.006
705.77	0.006
705.96	0.006
706.15	0.006
706.33	0.006
706.52	0.006
706.71	0.006
706.89	0.006
707.08	0.006
707.26	0.006
707.45	0.005
707.64	0.005
707.82	0.006
708.01	0.005
708.20	0.005
708.38	0.006
708.57	0.006
708.75	0.006
708.94	0.006
709.13	0.006
709.31	0.006
709.50	0.006
709.69	0.007
709.87	0.007
710.06	0.007
710.24	0.006
710.43	0.007
710.62	0.007
710.80	0.006
710.99	0.006
711.17	0.006
711.36	0.006
711.55	0.005
711.73	0.005
711.92	0.006
712.10	0.005
712.29	0.005
712.48	0.006
712.66	0.006
712.85	0.006
713.03	0.007
713.22	0.007
713.40	0.007
713.59	0.007
713.78	0.007
713.96	0.007
714.15	0.007
714.33	0.007
714.52	0.007
714.71	0.006
714.89	0.007
715.08	0.007
715.26	0.007
715.45	0.006
715.63	0.006
715.82	0.006
716.00	0.006
716.19	0.006
716.38	0.006
716.56	0.006
716.75	0.006
716.93	0.006
717.12	0.007
717.30	0.007
717.49	0.007
717.67	0.007
717.86	0.007
718.05	0.006
718.23	0.006
718.42	0.005
718.60	0.005
718.79	0.005
718.97	0.005
719.16	0.005
719.34	0.005
719.53	0.005
719.71	0.005
719.90	0.005
720.08	0.006
720.27	0.006
720.45	0.006
720.64	0.006
720.83	0.006
721.01	0.006
721.20	0.006
721.38	0.006
721.57	0.006
721.75	0.006
721.94	0.005
722.12	0.005
722.31	0.005
722.49	0.005
722.68	0.005
722.86	0.005
723.05	0.005
723.23	0.005
723.42	0.005
723.60	0.006
723.79	0.006
723.97	0.006
724.16	0.006
724.34	0.007
724.53	0.007
724.71	0.007
724.90	0.006
725.08	0.006
725.27	0.006
725.45	0.006
725.64	0.006
725.82	0.006
726.00	0.006
726.19	0.005
726.37	0.006
726.56	0.006
726.74	0.006
726.93	0.006
727.11	0.006
727.30	0.006
727.48	0.005
727.67	0.006
727.85	0.006
728.04	0.006
728.22	0.006
728.40	0.006
728.59	0.006
728.77	0.006
728.96	0.006
729.14	0.007
729.33	0.006
729.51	0.006
729.70	0.006
729.88	0.006
730.07	0.006
730.25	0.006
730.43	0.006
730.62	0.006
730.80	0.006
730.99	0.006
731.17	0.006
731.36	0.005
731.54	0.005
731.72	0.005
731.91	0.005
732.09	0.005
732.28	0.005
732.46	0.006
732.65	0.006
732.83	0.006
733.01	0.006
733.20	0.006
733.38	0.006
733.57	0.006
733.75	0.006
733.93	0.006
734.12	0.005
734.30	0.006
734.49	0.006
734.67	0.006
734.85	0.006
735.04	0.006
735.22	0.006
735.41	0.006
735.59	0.006
735.77	0.006
735.96	0.006
736.14	0.006
736.33	0.006
736.51	0.006
736.69	0.006
736.88	0.006
737.06	0.005
737.25	0.005
737.43	0.005
737.61	0.006
737.80	0.005
737.98	0.005
738.16	0.005
738.35	0.005
738.53	0.004
738.71	0.005
738.90	0.005
739.08	0.005
739.27	0.005
739.45	0.005
739.63	0.005
739.82	0.005
740.00	0.006
740.18	0.006
740.37	0.006
740.55	0.006
740.73	0.006
740.92	0.006
741.10	0.005
741.28	0.005
741.47	0.005
741.65	0.005
741.83	0.005
742.02	0.005
742.20	0.005
742.38	0.005
742.57	0.006
742.75	0.006
742.93	0.006
743.12	0.006
743.30	0.006
743.48	0.006
743.67	0.006
743.85	0.006
744.03	0.005
744.22	0.005
744.40	0.006
744.58	0.006
744.77	0.006
744.95	0.006
745.13	0.006
745.32	0.006
745.50	0.007
745.68	0.006
745.87	0.007
746.05	0.006
746.23	0.006
746.41	0.006
746.60	0.006
746.78	0.006
746.96	0.006
747.15	0.006
747.33	0.006
747.51	0.006
747.70	0.006
747.88	0.006
748.06	0.006
748.24	0.006
748.43	0.006
748.61	0.006
748.79	0.006
748.97	0.006
749.16	0.006
749.34	0.006
749.52	0.006
749.71	0.006
749.89	0.005
750.07	0.005
750.25	0.005
750.44	0.006
750.62	0.006
750.80	0.006
750.98	0.006
751.17	0.006
751.35	0.006
751.53	0.006
751.71	0.006
751.90	0.006
752.08	0.006
752.26	0.006
752.44	0.005
752.63	0.005
752.81	0.005
752.99	0.005
753.17	0.005
753.36	0.005
753.54	0.005
753.72	0.005
753.90	0.005
754.09	0.006
754.27	0.005
754.45	0.006
754.63	0.005
754.82	0.005
755.00	0.006
755.18	0.006
755.36	0.006
755.54	0.006
755.73	0.005
755.91	0.005
756.09	0.005
756.27	0.005
756.45	0.005
756.64	0.004
756.82	0.004
757.00	0.004
757.18	0.004
757.37	0.004
757.55	0.004
757.73	0.004
757.91	0.004
758.09	0.004
758.27	0.005
758.46	0.004
758.64	0.004
758.82	0.005
759.00	0.006
759.18	0.006
759.37	0.006
759.55	0.006
759.73	0.006
759.91	0.006
760.09	0.007
760.28	0.006
760.46	0.005
760.64	0.005
760.82	0.005
761.00	0.005
761.18	0.005
761.37	0.005
761.55	0.005
761.73	0.005
761.91	0.005
762.09	0.006
762.27	0.006
762.46	0.005
762.64	0.005
762.82	0.005
763.00	0.005
763.18	0.004
763.36	0.004
763.54	0.004
763.73	0.004
763.91	0.004
764.09	0.004
764.27	0.004
764.45	0.004
764.63	0.004
764.81	0.005
765.00	0.005
765.18	0.005
765.36	0.004
765.54	0.004
765.72	0.004
765.90	0.004
766.08	0.004
766.27	0.004
766.45	0.003
766.63	0.004
766.81	0.004
766.99	0.004
767.17	0.004
767.35	0.005
767.53	0.005
767.71	0.005
767.90	0.005
768.08	0.005
768.26	0.005
768.44	0.005
768.62	0.005
768.80	0.005
768.98	0.005
769.16	0.005
769.34	0.005
769.52	0.004
769.71	0.004
769.89	0.004
770.07	0.004
770.25	0.005
770.43	0.005
770.61	0.004
770.79	0.004
770.97	0.004
771.15	0.004
771.33	0.005
771.51	0.005
771.69	0.005
771.88	0.005
772.06	0.005
772.24	0.005
772.42	0.005
772.60	0.005
772.78	0.005
772.96	0.005
773.14	0.005
773.32	0.005
773.50	0.005
773.68	0.005
773.86	0.005
774.04	0.005
774.22	0.005
774.40	0.005
774.58	0.005
774.77	0.004
774.95	0.004
775.13	0.005
775.31	0.005
775.49	0.005
775.67	0.005
775.85	0.005
776.03	0.005
776.21	0.005
776.39	0.006
776.57	0.006
776.75	0.006
776.93	0.006
777.11	0.006
777.29	0.006
777.47	0.006
777.65	0.006
777.83	0.005
778.01	0.005
778.19	0.005
778.37	0.005
778.55	0.005
778.73	0.005
778.91	0.005
779.09	0.005
779.27	0.005
779.45	0.005
779.63	0.005
779.81	0.005
779.99	0.005
780.17	0.005
780.35	0.005
780.53	0.005
780.71	0.005
780.89	0.005
781.07	0.005
781.25	0.005
781.43	0.005
781.61	0.005
781.79	0.005
781.97	0.005
782.15	0.005
782.33	0.005
782.51	0.005
782.69	0.005
782.87	0.005
783.05	0.005
783.23	0.005
783.41	0.005
783.59	0.004
783.77	0.004
783.95	0.004
784.13	0.004
784.31	0.005
784.49	0.005
784.67	0.005
784.85	0.004
785.03	0.005
785.21	0.005
785.38	0.004
785.56	0.004
785.74	0.004
785.92	0.004
786.10	0.004
786.28	0.004
786.46	0.004
786.64	0.004
786.82	0.004
787.00	0.004
787.18	0.004
787.36	0.005
787.54	0.005
787.72	0.005
787.90	0.005
788.08	0.005
788.25	0.005
788.43	0.005
788.61	0.005
788.79	0.005
788.97	0.005
789.15	0.005
789.33	0.005
789.51	0.006
789.69	0.005
789.87	0.005
790.05	0.006
790.23	0.006
790.40	0.005
790.58	0.005
790.76	0.005
790.94	0.005
791.12	0.005
791.30	0.005
791.48	0.005
791.66	0.004
791.84	0.004
792.02	0.004
792.19	0.003
792.37	0.004
792.55	0.004
792.73	0.003
792.91	0.003
793.09	0.003
793.27	0.004
793.45	0.004
793.63	0.004
793.80	0.004
793.98	0.005
794.16	0.005
794.34	0.005
794.52	0.005
794.70	0.006
794.88	0.005
795.05	0.005
795.23	0.006
795.41	0.005
795.59	0.005
795.77	0.005
795.95	0.005
796.13	0.005
796.30	0.005
796.48	0.005
796.66	0.005
796.84	0.005
797.02	0.005
797.20	0.006
797.38	0.005
797.55	0.005
797.73	0.005
797.91	0.006
798.09	0.006
798.27	0.006
798.45	0.005
798.62	0.005
798.80	0.005
798.98	0.004
799.16	0.005
799.34	0.005
799.52	0.004
799.69	0.004
799.87	0.004
800.05	0.004
800.23	0.004
800.41	0.004
800.58	0.004
800.76	0.004
800.94	0.003
801.12	0.004
801.30	0.004
801.47	0.004
801.65	0.004
801.83	0.004
802.01	0.005
802.19	0.005
802.36	0.004
802.54	0.005
802.72	0.005
802.90	0.005
803.08	0.005
803.25	0.005
803.43	0.005
803.61	0.005
803.79	0.005
803.97	0.005
804.14	0.005
804.32	0.005
804.50	0.005
804.68	0.004
804.85	0.004
805.03	0.004
805.21	0.004
805.39	0.005
805.56	0.005
805.74	0.005
805.92	0.004
806.10	0.005
806.28	0.005
806.45	0.005
806.63	0.005
806.81	0.005
806.99	0.004
807.16	0.004
807.34	0.004
807.52	0.004
807.70	0.004
807.87	0.004
808.05	0.004
808.23	0.004
808.41	0.004
808.58	0.004
808.76	0.005
808.94	0.005
809.11	0.005
809.29	0.005
809.47	0.004
809.65	0.005
809.82	0.005
810.00	0.005
810.18	0.004
810.36	0.004
810.53	0.004
810.71	0.004
810.89	0.004
811.06	0.005
811.24	0.005
811.42	0.005
811.60	0.005
811.77	0.005
811.95	0.005
812.13	0.005
812.30	0.005
812.48	0.005
812.66	0.005
812.83	0.004
813.01	0.004
813.19	0.004
813.37	0.004
813.54	0.004
813.72	0.004
813.90	0.004
814.07	0.004
814.25	0.004
814.43	0.005
814.60	0.004
814.78	0.004
814.96	0.005
815.13	0.005
815.31	0.005
815.49	0.005
815.66	0.005
815.84	0.005
816.02	0.004
816.19	0.005
816.37	0.004
816.55	0.004
816.72	0.004
816.90	0.004
817.08	0.004
817.25	0.004
817.43	0.004
817.61	0.004
817.78	0.004
817.96	0.004
818.14	0.004
818.31	0.003
818.49	0.003
818.67	0.003
818.84	0.003
819.02	0.004
819.19	0.004
819.37	0.004
819.55	0.004
819.72	0.005
819.90	0.005
820.08	0.005
820.25	0.005
820.43	0.005
820.60	0.005
820.78	0.005
820.96	0.005
821.13	0.005
821.31	0.004
821.49	0.004
821.66	0.005
821.84	0.005
822.01	0.005
822.19	0.004
822.37	0.004
822.54	0.005
822.72	0.005
822.89	0.005
823.07	0.005
823.25	0.005
823.42	0.005
823.60	0.005
823.77	0.005
823.95	0.005
824.13	0.005
824.30	0.005
824.48	0.005
824.65	0.004
824.83	0.004
825.01	0.005
825.18	0.005
825.36	0.005
825.53	0.005
825.71	0.005
825.88	0.006
826.06	0.006
826.24	0.005
826.41	0.006
826.59	0.006
826.76	0.005
826.94	0.005
827.11	0.005
827.29	0.005
827.47	0.005
827.64	0.005
827.82	0.005
827.99	0.004
828.17	0.004
828.34	0.005
828.52	0.004
828.69	0.004
828.87	0.004
829.04	0.004
829.22	0.004
829.40	0.004
829.57	0.005
829.75	0.004
829.92	0.004
830.10	0.004
830.27	0.004
830.45	0.004
830.62	0.004
830.80	0.004
830.97	0.004
831.15	0.003
831.32	0.004
831.50	0.004
831.67	0.004
831.85	0.003
832.02	0.003
832.20	0.003
832.37	0.003
832.55	0.003
832.73	0.004
832.90	0.004
833.08	0.004
833.25	0.004
833.43	0.005
833.60	0.005
833.78	0.005
833.95	0.005
834.13	0.006
834.30	0.005
834.48	0.005
834.65	0.005
834.82	0.005
835.00	0.005
835.17	0.005
835.35	0.005
835.52	0.004
835.70	0.004
835.87	0.004
836.05	0.005
836.22	0.004
836.40	0.004
836.57	0.004
836.75	0.005
836.92	0.004
837.10	0.005
837.27	0.005
837.45	0.005
837.62	0.005
837.80	0.005
837.97	0.005
838.14	0.005
838.32	0.005
838.49	0.005
838.67	0.005
838.84	0.005
839.02	0.006
839.19	0.005
839.37	0.005
839.54	0.005
839.71	0.005
839.89	0.004
840.06	0.005
840.24	0.005
840.41	0.005
840.59	0.005
840.76	0.005
840.94	0.005
841.11	0.005
841.28	0.005
841.46	0.006
841.63	0.006
841.81	0.005
841.98	0.005
842.15	0.004
842.33	0.005
842.50	0.005
842.68	0.005
842.85	0.004
843.03	0.004
843.20	0.005
843.37	0.005
843.55	0.005
843.72	0.005
843.90	0.005
844.07	0.006
844.24	0.006
844.42	0.006
844.59	0.006
844.77	0.005
844.94	0.005
845.11	0.004
845.29	0.005
845.46	0.005
845.63	0.004
845.81	0.004
845.98	0.004
846.16	0.004
846.33	0.005
846.50	0.006
846.68	0.005
846.85	0.006
847.02	0.006
847.20	0.006
847.37	0.006
847.55	0.005
847.72	0.006
847.89	0.005
848.07	0.004
848.24	0.004
848.41	0.004
848.59	0.004
848.76	0.003
848.93	0.004
849.11	0.003
849.28	0.003
849.45	0.004
849.63	0.004
849.80	0.004
849.97	0.004
850.15	0.004
850.32	0.004
850.49	0.004
850.67	0.005
850.84	0.004
851.01	0.004
851.19	0.004
851.36	0.004
851.53	0.004
851.71	0.004
851.88	0.004
852.05	0.005
852.23	0.005
852.40	0.005
852.57	0.005
852.75	0.005
852.92	0.004
853.09	0.005
853.27	0.005
853.44	0.004
853.61	0.004
853.79	0.004
853.96	0.003
854.13	0.003
854.30	0.002
854.48	0.002
854.65	0.002
854.82	0.001
855.00	0.001
855.17	0.002
855.34	0.001
855.51	0.002
855.69	0.001
855.86	0.002
856.03	0.003
856.21	0.003
856.38	0.003
856.55	0.003
856.72	0.003
856.90	0.003
857.07	0.004
857.24	0.004
857.42	0.004
857.59	0.004
857.76	0.004
857.93	0.004
858.11	0.003
858.28	0.003
858.45	0.003
858.62	0.003
858.80	0.002
858.97	0.002
859.14	0.002
859.31	0.002
859.49	0.002
859.66	0.002
859.83	0.001
860.00	0.002
860.18	0.002
860.35	0.002
860.52	0.002
860.69	0.002
860.86	0.001
861.04	0.001
861.21	0.001
861.38	0.001
861.55	0.001
861.73	0.001
861.90	0.001
862.07	0.002
862.24	0.002
862.42	0.002
862.59	0.001
862.76	0.002
862.93	0.002
863.10	0.002
863.28	0.001
863.45	0.001
863.62	0.001
863.79	0.001
863.96	0.001
864.14	0.001
864.31	0.000
864.48	0.001
864.65	0.000
864.82	0.000
865.00	0.001
865.17	0.000
865.34	-0.000
865.51	0.001
865.68	0.001
865.86	0.001
866.03	0.000
866.20	0.001
866.37	0.001
866.54	0.001
866.71	0.001
866.89	0.001
867.06	0.000
867.23	0.000
867.40	0.000
867.57	0.000
867.74	0.000
867.92	-0.000
868.09	0.000
868.26	-0.000
868.43	-0.001
868.60	-0.001
868.77	-0.001
868.95	-0.001
869.12	-0.002
869.29	-0.001
869.46	-0.001
869.63	-0.001
869.80	-0.002
869.97	-0.002
870.15	-0.001
870.32	-0.002
870.49	-0.001
870.66	-0.002
870.83	-0.002
871.00	-0.002
871.17	-0.001
871.34	-0.001
871.52	-0.002
871.69	-0.002
871.86	-0.002
872.03	-0.002
872.20	-0.002
872.37	-0.002
872.54	-0.003
872.71	-0.004
872.89	-0.003
873.06	-0.002
873.23	-0.002
873.40	-0.002
873.57	-0.002
873.74	-0.002
873.91	-0.003
874.08	-0.003
874.25	-0.002
874.42	-0.003
874.60	-0.004
874.77	-0.004
874.94	-0.005
875.11	-0.004
875.28	-0.005
875.45	-0.004
875.62	-0.004
875.79	-0.004
875.96	-0.004
876.13	-0.005
876.30	-0.004
876.47	-0.004
876.65	-0.004
876.82	-0.003
876.99	-0.003
877.16	-0.003
877.33	-0.003
877.50	-0.003
877.67	-0.003
877.84	-0.004
878.01	-0.003
878.18	-0.004
878.35	-0.004
878.52	-0.004
878.69	-0.004
878.86	-0.005
879.03	-0.005
879.20	-0.005
879.38	-0.006
879.55	-0.006
879.72	-0.006
879.89	-0.005
880.06	-0.005
880.23	-0.006
880.40	-0.006
880.57	-0.006
880.74	-0.005
880.91	-0.006
881.08	-0.006
881.25	-0.007
881.42	-0.007
881.59	-0.007
881.76	-0.008
881.93	-0.007
882.10	-0.007
882.27	-0.006
882.44	-0.006
882.61	-0.005
882.78	-0.004
882.95	-0.004
883.12	-0.004
883.29	-0.003
883.46	-0.003
883.63	-0.003
883.80	-0.005
883.97	-0.005
884.14	-0.005
884.31	-0.006
884.48	-0.007
884.65	-0.007
884.82	-0.008
884.99	-0.008
885.16	-0.008
885.33	-0.008
885.50	-0.006
885.67	-0.007
885.84	-0.006
886.01	-0.006
886.18	-0.007
886.35	-0.007
886.52	-0.006
886.69	-0.007
886.86	-0.007
887.03	-0.007
887.20	-0.007
887.37	-0.006
887.54	-0.007
887.71	-0.005
887.88	-0.006
888.05	-0.005
888.22	-0.004
888.39	-0.003
888.55	-0.004
888.72	-0.003
888.89	-0.005
889.06	-0.005
889.23	-0.006
889.40	-0.006
889.57	-0.008
889.74	-0.008
889.91	-0.008
890.08	-0.008
890.25	-0.009
890.42	-0.009
890.59	-0.008
890.76	-0.008
890.93	-0.007
891.10	-0.006
891.26	-0.007
891.43	-0.009
891.60	-0.008
891.77	-0.008
891.94	-0.008
892.11	-0.007
892.28	-0.008
892.45	-0.008
892.62	-0.010
892.79	-0.009
892.96	-0.009
893.13	-0.008
893.29	-0.009
893.46	-0.009
893.63	-0.010
893.80	-0.009
893.97	-0.010
894.14	-0.009
894.31	-0.009
894.48	-0.012
894.65	-0.009
894.81	-0.003
894.98	-0.006
