177.34	-0.000
177.56	-0.000
177.78	-0.000
178.00	0.065
178.22	0.235
178.44	0.053
178.66	0.038
178.89	-0.003
179.11	-0.067
179.33	0.123
179.55	0.129
179.77	0.168
179.99	0.127
180.21	0.153
180.43	0.354
180.65	0.203
180.87	0.176
181.09	0.191
181.31	0.198
181.53	0.197
181.75	0.205
181.97	0.219
182.19	0.238
182.41	0.216
182.63	0.233
182.85	0.233
183.07	0.255
183.30	0.268
183.52	0.307
183.74	0.249
183.96	0.240
184.18	0.243
184.40	0.249
184.62	0.244
184.84	0.246
185.06	0.261
185.28	0.274
185.50	0.278
185.72	0.341
185.94	0.351
186.16	0.349
186.38	0.375
186.60	0.416
186.82	0.507
187.04	0.525
187.26	0.549
187.48	0.558
187.70	0.576
187.92	0.600
188.14	0.647
188.36	0.662
188.58	0.691
188.80	0.658
189.02	0.697
189.24	0.704
189.46	0.733
189.68	0.788
189.90	0.816
190.12	0.847
190.34	0.874
190.56	0.899
190.78	0.936
191.00	0.946
191.22	0.979
191.44	1.028
191.66	1.010
191.88	1.061
192.10	1.047
192.32	1.089
192.54	1.085
192.76	1.101
192.98	1.113
193.20	1.108
193.42	1.093
193.64	1.111
193.86	1.105
194.08	1.127
194.30	1.118
194.52	1.142
194.74	1.150
194.96	1.148
195.18	1.184
195.40	1.207
195.62	1.225
195.84	1.232
196.06	1.251
196.28	1.252
196.50	1.251
196.72	1.251
196.94	1.257
197.16	1.245
197.38	1.228
197.60	1.218
197.82	1.256
198.04	1.268
198.26	1.284
198.48	1.271
198.70	1.279
198.92	1.302
199.13	1.313
199.35	1.357
199.57	1.344
199.79	1.312
200.01	1.303
200.23	1.315
200.45	1.341
200.67	1.353
200.89	1.365
201.11	1.364
201.33	1.350
201.55	1.376
201.77	1.387
201.99	1.411
202.21	1.429
202.43	1.440
202.65	1.447
202.87	1.421
203.09	1.424
203.31	1.419
203.52	1.411
203.74	1.402
203.96	1.408
204.18	1.398
204.40	1.403
204.62	1.407
204.84	1.432
205.06	1.447
205.28	1.459
205.50	1.505
205.72	1.529
205.94	1.513
206.16	1.547
206.38	1.567
206.59	1.587
206.81	1.584
207.03	1.584
207.25	1.599
207.47	1.579
207.69	1.586
207.91	1.619
208.13	1.593
208.35	1.602
208.57	1.573
208.79	1.574
209.01	1.595
209.22	1.601
209.44	1.617
209.66	1.588
209.88	1.571
210.10	1.578
210.32	1.570
210.54	1.593
210.76	1.612
210.98	1.619
211.20	1.621
211.42	1.607
211.63	1.626
211.85	1.640
212.07	1.643
212.29	1.647
212.51	1.641
212.73	1.644
212.95	1.629
213.17	1.629
213.39	1.641
213.60	1.659
213.82	1.665
214.04	1.679
214.26	1.679
214.48	1.696
214.70	1.689
214.92	1.689
215.14	1.687
215.35	1.678
215.57	1.670
215.79	1.664
216.01	1.652
216.23	1.649
216.45	1.644
216.67	1.640
216.89	1.639
217.10	1.637
217.32	1.646
217.54	1.644
217.76	1.638
217.98	1.640
218.20	1.629
218.42	1.622
218.64	1.617
218.85	1.619
219.07	1.596
219.29	1.579
219.51	1.566
219.73	1.553
219.95	1.526
220.17	1.511
220.38	1.493
220.60	1.474
220.82	1.447
221.04	1.434
221.26	1.414
221.48	1.396
221.69	1.376
221.91	1.364
222.13	1.346
222.35	1.329
222.57	1.310
222.79	1.292
223.00	1.274
223.22	1.253
223.44	1.231
223.66	1.214
223.88	1.195
224.10	1.175
224.32	1.152
224.53	1.134
224.75	1.115
224.97	1.094
225.19	1.077
225.41	1.061
225.62	1.043
225.84	1.023
226.06	1.004
226.28	0.986
226.50	0.966
226.72	0.947
226.93	0.931
227.15	0.912
227.37	0.894
227.59	0.875
227.81	0.858
228.02	0.843
228.24	0.827
228.46	0.810
228.68	0.794
228.90	0.778
229.12	0.763
229.33	0.746
229.55	0.731
229.77	0.716
229.99	0.701
230.21	0.686
230.42	0.673
230.64	0.660
230.86	0.647
231.08	0.634
231.30	0.622
231.51	0.609
231.73	0.596
231.95	0.584
232.17	0.572
232.38	0.560
232.60	0.548
232.82	0.536
233.04	0.525
233.26	0.514
233.47	0.503
233.69	0.493
233.91	0.483
234.13	0.473
234.35	0.464
234.56	0.454
234.78	0.444
235.00	0.434
235.22	0.424
235.43	0.415
235.65	0.407
235.87	0.398
236.09	0.389
236.30	0.382
236.52	0.374
236.74	0.366
236.96	0.359
237.18	0.353
237.39	0.346
237.61	0.338
237.83	0.332
238.05	0.325
238.26	0.317
238.48	0.311
238.70	0.304
238.92	0.299
239.13	0.292
239.35	0.285
239.57	0.279
239.79	0.273
240.00	0.268
240.22	0.262
240.44	0.257
240.66	0.251
240.87	0.246
241.09	0.241
241.31	0.237
241.53	0.233
241.74	0.228
241.96	0.224
242.18	0.220
242.40	0.216
242.61	0.213
242.83	0.209
243.05	0.205
243.27	0.201
243.48	0.197
243.70	0.194
243.92	0.191
244.13	0.188
244.35	0.185
244.57	0.182
244.79	0.179
245.00	0.176
245.22	0.173
245.44	0.171
245.65	0.169
245.87	0.167
246.09	0.164
246.31	0.162
246.52	0.160
246.74	0.158
246.96	0.156
247.18	0.154
247.39	0.152
247.61	0.150
247.83	0.149
248.04	0.147
248.26	0.146
248.48	0.145
248.69	0.143
248.91	0.142
249.13	0.141
249.35	0.140
249.56	0.138
249.78	0.137
250.00	0.135
250.21	0.134
250.43	0.132
250.65	0.132
250.86	0.130
251.08	0.129
251.30	0.128
251.51	0.127
251.73	0.126
251.95	0.125
252.17	0.125
252.38	0.124
252.60	0.122
252.82	0.121
253.03	0.121
253.25	0.120
253.47	0.119
253.68	0.119
253.90	0.118
254.12	0.117
254.33	0.117
254.55	0.116
254.77	0.116
254.98	0.115
255.20	0.114
255.42	0.114
255.63	0.113
255.85	0.113
256.07	0.113
256.28	0.112
256.50	0.111
256.72	0.111
256.93	0.110
257.15	0.110
257.37	0.110
257.58	0.109
257.80	0.109
258.02	0.109
258.23	0.109
258.45	0.109
258.67	0.108
258.88	0.108
259.10	0.108
259.32	0.107
259.53	0.107
259.75	0.107
259.96	0.107
260.18	0.107
260.40	0.106
260.61	0.106
260.83	0.106
261.05	0.106
261.26	0.106
261.48	0.106
261.70	0.105
261.91	0.105
262.13	0.105
262.34	0.105
262.56	0.105
262.78	0.105
262.99	0.105
263.21	0.104
263.43	0.104
263.64	0.104
263.86	0.104
264.07	0.104
264.29	0.104
264.51	0.104
264.72	0.103
264.94	0.103
265.16	0.102
265.37	0.102
265.59	0.103
265.80	0.103
266.02	0.104
266.24	0.103
266.45	0.103
266.67	0.103
266.88	0.103
267.10	0.103
267.32	0.103
267.53	0.102
267.75	0.102
267.96	0.101
268.18	0.101
268.40	0.102
268.61	0.102
268.83	0.102
269.04	0.102
269.26	0.102
269.48	0.103
269.69	0.102
269.91	0.102
270.12	0.102
270.34	0.102
270.56	0.102
270.77	0.102
270.99	0.101
271.20	0.101
271.42	0.100
271.64	0.100
271.85	0.100
272.07	0.100
272.28	0.099
272.50	0.099
272.71	0.099
272.93	0.099
273.15	0.099
273.36	0.098
273.58	0.098
273.79	0.098
274.01	0.098
274.22	0.098
274.44	0.098
274.66	0.097
274.87	0.098
275.09	0.098
275.30	0.098
275.52	0.098
275.73	0.097
275.95	0.097
276.16	0.096
276.38	0.096
276.60	0.096
276.81	0.095
277.03	0.095
277.24	0.094
277.46	0.094
277.67	0.094
277.89	0.093
278.10	0.094
278.32	0.093
278.53	0.093
278.75	0.092
278.97	0.092
279.18	0.092
279.40	0.091
279.61	0.091
279.83	0.091
280.04	0.091
280.26	0.091
280.47	0.090
280.69	0.089
280.90	0.088
281.12	0.087
281.33	0.087
281.55	0.086
281.76	0.086
281.98	0.086
282.20	0.085
282.41	0.085
282.63	0.086
282.84	0.086
283.06	0.086
283.27	0.085
283.49	0.085
283.70	0.085
283.92	0.085
284.13	0.084
284.35	0.084
284.56	0.083
284.78	0.082
284.99	0.082
285.21	0.082
285.42	0.081
285.64	0.081
285.85	0.080
286.07	0.080
286.28	0.079
286.50	0.079
286.71	0.079
286.93	0.079
287.14	0.079
287.36	0.078
287.57	0.078
287.79	0.078
288.00	0.078
288.22	0.078
288.43	0.079
288.65	0.079
288.86	0.078
289.08	0.078
289.29	0.078
289.51	0.077
289.72	0.077
289.94	0.077
290.15	0.076
290.37	0.076
290.58	0.075
290.80	0.075
291.01	0.075
291.22	0.075
291.44	0.075
291.65	0.075
291.87	0.075
292.08	0.075
292.30	0.075
292.51	0.075
292.73	0.075
292.94	0.075
293.16	0.074
293.37	0.074
293.59	0.074
293.80	0.074
294.02	0.073
294.23	0.073
294.44	0.073
294.66	0.073
294.87	0.073
295.09	0.073
295.30	0.073
295.52	0.073
295.73	0.073
295.95	0.073
296.16	0.073
296.37	0.073
296.59	0.073
296.80	0.073
297.02	0.072
297.23	0.072
297.45	0.072
297.66	0.072
297.88	0.072
298.09	0.071
298.30	0.071
298.52	0.071
298.73	0.071
298.95	0.070
299.16	0.070
299.38	0.070
299.59	0.070
299.80	0.070
300.02	0.070
300.23	0.070
300.45	0.070
300.66	0.070
300.88	0.070
301.09	0.070
301.30	0.069
301.52	0.069
301.73	0.069
301.95	0.069
302.16	0.069
302.37	0.069
302.59	0.068
302.80	0.068
303.02	0.068
303.23	0.068
303.45	0.069
303.66	0.069
303.87	0.068
304.09	0.068
304.30	0.068
304.52	0.068
304.73	0.068
304.94	0.068
305.16	0.067
305.37	0.067
305.59	0.067
305.80	0.067
306.01	0.067
306.23	0.067
306.44	0.067
306.65	0.067
306.87	0.067
307.08	0.067
307.30	0.067
307.51	0.066
307.72	0.066
307.94	0.065
308.15	0.065
308.37	0.065
308.58	0.065
308.79	0.064
309.01	0.064
309.22	0.064
309.43	0.064
309.65	0.064
309.86	0.064
310.07	0.064
310.29	0.064
310.50	0.064
310.72	0.064
310.93	0.064
311.14	0.064
311.36	0.064
311.57	0.063
311.78	0.063
312.00	0.063
312.21	0.063
312.42	0.063
312.64	0.063
312.85	0.063
313.07	0.063
313.28	0.063
313.49	0.063
313.71	0.063
313.92	0.063
314.13	0.063
314.35	0.063
314.56	0.062
314.77	0.062
314.99	0.062
315.20	0.062
315.41	0.062
315.63	0.062
315.84	0.062
316.05	0.062
316.27	0.062
316.48	0.062
316.69	0.062
316.91	0.062
317.12	0.062
317.33	0.062
317.55	0.062
317.76	0.062
317.97	0.062
318.19	0.062
318.40	0.061
318.61	0.061
318.83	0.061
319.04	0.061
319.25	0.062
319.47	0.062
319.68	0.062
319.89	0.062
320.10	0.062
320.32	0.062
320.53	0.062
320.74	0.062
320.96	0.062
321.17	0.062
321.38	0.061
321.60	0.061
321.81	0.061
322.02	0.061
322.24	0.061
322.45	0.061
322.66	0.061
322.87	0.061
323.09	0.061
323.30	0.061
323.51	0.061
323.73	0.061
323.94	0.062
324.15	0.062
324.36	0.062
324.58	0.061
324.79	0.061
325.00	0.061
325.22	0.061
325.43	0.061
325.64	0.060
325.85	0.060
326.07	0.060
326.28	0.060
326.49	0.060
326.71	0.060
326.92	0.060
327.13	0.059
327.34	0.059
327.56	0.060
327.77	0.060
327.98	0.060
328.19	0.060
328.41	0.060
328.62	0.060
328.83	0.060
329.04	0.060
329.26	0.061
329.47	0.061
329.68	0.061
329.90	0.061
330.11	0.061
330.32	0.061
330.53	0.061
330.75	0.061
330.96	0.061
331.17	0.060
331.38	0.060
331.60	0.060
331.81	0.060
332.02	0.060
332.23	0.060
332.44	0.060
332.66	0.060
332.87	0.060
333.08	0.060
333.29	0.060
333.51	0.061
333.72	0.061
333.93	0.061
334.14	0.061
334.36	0.061
334.57	0.061
334.78	0.061
334.99	0.061
335.21	0.061
335.42	0.060
335.63	0.060
335.84	0.059
336.05	0.059
336.27	0.059
336.48	0.059
336.69	0.059
336.90	0.059
337.11	0.058
337.33	0.058
337.54	0.058
337.75	0.059
337.96	0.059
338.18	0.059
338.39	0.058
338.60	0.058
338.81	0.059
339.02	0.059
339.24	0.059
339.45	0.059
339.66	0.058
339.87	0.058
340.08	0.058
340.30	0.058
340.51	0.058
340.72	0.057
340.93	0.057
341.14	0.056
341.36	0.056
341.57	0.056
341.78	0.056
341.99	0.056
342.20	0.056
342.41	0.056
342.63	0.056
342.84	0.057
343.05	0.056
343.26	0.056
343.47	0.056
343.69	0.057
343.90	0.057
344.11	0.056
344.32	0.056
344.53	0.057
344.74	0.057
344.96	0.057
345.17	0.057
345.38	0.056
345.59	0.056
345.80	0.056
346.01	0.056
346.23	0.056
346.44	0.056
346.65	0.055
346.86	0.055
347.07	0.055
347.28	0.055
347.50	0.055
347.71	0.055
347.92	0.055
348.13	0.055
348.34	0.055
348.55	0.055
348.76	0.056
348.98	0.056
349.19	0.056
349.40	0.056
349.61	0.055
349.82	0.055
350.03	0.055
350.24	0.054
350.46	0.054
350.67	0.053
350.88	0.053
351.09	0.053
351.30	0.053
351.51	0.053
351.72	0.053
351.93	0.054
352.15	0.054
352.36	0.055
352.57	0.055
352.78	0.055
352.99	0.055
353.20	0.055
353.41	0.054
353.62	0.054
353.84	0.054
354.05	0.053
354.26	0.052
354.47	0.052
354.68	0.052
354.89	0.052
355.10	0.051
355.31	0.051
355.52	0.051
355.74	0.051
355.95	0.050
356.16	0.050
356.37	0.050
356.58	0.050
356.79	0.050
357.00	0.050
357.21	0.050
357.42	0.050
357.63	0.050
357.85	0.050
358.06	0.049
358.27	0.049
358.48	0.049
358.69	0.049
358.90	0.048
359.11	0.049
359.32	0.049
359.53	0.048
359.74	0.048
359.95	0.048
360.17	0.049
360.38	0.049
360.59	0.048
360.80	0.048
361.01	0.048
361.22	0.048
361.43	0.048
361.64	0.048
361.85	0.048
362.06	0.048
362.27	0.048
362.48	0.048
362.69	0.048
362.90	0.047
363.12	0.047
363.33	0.046
363.54	0.047
363.75	0.047
363.96	0.047
364.17	0.047
364.38	0.046
364.59	0.046
364.80	0.045
365.01	0.045
365.22	0.045
365.43	0.045
365.64	0.045
365.85	0.045
366.06	0.045
366.27	0.045
366.48	0.045
366.69	0.045
366.90	0.045
367.11	0.045
367.32	0.045
367.54	0.045
367.75	0.044
367.96	0.044
368.17	0.044
368.38	0.044
368.59	0.044
368.80	0.044
369.01	0.044
369.22	0.044
369.43	0.044
369.64	0.044
369.85	0.045
370.06	0.044
370.27	0.045
370.48	0.045
370.69	0.045
370.90	0.044
371.11	0.044
371.32	0.044
371.53	0.044
371.74	0.044
371.95	0.044
372.16	0.043
372.37	0.043
372.58	0.044
372.79	0.044
373.00	0.044
373.21	0.044
373.42	0.044
373.63	0.044
373.84	0.044
374.05	0.044
374.26	0.044
374.47	0.043
374.68	0.043
374.89	0.042
375.10	0.042
375.31	0.042
375.52	0.042
375.73	0.042
375.94	0.042
376.15	0.042
376.36	0.042
376.57	0.041
376.78	0.041
376.99	0.041
377.20	0.041
377.41	0.041
377.62	0.041
377.83	0.041
378.04	0.041
378.25	0.041
378.46	0.041
378.67	0.041
378.88	0.040
379.09	0.040
379.30	0.040
379.51	0.040
379.72	0.040
379.92	0.039
380.13	0.040
380.34	0.040
380.55	0.040
380.76	0.040
380.97	0.040
381.18	0.041
381.39	0.041
381.60	0.041
381.81	0.041
382.02	0.041
382.23	0.040
382.44	0.040
382.65	0.041
382.86	0.040
383.07	0.040
383.28	0.041
383.49	0.040
383.70	0.040
383.91	0.040
384.11	0.040
384.32	0.040
384.53	0.040
384.74	0.040
384.95	0.040
385.16	0.039
385.37	0.039
385.58	0.039
385.79	0.039
386.00	0.040
386.21	0.040
386.42	0.040
386.63	0.040
386.84	0.040
387.04	0.040
387.25	0.040
387.46	0.039
387.67	0.039
387.88	0.039
388.09	0.039
388.30	0.039
388.51	0.039
388.72	0.039
388.93	0.039
389.14	0.039
389.34	0.039
389.55	0.039
389.76	0.039
389.97	0.039
390.18	0.038
390.39	0.039
390.60	0.039
390.81	0.039
391.02	0.038
391.23	0.039
391.43	0.039
391.64	0.038
391.85	0.038
392.06	0.039
392.27	0.038
392.48	0.038
392.69	0.038
392.90	0.038
393.11	0.038
393.31	0.038
393.52	0.038
393.73	0.038
393.94	0.038
394.15	0.038
394.36	0.038
394.57	0.038
394.78	0.038
394.98	0.037
395.19	0.037
395.40	0.037
395.61	0.037
395.82	0.037
396.03	0.037
396.24	0.037
396.44	0.037
396.65	0.037
396.86	0.037
397.07	0.037
397.28	0.037
397.49	0.037
397.70	0.037
397.90	0.037
398.11	0.037
398.32	0.037
398.53	0.036
398.74	0.036
398.95	0.036
399.16	0.036
399.36	0.036
399.57	0.036
399.78	0.035
399.99	0.035
400.20	0.035
400.41	0.035
400.61	0.035
400.82	0.035
401.03	0.036
401.24	0.036
401.45	0.036
401.66	0.036
401.86	0.036
402.07	0.035
402.28	0.036
402.49	0.036
402.70	0.036
402.91	0.036
403.11	0.036
403.32	0.036
403.53	0.036
403.74	0.036
403.95	0.037
404.15	0.037
404.36	0.037
404.57	0.037
404.78	0.037
404.99	0.038
405.20	0.037
405.40	0.037
405.61	0.038
405.82	0.037
406.03	0.037
406.24	0.036
406.44	0.036
406.65	0.036
406.86	0.035
407.07	0.035
407.28	0.035
407.48	0.035
407.69	0.035
407.90	0.035
408.11	0.035
408.32	0.035
408.52	0.035
408.73	0.035
408.94	0.036
409.15	0.036
409.35	0.036
409.56	0.036
409.77	0.037
409.98	0.037
410.19	0.037
410.39	0.037
410.60	0.037
410.81	0.037
411.02	0.037
411.22	0.038
411.43	0.038
411.64	0.038
411.85	0.038
412.05	0.038
412.26	0.037
412.47	0.037
412.68	0.037
412.89	0.036
413.09	0.036
413.30	0.036
413.51	0.035
413.72	0.035
413.92	0.035
414.13	0.035
414.34	0.035
414.55	0.034
414.75	0.034
414.96	0.035
415.17	0.035
415.38	0.035
415.58	0.035
415.79	0.035
416.00	0.035
416.21	0.035
416.41	0.036
416.62	0.036
416.83	0.035
417.03	0.035
417.24	0.035
417.45	0.035
417.66	0.035
417.86	0.035
418.07	0.035
418.28	0.035
418.49	0.035
418.69	0.035
418.90	0.035
419.11	0.035
419.31	0.035
419.52	0.035
419.73	0.036
419.94	0.036
420.14	0.036
420.35	0.036
420.56	0.036
420.76	0.036
420.97	0.036
421.18	0.035
421.39	0.034
421.59	0.034
421.80	0.033
422.01	0.033
422.21	0.033
422.42	0.034
422.63	0.033
422.84	0.033
423.04	0.034
423.25	0.035
423.46	0.035
423.66	0.035
423.87	0.035
424.08	0.035
424.28	0.035
424.49	0.035
424.70	0.035
424.90	0.036
425.11	0.035
425.32	0.035
425.52	0.035
425.73	0.036
425.94	0.035
426.15	0.036
426.35	0.036
426.56	0.036
426.77	0.036
426.97	0.036
427.18	0.036
427.39	0.036
427.59	0.036
427.80	0.036
428.01	0.036
428.21	0.035
428.42	0.036
428.63	0.036
428.83	0.036
429.04	0.036
429.25	0.036
429.45	0.035
429.66	0.035
429.87	0.035
430.07	0.035
430.28	0.034
430.48	0.034
430.69	0.033
430.90	0.032
431.10	0.032
431.31	0.033
431.52	0.033
431.72	0.033
431.93	0.033
432.14	0.034
432.34	0.034
432.55	0.034
432.76	0.035
432.96	0.035
433.17	0.035
433.37	0.035
433.58	0.036
433.79	0.036
433.99	0.036
434.20	0.037
434.41	0.037
434.61	0.037
434.82	0.036
435.02	0.036
435.23	0.037
435.44	0.036
435.64	0.036
435.85	0.036
436.06	0.035
436.26	0.036
436.47	0.036
436.67	0.037
436.88	0.036
437.09	0.036
437.29	0.036
437.50	0.035
437.70	0.036
437.91	0.035
438.12	0.035
438.32	0.035
438.53	0.035
438.73	0.034
438.94	0.034
439.15	0.034
439.35	0.035
439.56	0.035
439.76	0.035
439.97	0.035
440.18	0.035
440.38	0.035
440.59	0.036
440.79	0.036
441.00	0.035
441.20	0.035
441.41	0.036
441.62	0.036
441.82	0.035
442.03	0.035
442.23	0.036
442.44	0.035
442.65	0.035
442.85	0.035
443.06	0.035
443.26	0.035
443.47	0.034
443.67	0.035
443.88	0.034
444.09	0.034
444.29	0.034
444.50	0.034
444.70	0.034
444.91	0.034
445.11	0.035
445.32	0.035
445.52	0.035
445.73	0.035
445.94	0.035
446.14	0.035
446.35	0.036
446.55	0.036
446.76	0.036
446.96	0.036
447.17	0.036
447.37	0.036
447.58	0.036
447.78	0.036
447.99	0.035
448.20	0.035
448.40	0.035
448.61	0.035
448.81	0.035
449.02	0.036
449.22	0.036
449.43	0.036
449.63	0.036
449.84	0.037
450.04	0.036
450.25	0.036
450.45	0.035
450.66	0.035
450.86	0.034
451.07	0.035
451.27	0.034
451.48	0.034
451.68	0.034
451.89	0.034
452.09	0.034
452.30	0.035
452.50	0.034
452.71	0.034
452.91	0.033
453.12	0.034
453.33	0.034
453.53	0.034
453.74	0.034
453.94	0.034
454.15	0.034
454.35	0.034
454.56	0.034
454.76	0.035
454.96	0.035
455.17	0.035
455.37	0.035
455.58	0.035
455.78	0.035
455.99	0.036
456.19	0.035
456.40	0.035
456.60	0.035
456.81	0.034
457.01	0.034
457.22	0.034
457.42	0.034
457.63	0.034
457.83	0.033
458.04	0.033
458.24	0.033
458.45	0.033
458.65	0.033
458.86	0.033
459.06	0.034
459.27	0.034
459.47	0.034
459.67	0.035
459.88	0.035
460.08	0.034
460.29	0.034
460.49	0.034
460.70	0.034
460.90	0.035
461.11	0.034
461.31	0.034
461.52	0.034
461.72	0.034
461.92	0.034
462.13	0.034
462.33	0.034
462.54	0.034
462.74	0.034
462.95	0.034
463.15	0.034
463.36	0.034
463.56	0.035
463.76	0.035
463.97	0.036
464.17	0.036
464.38	0.036
464.58	0.036
464.79	0.036
464.99	0.036
465.19	0.036
465.40	0.035
465.60	0.035
465.81	0.035
466.01	0.035
466.22	0.034
466.42	0.035
466.62	0.035
466.83	0.035
467.03	0.035
467.24	0.035
467.44	0.035
467.65	0.034
467.85	0.034
468.05	0.035
468.26	0.034
468.46	0.034
468.67	0.034
468.87	0.033
469.07	0.033
469.28	0.034
469.48	0.034
469.69	0.034
469.89	0.033
470.09	0.033
470.30	0.033
470.50	0.034
470.71	0.034
470.91	0.034
471.11	0.034
471.32	0.034
471.52	0.034
471.72	0.035
471.93	0.035
472.13	0.035
472.34	0.035
472.54	0.036
472.74	0.035
472.95	0.036
473.15	0.036
473.35	0.036
473.56	0.035
473.76	0.035
473.97	0.035
474.17	0.034
474.37	0.034
474.58	0.034
474.78	0.034
474.98	0.034
475.19	0.034
475.39	0.034
475.60	0.034
475.80	0.034
476.00	0.034
476.21	0.034
476.41	0.034
476.61	0.034
476.82	0.034
477.02	0.034
477.22	0.034
477.43	0.035
477.63	0.035
477.83	0.035
478.04	0.035
478.24	0.034
478.44	0.034
478.65	0.034
478.85	0.034
479.05	0.035
479.26	0.034
479.46	0.035
479.66	0.034
479.87	0.034
480.07	0.035
480.27	0.034
480.48	0.034
480.68	0.034
480.88	0.033
481.09	0.033
481.29	0.033
481.49	0.033
481.70	0.033
481.90	0.033
482.10	0.033
482.31	0.033
482.51	0.033
482.71	0.033
482.92	0.034
483.12	0.034
483.32	0.033
483.52	0.033
483.73	0.033
483.93	0.033
484.13	0.034
484.34	0.035
484.54	0.035
484.74	0.034
484.95	0.033
485.15	0.034
485.35	0.034
485.55	0.034
485.76	0.034
485.96	0.033
486.16	0.034
486.37	0.034
486.57	0.034
486.77	0.035
486.97	0.035
487.18	0.034
487.38	0.034
487.58	0.034
487.79	0.034
487.99	0.034
488.19	0.034
488.39	0.034
488.60	0.034
488.80	0.034
489.00	0.034
489.20	0.034
489.41	0.035
489.61	0.035
489.81	0.035
490.02	0.035
490.22	0.034
490.42	0.034
490.62	0.033
490.83	0.033
491.03	0.033
491.23	0.032
491.43	0.032
491.64	0.031
491.84	0.031
492.04	0.032
492.24	0.032
492.45	0.032
492.65	0.032
492.85	0.033
493.05	0.033
493.26	0.033
493.46	0.033
493.66	0.033
493.86	0.033
494.07	0.033
494.27	0.032
494.47	0.032
494.67	0.032
494.87	0.032
495.08	0.032
495.28	0.032
495.48	0.031
495.68	0.032
495.89	0.032
496.09	0.032
496.29	0.031
496.49	0.032
496.69	0.032
496.90	0.032
497.10	0.032
497.30	0.033
497.50	0.033
497.71	0.033
497.91	0.034
498.11	0.034
498.31	0.034
498.51	0.034
498.72	0.034
498.92	0.033
499.12	0.033
499.32	0.034
499.52	0.034
499.73	0.034
499.93	0.033
500.13	0.034
500.33	0.034
500.53	0.033
500.74	0.033
500.94	0.033
501.14	0.033
501.34	0.032
501.54	0.032
501.74	0.032
501.95	0.032
502.15	0.032
502.35	0.032
502.55	0.033
502.75	0.033
502.96	0.033
503.16	0.033
503.36	0.033
503.56	0.033
503.76	0.032
503.96	0.032
504.17	0.032
504.37	0.032
504.57	0.032
504.77	0.032
504.97	0.032
505.17	0.032
505.38	0.032
505.58	0.032
505.78	0.032
505.98	0.032
506.18	0.033
506.38	0.033
506.58	0.033
506.79	0.033
506.99	0.033
507.19	0.032
507.39	0.032
507.59	0.033
507.79	0.032
507.99	0.032
508.20	0.032
508.40	0.032
508.60	0.032
508.80	0.032
509.00	0.032
509.20	0.032
509.40	0.032
509.61	0.032
509.81	0.032
510.01	0.032
510.21	0.032
510.41	0.032
510.61	0.032
510.81	0.033
511.01	0.032
511.22	0.033
511.42	0.033
511.62	0.032
511.82	0.032
512.02	0.032
512.22	0.032
512.42	0.031
512.62	0.031
512.82	0.031
513.03	0.031
513.23	0.030
513.43	0.031
513.63	0.031
513.83	0.031
514.03	0.031
514.23	0.031
514.43	0.031
514.63	0.032
514.83	0.032
515.04	0.032
515.24	0.032
515.44	0.032
515.64	0.032
515.84	0.032
516.04	0.032
516.24	0.031
516.44	0.032
516.64	0.032
516.84	0.032
517.04	0.032
517.24	0.032
517.45	0.032
517.65	0.032
517.85	0.032
518.05	0.033
518.25	0.033
518.45	0.033
518.65	0.033
518.85	0.033
519.05	0.033
519.25	0.033
519.45	0.032
519.65	0.032
519.85	0.032
520.05	0.031
520.25	0.031
520.46	0.031
520.66	0.030
520.86	0.030
521.06	0.030
521.26	0.030
521.46	0.030
521.66	0.031
521.86	0.031
522.06	0.031
522.26	0.031
522.46	0.031
522.66	0.031
522.86	0.031
523.06	0.031
523.26	0.031
523.46	0.031
523.66	0.031
523.86	0.031
524.06	0.032
524.26	0.032
524.46	0.032
524.66	0.032
524.86	0.032
525.06	0.032
525.26	0.032
525.46	0.032
525.66	0.032
525.87	0.032
526.07	0.031
526.27	0.031
526.47	0.031
526.67	0.031
526.87	0.032
527.07	0.032
527.27	0.031
527.47	0.031
527.67	0.031
527.87	0.031
528.07	0.032
528.27	0.032
528.47	0.031
528.67	0.031
528.87	0.031
529.07	0.031
529.27	0.032
529.47	0.032
529.67	0.031
529.87	0.031
530.07	0.031
530.27	0.031
530.47	0.031
530.67	0.032
530.87	0.032
531.06	0.031
531.26	0.031
531.46	0.031
531.66	0.031
531.86	0.031
532.06	0.031
532.26	0.030
532.46	0.030
532.66	0.030
532.86	0.030
533.06	0.031
533.26	0.031
533.46	0.031
533.66	0.031
533.86	0.031
534.06	0.031
534.26	0.031
534.46	0.031
534.66	0.031
534.86	0.031
535.06	0.031
535.26	0.031
535.46	0.031
535.66	0.031
535.86	0.032
536.06	0.032
536.26	0.032
536.45	0.032
536.65	0.032
536.85	0.032
537.05	0.032
537.25	0.032
537.45	0.032
537.65	0.032
537.85	0.032
538.05	0.032
538.25	0.032
538.45	0.032
538.65	0.032
538.85	0.031
539.05	0.031
539.25	0.031
539.44	0.030
539.64	0.030
539.84	0.031
540.04	0.030
540.24	0.031
540.44	0.031
540.64	0.031
540.84	0.031
541.04	0.030
541.24	0.030
541.44	0.031
541.64	0.031
541.83	0.030
542.03	0.030
542.23	0.031
542.43	0.031
542.63	0.031
542.83	0.031
543.03	0.031
543.23	0.031
543.43	0.031
543.63	0.031
543.82	0.031
544.02	0.030
544.22	0.031
544.42	0.031
544.62	0.031
544.82	0.032
545.02	0.031
545.22	0.032
545.42	0.032
545.61	0.032
545.81	0.032
546.01	0.031
546.21	0.031
546.41	0.031
546.61	0.030
546.81	0.030
547.01	0.030
547.20	0.030
547.40	0.029
547.60	0.029
547.80	0.030
548.00	0.030
548.20	0.030
548.40	0.030
548.59	0.030
548.79	0.031
548.99	0.031
549.19	0.031
549.39	0.031
549.59	0.031
549.79	0.030
549.98	0.030
550.18	0.030
550.38	0.030
550.58	0.029
550.78	0.030
550.98	0.030
551.17	0.030
551.37	0.030
551.57	0.030
551.77	0.031
551.97	0.030
552.17	0.031
552.36	0.031
552.56	0.031
552.76	0.031
552.96	0.030
553.16	0.030
553.36	0.030
553.55	0.030
553.75	0.029
553.95	0.029
554.15	0.029
554.35	0.029
554.55	0.029
554.74	0.030
554.94	0.030
555.14	0.030
555.34	0.030
555.54	0.030
555.73	0.030
555.93	0.030
556.13	0.029
556.33	0.029
556.53	0.029
556.72	0.029
556.92	0.030
557.12	0.029
557.32	0.029
557.52	0.029
557.71	0.029
557.91	0.030
558.11	0.029
558.31	0.030
558.51	0.030
558.70	0.029
558.90	0.029
559.10	0.030
559.30	0.030
559.49	0.030
559.69	0.030
559.89	0.030
560.09	0.030
560.29	0.030
560.48	0.030
560.68	0.030
560.88	0.030
561.08	0.030
561.27	0.030
561.47	0.029
561.67	0.029
561.87	0.029
562.06	0.030
562.26	0.030
562.46	0.030
562.66	0.030
562.86	0.030
563.05	0.030
563.25	0.030
563.45	0.030
563.65	0.030
563.84	0.030
564.04	0.030
564.24	0.030
564.44	0.030
564.63	0.030
564.83	0.029
565.03	0.029
565.22	0.029
565.42	0.030
565.62	0.029
565.82	0.029
566.01	0.029
566.21	0.029
566.41	0.029
566.61	0.030
566.80	0.030
567.00	0.030
567.20	0.030
567.40	0.029
567.59	0.030
567.79	0.030
567.99	0.030
568.18	0.030
568.38	0.030
568.58	0.030
568.78	0.029
568.97	0.030
569.17	0.030
569.37	0.030
569.56	0.030
569.76	0.030
569.96	0.030
570.16	0.030
570.35	0.030
570.55	0.030
570.75	0.030
570.94	0.030
571.14	0.030
571.34	0.030
571.53	0.030
571.73	0.029
571.93	0.029
572.12	0.029
572.32	0.029
572.52	0.029
572.72	0.029
572.91	0.029
573.11	0.029
573.31	0.029
573.50	0.029
573.70	0.029
573.90	0.030
574.09	0.030
574.29	0.030
574.49	0.029
574.68	0.029
574.88	0.030
575.08	0.030
575.27	0.029
575.47	0.029
575.67	0.029
575.86	0.029
576.06	0.030
576.26	0.031
576.45	0.031
576.65	0.030
576.85	0.030
577.04	0.031
577.24	0.031
577.44	0.030
577.63	0.030
577.83	0.030
578.02	0.029
578.22	0.029
578.42	0.029
578.61	0.029
578.81	0.029
579.01	0.028
579.20	0.028
579.40	0.029
579.60	0.029
579.79	0.029
579.99	0.029
580.19	0.030
580.38	0.029
580.58	0.029
580.77	0.029
580.97	0.029
581.17	0.029
581.36	0.029
581.56	0.029
581.75	0.029
581.95	0.029
582.15	0.029
582.34	0.029
582.54	0.030
582.74	0.030
582.93	0.030
583.13	0.030
583.32	0.031
583.52	0.031
583.72	0.031
583.91	0.031
584.11	0.031
584.30	0.031
584.50	0.030
584.70	0.030
584.89	0.030
585.09	0.030
585.28	0.029
585.48	0.030
585.68	0.030
585.87	0.029
586.07	0.029
586.26	0.030
586.46	0.030
586.66	0.029
586.85	0.030
587.05	0.030
587.24	0.029
587.44	0.029
587.63	0.030
587.83	0.030
588.03	0.030
588.22	0.030
588.42	0.030
588.61	0.030
588.81	0.030
589.00	0.030
589.20	0.030
589.40	0.029
589.59	0.029
589.79	0.028
589.98	0.029
590.18	0.028
590.37	0.028
590.57	0.029
590.76	0.029
590.96	0.029
591.16	0.029
591.35	0.029
591.55	0.030
591.74	0.029
591.94	0.029
592.13	0.029
592.33	0.029
592.52	0.029
592.72	0.029
592.91	0.029
593.11	0.029
593.30	0.029
593.50	0.028
593.70	0.029
593.89	0.029
594.09	0.029
594.28	0.029
594.48	0.030
594.67	0.029
594.87	0.029
595.06	0.029
595.26	0.029
595.45	0.029
595.65	0.029
595.84	0.029
596.04	0.028
596.23	0.029
596.43	0.029
596.62	0.029
596.82	0.029
597.01	0.029
597.21	0.029
597.40	0.030
597.60	0.029
597.79	0.029
597.99	0.029
598.18	0.029
598.38	0.029
598.57	0.029
598.77	0.029
598.96	0.028
599.16	0.028
599.35	0.028
599.55	0.028
599.74	0.028
599.94	0.028
600.13	0.028
600.33	0.028
600.52	0.028
600.72	0.028
600.91	0.028
601.11	0.028
601.30	0.028
601.50	0.028
601.69	0.028
601.89	0.028
602.08	0.028
602.27	0.028
602.47	0.028
602.66	0.028
602.86	0.028
603.05	0.028
603.25	0.029
603.44	0.029
603.64	0.029
603.83	0.028
604.03	0.028
604.22	0.029
604.41	0.028
604.61	0.028
604.80	0.028
605.00	0.027
605.19	0.027
605.39	0.028
605.58	0.028
605.78	0.028
605.97	0.028
606.16	0.028
606.36	0.028
606.55	0.028
606.75	0.028
606.94	0.028
607.14	0.027
607.33	0.028
607.52	0.027
607.72	0.027
607.91	0.027
608.11	0.027
608.30	0.028
608.50	0.028
608.69	0.029
608.88	0.029
609.08	0.029
609.27	0.029
609.47	0.029
609.66	0.029
609.85	0.029
610.05	0.028
610.24	0.028
610.44	0.028
610.63	0.028
610.83	0.028
611.02	0.028
611.21	0.028
611.41	0.028
611.60	0.028
611.80	0.028
611.99	0.028
612.18	0.028
612.38	0.028
612.57	0.028
612.76	0.027
612.96	0.027
613.15	0.028
613.35	0.028
613.54	0.028
613.73	0.028
613.93	0.028
614.12	0.028
614.32	0.028
614.51	0.028
614.70	0.028
614.90	0.028
615.09	0.028
615.28	0.028
615.48	0.028
615.67	0.028
615.86	0.027
616.06	0.028
616.25	0.028
616.45	0.028
616.64	0.028
616.83	0.027
617.03	0.028
617.22	0.027
617.41	0.028
617.61	0.027
617.80	0.027
617.99	0.027
618.19	0.027
618.38	0.027
618.57	0.027
618.77	0.027
618.96	0.027
619.15	0.027
619.35	0.027
619.54	0.027
619.73	0.027
619.93	0.027
620.12	0.028
620.31	0.028
620.51	0.028
620.70	0.028
620.89	0.028
621.09	0.027
621.28	0.027
621.47	0.027
621.67	0.027
621.86	0.027
622.05	0.026
622.25	0.027
622.44	0.027
622.63	0.027
622.83	0.026
623.02	0.026
623.21	0.026
623.41	0.026
623.60	0.026
623.79	0.027
623.98	0.026
624.18	0.026
624.37	0.026
624.56	0.026
624.76	0.026
624.95	0.026
625.14	0.027
625.33	0.026
625.53	0.027
625.72	0.027
625.91	0.026
626.11	0.026
626.30	0.026
626.49	0.026
626.68	0.027
626.88	0.027
627.07	0.027
627.26	0.027
627.46	0.027
627.65	0.028
627.84	0.027
628.03	0.028
628.23	0.028
628.42	0.028
628.61	0.027
628.80	0.027
629.00	0.026
629.19	0.026
629.38	0.026
629.58	0.026
629.77	0.026
629.96	0.026
630.15	0.025
630.35	0.026
630.54	0.026
630.73	0.026
630.92	0.026
631.12	0.026
631.31	0.026
631.50	0.026
631.69	0.026
631.89	0.026
632.08	0.026
632.27	0.026
632.46	0.026
632.65	0.026
632.85	0.026
633.04	0.026
633.23	0.026
633.42	0.027
633.62	0.027
633.81	0.027
634.00	0.026
634.19	0.026
634.39	0.026
634.58	0.026
634.77	0.026
634.96	0.026
635.15	0.026
635.35	0.026
635.54	0.026
635.73	0.026
635.92	0.026
636.11	0.027
636.31	0.027
636.50	0.027
636.69	0.027
636.88	0.027
637.07	0.027
637.27	0.027
637.46	0.026
637.65	0.026
637.84	0.025
638.03	0.026
638.23	0.025
638.42	0.026
638.61	0.026
638.80	0.026
638.99	0.026
639.19	0.026
639.38	0.026
639.57	0.027
639.76	0.027
639.95	0.027
640.14	0.026
640.34	0.026
640.53	0.027
640.72	0.026
640.91	0.026
641.10	0.026
641.30	0.026
641.49	0.025
641.68	0.025
641.87	0.026
642.06	0.026
642.25	0.026
642.44	0.026
642.64	0.026
642.83	0.026
643.02	0.026
643.21	0.026
643.40	0.026
643.59	0.026
643.79	0.026
643.98	0.026
644.17	0.026
644.36	0.026
644.55	0.026
644.74	0.025
644.93	0.026
645.13	0.026
645.32	0.026
645.51	0.026
645.70	0.026
645.89	0.026
646.08	0.026
646.27	0.025
646.46	0.026
646.66	0.025
646.85	0.025
647.04	0.026
647.23	0.026
647.42	0.026
647.61	0.026
647.80	0.026
647.99	0.026
648.19	0.026
648.38	0.026
648.57	0.026
648.76	0.026
648.95	0.025
649.14	0.026
649.33	0.026
649.52	0.026
649.71	0.026
649.91	0.026
650.10	0.026
650.29	0.026
650.48	0.026
650.67	0.026
650.86	0.026
651.05	0.026
651.24	0.026
651.43	0.026
651.62	0.026
651.81	0.026
652.01	0.025
652.20	0.025
652.39	0.025
652.58	0.025
652.77	0.025
652.96	0.025
653.15	0.024
653.34	0.025
653.53	0.025
653.72	0.025
653.91	0.026
654.10	0.026
654.29	0.026
654.48	0.027
654.68	0.027
654.87	0.027
655.06	0.026
655.25	0.026
655.44	0.026
655.63	0.026
655.82	0.026
656.01	0.026
656.20	0.026
656.39	0.026
656.58	0.026
656.77	0.026
656.96	0.027
657.15	0.027
657.34	0.027
657.53	0.027
657.72	0.027
657.91	0.027
658.10	0.027
658.29	0.026
658.48	0.026
658.68	0.026
658.87	0.025
659.06	0.025
659.25	0.025
659.44	0.024
659.63	0.025
659.82	0.025
660.01	0.025
660.20	0.025
660.39	0.025
660.58	0.025
660.77	0.025
660.96	0.025
661.15	0.025
661.34	0.025
661.53	0.025
661.72	0.025
661.91	0.025
662.10	0.025
662.29	0.025
662.48	0.025
662.67	0.025
662.86	0.026
663.05	0.026
663.24	0.026
663.43	0.026
663.62	0.025
663.81	0.025
664.00	0.025
664.19	0.026
664.38	0.026
664.57	0.026
664.76	0.025
664.95	0.026
665.14	0.025
665.33	0.026
665.52	0.025
665.71	0.026
665.90	0.025
666.09	0.026
666.28	0.026
666.46	0.025
666.65	0.025
666.84	0.025
667.03	0.025
667.22	0.025
667.41	0.025
667.60	0.025
667.79	0.025
667.98	0.025
668.17	0.025
668.36	0.025
668.55	0.026
668.74	0.026
668.93	0.026
669.12	0.026
669.31	0.026
669.50	0.026
669.69	0.026
669.88	0.026
670.07	0.026
670.26	0.026
670.44	0.026
670.63	0.026
670.82	0.026
671.01	0.025
671.20	0.025
671.39	0.026
671.58	0.025
671.77	0.025
671.96	0.025
672.15	0.026
672.34	0.026
672.53	0.025
672.72	0.025
672.91	0.026
673.09	0.026
673.28	0.026
673.47	0.025
673.66	0.025
673.85	0.025
674.04	0.024
674.23	0.025
674.42	0.025
674.61	0.025
674.80	0.025
674.98	0.025
675.17	0.025
675.36	0.025
675.55	0.025
675.74	0.026
675.93	0.026
676.12	0.026
676.31	0.026
676.50	0.026
676.69	0.026
676.87	0.026
677.06	0.026
677.25	0.025
677.44	0.025
677.63	0.025
677.82	0.025
678.01	0.025
678.20	0.024
678.38	0.024
678.57	0.024
678.76	0.024
678.95	0.024
679.14	0.024
679.33	0.025
679.52	0.024
679.71	0.025
679.89	0.025
680.08	0.025
680.27	0.025
680.46	0.025
680.65	0.025
680.84	0.025
681.02	0.025
681.21	0.025
681.40	0.025
681.59	0.025
681.78	0.025
681.97	0.025
682.16	0.025
682.34	0.025
682.53	0.025
682.72	0.025
682.91	0.025
683.10	0.025
683.29	0.025
683.47	0.025
683.66	0.025
683.85	0.025
684.04	0.025
684.23	0.025
684.42	0.025
684.60	0.026
684.79	0.026
684.98	0.026
685.17	0.025
685.36	0.025
685.54	0.025
685.73	0.025
685.92	0.025
686.11	0.024
686.30	0.024
686.49	0.024
686.67	0.025
686.86	0.025
687.05	0.025
687.24	0.025
687.43	0.025
687.61	0.025
687.80	0.025
687.99	0.025
688.18	0.025
688.36	0.025
688.55	0.024
688.74	0.025
688.93	0.024
689.12	0.025
689.30	0.025
689.49	0.024
689.68	0.024
689.87	0.024
690.06	0.024
690.24	0.025
690.43	0.025
690.62	0.025
690.81	0.025
690.99	0.025
691.18	0.025
691.37	0.026
691.56	0.025
691.74	0.026
691.93	0.025
692.12	0.025
692.31	0.025
692.50	0.025
692.68	0.025
692.87	0.025
693.06	0.025
693.25	0.025
693.43	0.025
693.62	0.025
693.81	0.025
694.00	0.025
694.18	0.025
694.37	0.025
694.56	0.025
694.74	0.025
694.93	0.025
695.12	0.025
695.31	0.025
695.49	0.025
695.68	0.025
695.87	0.025
696.06	0.025
696.24	0.025
696.43	0.025
696.62	0.026
696.80	0.025
696.99	0.025
697.18	0.025
697.37	0.025
697.55	0.025
697.74	0.024
697.93	0.024
698.12	0.024
698.30	0.024
698.49	0.024
698.68	0.024
698.86	0.024
699.05	0.024
699.24	0.024
699.42	0.024
699.61	0.024
699.80	0.025
699.99	0.025
700.17	0.025
700.36	0.024
700.55	0.025
700.73	0.025
700.92	0.025
701.11	0.024
701.29	0.025
701.48	0.024
701.67	0.024
701.85	0.024
702.04	0.024
702.23	0.024
702.41	0.024
702.60	0.024
702.79	0.024
702.97	0.024
703.16	0.025
703.35	0.025
703.53	0.025
703.72	0.026
703.91	0.026
704.09	0.025
704.28	0.025
704.47	0.025
704.65	0.025
704.84	0.025
705.03	0.024
705.21	0.025
705.40	0.024
705.59	0.024
705.77	0.024
705.96	0.024
706.15	0.024
706.33	0.024
706.52	0.024
706.71	0.024
706.89	0.024
707.08	0.024
707.26	0.024
707.45	0.025
707.64	0.025
707.82	0.025
708.01	0.025
708.20	0.026
708.38	0.026
708.57	0.026
708.75	0.026
708.94	0.026
709.13	0.026
709.31	0.025
709.50	0.025
709.69	0.024
709.87	0.024
710.06	0.024
710.24	0.024
710.43	0.024
710.62	0.024
710.80	0.024
710.99	0.024
711.17	0.024
711.36	0.025
711.55	0.025
711.73	0.025
711.92	0.026
712.10	0.025
712.29	0.025
712.48	0.025
712.66	0.025
712.85	0.025
713.03	0.025
713.22	0.025
713.40	0.025
713.59	0.025
713.78	0.025
713.96	0.025
714.15	0.025
714.33	0.025
714.52	0.025
714.71	0.025
714.89	0.025
715.08	0.025
715.26	0.026
715.45	0.025
715.63	0.025
715.82	0.025
716.00	0.025
716.19	0.025
716.38	0.025
716.56	0.025
716.75	0.025
716.93	0.024
717.12	0.025
717.30	0.025
717.49	0.025
717.67	0.026
717.86	0.026
718.05	0.026
718.23	0.026
718.42	0.026
718.60	0.026
718.79	0.025
718.97	0.025
719.16	0.025
719.34	0.025
719.53	0.025
719.71	0.024
719.90	0.025
720.08	0.025
720.27	0.025
720.45	0.025
720.64	0.024
720.83	0.025
721.01	0.025
721.20	0.025
721.38	0.025
721.57	0.024
721.75	0.024
721.94	0.025
722.12	0.024
722.31	0.024
722.49	0.024
722.68	0.024
722.86	0.024
723.05	0.024
723.23	0.024
723.42	0.024
723.60	0.024
723.79	0.024
723.97	0.024
724.16	0.024
724.34	0.024
724.53	0.024
724.71	0.024
724.90	0.024
725.08	0.024
725.27	0.024
725.45	0.024
725.64	0.024
725.82	0.023
726.00	0.023
726.19	0.023
726.37	0.024
726.56	0.023
726.74	0.024
726.93	0.024
727.11	0.024
727.30	0.024
727.48	0.025
727.67	0.025
727.85	0.024
728.04	0.024
728.22	0.025
728.40	0.024
728.59	0.024
728.77	0.024
728.96	0.024
729.14	0.024
729.33	0.024
729.51	0.025
729.70	0.025
729.88	0.025
730.07	0.025
730.25	0.025
730.43	0.025
730.62	0.025
730.80	0.025
730.99	0.025
731.17	0.025
731.36	0.025
731.54	0.025
731.72	0.025
731.91	0.025
732.09	0.025
732.28	0.024
732.46	0.025
732.65	0.024
732.83	0.025
733.01	0.024
733.20	0.024
733.38	0.024
733.57	0.024
733.75	0.024
733.93	0.024
734.12	0.024
734.30	0.024
734.49	0.023
734.67	0.024
734.85	0.024
735.04	0.024
735.22	0.024
735.41	0.024
735.59	0.024
735.77	0.024
735.96	0.024
736.14	0.025
736.33	0.025
736.51	0.025
736.69	0.025
736.88	0.025
737.06	0.025
737.25	0.026
737.43	0.026
737.61	0.026
737.80	0.026
737.98	0.026
738.16	0.026
738.35	0.025
738.53	0.025
738.71	0.025
738.90	0.024
739.08	0.024
739.27	0.024
739.45	0.024
739.63	0.024
739.82	0.024
740.00	0.024
740.18	0.025
740.37	0.025
740.55	0.025
740.73	0.024
740.92	0.024
741.10	0.024
741.28	0.024
741.47	0.024
741.65	0.024
741.83	0.023
742.02	0.023
742.20	0.023
742.38	0.023
742.57	0.023
742.75	0.023
742.93	0.024
743.12	0.023
743.30	0.023
743.48	0.023
743.67	0.023
743.85	0.023
744.03	0.024
744.22	0.024
744.40	0.023
744.58	0.023
744.77	0.023
744.95	0.024
745.13	0.024
745.32	0.024
745.50	0.024
745.68	0.024
745.87	0.024
746.05	0.024
746.23	0.025
746.41	0.025
746.60	0.025
746.78	0.025
746.96	0.025
747.15	0.025
747.33	0.025
747.51	0.025
747.70	0.025
747.88	0.025
748.06	0.025
748.24	0.025
748.43	0.025
748.61	0.024
748.79	0.025
748.97	0.024
749.16	0.024
749.34	0.024
749.52	0.024
749.71	0.024
749.89	0.025
750.07	0.025
750.25	0.025
750.44	0.025
750.62	0.025
750.80	0.025
750.98	0.025
751.17	0.025
751.35	0.025
751.53	0.025
751.71	0.025
751.90	0.025
752.08	0.024
752.26	0.024
752.44	0.024
752.63	0.024
752.81	0.025
752.99	0.025
753.17	0.024
753.36	0.024
753.54	0.024
753.72	0.024
753.90	0.024
754.09	0.024
754.27	0.025
754.45	0.025
754.63	0.025
754.82	0.025
755.00	0.025
755.18	0.025
755.36	0.025
755.54	0.025
755.73	0.025
755.91	0.025
756.09	0.025
756.27	0.025
756.45	0.025
756.64	0.025
756.82	0.025
757.00	0.024
757.18	0.025
757.37	0.024
757.55	0.024
757.73	0.024
757.91	0.023
758.09	0.023
758.27	0.023
758.46	0.024
758.64	0.024
758.82	0.024
759.00	0.024
759.18	0.024
759.37	0.024
759.55	0.024
759.73	0.025
759.91	0.024
760.09	0.025
760.28	0.024
760.46	0.024
760.64	0.024
760.82	0.024
761.00	0.024
761.18	0.023
761.37	0.024
761.55	0.023
761.73	0.023
761.91	0.023
762.09	0.023
762.27	0.023
762.46	0.023
762.64	0.023
762.82	0.024
763.00	0.023
763.18	0.023
763.36	0.023
763.54	0.023
763.73	0.024
763.91	0.023
764.09	0.023
764.27	0.024
764.45	0.024
764.63	0.024
764.81	0.024
765.00	0.024
765.18	0.024
765.36	0.023
765.54	0.023
765.72	0.023
765.90	0.023
766.08	0.023
766.27	0.022
766.45	0.022
766.63	0.022
766.81	0.022
766.99	0.022
767.17	0.022
767.35	0.022
767.53	0.022
767.71	0.023
767.90	0.023
768.08	0.023
768.26	0.023
768.44	0.023
768.62	0.023
768.80	0.023
768.98	0.023
769.16	0.023
769.34	0.023
769.52	0.023
769.71	0.023
769.89	0.023
770.07	0.023
770.25	0.024
770.43	0.024
770.61	0.023
770.79	0.023
770.97	0.023
771.15	0.024
771.33	0.023
771.51	0.023
771.69	0.023
771.88	0.023
772.06	0.023
772.24	0.023
772.42	0.023
772.60	0.023
772.78	0.023
772.96	0.024
773.14	0.024
773.32	0.024
773.50	0.024
773.68	0.024
773.86	0.023
774.04	0.023
774.22	0.023
774.40	0.022
774.58	0.022
774.77	0.022
774.95	0.022
775.13	0.021
775.31	0.021
775.49	0.022
775.67	0.022
775.85	0.022
776.03	0.022
776.21	0.023
776.39	0.023
776.57	0.023
776.75	0.024
776.93	0.024
777.11	0.024
777.29	0.024
777.47	0.024
777.65	0.024
777.83	0.024
778.01	0.023
778.19	0.024
778.37	0.024
778.55	0.024
778.73	0.024
778.91	0.024
779.09	0.024
779.27	0.023
779.45	0.024
779.63	0.024
779.81	0.023
779.99	0.024
780.17	0.024
780.35	0.024
780.53	0.024
780.71	0.024
780.89	0.023
781.07	0.023
781.25	0.023
781.43	0.023
781.61	0.023
781.79	0.023
781.97	0.023
782.15	0.023
782.33	0.023
782.51	0.023
782.69	0.023
782.87	0.023
783.05	0.023
783.23	0.023
783.41	0.023
783.59	0.023
783.77	0.023
783.95	0.023
784.13	0.023
784.31	0.023
784.49	0.023
784.67	0.023
784.85	0.023
785.03	0.023
785.21	0.024
785.38	0.024
785.56	0.024
785.74	0.023
785.92	0.023
786.10	0.024
786.28	0.023
786.46	0.023
786.64	0.023
786.82	0.023
787.00	0.024
787.18	0.024
787.36	0.024
787.54	0.024
787.72	0.024
787.90	0.025
788.08	0.024
788.25	0.024
788.43	0.025
788.61	0.024
788.79	0.024
788.97	0.024
789.15	0.025
789.33	0.024
789.51	0.024
789.69	0.024
789.87	0.024
790.05	0.024
790.23	0.024
790.40	0.024
790.58	0.024
790.76	0.024
790.94	0.024
791.12	0.023
791.30	0.022
791.48	0.023
791.66	0.023
791.84	0.023
792.02	0.024
792.19	0.024
792.37	0.023
792.55	0.023
792.73	0.024
792.91	0.024
793.09	0.023
793.27	0.023
793.45	0.023
793.63	0.023
793.80	0.024
793.98	0.024
794.16	0.024
794.34	0.023
794.52	0.024
794.70	0.024
794.88	0.025
795.05	0.024
795.23	0.024
795.41	0.024
795.59	0.024
795.77	0.025
795.95	0.024
796.13	0.024
796.30	0.023
796.48	0.023
796.66	0.023
796.84	0.023
797.02	0.022
797.20	0.022
797.38	0.022
797.55	0.023
797.73	0.022
797.91	0.022
798.09	0.022
798.27	0.023
798.45	0.023
798.62	0.023
798.80	0.023
798.98	0.024
799.16	0.023
799.34	0.023
799.52	0.024
799.69	0.024
799.87	0.024
800.05	0.024
800.23	0.023
800.41	0.023
800.58	0.023
800.76	0.023
800.94	0.024
801.12	0.024
801.30	0.024
801.47	0.024
801.65	0.024
801.83	0.024
802.01	0.024
802.19	0.024
802.36	0.024
802.54	0.024
802.72	0.023
802.90	0.023
803.08	0.024
803.25	0.024
803.43	0.024
803.61	0.024
803.79	0.024
803.97	0.024
804.14	0.024
804.32	0.024
804.50	0.024
804.68	0.024
804.85	0.024
805.03	0.024
805.21	0.024
805.39	0.024
805.56	0.024
805.74	0.023
805.92	0.023
806.10	0.023
806.28	0.023
806.45	0.023
806.63	0.023
806.81	0.023
806.99	0.023
807.16	0.023
807.34	0.023
807.52	0.023
807.70	0.023
807.87	0.023
808.05	0.023
808.23	0.023
808.41	0.023
808.58	0.023
808.76	0.023
808.94	0.023
809.11	0.023
809.29	0.023
809.47	0.024
809.65	0.024
809.82	0.024
810.00	0.023
810.18	0.024
810.36	0.024
810.53	0.024
810.71	0.024
810.89	0.024
811.06	0.023
811.24	0.023
811.42	0.024
811.60	0.024
811.77	0.024
811.95	0.023
812.13	0.023
812.30	0.023
812.48	0.024
812.66	0.023
812.83	0.024
813.01	0.023
813.19	0.024
813.37	0.024
813.54	0.024
813.72	0.024
813.90	0.023
814.07	0.023
814.25	0.023
814.43	0.023
814.60	0.023
814.78	0.023
814.96	0.022
815.13	0.021
815.31	0.021
815.49	0.021
815.66	0.022
815.84	0.021
816.02	0.021
816.19	0.021
816.37	0.021
816.55	0.021
816.72	0.021
816.90	0.021
817.08	0.022
817.25	0.022
817.43	0.022
817.61	0.022
817.78	0.022
817.96	0.022
818.14	0.022
818.31	0.023
818.49	0.023
818.67	0.022
818.84	0.022
819.02	0.022
819.19	0.022
819.37	0.022
819.55	0.022
819.72	0.022
819.90	0.022
820.08	0.022
820.25	0.023
820.43	0.022
820.60	0.023
820.78	0.022
820.96	0.023
821.13	0.023
821.31	0.023
821.49	0.023
821.66	0.023
821.84	0.023
822.01	0.023
822.19	0.023
822.37	0.023
822.54	0.023
822.72	0.023
822.89	0.023
823.07	0.023
823.25	0.023
823.42	0.023
823.60	0.023
823.77	0.023
823.95	0.023
824.13	0.023
824.30	0.022
824.48	0.022
824.65	0.022
824.83	0.023
825.01	0.023
825.18	0.023
825.36	0.023
825.53	0.023
825.71	0.023
825.88	0.023
826.06	0.023
826.24	0.023
826.41	0.023
826.59	0.023
826.76	0.022
826.94	0.023
827.11	0.023
827.29	0.023
827.47	0.023
827.64	0.023
827.82	0.023
827.99	0.023
828.17	0.022
828.34	0.023
828.52	0.022
828.69	0.022
828.87	0.022
829.04	0.022
829.22	0.022
829.40	0.022
829.57	0.022
829.75	0.022
829.92	0.022
830.10	0.021
830.27	0.022
830.45	0.022
830.62	0.021
830.80	0.022
830.97	0.022
831.15	0.022
831.32	0.022
831.50	0.021
831.67	0.022
831.85	0.022
832.02	0.022
832.20	0.022
832.37	0.022
832.55	0.022
832.73	0.022
832.90	0.023
833.08	0.022
833.25	0.022
833.43	0.022
833.60	0.022
833.78	0.022
833.95	0.021
834.13	0.022
834.30	0.021
834.48	0.021
834.65	0.022
834.82	0.022
835.00	0.021
835.17	0.022
835.35	0.021
835.52	0.021
835.70	0.021
835.87	0.021
836.05	0.021
836.22	0.021
836.40	0.021
836.57	0.022
836.75	0.022
836.92	0.023
837.10	0.023
837.27	0.024
837.45	0.023
837.62	0.023
837.80	0.023
837.97	0.024
838.14	0.023
838.32	0.023
838.49	0.022
838.67	0.021
838.84	0.021
839.02	0.022
839.19	0.022
839.37	0.022
839.54	0.021
839.71	0.021
839.89	0.021
840.06	0.023
840.24	0.022
840.41	0.022
840.59	0.022
840.76	0.022
840.94	0.022
841.11	0.022
841.28	0.022
841.46	0.023
841.63	0.022
841.81	0.022
841.98	0.022
842.15	0.022
842.33	0.022
842.50	0.022
842.68	0.022
842.85	0.023
843.03	0.022
843.20	0.022
843.37	0.022
843.55	0.023
843.72	0.023
843.90	0.023
844.07	0.022
844.24	0.023
844.42	0.022
844.59	0.022
844.77	0.023
844.94	0.024
845.11	0.024
845.29	0.024
845.46	0.024
845.63	0.024
845.81	0.023
845.98	0.024
846.16	0.024
846.33	0.023
846.50	0.023
846.68	0.023
846.85	0.023
847.02	0.022
847.20	0.023
847.37	0.022
847.55	0.021
847.72	0.022
847.89	0.022
848.07	0.021
848.24	0.021
848.41	0.021
848.59	0.021
848.76	0.020
848.93	0.021
849.11	0.021
849.28	0.021
849.45	0.022
849.63	0.021
849.80	0.021
849.97	0.021
850.15	0.022
850.32	0.022
850.49	0.022
850.67	0.022
850.84	0.022
851.01	0.022
851.19	0.022
851.36	0.022
851.53	0.022
851.71	0.022
851.88	0.022
852.05	0.022
852.23	0.022
852.40	0.022
852.57	0.022
852.75	0.022
852.92	0.022
853.09	0.022
853.27	0.022
853.44	0.022
853.61	0.022
853.79	0.022
853.96	0.022
854.13	0.022
854.30	0.022
854.48	0.022
854.65	0.022
854.82	0.021
855.00	0.022
855.17	0.022
855.34	0.021
855.51	0.021
855.69	0.022
855.86	0.021
856.03	0.022
856.21	0.021
856.38	0.022
856.55	0.021
856.72	0.021
856.90	0.021
857.07	0.021
857.24	0.020
857.42	0.021
857.59	0.021
857.76	0.021
857.93	0.021
858.11	0.021
858.28	0.021
858.45	0.021
858.62	0.022
858.80	0.022
858.97	0.021
859.14	0.022
859.31	0.021
859.49	0.021
859.66	0.021
859.83	0.021
860.00	0.021
860.18	0.020
860.35	0.021
860.52	0.021
860.69	0.020
860.86	0.021
861.04	0.021
861.21	0.021
861.38	0.020
861.55	0.020
861.73	0.020
861.90	0.021
862.07	0.021
862.24	0.020
862.42	0.020
862.59	0.020
862.76	0.021
862.93	0.021
863.10	0.021
863.28	0.021
863.45	0.020
863.62	0.020
863.79	0.020
863.96	0.020
864.14	0.019
864.31	0.019
864.48	0.019
864.65	0.018
864.82	0.018
865.00	0.018
865.17	0.018
865.34	0.018
865.51	0.018
865.68	0.018
865.86	0.018
866.03	0.018
866.20	0.018
866.37	0.018
866.54	0.018
866.71	0.018
866.89	0.019
867.06	0.019
867.23	0.019
867.40	0.020
867.57	0.020
867.74	0.020
867.92	0.020
868.09	0.021
868.26	0.021
868.43	0.020
868.60	0.020
868.77	0.020
868.95	0.019
869.12	0.020
869.29	0.020
869.46	0.020
869.63	0.020
869.80	0.019
869.97	0.019
870.15	0.019
870.32	0.020
870.49	0.021
870.66	0.021
870.83	0.021
871.00	0.021
871.17	0.020
871.34	0.020
871.52	0.020
871.69	0.019
871.86	0.019
872.03	0.019
872.20	0.019
872.37	0.018
872.54	0.018
872.71	0.018
872.89	0.019
873.06	0.019
873.23	0.019
873.40	0.019
873.57	0.018
873.74	0.018
873.91	0.018
874.08	0.018
874.25	0.018
874.42	0.019
874.60	0.020
874.77	0.020
874.94	0.020
875.11	0.019
875.28	0.019
875.45	0.019
875.62	0.019
875.79	0.019
875.96	0.018
876.13	0.018
876.30	0.017
876.47	0.017
876.65	0.018
876.82	0.017
876.99	0.018
877.16	0.019
877.33	0.018
877.50	0.018
877.67	0.017
877.84	0.018
878.01	0.018
878.18	0.018
878.35	0.018
878.52	0.018
878.69	0.018
878.86	0.017
879.03	0.018
879.20	0.018
879.38	0.017
879.55	0.018
879.72	0.019
879.89	0.018
880.06	0.018
880.23	0.018
880.40	0.019
880.57	0.019
880.74	0.019
880.91	0.019
881.08	0.019
881.25	0.018
881.42	0.018
881.59	0.018
881.76	0.017
881.93	0.018
882.10	0.018
882.27	0.018
882.44	0.019
882.61	0.019
882.78	0.020
882.95	0.020
883.12	0.021
883.29	0.021
883.46	0.021
883.63	0.020
883.80	0.020
883.97	0.019
884.14	0.019
884.31	0.018
884.48	0.017
884.65	0.017
884.82	0.016
884.99	0.016
885.16	0.016
885.33	0.016
885.50	0.015
885.67	0.015
885.84	0.015
886.01	0.016
886.18	0.016
886.35	0.017
886.52	0.017
886.69	0.018
886.86	0.018
887.03	0.019
887.20	0.019
887.37	0.019
887.54	0.018
887.71	0.019
887.88	0.018
888.05	0.019
888.22	0.020
888.39	0.019
888.55	0.019
888.72	0.020
888.89	0.020
889.06	0.020
889.23	0.019
889.40	0.019
889.57	0.017
889.74	0.016
889.91	0.018
890.08	0.018
890.25	0.017
890.42	0.017
890.59	0.017
890.76	0.018
890.93	0.019
891.10	0.021
891.26	0.021
891.43	0.020
891.60	0.020
891.77	0.020
891.94	0.020
892.11	0.020
892.28	0.019
892.45	0.019
892.62	0.019
892.79	0.019
892.96	0.018
893.13	0.018
893.29	0.019
893.46	0.019
893.63	0.019
893.80	0.019
893.97	0.019
894.14	0.018
894.31	0.018
894.48	0.020
894.65	0.016
894.81	0.016
894.98	0.020
