177.34	-0.000
177.56	-0.000
177.78	-0.000
178.00	-1.051
178.22	0.029
178.44	0.030
178.66	0.188
178.89	0.566
179.11	-0.000
179.33	-0.191
179.55	-0.000
179.77	-0.000
179.99	-0.000
180.21	-0.000
180.43	-0.000
180.65	-0.000
180.87	-0.000
181.09	0.915
181.31	0.641
181.53	0.499
181.75	0.407
181.97	0.373
182.19	0.434
182.41	0.403
182.63	0.402
182.85	0.375
183.07	0.384
183.30	0.371
183.52	0.402
183.74	0.408
183.96	0.417
184.18	0.387
184.40	0.444
184.62	0.430
184.84	0.465
185.06	0.496
185.28	0.522
185.50	0.508
185.72	0.578
185.94	0.651
186.16	0.706
186.38	0.702
186.60	0.732
186.82	0.761
187.04	0.797
187.26	0.860
187.48	0.868
187.70	0.905
187.92	0.906
188.14	0.916
188.36	0.957
188.58	0.998
188.80	1.039
189.02	1.082
189.24	1.098
189.46	1.165
189.68	1.187
189.90	1.206
190.12	1.290
190.34	1.303
190.56	1.317
190.78	1.308
191.00	1.349
191.22	1.337
191.44	1.367
191.66	1.407
191.88	1.408
192.10	1.361
192.32	1.368
192.54	1.405
192.76	1.408
192.98	1.383
193.20	1.393
193.42	1.409
193.64	1.366
193.86	1.399
194.08	1.439
194.30	1.457
194.52	1.433
194.74	1.435
194.96	1.442
195.18	1.486
195.40	1.461
195.62	1.506
195.84	1.501
196.06	1.472
196.28	1.490
196.50	1.489
196.72	1.482
196.94	1.496
197.16	1.471
197.38	1.546
197.60	1.578
197.82	1.629
198.04	1.700
198.26	1.710
198.48	1.783
198.70	1.820
198.92	1.806
199.13	1.828
199.35	1.757
199.57	1.717
199.79	1.712
200.01	1.740
200.23	1.698
200.45	1.680
200.67	1.658
200.89	1.658
201.11	1.708
201.33	1.732
201.55	1.713
201.77	1.703
201.99	1.663
202.21	1.696
202.43	1.731
202.65	1.834
202.87	1.826
203.09	1.816
203.31	1.872
203.52	1.879
203.74	1.893
203.96	1.899
204.18	1.903
204.40	1.833
204.62	1.749
204.84	1.762
205.06	1.759
205.28	1.701
205.50	1.707
205.72	1.707
205.94	1.707
206.16	1.721
206.38	1.781
206.59	1.822
206.81	1.814
207.03	1.848
207.25	1.884
207.47	1.921
207.69	1.914
207.91	1.931
208.13	1.935
208.35	1.893
208.57	1.937
208.79	1.999
209.01	1.980
209.22	1.963
209.44	1.996
209.66	2.034
209.88	2.026
210.10	2.019
210.32	2.056
210.54	2.019
210.76	2.002
210.98	2.018
211.20	2.047
211.42	2.028
211.63	2.045
211.85	2.126
212.07	2.136
212.29	2.131
212.51	2.159
212.73	2.166
212.95	2.150
213.17	2.154
213.39	2.150
213.60	2.122
213.82	2.109
214.04	2.117
214.26	2.168
214.48	2.126
214.70	2.143
214.92	2.147
215.14	2.131
215.35	2.133
215.57	2.133
215.79	2.118
216.01	2.148
216.23	2.127
216.45	2.170
216.67	2.172
216.89	2.144
217.10	2.153
217.32	2.159
217.54	2.195
217.76	2.181
217.98	2.140
218.20	2.125
218.42	2.119
218.64	2.120
218.85	2.171
219.07	2.188
219.29	2.182
219.51	2.182
219.73	2.193
219.95	2.219
220.17	2.200
220.38	2.219
220.60	2.240
220.82	2.203
221.04	2.222
221.26	2.244
221.48	2.239
221.69	2.214
221.91	2.211
222.13	2.257
222.35	2.244
222.57	2.237
222.79	2.256
223.00	2.243
223.22	2.246
223.44	2.262
223.66	2.303
223.88	2.304
224.10	2.309
224.32	2.343
224.53	2.383
224.75	2.398
224.97	2.403
225.19	2.397
225.41	2.418
225.62	2.420
225.84	2.433
226.06	2.421
226.28	2.402
226.50	2.350
226.72	2.334
226.93	2.321
227.15	2.334
227.37	2.294
227.59	2.276
227.81	2.275
228.02	2.263
228.24	2.266
228.46	2.282
228.68	2.275
228.90	2.264
229.12	2.226
229.33	2.229
229.55	2.236
229.77	2.228
229.99	2.234
230.21	2.204
230.42	2.178
230.64	2.145
230.86	2.147
231.08	2.144
231.30	2.121
231.51	2.103
231.73	2.082
231.95	2.063
232.17	2.050
232.38	2.030
232.60	2.013
232.82	1.987
233.04	1.959
233.26	1.938
233.47	1.917
233.69	1.884
233.91	1.857
234.13	1.832
234.35	1.811
234.56	1.798
234.78	1.778
235.00	1.767
235.22	1.747
235.43	1.730
235.65	1.716
235.87	1.700
236.09	1.682
236.30	1.663
236.52	1.641
236.74	1.620
236.96	1.601
237.18	1.587
237.39	1.569
237.61	1.552
237.83	1.533
238.05	1.519
238.26	1.503
238.48	1.489
238.70	1.474
238.92	1.459
239.13	1.442
239.35	1.426
239.57	1.409
239.79	1.397
240.00	1.381
240.22	1.370
240.44	1.360
240.66	1.348
240.87	1.336
241.09	1.324
241.31	1.312
241.53	1.301
241.74	1.288
241.96	1.276
242.18	1.263
242.40	1.251
242.61	1.241
242.83	1.229
243.05	1.218
243.27	1.208
243.48	1.198
243.70	1.188
243.92	1.178
244.13	1.169
244.35	1.159
244.57	1.149
244.79	1.140
245.00	1.132
245.22	1.124
245.44	1.117
245.65	1.108
245.87	1.100
246.09	1.092
246.31	1.086
246.52	1.078
246.74	1.071
246.96	1.064
247.18	1.056
247.39	1.049
247.61	1.043
247.83	1.039
248.04	1.034
248.26	1.027
248.48	1.022
248.69	1.016
248.91	1.010
249.13	1.005
249.35	1.001
249.56	0.996
249.78	0.989
250.00	0.983
250.21	0.977
250.43	0.972
250.65	0.968
250.86	0.964
251.08	0.959
251.30	0.954
251.51	0.951
251.73	0.947
251.95	0.943
252.17	0.940
252.38	0.935
252.60	0.931
252.82	0.927
253.03	0.924
253.25	0.921
253.47	0.917
253.68	0.914
253.90	0.909
254.12	0.905
254.33	0.902
254.55	0.899
254.77	0.895
254.98	0.892
255.20	0.889
255.42	0.885
255.63	0.882
255.85	0.880
256.07	0.878
256.28	0.875
256.50	0.873
256.72	0.870
256.93	0.867
257.15	0.863
257.37	0.861
257.58	0.859
257.80	0.857
258.02	0.854
258.23	0.851
258.45	0.849
258.67	0.847
258.88	0.845
259.10	0.843
259.32	0.841
259.53	0.838
259.75	0.835
259.96	0.832
260.18	0.830
260.40	0.827
260.61	0.825
260.83	0.823
261.05	0.822
261.26	0.819
261.48	0.817
261.70	0.815
261.91	0.813
262.13	0.811
262.34	0.809
262.56	0.807
262.78	0.805
262.99	0.803
263.21	0.801
263.43	0.799
263.64	0.797
263.86	0.796
264.07	0.794
264.29	0.793
264.51	0.791
264.72	0.789
264.94	0.787
265.16	0.785
265.37	0.783
265.59	0.782
265.80	0.780
266.02	0.777
266.24	0.775
266.45	0.773
266.67	0.771
266.88	0.769
267.10	0.767
267.32	0.764
267.53	0.762
267.75	0.760
267.96	0.758
268.18	0.756
268.40	0.754
268.61	0.751
268.83	0.749
269.04	0.746
269.26	0.745
269.48	0.744
269.69	0.741
269.91	0.740
270.12	0.737
270.34	0.735
270.56	0.733
270.77	0.730
270.99	0.728
271.20	0.726
271.42	0.723
271.64	0.721
271.85	0.718
272.07	0.715
272.28	0.712
272.50	0.710
272.71	0.708
272.93	0.705
273.15	0.702
273.36	0.699
273.58	0.696
273.79	0.692
274.01	0.689
274.22	0.686
274.44	0.683
274.66	0.680
274.87	0.677
275.09	0.675
275.30	0.671
275.52	0.668
275.73	0.665
275.95	0.662
276.16	0.659
276.38	0.656
276.60	0.652
276.81	0.649
277.03	0.646
277.24	0.642
277.46	0.640
277.67	0.637
277.89	0.634
278.10	0.630
278.32	0.627
278.53	0.624
278.75	0.621
278.97	0.617
279.18	0.614
279.40	0.610
279.61	0.607
279.83	0.603
280.04	0.600
280.26	0.596
280.47	0.592
280.69	0.589
280.90	0.584
281.12	0.582
281.33	0.578
281.55	0.575
281.76	0.571
281.98	0.567
282.20	0.563
282.41	0.560
282.63	0.556
282.84	0.552
283.06	0.548
283.27	0.544
283.49	0.540
283.70	0.536
283.92	0.533
284.13	0.529
284.35	0.525
284.56	0.522
284.78	0.518
284.99	0.514
285.21	0.511
285.42	0.507
285.64	0.504
285.85	0.500
286.07	0.496
286.28	0.493
286.50	0.489
286.71	0.485
286.93	0.482
287.14	0.478
287.36	0.474
287.57	0.470
287.79	0.466
288.00	0.462
288.22	0.459
288.43	0.455
288.65	0.452
288.86	0.448
289.08	0.445
289.29	0.442
289.51	0.438
289.72	0.436
289.94	0.433
290.15	0.430
290.37	0.427
290.58	0.424
290.80	0.421
291.01	0.418
291.22	0.415
291.44	0.412
291.65	0.409
291.87	0.406
292.08	0.402
292.30	0.399
292.51	0.396
292.73	0.394
292.94	0.391
293.16	0.388
293.37	0.385
293.59	0.382
293.80	0.379
294.02	0.376
294.23	0.373
294.44	0.370
294.66	0.367
294.87	0.364
295.09	0.361
295.30	0.359
295.52	0.356
295.73	0.353
295.95	0.351
296.16	0.348
296.37	0.345
296.59	0.343
296.80	0.340
297.02	0.338
297.23	0.335
297.45	0.333
297.66	0.330
297.88	0.328
298.09	0.326
298.30	0.324
298.52	0.321
298.73	0.319
298.95	0.316
299.16	0.314
299.38	0.312
299.59	0.310
299.80	0.307
300.02	0.305
300.23	0.302
300.45	0.300
300.66	0.298
300.88	0.296
301.09	0.294
301.30	0.292
301.52	0.290
301.73	0.287
301.95	0.285
302.16	0.283
302.37	0.281
302.59	0.279
302.80	0.278
303.02	0.276
303.23	0.274
303.45	0.272
303.66	0.271
303.87	0.269
304.09	0.267
304.30	0.264
304.52	0.262
304.73	0.260
304.94	0.258
305.16	0.256
305.37	0.254
305.59	0.253
305.80	0.251
306.01	0.250
306.23	0.248
306.44	0.247
306.65	0.246
306.87	0.244
307.08	0.242
307.30	0.240
307.51	0.238
307.72	0.236
307.94	0.234
308.15	0.232
308.37	0.230
308.58	0.228
308.79	0.227
309.01	0.225
309.22	0.224
309.43	0.222
309.65	0.221
309.86	0.219
310.07	0.218
310.29	0.216
310.50	0.214
310.72	0.213
310.93	0.211
311.14	0.209
311.36	0.208
311.57	0.206
311.78	0.204
312.00	0.203
312.21	0.201
312.42	0.200
312.64	0.199
312.85	0.197
313.07	0.196
313.28	0.194
313.49	0.193
313.71	0.193
313.92	0.192
314.13	0.190
314.35	0.189
314.56	0.188
314.77	0.186
314.99	0.185
315.20	0.184
315.41	0.182
315.63	0.181
315.84	0.180
316.05	0.179
316.27	0.178
316.48	0.177
316.69	0.176
316.91	0.175
317.12	0.174
317.33	0.173
317.55	0.173
317.76	0.172
317.97	0.171
318.19	0.170
318.40	0.169
318.61	0.168
318.83	0.167
319.04	0.167
319.25	0.166
319.47	0.164
319.68	0.164
319.89	0.163
320.10	0.162
320.32	0.160
320.53	0.160
320.74	0.159
320.96	0.158
321.17	0.157
321.38	0.156
321.60	0.155
321.81	0.154
322.02	0.154
322.24	0.153
322.45	0.152
322.66	0.152
322.87	0.151
323.09	0.150
323.30	0.150
323.51	0.150
323.73	0.148
323.94	0.148
324.15	0.147
324.36	0.146
324.58	0.146
324.79	0.145
325.00	0.144
325.22	0.144
325.43	0.143
325.64	0.143
325.85	0.142
326.07	0.141
326.28	0.140
326.49	0.139
326.71	0.139
326.92	0.138
327.13	0.138
327.34	0.137
327.56	0.137
327.77	0.136
327.98	0.136
328.19	0.135
328.41	0.135
328.62	0.135
328.83	0.134
329.04	0.133
329.26	0.132
329.47	0.131
329.68	0.131
329.90	0.130
330.11	0.130
330.32	0.129
330.53	0.129
330.75	0.128
330.96	0.128
331.17	0.127
331.38	0.127
331.60	0.126
331.81	0.125
332.02	0.125
332.23	0.124
332.44	0.123
332.66	0.123
332.87	0.123
333.08	0.122
333.29	0.122
333.51	0.121
333.72	0.121
333.93	0.121
334.14	0.121
334.36	0.120
334.57	0.120
334.78	0.119
334.99	0.119
335.21	0.118
335.42	0.118
335.63	0.118
335.84	0.117
336.05	0.117
336.27	0.117
336.48	0.116
336.69	0.116
336.90	0.116
337.11	0.116
337.33	0.115
337.54	0.114
337.75	0.114
337.96	0.113
338.18	0.113
338.39	0.113
338.60	0.112
338.81	0.111
339.02	0.111
339.24	0.111
339.45	0.111
339.66	0.111
339.87	0.110
340.08	0.110
340.30	0.109
340.51	0.109
340.72	0.109
340.93	0.109
341.14	0.108
341.36	0.107
341.57	0.107
341.78	0.106
341.99	0.106
342.20	0.106
342.41	0.105
342.63	0.105
342.84	0.105
343.05	0.105
343.26	0.105
343.47	0.104
343.69	0.104
343.90	0.104
344.11	0.104
344.32	0.104
344.53	0.104
344.74	0.103
344.96	0.102
345.17	0.102
345.38	0.102
345.59	0.102
345.80	0.101
346.01	0.101
346.23	0.101
346.44	0.100
346.65	0.099
346.86	0.099
347.07	0.098
347.28	0.098
347.50	0.098
347.71	0.097
347.92	0.097
348.13	0.097
348.34	0.097
348.55	0.097
348.76	0.097
348.98	0.096
349.19	0.096
349.40	0.096
349.61	0.095
349.82	0.095
350.03	0.095
350.24	0.094
350.46	0.094
350.67	0.093
350.88	0.093
351.09	0.092
351.30	0.092
351.51	0.092
351.72	0.092
351.93	0.092
352.15	0.092
352.36	0.092
352.57	0.091
352.78	0.091
352.99	0.091
353.20	0.090
353.41	0.090
353.62	0.089
353.84	0.089
354.05	0.089
354.26	0.088
354.47	0.088
354.68	0.088
354.89	0.088
355.10	0.088
355.31	0.088
355.52	0.088
355.74	0.087
355.95	0.087
356.16	0.087
356.37	0.087
356.58	0.087
356.79	0.086
357.00	0.085
357.21	0.086
357.42	0.085
357.63	0.085
357.85	0.085
358.06	0.085
358.27	0.085
358.48	0.085
358.69	0.085
358.90	0.084
359.11	0.084
359.32	0.083
359.53	0.083
359.74	0.083
359.95	0.082
360.17	0.082
360.38	0.081
360.59	0.081
360.80	0.081
361.01	0.081
361.22	0.081
361.43	0.081
361.64	0.080
361.85	0.080
362.06	0.080
362.27	0.080
362.48	0.080
362.69	0.080
362.90	0.080
363.12	0.080
363.33	0.079
363.54	0.079
363.75	0.078
363.96	0.078
364.17	0.078
364.38	0.078
364.59	0.078
364.80	0.078
365.01	0.078
365.22	0.078
365.43	0.077
365.64	0.077
365.85	0.076
366.06	0.076
366.27	0.076
366.48	0.076
366.69	0.075
366.90	0.075
367.11	0.075
367.32	0.074
367.54	0.074
367.75	0.074
367.96	0.074
368.17	0.074
368.38	0.073
368.59	0.074
368.80	0.074
369.01	0.073
369.22	0.073
369.43	0.073
369.64	0.073
369.85	0.073
370.06	0.073
370.27	0.073
370.48	0.072
370.69	0.072
370.90	0.072
371.11	0.072
371.32	0.072
371.53	0.071
371.74	0.071
371.95	0.071
372.16	0.071
372.37	0.071
372.58	0.070
372.79	0.070
373.00	0.069
373.21	0.070
373.42	0.070
373.63	0.070
373.84	0.069
374.05	0.069
374.26	0.070
374.47	0.070
374.68	0.069
374.89	0.068
375.10	0.068
375.31	0.068
375.52	0.068
375.73	0.068
375.94	0.067
376.15	0.067
376.36	0.067
376.57	0.068
376.78	0.068
376.99	0.068
377.20	0.068
377.41	0.068
377.62	0.068
377.83	0.069
378.04	0.068
378.25	0.068
378.46	0.068
378.67	0.068
378.88	0.068
379.09	0.067
379.30	0.067
379.51	0.067
379.72	0.066
379.92	0.065
380.13	0.065
380.34	0.065
380.55	0.065
380.76	0.065
380.97	0.065
381.18	0.065
381.39	0.064
381.60	0.065
381.81	0.065
382.02	0.065
382.23	0.065
382.44	0.065
382.65	0.065
382.86	0.065
383.07	0.065
383.28	0.065
383.49	0.064
383.70	0.064
383.91	0.063
384.11	0.063
384.32	0.063
384.53	0.062
384.74	0.062
384.95	0.062
385.16	0.062
385.37	0.062
385.58	0.062
385.79	0.062
386.00	0.062
386.21	0.062
386.42	0.061
386.63	0.061
386.84	0.061
387.04	0.061
387.25	0.061
387.46	0.061
387.67	0.061
387.88	0.061
388.09	0.061
388.30	0.061
388.51	0.061
388.72	0.061
388.93	0.061
389.14	0.061
389.34	0.061
389.55	0.060
389.76	0.060
389.97	0.060
390.18	0.060
390.39	0.060
390.60	0.060
390.81	0.060
391.02	0.060
391.23	0.059
391.43	0.060
391.64	0.060
391.85	0.060
392.06	0.059
392.27	0.059
392.48	0.059
392.69	0.059
392.90	0.058
393.11	0.058
393.31	0.058
393.52	0.058
393.73	0.058
393.94	0.058
394.15	0.058
394.36	0.058
394.57	0.058
394.78	0.058
394.98	0.058
395.19	0.058
395.40	0.058
395.61	0.057
395.82	0.057
396.03	0.057
396.24	0.057
396.44	0.057
396.65	0.058
396.86	0.058
397.07	0.057
397.28	0.058
397.49	0.057
397.70	0.057
397.90	0.057
398.11	0.057
398.32	0.057
398.53	0.057
398.74	0.057
398.95	0.057
399.16	0.057
399.36	0.057
399.57	0.057
399.78	0.057
399.99	0.057
400.20	0.057
400.41	0.057
400.61	0.057
400.82	0.057
401.03	0.056
401.24	0.056
401.45	0.056
401.66	0.056
401.86	0.056
402.07	0.055
402.28	0.056
402.49	0.055
402.70	0.055
402.91	0.055
403.11	0.055
403.32	0.055
403.53	0.054
403.74	0.054
403.95	0.054
404.15	0.054
404.36	0.054
404.57	0.054
404.78	0.054
404.99	0.055
405.20	0.055
405.40	0.055
405.61	0.055
405.82	0.054
406.03	0.055
406.24	0.055
406.44	0.055
406.65	0.055
406.86	0.055
407.07	0.055
407.28	0.055
407.48	0.055
407.69	0.055
407.90	0.055
408.11	0.055
408.32	0.055
408.52	0.054
408.73	0.054
408.94	0.054
409.15	0.054
409.35	0.053
409.56	0.053
409.77	0.054
409.98	0.054
410.19	0.054
410.39	0.054
410.60	0.055
410.81	0.054
411.02	0.053
411.22	0.054
411.43	0.054
411.64	0.054
411.85	0.054
412.05	0.053
412.26	0.053
412.47	0.053
412.68	0.054
412.89	0.054
413.09	0.054
413.30	0.054
413.51	0.054
413.72	0.054
413.92	0.054
414.13	0.054
414.34	0.054
414.55	0.053
414.75	0.053
414.96	0.053
415.17	0.053
415.38	0.053
415.58	0.053
415.79	0.053
416.00	0.053
416.21	0.054
416.41	0.055
416.62	0.055
416.83	0.055
417.03	0.054
417.24	0.055
417.45	0.054
417.66	0.055
417.86	0.054
418.07	0.054
418.28	0.054
418.49	0.054
418.69	0.053
418.90	0.053
419.11	0.053
419.31	0.053
419.52	0.052
419.73	0.053
419.94	0.053
420.14	0.053
420.35	0.053
420.56	0.052
420.76	0.052
420.97	0.052
421.18	0.052
421.39	0.053
421.59	0.053
421.80	0.053
422.01	0.053
422.21	0.053
422.42	0.053
422.63	0.054
422.84	0.053
423.04	0.053
423.25	0.053
423.46	0.053
423.66	0.053
423.87	0.053
424.08	0.053
424.28	0.052
424.49	0.052
424.70	0.052
424.90	0.052
425.11	0.052
425.32	0.052
425.52	0.051
425.73	0.051
425.94	0.051
426.15	0.052
426.35	0.053
426.56	0.053
426.77	0.053
426.97	0.053
427.18	0.053
427.39	0.053
427.59	0.053
427.80	0.053
428.01	0.052
428.21	0.052
428.42	0.052
428.63	0.052
428.83	0.052
429.04	0.052
429.25	0.052
429.45	0.052
429.66	0.052
429.87	0.051
430.07	0.052
430.28	0.052
430.48	0.051
430.69	0.051
430.90	0.051
431.10	0.050
431.31	0.050
431.52	0.050
431.72	0.051
431.93	0.050
432.14	0.050
432.34	0.050
432.55	0.050
432.76	0.051
432.96	0.051
433.17	0.051
433.37	0.052
433.58	0.051
433.79	0.052
433.99	0.051
434.20	0.051
434.41	0.051
434.61	0.051
434.82	0.051
435.02	0.051
435.23	0.050
435.44	0.051
435.64	0.051
435.85	0.051
436.06	0.053
436.26	0.052
436.47	0.052
436.67	0.052
436.88	0.051
437.09	0.051
437.29	0.051
437.50	0.051
437.70	0.050
437.91	0.050
438.12	0.049
438.32	0.050
438.53	0.050
438.73	0.051
438.94	0.051
439.15	0.050
439.35	0.050
439.56	0.051
439.76	0.050
439.97	0.050
440.18	0.051
440.38	0.051
440.59	0.050
440.79	0.051
441.00	0.051
441.20	0.050
441.41	0.050
441.62	0.050
441.82	0.051
442.03	0.050
442.23	0.050
442.44	0.050
442.65	0.050
442.85	0.050
443.06	0.050
443.26	0.050
443.47	0.050
443.67	0.050
443.88	0.050
444.09	0.050
444.29	0.050
444.50	0.050
444.70	0.050
444.91	0.051
445.11	0.051
445.32	0.051
445.52	0.050
445.73	0.050
445.94	0.050
446.14	0.050
446.35	0.049
446.55	0.049
446.76	0.049
446.96	0.049
447.17	0.049
447.37	0.049
447.58	0.050
447.78	0.049
447.99	0.049
448.20	0.049
448.40	0.049
448.61	0.049
448.81	0.050
449.02	0.049
449.22	0.050
449.43	0.050
449.63	0.050
449.84	0.049
450.04	0.050
450.25	0.050
450.45	0.050
450.66	0.050
450.86	0.050
451.07	0.050
451.27	0.050
451.48	0.050
451.68	0.050
451.89	0.050
452.09	0.050
452.30	0.050
452.50	0.050
452.71	0.050
452.91	0.050
453.12	0.050
453.33	0.051
453.53	0.050
453.74	0.050
453.94	0.049
454.15	0.049
454.35	0.050
454.56	0.050
454.76	0.050
454.96	0.050
455.17	0.049
455.37	0.050
455.58	0.050
455.78	0.050
455.99	0.050
456.19	0.050
456.40	0.050
456.60	0.049
456.81	0.050
457.01	0.049
457.22	0.049
457.42	0.049
457.63	0.049
457.83	0.049
458.04	0.048
458.24	0.048
458.45	0.049
458.65	0.049
458.86	0.049
459.06	0.050
459.27	0.049
459.47	0.049
459.67	0.048
459.88	0.049
460.08	0.049
460.29	0.048
460.49	0.049
460.70	0.048
460.90	0.048
461.11	0.048
461.31	0.048
461.52	0.048
461.72	0.048
461.92	0.049
462.13	0.048
462.33	0.049
462.54	0.049
462.74	0.049
462.95	0.049
463.15	0.049
463.36	0.049
463.56	0.049
463.76	0.048
463.97	0.049
464.17	0.049
464.38	0.050
464.58	0.049
464.79	0.049
464.99	0.049
465.19	0.049
465.40	0.049
465.60	0.049
465.81	0.048
466.01	0.048
466.22	0.048
466.42	0.048
466.62	0.048
466.83	0.048
467.03	0.048
467.24	0.048
467.44	0.048
467.65	0.048
467.85	0.048
468.05	0.048
468.26	0.048
468.46	0.048
468.67	0.048
468.87	0.048
469.07	0.048
469.28	0.049
469.48	0.048
469.69	0.048
469.89	0.048
470.09	0.048
470.30	0.049
470.50	0.048
470.71	0.048
470.91	0.048
471.11	0.047
471.32	0.047
471.52	0.048
471.72	0.048
471.93	0.048
472.13	0.048
472.34	0.048
472.54	0.048
472.74	0.048
472.95	0.048
473.15	0.048
473.35	0.047
473.56	0.047
473.76	0.047
473.97	0.047
474.17	0.047
474.37	0.047
474.58	0.047
474.78	0.047
474.98	0.047
475.19	0.047
475.39	0.047
475.60	0.047
475.80	0.047
476.00	0.047
476.21	0.047
476.41	0.047
476.61	0.047
476.82	0.047
477.02	0.047
477.22	0.046
477.43	0.046
477.63	0.045
477.83	0.046
478.04	0.046
478.24	0.046
478.44	0.047
478.65	0.047
478.85	0.048
479.05	0.048
479.26	0.048
479.46	0.048
479.66	0.048
479.87	0.048
480.07	0.048
480.27	0.047
480.48	0.047
480.68	0.047
480.88	0.047
481.09	0.047
481.29	0.047
481.49	0.047
481.70	0.047
481.90	0.047
482.10	0.047
482.31	0.047
482.51	0.047
482.71	0.047
482.92	0.047
483.12	0.047
483.32	0.046
483.52	0.046
483.73	0.047
483.93	0.047
484.13	0.047
484.34	0.046
484.54	0.046
484.74	0.046
484.95	0.047
485.15	0.047
485.35	0.047
485.55	0.047
485.76	0.047
485.96	0.048
486.16	0.048
486.37	0.048
486.57	0.048
486.77	0.047
486.97	0.047
487.18	0.047
487.38	0.047
487.58	0.047
487.79	0.047
487.99	0.047
488.19	0.047
488.39	0.047
488.60	0.047
488.80	0.047
489.00	0.046
489.20	0.046
489.41	0.046
489.61	0.045
489.81	0.045
490.02	0.045
490.22	0.045
490.42	0.045
490.62	0.045
490.83	0.045
491.03	0.046
491.23	0.046
491.43	0.046
491.64	0.046
491.84	0.047
492.04	0.046
492.24	0.047
492.45	0.047
492.65	0.047
492.85	0.047
493.05	0.047
493.26	0.046
493.46	0.046
493.66	0.046
493.86	0.046
494.07	0.046
494.27	0.046
494.47	0.045
494.67	0.046
494.87	0.046
495.08	0.046
495.28	0.047
495.48	0.047
495.68	0.047
495.89	0.047
496.09	0.047
496.29	0.047
496.49	0.047
496.69	0.046
496.90	0.046
497.10	0.046
497.30	0.046
497.50	0.046
497.71	0.045
497.91	0.045
498.11	0.045
498.31	0.045
498.51	0.046
498.72	0.045
498.92	0.045
499.12	0.045
499.32	0.045
499.52	0.045
499.73	0.045
499.93	0.045
500.13	0.045
500.33	0.045
500.53	0.045
500.74	0.045
500.94	0.045
501.14	0.045
501.34	0.045
501.54	0.045
501.74	0.045
501.95	0.045
502.15	0.045
502.35	0.045
502.55	0.046
502.75	0.046
502.96	0.046
503.16	0.046
503.36	0.046
503.56	0.046
503.76	0.046
503.96	0.046
504.17	0.046
504.37	0.045
504.57	0.046
504.77	0.046
504.97	0.046
505.17	0.046
505.38	0.045
505.58	0.045
505.78	0.045
505.98	0.044
506.18	0.044
506.38	0.043
506.58	0.043
506.79	0.043
506.99	0.043
507.19	0.044
507.39	0.044
507.59	0.044
507.79	0.044
507.99	0.044
508.20	0.045
508.40	0.045
508.60	0.044
508.80	0.044
509.00	0.045
509.20	0.045
509.40	0.045
509.61	0.044
509.81	0.045
510.01	0.044
510.21	0.044
510.41	0.045
510.61	0.044
510.81	0.044
511.01	0.043
511.22	0.043
511.42	0.043
511.62	0.043
511.82	0.043
512.02	0.044
512.22	0.044
512.42	0.044
512.62	0.044
512.82	0.044
513.03	0.044
513.23	0.045
513.43	0.044
513.63	0.045
513.83	0.044
514.03	0.044
514.23	0.044
514.43	0.044
514.63	0.043
514.83	0.043
515.04	0.043
515.24	0.043
515.44	0.044
515.64	0.044
515.84	0.044
516.04	0.044
516.24	0.044
516.44	0.044
516.64	0.044
516.84	0.044
517.04	0.044
517.24	0.044
517.45	0.044
517.65	0.044
517.85	0.044
518.05	0.044
518.25	0.044
518.45	0.044
518.65	0.044
518.85	0.044
519.05	0.045
519.25	0.045
519.45	0.044
519.65	0.044
519.85	0.044
520.05	0.044
520.25	0.044
520.46	0.044
520.66	0.043
520.86	0.043
521.06	0.043
521.26	0.043
521.46	0.043
521.66	0.043
521.86	0.043
522.06	0.043
522.26	0.042
522.46	0.043
522.66	0.042
522.86	0.042
523.06	0.042
523.26	0.042
523.46	0.042
523.66	0.042
523.86	0.042
524.06	0.042
524.26	0.042
524.46	0.042
524.66	0.043
524.86	0.042
525.06	0.043
525.26	0.042
525.46	0.043
525.66	0.043
525.87	0.044
526.07	0.044
526.27	0.044
526.47	0.043
526.67	0.044
526.87	0.044
527.07	0.044
527.27	0.044
527.47	0.044
527.67	0.044
527.87	0.044
528.07	0.044
528.27	0.044
528.47	0.044
528.67	0.043
528.87	0.044
529.07	0.043
529.27	0.043
529.47	0.043
529.67	0.043
529.87	0.042
530.07	0.043
530.27	0.042
530.47	0.042
530.67	0.042
530.87	0.042
531.06	0.042
531.26	0.043
531.46	0.043
531.66	0.043
531.86	0.043
532.06	0.043
532.26	0.043
532.46	0.043
532.66	0.043
532.86	0.043
533.06	0.042
533.26	0.041
533.46	0.042
533.66	0.041
533.86	0.042
534.06	0.042
534.26	0.043
534.46	0.043
534.66	0.043
534.86	0.043
535.06	0.044
535.26	0.043
535.46	0.044
535.66	0.043
535.86	0.044
536.06	0.043
536.26	0.043
536.45	0.043
536.65	0.043
536.85	0.044
537.05	0.043
537.25	0.043
537.45	0.043
537.65	0.043
537.85	0.043
538.05	0.043
538.25	0.043
538.45	0.042
538.65	0.042
538.85	0.042
539.05	0.042
539.25	0.041
539.44	0.041
539.64	0.041
539.84	0.041
540.04	0.041
540.24	0.041
540.44	0.041
540.64	0.041
540.84	0.041
541.04	0.042
541.24	0.041
541.44	0.041
541.64	0.042
541.83	0.042
542.03	0.042
542.23	0.042
542.43	0.042
542.63	0.042
542.83	0.042
543.03	0.042
543.23	0.043
543.43	0.043
543.63	0.042
543.82	0.042
544.02	0.042
544.22	0.043
544.42	0.043
544.62	0.042
544.82	0.042
545.02	0.041
545.22	0.041
545.42	0.041
545.61	0.041
545.81	0.041
546.01	0.040
546.21	0.040
546.41	0.040
546.61	0.040
546.81	0.040
547.01	0.040
547.20	0.040
547.40	0.040
547.60	0.040
547.80	0.041
548.00	0.040
548.20	0.040
548.40	0.040
548.59	0.040
548.79	0.040
548.99	0.040
549.19	0.040
549.39	0.040
549.59	0.040
549.79	0.040
549.98	0.041
550.18	0.041
550.38	0.041
550.58	0.041
550.78	0.042
550.98	0.041
551.17	0.041
551.37	0.042
551.57	0.042
551.77	0.041
551.97	0.041
552.17	0.041
552.36	0.041
552.56	0.041
552.76	0.041
552.96	0.041
553.16	0.042
553.36	0.042
553.55	0.042
553.75	0.042
553.95	0.042
554.15	0.042
554.35	0.042
554.55	0.042
554.74	0.041
554.94	0.041
555.14	0.041
555.34	0.041
555.54	0.041
555.73	0.041
555.93	0.041
556.13	0.041
556.33	0.041
556.53	0.041
556.72	0.041
556.92	0.040
557.12	0.040
557.32	0.040
557.52	0.040
557.71	0.040
557.91	0.040
558.11	0.040
558.31	0.041
558.51	0.041
558.70	0.041
558.90	0.041
559.10	0.041
559.30	0.041
559.49	0.040
559.69	0.041
559.89	0.041
560.09	0.040
560.29	0.040
560.48	0.041
560.68	0.041
560.88	0.041
561.08	0.041
561.27	0.041
561.47	0.041
561.67	0.042
561.87	0.041
562.06	0.041
562.26	0.041
562.46	0.041
562.66	0.041
562.86	0.041
563.05	0.041
563.25	0.041
563.45	0.041
563.65	0.041
563.84	0.041
564.04	0.041
564.24	0.040
564.44	0.040
564.63	0.041
564.83	0.040
565.03	0.040
565.22	0.040
565.42	0.039
565.62	0.040
565.82	0.040
566.01	0.040
566.21	0.041
566.41	0.041
566.61	0.041
566.80	0.041
567.00	0.041
567.20	0.041
567.40	0.041
567.59	0.041
567.79	0.041
567.99	0.040
568.18	0.040
568.38	0.041
568.58	0.041
568.78	0.041
568.97	0.041
569.17	0.041
569.37	0.041
569.56	0.041
569.76	0.041
569.96	0.042
570.16	0.042
570.35	0.042
570.55	0.042
570.75	0.042
570.94	0.042
571.14	0.042
571.34	0.042
571.53	0.042
571.73	0.042
571.93	0.042
572.12	0.042
572.32	0.041
572.52	0.042
572.72	0.042
572.91	0.042
573.11	0.042
573.31	0.042
573.50	0.042
573.70	0.042
573.90	0.042
574.09	0.042
574.29	0.042
574.49	0.042
574.68	0.041
574.88	0.042
575.08	0.041
575.27	0.041
575.47	0.041
575.67	0.041
575.86	0.041
576.06	0.041
576.26	0.041
576.45	0.041
576.65	0.041
576.85	0.042
577.04	0.042
577.24	0.041
577.44	0.041
577.63	0.041
577.83	0.041
578.02	0.041
578.22	0.041
578.42	0.041
578.61	0.040
578.81	0.040
579.01	0.040
579.20	0.040
579.40	0.040
579.60	0.040
579.79	0.040
579.99	0.040
580.19	0.040
580.38	0.040
580.58	0.040
580.77	0.040
580.97	0.040
581.17	0.040
581.36	0.040
581.56	0.040
581.75	0.040
581.95	0.040
582.15	0.040
582.34	0.040
582.54	0.040
582.74	0.040
582.93	0.040
583.13	0.041
583.32	0.041
583.52	0.041
583.72	0.042
583.91	0.042
584.11	0.041
584.30	0.042
584.50	0.042
584.70	0.042
584.89	0.042
585.09	0.041
585.28	0.041
585.48	0.041
585.68	0.041
585.87	0.040
586.07	0.040
586.26	0.040
586.46	0.039
586.66	0.039
586.85	0.039
587.05	0.040
587.24	0.039
587.44	0.040
587.63	0.040
587.83	0.040
588.03	0.040
588.22	0.041
588.42	0.040
588.61	0.040
588.81	0.040
589.00	0.040
589.20	0.041
589.40	0.041
589.59	0.041
589.79	0.040
589.98	0.040
590.18	0.041
590.37	0.040
590.57	0.041
590.76	0.040
590.96	0.040
591.16	0.040
591.35	0.040
591.55	0.041
591.74	0.041
591.94	0.041
592.13	0.041
592.33	0.041
592.52	0.041
592.72	0.041
592.91	0.041
593.11	0.041
593.30	0.040
593.50	0.041
593.70	0.040
593.89	0.040
594.09	0.040
594.28	0.040
594.48	0.040
594.67	0.040
594.87	0.040
595.06	0.040
595.26	0.040
595.45	0.040
595.65	0.040
595.84	0.039
596.04	0.039
596.23	0.039
596.43	0.040
596.62	0.040
596.82	0.040
597.01	0.040
597.21	0.040
597.40	0.041
597.60	0.041
597.79	0.041
597.99	0.041
598.18	0.041
598.38	0.041
598.57	0.041
598.77	0.040
598.96	0.040
599.16	0.040
599.35	0.040
599.55	0.040
599.74	0.039
599.94	0.039
600.13	0.039
600.33	0.039
600.52	0.039
600.72	0.040
600.91	0.040
601.11	0.040
601.30	0.040
601.50	0.039
601.69	0.040
601.89	0.040
602.08	0.039
602.27	0.039
602.47	0.039
602.66	0.039
602.86	0.039
603.05	0.039
603.25	0.040
603.44	0.040
603.64	0.040
603.83	0.040
604.03	0.040
604.22	0.040
604.41	0.040
604.61	0.040
604.80	0.040
605.00	0.040
605.19	0.040
605.39	0.040
605.58	0.040
605.78	0.040
605.97	0.039
606.16	0.039
606.36	0.040
606.55	0.039
606.75	0.039
606.94	0.039
607.14	0.039
607.33	0.039
607.52	0.039
607.72	0.039
607.91	0.039
608.11	0.038
608.30	0.038
608.50	0.039
608.69	0.038
608.88	0.039
609.08	0.038
609.27	0.038
609.47	0.038
609.66	0.037
609.85	0.038
610.05	0.038
610.24	0.038
610.44	0.038
610.63	0.038
610.83	0.038
611.02	0.039
611.21	0.039
611.41	0.039
611.60	0.039
611.80	0.039
611.99	0.040
612.18	0.040
612.38	0.040
612.57	0.039
612.76	0.039
612.96	0.039
613.15	0.039
613.35	0.039
613.54	0.039
613.73	0.039
613.93	0.039
614.12	0.039
614.32	0.039
614.51	0.039
614.70	0.039
614.90	0.039
615.09	0.039
615.28	0.039
615.48	0.039
615.67	0.039
615.86	0.039
616.06	0.039
616.25	0.039
616.45	0.039
616.64	0.039
616.83	0.038
617.03	0.039
617.22	0.038
617.41	0.038
617.61	0.038
617.80	0.038
617.99	0.038
618.19	0.038
618.38	0.038
618.57	0.038
618.77	0.038
618.96	0.038
619.15	0.038
619.35	0.038
619.54	0.038
619.73	0.038
619.93	0.038
620.12	0.038
620.31	0.038
620.51	0.038
620.70	0.039
620.89	0.038
621.09	0.038
621.28	0.038
621.47	0.038
621.67	0.038
621.86	0.038
622.05	0.038
622.25	0.038
622.44	0.038
622.63	0.038
622.83	0.039
623.02	0.038
623.21	0.038
623.41	0.038
623.60	0.039
623.79	0.038
623.98	0.038
624.18	0.038
624.37	0.039
624.56	0.038
624.76	0.038
624.95	0.039
625.14	0.038
625.33	0.038
625.53	0.039
625.72	0.038
625.91	0.039
626.11	0.038
626.30	0.038
626.49	0.038
626.68	0.038
626.88	0.038
627.07	0.038
627.26	0.038
627.46	0.038
627.65	0.037
627.84	0.038
628.03	0.038
628.23	0.038
628.42	0.038
628.61	0.038
628.80	0.038
629.00	0.038
629.19	0.038
629.38	0.037
629.58	0.038
629.77	0.037
629.96	0.037
630.15	0.037
630.35	0.037
630.54	0.037
630.73	0.037
630.92	0.037
631.12	0.037
631.31	0.037
631.50	0.037
631.69	0.037
631.89	0.036
632.08	0.036
632.27	0.036
632.46	0.036
632.65	0.036
632.85	0.036
633.04	0.036
633.23	0.036
633.42	0.036
633.62	0.037
633.81	0.037
634.00	0.037
634.19	0.037
634.39	0.038
634.58	0.037
634.77	0.037
634.96	0.038
635.15	0.038
635.35	0.038
635.54	0.038
635.73	0.037
635.92	0.038
636.11	0.037
636.31	0.038
636.50	0.038
636.69	0.037
636.88	0.037
637.07	0.037
637.27	0.037
637.46	0.037
637.65	0.037
637.84	0.037
638.03	0.037
638.23	0.037
638.42	0.037
638.61	0.037
638.80	0.037
638.99	0.037
639.19	0.037
639.38	0.037
639.57	0.037
639.76	0.037
639.95	0.037
640.14	0.038
640.34	0.038
640.53	0.038
640.72	0.038
640.91	0.037
641.10	0.037
641.30	0.037
641.49	0.037
641.68	0.037
641.87	0.037
642.06	0.037
642.25	0.036
642.44	0.037
642.64	0.036
642.83	0.036
643.02	0.037
643.21	0.036
643.40	0.036
643.59	0.037
643.79	0.037
643.98	0.036
644.17	0.037
644.36	0.037
644.55	0.037
644.74	0.037
644.93	0.037
645.13	0.037
645.32	0.037
645.51	0.037
645.70	0.037
645.89	0.037
646.08	0.037
646.27	0.037
646.46	0.036
646.66	0.037
646.85	0.037
647.04	0.037
647.23	0.037
647.42	0.037
647.61	0.037
647.80	0.037
647.99	0.037
648.19	0.037
648.38	0.037
648.57	0.037
648.76	0.036
648.95	0.037
649.14	0.037
649.33	0.036
649.52	0.036
649.71	0.036
649.91	0.036
650.10	0.036
650.29	0.036
650.48	0.036
650.67	0.036
650.86	0.036
651.05	0.036
651.24	0.036
651.43	0.036
651.62	0.037
651.81	0.036
652.01	0.036
652.20	0.036
652.39	0.037
652.58	0.036
652.77	0.036
652.96	0.036
653.15	0.036
653.34	0.036
653.53	0.036
653.72	0.036
653.91	0.037
654.10	0.037
654.29	0.038
654.48	0.038
654.68	0.038
654.87	0.038
655.06	0.038
655.25	0.039
655.44	0.039
655.63	0.039
655.82	0.038
656.01	0.038
656.20	0.038
656.39	0.038
656.58	0.038
656.77	0.037
656.96	0.037
657.15	0.036
657.34	0.036
657.53	0.036
657.72	0.037
657.91	0.037
658.10	0.036
658.29	0.036
658.48	0.037
658.68	0.037
658.87	0.037
659.06	0.037
659.25	0.037
659.44	0.037
659.63	0.036
659.82	0.036
660.01	0.036
660.20	0.036
660.39	0.036
660.58	0.035
660.77	0.035
660.96	0.035
661.15	0.035
661.34	0.035
661.53	0.035
661.72	0.035
661.91	0.035
662.10	0.035
662.29	0.036
662.48	0.036
662.67	0.036
662.86	0.037
663.05	0.037
663.24	0.037
663.43	0.037
663.62	0.036
663.81	0.036
664.00	0.036
664.19	0.036
664.38	0.036
664.57	0.036
664.76	0.036
664.95	0.035
665.14	0.035
665.33	0.036
665.52	0.036
665.71	0.036
665.90	0.036
666.09	0.036
666.28	0.037
666.46	0.036
666.65	0.037
666.84	0.037
667.03	0.037
667.22	0.036
667.41	0.036
667.60	0.036
667.79	0.036
667.98	0.036
668.17	0.036
668.36	0.036
668.55	0.036
668.74	0.036
668.93	0.037
669.12	0.036
669.31	0.036
669.50	0.036
669.69	0.036
669.88	0.036
670.07	0.036
670.26	0.036
670.44	0.036
670.63	0.036
670.82	0.037
671.01	0.036
671.20	0.036
671.39	0.037
671.58	0.037
671.77	0.037
671.96	0.037
672.15	0.037
672.34	0.037
672.53	0.036
672.72	0.036
672.91	0.036
673.09	0.036
673.28	0.036
673.47	0.036
673.66	0.037
673.85	0.037
674.04	0.037
674.23	0.037
674.42	0.037
674.61	0.037
674.80	0.037
674.98	0.037
675.17	0.036
675.36	0.036
675.55	0.036
675.74	0.036
675.93	0.036
676.12	0.036
676.31	0.036
676.50	0.036
676.69	0.036
676.87	0.036
677.06	0.036
677.25	0.036
677.44	0.036
677.63	0.036
677.82	0.037
678.01	0.037
678.20	0.036
678.38	0.036
678.57	0.036
678.76	0.036
678.95	0.036
679.14	0.036
679.33	0.036
679.52	0.036
679.71	0.036
679.89	0.036
680.08	0.037
680.27	0.037
680.46	0.037
680.65	0.038
680.84	0.037
681.02	0.037
681.21	0.037
681.40	0.037
681.59	0.037
681.78	0.037
681.97	0.037
682.16	0.037
682.34	0.036
682.53	0.036
682.72	0.037
682.91	0.036
683.10	0.037
683.29	0.036
683.47	0.036
683.66	0.036
683.85	0.037
684.04	0.037
684.23	0.037
684.42	0.037
684.60	0.037
684.79	0.037
684.98	0.037
685.17	0.037
685.36	0.037
685.54	0.037
685.73	0.037
685.92	0.036
686.11	0.036
686.30	0.036
686.49	0.036
686.67	0.036
686.86	0.036
687.05	0.036
687.24	0.036
687.43	0.036
687.61	0.036
687.80	0.037
687.99	0.036
688.18	0.036
688.36	0.036
688.55	0.036
688.74	0.036
688.93	0.036
689.12	0.036
689.30	0.036
689.49	0.036
689.68	0.036
689.87	0.037
690.06	0.036
690.24	0.036
690.43	0.036
690.62	0.036
690.81	0.036
690.99	0.036
691.18	0.036
691.37	0.036
691.56	0.036
691.74	0.036
691.93	0.036
692.12	0.036
692.31	0.037
692.50	0.037
692.68	0.037
692.87	0.037
693.06	0.037
693.25	0.037
693.43	0.037
693.62	0.037
693.81	0.037
694.00	0.036
694.18	0.036
694.37	0.036
694.56	0.036
694.74	0.036
694.93	0.036
695.12	0.036
695.31	0.037
695.49	0.037
695.68	0.037
695.87	0.038
696.06	0.038
696.24	0.038
696.43	0.038
696.62	0.038
696.80	0.037
696.99	0.037
697.18	0.037
697.37	0.037
697.55	0.036
697.74	0.036
697.93	0.036
698.12	0.036
698.30	0.036
698.49	0.036
698.68	0.037
698.86	0.036
699.05	0.036
699.24	0.037
699.42	0.037
699.61	0.037
699.80	0.037
699.99	0.037
700.17	0.036
700.36	0.036
700.55	0.036
700.73	0.036
700.92	0.036
701.11	0.036
701.29	0.036
701.48	0.036
701.67	0.036
701.85	0.037
702.04	0.037
702.23	0.037
702.41	0.036
702.60	0.036
702.79	0.036
702.97	0.036
703.16	0.036
703.35	0.036
703.53	0.036
703.72	0.036
703.91	0.036
704.09	0.036
704.28	0.037
704.47	0.036
704.65	0.036
704.84	0.036
705.03	0.036
705.21	0.036
705.40	0.036
705.59	0.036
705.77	0.036
705.96	0.036
706.15	0.036
706.33	0.036
706.52	0.036
706.71	0.036
706.89	0.036
707.08	0.037
707.26	0.037
707.45	0.037
707.64	0.037
707.82	0.037
708.01	0.037
708.20	0.037
708.38	0.037
708.57	0.037
708.75	0.037
708.94	0.037
709.13	0.036
709.31	0.036
709.50	0.036
709.69	0.037
709.87	0.037
710.06	0.037
710.24	0.035
710.43	0.036
710.62	0.036
710.80	0.036
710.99	0.036
711.17	0.036
711.36	0.036
711.55	0.036
711.73	0.036
711.92	0.037
712.10	0.037
712.29	0.037
712.48	0.037
712.66	0.037
712.85	0.037
713.03	0.037
713.22	0.037
713.40	0.037
713.59	0.037
713.78	0.037
713.96	0.037
714.15	0.037
714.33	0.036
714.52	0.036
714.71	0.036
714.89	0.036
715.08	0.036
715.26	0.036
715.45	0.036
715.63	0.036
715.82	0.036
716.00	0.036
716.19	0.036
716.38	0.036
716.56	0.036
716.75	0.036
716.93	0.036
717.12	0.036
717.30	0.036
717.49	0.035
717.67	0.036
717.86	0.036
718.05	0.036
718.23	0.036
718.42	0.036
718.60	0.037
718.79	0.037
718.97	0.037
719.16	0.037
719.34	0.037
719.53	0.037
719.71	0.037
719.90	0.037
720.08	0.037
720.27	0.036
720.45	0.037
720.64	0.037
720.83	0.037
721.01	0.037
721.20	0.037
721.38	0.037
721.57	0.037
721.75	0.037
721.94	0.037
722.12	0.037
722.31	0.036
722.49	0.037
722.68	0.036
722.86	0.037
723.05	0.037
723.23	0.037
723.42	0.037
723.60	0.037
723.79	0.037
723.97	0.037
724.16	0.037
724.34	0.038
724.53	0.038
724.71	0.038
724.90	0.037
725.08	0.036
725.27	0.037
725.45	0.037
725.64	0.037
725.82	0.037
726.00	0.037
726.19	0.036
726.37	0.036
726.56	0.036
726.74	0.037
726.93	0.036
727.11	0.037
727.30	0.036
727.48	0.036
727.67	0.037
727.85	0.037
728.04	0.037
728.22	0.037
728.40	0.037
728.59	0.037
728.77	0.037
728.96	0.037
729.14	0.037
729.33	0.036
729.51	0.036
729.70	0.036
729.88	0.036
730.07	0.036
730.25	0.036
730.43	0.037
730.62	0.037
730.80	0.037
730.99	0.037
731.17	0.038
731.36	0.037
731.54	0.037
731.72	0.037
731.91	0.038
732.09	0.037
732.28	0.037
732.46	0.038
732.65	0.037
732.83	0.037
733.01	0.037
733.20	0.037
733.38	0.037
733.57	0.037
733.75	0.037
733.93	0.037
734.12	0.037
734.30	0.037
734.49	0.037
734.67	0.037
734.85	0.037
735.04	0.037
735.22	0.037
735.41	0.037
735.59	0.037
735.77	0.037
735.96	0.037
736.14	0.037
736.33	0.037
736.51	0.037
736.69	0.037
736.88	0.037
737.06	0.037
737.25	0.037
737.43	0.037
737.61	0.037
737.80	0.037
737.98	0.036
738.16	0.037
738.35	0.036
738.53	0.036
738.71	0.037
738.90	0.036
739.08	0.036
739.27	0.037
739.45	0.036
739.63	0.037
739.82	0.037
740.00	0.038
740.18	0.038
740.37	0.037
740.55	0.037
740.73	0.037
740.92	0.037
741.10	0.037
741.28	0.037
741.47	0.037
741.65	0.036
741.83	0.036
742.02	0.036
742.20	0.037
742.38	0.036
742.57	0.036
742.75	0.037
742.93	0.037
743.12	0.037
743.30	0.037
743.48	0.037
743.67	0.037
743.85	0.037
744.03	0.037
744.22	0.037
744.40	0.036
744.58	0.036
744.77	0.036
744.95	0.036
745.13	0.036
745.32	0.036
745.50	0.036
745.68	0.036
745.87	0.037
746.05	0.036
746.23	0.036
746.41	0.036
746.60	0.036
746.78	0.036
746.96	0.036
747.15	0.036
747.33	0.036
747.51	0.036
747.70	0.036
747.88	0.036
748.06	0.037
748.24	0.037
748.43	0.037
748.61	0.037
748.79	0.037
748.97	0.037
749.16	0.037
749.34	0.037
749.52	0.037
749.71	0.037
749.89	0.037
750.07	0.037
750.25	0.037
750.44	0.037
750.62	0.037
750.80	0.037
750.98	0.037
751.17	0.037
751.35	0.037
751.53	0.037
751.71	0.037
751.90	0.037
752.08	0.037
752.26	0.037
752.44	0.036
752.63	0.036
752.81	0.037
752.99	0.036
753.17	0.037
753.36	0.037
753.54	0.036
753.72	0.037
753.90	0.037
754.09	0.037
754.27	0.037
754.45	0.038
754.63	0.038
754.82	0.038
755.00	0.038
755.18	0.038
755.36	0.038
755.54	0.038
755.73	0.038
755.91	0.038
756.09	0.038
756.27	0.037
756.45	0.037
756.64	0.038
756.82	0.038
757.00	0.037
757.18	0.037
757.37	0.037
757.55	0.037
757.73	0.037
757.91	0.038
758.09	0.038
758.27	0.037
758.46	0.038
758.64	0.038
758.82	0.038
759.00	0.038
759.18	0.037
759.37	0.037
759.55	0.037
759.73	0.037
759.91	0.037
760.09	0.038
760.28	0.038
760.46	0.038
760.64	0.038
760.82	0.038
761.00	0.038
761.18	0.038
761.37	0.038
761.55	0.038
761.73	0.037
761.91	0.037
762.09	0.038
762.27	0.038
762.46	0.038
762.64	0.038
762.82	0.038
763.00	0.038
763.18	0.038
763.36	0.038
763.54	0.038
763.73	0.038
763.91	0.038
764.09	0.038
764.27	0.038
764.45	0.038
764.63	0.038
764.81	0.038
765.00	0.038
765.18	0.039
765.36	0.038
765.54	0.039
765.72	0.038
765.90	0.038
766.08	0.038
766.27	0.037
766.45	0.037
766.63	0.038
766.81	0.037
766.99	0.037
767.17	0.037
767.35	0.037
767.53	0.037
767.71	0.037
767.90	0.037
768.08	0.037
768.26	0.037
768.44	0.037
768.62	0.037
768.80	0.037
768.98	0.037
769.16	0.037
769.34	0.037
769.52	0.037
769.71	0.037
769.89	0.037
770.07	0.037
770.25	0.037
770.43	0.037
770.61	0.038
770.79	0.038
770.97	0.037
771.15	0.037
771.33	0.038
771.51	0.038
771.69	0.038
771.88	0.037
772.06	0.037
772.24	0.037
772.42	0.037
772.60	0.037
772.78	0.036
772.96	0.037
773.14	0.036
773.32	0.037
773.50	0.037
773.68	0.038
773.86	0.038
774.04	0.038
774.22	0.038
774.40	0.038
774.58	0.038
774.77	0.038
774.95	0.038
775.13	0.038
775.31	0.038
775.49	0.038
775.67	0.038
775.85	0.038
776.03	0.038
776.21	0.038
776.39	0.038
776.57	0.038
776.75	0.037
776.93	0.037
777.11	0.037
777.29	0.037
777.47	0.037
777.65	0.037
777.83	0.037
778.01	0.037
778.19	0.037
778.37	0.037
778.55	0.037
778.73	0.038
778.91	0.038
779.09	0.038
779.27	0.038
779.45	0.038
779.63	0.038
779.81	0.038
779.99	0.038
780.17	0.038
780.35	0.038
780.53	0.038
780.71	0.038
780.89	0.038
781.07	0.038
781.25	0.038
781.43	0.038
781.61	0.037
781.79	0.038
781.97	0.037
782.15	0.037
782.33	0.037
782.51	0.037
782.69	0.037
782.87	0.038
783.05	0.038
783.23	0.038
783.41	0.038
783.59	0.038
783.77	0.038
783.95	0.038
784.13	0.038
784.31	0.038
784.49	0.038
784.67	0.038
784.85	0.038
785.03	0.038
785.21	0.038
785.38	0.038
785.56	0.038
785.74	0.038
785.92	0.038
786.10	0.038
786.28	0.038
786.46	0.038
786.64	0.038
786.82	0.038
787.00	0.038
787.18	0.038
787.36	0.037
787.54	0.038
787.72	0.037
787.90	0.038
788.08	0.038
788.25	0.038
788.43	0.038
788.61	0.038
788.79	0.038
788.97	0.039
789.15	0.039
789.33	0.039
789.51	0.039
789.69	0.039
789.87	0.039
790.05	0.039
790.23	0.039
790.40	0.038
790.58	0.038
790.76	0.038
790.94	0.038
791.12	0.038
791.30	0.038
791.48	0.038
791.66	0.038
791.84	0.038
792.02	0.038
792.19	0.038
792.37	0.038
792.55	0.038
792.73	0.038
792.91	0.038
793.09	0.039
793.27	0.039
793.45	0.039
793.63	0.040
793.80	0.040
793.98	0.040
794.16	0.040
794.34	0.039
794.52	0.040
794.70	0.039
794.88	0.038
795.05	0.038
795.23	0.038
795.41	0.038
795.59	0.038
795.77	0.038
795.95	0.038
796.13	0.038
796.30	0.038
796.48	0.039
796.66	0.039
796.84	0.039
797.02	0.040
797.20	0.040
797.38	0.040
797.55	0.040
797.73	0.040
797.91	0.040
798.09	0.040
798.27	0.039
798.45	0.039
798.62	0.039
798.80	0.039
798.98	0.039
799.16	0.039
799.34	0.040
799.52	0.040
799.69	0.039
799.87	0.039
800.05	0.038
800.23	0.039
800.41	0.039
800.58	0.038
800.76	0.038
800.94	0.038
801.12	0.037
801.30	0.038
801.47	0.038
801.65	0.038
801.83	0.038
802.01	0.038
802.19	0.038
802.36	0.038
802.54	0.037
802.72	0.038
802.90	0.038
803.08	0.038
803.25	0.039
803.43	0.039
803.61	0.038
803.79	0.039
803.97	0.039
804.14	0.039
804.32	0.039
804.50	0.038
804.68	0.038
804.85	0.038
805.03	0.038
805.21	0.038
805.39	0.039
805.56	0.039
805.74	0.039
805.92	0.039
806.10	0.040
806.28	0.040
806.45	0.040
806.63	0.040
806.81	0.040
806.99	0.039
807.16	0.040
807.34	0.039
807.52	0.040
807.70	0.040
807.87	0.040
808.05	0.040
808.23	0.040
808.41	0.040
808.58	0.040
808.76	0.040
808.94	0.040
809.11	0.040
809.29	0.039
809.47	0.039
809.65	0.039
809.82	0.039
810.00	0.039
810.18	0.039
810.36	0.039
810.53	0.038
810.71	0.038
810.89	0.038
811.06	0.038
811.24	0.038
811.42	0.038
811.60	0.038
811.77	0.038
811.95	0.038
812.13	0.038
812.30	0.038
812.48	0.039
812.66	0.039
812.83	0.039
813.01	0.038
813.19	0.039
813.37	0.039
813.54	0.039
813.72	0.039
813.90	0.039
814.07	0.039
814.25	0.038
814.43	0.039
814.60	0.039
814.78	0.038
814.96	0.038
815.13	0.039
815.31	0.039
815.49	0.039
815.66	0.039
815.84	0.039
816.02	0.039
816.19	0.039
816.37	0.039
816.55	0.039
816.72	0.039
816.90	0.039
817.08	0.039
817.25	0.038
817.43	0.038
817.61	0.038
817.78	0.038
817.96	0.038
818.14	0.038
818.31	0.038
818.49	0.038
818.67	0.038
818.84	0.039
819.02	0.039
819.19	0.039
819.37	0.039
819.55	0.039
819.72	0.040
819.90	0.039
820.08	0.039
820.25	0.040
820.43	0.040
820.60	0.040
820.78	0.040
820.96	0.040
821.13	0.040
821.31	0.040
821.49	0.039
821.66	0.040
821.84	0.039
822.01	0.039
822.19	0.039
822.37	0.039
822.54	0.039
822.72	0.039
822.89	0.039
823.07	0.039
823.25	0.039
823.42	0.039
823.60	0.039
823.77	0.039
823.95	0.039
824.13	0.039
824.30	0.039
824.48	0.040
824.65	0.039
824.83	0.040
825.01	0.040
825.18	0.040
825.36	0.041
825.53	0.041
825.71	0.041
825.88	0.040
826.06	0.040
826.24	0.041
826.41	0.041
826.59	0.041
826.76	0.041
826.94	0.041
827.11	0.040
827.29	0.040
827.47	0.040
827.64	0.040
827.82	0.039
827.99	0.039
828.17	0.039
828.34	0.039
828.52	0.038
828.69	0.039
828.87	0.039
829.04	0.039
829.22	0.038
829.40	0.038
829.57	0.038
829.75	0.038
829.92	0.038
830.10	0.038
830.27	0.039
830.45	0.038
830.62	0.038
830.80	0.038
830.97	0.038
831.15	0.038
831.32	0.039
831.50	0.040
831.67	0.039
831.85	0.039
832.02	0.039
832.20	0.039
832.37	0.040
832.55	0.039
832.73	0.039
832.90	0.038
833.08	0.038
833.25	0.038
833.43	0.038
833.60	0.038
833.78	0.038
833.95	0.038
834.13	0.038
834.30	0.037
834.48	0.038
834.65	0.038
834.82	0.037
835.00	0.037
835.17	0.037
835.35	0.038
835.52	0.038
835.70	0.038
835.87	0.038
836.05	0.039
836.22	0.039
836.40	0.040
836.57	0.039
836.75	0.039
836.92	0.039
837.10	0.039
837.27	0.039
837.45	0.038
837.62	0.038
837.80	0.037
837.97	0.037
838.14	0.037
838.32	0.037
838.49	0.037
838.67	0.037
838.84	0.037
839.02	0.037
839.19	0.037
839.37	0.038
839.54	0.038
839.71	0.038
839.89	0.038
840.06	0.037
840.24	0.037
840.41	0.037
840.59	0.037
840.76	0.037
840.94	0.037
841.11	0.036
841.28	0.037
841.46	0.036
841.63	0.037
841.81	0.038
841.98	0.038
842.15	0.038
842.33	0.038
842.50	0.038
842.68	0.038
842.85	0.039
843.03	0.039
843.20	0.039
843.37	0.039
843.55	0.040
843.72	0.040
843.90	0.040
844.07	0.039
844.24	0.039
844.42	0.039
844.59	0.039
844.77	0.039
844.94	0.039
845.11	0.038
845.29	0.039
845.46	0.039
845.63	0.039
845.81	0.039
845.98	0.039
846.16	0.038
846.33	0.038
846.50	0.039
846.68	0.039
846.85	0.039
847.02	0.039
847.20	0.039
847.37	0.038
847.55	0.039
847.72	0.039
847.89	0.040
848.07	0.039
848.24	0.039
848.41	0.039
848.59	0.040
848.76	0.040
848.93	0.040
849.11	0.040
849.28	0.039
849.45	0.039
849.63	0.039
849.80	0.039
849.97	0.039
850.15	0.039
850.32	0.040
850.49	0.040
850.67	0.039
850.84	0.039
851.01	0.040
851.19	0.040
851.36	0.039
851.53	0.039
851.71	0.039
851.88	0.038
852.05	0.038
852.23	0.039
852.40	0.039
852.57	0.039
852.75	0.039
852.92	0.040
853.09	0.039
853.27	0.040
853.44	0.040
853.61	0.040
853.79	0.040
853.96	0.040
854.13	0.040
854.30	0.041
854.48	0.040
854.65	0.041
854.82	0.041
855.00	0.042
855.17	0.041
855.34	0.042
855.51	0.042
855.69	0.042
855.86	0.042
856.03	0.042
856.21	0.042
856.38	0.041
856.55	0.041
856.72	0.041
856.90	0.041
857.07	0.042
857.24	0.042
857.42	0.042
857.59	0.042
857.76	0.042
857.93	0.042
858.11	0.042
858.28	0.042
858.45	0.041
858.62	0.041
858.80	0.041
858.97	0.041
859.14	0.040
859.31	0.041
859.49	0.041
859.66	0.041
859.83	0.041
860.00	0.042
860.18	0.042
860.35	0.042
860.52	0.042
860.69	0.042
860.86	0.042
861.04	0.042
861.21	0.042
861.38	0.043
861.55	0.042
861.73	0.042
861.90	0.042
862.07	0.043
862.24	0.043
862.42	0.043
862.59	0.043
862.76	0.044
862.93	0.043
863.10	0.044
863.28	0.044
863.45	0.044
863.62	0.044
863.79	0.045
863.96	0.044
864.14	0.044
864.31	0.045
864.48	0.045
864.65	0.045
864.82	0.046
865.00	0.046
865.17	0.046
865.34	0.046
865.51	0.047
865.68	0.047
865.86	0.047
866.03	0.047
866.20	0.047
866.37	0.046
866.54	0.046
866.71	0.046
866.89	0.046
867.06	0.046
867.23	0.046
867.40	0.046
867.57	0.046
867.74	0.046
867.92	0.046
868.09	0.046
868.26	0.045
868.43	0.046
868.60	0.045
868.77	0.047
868.95	0.047
869.12	0.046
869.29	0.047
869.46	0.047
869.63	0.048
869.80	0.049
869.97	0.048
870.15	0.048
870.32	0.048
870.49	0.049
870.66	0.049
870.83	0.048
871.00	0.049
871.17	0.049
871.34	0.048
871.52	0.048
871.69	0.049
871.86	0.049
872.03	0.048
872.20	0.049
872.37	0.049
872.54	0.049
872.71	0.048
872.89	0.049
873.06	0.049
873.23	0.049
873.40	0.049
873.57	0.049
873.74	0.048
873.91	0.048
874.08	0.049
874.25	0.049
874.42	0.049
874.60	0.048
874.77	0.049
874.94	0.049
875.11	0.049
875.28	0.049
875.45	0.048
875.62	0.048
875.79	0.049
875.96	0.049
876.13	0.050
876.30	0.050
876.47	0.050
876.65	0.050
876.82	0.051
876.99	0.051
877.16	0.052
877.33	0.051
877.50	0.052
877.67	0.051
877.84	0.052
878.01	0.052
878.18	0.051
878.35	0.052
878.52	0.053
878.69	0.052
878.86	0.052
879.03	0.051
879.20	0.051
879.38	0.051
879.55	0.051
879.72	0.051
879.89	0.050
880.06	0.050
880.23	0.052
880.40	0.052
880.57	0.053
880.74	0.053
880.91	0.052
881.08	0.052
881.25	0.053
881.42	0.053
881.59	0.053
881.76	0.052
881.93	0.052
882.10	0.052
882.27	0.052
882.44	0.053
882.61	0.053
882.78	0.053
882.95	0.053
883.12	0.052
883.29	0.053
883.46	0.052
883.63	0.052
883.80	0.052
883.97	0.052
884.14	0.052
884.31	0.053
884.48	0.053
884.65	0.054
884.82	0.054
884.99	0.055
885.16	0.055
885.33	0.055
885.50	0.056
885.67	0.056
885.84	0.055
886.01	0.055
886.18	0.054
886.35	0.054
886.52	0.054
886.69	0.052
886.86	0.053
887.03	0.052
887.20	0.053
887.37	0.053
887.54	0.053
887.71	0.053
887.88	0.051
888.05	0.051
888.22	0.052
888.39	0.051
888.55	0.051
888.72	0.051
888.89	0.051
889.06	0.051
889.23	0.051
889.40	0.053
889.57	0.054
889.74	0.053
889.91	0.055
890.08	0.054
890.25	0.054
890.42	0.054
890.59	0.054
890.76	0.053
890.93	0.052
891.10	0.052
891.26	0.053
891.43	0.053
891.60	0.052
891.77	0.052
891.94	0.053
892.11	0.053
892.28	0.054
892.45	0.054
892.62	0.054
892.79	0.054
892.96	0.053
893.13	0.054
893.29	0.053
893.46	0.052
893.63	0.052
893.80	0.052
893.97	0.050
894.14	0.050
894.31	0.050
894.48	0.053
894.65	0.040
894.81	0.057
894.98	0.047
