177.34	-0.000
177.56	-0.000
177.78	-0.000
178.00	0.404
178.22	-0.864
178.44	-0.000
178.66	-0.560
178.89	-0.000
179.11	0.855
179.33	-0.155
179.55	-0.394
179.77	-0.081
179.99	-0.564
180.21	-0.241
180.43	-0.000
180.65	-0.000
180.87	0.819
181.09	0.716
181.31	0.451
181.53	0.450
181.75	0.412
181.97	0.389
182.19	0.426
182.41	0.427
182.63	0.435
182.85	0.423
183.07	0.401
183.30	0.458
183.52	0.446
183.74	0.439
183.96	0.459
184.18	0.452
184.40	0.463
184.62	0.522
184.84	0.525
185.06	0.558
185.28	0.559
185.50	0.541
185.72	0.596
185.94	0.585
186.16	0.632
186.38	0.701
186.60	0.727
186.82	0.782
187.04	0.798
187.26	0.809
187.48	0.890
187.70	0.892
187.92	0.966
188.14	0.950
188.36	0.956
188.58	0.986
188.80	1.030
189.02	1.049
189.24	1.110
189.46	1.143
189.68	1.196
189.90	1.210
190.12	1.250
190.34	1.227
190.56	1.202
190.78	1.201
191.00	1.286
191.22	1.242
191.44	1.258
191.66	1.296
191.88	1.261
192.10	1.305
192.32	1.381
192.54	1.370
192.76	1.393
192.98	1.350
193.20	1.406
193.42	1.390
193.64	1.403
193.86	1.468
194.08	1.479
194.30	1.449
194.52	1.478
194.74	1.473
194.96	1.505
195.18	1.490
195.40	1.531
195.62	1.504
195.84	1.482
196.06	1.476
196.28	1.489
196.50	1.504
196.72	1.526
196.94	1.519
197.16	1.545
197.38	1.542
197.60	1.560
197.82	1.595
198.04	1.608
198.26	1.599
198.48	1.621
198.70	1.621
198.92	1.646
199.13	1.688
199.35	1.758
199.57	1.753
199.79	1.782
200.01	1.743
200.23	1.788
200.45	1.819
200.67	1.822
200.89	1.891
201.11	1.841
201.33	1.772
201.55	1.796
201.77	1.761
201.99	1.811
202.21	1.793
202.43	1.797
202.65	1.794
202.87	1.733
203.09	1.748
203.31	1.789
203.52	1.842
203.74	1.939
203.96	1.974
204.18	2.033
204.40	2.004
204.62	1.985
204.84	2.022
205.06	2.012
205.28	2.013
205.50	1.978
205.72	1.912
205.94	1.916
206.16	1.902
206.38	1.917
206.59	1.964
206.81	1.964
207.03	1.971
207.25	1.982
207.47	2.000
207.69	1.994
207.91	1.984
208.13	2.009
208.35	2.006
208.57	2.016
208.79	2.043
209.01	2.051
209.22	2.065
209.44	2.025
209.66	2.061
209.88	2.061
210.10	2.060
210.32	2.088
210.54	2.064
210.76	2.072
210.98	2.123
211.20	2.112
211.42	2.134
211.63	2.139
211.85	2.123
212.07	2.134
212.29	2.108
212.51	2.174
212.73	2.195
212.95	2.173
213.17	2.149
213.39	2.157
213.60	2.141
213.82	2.181
214.04	2.172
214.26	2.186
214.48	2.155
214.70	2.135
214.92	2.136
215.14	2.164
215.35	2.161
215.57	2.169
215.79	2.140
216.01	2.150
216.23	2.156
216.45	2.157
216.67	2.156
216.89	2.183
217.10	2.201
217.32	2.208
217.54	2.225
217.76	2.239
217.98	2.234
218.20	2.279
218.42	2.301
218.64	2.331
218.85	2.311
219.07	2.336
219.29	2.378
219.51	2.411
219.73	2.411
219.95	2.420
220.17	2.405
220.38	2.413
220.60	2.419
220.82	2.399
221.04	2.363
221.26	2.342
221.48	2.348
221.69	2.384
221.91	2.401
222.13	2.379
222.35	2.346
222.57	2.329
222.79	2.337
223.00	2.330
223.22	2.329
223.44	2.323
223.66	2.310
223.88	2.316
224.10	2.299
224.32	2.333
224.53	2.315
224.75	2.319
224.97	2.352
225.19	2.392
225.41	2.385
225.62	2.391
225.84	2.364
226.06	2.426
226.28	2.421
226.50	2.470
226.72	2.508
226.93	2.481
227.15	2.414
227.37	2.400
227.59	2.404
227.81	2.420
228.02	2.409
228.24	2.423
228.46	2.419
228.68	2.399
228.90	2.412
229.12	2.436
229.33	2.456
229.55	2.438
229.77	2.444
229.99	2.439
230.21	2.434
230.42	2.414
230.64	2.408
230.86	2.403
231.08	2.426
231.30	2.414
231.51	2.422
231.73	2.397
231.95	2.394
232.17	2.389
232.38	2.392
232.60	2.382
232.82	2.355
233.04	2.337
233.26	2.311
233.47	2.287
233.69	2.274
233.91	2.248
234.13	2.239
234.35	2.220
234.56	2.203
234.78	2.206
235.00	2.181
235.22	2.175
235.43	2.163
235.65	2.149
235.87	2.123
236.09	2.087
236.30	2.060
236.52	2.040
236.74	2.008
236.96	1.991
237.18	1.971
237.39	1.949
237.61	1.925
237.83	1.909
238.05	1.894
238.26	1.874
238.48	1.856
238.70	1.839
238.92	1.816
239.13	1.799
239.35	1.781
239.57	1.770
239.79	1.755
240.00	1.738
240.22	1.722
240.44	1.705
240.66	1.689
240.87	1.675
241.09	1.661
241.31	1.647
241.53	1.629
241.74	1.612
241.96	1.597
242.18	1.585
242.40	1.570
242.61	1.555
242.83	1.542
243.05	1.527
243.27	1.515
243.48	1.503
243.70	1.492
243.92	1.479
244.13	1.467
244.35	1.457
244.57	1.444
244.79	1.434
245.00	1.423
245.22	1.411
245.44	1.401
245.65	1.390
245.87	1.381
246.09	1.371
246.31	1.362
246.52	1.355
246.74	1.345
246.96	1.336
247.18	1.330
247.39	1.322
247.61	1.314
247.83	1.307
248.04	1.299
248.26	1.291
248.48	1.284
248.69	1.276
248.91	1.271
249.13	1.262
249.35	1.255
249.56	1.250
249.78	1.244
250.00	1.238
250.21	1.233
250.43	1.226
250.65	1.221
250.86	1.215
251.08	1.211
251.30	1.206
251.51	1.201
251.73	1.196
251.95	1.191
252.17	1.185
252.38	1.180
252.60	1.176
252.82	1.171
253.03	1.166
253.25	1.162
253.47	1.157
253.68	1.152
253.90	1.148
254.12	1.145
254.33	1.143
254.55	1.138
254.77	1.135
254.98	1.131
255.20	1.127
255.42	1.123
255.63	1.121
255.85	1.117
256.07	1.114
256.28	1.110
256.50	1.107
256.72	1.104
256.93	1.102
257.15	1.098
257.37	1.096
257.58	1.092
257.80	1.089
258.02	1.086
258.23	1.082
258.45	1.080
258.67	1.076
258.88	1.072
259.10	1.069
259.32	1.067
259.53	1.065
259.75	1.062
259.96	1.060
260.18	1.058
260.40	1.055
260.61	1.053
260.83	1.052
261.05	1.050
261.26	1.046
261.48	1.044
261.70	1.041
261.91	1.038
262.13	1.036
262.34	1.032
262.56	1.030
262.78	1.029
262.99	1.026
263.21	1.024
263.43	1.022
263.64	1.020
263.86	1.017
264.07	1.016
264.29	1.015
264.51	1.013
264.72	1.011
264.94	1.009
265.16	1.007
265.37	1.005
265.59	1.003
265.80	1.001
266.02	0.998
266.24	0.996
266.45	0.993
266.67	0.990
266.88	0.988
267.10	0.986
267.32	0.984
267.53	0.981
267.75	0.979
267.96	0.976
268.18	0.973
268.40	0.971
268.61	0.968
268.83	0.967
269.04	0.964
269.26	0.962
269.48	0.959
269.69	0.955
269.91	0.953
270.12	0.950
270.34	0.948
270.56	0.944
270.77	0.940
270.99	0.936
271.20	0.933
271.42	0.930
271.64	0.927
271.85	0.925
272.07	0.921
272.28	0.917
272.50	0.914
272.71	0.910
272.93	0.906
273.15	0.903
273.36	0.898
273.58	0.895
273.79	0.891
274.01	0.888
274.22	0.885
274.44	0.882
274.66	0.879
274.87	0.875
275.09	0.872
275.30	0.868
275.52	0.863
275.73	0.859
275.95	0.855
276.16	0.850
276.38	0.846
276.60	0.842
276.81	0.838
277.03	0.833
277.24	0.829
277.46	0.825
277.67	0.821
277.89	0.817
278.10	0.813
278.32	0.809
278.53	0.804
278.75	0.800
278.97	0.796
279.18	0.791
279.40	0.786
279.61	0.782
279.83	0.777
280.04	0.772
280.26	0.767
280.47	0.762
280.69	0.758
280.90	0.753
281.12	0.749
281.33	0.744
281.55	0.740
281.76	0.735
281.98	0.731
282.20	0.726
282.41	0.722
282.63	0.717
282.84	0.712
283.06	0.707
283.27	0.702
283.49	0.697
283.70	0.693
283.92	0.688
284.13	0.684
284.35	0.679
284.56	0.674
284.78	0.669
284.99	0.664
285.21	0.661
285.42	0.656
285.64	0.652
285.85	0.647
286.07	0.641
286.28	0.637
286.50	0.632
286.71	0.628
286.93	0.624
287.14	0.619
287.36	0.615
287.57	0.610
287.79	0.605
288.00	0.601
288.22	0.596
288.43	0.592
288.65	0.587
288.86	0.583
289.08	0.578
289.29	0.574
289.51	0.570
289.72	0.566
289.94	0.561
290.15	0.557
290.37	0.552
290.58	0.549
290.80	0.544
291.01	0.541
291.22	0.537
291.44	0.533
291.65	0.528
291.87	0.525
292.08	0.522
292.30	0.519
292.51	0.515
292.73	0.511
292.94	0.507
293.16	0.503
293.37	0.500
293.59	0.497
293.80	0.494
294.02	0.489
294.23	0.486
294.44	0.483
294.66	0.480
294.87	0.477
295.09	0.474
295.30	0.470
295.52	0.467
295.73	0.463
295.95	0.460
296.16	0.457
296.37	0.453
296.59	0.451
296.80	0.447
297.02	0.444
297.23	0.441
297.45	0.438
297.66	0.435
297.88	0.432
298.09	0.429
298.30	0.426
298.52	0.423
298.73	0.419
298.95	0.417
299.16	0.414
299.38	0.412
299.59	0.409
299.80	0.406
300.02	0.403
300.23	0.400
300.45	0.397
300.66	0.396
300.88	0.392
301.09	0.390
301.30	0.387
301.52	0.384
301.73	0.381
301.95	0.379
302.16	0.376
302.37	0.374
302.59	0.371
302.80	0.369
303.02	0.366
303.23	0.363
303.45	0.361
303.66	0.359
303.87	0.356
304.09	0.353
304.30	0.351
304.52	0.349
304.73	0.347
304.94	0.345
305.16	0.343
305.37	0.340
305.59	0.339
305.80	0.337
306.01	0.335
306.23	0.333
306.44	0.330
306.65	0.328
306.87	0.326
307.08	0.324
307.30	0.322
307.51	0.320
307.72	0.318
307.94	0.316
308.15	0.314
308.37	0.312
308.58	0.310
308.79	0.308
309.01	0.306
309.22	0.304
309.43	0.302
309.65	0.299
309.86	0.296
310.07	0.294
310.29	0.292
310.50	0.290
310.72	0.287
310.93	0.285
311.14	0.283
311.36	0.281
311.57	0.279
311.78	0.277
312.00	0.275
312.21	0.274
312.42	0.273
312.64	0.272
312.85	0.270
313.07	0.269
313.28	0.267
313.49	0.266
313.71	0.264
313.92	0.263
314.13	0.261
314.35	0.259
314.56	0.257
314.77	0.256
314.99	0.254
315.20	0.253
315.41	0.251
315.63	0.250
315.84	0.249
316.05	0.248
316.27	0.246
316.48	0.245
316.69	0.244
316.91	0.242
317.12	0.241
317.33	0.240
317.55	0.239
317.76	0.237
317.97	0.236
318.19	0.235
318.40	0.234
318.61	0.233
318.83	0.232
319.04	0.231
319.25	0.230
319.47	0.229
319.68	0.228
319.89	0.227
320.10	0.226
320.32	0.225
320.53	0.224
320.74	0.223
320.96	0.222
321.17	0.221
321.38	0.219
321.60	0.218
321.81	0.216
322.02	0.215
322.24	0.214
322.45	0.213
322.66	0.212
322.87	0.212
323.09	0.211
323.30	0.210
323.51	0.210
323.73	0.208
323.94	0.207
324.15	0.207
324.36	0.206
324.58	0.205
324.79	0.204
325.00	0.204
325.22	0.203
325.43	0.202
325.64	0.202
325.85	0.201
326.07	0.200
326.28	0.199
326.49	0.199
326.71	0.198
326.92	0.197
327.13	0.196
327.34	0.196
327.56	0.195
327.77	0.195
327.98	0.194
328.19	0.193
328.41	0.193
328.62	0.192
328.83	0.191
329.04	0.190
329.26	0.189
329.47	0.189
329.68	0.188
329.90	0.187
330.11	0.187
330.32	0.186
330.53	0.186
330.75	0.185
330.96	0.185
331.17	0.184
331.38	0.183
331.60	0.183
331.81	0.182
332.02	0.182
332.23	0.181
332.44	0.181
332.66	0.180
332.87	0.179
333.08	0.179
333.29	0.179
333.51	0.178
333.72	0.178
333.93	0.177
334.14	0.176
334.36	0.175
334.57	0.175
334.78	0.175
334.99	0.174
335.21	0.173
335.42	0.172
335.63	0.172
335.84	0.171
336.05	0.171
336.27	0.170
336.48	0.170
336.69	0.169
336.90	0.169
337.11	0.169
337.33	0.168
337.54	0.168
337.75	0.168
337.96	0.167
338.18	0.166
338.39	0.166
338.60	0.165
338.81	0.165
339.02	0.164
339.24	0.164
339.45	0.163
339.66	0.163
339.87	0.163
340.08	0.163
340.30	0.162
340.51	0.161
340.72	0.161
340.93	0.161
341.14	0.160
341.36	0.160
341.57	0.160
341.78	0.159
341.99	0.159
342.20	0.159
342.41	0.158
342.63	0.158
342.84	0.157
343.05	0.157
343.26	0.156
343.47	0.156
343.69	0.156
343.90	0.156
344.11	0.155
344.32	0.155
344.53	0.155
344.74	0.155
344.96	0.154
345.17	0.154
345.38	0.154
345.59	0.153
345.80	0.153
346.01	0.152
346.23	0.152
346.44	0.151
346.65	0.151
346.86	0.151
347.07	0.151
347.28	0.150
347.50	0.150
347.71	0.150
347.92	0.149
348.13	0.149
348.34	0.149
348.55	0.148
348.76	0.147
348.98	0.147
349.19	0.147
349.40	0.146
349.61	0.146
349.82	0.146
350.03	0.146
350.24	0.145
350.46	0.145
350.67	0.146
350.88	0.145
351.09	0.144
351.30	0.144
351.51	0.144
351.72	0.144
351.93	0.144
352.15	0.143
352.36	0.143
352.57	0.142
352.78	0.142
352.99	0.142
353.20	0.142
353.41	0.141
353.62	0.141
353.84	0.140
354.05	0.140
354.26	0.140
354.47	0.139
354.68	0.139
354.89	0.139
355.10	0.138
355.31	0.138
355.52	0.138
355.74	0.137
355.95	0.137
356.16	0.137
356.37	0.137
356.58	0.136
356.79	0.136
357.00	0.136
357.21	0.135
357.42	0.135
357.63	0.135
357.85	0.134
358.06	0.133
358.27	0.133
358.48	0.133
358.69	0.132
358.90	0.132
359.11	0.132
359.32	0.132
359.53	0.131
359.74	0.132
359.95	0.132
360.17	0.132
360.38	0.132
360.59	0.131
360.80	0.131
361.01	0.131
361.22	0.131
361.43	0.131
361.64	0.131
361.85	0.130
362.06	0.130
362.27	0.129
362.48	0.129
362.69	0.128
362.90	0.128
363.12	0.127
363.33	0.127
363.54	0.126
363.75	0.126
363.96	0.126
364.17	0.126
364.38	0.125
364.59	0.125
364.80	0.124
365.01	0.124
365.22	0.124
365.43	0.123
365.64	0.123
365.85	0.123
366.06	0.123
366.27	0.123
366.48	0.123
366.69	0.123
366.90	0.123
367.11	0.123
367.32	0.122
367.54	0.122
367.75	0.122
367.96	0.122
368.17	0.121
368.38	0.121
368.59	0.120
368.80	0.120
369.01	0.120
369.22	0.120
369.43	0.120
369.64	0.120
369.85	0.119
370.06	0.119
370.27	0.119
370.48	0.119
370.69	0.119
370.90	0.118
371.11	0.118
371.32	0.117
371.53	0.118
371.74	0.118
371.95	0.118
372.16	0.117
372.37	0.117
372.58	0.117
372.79	0.117
373.00	0.117
373.21	0.117
373.42	0.117
373.63	0.117
373.84	0.116
374.05	0.117
374.26	0.117
374.47	0.116
374.68	0.116
374.89	0.116
375.10	0.115
375.31	0.115
375.52	0.114
375.73	0.114
375.94	0.114
376.15	0.114
376.36	0.114
376.57	0.115
376.78	0.115
376.99	0.115
377.20	0.115
377.41	0.114
377.62	0.114
377.83	0.114
378.04	0.114
378.25	0.113
378.46	0.113
378.67	0.113
378.88	0.112
379.09	0.112
379.30	0.112
379.51	0.112
379.72	0.112
379.92	0.112
380.13	0.112
380.34	0.111
380.55	0.111
380.76	0.111
380.97	0.111
381.18	0.110
381.39	0.110
381.60	0.110
381.81	0.109
382.02	0.109
382.23	0.109
382.44	0.109
382.65	0.109
382.86	0.109
383.07	0.109
383.28	0.109
383.49	0.109
383.70	0.109
383.91	0.109
384.11	0.109
384.32	0.109
384.53	0.109
384.74	0.108
384.95	0.108
385.16	0.108
385.37	0.108
385.58	0.108
385.79	0.108
386.00	0.108
386.21	0.107
386.42	0.107
386.63	0.107
386.84	0.107
387.04	0.107
387.25	0.106
387.46	0.107
387.67	0.107
387.88	0.106
388.09	0.106
388.30	0.106
388.51	0.106
388.72	0.106
388.93	0.106
389.14	0.106
389.34	0.105
389.55	0.105
389.76	0.105
389.97	0.105
390.18	0.105
390.39	0.105
390.60	0.104
390.81	0.104
391.02	0.104
391.23	0.104
391.43	0.104
391.64	0.104
391.85	0.104
392.06	0.103
392.27	0.103
392.48	0.103
392.69	0.103
392.90	0.102
393.11	0.102
393.31	0.102
393.52	0.103
393.73	0.103
393.94	0.103
394.15	0.103
394.36	0.104
394.57	0.103
394.78	0.103
394.98	0.103
395.19	0.103
395.40	0.102
395.61	0.103
395.82	0.102
396.03	0.102
396.24	0.102
396.44	0.102
396.65	0.103
396.86	0.103
397.07	0.102
397.28	0.102
397.49	0.101
397.70	0.102
397.90	0.101
398.11	0.102
398.32	0.101
398.53	0.101
398.74	0.101
398.95	0.101
399.16	0.101
399.36	0.101
399.57	0.100
399.78	0.101
399.99	0.100
400.20	0.100
400.41	0.100
400.61	0.101
400.82	0.101
401.03	0.102
401.24	0.101
401.45	0.101
401.66	0.101
401.86	0.101
402.07	0.101
402.28	0.100
402.49	0.100
402.70	0.099
402.91	0.100
403.11	0.099
403.32	0.099
403.53	0.099
403.74	0.099
403.95	0.100
404.15	0.099
404.36	0.100
404.57	0.100
404.78	0.099
404.99	0.099
405.20	0.099
405.40	0.099
405.61	0.099
405.82	0.099
406.03	0.100
406.24	0.099
406.44	0.099
406.65	0.099
406.86	0.099
407.07	0.099
407.28	0.099
407.48	0.099
407.69	0.099
407.90	0.099
408.11	0.099
408.32	0.098
408.52	0.098
408.73	0.099
408.94	0.099
409.15	0.099
409.35	0.099
409.56	0.098
409.77	0.098
409.98	0.098
410.19	0.098
410.39	0.098
410.60	0.098
410.81	0.097
411.02	0.097
411.22	0.097
411.43	0.097
411.64	0.097
411.85	0.097
412.05	0.097
412.26	0.097
412.47	0.097
412.68	0.098
412.89	0.098
413.09	0.098
413.30	0.098
413.51	0.097
413.72	0.098
413.92	0.098
414.13	0.098
414.34	0.098
414.55	0.098
414.75	0.098
414.96	0.098
415.17	0.098
415.38	0.098
415.58	0.098
415.79	0.098
416.00	0.097
416.21	0.097
416.41	0.097
416.62	0.096
416.83	0.096
417.03	0.097
417.24	0.097
417.45	0.097
417.66	0.097
417.86	0.097
418.07	0.097
418.28	0.098
418.49	0.098
418.69	0.098
418.90	0.097
419.11	0.097
419.31	0.097
419.52	0.097
419.73	0.097
419.94	0.097
420.14	0.097
420.35	0.097
420.56	0.097
420.76	0.097
420.97	0.097
421.18	0.097
421.39	0.097
421.59	0.096
421.80	0.096
422.01	0.096
422.21	0.096
422.42	0.096
422.63	0.096
422.84	0.096
423.04	0.096
423.25	0.097
423.46	0.097
423.66	0.097
423.87	0.097
424.08	0.097
424.28	0.096
424.49	0.096
424.70	0.096
424.90	0.096
425.11	0.096
425.32	0.096
425.52	0.095
425.73	0.095
425.94	0.095
426.15	0.095
426.35	0.096
426.56	0.096
426.77	0.096
426.97	0.096
427.18	0.096
427.39	0.096
427.59	0.096
427.80	0.097
428.01	0.096
428.21	0.096
428.42	0.096
428.63	0.097
428.83	0.097
429.04	0.096
429.25	0.096
429.45	0.096
429.66	0.096
429.87	0.096
430.07	0.095
430.28	0.095
430.48	0.094
430.69	0.094
430.90	0.094
431.10	0.094
431.31	0.094
431.52	0.094
431.72	0.094
431.93	0.095
432.14	0.094
432.34	0.095
432.55	0.095
432.76	0.094
432.96	0.095
433.17	0.094
433.37	0.095
433.58	0.095
433.79	0.095
433.99	0.095
434.20	0.095
434.41	0.095
434.61	0.095
434.82	0.095
435.02	0.095
435.23	0.095
435.44	0.094
435.64	0.094
435.85	0.094
436.06	0.094
436.26	0.094
436.47	0.094
436.67	0.094
436.88	0.095
437.09	0.095
437.29	0.095
437.50	0.095
437.70	0.096
437.91	0.095
438.12	0.095
438.32	0.095
438.53	0.095
438.73	0.094
438.94	0.094
439.15	0.093
439.35	0.093
439.56	0.093
439.76	0.093
439.97	0.093
440.18	0.093
440.38	0.093
440.59	0.094
440.79	0.094
441.00	0.095
441.20	0.095
441.41	0.095
441.62	0.095
441.82	0.095
442.03	0.095
442.23	0.094
442.44	0.094
442.65	0.094
442.85	0.093
443.06	0.093
443.26	0.093
443.47	0.094
443.67	0.094
443.88	0.093
444.09	0.093
444.29	0.093
444.50	0.093
444.70	0.093
444.91	0.093
445.11	0.093
445.32	0.092
445.52	0.092
445.73	0.092
445.94	0.092
446.14	0.093
446.35	0.093
446.55	0.093
446.76	0.093
446.96	0.093
447.17	0.093
447.37	0.093
447.58	0.094
447.78	0.094
447.99	0.094
448.20	0.094
448.40	0.094
448.61	0.094
448.81	0.094
449.02	0.094
449.22	0.094
449.43	0.094
449.63	0.094
449.84	0.094
450.04	0.094
450.25	0.094
450.45	0.094
450.66	0.094
450.86	0.094
451.07	0.094
451.27	0.093
451.48	0.093
451.68	0.092
451.89	0.092
452.09	0.091
452.30	0.091
452.50	0.091
452.71	0.092
452.91	0.092
453.12	0.092
453.33	0.092
453.53	0.093
453.74	0.093
453.94	0.094
454.15	0.094
454.35	0.094
454.56	0.093
454.76	0.093
454.96	0.093
455.17	0.094
455.37	0.093
455.58	0.093
455.78	0.093
455.99	0.093
456.19	0.092
456.40	0.093
456.60	0.093
456.81	0.092
457.01	0.092
457.22	0.092
457.42	0.091
457.63	0.091
457.83	0.092
458.04	0.092
458.24	0.092
458.45	0.092
458.65	0.093
458.86	0.093
459.06	0.093
459.27	0.094
459.47	0.094
459.67	0.093
459.88	0.093
460.08	0.093
460.29	0.094
460.49	0.093
460.70	0.093
460.90	0.093
461.11	0.093
461.31	0.093
461.52	0.092
461.72	0.092
461.92	0.092
462.13	0.091
462.33	0.092
462.54	0.091
462.74	0.091
462.95	0.091
463.15	0.091
463.36	0.092
463.56	0.091
463.76	0.091
463.97	0.092
464.17	0.092
464.38	0.092
464.58	0.092
464.79	0.091
464.99	0.091
465.19	0.091
465.40	0.091
465.60	0.091
465.81	0.091
466.01	0.091
466.22	0.091
466.42	0.091
466.62	0.091
466.83	0.091
467.03	0.092
467.24	0.092
467.44	0.092
467.65	0.092
467.85	0.092
468.05	0.092
468.26	0.092
468.46	0.092
468.67	0.092
468.87	0.092
469.07	0.092
469.28	0.092
469.48	0.092
469.69	0.091
469.89	0.092
470.09	0.091
470.30	0.091
470.50	0.091
470.71	0.091
470.91	0.091
471.11	0.091
471.32	0.092
471.52	0.093
471.72	0.093
471.93	0.093
472.13	0.093
472.34	0.093
472.54	0.092
472.74	0.092
472.95	0.092
473.15	0.093
473.35	0.092
473.56	0.092
473.76	0.092
473.97	0.092
474.17	0.092
474.37	0.092
474.58	0.092
474.78	0.092
474.98	0.092
475.19	0.092
475.39	0.092
475.60	0.092
475.80	0.092
476.00	0.092
476.21	0.092
476.41	0.091
476.61	0.091
476.82	0.092
477.02	0.091
477.22	0.092
477.43	0.091
477.63	0.091
477.83	0.091
478.04	0.091
478.24	0.091
478.44	0.092
478.65	0.091
478.85	0.092
479.05	0.092
479.26	0.092
479.46	0.092
479.66	0.093
479.87	0.093
480.07	0.092
480.27	0.092
480.48	0.092
480.68	0.092
480.88	0.092
481.09	0.092
481.29	0.091
481.49	0.090
481.70	0.090
481.90	0.090
482.10	0.090
482.31	0.089
482.51	0.090
482.71	0.090
482.92	0.090
483.12	0.090
483.32	0.090
483.52	0.091
483.73	0.091
483.93	0.091
484.13	0.091
484.34	0.091
484.54	0.091
484.74	0.091
484.95	0.091
485.15	0.091
485.35	0.090
485.55	0.090
485.76	0.090
485.96	0.089
486.16	0.089
486.37	0.089
486.57	0.089
486.77	0.088
486.97	0.089
487.18	0.089
487.38	0.089
487.58	0.089
487.79	0.089
487.99	0.090
488.19	0.090
488.39	0.090
488.60	0.090
488.80	0.090
489.00	0.090
489.20	0.090
489.41	0.089
489.61	0.089
489.81	0.089
490.02	0.089
490.22	0.089
490.42	0.089
490.62	0.089
490.83	0.089
491.03	0.088
491.23	0.089
491.43	0.089
491.64	0.089
491.84	0.090
492.04	0.090
492.24	0.090
492.45	0.090
492.65	0.090
492.85	0.090
493.05	0.090
493.26	0.090
493.46	0.090
493.66	0.089
493.86	0.089
494.07	0.089
494.27	0.089
494.47	0.089
494.67	0.089
494.87	0.089
495.08	0.089
495.28	0.089
495.48	0.089
495.68	0.089
495.89	0.089
496.09	0.089
496.29	0.088
496.49	0.088
496.69	0.088
496.90	0.088
497.10	0.088
497.30	0.088
497.50	0.088
497.71	0.089
497.91	0.088
498.11	0.088
498.31	0.088
498.51	0.088
498.72	0.088
498.92	0.088
499.12	0.088
499.32	0.088
499.52	0.089
499.73	0.089
499.93	0.090
500.13	0.090
500.33	0.090
500.53	0.090
500.74	0.090
500.94	0.090
501.14	0.090
501.34	0.090
501.54	0.089
501.74	0.089
501.95	0.090
502.15	0.089
502.35	0.089
502.55	0.089
502.75	0.088
502.96	0.088
503.16	0.088
503.36	0.089
503.56	0.090
503.76	0.090
503.96	0.090
504.17	0.090
504.37	0.090
504.57	0.090
504.77	0.090
504.97	0.090
505.17	0.089
505.38	0.089
505.58	0.089
505.78	0.089
505.98	0.089
506.18	0.089
506.38	0.090
506.58	0.089
506.79	0.089
506.99	0.089
507.19	0.089
507.39	0.089
507.59	0.090
507.79	0.089
507.99	0.089
508.20	0.089
508.40	0.090
508.60	0.090
508.80	0.091
509.00	0.091
509.20	0.091
509.40	0.090
509.61	0.090
509.81	0.090
510.01	0.090
510.21	0.089
510.41	0.089
510.61	0.089
510.81	0.088
511.01	0.089
511.22	0.089
511.42	0.089
511.62	0.089
511.82	0.089
512.02	0.089
512.22	0.089
512.42	0.089
512.62	0.089
512.82	0.089
513.03	0.089
513.23	0.089
513.43	0.089
513.63	0.089
513.83	0.089
514.03	0.089
514.23	0.089
514.43	0.088
514.63	0.088
514.83	0.088
515.04	0.088
515.24	0.089
515.44	0.089
515.64	0.088
515.84	0.088
516.04	0.088
516.24	0.089
516.44	0.089
516.64	0.089
516.84	0.089
517.04	0.088
517.24	0.088
517.45	0.088
517.65	0.088
517.85	0.088
518.05	0.087
518.25	0.087
518.45	0.087
518.65	0.087
518.85	0.087
519.05	0.087
519.25	0.088
519.45	0.088
519.65	0.088
519.85	0.089
520.05	0.089
520.25	0.089
520.46	0.089
520.66	0.089
520.86	0.089
521.06	0.088
521.26	0.089
521.46	0.089
521.66	0.089
521.86	0.088
522.06	0.089
522.26	0.089
522.46	0.089
522.66	0.088
522.86	0.088
523.06	0.088
523.26	0.088
523.46	0.088
523.66	0.087
523.86	0.087
524.06	0.087
524.26	0.087
524.46	0.087
524.66	0.087
524.86	0.088
525.06	0.087
525.26	0.087
525.46	0.087
525.66	0.086
525.87	0.086
526.07	0.087
526.27	0.087
526.47	0.087
526.67	0.087
526.87	0.087
527.07	0.087
527.27	0.087
527.47	0.087
527.67	0.088
527.87	0.088
528.07	0.087
528.27	0.088
528.47	0.088
528.67	0.087
528.87	0.088
529.07	0.088
529.27	0.088
529.47	0.088
529.67	0.088
529.87	0.088
530.07	0.087
530.27	0.087
530.47	0.087
530.67	0.086
530.87	0.086
531.06	0.086
531.26	0.087
531.46	0.086
531.66	0.087
531.86	0.087
532.06	0.087
532.26	0.087
532.46	0.087
532.66	0.087
532.86	0.087
533.06	0.087
533.26	0.087
533.46	0.088
533.66	0.088
533.86	0.088
534.06	0.088
534.26	0.088
534.46	0.088
534.66	0.088
534.86	0.088
535.06	0.088
535.26	0.087
535.46	0.087
535.66	0.087
535.86	0.087
536.06	0.087
536.26	0.087
536.45	0.087
536.65	0.086
536.85	0.086
537.05	0.087
537.25	0.086
537.45	0.087
537.65	0.087
537.85	0.087
538.05	0.087
538.25	0.087
538.45	0.087
538.65	0.087
538.85	0.087
539.05	0.087
539.25	0.087
539.44	0.086
539.64	0.086
539.84	0.086
540.04	0.086
540.24	0.086
540.44	0.086
540.64	0.086
540.84	0.086
541.04	0.086
541.24	0.086
541.44	0.086
541.64	0.086
541.83	0.086
542.03	0.086
542.23	0.086
542.43	0.086
542.63	0.087
542.83	0.086
543.03	0.086
543.23	0.086
543.43	0.086
543.63	0.087
543.82	0.086
544.02	0.086
544.22	0.087
544.42	0.086
544.62	0.086
544.82	0.086
545.02	0.086
545.22	0.086
545.42	0.085
545.61	0.086
545.81	0.085
546.01	0.085
546.21	0.085
546.41	0.085
546.61	0.086
546.81	0.086
547.01	0.086
547.20	0.086
547.40	0.085
547.60	0.086
547.80	0.086
548.00	0.086
548.20	0.086
548.40	0.086
548.59	0.085
548.79	0.086
548.99	0.086
549.19	0.086
549.39	0.086
549.59	0.086
549.79	0.086
549.98	0.086
550.18	0.086
550.38	0.086
550.58	0.086
550.78	0.085
550.98	0.086
551.17	0.086
551.37	0.086
551.57	0.086
551.77	0.085
551.97	0.086
552.17	0.087
552.36	0.087
552.56	0.086
552.76	0.086
552.96	0.086
553.16	0.085
553.36	0.085
553.55	0.086
553.75	0.085
553.95	0.085
554.15	0.085
554.35	0.085
554.55	0.085
554.74	0.085
554.94	0.085
555.14	0.086
555.34	0.086
555.54	0.086
555.73	0.086
555.93	0.085
556.13	0.086
556.33	0.086
556.53	0.086
556.72	0.086
556.92	0.086
557.12	0.086
557.32	0.086
557.52	0.085
557.71	0.086
557.91	0.086
558.11	0.086
558.31	0.087
558.51	0.087
558.70	0.087
558.90	0.087
559.10	0.088
559.30	0.087
559.49	0.087
559.69	0.087
559.89	0.087
560.09	0.086
560.29	0.086
560.48	0.086
560.68	0.086
560.88	0.086
561.08	0.086
561.27	0.086
561.47	0.086
561.67	0.086
561.87	0.086
562.06	0.086
562.26	0.086
562.46	0.086
562.66	0.086
562.86	0.086
563.05	0.086
563.25	0.086
563.45	0.086
563.65	0.086
563.84	0.085
564.04	0.085
564.24	0.086
564.44	0.086
564.63	0.085
564.83	0.085
565.03	0.086
565.22	0.086
565.42	0.087
565.62	0.088
565.82	0.088
566.01	0.088
566.21	0.088
566.41	0.088
566.61	0.088
566.80	0.088
567.00	0.088
567.20	0.087
567.40	0.087
567.59	0.087
567.79	0.087
567.99	0.087
568.18	0.086
568.38	0.087
568.58	0.086
568.78	0.086
568.97	0.086
569.17	0.086
569.37	0.086
569.56	0.086
569.76	0.086
569.96	0.087
570.16	0.087
570.35	0.087
570.55	0.087
570.75	0.086
570.94	0.086
571.14	0.086
571.34	0.086
571.53	0.086
571.73	0.085
571.93	0.085
572.12	0.085
572.32	0.086
572.52	0.086
572.72	0.086
572.91	0.085
573.11	0.085
573.31	0.085
573.50	0.085
573.70	0.085
573.90	0.085
574.09	0.085
574.29	0.085
574.49	0.085
574.68	0.085
574.88	0.085
575.08	0.085
575.27	0.085
575.47	0.085
575.67	0.085
575.86	0.085
576.06	0.085
576.26	0.085
576.45	0.086
576.65	0.086
576.85	0.086
577.04	0.086
577.24	0.086
577.44	0.086
577.63	0.085
577.83	0.085
578.02	0.085
578.22	0.086
578.42	0.085
578.61	0.085
578.81	0.085
579.01	0.085
579.20	0.085
579.40	0.086
579.60	0.086
579.79	0.086
579.99	0.086
580.19	0.086
580.38	0.085
580.58	0.085
580.77	0.085
580.97	0.085
581.17	0.084
581.36	0.084
581.56	0.084
581.75	0.084
581.95	0.084
582.15	0.085
582.34	0.085
582.54	0.085
582.74	0.085
582.93	0.086
583.13	0.086
583.32	0.086
583.52	0.086
583.72	0.086
583.91	0.086
584.11	0.086
584.30	0.085
584.50	0.085
584.70	0.085
584.89	0.085
585.09	0.084
585.28	0.084
585.48	0.084
585.68	0.084
585.87	0.084
586.07	0.085
586.26	0.085
586.46	0.085
586.66	0.085
586.85	0.085
587.05	0.085
587.24	0.085
587.44	0.085
587.63	0.085
587.83	0.085
588.03	0.085
588.22	0.085
588.42	0.084
588.61	0.084
588.81	0.084
589.00	0.084
589.20	0.084
589.40	0.084
589.59	0.085
589.79	0.085
589.98	0.085
590.18	0.085
590.37	0.085
590.57	0.085
590.76	0.085
590.96	0.086
591.16	0.086
591.35	0.086
591.55	0.086
591.74	0.085
591.94	0.085
592.13	0.085
592.33	0.084
592.52	0.084
592.72	0.084
592.91	0.084
593.11	0.084
593.30	0.084
593.50	0.084
593.70	0.084
593.89	0.085
594.09	0.085
594.28	0.085
594.48	0.085
594.67	0.085
594.87	0.085
595.06	0.084
595.26	0.084
595.45	0.084
595.65	0.084
595.84	0.085
596.04	0.085
596.23	0.085
596.43	0.085
596.62	0.085
596.82	0.085
597.01	0.085
597.21	0.085
597.40	0.085
597.60	0.085
597.79	0.085
597.99	0.084
598.18	0.084
598.38	0.084
598.57	0.085
598.77	0.084
598.96	0.084
599.16	0.083
599.35	0.083
599.55	0.083
599.74	0.083
599.94	0.083
600.13	0.083
600.33	0.083
600.52	0.083
600.72	0.083
600.91	0.083
601.11	0.084
601.30	0.084
601.50	0.084
601.69	0.085
601.89	0.084
602.08	0.084
602.27	0.085
602.47	0.085
602.66	0.085
602.86	0.085
603.05	0.084
603.25	0.084
603.44	0.085
603.64	0.085
603.83	0.085
604.03	0.085
604.22	0.085
604.41	0.085
604.61	0.085
604.80	0.085
605.00	0.084
605.19	0.084
605.39	0.084
605.58	0.084
605.78	0.083
605.97	0.083
606.16	0.083
606.36	0.084
606.55	0.084
606.75	0.084
606.94	0.084
607.14	0.084
607.33	0.084
607.52	0.084
607.72	0.084
607.91	0.084
608.11	0.084
608.30	0.084
608.50	0.084
608.69	0.084
608.88	0.084
609.08	0.084
609.27	0.084
609.47	0.084
609.66	0.084
609.85	0.084
610.05	0.084
610.24	0.084
610.44	0.084
610.63	0.083
610.83	0.083
611.02	0.083
611.21	0.083
611.41	0.083
611.60	0.083
611.80	0.083
611.99	0.083
612.18	0.083
612.38	0.084
612.57	0.084
612.76	0.084
612.96	0.084
613.15	0.084
613.35	0.084
613.54	0.085
613.73	0.084
613.93	0.083
614.12	0.084
614.32	0.084
614.51	0.084
614.70	0.083
614.90	0.084
615.09	0.083
615.28	0.083
615.48	0.083
615.67	0.084
615.86	0.084
616.06	0.084
616.25	0.084
616.45	0.084
616.64	0.083
616.83	0.084
617.03	0.083
617.22	0.084
617.41	0.084
617.61	0.083
617.80	0.084
617.99	0.083
618.19	0.083
618.38	0.083
618.57	0.083
618.77	0.083
618.96	0.083
619.15	0.083
619.35	0.083
619.54	0.083
619.73	0.083
619.93	0.084
620.12	0.083
620.31	0.083
620.51	0.083
620.70	0.084
620.89	0.083
621.09	0.083
621.28	0.083
621.47	0.083
621.67	0.083
621.86	0.083
622.05	0.083
622.25	0.083
622.44	0.083
622.63	0.083
622.83	0.083
623.02	0.083
623.21	0.083
623.41	0.083
623.60	0.083
623.79	0.083
623.98	0.083
624.18	0.083
624.37	0.082
624.56	0.082
624.76	0.082
624.95	0.082
625.14	0.082
625.33	0.083
625.53	0.082
625.72	0.082
625.91	0.083
626.11	0.083
626.30	0.083
626.49	0.083
626.68	0.083
626.88	0.083
627.07	0.082
627.26	0.083
627.46	0.083
627.65	0.083
627.84	0.082
628.03	0.082
628.23	0.083
628.42	0.083
628.61	0.083
628.80	0.083
629.00	0.084
629.19	0.084
629.38	0.084
629.58	0.084
629.77	0.084
629.96	0.084
630.15	0.084
630.35	0.083
630.54	0.084
630.73	0.083
630.92	0.083
631.12	0.083
631.31	0.083
631.50	0.083
631.69	0.083
631.89	0.083
632.08	0.083
632.27	0.083
632.46	0.083
632.65	0.083
632.85	0.083
633.04	0.083
633.23	0.083
633.42	0.083
633.62	0.083
633.81	0.083
634.00	0.083
634.19	0.083
634.39	0.083
634.58	0.083
634.77	0.083
634.96	0.084
635.15	0.084
635.35	0.083
635.54	0.083
635.73	0.083
635.92	0.083
636.11	0.084
636.31	0.084
636.50	0.084
636.69	0.084
636.88	0.084
637.07	0.084
637.27	0.084
637.46	0.084
637.65	0.084
637.84	0.084
638.03	0.084
638.23	0.084
638.42	0.083
638.61	0.083
638.80	0.083
638.99	0.083
639.19	0.083
639.38	0.083
639.57	0.083
639.76	0.083
639.95	0.083
640.14	0.083
640.34	0.083
640.53	0.084
640.72	0.084
640.91	0.084
641.10	0.084
641.30	0.084
641.49	0.084
641.68	0.084
641.87	0.084
642.06	0.083
642.25	0.083
642.44	0.083
642.64	0.082
642.83	0.082
643.02	0.083
643.21	0.082
643.40	0.082
643.59	0.082
643.79	0.082
643.98	0.082
644.17	0.082
644.36	0.082
644.55	0.082
644.74	0.082
644.93	0.082
645.13	0.082
645.32	0.082
645.51	0.082
645.70	0.082
645.89	0.083
646.08	0.083
646.27	0.083
646.46	0.083
646.66	0.083
646.85	0.083
647.04	0.083
647.23	0.083
647.42	0.083
647.61	0.083
647.80	0.083
647.99	0.082
648.19	0.082
648.38	0.083
648.57	0.082
648.76	0.083
648.95	0.083
649.14	0.083
649.33	0.083
649.52	0.083
649.71	0.083
649.91	0.083
650.10	0.083
650.29	0.083
650.48	0.083
650.67	0.083
650.86	0.083
651.05	0.083
651.24	0.083
651.43	0.083
651.62	0.083
651.81	0.082
652.01	0.082
652.20	0.082
652.39	0.083
652.58	0.082
652.77	0.083
652.96	0.082
653.15	0.082
653.34	0.083
653.53	0.083
653.72	0.083
653.91	0.083
654.10	0.083
654.29	0.083
654.48	0.083
654.68	0.083
654.87	0.082
655.06	0.082
655.25	0.081
655.44	0.081
655.63	0.081
655.82	0.081
656.01	0.081
656.20	0.081
656.39	0.082
656.58	0.082
656.77	0.082
656.96	0.083
657.15	0.082
657.34	0.083
657.53	0.082
657.72	0.082
657.91	0.083
658.10	0.082
658.29	0.082
658.48	0.083
658.68	0.083
658.87	0.083
659.06	0.083
659.25	0.083
659.44	0.083
659.63	0.083
659.82	0.083
660.01	0.083
660.20	0.083
660.39	0.083
660.58	0.083
660.77	0.083
660.96	0.083
661.15	0.083
661.34	0.083
661.53	0.083
661.72	0.083
661.91	0.083
662.10	0.083
662.29	0.083
662.48	0.083
662.67	0.083
662.86	0.083
663.05	0.082
663.24	0.083
663.43	0.082
663.62	0.082
663.81	0.082
664.00	0.082
664.19	0.082
664.38	0.082
664.57	0.082
664.76	0.082
664.95	0.082
665.14	0.083
665.33	0.083
665.52	0.083
665.71	0.083
665.90	0.083
666.09	0.083
666.28	0.083
666.46	0.083
666.65	0.082
666.84	0.082
667.03	0.082
667.22	0.082
667.41	0.082
667.60	0.082
667.79	0.082
667.98	0.082
668.17	0.082
668.36	0.082
668.55	0.082
668.74	0.082
668.93	0.082
669.12	0.082
669.31	0.082
669.50	0.082
669.69	0.082
669.88	0.082
670.07	0.082
670.26	0.082
670.44	0.082
670.63	0.082
670.82	0.083
671.01	0.082
671.20	0.083
671.39	0.083
671.58	0.082
671.77	0.082
671.96	0.082
672.15	0.082
672.34	0.082
672.53	0.082
672.72	0.082
672.91	0.082
673.09	0.082
673.28	0.083
673.47	0.083
673.66	0.083
673.85	0.083
674.04	0.083
674.23	0.083
674.42	0.083
674.61	0.083
674.80	0.083
674.98	0.083
675.17	0.083
675.36	0.083
675.55	0.083
675.74	0.082
675.93	0.082
676.12	0.083
676.31	0.082
676.50	0.083
676.69	0.082
676.87	0.082
677.06	0.082
677.25	0.083
677.44	0.083
677.63	0.083
677.82	0.082
678.01	0.082
678.20	0.082
678.38	0.082
678.57	0.082
678.76	0.082
678.95	0.082
679.14	0.082
679.33	0.082
679.52	0.082
679.71	0.082
679.89	0.082
680.08	0.082
680.27	0.082
680.46	0.082
680.65	0.082
680.84	0.082
681.02	0.082
681.21	0.082
681.40	0.083
681.59	0.082
681.78	0.083
681.97	0.083
682.16	0.084
682.34	0.083
682.53	0.083
682.72	0.083
682.91	0.083
683.10	0.082
683.29	0.083
683.47	0.083
683.66	0.082
683.85	0.082
684.04	0.083
684.23	0.083
684.42	0.083
684.60	0.083
684.79	0.084
684.98	0.083
685.17	0.083
685.36	0.083
685.54	0.083
685.73	0.083
685.92	0.083
686.11	0.082
686.30	0.082
686.49	0.082
686.67	0.082
686.86	0.082
687.05	0.082
687.24	0.082
687.43	0.082
687.61	0.082
687.80	0.082
687.99	0.083
688.18	0.083
688.36	0.083
688.55	0.083
688.74	0.083
688.93	0.082
689.12	0.082
689.30	0.082
689.49	0.082
689.68	0.082
689.87	0.082
690.06	0.082
690.24	0.082
690.43	0.083
690.62	0.083
690.81	0.082
690.99	0.082
691.18	0.082
691.37	0.083
691.56	0.083
691.74	0.083
691.93	0.083
692.12	0.083
692.31	0.083
692.50	0.083
692.68	0.083
692.87	0.083
693.06	0.083
693.25	0.083
693.43	0.083
693.62	0.082
693.81	0.082
694.00	0.082
694.18	0.082
694.37	0.082
694.56	0.082
694.74	0.081
694.93	0.081
695.12	0.081
695.31	0.081
695.49	0.081
695.68	0.081
695.87	0.081
696.06	0.081
696.24	0.081
696.43	0.081
696.62	0.082
696.80	0.081
696.99	0.082
697.18	0.082
697.37	0.082
697.55	0.082
697.74	0.082
697.93	0.083
698.12	0.083
698.30	0.082
698.49	0.082
698.68	0.082
698.86	0.082
699.05	0.082
699.24	0.082
699.42	0.082
699.61	0.082
699.80	0.082
699.99	0.082
700.17	0.083
700.36	0.083
700.55	0.083
700.73	0.083
700.92	0.083
701.11	0.083
701.29	0.083
701.48	0.083
701.67	0.082
701.85	0.082
702.04	0.082
702.23	0.082
702.41	0.081
702.60	0.082
702.79	0.082
702.97	0.082
703.16	0.081
703.35	0.081
703.53	0.081
703.72	0.081
703.91	0.082
704.09	0.082
704.28	0.082
704.47	0.082
704.65	0.082
704.84	0.082
705.03	0.082
705.21	0.082
705.40	0.082
705.59	0.082
705.77	0.082
705.96	0.082
706.15	0.082
706.33	0.082
706.52	0.082
706.71	0.082
706.89	0.082
707.08	0.081
707.26	0.082
707.45	0.082
707.64	0.082
707.82	0.082
708.01	0.082
708.20	0.082
708.38	0.083
708.57	0.082
708.75	0.083
708.94	0.082
709.13	0.083
709.31	0.083
709.50	0.082
709.69	0.082
709.87	0.083
710.06	0.082
710.24	0.082
710.43	0.082
710.62	0.082
710.80	0.082
710.99	0.082
711.17	0.082
711.36	0.082
711.55	0.082
711.73	0.082
711.92	0.082
712.10	0.082
712.29	0.082
712.48	0.082
712.66	0.082
712.85	0.082
713.03	0.081
713.22	0.081
713.40	0.082
713.59	0.082
713.78	0.082
713.96	0.083
714.15	0.083
714.33	0.083
714.52	0.083
714.71	0.083
714.89	0.083
715.08	0.083
715.26	0.084
715.45	0.083
715.63	0.083
715.82	0.083
716.00	0.083
716.19	0.083
716.38	0.083
716.56	0.083
716.75	0.082
716.93	0.082
717.12	0.082
717.30	0.082
717.49	0.082
717.67	0.082
717.86	0.082
718.05	0.082
718.23	0.081
718.42	0.081
718.60	0.081
718.79	0.081
718.97	0.081
719.16	0.082
719.34	0.082
719.53	0.082
719.71	0.082
719.90	0.082
720.08	0.082
720.27	0.082
720.45	0.082
720.64	0.082
720.83	0.081
721.01	0.081
721.20	0.082
721.38	0.082
721.57	0.082
721.75	0.082
721.94	0.082
722.12	0.082
722.31	0.082
722.49	0.082
722.68	0.081
722.86	0.081
723.05	0.081
723.23	0.081
723.42	0.081
723.60	0.082
723.79	0.082
723.97	0.082
724.16	0.082
724.34	0.082
724.53	0.082
724.71	0.082
724.90	0.082
725.08	0.082
725.27	0.082
725.45	0.082
725.64	0.082
725.82	0.082
726.00	0.082
726.19	0.082
726.37	0.082
726.56	0.082
726.74	0.081
726.93	0.082
727.11	0.082
727.30	0.082
727.48	0.082
727.67	0.082
727.85	0.082
728.04	0.082
728.22	0.082
728.40	0.083
728.59	0.082
728.77	0.082
728.96	0.082
729.14	0.082
729.33	0.082
729.51	0.082
729.70	0.082
729.88	0.082
730.07	0.082
730.25	0.082
730.43	0.082
730.62	0.082
730.80	0.083
730.99	0.082
731.17	0.082
731.36	0.082
731.54	0.082
731.72	0.082
731.91	0.082
732.09	0.082
732.28	0.082
732.46	0.082
732.65	0.082
732.83	0.082
733.01	0.082
733.20	0.082
733.38	0.081
733.57	0.081
733.75	0.081
733.93	0.081
734.12	0.081
734.30	0.080
734.49	0.081
734.67	0.081
734.85	0.081
735.04	0.081
735.22	0.081
735.41	0.081
735.59	0.081
735.77	0.082
735.96	0.082
736.14	0.082
736.33	0.082
736.51	0.081
736.69	0.082
736.88	0.082
737.06	0.082
737.25	0.083
737.43	0.083
737.61	0.082
737.80	0.082
737.98	0.082
738.16	0.082
738.35	0.082
738.53	0.082
738.71	0.082
738.90	0.082
739.08	0.082
739.27	0.082
739.45	0.082
739.63	0.082
739.82	0.082
740.00	0.082
740.18	0.082
740.37	0.081
740.55	0.081
740.73	0.081
740.92	0.082
741.10	0.082
741.28	0.082
741.47	0.082
741.65	0.082
741.83	0.081
742.02	0.081
742.20	0.082
742.38	0.081
742.57	0.081
742.75	0.081
742.93	0.081
743.12	0.081
743.30	0.081
743.48	0.082
743.67	0.082
743.85	0.082
744.03	0.082
744.22	0.082
744.40	0.082
744.58	0.083
744.77	0.082
744.95	0.082
745.13	0.082
745.32	0.082
745.50	0.082
745.68	0.082
745.87	0.082
746.05	0.082
746.23	0.082
746.41	0.081
746.60	0.081
746.78	0.081
746.96	0.081
747.15	0.082
747.33	0.081
747.51	0.082
747.70	0.081
747.88	0.082
748.06	0.082
748.24	0.082
748.43	0.082
748.61	0.082
748.79	0.082
748.97	0.083
749.16	0.082
749.34	0.083
749.52	0.082
749.71	0.082
749.89	0.082
750.07	0.082
750.25	0.082
750.44	0.082
750.62	0.082
750.80	0.082
750.98	0.082
751.17	0.082
751.35	0.082
751.53	0.082
751.71	0.082
751.90	0.082
752.08	0.082
752.26	0.082
752.44	0.082
752.63	0.082
752.81	0.082
752.99	0.082
753.17	0.082
753.36	0.082
753.54	0.082
753.72	0.082
753.90	0.082
754.09	0.082
754.27	0.082
754.45	0.082
754.63	0.082
754.82	0.082
755.00	0.082
755.18	0.082
755.36	0.082
755.54	0.082
755.73	0.082
755.91	0.082
756.09	0.082
756.27	0.082
756.45	0.082
756.64	0.082
756.82	0.083
757.00	0.083
757.18	0.083
757.37	0.083
757.55	0.083
757.73	0.083
757.91	0.082
758.09	0.082
758.27	0.082
758.46	0.082
758.64	0.082
758.82	0.082
759.00	0.082
759.18	0.082
759.37	0.082
759.55	0.082
759.73	0.082
759.91	0.082
760.09	0.082
760.28	0.082
760.46	0.081
760.64	0.082
760.82	0.081
761.00	0.081
761.18	0.081
761.37	0.082
761.55	0.082
761.73	0.082
761.91	0.082
762.09	0.082
762.27	0.082
762.46	0.082
762.64	0.083
762.82	0.083
763.00	0.082
763.18	0.082
763.36	0.082
763.54	0.081
763.73	0.081
763.91	0.081
764.09	0.081
764.27	0.080
764.45	0.080
764.63	0.080
764.81	0.080
765.00	0.080
765.18	0.080
765.36	0.080
765.54	0.081
765.72	0.081
765.90	0.081
766.08	0.081
766.27	0.081
766.45	0.081
766.63	0.081
766.81	0.081
766.99	0.081
767.17	0.081
767.35	0.081
767.53	0.081
767.71	0.081
767.90	0.081
768.08	0.080
768.26	0.080
768.44	0.081
768.62	0.081
768.80	0.081
768.98	0.081
769.16	0.081
769.34	0.080
769.52	0.081
769.71	0.081
769.89	0.081
770.07	0.080
770.25	0.081
770.43	0.081
770.61	0.081
770.79	0.081
770.97	0.081
771.15	0.081
771.33	0.081
771.51	0.081
771.69	0.081
771.88	0.081
772.06	0.081
772.24	0.081
772.42	0.081
772.60	0.081
772.78	0.081
772.96	0.081
773.14	0.081
773.32	0.081
773.50	0.081
773.68	0.081
773.86	0.081
774.04	0.081
774.22	0.081
774.40	0.081
774.58	0.081
774.77	0.082
774.95	0.082
775.13	0.082
775.31	0.082
775.49	0.082
775.67	0.082
775.85	0.082
776.03	0.081
776.21	0.081
776.39	0.081
776.57	0.081
776.75	0.081
776.93	0.081
777.11	0.081
777.29	0.081
777.47	0.081
777.65	0.081
777.83	0.081
778.01	0.081
778.19	0.080
778.37	0.081
778.55	0.081
778.73	0.080
778.91	0.081
779.09	0.081
779.27	0.081
779.45	0.081
779.63	0.080
779.81	0.081
779.99	0.080
780.17	0.080
780.35	0.081
780.53	0.081
780.71	0.081
780.89	0.081
781.07	0.082
781.25	0.082
781.43	0.081
781.61	0.081
781.79	0.082
781.97	0.081
782.15	0.081
782.33	0.081
782.51	0.081
782.69	0.081
782.87	0.081
783.05	0.081
783.23	0.081
783.41	0.081
783.59	0.081
783.77	0.082
783.95	0.082
784.13	0.081
784.31	0.081
784.49	0.081
784.67	0.081
784.85	0.081
785.03	0.081
785.21	0.081
785.38	0.081
785.56	0.081
785.74	0.081
785.92	0.081
786.10	0.081
786.28	0.081
786.46	0.081
786.64	0.082
786.82	0.082
787.00	0.082
787.18	0.082
787.36	0.082
787.54	0.082
787.72	0.082
787.90	0.082
788.08	0.082
788.25	0.082
788.43	0.083
788.61	0.083
788.79	0.083
788.97	0.083
789.15	0.083
789.33	0.083
789.51	0.083
789.69	0.083
789.87	0.082
790.05	0.082
790.23	0.082
790.40	0.082
790.58	0.082
790.76	0.082
790.94	0.082
791.12	0.082
791.30	0.082
791.48	0.082
791.66	0.082
791.84	0.082
792.02	0.082
792.19	0.082
792.37	0.082
792.55	0.082
792.73	0.082
792.91	0.082
793.09	0.082
793.27	0.082
793.45	0.081
793.63	0.082
793.80	0.082
793.98	0.082
794.16	0.082
794.34	0.082
794.52	0.083
794.70	0.083
794.88	0.082
795.05	0.083
795.23	0.082
795.41	0.082
795.59	0.083
795.77	0.082
795.95	0.083
796.13	0.082
796.30	0.083
796.48	0.082
796.66	0.082
796.84	0.082
797.02	0.083
797.20	0.083
797.38	0.083
797.55	0.083
797.73	0.082
797.91	0.082
798.09	0.082
798.27	0.083
798.45	0.082
798.62	0.082
798.80	0.081
798.98	0.081
799.16	0.082
799.34	0.082
799.52	0.082
799.69	0.082
799.87	0.082
800.05	0.082
800.23	0.082
800.41	0.082
800.58	0.082
800.76	0.082
800.94	0.082
801.12	0.082
801.30	0.082
801.47	0.082
801.65	0.082
801.83	0.082
802.01	0.082
802.19	0.082
802.36	0.082
802.54	0.082
802.72	0.082
802.90	0.083
803.08	0.083
803.25	0.083
803.43	0.082
803.61	0.082
803.79	0.083
803.97	0.083
804.14	0.083
804.32	0.082
804.50	0.082
804.68	0.082
804.85	0.082
805.03	0.082
805.21	0.082
805.39	0.082
805.56	0.083
805.74	0.083
805.92	0.083
806.10	0.083
806.28	0.083
806.45	0.083
806.63	0.082
806.81	0.082
806.99	0.082
807.16	0.082
807.34	0.082
807.52	0.082
807.70	0.082
807.87	0.082
808.05	0.082
808.23	0.082
808.41	0.082
808.58	0.082
808.76	0.082
808.94	0.082
809.11	0.082
809.29	0.082
809.47	0.082
809.65	0.083
809.82	0.083
810.00	0.083
810.18	0.083
810.36	0.083
810.53	0.083
810.71	0.083
810.89	0.083
811.06	0.083
811.24	0.083
811.42	0.083
811.60	0.083
811.77	0.082
811.95	0.083
812.13	0.083
812.30	0.083
812.48	0.083
812.66	0.083
812.83	0.083
813.01	0.084
813.19	0.084
813.37	0.084
813.54	0.084
813.72	0.083
813.90	0.084
814.07	0.083
814.25	0.083
814.43	0.083
814.60	0.083
814.78	0.083
814.96	0.083
815.13	0.082
815.31	0.083
815.49	0.082
815.66	0.083
815.84	0.083
816.02	0.082
816.19	0.082
816.37	0.082
816.55	0.082
816.72	0.082
816.90	0.082
817.08	0.082
817.25	0.082
817.43	0.082
817.61	0.082
817.78	0.082
817.96	0.082
818.14	0.083
818.31	0.083
818.49	0.083
818.67	0.083
818.84	0.083
819.02	0.083
819.19	0.083
819.37	0.083
819.55	0.083
819.72	0.083
819.90	0.083
820.08	0.083
820.25	0.083
820.43	0.084
820.60	0.084
820.78	0.084
820.96	0.084
821.13	0.084
821.31	0.083
821.49	0.083
821.66	0.083
821.84	0.083
822.01	0.082
822.19	0.082
822.37	0.082
822.54	0.082
822.72	0.082
822.89	0.083
823.07	0.083
823.25	0.083
823.42	0.083
823.60	0.083
823.77	0.084
823.95	0.084
824.13	0.084
824.30	0.083
824.48	0.083
824.65	0.083
824.83	0.083
825.01	0.083
825.18	0.083
825.36	0.083
825.53	0.083
825.71	0.083
825.88	0.084
826.06	0.083
826.24	0.083
826.41	0.083
826.59	0.083
826.76	0.083
826.94	0.083
827.11	0.083
827.29	0.083
827.47	0.083
827.64	0.083
827.82	0.083
827.99	0.083
828.17	0.083
828.34	0.084
828.52	0.083
828.69	0.083
828.87	0.083
829.04	0.083
829.22	0.083
829.40	0.083
829.57	0.083
829.75	0.083
829.92	0.083
830.10	0.083
830.27	0.084
830.45	0.083
830.62	0.083
830.80	0.083
830.97	0.083
831.15	0.083
831.32	0.083
831.50	0.083
831.67	0.083
831.85	0.083
832.02	0.083
832.20	0.082
832.37	0.083
832.55	0.083
832.73	0.083
832.90	0.083
833.08	0.083
833.25	0.084
833.43	0.084
833.60	0.084
833.78	0.084
833.95	0.084
834.13	0.084
834.30	0.084
834.48	0.083
834.65	0.083
834.82	0.083
835.00	0.083
835.17	0.083
835.35	0.082
835.52	0.083
835.70	0.083
835.87	0.083
836.05	0.083
836.22	0.082
836.40	0.083
836.57	0.082
836.75	0.082
836.92	0.083
837.10	0.082
837.27	0.082
837.45	0.082
837.62	0.083
837.80	0.083
837.97	0.083
838.14	0.083
838.32	0.083
838.49	0.084
838.67	0.084
838.84	0.084
839.02	0.084
839.19	0.084
839.37	0.084
839.54	0.084
839.71	0.084
839.89	0.084
840.06	0.083
840.24	0.083
840.41	0.083
840.59	0.083
840.76	0.083
840.94	0.083
841.11	0.083
841.28	0.083
841.46	0.084
841.63	0.084
841.81	0.084
841.98	0.084
842.15	0.084
842.33	0.084
842.50	0.084
842.68	0.083
842.85	0.083
843.03	0.083
843.20	0.083
843.37	0.083
843.55	0.083
843.72	0.083
843.90	0.083
844.07	0.083
844.24	0.083
844.42	0.083
844.59	0.083
844.77	0.083
844.94	0.083
845.11	0.083
845.29	0.084
845.46	0.084
845.63	0.084
845.81	0.084
845.98	0.084
846.16	0.084
846.33	0.085
846.50	0.085
846.68	0.085
846.85	0.084
847.02	0.084
847.20	0.084
847.37	0.084
847.55	0.084
847.72	0.084
847.89	0.083
848.07	0.083
848.24	0.083
848.41	0.084
848.59	0.084
848.76	0.084
848.93	0.084
849.11	0.084
849.28	0.084
849.45	0.083
849.63	0.084
849.80	0.084
849.97	0.083
850.15	0.084
850.32	0.083
850.49	0.083
850.67	0.084
850.84	0.084
851.01	0.085
851.19	0.084
851.36	0.084
851.53	0.084
851.71	0.084
851.88	0.085
852.05	0.085
852.23	0.084
852.40	0.085
852.57	0.085
852.75	0.085
852.92	0.085
853.09	0.084
853.27	0.084
853.44	0.084
853.61	0.084
853.79	0.085
853.96	0.084
854.13	0.084
854.30	0.084
854.48	0.084
854.65	0.084
854.82	0.085
855.00	0.085
855.17	0.084
855.34	0.084
855.51	0.084
855.69	0.084
855.86	0.084
856.03	0.083
856.21	0.084
856.38	0.083
856.55	0.083
856.72	0.083
856.90	0.083
857.07	0.082
857.24	0.083
857.42	0.083
857.59	0.083
857.76	0.083
857.93	0.083
858.11	0.083
858.28	0.083
858.45	0.084
858.62	0.084
858.80	0.085
858.97	0.084
859.14	0.085
859.31	0.085
859.49	0.085
859.66	0.084
859.83	0.084
860.00	0.084
860.18	0.083
860.35	0.083
860.52	0.083
860.69	0.082
860.86	0.082
861.04	0.082
861.21	0.083
861.38	0.083
861.55	0.083
861.73	0.083
861.90	0.084
862.07	0.084
862.24	0.085
862.42	0.085
862.59	0.084
862.76	0.085
862.93	0.085
863.10	0.085
863.28	0.085
863.45	0.084
863.62	0.084
863.79	0.084
863.96	0.084
864.14	0.084
864.31	0.083
864.48	0.084
864.65	0.084
864.82	0.084
865.00	0.085
865.17	0.084
865.34	0.084
865.51	0.084
865.68	0.085
865.86	0.085
866.03	0.086
866.20	0.085
866.37	0.085
866.54	0.085
866.71	0.086
866.89	0.086
867.06	0.085
867.23	0.086
867.40	0.085
867.57	0.085
867.74	0.084
867.92	0.084
868.09	0.084
868.26	0.084
868.43	0.084
868.60	0.085
868.77	0.084
868.95	0.084
869.12	0.084
869.29	0.084
869.46	0.084
869.63	0.083
869.80	0.083
869.97	0.083
870.15	0.083
870.32	0.083
870.49	0.083
870.66	0.084
870.83	0.083
871.00	0.083
871.17	0.084
871.34	0.084
871.52	0.083
871.69	0.083
871.86	0.083
872.03	0.083
872.20	0.082
872.37	0.083
872.54	0.082
872.71	0.082
872.89	0.082
873.06	0.082
873.23	0.082
873.40	0.081
873.57	0.081
873.74	0.082
873.91	0.082
874.08	0.081
874.25	0.082
874.42	0.082
874.60	0.082
874.77	0.081
874.94	0.082
875.11	0.083
875.28	0.082
875.45	0.082
875.62	0.082
875.79	0.083
875.96	0.083
876.13	0.084
876.30	0.084
876.47	0.085
876.65	0.084
876.82	0.083
876.99	0.083
877.16	0.083
877.33	0.083
877.50	0.082
877.67	0.082
877.84	0.081
878.01	0.081
878.18	0.082
878.35	0.082
878.52	0.082
878.69	0.082
878.86	0.082
879.03	0.081
879.20	0.082
879.38	0.083
879.55	0.083
879.72	0.082
879.89	0.082
880.06	0.081
880.23	0.081
880.40	0.081
880.57	0.082
880.74	0.081
880.91	0.082
881.08	0.082
881.25	0.082
881.42	0.082
881.59	0.082
881.76	0.082
881.93	0.082
882.10	0.082
882.27	0.082
882.44	0.082
882.61	0.081
882.78	0.081
882.95	0.082
883.12	0.082
883.29	0.083
883.46	0.084
883.63	0.084
883.80	0.083
883.97	0.083
884.14	0.084
884.31	0.085
884.48	0.084
884.65	0.084
884.82	0.084
884.99	0.084
885.16	0.084
885.33	0.085
885.50	0.084
885.67	0.084
885.84	0.083
886.01	0.083
886.18	0.082
886.35	0.082
886.52	0.082
886.69	0.081
886.86	0.080
887.03	0.081
887.20	0.080
887.37	0.081
887.54	0.081
887.71	0.081
887.88	0.082
888.05	0.083
888.22	0.083
888.39	0.083
888.55	0.084
888.72	0.084
888.89	0.084
889.06	0.085
889.23	0.085
889.40	0.084
889.57	0.083
889.74	0.084
889.91	0.083
890.08	0.082
890.25	0.082
890.42	0.082
890.59	0.081
890.76	0.081
890.93	0.080
891.10	0.081
891.26	0.081
891.43	0.081
891.60	0.081
891.77	0.081
891.94	0.081
892.11	0.081
892.28	0.081
892.45	0.081
892.62	0.081
892.79	0.081
892.96	0.080
893.13	0.082
893.29	0.082
893.46	0.084
893.63	0.084
893.80	0.084
893.97	0.084
894.14	0.084
894.31	0.083
894.48	0.081
894.65	0.081
894.81	0.084
894.98	0.072
