177.34	-0.000
177.56	-0.000
177.78	-0.000
178.00	0.335
178.22	-0.552
178.44	-0.504
178.66	-0.395
178.89	-0.175
179.11	-0.000
179.33	-0.315
179.55	-0.000
179.77	-0.000
179.99	-0.000
180.21	-0.199
180.43	0.206
180.65	0.302
180.87	0.471
181.09	0.281
181.31	0.352
181.53	0.408
181.75	0.441
181.97	0.501
182.19	0.512
182.41	0.439
182.63	0.439
182.85	0.443
183.07	0.481
183.30	0.460
183.52	0.473
183.74	0.514
183.96	0.506
184.18	0.506
184.40	0.574
184.62	0.586
184.84	0.586
185.06	0.630
185.28	0.655
185.50	0.617
185.72	0.606
185.94	0.609
186.16	0.587
186.38	0.600
186.60	0.608
186.82	0.681
187.04	0.684
187.26	0.745
187.48	0.764
187.70	0.792
187.92	0.827
188.14	0.871
188.36	0.964
188.58	1.018
188.80	0.976
189.02	1.035
189.24	1.022
189.46	1.069
189.68	1.124
189.90	1.125
190.12	1.210
190.34	1.181
190.56	1.188
190.78	1.247
191.00	1.280
191.22	1.324
191.44	1.373
191.66	1.366
191.88	1.383
192.10	1.321
192.32	1.375
192.54	1.472
192.76	1.499
192.98	1.480
193.20	1.481
193.42	1.579
193.64	1.515
193.86	1.541
194.08	1.666
194.30	1.618
194.52	1.539
194.74	1.512
194.96	1.557
195.18	1.566
195.40	1.502
195.62	1.595
195.84	1.589
196.06	1.515
196.28	1.556
196.50	1.548
196.72	1.541
196.94	1.515
197.16	1.499
197.38	1.518
197.60	1.506
197.82	1.560
198.04	1.594
198.26	1.611
198.48	1.669
198.70	1.671
198.92	1.680
199.13	1.673
199.35	1.656
199.57	1.717
199.79	1.676
200.01	1.674
200.23	1.654
200.45	1.649
200.67	1.696
200.89	1.680
201.11	1.721
201.33	1.720
201.55	1.655
201.77	1.663
201.99	1.698
202.21	1.706
202.43	1.701
202.65	1.735
202.87	1.728
203.09	1.740
203.31	1.814
203.52	1.846
203.74	1.871
203.96	1.823
204.18	1.861
204.40	1.877
204.62	1.790
204.84	1.773
205.06	1.795
205.28	1.767
205.50	1.755
205.72	1.764
205.94	1.822
206.16	1.813
206.38	1.862
206.59	1.917
206.81	1.959
207.03	1.973
207.25	1.973
207.47	2.013
207.69	2.041
207.91	2.010
208.13	2.007
208.35	1.932
208.57	1.979
208.79	2.030
209.01	2.018
209.22	2.020
209.44	2.075
209.66	2.056
209.88	2.050
210.10	2.043
210.32	2.085
210.54	2.043
210.76	2.029
210.98	2.036
211.20	2.067
211.42	2.056
211.63	2.071
211.85	2.127
212.07	2.137
212.29	2.120
212.51	2.079
212.73	2.071
212.95	2.080
213.17	2.080
213.39	2.072
213.60	2.048
213.82	2.033
214.04	2.055
214.26	2.093
214.48	2.129
214.70	2.154
214.92	2.135
215.14	2.111
215.35	2.097
215.57	2.116
215.79	2.112
216.01	2.108
216.23	2.111
216.45	2.148
216.67	2.167
216.89	2.155
217.10	2.178
217.32	2.210
217.54	2.199
217.76	2.210
217.98	2.215
218.20	2.222
218.42	2.194
218.64	2.192
218.85	2.248
219.07	2.245
219.29	2.207
219.51	2.225
219.73	2.233
219.95	2.233
220.17	2.204
220.38	2.215
220.60	2.197
220.82	2.180
221.04	2.205
221.26	2.251
221.48	2.267
221.69	2.233
221.91	2.241
222.13	2.251
222.35	2.230
222.57	2.260
222.79	2.264
223.00	2.248
223.22	2.240
223.44	2.236
223.66	2.250
223.88	2.215
224.10	2.231
224.32	2.263
224.53	2.256
224.75	2.253
224.97	2.240
225.19	2.254
225.41	2.262
225.62	2.268
225.84	2.326
226.06	2.328
226.28	2.334
226.50	2.337
226.72	2.352
226.93	2.366
227.15	2.368
227.37	2.362
227.59	2.360
227.81	2.330
228.02	2.331
228.24	2.300
228.46	2.287
228.68	2.275
228.90	2.253
229.12	2.221
229.33	2.233
229.55	2.255
229.77	2.251
229.99	2.230
230.21	2.229
230.42	2.204
230.64	2.182
230.86	2.183
231.08	2.177
231.30	2.145
231.51	2.104
231.73	2.088
231.95	2.075
232.17	2.054
232.38	2.039
232.60	2.016
232.82	1.995
233.04	1.963
233.26	1.939
233.47	1.931
233.69	1.906
233.91	1.882
234.13	1.861
234.35	1.848
234.56	1.831
234.78	1.807
235.00	1.793
235.22	1.779
235.43	1.752
235.65	1.733
235.87	1.717
236.09	1.701
236.30	1.681
236.52	1.665
236.74	1.652
236.96	1.639
237.18	1.619
237.39	1.604
237.61	1.589
237.83	1.573
238.05	1.558
238.26	1.542
238.48	1.525
238.70	1.512
238.92	1.494
239.13	1.480
239.35	1.464
239.57	1.449
239.79	1.436
240.00	1.424
240.22	1.410
240.44	1.397
240.66	1.380
240.87	1.370
241.09	1.358
241.31	1.347
241.53	1.334
241.74	1.322
241.96	1.308
242.18	1.296
242.40	1.286
242.61	1.275
242.83	1.263
243.05	1.252
243.27	1.242
243.48	1.235
243.70	1.224
243.92	1.214
244.13	1.206
244.35	1.196
244.57	1.189
244.79	1.181
245.00	1.175
245.22	1.166
245.44	1.158
245.65	1.149
245.87	1.143
246.09	1.137
246.31	1.130
246.52	1.122
246.74	1.115
246.96	1.107
247.18	1.100
247.39	1.095
247.61	1.089
247.83	1.082
248.04	1.075
248.26	1.068
248.48	1.063
248.69	1.057
248.91	1.051
249.13	1.046
249.35	1.040
249.56	1.034
249.78	1.029
250.00	1.024
250.21	1.019
250.43	1.014
250.65	1.008
250.86	1.004
251.08	1.000
251.30	0.995
251.51	0.991
251.73	0.987
251.95	0.983
252.17	0.978
252.38	0.975
252.60	0.971
252.82	0.966
253.03	0.963
253.25	0.959
253.47	0.955
253.68	0.951
253.90	0.947
254.12	0.945
254.33	0.941
254.55	0.938
254.77	0.936
254.98	0.932
255.20	0.930
255.42	0.927
255.63	0.924
255.85	0.922
256.07	0.919
256.28	0.916
256.50	0.913
256.72	0.911
256.93	0.908
257.15	0.905
257.37	0.902
257.58	0.900
257.80	0.896
258.02	0.893
258.23	0.890
258.45	0.887
258.67	0.884
258.88	0.881
259.10	0.878
259.32	0.875
259.53	0.873
259.75	0.870
259.96	0.869
260.18	0.867
260.40	0.865
260.61	0.861
260.83	0.859
261.05	0.858
261.26	0.856
261.48	0.854
261.70	0.851
261.91	0.848
262.13	0.846
262.34	0.844
262.56	0.844
262.78	0.842
262.99	0.838
263.21	0.837
263.43	0.834
263.64	0.832
263.86	0.830
264.07	0.828
264.29	0.825
264.51	0.822
264.72	0.820
264.94	0.818
265.16	0.815
265.37	0.813
265.59	0.810
265.80	0.809
266.02	0.807
266.24	0.805
266.45	0.804
266.67	0.802
266.88	0.798
267.10	0.797
267.32	0.795
267.53	0.793
267.75	0.790
267.96	0.787
268.18	0.785
268.40	0.782
268.61	0.779
268.83	0.778
269.04	0.775
269.26	0.773
269.48	0.771
269.69	0.768
269.91	0.766
270.12	0.764
270.34	0.762
270.56	0.760
270.77	0.757
270.99	0.754
271.20	0.751
271.42	0.749
271.64	0.746
271.85	0.743
272.07	0.740
272.28	0.737
272.50	0.734
272.71	0.731
272.93	0.727
273.15	0.725
273.36	0.721
273.58	0.718
273.79	0.715
274.01	0.711
274.22	0.708
274.44	0.705
274.66	0.702
274.87	0.698
275.09	0.694
275.30	0.690
275.52	0.687
275.73	0.684
275.95	0.681
276.16	0.677
276.38	0.673
276.60	0.669
276.81	0.666
277.03	0.663
277.24	0.660
277.46	0.657
277.67	0.653
277.89	0.650
278.10	0.646
278.32	0.642
278.53	0.639
278.75	0.634
278.97	0.631
279.18	0.627
279.40	0.623
279.61	0.619
279.83	0.615
280.04	0.613
280.26	0.610
280.47	0.606
280.69	0.603
280.90	0.599
281.12	0.596
281.33	0.592
281.55	0.588
281.76	0.584
281.98	0.580
282.20	0.576
282.41	0.571
282.63	0.568
282.84	0.563
283.06	0.559
283.27	0.555
283.49	0.551
283.70	0.547
283.92	0.543
284.13	0.539
284.35	0.535
284.56	0.531
284.78	0.527
284.99	0.523
285.21	0.519
285.42	0.515
285.64	0.511
285.85	0.508
286.07	0.504
286.28	0.501
286.50	0.497
286.71	0.493
286.93	0.490
287.14	0.486
287.36	0.482
287.57	0.478
287.79	0.474
288.00	0.470
288.22	0.467
288.43	0.464
288.65	0.461
288.86	0.457
289.08	0.453
289.29	0.449
289.51	0.446
289.72	0.442
289.94	0.439
290.15	0.435
290.37	0.431
290.58	0.428
290.80	0.424
291.01	0.422
291.22	0.418
291.44	0.415
291.65	0.411
291.87	0.408
292.08	0.405
292.30	0.402
292.51	0.398
292.73	0.396
292.94	0.392
293.16	0.390
293.37	0.387
293.59	0.385
293.80	0.382
294.02	0.379
294.23	0.376
294.44	0.374
294.66	0.371
294.87	0.368
295.09	0.365
295.30	0.362
295.52	0.358
295.73	0.356
295.95	0.353
296.16	0.349
296.37	0.346
296.59	0.344
296.80	0.341
297.02	0.338
297.23	0.335
297.45	0.333
297.66	0.330
297.88	0.328
298.09	0.326
298.30	0.323
298.52	0.321
298.73	0.318
298.95	0.316
299.16	0.313
299.38	0.311
299.59	0.309
299.80	0.306
300.02	0.303
300.23	0.301
300.45	0.298
300.66	0.296
300.88	0.294
301.09	0.292
301.30	0.289
301.52	0.287
301.73	0.284
301.95	0.282
302.16	0.280
302.37	0.278
302.59	0.276
302.80	0.274
303.02	0.272
303.23	0.269
303.45	0.267
303.66	0.265
303.87	0.262
304.09	0.260
304.30	0.258
304.52	0.255
304.73	0.253
304.94	0.250
305.16	0.248
305.37	0.246
305.59	0.244
305.80	0.243
306.01	0.241
306.23	0.240
306.44	0.238
306.65	0.236
306.87	0.234
307.08	0.233
307.30	0.231
307.51	0.229
307.72	0.228
307.94	0.226
308.15	0.225
308.37	0.224
308.58	0.222
308.79	0.221
309.01	0.219
309.22	0.217
309.43	0.215
309.65	0.213
309.86	0.211
310.07	0.209
310.29	0.207
310.50	0.204
310.72	0.202
310.93	0.200
311.14	0.198
311.36	0.197
311.57	0.195
311.78	0.193
312.00	0.191
312.21	0.189
312.42	0.188
312.64	0.187
312.85	0.185
313.07	0.183
313.28	0.182
313.49	0.181
313.71	0.179
313.92	0.178
314.13	0.176
314.35	0.176
314.56	0.174
314.77	0.172
314.99	0.171
315.20	0.170
315.41	0.169
315.63	0.168
315.84	0.167
316.05	0.166
316.27	0.164
316.48	0.163
316.69	0.162
316.91	0.162
317.12	0.160
317.33	0.159
317.55	0.158
317.76	0.157
317.97	0.156
318.19	0.154
318.40	0.153
318.61	0.152
318.83	0.151
319.04	0.150
319.25	0.148
319.47	0.147
319.68	0.146
319.89	0.145
320.10	0.144
320.32	0.143
320.53	0.142
320.74	0.141
320.96	0.140
321.17	0.139
321.38	0.138
321.60	0.137
321.81	0.136
322.02	0.136
322.24	0.134
322.45	0.134
322.66	0.133
322.87	0.133
323.09	0.132
323.30	0.132
323.51	0.131
323.73	0.130
323.94	0.129
324.15	0.129
324.36	0.128
324.58	0.127
324.79	0.125
325.00	0.125
325.22	0.124
325.43	0.123
325.64	0.122
325.85	0.121
326.07	0.120
326.28	0.120
326.49	0.119
326.71	0.119
326.92	0.118
327.13	0.118
327.34	0.117
327.56	0.116
327.77	0.116
327.98	0.115
328.19	0.114
328.41	0.114
328.62	0.113
328.83	0.112
329.04	0.111
329.26	0.110
329.47	0.110
329.68	0.110
329.90	0.109
330.11	0.108
330.32	0.107
330.53	0.107
330.75	0.107
330.96	0.106
331.17	0.106
331.38	0.106
331.60	0.105
331.81	0.104
332.02	0.104
332.23	0.103
332.44	0.102
332.66	0.102
332.87	0.102
333.08	0.102
333.29	0.101
333.51	0.100
333.72	0.100
333.93	0.100
334.14	0.100
334.36	0.099
334.57	0.099
334.78	0.098
334.99	0.097
335.21	0.096
335.42	0.096
335.63	0.096
335.84	0.095
336.05	0.094
336.27	0.094
336.48	0.094
336.69	0.093
336.90	0.092
337.11	0.092
337.33	0.092
337.54	0.091
337.75	0.091
337.96	0.090
338.18	0.090
338.39	0.090
338.60	0.089
338.81	0.088
339.02	0.088
339.24	0.087
339.45	0.088
339.66	0.087
339.87	0.087
340.08	0.086
340.30	0.086
340.51	0.086
340.72	0.086
340.93	0.085
341.14	0.085
341.36	0.084
341.57	0.083
341.78	0.083
341.99	0.083
342.20	0.082
342.41	0.082
342.63	0.081
342.84	0.081
343.05	0.081
343.26	0.080
343.47	0.080
343.69	0.080
343.90	0.080
344.11	0.080
344.32	0.080
344.53	0.079
344.74	0.079
344.96	0.079
345.17	0.079
345.38	0.078
345.59	0.078
345.80	0.077
346.01	0.077
346.23	0.076
346.44	0.075
346.65	0.075
346.86	0.075
347.07	0.074
347.28	0.074
347.50	0.074
347.71	0.074
347.92	0.073
348.13	0.073
348.34	0.073
348.55	0.073
348.76	0.073
348.98	0.073
349.19	0.073
349.40	0.072
349.61	0.072
349.82	0.072
350.03	0.071
350.24	0.071
350.46	0.070
350.67	0.069
350.88	0.069
351.09	0.068
351.30	0.068
351.51	0.067
351.72	0.067
351.93	0.067
352.15	0.068
352.36	0.067
352.57	0.067
352.78	0.066
352.99	0.066
353.20	0.066
353.41	0.066
353.62	0.065
353.84	0.065
354.05	0.064
354.26	0.064
354.47	0.063
354.68	0.063
354.89	0.063
355.10	0.063
355.31	0.062
355.52	0.062
355.74	0.062
355.95	0.062
356.16	0.062
356.37	0.062
356.58	0.062
356.79	0.062
357.00	0.062
357.21	0.062
357.42	0.061
357.63	0.061
357.85	0.061
358.06	0.061
358.27	0.060
358.48	0.060
358.69	0.059
358.90	0.059
359.11	0.058
359.32	0.058
359.53	0.059
359.74	0.058
359.95	0.058
360.17	0.058
360.38	0.058
360.59	0.058
360.80	0.058
361.01	0.058
361.22	0.057
361.43	0.057
361.64	0.056
361.85	0.056
362.06	0.056
362.27	0.056
362.48	0.055
362.69	0.055
362.90	0.055
363.12	0.055
363.33	0.055
363.54	0.054
363.75	0.054
363.96	0.054
364.17	0.053
364.38	0.053
364.59	0.054
364.80	0.053
365.01	0.053
365.22	0.052
365.43	0.052
365.64	0.052
365.85	0.052
366.06	0.052
366.27	0.052
366.48	0.051
366.69	0.051
366.90	0.051
367.11	0.051
367.32	0.051
367.54	0.051
367.75	0.051
367.96	0.050
368.17	0.049
368.38	0.049
368.59	0.049
368.80	0.048
369.01	0.048
369.22	0.048
369.43	0.047
369.64	0.047
369.85	0.047
370.06	0.048
370.27	0.047
370.48	0.047
370.69	0.047
370.90	0.047
371.11	0.047
371.32	0.047
371.53	0.046
371.74	0.046
371.95	0.046
372.16	0.046
372.37	0.046
372.58	0.046
372.79	0.045
373.00	0.046
373.21	0.046
373.42	0.046
373.63	0.046
373.84	0.045
374.05	0.045
374.26	0.045
374.47	0.045
374.68	0.044
374.89	0.043
375.10	0.043
375.31	0.043
375.52	0.042
375.73	0.043
375.94	0.043
376.15	0.043
376.36	0.043
376.57	0.044
376.78	0.044
376.99	0.044
377.20	0.045
377.41	0.044
377.62	0.043
377.83	0.043
378.04	0.043
378.25	0.042
378.46	0.042
378.67	0.042
378.88	0.041
379.09	0.041
379.30	0.040
379.51	0.041
379.72	0.041
379.92	0.040
380.13	0.040
380.34	0.040
380.55	0.040
380.76	0.039
380.97	0.039
381.18	0.039
381.39	0.038
381.60	0.039
381.81	0.039
382.02	0.039
382.23	0.039
382.44	0.039
382.65	0.040
382.86	0.040
383.07	0.040
383.28	0.039
383.49	0.039
383.70	0.038
383.91	0.038
384.11	0.037
384.32	0.037
384.53	0.036
384.74	0.036
384.95	0.036
385.16	0.036
385.37	0.036
385.58	0.036
385.79	0.036
386.00	0.036
386.21	0.036
386.42	0.036
386.63	0.036
386.84	0.035
387.04	0.035
387.25	0.036
387.46	0.036
387.67	0.036
387.88	0.036
388.09	0.035
388.30	0.036
388.51	0.036
388.72	0.035
388.93	0.035
389.14	0.035
389.34	0.035
389.55	0.035
389.76	0.035
389.97	0.035
390.18	0.035
390.39	0.035
390.60	0.035
390.81	0.035
391.02	0.035
391.23	0.035
391.43	0.035
391.64	0.035
391.85	0.035
392.06	0.034
392.27	0.034
392.48	0.033
392.69	0.034
392.90	0.033
393.11	0.033
393.31	0.033
393.52	0.033
393.73	0.033
393.94	0.033
394.15	0.033
394.36	0.033
394.57	0.033
394.78	0.033
394.98	0.033
395.19	0.033
395.40	0.033
395.61	0.034
395.82	0.033
396.03	0.033
396.24	0.033
396.44	0.033
396.65	0.033
396.86	0.033
397.07	0.033
397.28	0.033
397.49	0.032
397.70	0.032
397.90	0.033
398.11	0.032
398.32	0.033
398.53	0.032
398.74	0.032
398.95	0.032
399.16	0.032
399.36	0.032
399.57	0.032
399.78	0.032
399.99	0.031
400.20	0.031
400.41	0.032
400.61	0.031
400.82	0.031
401.03	0.031
401.24	0.031
401.45	0.031
401.66	0.031
401.86	0.031
402.07	0.031
402.28	0.031
402.49	0.031
402.70	0.030
402.91	0.030
403.11	0.030
403.32	0.029
403.53	0.029
403.74	0.029
403.95	0.029
404.15	0.029
404.36	0.029
404.57	0.029
404.78	0.030
404.99	0.030
405.20	0.030
405.40	0.030
405.61	0.031
405.82	0.030
406.03	0.031
406.24	0.031
406.44	0.031
406.65	0.031
406.86	0.031
407.07	0.031
407.28	0.031
407.48	0.031
407.69	0.031
407.90	0.031
408.11	0.030
408.32	0.030
408.52	0.031
408.73	0.030
408.94	0.031
409.15	0.030
409.35	0.030
409.56	0.030
409.77	0.030
409.98	0.030
410.19	0.030
410.39	0.029
410.60	0.029
410.81	0.029
411.02	0.028
411.22	0.029
411.43	0.028
411.64	0.029
411.85	0.029
412.05	0.029
412.26	0.028
412.47	0.028
412.68	0.028
412.89	0.029
413.09	0.029
413.30	0.029
413.51	0.029
413.72	0.028
413.92	0.029
414.13	0.029
414.34	0.029
414.55	0.028
414.75	0.028
414.96	0.028
415.17	0.029
415.38	0.029
415.58	0.028
415.79	0.028
416.00	0.028
416.21	0.028
416.41	0.028
416.62	0.028
416.83	0.028
417.03	0.028
417.24	0.028
417.45	0.029
417.66	0.029
417.86	0.029
418.07	0.029
418.28	0.029
418.49	0.028
418.69	0.029
418.90	0.028
419.11	0.028
419.31	0.028
419.52	0.027
419.73	0.027
419.94	0.027
420.14	0.027
420.35	0.027
420.56	0.026
420.76	0.026
420.97	0.026
421.18	0.026
421.39	0.026
421.59	0.026
421.80	0.026
422.01	0.026
422.21	0.026
422.42	0.027
422.63	0.028
422.84	0.028
423.04	0.028
423.25	0.028
423.46	0.029
423.66	0.029
423.87	0.029
424.08	0.029
424.28	0.028
424.49	0.028
424.70	0.027
424.90	0.028
425.11	0.028
425.32	0.027
425.52	0.027
425.73	0.027
425.94	0.027
426.15	0.028
426.35	0.028
426.56	0.028
426.77	0.027
426.97	0.027
427.18	0.027
427.39	0.027
427.59	0.027
427.80	0.027
428.01	0.027
428.21	0.026
428.42	0.026
428.63	0.026
428.83	0.027
429.04	0.027
429.25	0.026
429.45	0.027
429.66	0.026
429.87	0.026
430.07	0.027
430.28	0.027
430.48	0.026
430.69	0.027
430.90	0.026
431.10	0.026
431.31	0.026
431.52	0.025
431.72	0.026
431.93	0.025
432.14	0.025
432.34	0.026
432.55	0.026
432.76	0.026
432.96	0.027
433.17	0.027
433.37	0.027
433.58	0.027
433.79	0.027
433.99	0.027
434.20	0.027
434.41	0.027
434.61	0.027
434.82	0.027
435.02	0.026
435.23	0.026
435.44	0.027
435.64	0.027
435.85	0.026
436.06	0.027
436.26	0.027
436.47	0.026
436.67	0.026
436.88	0.026
437.09	0.026
437.29	0.025
437.50	0.025
437.70	0.025
437.91	0.025
438.12	0.024
438.32	0.024
438.53	0.025
438.73	0.025
438.94	0.025
439.15	0.025
439.35	0.024
439.56	0.025
439.76	0.025
439.97	0.026
440.18	0.026
440.38	0.026
440.59	0.026
440.79	0.026
441.00	0.026
441.20	0.026
441.41	0.025
441.62	0.026
441.82	0.026
442.03	0.025
442.23	0.025
442.44	0.025
442.65	0.025
442.85	0.026
443.06	0.026
443.26	0.026
443.47	0.026
443.67	0.026
443.88	0.026
444.09	0.027
444.29	0.026
444.50	0.025
444.70	0.025
444.91	0.025
445.11	0.025
445.32	0.025
445.52	0.025
445.73	0.025
445.94	0.024
446.14	0.025
446.35	0.025
446.55	0.025
446.76	0.025
446.96	0.024
447.17	0.025
447.37	0.024
447.58	0.024
447.78	0.024
447.99	0.024
448.20	0.024
448.40	0.024
448.61	0.024
448.81	0.024
449.02	0.024
449.22	0.024
449.43	0.025
449.63	0.025
449.84	0.024
450.04	0.024
450.25	0.024
450.45	0.025
450.66	0.025
450.86	0.025
451.07	0.025
451.27	0.024
451.48	0.024
451.68	0.025
451.89	0.026
452.09	0.025
452.30	0.024
452.50	0.024
452.71	0.025
452.91	0.025
453.12	0.025
453.33	0.025
453.53	0.025
453.74	0.024
453.94	0.024
454.15	0.024
454.35	0.024
454.56	0.025
454.76	0.025
454.96	0.025
455.17	0.024
455.37	0.024
455.58	0.025
455.78	0.025
455.99	0.025
456.19	0.025
456.40	0.024
456.60	0.023
456.81	0.023
457.01	0.024
457.22	0.023
457.42	0.024
457.63	0.024
457.83	0.024
458.04	0.023
458.24	0.023
458.45	0.024
458.65	0.024
458.86	0.024
459.06	0.024
459.27	0.024
459.47	0.024
459.67	0.023
459.88	0.024
460.08	0.023
460.29	0.023
460.49	0.023
460.70	0.023
460.90	0.022
461.11	0.022
461.31	0.021
461.52	0.022
461.72	0.022
461.92	0.022
462.13	0.023
462.33	0.023
462.54	0.023
462.74	0.023
462.95	0.023
463.15	0.024
463.36	0.024
463.56	0.024
463.76	0.024
463.97	0.024
464.17	0.024
464.38	0.024
464.58	0.024
464.79	0.024
464.99	0.024
465.19	0.024
465.40	0.024
465.60	0.023
465.81	0.023
466.01	0.023
466.22	0.023
466.42	0.024
466.62	0.024
466.83	0.024
467.03	0.024
467.24	0.024
467.44	0.025
467.65	0.025
467.85	0.025
468.05	0.024
468.26	0.024
468.46	0.024
468.67	0.024
468.87	0.024
469.07	0.025
469.28	0.025
469.48	0.025
469.69	0.024
469.89	0.024
470.09	0.024
470.30	0.024
470.50	0.024
470.71	0.024
470.91	0.024
471.11	0.024
471.32	0.024
471.52	0.025
471.72	0.025
471.93	0.025
472.13	0.025
472.34	0.024
472.54	0.024
472.74	0.023
472.95	0.023
473.15	0.023
473.35	0.023
473.56	0.022
473.76	0.022
473.97	0.023
474.17	0.022
474.37	0.023
474.58	0.023
474.78	0.023
474.98	0.023
475.19	0.023
475.39	0.023
475.60	0.023
475.80	0.023
476.00	0.023
476.21	0.023
476.41	0.023
476.61	0.022
476.82	0.023
477.02	0.022
477.22	0.022
477.43	0.022
477.63	0.022
477.83	0.023
478.04	0.023
478.24	0.023
478.44	0.024
478.65	0.024
478.85	0.025
479.05	0.025
479.26	0.025
479.46	0.025
479.66	0.024
479.87	0.024
480.07	0.025
480.27	0.024
480.48	0.025
480.68	0.025
480.88	0.024
481.09	0.024
481.29	0.024
481.49	0.024
481.70	0.024
481.90	0.023
482.10	0.023
482.31	0.023
482.51	0.023
482.71	0.023
482.92	0.023
483.12	0.023
483.32	0.023
483.52	0.023
483.73	0.023
483.93	0.023
484.13	0.023
484.34	0.023
484.54	0.022
484.74	0.022
484.95	0.022
485.15	0.023
485.35	0.022
485.55	0.023
485.76	0.023
485.96	0.023
486.16	0.023
486.37	0.023
486.57	0.023
486.77	0.023
486.97	0.022
487.18	0.023
487.38	0.023
487.58	0.023
487.79	0.023
487.99	0.023
488.19	0.024
488.39	0.023
488.60	0.023
488.80	0.024
489.00	0.023
489.20	0.023
489.41	0.023
489.61	0.023
489.81	0.022
490.02	0.022
490.22	0.022
490.42	0.023
490.62	0.022
490.83	0.022
491.03	0.022
491.23	0.022
491.43	0.023
491.64	0.023
491.84	0.023
492.04	0.023
492.24	0.023
492.45	0.024
492.65	0.024
492.85	0.024
493.05	0.024
493.26	0.024
493.46	0.024
493.66	0.023
493.86	0.023
494.07	0.023
494.27	0.023
494.47	0.023
494.67	0.023
494.87	0.022
495.08	0.023
495.28	0.023
495.48	0.024
495.68	0.023
495.89	0.023
496.09	0.023
496.29	0.023
496.49	0.023
496.69	0.024
496.90	0.024
497.10	0.023
497.30	0.023
497.50	0.023
497.71	0.024
497.91	0.023
498.11	0.024
498.31	0.024
498.51	0.024
498.72	0.024
498.92	0.024
499.12	0.023
499.32	0.024
499.52	0.023
499.73	0.024
499.93	0.023
500.13	0.023
500.33	0.023
500.53	0.023
500.74	0.024
500.94	0.024
501.14	0.023
501.34	0.023
501.54	0.023
501.74	0.023
501.95	0.023
502.15	0.023
502.35	0.023
502.55	0.023
502.75	0.024
502.96	0.024
503.16	0.024
503.36	0.024
503.56	0.024
503.76	0.023
503.96	0.023
504.17	0.023
504.37	0.023
504.57	0.023
504.77	0.023
504.97	0.023
505.17	0.023
505.38	0.023
505.58	0.023
505.78	0.023
505.98	0.023
506.18	0.023
506.38	0.023
506.58	0.023
506.79	0.023
506.99	0.023
507.19	0.023
507.39	0.023
507.59	0.023
507.79	0.023
507.99	0.023
508.20	0.023
508.40	0.022
508.60	0.022
508.80	0.022
509.00	0.023
509.20	0.023
509.40	0.023
509.61	0.023
509.81	0.023
510.01	0.023
510.21	0.023
510.41	0.023
510.61	0.023
510.81	0.023
511.01	0.022
511.22	0.022
511.42	0.022
511.62	0.023
511.82	0.023
512.02	0.023
512.22	0.023
512.42	0.023
512.62	0.023
512.82	0.024
513.03	0.023
513.23	0.023
513.43	0.023
513.63	0.023
513.83	0.023
514.03	0.023
514.23	0.023
514.43	0.023
514.63	0.023
514.83	0.023
515.04	0.022
515.24	0.022
515.44	0.022
515.64	0.022
515.84	0.022
516.04	0.023
516.24	0.023
516.44	0.023
516.64	0.024
516.84	0.024
517.04	0.024
517.24	0.024
517.45	0.024
517.65	0.024
517.85	0.024
518.05	0.023
518.25	0.023
518.45	0.023
518.65	0.023
518.85	0.023
519.05	0.024
519.25	0.024
519.45	0.023
519.65	0.023
519.85	0.023
520.05	0.024
520.25	0.024
520.46	0.024
520.66	0.023
520.86	0.023
521.06	0.023
521.26	0.023
521.46	0.023
521.66	0.023
521.86	0.023
522.06	0.023
522.26	0.023
522.46	0.023
522.66	0.023
522.86	0.023
523.06	0.022
523.26	0.023
523.46	0.022
523.66	0.022
523.86	0.022
524.06	0.022
524.26	0.022
524.46	0.022
524.66	0.023
524.86	0.023
525.06	0.023
525.26	0.023
525.46	0.024
525.66	0.024
525.87	0.024
526.07	0.024
526.27	0.024
526.47	0.024
526.67	0.024
526.87	0.024
527.07	0.024
527.27	0.023
527.47	0.024
527.67	0.024
527.87	0.024
528.07	0.024
528.27	0.024
528.47	0.024
528.67	0.024
528.87	0.023
529.07	0.024
529.27	0.023
529.47	0.023
529.67	0.022
529.87	0.022
530.07	0.022
530.27	0.022
530.47	0.022
530.67	0.022
530.87	0.022
531.06	0.022
531.26	0.022
531.46	0.023
531.66	0.023
531.86	0.023
532.06	0.024
532.26	0.024
532.46	0.025
532.66	0.025
532.86	0.025
533.06	0.024
533.26	0.024
533.46	0.024
533.66	0.023
533.86	0.023
534.06	0.023
534.26	0.023
534.46	0.023
534.66	0.023
534.86	0.024
535.06	0.024
535.26	0.024
535.46	0.024
535.66	0.024
535.86	0.024
536.06	0.024
536.26	0.024
536.45	0.024
536.65	0.024
536.85	0.024
537.05	0.024
537.25	0.024
537.45	0.024
537.65	0.024
537.85	0.024
538.05	0.024
538.25	0.024
538.45	0.024
538.65	0.023
538.85	0.023
539.05	0.023
539.25	0.024
539.44	0.023
539.64	0.023
539.84	0.023
540.04	0.023
540.24	0.023
540.44	0.023
540.64	0.023
540.84	0.024
541.04	0.023
541.24	0.023
541.44	0.023
541.64	0.024
541.83	0.024
542.03	0.024
542.23	0.024
542.43	0.024
542.63	0.023
542.83	0.023
543.03	0.024
543.23	0.025
543.43	0.024
543.63	0.024
543.82	0.024
544.02	0.024
544.22	0.024
544.42	0.024
544.62	0.024
544.82	0.024
545.02	0.023
545.22	0.023
545.42	0.023
545.61	0.022
545.81	0.022
546.01	0.022
546.21	0.021
546.41	0.021
546.61	0.021
546.81	0.021
547.01	0.021
547.20	0.021
547.40	0.022
547.60	0.022
547.80	0.022
548.00	0.022
548.20	0.022
548.40	0.022
548.59	0.022
548.79	0.022
548.99	0.022
549.19	0.023
549.39	0.023
549.59	0.023
549.79	0.023
549.98	0.023
550.18	0.023
550.38	0.023
550.58	0.023
550.78	0.024
550.98	0.023
551.17	0.023
551.37	0.023
551.57	0.023
551.77	0.023
551.97	0.023
552.17	0.023
552.36	0.023
552.56	0.022
552.76	0.022
552.96	0.022
553.16	0.023
553.36	0.023
553.55	0.023
553.75	0.022
553.95	0.022
554.15	0.022
554.35	0.022
554.55	0.022
554.74	0.022
554.94	0.022
555.14	0.022
555.34	0.023
555.54	0.023
555.73	0.024
555.93	0.024
556.13	0.024
556.33	0.024
556.53	0.024
556.72	0.024
556.92	0.023
557.12	0.023
557.32	0.023
557.52	0.023
557.71	0.023
557.91	0.023
558.11	0.023
558.31	0.024
558.51	0.024
558.70	0.024
558.90	0.024
559.10	0.024
559.30	0.024
559.49	0.024
559.69	0.024
559.89	0.024
560.09	0.023
560.29	0.023
560.48	0.022
560.68	0.022
560.88	0.022
561.08	0.023
561.27	0.023
561.47	0.022
561.67	0.023
561.87	0.022
562.06	0.023
562.26	0.023
562.46	0.023
562.66	0.023
562.86	0.023
563.05	0.023
563.25	0.024
563.45	0.024
563.65	0.024
563.84	0.024
564.04	0.023
564.24	0.023
564.44	0.023
564.63	0.023
564.83	0.023
565.03	0.023
565.22	0.023
565.42	0.023
565.62	0.023
565.82	0.023
566.01	0.023
566.21	0.023
566.41	0.024
566.61	0.024
566.80	0.024
567.00	0.023
567.20	0.023
567.40	0.023
567.59	0.024
567.79	0.023
567.99	0.023
568.18	0.023
568.38	0.023
568.58	0.023
568.78	0.023
568.97	0.023
569.17	0.022
569.37	0.022
569.56	0.023
569.76	0.023
569.96	0.022
570.16	0.022
570.35	0.022
570.55	0.022
570.75	0.023
570.94	0.023
571.14	0.022
571.34	0.023
571.53	0.023
571.73	0.023
571.93	0.023
572.12	0.023
572.32	0.023
572.52	0.022
572.72	0.023
572.91	0.022
573.11	0.022
573.31	0.022
573.50	0.022
573.70	0.022
573.90	0.022
574.09	0.022
574.29	0.022
574.49	0.022
574.68	0.021
574.88	0.022
575.08	0.022
575.27	0.022
575.47	0.021
575.67	0.021
575.86	0.021
576.06	0.021
576.26	0.021
576.45	0.021
576.65	0.021
576.85	0.021
577.04	0.021
577.24	0.021
577.44	0.021
577.63	0.022
577.83	0.022
578.02	0.021
578.22	0.022
578.42	0.022
578.61	0.022
578.81	0.022
579.01	0.022
579.20	0.022
579.40	0.022
579.60	0.023
579.79	0.023
579.99	0.022
580.19	0.022
580.38	0.022
580.58	0.021
580.77	0.021
580.97	0.021
581.17	0.021
581.36	0.020
581.56	0.020
581.75	0.020
581.95	0.020
582.15	0.021
582.34	0.021
582.54	0.022
582.74	0.022
582.93	0.023
583.13	0.023
583.32	0.023
583.52	0.023
583.72	0.024
583.91	0.024
584.11	0.023
584.30	0.023
584.50	0.023
584.70	0.022
584.89	0.022
585.09	0.022
585.28	0.022
585.48	0.022
585.68	0.022
585.87	0.022
586.07	0.022
586.26	0.022
586.46	0.022
586.66	0.021
586.85	0.021
587.05	0.022
587.24	0.021
587.44	0.021
587.63	0.022
587.83	0.022
588.03	0.022
588.22	0.022
588.42	0.022
588.61	0.022
588.81	0.022
589.00	0.022
589.20	0.022
589.40	0.022
589.59	0.023
589.79	0.023
589.98	0.023
590.18	0.023
590.37	0.023
590.57	0.023
590.76	0.023
590.96	0.023
591.16	0.023
591.35	0.023
591.55	0.024
591.74	0.023
591.94	0.023
592.13	0.023
592.33	0.022
592.52	0.022
592.72	0.022
592.91	0.022
593.11	0.021
593.30	0.021
593.50	0.021
593.70	0.021
593.89	0.021
594.09	0.022
594.28	0.022
594.48	0.021
594.67	0.021
594.87	0.022
595.06	0.022
595.26	0.022
595.45	0.022
595.65	0.023
595.84	0.022
596.04	0.022
596.23	0.022
596.43	0.023
596.62	0.023
596.82	0.023
597.01	0.023
597.21	0.023
597.40	0.023
597.60	0.023
597.79	0.023
597.99	0.023
598.18	0.023
598.38	0.022
598.57	0.023
598.77	0.022
598.96	0.022
599.16	0.022
599.35	0.021
599.55	0.021
599.74	0.021
599.94	0.021
600.13	0.021
600.33	0.021
600.52	0.021
600.72	0.021
600.91	0.022
601.11	0.022
601.30	0.023
601.50	0.023
601.69	0.023
601.89	0.023
602.08	0.023
602.27	0.023
602.47	0.023
602.66	0.022
602.86	0.022
603.05	0.022
603.25	0.022
603.44	0.022
603.64	0.022
603.83	0.022
604.03	0.022
604.22	0.022
604.41	0.022
604.61	0.022
604.80	0.022
605.00	0.021
605.19	0.021
605.39	0.021
605.58	0.022
605.78	0.022
605.97	0.021
606.16	0.021
606.36	0.022
606.55	0.021
606.75	0.021
606.94	0.021
607.14	0.021
607.33	0.020
607.52	0.021
607.72	0.021
607.91	0.021
608.11	0.021
608.30	0.021
608.50	0.022
608.69	0.022
608.88	0.022
609.08	0.022
609.27	0.022
609.47	0.022
609.66	0.022
609.85	0.022
610.05	0.022
610.24	0.022
610.44	0.022
610.63	0.022
610.83	0.022
611.02	0.022
611.21	0.022
611.41	0.022
611.60	0.022
611.80	0.022
611.99	0.022
612.18	0.022
612.38	0.022
612.57	0.022
612.76	0.022
612.96	0.022
613.15	0.021
613.35	0.021
613.54	0.021
613.73	0.022
613.93	0.022
614.12	0.022
614.32	0.022
614.51	0.022
614.70	0.022
614.90	0.022
615.09	0.022
615.28	0.023
615.48	0.023
615.67	0.023
615.86	0.023
616.06	0.024
616.25	0.024
616.45	0.024
616.64	0.024
616.83	0.024
617.03	0.024
617.22	0.024
617.41	0.023
617.61	0.023
617.80	0.023
617.99	0.023
618.19	0.023
618.38	0.023
618.57	0.023
618.77	0.023
618.96	0.023
619.15	0.023
619.35	0.024
619.54	0.024
619.73	0.024
619.93	0.024
620.12	0.024
620.31	0.023
620.51	0.023
620.70	0.023
620.89	0.023
621.09	0.022
621.28	0.023
621.47	0.023
621.67	0.022
621.86	0.022
622.05	0.023
622.25	0.023
622.44	0.023
622.63	0.023
622.83	0.023
623.02	0.023
623.21	0.023
623.41	0.023
623.60	0.023
623.79	0.023
623.98	0.023
624.18	0.023
624.37	0.023
624.56	0.023
624.76	0.023
624.95	0.023
625.14	0.024
625.33	0.024
625.53	0.024
625.72	0.024
625.91	0.024
626.11	0.023
626.30	0.023
626.49	0.023
626.68	0.024
626.88	0.023
627.07	0.023
627.26	0.023
627.46	0.023
627.65	0.023
627.84	0.023
628.03	0.023
628.23	0.023
628.42	0.023
628.61	0.023
628.80	0.023
629.00	0.023
629.19	0.023
629.38	0.023
629.58	0.023
629.77	0.023
629.96	0.023
630.15	0.024
630.35	0.024
630.54	0.023
630.73	0.023
630.92	0.023
631.12	0.023
631.31	0.023
631.50	0.023
631.69	0.023
631.89	0.023
632.08	0.023
632.27	0.023
632.46	0.023
632.65	0.023
632.85	0.023
633.04	0.022
633.23	0.022
633.42	0.023
633.62	0.023
633.81	0.023
634.00	0.023
634.19	0.023
634.39	0.024
634.58	0.023
634.77	0.023
634.96	0.024
635.15	0.024
635.35	0.023
635.54	0.023
635.73	0.023
635.92	0.023
636.11	0.023
636.31	0.023
636.50	0.023
636.69	0.023
636.88	0.023
637.07	0.023
637.27	0.023
637.46	0.023
637.65	0.023
637.84	0.023
638.03	0.023
638.23	0.023
638.42	0.023
638.61	0.023
638.80	0.023
638.99	0.023
639.19	0.023
639.38	0.023
639.57	0.023
639.76	0.023
639.95	0.023
640.14	0.023
640.34	0.023
640.53	0.023
640.72	0.023
640.91	0.023
641.10	0.023
641.30	0.023
641.49	0.023
641.68	0.023
641.87	0.023
642.06	0.023
642.25	0.023
642.44	0.023
642.64	0.024
642.83	0.024
643.02	0.024
643.21	0.024
643.40	0.024
643.59	0.024
643.79	0.024
643.98	0.024
644.17	0.024
644.36	0.024
644.55	0.024
644.74	0.024
644.93	0.024
645.13	0.024
645.32	0.024
645.51	0.025
645.70	0.025
645.89	0.024
646.08	0.024
646.27	0.024
646.46	0.024
646.66	0.023
646.85	0.024
647.04	0.023
647.23	0.023
647.42	0.023
647.61	0.023
647.80	0.023
647.99	0.023
648.19	0.023
648.38	0.023
648.57	0.023
648.76	0.023
648.95	0.023
649.14	0.023
649.33	0.023
649.52	0.023
649.71	0.023
649.91	0.023
650.10	0.023
650.29	0.023
650.48	0.023
650.67	0.022
650.86	0.022
651.05	0.022
651.24	0.023
651.43	0.023
651.62	0.023
651.81	0.023
652.01	0.023
652.20	0.023
652.39	0.023
652.58	0.023
652.77	0.023
652.96	0.022
653.15	0.022
653.34	0.023
653.53	0.023
653.72	0.023
653.91	0.023
654.10	0.023
654.29	0.023
654.48	0.023
654.68	0.022
654.87	0.022
655.06	0.021
655.25	0.021
655.44	0.020
655.63	0.020
655.82	0.019
656.01	0.019
656.20	0.020
656.39	0.020
656.58	0.021
656.77	0.022
656.96	0.022
657.15	0.022
657.34	0.023
657.53	0.023
657.72	0.024
657.91	0.023
658.10	0.023
658.29	0.023
658.48	0.024
658.68	0.024
658.87	0.024
659.06	0.024
659.25	0.024
659.44	0.024
659.63	0.025
659.82	0.024
660.01	0.025
660.20	0.024
660.39	0.024
660.58	0.023
660.77	0.023
660.96	0.023
661.15	0.024
661.34	0.023
661.53	0.023
661.72	0.023
661.91	0.023
662.10	0.023
662.29	0.024
662.48	0.024
662.67	0.024
662.86	0.024
663.05	0.024
663.24	0.024
663.43	0.024
663.62	0.024
663.81	0.024
664.00	0.024
664.19	0.024
664.38	0.023
664.57	0.023
664.76	0.023
664.95	0.023
665.14	0.022
665.33	0.023
665.52	0.023
665.71	0.022
665.90	0.023
666.09	0.023
666.28	0.023
666.46	0.024
666.65	0.024
666.84	0.024
667.03	0.024
667.22	0.024
667.41	0.024
667.60	0.023
667.79	0.024
667.98	0.023
668.17	0.023
668.36	0.023
668.55	0.023
668.74	0.023
668.93	0.023
669.12	0.023
669.31	0.023
669.50	0.023
669.69	0.023
669.88	0.023
670.07	0.023
670.26	0.023
670.44	0.023
670.63	0.023
670.82	0.023
671.01	0.023
671.20	0.022
671.39	0.023
671.58	0.023
671.77	0.023
671.96	0.023
672.15	0.023
672.34	0.023
672.53	0.024
672.72	0.024
672.91	0.024
673.09	0.024
673.28	0.023
673.47	0.024
673.66	0.024
673.85	0.024
674.04	0.024
674.23	0.024
674.42	0.024
674.61	0.024
674.80	0.024
674.98	0.024
675.17	0.024
675.36	0.023
675.55	0.023
675.74	0.023
675.93	0.023
676.12	0.022
676.31	0.022
676.50	0.022
676.69	0.022
676.87	0.022
677.06	0.022
677.25	0.022
677.44	0.022
677.63	0.022
677.82	0.022
678.01	0.023
678.20	0.022
678.38	0.022
678.57	0.023
678.76	0.023
678.95	0.023
679.14	0.023
679.33	0.023
679.52	0.024
679.71	0.024
679.89	0.024
680.08	0.024
680.27	0.025
680.46	0.024
680.65	0.024
680.84	0.024
681.02	0.024
681.21	0.024
681.40	0.024
681.59	0.024
681.78	0.024
681.97	0.024
682.16	0.024
682.34	0.023
682.53	0.024
682.72	0.024
682.91	0.023
683.10	0.024
683.29	0.023
683.47	0.023
683.66	0.023
683.85	0.023
684.04	0.023
684.23	0.023
684.42	0.023
684.60	0.023
684.79	0.023
684.98	0.023
685.17	0.023
685.36	0.023
685.54	0.023
685.73	0.022
685.92	0.023
686.11	0.022
686.30	0.022
686.49	0.022
686.67	0.022
686.86	0.022
687.05	0.022
687.24	0.022
687.43	0.023
687.61	0.023
687.80	0.024
687.99	0.023
688.18	0.023
688.36	0.023
688.55	0.023
688.74	0.023
688.93	0.023
689.12	0.023
689.30	0.022
689.49	0.022
689.68	0.022
689.87	0.023
690.06	0.022
690.24	0.022
690.43	0.023
690.62	0.023
690.81	0.023
690.99	0.023
691.18	0.023
691.37	0.023
691.56	0.023
691.74	0.023
691.93	0.023
692.12	0.023
692.31	0.023
692.50	0.023
692.68	0.023
692.87	0.023
693.06	0.024
693.25	0.024
693.43	0.024
693.62	0.024
693.81	0.024
694.00	0.023
694.18	0.023
694.37	0.023
694.56	0.023
694.74	0.023
694.93	0.023
695.12	0.024
695.31	0.024
695.49	0.024
695.68	0.024
695.87	0.025
696.06	0.025
696.24	0.025
696.43	0.025
696.62	0.025
696.80	0.024
696.99	0.024
697.18	0.024
697.37	0.024
697.55	0.023
697.74	0.023
697.93	0.023
698.12	0.023
698.30	0.023
698.49	0.023
698.68	0.023
698.86	0.023
699.05	0.024
699.24	0.024
699.42	0.024
699.61	0.023
699.80	0.023
699.99	0.023
700.17	0.023
700.36	0.023
700.55	0.023
700.73	0.023
700.92	0.022
701.11	0.022
701.29	0.022
701.48	0.022
701.67	0.022
701.85	0.023
702.04	0.023
702.23	0.023
702.41	0.023
702.60	0.023
702.79	0.023
702.97	0.023
703.16	0.023
703.35	0.023
703.53	0.023
703.72	0.023
703.91	0.023
704.09	0.024
704.28	0.024
704.47	0.023
704.65	0.023
704.84	0.023
705.03	0.023
705.21	0.023
705.40	0.023
705.59	0.022
705.77	0.022
705.96	0.022
706.15	0.022
706.33	0.022
706.52	0.022
706.71	0.022
706.89	0.022
707.08	0.022
707.26	0.023
707.45	0.023
707.64	0.023
707.82	0.023
708.01	0.023
708.20	0.023
708.38	0.022
708.57	0.023
708.75	0.022
708.94	0.022
709.13	0.022
709.31	0.022
709.50	0.022
709.69	0.023
709.87	0.023
710.06	0.023
710.24	0.023
710.43	0.023
710.62	0.023
710.80	0.023
710.99	0.023
711.17	0.023
711.36	0.023
711.55	0.023
711.73	0.023
711.92	0.023
712.10	0.023
712.29	0.023
712.48	0.023
712.66	0.023
712.85	0.023
713.03	0.023
713.22	0.023
713.40	0.023
713.59	0.023
713.78	0.023
713.96	0.023
714.15	0.023
714.33	0.023
714.52	0.023
714.71	0.023
714.89	0.022
715.08	0.022
715.26	0.022
715.45	0.023
715.63	0.023
715.82	0.023
716.00	0.023
716.19	0.023
716.38	0.023
716.56	0.023
716.75	0.023
716.93	0.023
717.12	0.023
717.30	0.022
717.49	0.022
717.67	0.023
717.86	0.022
718.05	0.022
718.23	0.022
718.42	0.022
718.60	0.022
718.79	0.022
718.97	0.022
719.16	0.022
719.34	0.022
719.53	0.022
719.71	0.022
719.90	0.022
720.08	0.022
720.27	0.022
720.45	0.023
720.64	0.023
720.83	0.023
721.01	0.024
721.20	0.024
721.38	0.024
721.57	0.024
721.75	0.025
721.94	0.025
722.12	0.024
722.31	0.024
722.49	0.024
722.68	0.023
722.86	0.023
723.05	0.023
723.23	0.023
723.42	0.023
723.60	0.023
723.79	0.023
723.97	0.023
724.16	0.023
724.34	0.024
724.53	0.023
724.71	0.023
724.90	0.023
725.08	0.022
725.27	0.023
725.45	0.023
725.64	0.023
725.82	0.023
726.00	0.023
726.19	0.023
726.37	0.022
726.56	0.022
726.74	0.023
726.93	0.023
727.11	0.022
727.30	0.022
727.48	0.022
727.67	0.023
727.85	0.023
728.04	0.023
728.22	0.023
728.40	0.023
728.59	0.023
728.77	0.023
728.96	0.023
729.14	0.023
729.33	0.023
729.51	0.023
729.70	0.023
729.88	0.023
730.07	0.023
730.25	0.023
730.43	0.023
730.62	0.023
730.80	0.023
730.99	0.023
731.17	0.023
731.36	0.023
731.54	0.023
731.72	0.023
731.91	0.023
732.09	0.022
732.28	0.022
732.46	0.023
732.65	0.023
732.83	0.023
733.01	0.022
733.20	0.023
733.38	0.023
733.57	0.023
733.75	0.024
733.93	0.024
734.12	0.023
734.30	0.024
734.49	0.024
734.67	0.024
734.85	0.024
735.04	0.024
735.22	0.023
735.41	0.023
735.59	0.023
735.77	0.023
735.96	0.023
736.14	0.023
736.33	0.023
736.51	0.022
736.69	0.022
736.88	0.022
737.06	0.022
737.25	0.022
737.43	0.022
737.61	0.022
737.80	0.023
737.98	0.022
738.16	0.023
738.35	0.022
738.53	0.022
738.71	0.022
738.90	0.022
739.08	0.022
739.27	0.022
739.45	0.022
739.63	0.022
739.82	0.023
740.00	0.023
740.18	0.023
740.37	0.023
740.55	0.023
740.73	0.024
740.92	0.024
741.10	0.024
741.28	0.023
741.47	0.023
741.65	0.023
741.83	0.022
742.02	0.023
742.20	0.023
742.38	0.022
742.57	0.022
742.75	0.022
742.93	0.023
743.12	0.022
743.30	0.022
743.48	0.023
743.67	0.022
743.85	0.023
744.03	0.023
744.22	0.022
744.40	0.022
744.58	0.022
744.77	0.023
744.95	0.023
745.13	0.023
745.32	0.023
745.50	0.023
745.68	0.023
745.87	0.023
746.05	0.023
746.23	0.023
746.41	0.023
746.60	0.023
746.78	0.023
746.96	0.023
747.15	0.024
747.33	0.024
747.51	0.024
747.70	0.024
747.88	0.024
748.06	0.024
748.24	0.024
748.43	0.024
748.61	0.024
748.79	0.024
748.97	0.024
749.16	0.023
749.34	0.023
749.52	0.023
749.71	0.023
749.89	0.023
750.07	0.023
750.25	0.023
750.44	0.023
750.62	0.023
750.80	0.023
750.98	0.023
751.17	0.023
751.35	0.023
751.53	0.023
751.71	0.023
751.90	0.023
752.08	0.023
752.26	0.023
752.44	0.023
752.63	0.023
752.81	0.023
752.99	0.023
753.17	0.023
753.36	0.023
753.54	0.023
753.72	0.023
753.90	0.022
754.09	0.022
754.27	0.023
754.45	0.023
754.63	0.022
754.82	0.023
755.00	0.023
755.18	0.022
755.36	0.023
755.54	0.023
755.73	0.023
755.91	0.023
756.09	0.022
756.27	0.022
756.45	0.022
756.64	0.023
756.82	0.023
757.00	0.022
757.18	0.022
757.37	0.022
757.55	0.022
757.73	0.022
757.91	0.022
758.09	0.022
758.27	0.022
758.46	0.022
758.64	0.023
758.82	0.023
759.00	0.023
759.18	0.023
759.37	0.023
759.55	0.023
759.73	0.022
759.91	0.022
760.09	0.022
760.28	0.023
760.46	0.023
760.64	0.023
760.82	0.022
761.00	0.022
761.18	0.022
761.37	0.023
761.55	0.022
761.73	0.022
761.91	0.022
762.09	0.022
762.27	0.022
762.46	0.022
762.64	0.022
762.82	0.022
763.00	0.022
763.18	0.022
763.36	0.022
763.54	0.022
763.73	0.022
763.91	0.022
764.09	0.022
764.27	0.021
764.45	0.021
764.63	0.022
764.81	0.022
765.00	0.022
765.18	0.023
765.36	0.023
765.54	0.023
765.72	0.022
765.90	0.022
766.08	0.023
766.27	0.022
766.45	0.022
766.63	0.022
766.81	0.022
766.99	0.022
767.17	0.022
767.35	0.022
767.53	0.022
767.71	0.022
767.90	0.022
768.08	0.022
768.26	0.022
768.44	0.023
768.62	0.022
768.80	0.022
768.98	0.022
769.16	0.023
769.34	0.022
769.52	0.022
769.71	0.022
769.89	0.022
770.07	0.022
770.25	0.022
770.43	0.022
770.61	0.022
770.79	0.022
770.97	0.022
771.15	0.022
771.33	0.022
771.51	0.022
771.69	0.022
771.88	0.022
772.06	0.022
772.24	0.022
772.42	0.022
772.60	0.022
772.78	0.022
772.96	0.022
773.14	0.022
773.32	0.022
773.50	0.022
773.68	0.023
773.86	0.023
774.04	0.023
774.22	0.023
774.40	0.023
774.58	0.023
774.77	0.023
774.95	0.023
775.13	0.023
775.31	0.022
775.49	0.023
775.67	0.022
775.85	0.022
776.03	0.023
776.21	0.023
776.39	0.023
776.57	0.023
776.75	0.023
776.93	0.023
777.11	0.022
777.29	0.023
777.47	0.023
777.65	0.022
777.83	0.022
778.01	0.022
778.19	0.023
778.37	0.023
778.55	0.023
778.73	0.023
778.91	0.023
779.09	0.022
779.27	0.023
779.45	0.022
779.63	0.023
779.81	0.022
779.99	0.022
780.17	0.022
780.35	0.022
780.53	0.023
780.71	0.023
780.89	0.023
781.07	0.023
781.25	0.023
781.43	0.023
781.61	0.023
781.79	0.022
781.97	0.022
782.15	0.022
782.33	0.022
782.51	0.022
782.69	0.022
782.87	0.022
783.05	0.022
783.23	0.022
783.41	0.022
783.59	0.022
783.77	0.022
783.95	0.022
784.13	0.022
784.31	0.022
784.49	0.022
784.67	0.022
784.85	0.022
785.03	0.022
785.21	0.022
785.38	0.022
785.56	0.022
785.74	0.023
785.92	0.022
786.10	0.023
786.28	0.023
786.46	0.023
786.64	0.022
786.82	0.022
787.00	0.022
787.18	0.022
787.36	0.022
787.54	0.022
787.72	0.022
787.90	0.022
788.08	0.022
788.25	0.022
788.43	0.022
788.61	0.022
788.79	0.022
788.97	0.022
789.15	0.023
789.33	0.023
789.51	0.023
789.69	0.023
789.87	0.023
790.05	0.023
790.23	0.023
790.40	0.023
790.58	0.023
790.76	0.023
790.94	0.023
791.12	0.023
791.30	0.023
791.48	0.023
791.66	0.023
791.84	0.023
792.02	0.023
792.19	0.023
792.37	0.023
792.55	0.023
792.73	0.023
792.91	0.023
793.09	0.024
793.27	0.024
793.45	0.023
793.63	0.024
793.80	0.023
793.98	0.024
794.16	0.024
794.34	0.024
794.52	0.024
794.70	0.023
794.88	0.023
795.05	0.023
795.23	0.023
795.41	0.023
795.59	0.023
795.77	0.022
795.95	0.022
796.13	0.022
796.30	0.023
796.48	0.023
796.66	0.023
796.84	0.023
797.02	0.023
797.20	0.023
797.38	0.024
797.55	0.023
797.73	0.023
797.91	0.023
798.09	0.023
798.27	0.023
798.45	0.023
798.62	0.023
798.80	0.024
798.98	0.023
799.16	0.024
799.34	0.024
799.52	0.024
799.69	0.023
799.87	0.023
800.05	0.023
800.23	0.023
800.41	0.023
800.58	0.023
800.76	0.023
800.94	0.022
801.12	0.023
801.30	0.023
801.47	0.023
801.65	0.023
801.83	0.023
802.01	0.023
802.19	0.023
802.36	0.023
802.54	0.023
802.72	0.023
802.90	0.023
803.08	0.023
803.25	0.023
803.43	0.023
803.61	0.022
803.79	0.022
803.97	0.022
804.14	0.023
804.32	0.023
804.50	0.023
804.68	0.023
804.85	0.023
805.03	0.023
805.21	0.024
805.39	0.024
805.56	0.024
805.74	0.024
805.92	0.024
806.10	0.024
806.28	0.023
806.45	0.023
806.63	0.023
806.81	0.023
806.99	0.023
807.16	0.023
807.34	0.023
807.52	0.023
807.70	0.023
807.87	0.023
808.05	0.023
808.23	0.023
808.41	0.023
808.58	0.023
808.76	0.023
808.94	0.023
809.11	0.023
809.29	0.023
809.47	0.023
809.65	0.023
809.82	0.023
810.00	0.023
810.18	0.023
810.36	0.023
810.53	0.024
810.71	0.024
810.89	0.023
811.06	0.023
811.24	0.023
811.42	0.023
811.60	0.023
811.77	0.023
811.95	0.023
812.13	0.023
812.30	0.023
812.48	0.023
812.66	0.023
812.83	0.023
813.01	0.023
813.19	0.023
813.37	0.023
813.54	0.023
813.72	0.023
813.90	0.023
814.07	0.023
814.25	0.023
814.43	0.022
814.60	0.022
814.78	0.022
814.96	0.022
815.13	0.022
815.31	0.022
815.49	0.023
815.66	0.023
815.84	0.023
816.02	0.023
816.19	0.023
816.37	0.023
816.55	0.023
816.72	0.023
816.90	0.023
817.08	0.023
817.25	0.023
817.43	0.022
817.61	0.022
817.78	0.022
817.96	0.022
818.14	0.022
818.31	0.022
818.49	0.022
818.67	0.022
818.84	0.022
819.02	0.022
819.19	0.022
819.37	0.023
819.55	0.023
819.72	0.023
819.90	0.022
820.08	0.022
820.25	0.022
820.43	0.023
820.60	0.023
820.78	0.023
820.96	0.023
821.13	0.023
821.31	0.023
821.49	0.023
821.66	0.023
821.84	0.023
822.01	0.023
822.19	0.023
822.37	0.023
822.54	0.023
822.72	0.023
822.89	0.023
823.07	0.024
823.25	0.023
823.42	0.023
823.60	0.024
823.77	0.024
823.95	0.024
824.13	0.024
824.30	0.024
824.48	0.024
824.65	0.024
824.83	0.024
825.01	0.024
825.18	0.024
825.36	0.025
825.53	0.025
825.71	0.025
825.88	0.024
826.06	0.024
826.24	0.025
826.41	0.024
826.59	0.025
826.76	0.025
826.94	0.024
827.11	0.024
827.29	0.023
827.47	0.024
827.64	0.024
827.82	0.023
827.99	0.024
828.17	0.024
828.34	0.023
828.52	0.024
828.69	0.023
828.87	0.024
829.04	0.023
829.22	0.023
829.40	0.024
829.57	0.024
829.75	0.024
829.92	0.024
830.10	0.024
830.27	0.024
830.45	0.024
830.62	0.024
830.80	0.024
830.97	0.025
831.15	0.025
831.32	0.025
831.50	0.025
831.67	0.025
831.85	0.024
832.02	0.024
832.20	0.024
832.37	0.025
832.55	0.024
832.73	0.024
832.90	0.024
833.08	0.023
833.25	0.023
833.43	0.023
833.60	0.023
833.78	0.023
833.95	0.023
834.13	0.022
834.30	0.022
834.48	0.023
834.65	0.023
834.82	0.023
835.00	0.023
835.17	0.023
835.35	0.023
835.52	0.024
835.70	0.024
835.87	0.025
836.05	0.025
836.22	0.025
836.40	0.025
836.57	0.025
836.75	0.024
836.92	0.024
837.10	0.024
837.27	0.024
837.45	0.023
837.62	0.023
837.80	0.023
837.97	0.023
838.14	0.023
838.32	0.023
838.49	0.024
838.67	0.024
838.84	0.024
839.02	0.024
839.19	0.025
839.37	0.025
839.54	0.025
839.71	0.024
839.89	0.024
840.06	0.023
840.24	0.024
840.41	0.023
840.59	0.023
840.76	0.023
840.94	0.023
841.11	0.023
841.28	0.023
841.46	0.023
841.63	0.024
841.81	0.024
841.98	0.024
842.15	0.025
842.33	0.025
842.50	0.025
842.68	0.024
842.85	0.025
843.03	0.025
843.20	0.025
843.37	0.025
843.55	0.026
843.72	0.025
843.90	0.025
844.07	0.026
844.24	0.025
844.42	0.025
844.59	0.025
844.77	0.025
844.94	0.024
845.11	0.024
845.29	0.025
845.46	0.025
845.63	0.024
845.81	0.024
845.98	0.025
846.16	0.025
846.33	0.025
846.50	0.025
846.68	0.025
846.85	0.025
847.02	0.024
847.20	0.025
847.37	0.025
847.55	0.026
847.72	0.026
847.89	0.026
848.07	0.026
848.24	0.026
848.41	0.026
848.59	0.027
848.76	0.026
848.93	0.025
849.11	0.025
849.28	0.024
849.45	0.025
849.63	0.024
849.80	0.024
849.97	0.024
850.15	0.024
850.32	0.024
850.49	0.024
850.67	0.025
850.84	0.025
851.01	0.024
851.19	0.025
851.36	0.025
851.53	0.024
851.71	0.024
851.88	0.023
852.05	0.023
852.23	0.023
852.40	0.023
852.57	0.024
852.75	0.023
852.92	0.023
853.09	0.023
853.27	0.024
853.44	0.024
853.61	0.024
853.79	0.023
853.96	0.023
854.13	0.023
854.30	0.023
854.48	0.022
854.65	0.023
854.82	0.023
855.00	0.023
855.17	0.023
855.34	0.023
855.51	0.024
855.69	0.024
855.86	0.023
856.03	0.024
856.21	0.023
856.38	0.022
856.55	0.022
856.72	0.022
856.90	0.022
857.07	0.021
857.24	0.021
857.42	0.021
857.59	0.021
857.76	0.021
857.93	0.021
858.11	0.021
858.28	0.020
858.45	0.020
858.62	0.020
858.80	0.020
858.97	0.021
859.14	0.020
859.31	0.021
859.49	0.021
859.66	0.021
859.83	0.021
860.00	0.022
860.18	0.022
860.35	0.022
860.52	0.021
860.69	0.022
860.86	0.021
861.04	0.022
861.21	0.021
861.38	0.021
861.55	0.020
861.73	0.021
861.90	0.021
862.07	0.021
862.24	0.020
862.42	0.020
862.59	0.020
862.76	0.020
862.93	0.019
863.10	0.020
863.28	0.019
863.45	0.019
863.62	0.019
863.79	0.019
863.96	0.019
864.14	0.019
864.31	0.020
864.48	0.020
864.65	0.020
864.82	0.021
865.00	0.021
865.17	0.021
865.34	0.021
865.51	0.022
865.68	0.021
865.86	0.020
866.03	0.020
866.20	0.021
866.37	0.020
866.54	0.019
866.71	0.019
866.89	0.019
867.06	0.019
867.23	0.019
867.40	0.019
867.57	0.020
867.74	0.020
867.92	0.019
868.09	0.020
868.26	0.019
868.43	0.019
868.60	0.019
868.77	0.019
868.95	0.019
869.12	0.019
869.29	0.018
869.46	0.018
869.63	0.018
869.80	0.019
869.97	0.017
870.15	0.017
870.32	0.017
870.49	0.017
870.66	0.016
870.83	0.016
871.00	0.015
871.17	0.015
871.34	0.015
871.52	0.016
871.69	0.016
871.86	0.017
872.03	0.016
872.20	0.017
872.37	0.016
872.54	0.017
872.71	0.017
872.89	0.018
873.06	0.017
873.23	0.016
873.40	0.016
873.57	0.016
873.74	0.016
873.91	0.016
874.08	0.015
874.25	0.015
874.42	0.014
874.60	0.014
874.77	0.014
874.94	0.015
875.11	0.016
875.28	0.015
875.45	0.015
875.62	0.014
875.79	0.015
875.96	0.015
876.13	0.015
876.30	0.015
876.47	0.014
876.65	0.014
876.82	0.015
876.99	0.014
877.16	0.014
877.33	0.013
877.50	0.013
877.67	0.013
877.84	0.013
878.01	0.014
878.18	0.013
878.35	0.014
878.52	0.014
878.69	0.014
878.86	0.014
879.03	0.014
879.20	0.014
879.38	0.013
879.55	0.012
879.72	0.013
879.89	0.013
880.06	0.013
880.23	0.014
880.40	0.013
880.57	0.014
880.74	0.014
880.91	0.014
881.08	0.014
881.25	0.015
881.42	0.015
881.59	0.014
881.76	0.013
881.93	0.014
882.10	0.013
882.27	0.014
882.44	0.014
882.61	0.013
882.78	0.013
882.95	0.013
883.12	0.012
883.29	0.012
883.46	0.011
883.63	0.011
883.80	0.011
883.97	0.011
884.14	0.011
884.31	0.011
884.48	0.011
884.65	0.011
884.82	0.012
884.99	0.013
885.16	0.012
885.33	0.011
885.50	0.012
885.67	0.012
885.84	0.012
886.01	0.012
886.18	0.012
886.35	0.013
886.52	0.013
886.69	0.013
886.86	0.013
887.03	0.012
887.20	0.012
887.37	0.011
887.54	0.010
887.71	0.010
887.88	0.008
888.05	0.008
888.22	0.009
888.39	0.009
888.55	0.009
888.72	0.009
888.89	0.008
889.06	0.008
889.23	0.009
889.40	0.010
889.57	0.011
889.74	0.010
889.91	0.011
890.08	0.010
890.25	0.010
890.42	0.011
890.59	0.011
890.76	0.011
890.93	0.011
891.10	0.011
891.26	0.010
891.43	0.010
891.60	0.010
891.77	0.010
891.94	0.012
892.11	0.011
892.28	0.011
892.45	0.011
892.62	0.010
892.79	0.011
892.96	0.011
893.13	0.011
893.29	0.011
893.46	0.010
893.63	0.010
893.80	0.010
893.97	0.010
894.14	0.010
894.31	0.009
894.48	0.009
894.65	0.001
894.81	0.007
894.98	0.009
