177.34	-0.670
177.56	-0.670
177.78	-0.670
178.00	0.007
178.22	-0.000
178.44	-0.620
178.66	-0.000
178.89	-0.265
179.11	-0.454
179.33	-0.481
179.55	-0.488
179.77	-0.113
179.99	-0.489
180.21	-0.049
180.43	-0.000
180.65	1.165
180.87	0.599
181.09	0.528
181.31	0.376
181.53	0.368
181.75	0.402
181.97	0.386
182.19	0.399
182.41	0.398
182.63	0.380
182.85	0.358
183.07	0.337
183.30	0.351
183.52	0.351
183.74	0.340
183.96	0.374
184.18	0.386
184.40	0.362
184.62	0.442
184.84	0.441
185.06	0.471
185.28	0.497
185.50	0.490
185.72	0.499
185.94	0.501
186.16	0.564
186.38	0.626
186.60	0.604
186.82	0.661
187.04	0.714
187.26	0.747
187.48	0.814
187.70	0.899
187.92	0.970
188.14	0.978
188.36	1.018
188.58	1.058
188.80	1.121
189.02	1.119
189.24	1.155
189.46	1.144
189.68	1.141
189.90	1.130
190.12	1.130
190.34	1.114
190.56	1.130
190.78	1.153
191.00	1.200
191.22	1.161
191.44	1.207
191.66	1.232
191.88	1.201
192.10	1.224
192.32	1.258
192.54	1.234
192.76	1.249
192.98	1.229
193.20	1.259
193.42	1.280
193.64	1.312
193.86	1.428
194.08	1.480
194.30	1.494
194.52	1.572
194.74	1.540
194.96	1.587
195.18	1.645
195.40	1.640
195.62	1.593
195.84	1.531
196.06	1.516
196.28	1.511
196.50	1.522
196.72	1.525
196.94	1.482
197.16	1.487
197.38	1.504
197.60	1.512
197.82	1.516
198.04	1.500
198.26	1.507
198.48	1.498
198.70	1.525
198.92	1.536
199.13	1.569
199.35	1.613
199.57	1.659
199.79	1.695
200.01	1.687
200.23	1.702
200.45	1.758
200.67	1.738
200.89	1.841
201.11	1.821
201.33	1.774
201.55	1.735
201.77	1.692
201.99	1.727
202.21	1.724
202.43	1.722
202.65	1.757
202.87	1.696
203.09	1.688
203.31	1.680
203.52	1.707
203.74	1.811
203.96	1.842
204.18	1.871
204.40	1.857
204.62	1.844
204.84	1.911
205.06	1.921
205.28	2.005
205.50	1.994
205.72	1.903
205.94	1.900
206.16	1.901
206.38	1.880
206.59	1.876
206.81	1.876
207.03	1.885
207.25	1.866
207.47	1.895
207.69	1.916
207.91	1.898
208.13	1.910
208.35	1.945
208.57	1.962
208.79	1.973
209.01	1.969
209.22	1.984
209.44	1.963
209.66	2.000
209.88	2.031
210.10	2.027
210.32	2.028
210.54	2.013
210.76	2.009
210.98	2.044
211.20	2.027
211.42	2.042
211.63	2.018
211.85	2.005
212.07	2.036
212.29	2.032
212.51	2.074
212.73	2.100
212.95	2.078
213.17	2.081
213.39	2.084
213.60	2.095
213.82	2.143
214.04	2.144
214.26	2.153
214.48	2.137
214.70	2.131
214.92	2.159
215.14	2.150
215.35	2.143
215.57	2.140
215.79	2.106
216.01	2.112
216.23	2.126
216.45	2.130
216.67	2.152
216.89	2.156
217.10	2.175
217.32	2.189
217.54	2.209
217.76	2.235
217.98	2.236
218.20	2.229
218.42	2.240
218.64	2.211
218.85	2.209
219.07	2.217
219.29	2.253
219.51	2.229
219.73	2.225
219.95	2.203
220.17	2.223
220.38	2.237
220.60	2.269
220.82	2.272
221.04	2.263
221.26	2.247
221.48	2.309
221.69	2.343
221.91	2.355
222.13	2.357
222.35	2.320
222.57	2.291
222.79	2.270
223.00	2.291
223.22	2.273
223.44	2.262
223.66	2.259
223.88	2.288
224.10	2.257
224.32	2.288
224.53	2.277
224.75	2.306
224.97	2.305
225.19	2.351
225.41	2.345
225.62	2.334
225.84	2.308
226.06	2.359
226.28	2.351
226.50	2.382
226.72	2.392
226.93	2.402
227.15	2.354
227.37	2.342
227.59	2.345
227.81	2.355
228.02	2.333
228.24	2.367
228.46	2.366
228.68	2.398
228.90	2.401
229.12	2.420
229.33	2.449
229.55	2.445
229.77	2.454
229.99	2.487
230.21	2.457
230.42	2.460
230.64	2.399
230.86	2.388
231.08	2.401
231.30	2.384
231.51	2.399
231.73	2.377
231.95	2.372
232.17	2.366
232.38	2.347
232.60	2.353
232.82	2.338
233.04	2.321
233.26	2.303
233.47	2.275
233.69	2.278
233.91	2.243
234.13	2.238
234.35	2.216
234.56	2.205
234.78	2.200
235.00	2.184
235.22	2.165
235.43	2.144
235.65	2.128
235.87	2.112
236.09	2.087
236.30	2.069
236.52	2.051
236.74	2.027
236.96	2.003
237.18	1.990
237.39	1.973
237.61	1.948
237.83	1.935
238.05	1.917
238.26	1.901
238.48	1.883
238.70	1.866
238.92	1.849
239.13	1.833
239.35	1.816
239.57	1.806
239.79	1.790
240.00	1.772
240.22	1.756
240.44	1.743
240.66	1.728
240.87	1.713
241.09	1.695
241.31	1.681
241.53	1.665
241.74	1.651
241.96	1.639
242.18	1.629
242.40	1.614
242.61	1.601
242.83	1.587
243.05	1.575
243.27	1.564
243.48	1.548
243.70	1.535
243.92	1.522
244.13	1.510
244.35	1.496
244.57	1.484
244.79	1.477
245.00	1.466
245.22	1.454
245.44	1.448
245.65	1.437
245.87	1.427
246.09	1.417
246.31	1.409
246.52	1.401
246.74	1.391
246.96	1.382
247.18	1.374
247.39	1.364
247.61	1.358
247.83	1.350
248.04	1.342
248.26	1.334
248.48	1.326
248.69	1.318
248.91	1.311
249.13	1.304
249.35	1.297
249.56	1.289
249.78	1.283
250.00	1.279
250.21	1.273
250.43	1.268
250.65	1.261
250.86	1.257
251.08	1.252
251.30	1.246
251.51	1.242
251.73	1.237
251.95	1.231
252.17	1.225
252.38	1.220
252.60	1.216
252.82	1.211
253.03	1.206
253.25	1.203
253.47	1.197
253.68	1.191
253.90	1.188
254.12	1.184
254.33	1.181
254.55	1.176
254.77	1.172
254.98	1.168
255.20	1.163
255.42	1.159
255.63	1.155
255.85	1.152
256.07	1.149
256.28	1.144
256.50	1.142
256.72	1.138
256.93	1.135
257.15	1.131
257.37	1.128
257.58	1.125
257.80	1.122
258.02	1.118
258.23	1.115
258.45	1.111
258.67	1.109
258.88	1.105
259.10	1.102
259.32	1.098
259.53	1.096
259.75	1.093
259.96	1.089
260.18	1.086
260.40	1.085
260.61	1.082
260.83	1.081
261.05	1.079
261.26	1.075
261.48	1.073
261.70	1.070
261.91	1.068
262.13	1.064
262.34	1.061
262.56	1.058
262.78	1.055
262.99	1.052
263.21	1.051
263.43	1.048
263.64	1.045
263.86	1.043
264.07	1.042
264.29	1.040
264.51	1.038
264.72	1.035
264.94	1.033
265.16	1.030
265.37	1.028
265.59	1.026
265.80	1.023
266.02	1.020
266.24	1.017
266.45	1.013
266.67	1.011
266.88	1.008
267.10	1.005
267.32	1.002
267.53	0.999
267.75	0.996
267.96	0.994
268.18	0.991
268.40	0.989
268.61	0.986
268.83	0.983
269.04	0.980
269.26	0.977
269.48	0.974
269.69	0.971
269.91	0.967
270.12	0.964
270.34	0.961
270.56	0.958
270.77	0.954
270.99	0.951
271.20	0.948
271.42	0.945
271.64	0.942
271.85	0.939
272.07	0.935
272.28	0.931
272.50	0.927
272.71	0.923
272.93	0.918
273.15	0.914
273.36	0.910
273.58	0.905
273.79	0.901
274.01	0.897
274.22	0.894
274.44	0.890
274.66	0.886
274.87	0.882
275.09	0.878
275.30	0.873
275.52	0.869
275.73	0.864
275.95	0.861
276.16	0.856
276.38	0.851
276.60	0.847
276.81	0.843
277.03	0.838
277.24	0.834
277.46	0.830
277.67	0.826
277.89	0.821
278.10	0.817
278.32	0.812
278.53	0.807
278.75	0.802
278.97	0.798
279.18	0.792
279.40	0.788
279.61	0.783
279.83	0.778
280.04	0.773
280.26	0.769
280.47	0.764
280.69	0.759
280.90	0.754
281.12	0.749
281.33	0.744
281.55	0.739
281.76	0.734
281.98	0.729
282.20	0.724
282.41	0.719
282.63	0.714
282.84	0.709
283.06	0.704
283.27	0.698
283.49	0.693
283.70	0.687
283.92	0.683
284.13	0.677
284.35	0.673
284.56	0.667
284.78	0.662
284.99	0.657
285.21	0.652
285.42	0.648
285.64	0.643
285.85	0.638
286.07	0.632
286.28	0.628
286.50	0.623
286.71	0.618
286.93	0.613
287.14	0.608
287.36	0.603
287.57	0.598
287.79	0.594
288.00	0.590
288.22	0.585
288.43	0.580
288.65	0.576
288.86	0.572
289.08	0.567
289.29	0.563
289.51	0.558
289.72	0.554
289.94	0.550
290.15	0.545
290.37	0.541
290.58	0.536
290.80	0.532
291.01	0.528
291.22	0.524
291.44	0.520
291.65	0.516
291.87	0.511
292.08	0.508
292.30	0.504
292.51	0.499
292.73	0.496
292.94	0.492
293.16	0.488
293.37	0.485
293.59	0.481
293.80	0.477
294.02	0.473
294.23	0.470
294.44	0.466
294.66	0.462
294.87	0.458
295.09	0.455
295.30	0.451
295.52	0.448
295.73	0.445
295.95	0.441
296.16	0.438
296.37	0.434
296.59	0.431
296.80	0.428
297.02	0.424
297.23	0.421
297.45	0.417
297.66	0.414
297.88	0.411
298.09	0.407
298.30	0.404
298.52	0.401
298.73	0.398
298.95	0.395
299.16	0.391
299.38	0.388
299.59	0.385
299.80	0.382
300.02	0.380
300.23	0.376
300.45	0.373
300.66	0.370
300.88	0.367
301.09	0.364
301.30	0.361
301.52	0.358
301.73	0.355
301.95	0.352
302.16	0.350
302.37	0.348
302.59	0.345
302.80	0.343
303.02	0.340
303.23	0.338
303.45	0.335
303.66	0.332
303.87	0.329
304.09	0.327
304.30	0.324
304.52	0.321
304.73	0.318
304.94	0.316
305.16	0.314
305.37	0.311
305.59	0.308
305.80	0.306
306.01	0.303
306.23	0.301
306.44	0.298
306.65	0.296
306.87	0.294
307.08	0.291
307.30	0.290
307.51	0.288
307.72	0.286
307.94	0.285
308.15	0.283
308.37	0.281
308.58	0.279
308.79	0.277
309.01	0.275
309.22	0.273
309.43	0.270
309.65	0.268
309.86	0.264
310.07	0.262
310.29	0.259
310.50	0.257
310.72	0.254
310.93	0.252
311.14	0.249
311.36	0.247
311.57	0.244
311.78	0.242
312.00	0.240
312.21	0.238
312.42	0.236
312.64	0.235
312.85	0.232
313.07	0.231
313.28	0.229
313.49	0.228
313.71	0.227
313.92	0.225
314.13	0.223
314.35	0.222
314.56	0.220
314.77	0.218
314.99	0.217
315.20	0.215
315.41	0.213
315.63	0.211
315.84	0.210
316.05	0.208
316.27	0.207
316.48	0.206
316.69	0.204
316.91	0.202
317.12	0.200
317.33	0.199
317.55	0.198
317.76	0.196
317.97	0.195
318.19	0.193
318.40	0.192
318.61	0.191
318.83	0.190
319.04	0.189
319.25	0.188
319.47	0.187
319.68	0.185
319.89	0.184
320.10	0.183
320.32	0.182
320.53	0.180
320.74	0.179
320.96	0.178
321.17	0.177
321.38	0.175
321.60	0.174
321.81	0.173
322.02	0.172
322.24	0.171
322.45	0.169
322.66	0.168
322.87	0.167
323.09	0.167
323.30	0.166
323.51	0.165
323.73	0.163
323.94	0.163
324.15	0.162
324.36	0.161
324.58	0.160
324.79	0.159
325.00	0.158
325.22	0.157
325.43	0.156
325.64	0.155
325.85	0.154
326.07	0.153
326.28	0.152
326.49	0.152
326.71	0.151
326.92	0.150
327.13	0.149
327.34	0.149
327.56	0.148
327.77	0.147
327.98	0.146
328.19	0.145
328.41	0.145
328.62	0.144
328.83	0.143
329.04	0.142
329.26	0.141
329.47	0.140
329.68	0.140
329.90	0.139
330.11	0.139
330.32	0.138
330.53	0.138
330.75	0.137
330.96	0.136
331.17	0.135
331.38	0.135
331.60	0.134
331.81	0.133
332.02	0.133
332.23	0.132
332.44	0.131
332.66	0.130
332.87	0.130
333.08	0.129
333.29	0.128
333.51	0.128
333.72	0.128
333.93	0.127
334.14	0.126
334.36	0.126
334.57	0.125
334.78	0.125
334.99	0.124
335.21	0.123
335.42	0.122
335.63	0.122
335.84	0.121
336.05	0.120
336.27	0.120
336.48	0.119
336.69	0.119
336.90	0.118
337.11	0.117
337.33	0.117
337.54	0.117
337.75	0.117
337.96	0.116
338.18	0.116
338.39	0.115
338.60	0.115
338.81	0.114
339.02	0.114
339.24	0.114
339.45	0.113
339.66	0.113
339.87	0.113
340.08	0.112
340.30	0.111
340.51	0.111
340.72	0.110
340.93	0.110
341.14	0.110
341.36	0.109
341.57	0.109
341.78	0.108
341.99	0.107
342.20	0.107
342.41	0.107
342.63	0.107
342.84	0.106
343.05	0.105
343.26	0.104
343.47	0.104
343.69	0.104
343.90	0.103
344.11	0.102
344.32	0.102
344.53	0.102
344.74	0.101
344.96	0.101
345.17	0.101
345.38	0.100
345.59	0.100
345.80	0.100
346.01	0.099
346.23	0.099
346.44	0.099
346.65	0.098
346.86	0.098
347.07	0.098
347.28	0.098
347.50	0.098
347.71	0.097
347.92	0.097
348.13	0.097
348.34	0.096
348.55	0.096
348.76	0.096
348.98	0.095
349.19	0.095
349.40	0.094
349.61	0.094
349.82	0.093
350.03	0.093
350.24	0.093
350.46	0.092
350.67	0.092
350.88	0.091
351.09	0.091
351.30	0.091
351.51	0.090
351.72	0.090
351.93	0.090
352.15	0.089
352.36	0.088
352.57	0.088
352.78	0.088
352.99	0.087
353.20	0.087
353.41	0.087
353.62	0.086
353.84	0.086
354.05	0.086
354.26	0.086
354.47	0.085
354.68	0.085
354.89	0.085
355.10	0.085
355.31	0.084
355.52	0.084
355.74	0.084
355.95	0.084
356.16	0.083
356.37	0.083
356.58	0.083
356.79	0.082
357.00	0.082
357.21	0.081
357.42	0.081
357.63	0.080
357.85	0.080
358.06	0.079
358.27	0.079
358.48	0.079
358.69	0.078
358.90	0.078
359.11	0.078
359.32	0.078
359.53	0.078
359.74	0.077
359.95	0.077
360.17	0.078
360.38	0.077
360.59	0.077
360.80	0.077
361.01	0.076
361.22	0.075
361.43	0.075
361.64	0.075
361.85	0.075
362.06	0.075
362.27	0.074
362.48	0.074
362.69	0.073
362.90	0.073
363.12	0.073
363.33	0.072
363.54	0.072
363.75	0.072
363.96	0.071
364.17	0.071
364.38	0.071
364.59	0.071
364.80	0.070
365.01	0.070
365.22	0.070
365.43	0.069
365.64	0.069
365.85	0.069
366.06	0.069
366.27	0.068
366.48	0.068
366.69	0.068
366.90	0.068
367.11	0.068
367.32	0.068
367.54	0.068
367.75	0.067
367.96	0.067
368.17	0.066
368.38	0.066
368.59	0.065
368.80	0.065
369.01	0.065
369.22	0.065
369.43	0.064
369.64	0.064
369.85	0.064
370.06	0.063
370.27	0.064
370.48	0.063
370.69	0.063
370.90	0.063
371.11	0.063
371.32	0.062
371.53	0.063
371.74	0.063
371.95	0.062
372.16	0.062
372.37	0.062
372.58	0.061
372.79	0.061
373.00	0.061
373.21	0.061
373.42	0.061
373.63	0.061
373.84	0.061
374.05	0.060
374.26	0.060
374.47	0.061
374.68	0.061
374.89	0.061
375.10	0.060
375.31	0.060
375.52	0.060
375.73	0.060
375.94	0.060
376.15	0.060
376.36	0.060
376.57	0.060
376.78	0.060
376.99	0.060
377.20	0.059
377.41	0.059
377.62	0.059
377.83	0.058
378.04	0.058
378.25	0.057
378.46	0.057
378.67	0.056
378.88	0.056
379.09	0.056
379.30	0.056
379.51	0.056
379.72	0.056
379.92	0.055
380.13	0.055
380.34	0.055
380.55	0.055
380.76	0.055
380.97	0.055
381.18	0.055
381.39	0.055
381.60	0.055
381.81	0.055
382.02	0.055
382.23	0.054
382.44	0.054
382.65	0.054
382.86	0.053
383.07	0.053
383.28	0.053
383.49	0.052
383.70	0.052
383.91	0.052
384.11	0.052
384.32	0.052
384.53	0.052
384.74	0.052
384.95	0.052
385.16	0.052
385.37	0.052
385.58	0.051
385.79	0.052
386.00	0.051
386.21	0.051
386.42	0.051
386.63	0.051
386.84	0.051
387.04	0.051
387.25	0.051
387.46	0.051
387.67	0.050
387.88	0.050
388.09	0.050
388.30	0.049
388.51	0.049
388.72	0.049
388.93	0.049
389.14	0.048
389.34	0.048
389.55	0.049
389.76	0.049
389.97	0.049
390.18	0.049
390.39	0.049
390.60	0.049
390.81	0.048
391.02	0.049
391.23	0.049
391.43	0.048
391.64	0.048
391.85	0.048
392.06	0.047
392.27	0.046
392.48	0.046
392.69	0.046
392.90	0.045
393.11	0.045
393.31	0.045
393.52	0.045
393.73	0.045
393.94	0.045
394.15	0.046
394.36	0.046
394.57	0.046
394.78	0.046
394.98	0.045
395.19	0.045
395.40	0.045
395.61	0.045
395.82	0.045
396.03	0.045
396.24	0.045
396.44	0.046
396.65	0.046
396.86	0.047
397.07	0.047
397.28	0.046
397.49	0.046
397.70	0.046
397.90	0.046
398.11	0.046
398.32	0.045
398.53	0.045
398.74	0.045
398.95	0.045
399.16	0.044
399.36	0.044
399.57	0.044
399.78	0.044
399.99	0.044
400.20	0.043
400.41	0.043
400.61	0.044
400.82	0.044
401.03	0.044
401.24	0.044
401.45	0.044
401.66	0.044
401.86	0.044
402.07	0.044
402.28	0.044
402.49	0.043
402.70	0.042
402.91	0.042
403.11	0.042
403.32	0.042
403.53	0.042
403.74	0.042
403.95	0.043
404.15	0.043
404.36	0.043
404.57	0.043
404.78	0.043
404.99	0.043
405.20	0.043
405.40	0.043
405.61	0.043
405.82	0.042
406.03	0.042
406.24	0.042
406.44	0.042
406.65	0.042
406.86	0.042
407.07	0.042
407.28	0.042
407.48	0.042
407.69	0.042
407.90	0.042
408.11	0.042
408.32	0.042
408.52	0.041
408.73	0.041
408.94	0.042
409.15	0.042
409.35	0.042
409.56	0.042
409.77	0.042
409.98	0.042
410.19	0.042
410.39	0.041
410.60	0.041
410.81	0.040
411.02	0.040
411.22	0.040
411.43	0.040
411.64	0.040
411.85	0.040
412.05	0.041
412.26	0.041
412.47	0.041
412.68	0.041
412.89	0.041
413.09	0.041
413.30	0.041
413.51	0.041
413.72	0.041
413.92	0.041
414.13	0.041
414.34	0.042
414.55	0.041
414.75	0.041
414.96	0.040
415.17	0.040
415.38	0.041
415.58	0.040
415.79	0.039
416.00	0.039
416.21	0.039
416.41	0.039
416.62	0.038
416.83	0.038
417.03	0.038
417.24	0.038
417.45	0.039
417.66	0.039
417.86	0.039
418.07	0.039
418.28	0.039
418.49	0.039
418.69	0.039
418.90	0.040
419.11	0.039
419.31	0.039
419.52	0.039
419.73	0.039
419.94	0.039
420.14	0.040
420.35	0.039
420.56	0.039
420.76	0.039
420.97	0.039
421.18	0.039
421.39	0.039
421.59	0.039
421.80	0.038
422.01	0.038
422.21	0.038
422.42	0.038
422.63	0.038
422.84	0.038
423.04	0.039
423.25	0.038
423.46	0.039
423.66	0.038
423.87	0.039
424.08	0.039
424.28	0.038
424.49	0.038
424.70	0.038
424.90	0.037
425.11	0.037
425.32	0.037
425.52	0.037
425.73	0.036
425.94	0.037
426.15	0.037
426.35	0.037
426.56	0.037
426.77	0.038
426.97	0.037
427.18	0.038
427.39	0.038
427.59	0.038
427.80	0.039
428.01	0.039
428.21	0.039
428.42	0.039
428.63	0.039
428.83	0.040
429.04	0.039
429.25	0.039
429.45	0.039
429.66	0.038
429.87	0.038
430.07	0.038
430.28	0.037
430.48	0.036
430.69	0.036
430.90	0.036
431.10	0.036
431.31	0.036
431.52	0.036
431.72	0.036
431.93	0.036
432.14	0.037
432.34	0.037
432.55	0.037
432.76	0.037
432.96	0.037
433.17	0.037
433.37	0.037
433.58	0.038
433.79	0.038
433.99	0.038
434.20	0.038
434.41	0.038
434.61	0.038
434.82	0.038
435.02	0.038
435.23	0.038
435.44	0.038
435.64	0.037
435.85	0.037
436.06	0.037
436.26	0.037
436.47	0.036
436.67	0.036
436.88	0.037
437.09	0.036
437.29	0.037
437.50	0.037
437.70	0.037
437.91	0.036
438.12	0.036
438.32	0.036
438.53	0.037
438.73	0.036
438.94	0.036
439.15	0.036
439.35	0.036
439.56	0.036
439.76	0.036
439.97	0.037
440.18	0.037
440.38	0.036
440.59	0.036
440.79	0.036
441.00	0.036
441.20	0.036
441.41	0.036
441.62	0.036
441.82	0.036
442.03	0.036
442.23	0.036
442.44	0.036
442.65	0.036
442.85	0.036
443.06	0.036
443.26	0.036
443.47	0.037
443.67	0.036
443.88	0.036
444.09	0.035
444.29	0.035
444.50	0.036
444.70	0.036
444.91	0.036
445.11	0.036
445.32	0.036
445.52	0.036
445.73	0.036
445.94	0.036
446.14	0.036
446.35	0.036
446.55	0.036
446.76	0.035
446.96	0.035
447.17	0.035
447.37	0.034
447.58	0.034
447.78	0.034
447.99	0.034
448.20	0.034
448.40	0.035
448.61	0.035
448.81	0.035
449.02	0.035
449.22	0.035
449.43	0.036
449.63	0.035
449.84	0.035
450.04	0.035
450.25	0.035
450.45	0.035
450.66	0.035
450.86	0.035
451.07	0.035
451.27	0.034
451.48	0.034
451.68	0.033
451.89	0.033
452.09	0.033
452.30	0.033
452.50	0.033
452.71	0.033
452.91	0.033
453.12	0.033
453.33	0.033
453.53	0.035
453.74	0.035
453.94	0.035
454.15	0.035
454.35	0.034
454.56	0.034
454.76	0.034
454.96	0.035
455.17	0.035
455.37	0.034
455.58	0.034
455.78	0.034
455.99	0.034
456.19	0.034
456.40	0.034
456.60	0.034
456.81	0.034
457.01	0.034
457.22	0.034
457.42	0.034
457.63	0.034
457.83	0.034
458.04	0.035
458.24	0.035
458.45	0.035
458.65	0.035
458.86	0.035
459.06	0.035
459.27	0.035
459.47	0.036
459.67	0.035
459.88	0.035
460.08	0.034
460.29	0.034
460.49	0.034
460.70	0.033
460.90	0.033
461.11	0.033
461.31	0.032
461.52	0.032
461.72	0.032
461.92	0.032
462.13	0.032
462.33	0.033
462.54	0.033
462.74	0.033
462.95	0.033
463.15	0.033
463.36	0.033
463.56	0.033
463.76	0.033
463.97	0.034
464.17	0.033
464.38	0.034
464.58	0.034
464.79	0.034
464.99	0.034
465.19	0.033
465.40	0.033
465.60	0.033
465.81	0.032
466.01	0.032
466.22	0.032
466.42	0.033
466.62	0.033
466.83	0.033
467.03	0.033
467.24	0.034
467.44	0.034
467.65	0.033
467.85	0.033
468.05	0.033
468.26	0.032
468.46	0.032
468.67	0.032
468.87	0.032
469.07	0.032
469.28	0.033
469.48	0.033
469.69	0.032
469.89	0.033
470.09	0.033
470.30	0.033
470.50	0.033
470.71	0.033
470.91	0.033
471.11	0.033
471.32	0.033
471.52	0.034
471.72	0.034
471.93	0.034
472.13	0.034
472.34	0.034
472.54	0.033
472.74	0.034
472.95	0.034
473.15	0.034
473.35	0.034
473.56	0.034
473.76	0.033
473.97	0.034
474.17	0.033
474.37	0.033
474.58	0.033
474.78	0.033
474.98	0.033
475.19	0.032
475.39	0.031
475.60	0.031
475.80	0.031
476.00	0.031
476.21	0.032
476.41	0.032
476.61	0.032
476.82	0.032
477.02	0.032
477.22	0.033
477.43	0.032
477.63	0.033
477.83	0.032
478.04	0.033
478.24	0.033
478.44	0.033
478.65	0.033
478.85	0.033
479.05	0.033
479.26	0.032
479.46	0.032
479.66	0.032
479.87	0.032
480.07	0.032
480.27	0.032
480.48	0.032
480.68	0.032
480.88	0.031
481.09	0.032
481.29	0.032
481.49	0.032
481.70	0.032
481.90	0.032
482.10	0.032
482.31	0.032
482.51	0.032
482.71	0.033
482.92	0.032
483.12	0.032
483.32	0.032
483.52	0.033
483.73	0.033
483.93	0.033
484.13	0.034
484.34	0.033
484.54	0.033
484.74	0.033
484.95	0.033
485.15	0.033
485.35	0.032
485.55	0.032
485.76	0.032
485.96	0.032
486.16	0.032
486.37	0.031
486.57	0.031
486.77	0.031
486.97	0.031
487.18	0.031
487.38	0.031
487.58	0.030
487.79	0.031
487.99	0.031
488.19	0.031
488.39	0.031
488.60	0.031
488.80	0.031
489.00	0.031
489.20	0.031
489.41	0.031
489.61	0.031
489.81	0.031
490.02	0.030
490.22	0.031
490.42	0.030
490.62	0.030
490.83	0.030
491.03	0.030
491.23	0.030
491.43	0.030
491.64	0.031
491.84	0.031
492.04	0.031
492.24	0.031
492.45	0.031
492.65	0.031
492.85	0.031
493.05	0.031
493.26	0.031
493.46	0.030
493.66	0.030
493.86	0.030
494.07	0.031
494.27	0.031
494.47	0.031
494.67	0.031
494.87	0.031
495.08	0.031
495.28	0.031
495.48	0.031
495.68	0.031
495.89	0.030
496.09	0.030
496.29	0.029
496.49	0.029
496.69	0.029
496.90	0.029
497.10	0.029
497.30	0.029
497.50	0.029
497.71	0.029
497.91	0.029
498.11	0.029
498.31	0.030
498.51	0.030
498.72	0.030
498.92	0.030
499.12	0.031
499.32	0.030
499.52	0.030
499.73	0.031
499.93	0.031
500.13	0.031
500.33	0.031
500.53	0.031
500.74	0.031
500.94	0.031
501.14	0.031
501.34	0.031
501.54	0.030
501.74	0.030
501.95	0.030
502.15	0.030
502.35	0.030
502.55	0.030
502.75	0.029
502.96	0.029
503.16	0.030
503.36	0.030
503.56	0.030
503.76	0.030
503.96	0.030
504.17	0.030
504.37	0.030
504.57	0.030
504.77	0.030
504.97	0.030
505.17	0.030
505.38	0.030
505.58	0.029
505.78	0.029
505.98	0.030
506.18	0.030
506.38	0.031
506.58	0.031
506.79	0.031
506.99	0.030
507.19	0.031
507.39	0.031
507.59	0.031
507.79	0.031
507.99	0.031
508.20	0.031
508.40	0.031
508.60	0.031
508.80	0.031
509.00	0.031
509.20	0.031
509.40	0.031
509.61	0.030
509.81	0.030
510.01	0.030
510.21	0.030
510.41	0.029
510.61	0.029
510.81	0.029
511.01	0.029
511.22	0.030
511.42	0.030
511.62	0.030
511.82	0.030
512.02	0.030
512.22	0.030
512.42	0.030
512.62	0.029
512.82	0.029
513.03	0.029
513.23	0.029
513.43	0.029
513.63	0.029
513.83	0.029
514.03	0.029
514.23	0.029
514.43	0.029
514.63	0.029
514.83	0.029
515.04	0.029
515.24	0.029
515.44	0.029
515.64	0.029
515.84	0.029
516.04	0.029
516.24	0.029
516.44	0.029
516.64	0.029
516.84	0.029
517.04	0.029
517.24	0.029
517.45	0.029
517.65	0.029
517.85	0.029
518.05	0.028
518.25	0.028
518.45	0.028
518.65	0.028
518.85	0.028
519.05	0.028
519.25	0.028
519.45	0.028
519.65	0.028
519.85	0.029
520.05	0.029
520.25	0.029
520.46	0.029
520.66	0.029
520.86	0.029
521.06	0.029
521.26	0.029
521.46	0.029
521.66	0.028
521.86	0.028
522.06	0.028
522.26	0.028
522.46	0.028
522.66	0.028
522.86	0.027
523.06	0.027
523.26	0.028
523.46	0.028
523.66	0.028
523.86	0.028
524.06	0.028
524.26	0.028
524.46	0.028
524.66	0.028
524.86	0.029
525.06	0.028
525.26	0.028
525.46	0.028
525.66	0.028
525.87	0.029
526.07	0.029
526.27	0.029
526.47	0.029
526.67	0.029
526.87	0.030
527.07	0.029
527.27	0.030
527.47	0.029
527.67	0.029
527.87	0.029
528.07	0.029
528.27	0.029
528.47	0.028
528.67	0.028
528.87	0.029
529.07	0.028
529.27	0.028
529.47	0.028
529.67	0.028
529.87	0.028
530.07	0.028
530.27	0.028
530.47	0.028
530.67	0.027
530.87	0.027
531.06	0.027
531.26	0.027
531.46	0.027
531.66	0.027
531.86	0.027
532.06	0.027
532.26	0.028
532.46	0.028
532.66	0.028
532.86	0.029
533.06	0.029
533.26	0.029
533.46	0.029
533.66	0.029
533.86	0.028
534.06	0.028
534.26	0.028
534.46	0.028
534.66	0.028
534.86	0.027
535.06	0.027
535.26	0.027
535.46	0.028
535.66	0.028
535.86	0.028
536.06	0.028
536.26	0.028
536.45	0.028
536.65	0.028
536.85	0.028
537.05	0.029
537.25	0.028
537.45	0.029
537.65	0.028
537.85	0.028
538.05	0.028
538.25	0.028
538.45	0.028
538.65	0.028
538.85	0.028
539.05	0.028
539.25	0.028
539.44	0.028
539.64	0.028
539.84	0.027
540.04	0.027
540.24	0.028
540.44	0.028
540.64	0.028
540.84	0.028
541.04	0.028
541.24	0.028
541.44	0.028
541.64	0.028
541.83	0.028
542.03	0.028
542.23	0.028
542.43	0.028
542.63	0.028
542.83	0.029
543.03	0.029
543.23	0.029
543.43	0.028
543.63	0.029
543.82	0.028
544.02	0.028
544.22	0.028
544.42	0.028
544.62	0.028
544.82	0.027
545.02	0.027
545.22	0.028
545.42	0.027
545.61	0.028
545.81	0.028
546.01	0.028
546.21	0.028
546.41	0.028
546.61	0.029
546.81	0.028
547.01	0.028
547.20	0.028
547.40	0.028
547.60	0.027
547.80	0.028
548.00	0.027
548.20	0.027
548.40	0.027
548.59	0.027
548.79	0.027
548.99	0.027
549.19	0.027
549.39	0.027
549.59	0.027
549.79	0.027
549.98	0.028
550.18	0.028
550.38	0.028
550.58	0.028
550.78	0.028
550.98	0.028
551.17	0.029
551.37	0.029
551.57	0.028
551.77	0.028
551.97	0.028
552.17	0.028
552.36	0.028
552.56	0.028
552.76	0.027
552.96	0.027
553.16	0.027
553.36	0.027
553.55	0.027
553.75	0.027
553.95	0.027
554.15	0.027
554.35	0.027
554.55	0.027
554.74	0.027
554.94	0.027
555.14	0.026
555.34	0.026
555.54	0.026
555.73	0.026
555.93	0.026
556.13	0.026
556.33	0.026
556.53	0.026
556.72	0.026
556.92	0.026
557.12	0.026
557.32	0.026
557.52	0.026
557.71	0.027
557.91	0.026
558.11	0.026
558.31	0.027
558.51	0.027
558.70	0.027
558.90	0.027
559.10	0.027
559.30	0.027
559.49	0.027
559.69	0.027
559.89	0.027
560.09	0.026
560.29	0.026
560.48	0.026
560.68	0.026
560.88	0.026
561.08	0.027
561.27	0.026
561.47	0.027
561.67	0.027
561.87	0.027
562.06	0.027
562.26	0.027
562.46	0.027
562.66	0.027
562.86	0.027
563.05	0.028
563.25	0.027
563.45	0.027
563.65	0.027
563.84	0.026
564.04	0.026
564.24	0.026
564.44	0.026
564.63	0.026
564.83	0.026
565.03	0.027
565.22	0.027
565.42	0.028
565.62	0.028
565.82	0.028
566.01	0.028
566.21	0.028
566.41	0.028
566.61	0.028
566.80	0.028
567.00	0.028
567.20	0.028
567.40	0.027
567.59	0.027
567.79	0.027
567.99	0.027
568.18	0.027
568.38	0.027
568.58	0.027
568.78	0.026
568.97	0.027
569.17	0.026
569.37	0.027
569.56	0.027
569.76	0.027
569.96	0.027
570.16	0.027
570.35	0.027
570.55	0.026
570.75	0.026
570.94	0.026
571.14	0.026
571.34	0.026
571.53	0.026
571.73	0.026
571.93	0.026
572.12	0.026
572.32	0.027
572.52	0.027
572.72	0.027
572.91	0.027
573.11	0.027
573.31	0.027
573.50	0.026
573.70	0.026
573.90	0.026
574.09	0.026
574.29	0.026
574.49	0.026
574.68	0.026
574.88	0.026
575.08	0.026
575.27	0.026
575.47	0.026
575.67	0.027
575.86	0.027
576.06	0.027
576.26	0.027
576.45	0.027
576.65	0.027
576.85	0.027
577.04	0.027
577.24	0.026
577.44	0.026
577.63	0.026
577.83	0.026
578.02	0.026
578.22	0.025
578.42	0.025
578.61	0.025
578.81	0.025
579.01	0.026
579.20	0.026
579.40	0.027
579.60	0.027
579.79	0.027
579.99	0.027
580.19	0.027
580.38	0.027
580.58	0.026
580.77	0.026
580.97	0.025
581.17	0.025
581.36	0.024
581.56	0.024
581.75	0.024
581.95	0.024
582.15	0.025
582.34	0.025
582.54	0.026
582.74	0.026
582.93	0.026
583.13	0.027
583.32	0.027
583.52	0.027
583.72	0.027
583.91	0.027
584.11	0.026
584.30	0.026
584.50	0.026
584.70	0.025
584.89	0.025
585.09	0.024
585.28	0.025
585.48	0.025
585.68	0.025
585.87	0.026
586.07	0.026
586.26	0.026
586.46	0.026
586.66	0.026
586.85	0.027
587.05	0.026
587.24	0.026
587.44	0.026
587.63	0.025
587.83	0.026
588.03	0.025
588.22	0.025
588.42	0.026
588.61	0.025
588.81	0.025
589.00	0.026
589.20	0.026
589.40	0.026
589.59	0.026
589.79	0.026
589.98	0.026
590.18	0.026
590.37	0.026
590.57	0.026
590.76	0.027
590.96	0.027
591.16	0.028
591.35	0.028
591.55	0.028
591.74	0.027
591.94	0.027
592.13	0.026
592.33	0.026
592.52	0.025
592.72	0.025
592.91	0.024
593.11	0.024
593.30	0.024
593.50	0.024
593.70	0.024
593.89	0.025
594.09	0.025
594.28	0.026
594.48	0.025
594.67	0.025
594.87	0.026
595.06	0.025
595.26	0.025
595.45	0.025
595.65	0.025
595.84	0.025
596.04	0.025
596.23	0.025
596.43	0.026
596.62	0.025
596.82	0.025
597.01	0.026
597.21	0.026
597.40	0.026
597.60	0.025
597.79	0.026
597.99	0.026
598.18	0.026
598.38	0.026
598.57	0.026
598.77	0.026
598.96	0.026
599.16	0.025
599.35	0.025
599.55	0.025
599.74	0.025
599.94	0.025
600.13	0.024
600.33	0.025
600.52	0.024
600.72	0.024
600.91	0.025
601.11	0.025
601.30	0.025
601.50	0.025
601.69	0.026
601.89	0.026
602.08	0.026
602.27	0.026
602.47	0.026
602.66	0.026
602.86	0.026
603.05	0.025
603.25	0.025
603.44	0.025
603.64	0.025
603.83	0.025
604.03	0.025
604.22	0.025
604.41	0.025
604.61	0.025
604.80	0.025
605.00	0.025
605.19	0.025
605.39	0.025
605.58	0.025
605.78	0.025
605.97	0.025
606.16	0.025
606.36	0.025
606.55	0.025
606.75	0.025
606.94	0.025
607.14	0.025
607.33	0.024
607.52	0.024
607.72	0.024
607.91	0.024
608.11	0.024
608.30	0.024
608.50	0.025
608.69	0.025
608.88	0.025
609.08	0.025
609.27	0.026
609.47	0.026
609.66	0.026
609.85	0.026
610.05	0.026
610.24	0.027
610.44	0.026
610.63	0.026
610.83	0.026
611.02	0.025
611.21	0.025
611.41	0.025
611.60	0.025
611.80	0.025
611.99	0.025
612.18	0.025
612.38	0.025
612.57	0.025
612.76	0.025
612.96	0.026
613.15	0.026
613.35	0.026
613.54	0.026
613.73	0.025
613.93	0.025
614.12	0.025
614.32	0.025
614.51	0.025
614.70	0.025
614.90	0.024
615.09	0.025
615.28	0.024
615.48	0.024
615.67	0.024
615.86	0.024
616.06	0.025
616.25	0.025
616.45	0.025
616.64	0.025
616.83	0.025
617.03	0.025
617.22	0.025
617.41	0.025
617.61	0.025
617.80	0.025
617.99	0.025
618.19	0.025
618.38	0.025
618.57	0.025
618.77	0.025
618.96	0.025
619.15	0.025
619.35	0.025
619.54	0.025
619.73	0.024
619.93	0.025
620.12	0.025
620.31	0.024
620.51	0.025
620.70	0.025
620.89	0.025
621.09	0.025
621.28	0.025
621.47	0.025
621.67	0.025
621.86	0.025
622.05	0.024
622.25	0.025
622.44	0.024
622.63	0.024
622.83	0.025
623.02	0.024
623.21	0.024
623.41	0.024
623.60	0.024
623.79	0.024
623.98	0.024
624.18	0.024
624.37	0.024
624.56	0.024
624.76	0.024
624.95	0.024
625.14	0.025
625.33	0.025
625.53	0.025
625.72	0.025
625.91	0.025
626.11	0.025
626.30	0.025
626.49	0.025
626.68	0.025
626.88	0.025
627.07	0.025
627.26	0.024
627.46	0.025
627.65	0.025
627.84	0.025
628.03	0.025
628.23	0.025
628.42	0.025
628.61	0.025
628.80	0.025
629.00	0.025
629.19	0.025
629.38	0.025
629.58	0.025
629.77	0.025
629.96	0.025
630.15	0.025
630.35	0.025
630.54	0.025
630.73	0.025
630.92	0.025
631.12	0.025
631.31	0.025
631.50	0.025
631.69	0.024
631.89	0.024
632.08	0.024
632.27	0.025
632.46	0.025
632.65	0.025
632.85	0.025
633.04	0.025
633.23	0.025
633.42	0.025
633.62	0.025
633.81	0.025
634.00	0.025
634.19	0.024
634.39	0.024
634.58	0.024
634.77	0.025
634.96	0.025
635.15	0.025
635.35	0.025
635.54	0.024
635.73	0.025
635.92	0.025
636.11	0.025
636.31	0.025
636.50	0.025
636.69	0.025
636.88	0.025
637.07	0.025
637.27	0.025
637.46	0.025
637.65	0.025
637.84	0.024
638.03	0.024
638.23	0.024
638.42	0.024
638.61	0.024
638.80	0.024
638.99	0.024
639.19	0.024
639.38	0.024
639.57	0.024
639.76	0.024
639.95	0.024
640.14	0.024
640.34	0.024
640.53	0.024
640.72	0.024
640.91	0.024
641.10	0.023
641.30	0.023
641.49	0.024
641.68	0.024
641.87	0.024
642.06	0.024
642.25	0.024
642.44	0.024
642.64	0.024
642.83	0.024
643.02	0.024
643.21	0.024
643.40	0.024
643.59	0.024
643.79	0.024
643.98	0.024
644.17	0.024
644.36	0.024
644.55	0.024
644.74	0.024
644.93	0.023
645.13	0.023
645.32	0.023
645.51	0.024
645.70	0.024
645.89	0.024
646.08	0.025
646.27	0.025
646.46	0.025
646.66	0.025
646.85	0.025
647.04	0.025
647.23	0.025
647.42	0.025
647.61	0.025
647.80	0.024
647.99	0.024
648.19	0.024
648.38	0.024
648.57	0.024
648.76	0.024
648.95	0.024
649.14	0.024
649.33	0.024
649.52	0.024
649.71	0.024
649.91	0.024
650.10	0.024
650.29	0.024
650.48	0.024
650.67	0.024
650.86	0.024
651.05	0.024
651.24	0.025
651.43	0.025
651.62	0.024
651.81	0.024
652.01	0.024
652.20	0.024
652.39	0.024
652.58	0.024
652.77	0.024
652.96	0.023
653.15	0.023
653.34	0.023
653.53	0.023
653.72	0.024
653.91	0.025
654.10	0.025
654.29	0.025
654.48	0.025
654.68	0.024
654.87	0.024
655.06	0.023
655.25	0.022
655.44	0.022
655.63	0.022
655.82	0.022
656.01	0.022
656.20	0.022
656.39	0.022
656.58	0.023
656.77	0.024
656.96	0.024
657.15	0.024
657.34	0.025
657.53	0.024
657.72	0.024
657.91	0.024
658.10	0.024
658.29	0.024
658.48	0.024
658.68	0.024
658.87	0.024
659.06	0.023
659.25	0.024
659.44	0.023
659.63	0.023
659.82	0.024
660.01	0.024
660.20	0.024
660.39	0.024
660.58	0.024
660.77	0.024
660.96	0.024
661.15	0.024
661.34	0.024
661.53	0.024
661.72	0.024
661.91	0.024
662.10	0.024
662.29	0.024
662.48	0.024
662.67	0.024
662.86	0.024
663.05	0.024
663.24	0.024
663.43	0.024
663.62	0.023
663.81	0.023
664.00	0.023
664.19	0.023
664.38	0.023
664.57	0.023
664.76	0.023
664.95	0.023
665.14	0.023
665.33	0.024
665.52	0.024
665.71	0.024
665.90	0.024
666.09	0.024
666.28	0.024
666.46	0.024
666.65	0.024
666.84	0.024
667.03	0.024
667.22	0.024
667.41	0.023
667.60	0.023
667.79	0.023
667.98	0.023
668.17	0.024
668.36	0.024
668.55	0.024
668.74	0.024
668.93	0.024
669.12	0.024
669.31	0.024
669.50	0.024
669.69	0.024
669.88	0.024
670.07	0.024
670.26	0.024
670.44	0.024
670.63	0.024
670.82	0.024
671.01	0.024
671.20	0.024
671.39	0.023
671.58	0.023
671.77	0.023
671.96	0.023
672.15	0.023
672.34	0.023
672.53	0.023
672.72	0.023
672.91	0.023
673.09	0.024
673.28	0.024
673.47	0.024
673.66	0.024
673.85	0.024
674.04	0.024
674.23	0.023
674.42	0.023
674.61	0.024
674.80	0.024
674.98	0.024
675.17	0.024
675.36	0.024
675.55	0.024
675.74	0.023
675.93	0.023
676.12	0.023
676.31	0.023
676.50	0.022
676.69	0.023
676.87	0.023
677.06	0.023
677.25	0.023
677.44	0.023
677.63	0.024
677.82	0.024
678.01	0.024
678.20	0.024
678.38	0.024
678.57	0.024
678.76	0.024
678.95	0.024
679.14	0.023
679.33	0.023
679.52	0.023
679.71	0.023
679.89	0.023
680.08	0.023
680.27	0.024
680.46	0.023
680.65	0.023
680.84	0.023
681.02	0.023
681.21	0.023
681.40	0.023
681.59	0.023
681.78	0.023
681.97	0.023
682.16	0.023
682.34	0.023
682.53	0.023
682.72	0.023
682.91	0.024
683.10	0.023
683.29	0.024
683.47	0.024
683.66	0.024
683.85	0.024
684.04	0.024
684.23	0.024
684.42	0.024
684.60	0.024
684.79	0.024
684.98	0.024
685.17	0.023
685.36	0.024
685.54	0.024
685.73	0.024
685.92	0.023
686.11	0.023
686.30	0.024
686.49	0.024
686.67	0.024
686.86	0.024
687.05	0.024
687.24	0.024
687.43	0.024
687.61	0.024
687.80	0.024
687.99	0.024
688.18	0.024
688.36	0.023
688.55	0.023
688.74	0.023
688.93	0.023
689.12	0.023
689.30	0.023
689.49	0.023
689.68	0.023
689.87	0.023
690.06	0.023
690.24	0.023
690.43	0.024
690.62	0.024
690.81	0.023
690.99	0.023
691.18	0.023
691.37	0.023
691.56	0.023
691.74	0.023
691.93	0.023
692.12	0.023
692.31	0.023
692.50	0.024
692.68	0.024
692.87	0.024
693.06	0.024
693.25	0.023
693.43	0.023
693.62	0.023
693.81	0.023
694.00	0.023
694.18	0.023
694.37	0.023
694.56	0.023
694.74	0.023
694.93	0.022
695.12	0.023
695.31	0.023
695.49	0.023
695.68	0.023
695.87	0.023
696.06	0.023
696.24	0.023
696.43	0.023
696.62	0.024
696.80	0.023
696.99	0.023
697.18	0.023
697.37	0.023
697.55	0.023
697.74	0.024
697.93	0.024
698.12	0.024
698.30	0.024
698.49	0.023
698.68	0.023
698.86	0.023
699.05	0.023
699.24	0.023
699.42	0.023
699.61	0.022
699.80	0.022
699.99	0.022
700.17	0.023
700.36	0.023
700.55	0.023
700.73	0.023
700.92	0.023
701.11	0.023
701.29	0.023
701.48	0.024
701.67	0.024
701.85	0.023
702.04	0.023
702.23	0.023
702.41	0.023
702.60	0.023
702.79	0.023
702.97	0.022
703.16	0.022
703.35	0.022
703.53	0.022
703.72	0.022
703.91	0.022
704.09	0.022
704.28	0.022
704.47	0.022
704.65	0.022
704.84	0.022
705.03	0.022
705.21	0.022
705.40	0.023
705.59	0.022
705.77	0.022
705.96	0.022
706.15	0.022
706.33	0.022
706.52	0.023
706.71	0.023
706.89	0.023
707.08	0.023
707.26	0.023
707.45	0.023
707.64	0.023
707.82	0.023
708.01	0.023
708.20	0.023
708.38	0.023
708.57	0.023
708.75	0.023
708.94	0.023
709.13	0.023
709.31	0.023
709.50	0.023
709.69	0.023
709.87	0.023
710.06	0.023
710.24	0.023
710.43	0.023
710.62	0.024
710.80	0.024
710.99	0.023
711.17	0.023
711.36	0.023
711.55	0.023
711.73	0.023
711.92	0.023
712.10	0.023
712.29	0.023
712.48	0.023
712.66	0.023
712.85	0.023
713.03	0.023
713.22	0.023
713.40	0.023
713.59	0.023
713.78	0.023
713.96	0.023
714.15	0.023
714.33	0.023
714.52	0.023
714.71	0.023
714.89	0.023
715.08	0.023
715.26	0.024
715.45	0.024
715.63	0.024
715.82	0.023
716.00	0.023
716.19	0.023
716.38	0.023
716.56	0.023
716.75	0.022
716.93	0.022
717.12	0.022
717.30	0.022
717.49	0.022
717.67	0.022
717.86	0.022
718.05	0.022
718.23	0.022
718.42	0.022
718.60	0.022
718.79	0.023
718.97	0.023
719.16	0.023
719.34	0.023
719.53	0.023
719.71	0.023
719.90	0.023
720.08	0.023
720.27	0.023
720.45	0.022
720.64	0.022
720.83	0.022
721.01	0.022
721.20	0.022
721.38	0.022
721.57	0.022
721.75	0.022
721.94	0.022
722.12	0.023
722.31	0.023
722.49	0.022
722.68	0.022
722.86	0.022
723.05	0.022
723.23	0.022
723.42	0.022
723.60	0.022
723.79	0.022
723.97	0.022
724.16	0.023
724.34	0.023
724.53	0.022
724.71	0.023
724.90	0.022
725.08	0.022
725.27	0.022
725.45	0.022
725.64	0.022
725.82	0.022
726.00	0.022
726.19	0.022
726.37	0.022
726.56	0.022
726.74	0.022
726.93	0.022
727.11	0.022
727.30	0.022
727.48	0.023
727.67	0.023
727.85	0.023
728.04	0.023
728.22	0.023
728.40	0.023
728.59	0.023
728.77	0.023
728.96	0.023
729.14	0.022
729.33	0.022
729.51	0.023
729.70	0.023
729.88	0.022
730.07	0.023
730.25	0.022
730.43	0.022
730.62	0.023
730.80	0.022
730.99	0.022
731.17	0.022
731.36	0.022
731.54	0.022
731.72	0.022
731.91	0.022
732.09	0.022
732.28	0.022
732.46	0.022
732.65	0.022
732.83	0.022
733.01	0.022
733.20	0.022
733.38	0.022
733.57	0.022
733.75	0.022
733.93	0.022
734.12	0.022
734.30	0.022
734.49	0.022
734.67	0.022
734.85	0.022
735.04	0.022
735.22	0.022
735.41	0.022
735.59	0.022
735.77	0.022
735.96	0.022
736.14	0.022
736.33	0.022
736.51	0.022
736.69	0.022
736.88	0.022
737.06	0.022
737.25	0.023
737.43	0.023
737.61	0.023
737.80	0.023
737.98	0.023
738.16	0.023
738.35	0.023
738.53	0.023
738.71	0.023
738.90	0.023
739.08	0.023
739.27	0.022
739.45	0.023
739.63	0.022
739.82	0.022
740.00	0.022
740.18	0.022
740.37	0.022
740.55	0.021
740.73	0.021
740.92	0.022
741.10	0.021
741.28	0.021
741.47	0.021
741.65	0.021
741.83	0.022
742.02	0.022
742.20	0.022
742.38	0.022
742.57	0.022
742.75	0.022
742.93	0.022
743.12	0.022
743.30	0.022
743.48	0.022
743.67	0.022
743.85	0.022
744.03	0.021
744.22	0.021
744.40	0.021
744.58	0.021
744.77	0.021
744.95	0.021
745.13	0.021
745.32	0.021
745.50	0.021
745.68	0.022
745.87	0.022
746.05	0.022
746.23	0.021
746.41	0.021
746.60	0.021
746.78	0.021
746.96	0.022
747.15	0.022
747.33	0.021
747.51	0.022
747.70	0.021
747.88	0.022
748.06	0.022
748.24	0.022
748.43	0.022
748.61	0.022
748.79	0.022
748.97	0.022
749.16	0.022
749.34	0.022
749.52	0.022
749.71	0.022
749.89	0.022
750.07	0.021
750.25	0.022
750.44	0.022
750.62	0.021
750.80	0.021
750.98	0.021
751.17	0.021
751.35	0.021
751.53	0.021
751.71	0.022
751.90	0.022
752.08	0.021
752.26	0.021
752.44	0.022
752.63	0.021
752.81	0.022
752.99	0.021
753.17	0.021
753.36	0.021
753.54	0.021
753.72	0.021
753.90	0.021
754.09	0.021
754.27	0.021
754.45	0.021
754.63	0.021
754.82	0.021
755.00	0.021
755.18	0.021
755.36	0.022
755.54	0.022
755.73	0.021
755.91	0.021
756.09	0.021
756.27	0.021
756.45	0.021
756.64	0.021
756.82	0.021
757.00	0.021
757.18	0.021
757.37	0.021
757.55	0.021
757.73	0.021
757.91	0.021
758.09	0.020
758.27	0.020
758.46	0.020
758.64	0.020
758.82	0.021
759.00	0.021
759.18	0.021
759.37	0.021
759.55	0.021
759.73	0.021
759.91	0.020
760.09	0.020
760.28	0.020
760.46	0.020
760.64	0.020
760.82	0.020
761.00	0.020
761.18	0.020
761.37	0.020
761.55	0.020
761.73	0.020
761.91	0.020
762.09	0.019
762.27	0.019
762.46	0.020
762.64	0.020
762.82	0.019
763.00	0.019
763.18	0.019
763.36	0.019
763.54	0.019
763.73	0.019
763.91	0.019
764.09	0.019
764.27	0.019
764.45	0.019
764.63	0.019
764.81	0.019
765.00	0.019
765.18	0.019
765.36	0.019
765.54	0.019
765.72	0.019
765.90	0.019
766.08	0.019
766.27	0.019
766.45	0.019
766.63	0.020
766.81	0.019
766.99	0.019
767.17	0.019
767.35	0.019
767.53	0.019
767.71	0.020
767.90	0.020
768.08	0.019
768.26	0.019
768.44	0.019
768.62	0.019
768.80	0.019
768.98	0.019
769.16	0.019
769.34	0.019
769.52	0.019
769.71	0.019
769.89	0.019
770.07	0.019
770.25	0.019
770.43	0.019
770.61	0.019
770.79	0.019
770.97	0.019
771.15	0.019
771.33	0.019
771.51	0.019
771.69	0.019
771.88	0.019
772.06	0.019
772.24	0.019
772.42	0.019
772.60	0.019
772.78	0.020
772.96	0.019
773.14	0.020
773.32	0.020
773.50	0.020
773.68	0.020
773.86	0.020
774.04	0.019
774.22	0.019
774.40	0.019
774.58	0.019
774.77	0.019
774.95	0.019
775.13	0.020
775.31	0.020
775.49	0.019
775.67	0.020
775.85	0.020
776.03	0.020
776.21	0.020
776.39	0.020
776.57	0.020
776.75	0.020
776.93	0.020
777.11	0.020
777.29	0.019
777.47	0.020
777.65	0.019
777.83	0.019
778.01	0.019
778.19	0.019
778.37	0.019
778.55	0.019
778.73	0.019
778.91	0.019
779.09	0.019
779.27	0.018
779.45	0.018
779.63	0.018
779.81	0.019
779.99	0.019
780.17	0.018
780.35	0.018
780.53	0.018
780.71	0.019
780.89	0.019
781.07	0.019
781.25	0.019
781.43	0.019
781.61	0.019
781.79	0.020
781.97	0.019
782.15	0.019
782.33	0.019
782.51	0.019
782.69	0.019
782.87	0.019
783.05	0.019
783.23	0.019
783.41	0.018
783.59	0.018
783.77	0.018
783.95	0.019
784.13	0.018
784.31	0.018
784.49	0.018
784.67	0.018
784.85	0.018
785.03	0.018
785.21	0.018
785.38	0.018
785.56	0.018
785.74	0.018
785.92	0.018
786.10	0.018
786.28	0.019
786.46	0.019
786.64	0.019
786.82	0.019
787.00	0.018
787.18	0.019
787.36	0.019
787.54	0.019
787.72	0.019
787.90	0.019
788.08	0.019
788.25	0.019
788.43	0.020
788.61	0.020
788.79	0.020
788.97	0.020
789.15	0.019
789.33	0.019
789.51	0.019
789.69	0.019
789.87	0.019
790.05	0.019
790.23	0.019
790.40	0.018
790.58	0.018
790.76	0.019
790.94	0.019
791.12	0.019
791.30	0.019
791.48	0.019
791.66	0.019
791.84	0.019
792.02	0.019
792.19	0.019
792.37	0.019
792.55	0.019
792.73	0.019
792.91	0.019
793.09	0.019
793.27	0.018
793.45	0.018
793.63	0.019
793.80	0.019
793.98	0.019
794.16	0.019
794.34	0.019
794.52	0.019
794.70	0.019
794.88	0.019
795.05	0.019
795.23	0.019
795.41	0.019
795.59	0.019
795.77	0.019
795.95	0.019
796.13	0.019
796.30	0.019
796.48	0.019
796.66	0.019
796.84	0.019
797.02	0.018
797.20	0.018
797.38	0.018
797.55	0.018
797.73	0.018
797.91	0.018
798.09	0.018
798.27	0.018
798.45	0.018
798.62	0.018
798.80	0.018
798.98	0.018
799.16	0.018
799.34	0.018
799.52	0.019
799.69	0.019
799.87	0.019
800.05	0.019
800.23	0.019
800.41	0.019
800.58	0.019
800.76	0.019
800.94	0.019
801.12	0.019
801.30	0.019
801.47	0.019
801.65	0.019
801.83	0.019
802.01	0.018
802.19	0.018
802.36	0.018
802.54	0.018
802.72	0.018
802.90	0.018
803.08	0.018
803.25	0.018
803.43	0.019
803.61	0.018
803.79	0.019
803.97	0.019
804.14	0.019
804.32	0.019
804.50	0.019
804.68	0.018
804.85	0.018
805.03	0.018
805.21	0.018
805.39	0.018
805.56	0.019
805.74	0.018
805.92	0.018
806.10	0.018
806.28	0.018
806.45	0.018
806.63	0.017
806.81	0.018
806.99	0.017
807.16	0.017
807.34	0.017
807.52	0.017
807.70	0.017
807.87	0.017
808.05	0.017
808.23	0.017
808.41	0.017
808.58	0.017
808.76	0.018
808.94	0.018
809.11	0.018
809.29	0.018
809.47	0.018
809.65	0.018
809.82	0.018
810.00	0.018
810.18	0.018
810.36	0.018
810.53	0.018
810.71	0.018
810.89	0.018
811.06	0.018
811.24	0.018
811.42	0.018
811.60	0.018
811.77	0.018
811.95	0.019
812.13	0.018
812.30	0.018
812.48	0.018
812.66	0.017
812.83	0.018
813.01	0.018
813.19	0.018
813.37	0.018
813.54	0.018
813.72	0.018
813.90	0.018
814.07	0.018
814.25	0.018
814.43	0.018
814.60	0.018
814.78	0.018
814.96	0.017
815.13	0.017
815.31	0.017
815.49	0.017
815.66	0.018
815.84	0.018
816.02	0.018
816.19	0.017
816.37	0.017
816.55	0.017
816.72	0.017
816.90	0.017
817.08	0.017
817.25	0.017
817.43	0.016
817.61	0.017
817.78	0.017
817.96	0.016
818.14	0.016
818.31	0.017
818.49	0.017
818.67	0.017
818.84	0.017
819.02	0.017
819.19	0.017
819.37	0.017
819.55	0.017
819.72	0.017
819.90	0.017
820.08	0.018
820.25	0.018
820.43	0.018
820.60	0.018
820.78	0.018
820.96	0.018
821.13	0.019
821.31	0.018
821.49	0.018
821.66	0.017
821.84	0.017
822.01	0.017
822.19	0.017
822.37	0.017
822.54	0.017
822.72	0.017
822.89	0.017
823.07	0.018
823.25	0.017
823.42	0.017
823.60	0.017
823.77	0.017
823.95	0.017
824.13	0.018
824.30	0.017
824.48	0.017
824.65	0.017
824.83	0.017
825.01	0.018
825.18	0.018
825.36	0.018
825.53	0.018
825.71	0.018
825.88	0.017
826.06	0.017
826.24	0.017
826.41	0.017
826.59	0.017
826.76	0.016
826.94	0.016
827.11	0.016
827.29	0.017
827.47	0.017
827.64	0.017
827.82	0.017
827.99	0.017
828.17	0.018
828.34	0.018
828.52	0.018
828.69	0.017
828.87	0.018
829.04	0.018
829.22	0.018
829.40	0.018
829.57	0.018
829.75	0.018
829.92	0.018
830.10	0.018
830.27	0.018
830.45	0.018
830.62	0.018
830.80	0.018
830.97	0.018
831.15	0.018
831.32	0.018
831.50	0.018
831.67	0.018
831.85	0.017
832.02	0.017
832.20	0.017
832.37	0.017
832.55	0.017
832.73	0.017
832.90	0.017
833.08	0.017
833.25	0.017
833.43	0.017
833.60	0.017
833.78	0.018
833.95	0.018
834.13	0.017
834.30	0.017
834.48	0.017
834.65	0.017
834.82	0.017
835.00	0.017
835.17	0.017
835.35	0.017
835.52	0.017
835.70	0.017
835.87	0.017
836.05	0.018
836.22	0.017
836.40	0.017
836.57	0.017
836.75	0.017
836.92	0.017
837.10	0.017
837.27	0.017
837.45	0.017
837.62	0.017
837.80	0.018
837.97	0.018
838.14	0.018
838.32	0.018
838.49	0.018
838.67	0.018
838.84	0.018
839.02	0.017
839.19	0.017
839.37	0.017
839.54	0.017
839.71	0.017
839.89	0.017
840.06	0.016
840.24	0.016
840.41	0.016
840.59	0.016
840.76	0.016
840.94	0.016
841.11	0.016
841.28	0.016
841.46	0.016
841.63	0.016
841.81	0.017
841.98	0.016
842.15	0.016
842.33	0.016
842.50	0.017
842.68	0.017
842.85	0.017
843.03	0.017
843.20	0.017
843.37	0.017
843.55	0.017
843.72	0.017
843.90	0.017
844.07	0.016
844.24	0.016
844.42	0.016
844.59	0.016
844.77	0.016
844.94	0.016
845.11	0.016
845.29	0.016
845.46	0.016
845.63	0.016
845.81	0.017
845.98	0.017
846.16	0.017
846.33	0.017
846.50	0.016
846.68	0.016
846.85	0.015
847.02	0.016
847.20	0.016
847.37	0.015
847.55	0.015
847.72	0.015
847.89	0.015
848.07	0.015
848.24	0.015
848.41	0.015
848.59	0.015
848.76	0.015
848.93	0.015
849.11	0.015
849.28	0.015
849.45	0.015
849.63	0.015
849.80	0.014
849.97	0.014
850.15	0.015
850.32	0.014
850.49	0.014
850.67	0.014
850.84	0.014
851.01	0.014
851.19	0.014
851.36	0.014
851.53	0.014
851.71	0.014
851.88	0.014
852.05	0.014
852.23	0.014
852.40	0.015
852.57	0.015
852.75	0.015
852.92	0.015
853.09	0.014
853.27	0.014
853.44	0.014
853.61	0.014
853.79	0.014
853.96	0.013
854.13	0.013
854.30	0.013
854.48	0.012
854.65	0.013
854.82	0.013
855.00	0.013
855.17	0.013
855.34	0.012
855.51	0.012
855.69	0.012
855.86	0.012
856.03	0.012
856.21	0.012
856.38	0.011
856.55	0.011
856.72	0.011
856.90	0.010
857.07	0.010
857.24	0.009
857.42	0.009
857.59	0.009
857.76	0.009
857.93	0.009
858.11	0.008
858.28	0.008
858.45	0.008
858.62	0.009
858.80	0.009
858.97	0.009
859.14	0.009
859.31	0.009
859.49	0.009
859.66	0.009
859.83	0.009
860.00	0.009
860.18	0.009
860.35	0.009
860.52	0.008
860.69	0.008
860.86	0.008
861.04	0.007
861.21	0.007
861.38	0.007
861.55	0.007
861.73	0.007
861.90	0.008
862.07	0.008
862.24	0.008
862.42	0.007
862.59	0.007
862.76	0.008
862.93	0.008
863.10	0.008
863.28	0.007
863.45	0.007
863.62	0.006
863.79	0.006
863.96	0.006
864.14	0.006
864.31	0.006
864.48	0.005
864.65	0.005
864.82	0.005
865.00	0.005
865.17	0.004
865.34	0.004
865.51	0.005
865.68	0.005
865.86	0.005
866.03	0.006
866.20	0.006
866.37	0.006
866.54	0.005
866.71	0.006
866.89	0.006
867.06	0.006
867.23	0.006
867.40	0.005
867.57	0.004
867.74	0.003
867.92	0.003
868.09	0.003
868.26	0.002
868.43	0.003
868.60	0.002
868.77	0.001
868.95	0.001
869.12	0.001
869.29	0.001
869.46	0.001
869.63	0.001
869.80	0.000
869.97	0.000
870.15	-0.000
870.32	-0.000
870.49	0.000
870.66	-0.000
870.83	-0.001
871.00	-0.000
871.17	-0.001
871.34	-0.000
871.52	-0.001
871.69	-0.001
871.86	-0.000
872.03	-0.001
872.20	-0.000
872.37	-0.001
872.54	-0.001
872.71	-0.001
872.89	-0.002
873.06	-0.002
873.23	-0.001
873.40	-0.002
873.57	-0.002
873.74	-0.002
873.91	-0.002
874.08	-0.002
874.25	-0.002
874.42	-0.002
874.60	-0.002
874.77	-0.003
874.94	-0.003
875.11	-0.004
875.28	-0.004
875.45	-0.004
875.62	-0.003
875.79	-0.004
875.96	-0.003
876.13	-0.003
876.30	-0.003
876.47	-0.003
876.65	-0.003
876.82	-0.004
876.99	-0.004
877.16	-0.005
877.33	-0.004
877.50	-0.005
877.67	-0.005
877.84	-0.005
878.01	-0.005
878.18	-0.005
878.35	-0.005
878.52	-0.005
878.69	-0.005
878.86	-0.006
879.03	-0.006
879.20	-0.006
879.38	-0.006
879.55	-0.006
879.72	-0.006
879.89	-0.006
880.06	-0.006
880.23	-0.007
880.40	-0.008
880.57	-0.007
880.74	-0.008
880.91	-0.008
881.08	-0.008
881.25	-0.008
881.42	-0.008
881.59	-0.008
881.76	-0.008
881.93	-0.008
882.10	-0.008
882.27	-0.007
882.44	-0.007
882.61	-0.009
882.78	-0.008
882.95	-0.008
883.12	-0.008
883.29	-0.008
883.46	-0.007
883.63	-0.006
883.80	-0.007
883.97	-0.007
884.14	-0.006
884.31	-0.006
884.48	-0.007
884.65	-0.006
884.82	-0.007
884.99	-0.007
885.16	-0.008
885.33	-0.007
885.50	-0.007
885.67	-0.007
885.84	-0.007
886.01	-0.008
886.18	-0.008
886.35	-0.008
886.52	-0.008
886.69	-0.008
886.86	-0.009
887.03	-0.009
887.20	-0.009
887.37	-0.008
887.54	-0.008
887.71	-0.008
887.88	-0.007
888.05	-0.005
888.22	-0.005
888.39	-0.004
888.55	-0.004
888.72	-0.004
888.89	-0.004
889.06	-0.003
889.23	-0.004
889.40	-0.005
889.57	-0.006
889.74	-0.006
889.91	-0.007
890.08	-0.008
890.25	-0.008
890.42	-0.008
890.59	-0.008
890.76	-0.008
890.93	-0.009
891.10	-0.008
891.26	-0.009
891.43	-0.007
891.60	-0.007
891.77	-0.007
891.94	-0.008
892.11	-0.008
892.28	-0.008
892.45	-0.007
892.62	-0.008
892.79	-0.007
892.96	-0.008
893.13	-0.008
893.29	-0.007
893.46	-0.005
893.63	-0.006
893.80	-0.005
893.97	-0.004
894.14	-0.004
894.31	-0.006
894.48	0.000
894.65	-0.006
894.81	-0.007
894.98	-0.011
