177.34	-0.000
177.56	-0.000
177.78	-0.000
178.00	-0.983
178.22	-0.270
178.44	-0.313
178.66	-0.124
178.89	0.137
179.11	-0.000
179.33	-0.187
179.55	-0.000
179.77	-0.000
179.99	-0.000
180.21	-0.000
180.43	-0.000
180.65	-0.000
180.87	-0.000
181.09	1.127
181.31	0.841
181.53	0.689
181.75	0.542
181.97	0.577
182.19	0.592
182.41	0.527
182.63	0.520
182.85	0.527
183.07	0.520
183.30	0.529
183.52	0.571
183.74	0.601
183.96	0.583
184.18	0.545
184.40	0.616
184.62	0.591
184.84	0.659
185.06	0.730
185.28	0.737
185.50	0.692
185.72	0.706
185.94	0.700
186.16	0.700
186.38	0.699
186.60	0.755
186.82	0.793
187.04	0.828
187.26	0.867
187.48	0.842
187.70	0.868
187.92	0.900
188.14	0.945
188.36	1.002
188.58	1.026
188.80	0.997
189.02	1.036
189.24	1.026
189.46	1.082
189.68	1.095
189.90	1.147
190.12	1.230
190.34	1.207
190.56	1.238
190.78	1.265
191.00	1.274
191.22	1.289
191.44	1.365
191.66	1.379
191.88	1.364
192.10	1.330
192.32	1.388
192.54	1.420
192.76	1.423
192.98	1.420
193.20	1.475
193.42	1.526
193.64	1.537
193.86	1.549
194.08	1.587
194.30	1.556
194.52	1.583
194.74	1.547
194.96	1.609
195.18	1.594
195.40	1.540
195.62	1.618
195.84	1.618
196.06	1.572
196.28	1.664
196.50	1.612
196.72	1.619
196.94	1.608
197.16	1.577
197.38	1.582
197.60	1.542
197.82	1.577
198.04	1.665
198.26	1.624
198.48	1.651
198.70	1.686
198.92	1.683
199.13	1.709
199.35	1.741
199.57	1.813
199.79	1.806
200.01	1.779
200.23	1.755
200.45	1.805
200.67	1.824
200.89	1.825
201.11	1.878
201.33	1.856
201.55	1.797
201.77	1.828
201.99	1.812
202.21	1.879
202.43	1.832
202.65	1.892
202.87	1.854
203.09	1.847
203.31	1.888
203.52	1.881
203.74	1.863
203.96	1.877
204.18	1.872
204.40	1.863
204.62	1.840
204.84	1.865
205.06	1.903
205.28	1.857
205.50	1.844
205.72	1.862
205.94	1.859
206.16	1.857
206.38	1.895
206.59	1.921
206.81	1.912
207.03	1.921
207.25	1.947
207.47	1.986
207.69	1.979
207.91	1.949
208.13	1.941
208.35	1.939
208.57	1.974
208.79	2.028
209.01	2.012
209.22	2.031
209.44	2.099
209.66	2.111
209.88	2.172
210.10	2.196
210.32	2.189
210.54	2.126
210.76	2.134
210.98	2.157
211.20	2.148
211.42	2.114
211.63	2.101
211.85	2.164
212.07	2.163
212.29	2.167
212.51	2.176
212.73	2.143
212.95	2.153
213.17	2.179
213.39	2.209
213.60	2.241
213.82	2.217
214.04	2.188
214.26	2.224
214.48	2.182
214.70	2.205
214.92	2.191
215.14	2.173
215.35	2.153
215.57	2.164
215.79	2.187
216.01	2.245
216.23	2.212
216.45	2.303
216.67	2.286
216.89	2.264
217.10	2.276
217.32	2.267
217.54	2.258
217.76	2.237
217.98	2.241
218.20	2.268
218.42	2.233
218.64	2.250
218.85	2.293
219.07	2.334
219.29	2.328
219.51	2.339
219.73	2.320
219.95	2.310
220.17	2.275
220.38	2.284
220.60	2.295
220.82	2.264
221.04	2.249
221.26	2.270
221.48	2.293
221.69	2.288
221.91	2.293
222.13	2.333
222.35	2.311
222.57	2.303
222.79	2.323
223.00	2.312
223.22	2.302
223.44	2.300
223.66	2.319
223.88	2.313
224.10	2.322
224.32	2.347
224.53	2.383
224.75	2.422
224.97	2.441
225.19	2.486
225.41	2.470
225.62	2.482
225.84	2.522
226.06	2.487
226.28	2.514
226.50	2.468
226.72	2.423
226.93	2.433
227.15	2.428
227.37	2.425
227.59	2.408
227.81	2.398
228.02	2.406
228.24	2.397
228.46	2.392
228.68	2.369
228.90	2.344
229.12	2.315
229.33	2.311
229.55	2.322
229.77	2.313
229.99	2.312
230.21	2.282
230.42	2.287
230.64	2.282
230.86	2.283
231.08	2.279
231.30	2.249
231.51	2.219
231.73	2.207
231.95	2.199
232.17	2.188
232.38	2.171
232.60	2.148
232.82	2.131
233.04	2.104
233.26	2.088
233.47	2.085
233.69	2.060
233.91	2.028
234.13	2.015
234.35	1.997
234.56	1.991
234.78	1.964
235.00	1.955
235.22	1.941
235.43	1.917
235.65	1.903
235.87	1.897
236.09	1.879
236.30	1.859
236.52	1.842
236.74	1.836
236.96	1.825
237.18	1.812
237.39	1.798
237.61	1.781
237.83	1.764
238.05	1.754
238.26	1.745
238.48	1.736
238.70	1.725
238.92	1.713
239.13	1.701
239.35	1.692
239.57	1.683
239.79	1.675
240.00	1.668
240.22	1.660
240.44	1.651
240.66	1.638
240.87	1.632
241.09	1.619
241.31	1.609
241.53	1.604
241.74	1.596
241.96	1.584
242.18	1.574
242.40	1.568
242.61	1.564
242.83	1.552
243.05	1.549
243.27	1.545
243.48	1.539
243.70	1.533
243.92	1.526
244.13	1.521
244.35	1.511
244.57	1.504
244.79	1.503
245.00	1.501
245.22	1.497
245.44	1.496
245.65	1.491
245.87	1.487
246.09	1.483
246.31	1.484
246.52	1.482
246.74	1.475
246.96	1.470
247.18	1.467
247.39	1.461
247.61	1.460
247.83	1.460
248.04	1.460
248.26	1.455
248.48	1.451
248.69	1.452
248.91	1.448
249.13	1.445
249.35	1.441
249.56	1.437
249.78	1.433
250.00	1.430
250.21	1.428
250.43	1.425
250.65	1.421
250.86	1.422
251.08	1.417
251.30	1.416
251.51	1.414
251.73	1.414
251.95	1.411
252.17	1.409
252.38	1.410
252.60	1.409
252.82	1.406
253.03	1.408
253.25	1.406
253.47	1.407
253.68	1.404
253.90	1.402
254.12	1.402
254.33	1.398
254.55	1.397
254.77	1.398
254.98	1.396
255.20	1.395
255.42	1.393
255.63	1.390
255.85	1.389
256.07	1.387
256.28	1.389
256.50	1.388
256.72	1.384
256.93	1.381
257.15	1.380
257.37	1.379
257.58	1.381
257.80	1.383
258.02	1.382
258.23	1.380
258.45	1.380
258.67	1.381
258.88	1.382
259.10	1.383
259.32	1.382
259.53	1.380
259.75	1.377
259.96	1.378
260.18	1.376
260.40	1.375
260.61	1.372
260.83	1.372
261.05	1.369
261.26	1.368
261.48	1.367
261.70	1.365
261.91	1.361
262.13	1.361
262.34	1.361
262.56	1.361
262.78	1.360
262.99	1.359
263.21	1.359
263.43	1.358
263.64	1.357
263.86	1.358
264.07	1.356
264.29	1.355
264.51	1.351
264.72	1.351
264.94	1.349
265.16	1.344
265.37	1.342
265.59	1.341
265.80	1.340
266.02	1.337
266.24	1.334
266.45	1.333
266.67	1.331
266.88	1.328
267.10	1.330
267.32	1.328
267.53	1.325
267.75	1.323
267.96	1.321
268.18	1.321
268.40	1.319
268.61	1.317
268.83	1.317
269.04	1.313
269.26	1.311
269.48	1.309
269.69	1.306
269.91	1.303
270.12	1.301
270.34	1.298
270.56	1.294
270.77	1.291
270.99	1.289
271.20	1.287
271.42	1.287
271.64	1.284
271.85	1.282
272.07	1.280
272.28	1.278
272.50	1.276
272.71	1.275
272.93	1.272
273.15	1.269
273.36	1.262
273.58	1.259
273.79	1.256
274.01	1.252
274.22	1.248
274.44	1.244
274.66	1.240
274.87	1.236
275.09	1.233
275.30	1.232
275.52	1.227
275.73	1.224
275.95	1.220
276.16	1.215
276.38	1.211
276.60	1.206
276.81	1.201
277.03	1.198
277.24	1.194
277.46	1.190
277.67	1.185
277.89	1.183
278.10	1.180
278.32	1.176
278.53	1.173
278.75	1.168
278.97	1.163
279.18	1.158
279.40	1.154
279.61	1.149
279.83	1.144
280.04	1.138
280.26	1.134
280.47	1.129
280.69	1.124
280.90	1.119
281.12	1.114
281.33	1.111
281.55	1.106
281.76	1.100
281.98	1.096
282.20	1.090
282.41	1.085
282.63	1.080
282.84	1.072
283.06	1.066
283.27	1.059
283.49	1.052
283.70	1.046
283.92	1.040
284.13	1.035
284.35	1.029
284.56	1.023
284.78	1.018
284.99	1.013
285.21	1.006
285.42	1.000
285.64	0.994
285.85	0.986
286.07	0.980
286.28	0.973
286.50	0.965
286.71	0.959
286.93	0.952
287.14	0.946
287.36	0.939
287.57	0.932
287.79	0.926
288.00	0.918
288.22	0.912
288.43	0.905
288.65	0.898
288.86	0.891
289.08	0.885
289.29	0.878
289.51	0.871
289.72	0.864
289.94	0.858
290.15	0.851
290.37	0.844
290.58	0.838
290.80	0.832
291.01	0.826
291.22	0.819
291.44	0.813
291.65	0.806
291.87	0.800
292.08	0.794
292.30	0.788
292.51	0.782
292.73	0.776
292.94	0.770
293.16	0.765
293.37	0.759
293.59	0.754
293.80	0.749
294.02	0.744
294.23	0.738
294.44	0.733
294.66	0.728
294.87	0.722
295.09	0.717
295.30	0.712
295.52	0.707
295.73	0.700
295.95	0.696
296.16	0.691
296.37	0.686
296.59	0.680
296.80	0.676
297.02	0.670
297.23	0.666
297.45	0.662
297.66	0.658
297.88	0.653
298.09	0.648
298.30	0.644
298.52	0.640
298.73	0.636
298.95	0.632
299.16	0.627
299.38	0.622
299.59	0.617
299.80	0.613
300.02	0.609
300.23	0.604
300.45	0.600
300.66	0.596
300.88	0.592
301.09	0.588
301.30	0.584
301.52	0.580
301.73	0.576
301.95	0.572
302.16	0.568
302.37	0.565
302.59	0.561
302.80	0.557
303.02	0.554
303.23	0.550
303.45	0.547
303.66	0.543
303.87	0.540
304.09	0.537
304.30	0.534
304.52	0.530
304.73	0.527
304.94	0.524
305.16	0.521
305.37	0.518
305.59	0.515
305.80	0.512
306.01	0.509
306.23	0.506
306.44	0.503
306.65	0.501
306.87	0.498
307.08	0.495
307.30	0.493
307.51	0.490
307.72	0.487
307.94	0.484
308.15	0.481
308.37	0.479
308.58	0.476
308.79	0.474
309.01	0.472
309.22	0.469
309.43	0.466
309.65	0.463
309.86	0.460
310.07	0.458
310.29	0.455
310.50	0.452
310.72	0.449
310.93	0.445
311.14	0.442
311.36	0.440
311.57	0.437
311.78	0.434
312.00	0.431
312.21	0.429
312.42	0.427
312.64	0.425
312.85	0.423
313.07	0.420
313.28	0.418
313.49	0.416
313.71	0.414
313.92	0.413
314.13	0.410
314.35	0.408
314.56	0.405
314.77	0.403
314.99	0.402
315.20	0.400
315.41	0.397
315.63	0.396
315.84	0.393
316.05	0.392
316.27	0.390
316.48	0.387
316.69	0.386
316.91	0.384
317.12	0.382
317.33	0.379
317.55	0.378
317.76	0.376
317.97	0.373
318.19	0.371
318.40	0.369
318.61	0.368
318.83	0.366
319.04	0.364
319.25	0.362
319.47	0.360
319.68	0.358
319.89	0.356
320.10	0.354
320.32	0.352
320.53	0.350
320.74	0.348
320.96	0.346
321.17	0.345
321.38	0.344
321.60	0.342
321.81	0.341
322.02	0.339
322.24	0.338
322.45	0.336
322.66	0.334
322.87	0.332
323.09	0.330
323.30	0.328
323.51	0.326
323.73	0.324
323.94	0.323
324.15	0.321
324.36	0.319
324.58	0.318
324.79	0.316
325.00	0.315
325.22	0.314
325.43	0.312
325.64	0.311
325.85	0.309
326.07	0.308
326.28	0.307
326.49	0.305
326.71	0.303
326.92	0.302
327.13	0.300
327.34	0.299
327.56	0.297
327.77	0.295
327.98	0.293
328.19	0.292
328.41	0.291
328.62	0.290
328.83	0.288
329.04	0.287
329.26	0.285
329.47	0.284
329.68	0.283
329.90	0.281
330.11	0.280
330.32	0.278
330.53	0.276
330.75	0.275
330.96	0.274
331.17	0.272
331.38	0.271
331.60	0.270
331.81	0.269
332.02	0.267
332.23	0.265
332.44	0.264
332.66	0.263
332.87	0.262
333.08	0.260
333.29	0.259
333.51	0.258
333.72	0.256
333.93	0.256
334.14	0.255
334.36	0.253
334.57	0.252
334.78	0.251
334.99	0.249
335.21	0.248
335.42	0.247
335.63	0.246
335.84	0.244
336.05	0.244
336.27	0.243
336.48	0.242
336.69	0.240
336.90	0.240
337.11	0.238
337.33	0.237
337.54	0.236
337.75	0.235
337.96	0.233
338.18	0.232
338.39	0.231
338.60	0.230
338.81	0.228
339.02	0.227
339.24	0.226
339.45	0.225
339.66	0.224
339.87	0.224
340.08	0.222
340.30	0.221
340.51	0.220
340.72	0.220
340.93	0.219
341.14	0.217
341.36	0.216
341.57	0.214
341.78	0.212
341.99	0.211
342.20	0.210
342.41	0.209
342.63	0.208
342.84	0.207
343.05	0.206
343.26	0.205
343.47	0.205
343.69	0.204
343.90	0.203
344.11	0.202
344.32	0.201
344.53	0.201
344.74	0.199
344.96	0.198
345.17	0.197
345.38	0.196
345.59	0.195
345.80	0.194
346.01	0.194
346.23	0.192
346.44	0.191
346.65	0.190
346.86	0.189
347.07	0.188
347.28	0.187
347.50	0.185
347.71	0.185
347.92	0.184
348.13	0.183
348.34	0.183
348.55	0.183
348.76	0.182
348.98	0.181
349.19	0.180
349.40	0.179
349.61	0.178
349.82	0.177
350.03	0.176
350.24	0.175
350.46	0.173
350.67	0.172
350.88	0.171
351.09	0.170
351.30	0.169
351.51	0.168
351.72	0.167
351.93	0.167
352.15	0.167
352.36	0.166
352.57	0.166
352.78	0.165
352.99	0.165
353.20	0.164
353.41	0.163
353.62	0.162
353.84	0.161
354.05	0.160
354.26	0.159
354.47	0.158
354.68	0.157
354.89	0.156
355.10	0.156
355.31	0.155
355.52	0.155
355.74	0.153
355.95	0.153
356.16	0.152
356.37	0.151
356.58	0.150
356.79	0.150
357.00	0.149
357.21	0.149
357.42	0.147
357.63	0.147
357.85	0.146
358.06	0.145
358.27	0.145
358.48	0.144
358.69	0.143
358.90	0.142
359.11	0.141
359.32	0.141
359.53	0.140
359.74	0.140
359.95	0.139
360.17	0.138
360.38	0.137
360.59	0.136
360.80	0.136
361.01	0.135
361.22	0.135
361.43	0.134
361.64	0.133
361.85	0.132
362.06	0.131
362.27	0.131
362.48	0.130
362.69	0.130
362.90	0.129
363.12	0.128
363.33	0.128
363.54	0.127
363.75	0.126
363.96	0.125
364.17	0.125
364.38	0.124
364.59	0.124
364.80	0.123
365.01	0.123
365.22	0.122
365.43	0.121
365.64	0.121
365.85	0.120
366.06	0.120
366.27	0.119
366.48	0.119
366.69	0.118
366.90	0.117
367.11	0.116
367.32	0.115
367.54	0.115
367.75	0.114
367.96	0.113
368.17	0.112
368.38	0.112
368.59	0.111
368.80	0.111
369.01	0.110
369.22	0.110
369.43	0.109
369.64	0.108
369.85	0.108
370.06	0.107
370.27	0.106
370.48	0.106
370.69	0.105
370.90	0.105
371.11	0.104
371.32	0.104
371.53	0.103
371.74	0.103
371.95	0.102
372.16	0.102
372.37	0.101
372.58	0.101
372.79	0.100
373.00	0.100
373.21	0.100
373.42	0.100
373.63	0.099
373.84	0.098
374.05	0.098
374.26	0.098
374.47	0.098
374.68	0.097
374.89	0.096
375.10	0.095
375.31	0.095
375.52	0.095
375.73	0.094
375.94	0.093
376.15	0.093
376.36	0.092
376.57	0.092
376.78	0.092
376.99	0.091
377.20	0.090
377.41	0.090
377.62	0.089
377.83	0.090
378.04	0.090
378.25	0.089
378.46	0.089
378.67	0.088
378.88	0.088
379.09	0.087
379.30	0.087
379.51	0.086
379.72	0.085
379.92	0.084
380.13	0.084
380.34	0.084
380.55	0.083
380.76	0.083
380.97	0.082
381.18	0.082
381.39	0.081
381.60	0.081
381.81	0.081
382.02	0.080
382.23	0.080
382.44	0.080
382.65	0.080
382.86	0.080
383.07	0.079
383.28	0.079
383.49	0.078
383.70	0.078
383.91	0.078
384.11	0.077
384.32	0.077
384.53	0.076
384.74	0.075
384.95	0.075
385.16	0.074
385.37	0.074
385.58	0.074
385.79	0.073
386.00	0.073
386.21	0.072
386.42	0.073
386.63	0.072
386.84	0.072
387.04	0.071
387.25	0.071
387.46	0.071
387.67	0.070
387.88	0.070
388.09	0.070
388.30	0.069
388.51	0.069
388.72	0.069
388.93	0.068
389.14	0.068
389.34	0.068
389.55	0.068
389.76	0.068
389.97	0.068
390.18	0.068
390.39	0.068
390.60	0.068
390.81	0.068
391.02	0.068
391.23	0.067
391.43	0.067
391.64	0.067
391.85	0.066
392.06	0.065
392.27	0.064
392.48	0.064
392.69	0.064
392.90	0.063
393.11	0.062
393.31	0.062
393.52	0.062
393.73	0.061
393.94	0.062
394.15	0.062
394.36	0.062
394.57	0.061
394.78	0.061
394.98	0.061
395.19	0.061
395.40	0.060
395.61	0.060
395.82	0.059
396.03	0.059
396.24	0.059
396.44	0.059
396.65	0.059
396.86	0.060
397.07	0.060
397.28	0.060
397.49	0.060
397.70	0.059
397.90	0.058
398.11	0.058
398.32	0.058
398.53	0.057
398.74	0.056
398.95	0.056
399.16	0.056
399.36	0.056
399.57	0.056
399.78	0.056
399.99	0.056
400.20	0.055
400.41	0.056
400.61	0.056
400.82	0.056
401.03	0.054
401.24	0.054
401.45	0.055
401.66	0.055
401.86	0.054
402.07	0.054
402.28	0.054
402.49	0.054
402.70	0.053
402.91	0.053
403.11	0.052
403.32	0.052
403.53	0.052
403.74	0.051
403.95	0.051
404.15	0.050
404.36	0.050
404.57	0.050
404.78	0.050
404.99	0.050
405.20	0.050
405.40	0.050
405.61	0.050
405.82	0.050
406.03	0.050
406.24	0.050
406.44	0.051
406.65	0.051
406.86	0.050
407.07	0.050
407.28	0.050
407.48	0.050
407.69	0.050
407.90	0.049
408.11	0.049
408.32	0.048
408.52	0.048
408.73	0.047
408.94	0.048
409.15	0.047
409.35	0.047
409.56	0.047
409.77	0.047
409.98	0.047
410.19	0.047
410.39	0.047
410.60	0.047
410.81	0.047
411.02	0.046
411.22	0.046
411.43	0.045
411.64	0.046
411.85	0.046
412.05	0.045
412.26	0.045
412.47	0.045
412.68	0.044
412.89	0.044
413.09	0.044
413.30	0.044
413.51	0.044
413.72	0.044
413.92	0.044
414.13	0.043
414.34	0.043
414.55	0.043
414.75	0.043
414.96	0.043
415.17	0.044
415.38	0.044
415.58	0.044
415.79	0.043
416.00	0.043
416.21	0.044
416.41	0.044
416.62	0.043
416.83	0.043
417.03	0.043
417.24	0.042
417.45	0.042
417.66	0.043
417.86	0.042
418.07	0.042
418.28	0.042
418.49	0.042
418.69	0.042
418.90	0.042
419.11	0.042
419.31	0.042
419.52	0.041
419.73	0.041
419.94	0.041
420.14	0.041
420.35	0.041
420.56	0.041
420.76	0.040
420.97	0.039
421.18	0.039
421.39	0.039
421.59	0.039
421.80	0.039
422.01	0.038
422.21	0.038
422.42	0.038
422.63	0.039
422.84	0.039
423.04	0.039
423.25	0.040
423.46	0.040
423.66	0.040
423.87	0.040
424.08	0.040
424.28	0.039
424.49	0.038
424.70	0.038
424.90	0.037
425.11	0.037
425.32	0.037
425.52	0.036
425.73	0.036
425.94	0.036
426.15	0.036
426.35	0.037
426.56	0.037
426.77	0.037
426.97	0.036
427.18	0.036
427.39	0.036
427.59	0.036
427.80	0.036
428.01	0.036
428.21	0.035
428.42	0.036
428.63	0.036
428.83	0.035
429.04	0.035
429.25	0.035
429.45	0.034
429.66	0.034
429.87	0.034
430.07	0.034
430.28	0.034
430.48	0.034
430.69	0.034
430.90	0.034
431.10	0.034
431.31	0.034
431.52	0.034
431.72	0.034
431.93	0.033
432.14	0.033
432.34	0.033
432.55	0.033
432.76	0.033
432.96	0.033
433.17	0.033
433.37	0.034
433.58	0.034
433.79	0.034
433.99	0.033
434.20	0.033
434.41	0.033
434.61	0.034
434.82	0.034
435.02	0.034
435.23	0.033
435.44	0.034
435.64	0.033
435.85	0.033
436.06	0.034
436.26	0.034
436.47	0.033
436.67	0.032
436.88	0.032
437.09	0.031
437.29	0.031
437.50	0.031
437.70	0.031
437.91	0.031
438.12	0.031
438.32	0.031
438.53	0.032
438.73	0.032
438.94	0.032
439.15	0.032
439.35	0.032
439.56	0.032
439.76	0.032
439.97	0.032
440.18	0.033
440.38	0.032
440.59	0.032
440.79	0.032
441.00	0.032
441.20	0.032
441.41	0.031
441.62	0.031
441.82	0.032
442.03	0.031
442.23	0.031
442.44	0.031
442.65	0.032
442.85	0.031
443.06	0.031
443.26	0.031
443.47	0.031
443.67	0.030
443.88	0.029
444.09	0.029
444.29	0.029
444.50	0.028
444.70	0.029
444.91	0.029
445.11	0.030
445.32	0.029
445.52	0.029
445.73	0.030
445.94	0.029
446.14	0.029
446.35	0.029
446.55	0.029
446.76	0.028
446.96	0.027
447.17	0.027
447.37	0.027
447.58	0.027
447.78	0.027
447.99	0.027
448.20	0.028
448.40	0.028
448.61	0.028
448.81	0.029
449.02	0.029
449.22	0.029
449.43	0.029
449.63	0.029
449.84	0.029
450.04	0.029
450.25	0.029
450.45	0.029
450.66	0.029
450.86	0.028
451.07	0.028
451.27	0.028
451.48	0.028
451.68	0.028
451.89	0.028
452.09	0.028
452.30	0.028
452.50	0.028
452.71	0.028
452.91	0.028
453.12	0.027
453.33	0.028
453.53	0.027
453.74	0.028
453.94	0.026
454.15	0.026
454.35	0.026
454.56	0.026
454.76	0.027
454.96	0.026
455.17	0.026
455.37	0.026
455.58	0.027
455.78	0.027
455.99	0.027
456.19	0.028
456.40	0.027
456.60	0.027
456.81	0.027
457.01	0.027
457.22	0.026
457.42	0.026
457.63	0.026
457.83	0.026
458.04	0.025
458.24	0.025
458.45	0.025
458.65	0.025
458.86	0.025
459.06	0.025
459.27	0.026
459.47	0.026
459.67	0.025
459.88	0.025
460.08	0.025
460.29	0.024
460.49	0.024
460.70	0.024
460.90	0.024
461.11	0.024
461.31	0.023
461.52	0.024
461.72	0.024
461.92	0.024
462.13	0.024
462.33	0.025
462.54	0.025
462.74	0.024
462.95	0.024
463.15	0.024
463.36	0.024
463.56	0.024
463.76	0.024
463.97	0.024
464.17	0.024
464.38	0.024
464.58	0.025
464.79	0.024
464.99	0.024
465.19	0.024
465.40	0.024
465.60	0.024
465.81	0.023
466.01	0.024
466.22	0.024
466.42	0.024
466.62	0.024
466.83	0.024
467.03	0.024
467.24	0.024
467.44	0.024
467.65	0.024
467.85	0.024
468.05	0.024
468.26	0.024
468.46	0.024
468.67	0.025
468.87	0.025
469.07	0.025
469.28	0.025
469.48	0.025
469.69	0.025
469.89	0.025
470.09	0.025
470.30	0.026
470.50	0.025
470.71	0.025
470.91	0.025
471.11	0.025
471.32	0.024
471.52	0.025
471.72	0.025
471.93	0.025
472.13	0.025
472.34	0.025
472.54	0.024
472.74	0.025
472.95	0.024
473.15	0.024
473.35	0.024
473.56	0.023
473.76	0.023
473.97	0.023
474.17	0.022
474.37	0.022
474.58	0.022
474.78	0.022
474.98	0.022
475.19	0.022
475.39	0.023
475.60	0.023
475.80	0.023
476.00	0.023
476.21	0.023
476.41	0.023
476.61	0.022
476.82	0.022
477.02	0.022
477.22	0.021
477.43	0.021
477.63	0.021
477.83	0.020
478.04	0.021
478.24	0.021
478.44	0.022
478.65	0.022
478.85	0.022
479.05	0.023
479.26	0.023
479.46	0.023
479.66	0.023
479.87	0.023
480.07	0.023
480.27	0.022
480.48	0.023
480.68	0.022
480.88	0.022
481.09	0.022
481.29	0.022
481.49	0.022
481.70	0.022
481.90	0.021
482.10	0.021
482.31	0.021
482.51	0.020
482.71	0.021
482.92	0.021
483.12	0.021
483.32	0.021
483.52	0.021
483.73	0.021
483.93	0.021
484.13	0.021
484.34	0.022
484.54	0.021
484.74	0.021
484.95	0.021
485.15	0.021
485.35	0.021
485.55	0.021
485.76	0.021
485.96	0.021
486.16	0.021
486.37	0.021
486.57	0.021
486.77	0.020
486.97	0.020
487.18	0.020
487.38	0.020
487.58	0.020
487.79	0.021
487.99	0.021
488.19	0.021
488.39	0.021
488.60	0.021
488.80	0.021
489.00	0.021
489.20	0.020
489.41	0.020
489.61	0.020
489.81	0.019
490.02	0.019
490.22	0.019
490.42	0.019
490.62	0.019
490.83	0.019
491.03	0.020
491.23	0.020
491.43	0.020
491.64	0.020
491.84	0.020
492.04	0.020
492.24	0.020
492.45	0.020
492.65	0.021
492.85	0.021
493.05	0.021
493.26	0.021
493.46	0.021
493.66	0.020
493.86	0.020
494.07	0.020
494.27	0.020
494.47	0.020
494.67	0.020
494.87	0.019
495.08	0.020
495.28	0.020
495.48	0.020
495.68	0.020
495.89	0.020
496.09	0.020
496.29	0.020
496.49	0.020
496.69	0.020
496.90	0.020
497.10	0.019
497.30	0.019
497.50	0.019
497.71	0.019
497.91	0.019
498.11	0.019
498.31	0.019
498.51	0.019
498.72	0.019
498.92	0.019
499.12	0.019
499.32	0.019
499.52	0.019
499.73	0.020
499.93	0.019
500.13	0.020
500.33	0.020
500.53	0.020
500.74	0.020
500.94	0.019
501.14	0.019
501.34	0.019
501.54	0.019
501.74	0.018
501.95	0.019
502.15	0.019
502.35	0.019
502.55	0.019
502.75	0.019
502.96	0.020
503.16	0.020
503.36	0.020
503.56	0.021
503.76	0.020
503.96	0.020
504.17	0.020
504.37	0.019
504.57	0.019
504.77	0.019
504.97	0.019
505.17	0.018
505.38	0.018
505.58	0.018
505.78	0.018
505.98	0.019
506.18	0.019
506.38	0.019
506.58	0.018
506.79	0.018
506.99	0.019
507.19	0.019
507.39	0.019
507.59	0.018
507.79	0.018
507.99	0.018
508.20	0.018
508.40	0.018
508.60	0.018
508.80	0.018
509.00	0.018
509.20	0.019
509.40	0.019
509.61	0.019
509.81	0.019
510.01	0.019
510.21	0.018
510.41	0.019
510.61	0.018
510.81	0.018
511.01	0.017
511.22	0.017
511.42	0.017
511.62	0.018
511.82	0.017
512.02	0.017
512.22	0.017
512.42	0.018
512.62	0.017
512.82	0.018
513.03	0.018
513.23	0.018
513.43	0.017
513.63	0.017
513.83	0.018
514.03	0.018
514.23	0.018
514.43	0.018
514.63	0.017
514.83	0.018
515.04	0.017
515.24	0.017
515.44	0.018
515.64	0.017
515.84	0.017
516.04	0.018
516.24	0.018
516.44	0.018
516.64	0.018
516.84	0.018
517.04	0.018
517.24	0.018
517.45	0.018
517.65	0.017
517.85	0.017
518.05	0.017
518.25	0.016
518.45	0.016
518.65	0.016
518.85	0.016
519.05	0.016
519.25	0.016
519.45	0.016
519.65	0.017
519.85	0.017
520.05	0.017
520.25	0.017
520.46	0.018
520.66	0.018
520.86	0.018
521.06	0.018
521.26	0.018
521.46	0.017
521.66	0.018
521.86	0.018
522.06	0.018
522.26	0.018
522.46	0.018
522.66	0.018
522.86	0.017
523.06	0.017
523.26	0.017
523.46	0.017
523.66	0.017
523.86	0.016
524.06	0.016
524.26	0.016
524.46	0.016
524.66	0.017
524.86	0.016
525.06	0.016
525.26	0.017
525.46	0.017
525.66	0.017
525.87	0.018
526.07	0.017
526.27	0.017
526.47	0.017
526.67	0.017
526.87	0.017
527.07	0.017
527.27	0.017
527.47	0.017
527.67	0.017
527.87	0.017
528.07	0.017
528.27	0.017
528.47	0.017
528.67	0.016
528.87	0.016
529.07	0.016
529.27	0.015
529.47	0.015
529.67	0.015
529.87	0.015
530.07	0.015
530.27	0.015
530.47	0.015
530.67	0.015
530.87	0.015
531.06	0.015
531.26	0.016
531.46	0.016
531.66	0.017
531.86	0.017
532.06	0.017
532.26	0.017
532.46	0.018
532.66	0.018
532.86	0.018
533.06	0.017
533.26	0.017
533.46	0.017
533.66	0.016
533.86	0.015
534.06	0.015
534.26	0.015
534.46	0.015
534.66	0.015
534.86	0.016
535.06	0.016
535.26	0.015
535.46	0.016
535.66	0.016
535.86	0.017
536.06	0.016
536.26	0.017
536.45	0.017
536.65	0.016
536.85	0.017
537.05	0.017
537.25	0.016
537.45	0.016
537.65	0.016
537.85	0.016
538.05	0.016
538.25	0.016
538.45	0.015
538.65	0.015
538.85	0.015
539.05	0.015
539.25	0.015
539.44	0.015
539.64	0.015
539.84	0.014
540.04	0.015
540.24	0.015
540.44	0.015
540.64	0.016
540.84	0.016
541.04	0.016
541.24	0.016
541.44	0.016
541.64	0.017
541.83	0.017
542.03	0.016
542.23	0.016
542.43	0.015
542.63	0.016
542.83	0.015
543.03	0.016
543.23	0.016
543.43	0.016
543.63	0.016
543.82	0.015
544.02	0.016
544.22	0.016
544.42	0.016
544.62	0.015
544.82	0.015
545.02	0.015
545.22	0.015
545.42	0.015
545.61	0.014
545.81	0.014
546.01	0.014
546.21	0.014
546.41	0.014
546.61	0.014
546.81	0.014
547.01	0.014
547.20	0.014
547.40	0.014
547.60	0.014
547.80	0.014
548.00	0.014
548.20	0.014
548.40	0.014
548.59	0.013
548.79	0.013
548.99	0.013
549.19	0.014
549.39	0.014
549.59	0.014
549.79	0.014
549.98	0.014
550.18	0.014
550.38	0.014
550.58	0.015
550.78	0.015
550.98	0.015
551.17	0.014
551.37	0.015
551.57	0.015
551.77	0.015
551.97	0.014
552.17	0.014
552.36	0.014
552.56	0.014
552.76	0.014
552.96	0.014
553.16	0.014
553.36	0.014
553.55	0.014
553.75	0.014
553.95	0.014
554.15	0.014
554.35	0.014
554.55	0.014
554.74	0.014
554.94	0.014
555.14	0.014
555.34	0.014
555.54	0.014
555.73	0.014
555.93	0.014
556.13	0.014
556.33	0.014
556.53	0.014
556.72	0.014
556.92	0.013
557.12	0.013
557.32	0.013
557.52	0.013
557.71	0.014
557.91	0.014
558.11	0.014
558.31	0.015
558.51	0.015
558.70	0.015
558.90	0.015
559.10	0.015
559.30	0.015
559.49	0.015
559.69	0.014
559.89	0.015
560.09	0.014
560.29	0.014
560.48	0.014
560.68	0.014
560.88	0.014
561.08	0.014
561.27	0.014
561.47	0.014
561.67	0.014
561.87	0.014
562.06	0.014
562.26	0.015
562.46	0.015
562.66	0.015
562.86	0.015
563.05	0.015
563.25	0.015
563.45	0.014
563.65	0.015
563.84	0.014
564.04	0.014
564.24	0.014
564.44	0.015
564.63	0.014
564.83	0.014
565.03	0.014
565.22	0.014
565.42	0.015
565.62	0.015
565.82	0.014
566.01	0.014
566.21	0.015
566.41	0.015
566.61	0.015
566.80	0.014
567.00	0.014
567.20	0.014
567.40	0.014
567.59	0.014
567.79	0.014
567.99	0.013
568.18	0.014
568.38	0.014
568.58	0.014
568.78	0.014
568.97	0.014
569.17	0.014
569.37	0.014
569.56	0.014
569.76	0.015
569.96	0.014
570.16	0.014
570.35	0.013
570.55	0.013
570.75	0.013
570.94	0.013
571.14	0.013
571.34	0.013
571.53	0.013
571.73	0.013
571.93	0.013
572.12	0.013
572.32	0.013
572.52	0.013
572.72	0.014
572.91	0.014
573.11	0.013
573.31	0.013
573.50	0.013
573.70	0.014
573.90	0.014
574.09	0.014
574.29	0.014
574.49	0.013
574.68	0.013
574.88	0.014
575.08	0.013
575.27	0.013
575.47	0.013
575.67	0.013
575.86	0.013
576.06	0.013
576.26	0.013
576.45	0.013
576.65	0.013
576.85	0.013
577.04	0.012
577.24	0.012
577.44	0.012
577.63	0.012
577.83	0.012
578.02	0.012
578.22	0.012
578.42	0.012
578.61	0.012
578.81	0.012
579.01	0.013
579.20	0.013
579.40	0.013
579.60	0.014
579.79	0.014
579.99	0.014
580.19	0.013
580.38	0.013
580.58	0.012
580.77	0.012
580.97	0.012
581.17	0.011
581.36	0.011
581.56	0.011
581.75	0.011
581.95	0.011
582.15	0.012
582.34	0.012
582.54	0.012
582.74	0.013
582.93	0.013
583.13	0.013
583.32	0.013
583.52	0.013
583.72	0.014
583.91	0.013
584.11	0.013
584.30	0.013
584.50	0.013
584.70	0.013
584.89	0.013
585.09	0.013
585.28	0.013
585.48	0.013
585.68	0.013
585.87	0.013
586.07	0.013
586.26	0.013
586.46	0.012
586.66	0.012
586.85	0.012
587.05	0.012
587.24	0.012
587.44	0.012
587.63	0.012
587.83	0.012
588.03	0.012
588.22	0.013
588.42	0.013
588.61	0.013
588.81	0.012
589.00	0.013
589.20	0.012
589.40	0.012
589.59	0.012
589.79	0.012
589.98	0.012
590.18	0.012
590.37	0.012
590.57	0.013
590.76	0.012
590.96	0.013
591.16	0.013
591.35	0.013
591.55	0.014
591.74	0.013
591.94	0.013
592.13	0.013
592.33	0.013
592.52	0.012
592.72	0.012
592.91	0.012
593.11	0.012
593.30	0.011
593.50	0.012
593.70	0.012
593.89	0.012
594.09	0.012
594.28	0.012
594.48	0.012
594.67	0.012
594.87	0.013
595.06	0.012
595.26	0.013
595.45	0.013
595.65	0.013
595.84	0.013
596.04	0.013
596.23	0.013
596.43	0.013
596.62	0.013
596.82	0.013
597.01	0.013
597.21	0.013
597.40	0.014
597.60	0.013
597.79	0.013
597.99	0.014
598.18	0.014
598.38	0.013
598.57	0.013
598.77	0.013
598.96	0.012
599.16	0.012
599.35	0.011
599.55	0.011
599.74	0.011
599.94	0.011
600.13	0.011
600.33	0.011
600.52	0.011
600.72	0.011
600.91	0.011
601.11	0.012
601.30	0.012
601.50	0.012
601.69	0.012
601.89	0.011
602.08	0.011
602.27	0.011
602.47	0.011
602.66	0.011
602.86	0.011
603.05	0.011
603.25	0.011
603.44	0.011
603.64	0.011
603.83	0.011
604.03	0.011
604.22	0.011
604.41	0.012
604.61	0.011
604.80	0.012
605.00	0.012
605.19	0.011
605.39	0.011
605.58	0.012
605.78	0.012
605.97	0.012
606.16	0.011
606.36	0.011
606.55	0.011
606.75	0.011
606.94	0.011
607.14	0.011
607.33	0.010
607.52	0.010
607.72	0.010
607.91	0.010
608.11	0.010
608.30	0.010
608.50	0.011
608.69	0.011
608.88	0.011
609.08	0.012
609.27	0.012
609.47	0.011
609.66	0.011
609.85	0.011
610.05	0.011
610.24	0.011
610.44	0.011
610.63	0.011
610.83	0.011
611.02	0.011
611.21	0.012
611.41	0.012
611.60	0.012
611.80	0.013
611.99	0.012
612.18	0.012
612.38	0.012
612.57	0.012
612.76	0.012
612.96	0.012
613.15	0.012
613.35	0.012
613.54	0.012
613.73	0.012
613.93	0.012
614.12	0.012
614.32	0.011
614.51	0.011
614.70	0.011
614.90	0.011
615.09	0.011
615.28	0.011
615.48	0.011
615.67	0.011
615.86	0.011
616.06	0.012
616.25	0.012
616.45	0.012
616.64	0.012
616.83	0.012
617.03	0.012
617.22	0.012
617.41	0.012
617.61	0.012
617.80	0.011
617.99	0.011
618.19	0.011
618.38	0.011
618.57	0.011
618.77	0.011
618.96	0.011
619.15	0.011
619.35	0.010
619.54	0.010
619.73	0.011
619.93	0.011
620.12	0.011
620.31	0.011
620.51	0.011
620.70	0.011
620.89	0.011
621.09	0.011
621.28	0.011
621.47	0.011
621.67	0.010
621.86	0.010
622.05	0.010
622.25	0.010
622.44	0.010
622.63	0.011
622.83	0.010
623.02	0.011
623.21	0.011
623.41	0.011
623.60	0.011
623.79	0.011
623.98	0.011
624.18	0.011
624.37	0.011
624.56	0.011
624.76	0.011
624.95	0.011
625.14	0.011
625.33	0.011
625.53	0.011
625.72	0.011
625.91	0.011
626.11	0.011
626.30	0.011
626.49	0.011
626.68	0.011
626.88	0.011
627.07	0.011
627.26	0.011
627.46	0.011
627.65	0.011
627.84	0.011
628.03	0.011
628.23	0.011
628.42	0.011
628.61	0.011
628.80	0.011
629.00	0.011
629.19	0.011
629.38	0.011
629.58	0.010
629.77	0.010
629.96	0.010
630.15	0.010
630.35	0.011
630.54	0.010
630.73	0.010
630.92	0.010
631.12	0.011
631.31	0.010
631.50	0.011
631.69	0.010
631.89	0.010
632.08	0.010
632.27	0.010
632.46	0.010
632.65	0.010
632.85	0.010
633.04	0.010
633.23	0.010
633.42	0.011
633.62	0.011
633.81	0.011
634.00	0.011
634.19	0.011
634.39	0.011
634.58	0.011
634.77	0.011
634.96	0.012
635.15	0.012
635.35	0.012
635.54	0.011
635.73	0.011
635.92	0.011
636.11	0.011
636.31	0.011
636.50	0.011
636.69	0.011
636.88	0.011
637.07	0.011
637.27	0.011
637.46	0.011
637.65	0.011
637.84	0.011
638.03	0.011
638.23	0.011
638.42	0.011
638.61	0.011
638.80	0.011
638.99	0.011
639.19	0.011
639.38	0.011
639.57	0.011
639.76	0.010
639.95	0.010
640.14	0.011
640.34	0.010
640.53	0.010
640.72	0.010
640.91	0.010
641.10	0.011
641.30	0.011
641.49	0.011
641.68	0.011
641.87	0.011
642.06	0.012
642.25	0.012
642.44	0.012
642.64	0.012
642.83	0.011
643.02	0.012
643.21	0.011
643.40	0.011
643.59	0.011
643.79	0.011
643.98	0.010
644.17	0.010
644.36	0.010
644.55	0.011
644.74	0.010
644.93	0.010
645.13	0.010
645.32	0.010
645.51	0.010
645.70	0.011
645.89	0.011
646.08	0.010
646.27	0.010
646.46	0.010
646.66	0.010
646.85	0.011
647.04	0.011
647.23	0.011
647.42	0.010
647.61	0.011
647.80	0.011
647.99	0.011
648.19	0.011
648.38	0.011
648.57	0.011
648.76	0.011
648.95	0.011
649.14	0.011
649.33	0.010
649.52	0.010
649.71	0.010
649.91	0.010
650.10	0.010
650.29	0.010
650.48	0.009
650.67	0.009
650.86	0.009
651.05	0.010
651.24	0.010
651.43	0.011
651.62	0.010
651.81	0.010
652.01	0.010
652.20	0.010
652.39	0.010
652.58	0.010
652.77	0.010
652.96	0.009
653.15	0.009
653.34	0.009
653.53	0.009
653.72	0.010
653.91	0.011
654.10	0.011
654.29	0.012
654.48	0.012
654.68	0.011
654.87	0.011
655.06	0.010
655.25	0.010
655.44	0.010
655.63	0.009
655.82	0.009
656.01	0.008
656.20	0.008
656.39	0.008
656.58	0.009
656.77	0.010
656.96	0.010
657.15	0.010
657.34	0.010
657.53	0.010
657.72	0.010
657.91	0.010
658.10	0.010
658.29	0.010
658.48	0.011
658.68	0.011
658.87	0.010
659.06	0.011
659.25	0.011
659.44	0.011
659.63	0.012
659.82	0.012
660.01	0.012
660.20	0.011
660.39	0.011
660.58	0.011
660.77	0.011
660.96	0.011
661.15	0.010
661.34	0.010
661.53	0.009
661.72	0.009
661.91	0.010
662.10	0.010
662.29	0.010
662.48	0.010
662.67	0.010
662.86	0.010
663.05	0.010
663.24	0.011
663.43	0.011
663.62	0.010
663.81	0.010
664.00	0.010
664.19	0.010
664.38	0.010
664.57	0.010
664.76	0.010
664.95	0.009
665.14	0.010
665.33	0.010
665.52	0.010
665.71	0.009
665.90	0.010
666.09	0.010
666.28	0.010
666.46	0.010
666.65	0.010
666.84	0.010
667.03	0.010
667.22	0.010
667.41	0.010
667.60	0.010
667.79	0.010
667.98	0.010
668.17	0.010
668.36	0.010
668.55	0.009
668.74	0.010
668.93	0.010
669.12	0.009
669.31	0.010
669.50	0.009
669.69	0.009
669.88	0.009
670.07	0.010
670.26	0.010
670.44	0.009
670.63	0.009
670.82	0.009
671.01	0.009
671.20	0.009
671.39	0.009
671.58	0.009
671.77	0.010
671.96	0.010
672.15	0.010
672.34	0.010
672.53	0.010
672.72	0.010
672.91	0.011
673.09	0.010
673.28	0.010
673.47	0.010
673.66	0.010
673.85	0.010
674.04	0.010
674.23	0.010
674.42	0.010
674.61	0.010
674.80	0.011
674.98	0.011
675.17	0.011
675.36	0.010
675.55	0.010
675.74	0.010
675.93	0.009
676.12	0.009
676.31	0.009
676.50	0.009
676.69	0.009
676.87	0.009
677.06	0.009
677.25	0.009
677.44	0.010
677.63	0.010
677.82	0.010
678.01	0.010
678.20	0.010
678.38	0.010
678.57	0.009
678.76	0.009
678.95	0.009
679.14	0.009
679.33	0.009
679.52	0.009
679.71	0.009
679.89	0.010
680.08	0.010
680.27	0.010
680.46	0.010
680.65	0.010
680.84	0.010
681.02	0.010
681.21	0.010
681.40	0.010
681.59	0.010
681.78	0.010
681.97	0.010
682.16	0.010
682.34	0.010
682.53	0.010
682.72	0.010
682.91	0.010
683.10	0.010
683.29	0.010
683.47	0.010
683.66	0.009
683.85	0.009
684.04	0.009
684.23	0.009
684.42	0.010
684.60	0.010
684.79	0.010
684.98	0.010
685.17	0.010
685.36	0.010
685.54	0.010
685.73	0.010
685.92	0.010
686.11	0.009
686.30	0.009
686.49	0.009
686.67	0.009
686.86	0.009
687.05	0.008
687.24	0.008
687.43	0.008
687.61	0.009
687.80	0.009
687.99	0.009
688.18	0.009
688.36	0.009
688.55	0.009
688.74	0.009
688.93	0.009
689.12	0.009
689.30	0.009
689.49	0.009
689.68	0.009
689.87	0.010
690.06	0.010
690.24	0.010
690.43	0.010
690.62	0.010
690.81	0.010
690.99	0.010
691.18	0.009
691.37	0.010
691.56	0.009
691.74	0.009
691.93	0.009
692.12	0.010
692.31	0.010
692.50	0.009
692.68	0.009
692.87	0.010
693.06	0.010
693.25	0.010
693.43	0.010
693.62	0.009
693.81	0.009
694.00	0.009
694.18	0.009
694.37	0.009
694.56	0.009
694.74	0.009
694.93	0.010
695.12	0.010
695.31	0.010
695.49	0.010
695.68	0.010
695.87	0.010
696.06	0.010
696.24	0.010
696.43	0.010
696.62	0.010
696.80	0.010
696.99	0.009
697.18	0.010
697.37	0.009
697.55	0.009
697.74	0.009
697.93	0.009
698.12	0.009
698.30	0.009
698.49	0.009
698.68	0.009
698.86	0.009
699.05	0.009
699.24	0.009
699.42	0.009
699.61	0.009
699.80	0.009
699.99	0.009
700.17	0.009
700.36	0.009
700.55	0.009
700.73	0.009
700.92	0.008
701.11	0.008
701.29	0.008
701.48	0.008
701.67	0.008
701.85	0.008
702.04	0.008
702.23	0.008
702.41	0.008
702.60	0.008
702.79	0.008
702.97	0.008
703.16	0.008
703.35	0.009
703.53	0.009
703.72	0.009
703.91	0.009
704.09	0.010
704.28	0.010
704.47	0.010
704.65	0.010
704.84	0.010
705.03	0.009
705.21	0.009
705.40	0.009
705.59	0.009
705.77	0.009
705.96	0.009
706.15	0.009
706.33	0.009
706.52	0.009
706.71	0.009
706.89	0.009
707.08	0.009
707.26	0.009
707.45	0.009
707.64	0.009
707.82	0.009
708.01	0.009
708.20	0.009
708.38	0.009
708.57	0.009
708.75	0.009
708.94	0.009
709.13	0.009
709.31	0.009
709.50	0.009
709.69	0.009
709.87	0.009
710.06	0.009
710.24	0.008
710.43	0.009
710.62	0.009
710.80	0.009
710.99	0.009
711.17	0.009
711.36	0.009
711.55	0.008
711.73	0.008
711.92	0.009
712.10	0.008
712.29	0.008
712.48	0.008
712.66	0.007
712.85	0.008
713.03	0.008
713.22	0.009
713.40	0.009
713.59	0.009
713.78	0.009
713.96	0.009
714.15	0.009
714.33	0.009
714.52	0.009
714.71	0.008
714.89	0.008
715.08	0.008
715.26	0.008
715.45	0.008
715.63	0.008
715.82	0.008
716.00	0.008
716.19	0.008
716.38	0.008
716.56	0.008
716.75	0.008
716.93	0.008
717.12	0.009
717.30	0.009
717.49	0.008
717.67	0.008
717.86	0.008
718.05	0.008
718.23	0.008
718.42	0.009
718.60	0.009
718.79	0.009
718.97	0.009
719.16	0.009
719.34	0.009
719.53	0.009
719.71	0.010
719.90	0.010
720.08	0.010
720.27	0.010
720.45	0.010
720.64	0.010
720.83	0.010
721.01	0.009
721.20	0.009
721.38	0.008
721.57	0.008
721.75	0.008
721.94	0.009
722.12	0.008
722.31	0.008
722.49	0.008
722.68	0.008
722.86	0.009
723.05	0.009
723.23	0.009
723.42	0.009
723.60	0.009
723.79	0.009
723.97	0.009
724.16	0.009
724.34	0.009
724.53	0.009
724.71	0.010
724.90	0.010
725.08	0.009
725.27	0.010
725.45	0.010
725.64	0.010
725.82	0.010
726.00	0.010
726.19	0.010
726.37	0.009
726.56	0.009
726.74	0.009
726.93	0.009
727.11	0.008
727.30	0.008
727.48	0.008
727.67	0.008
727.85	0.008
728.04	0.008
728.22	0.009
728.40	0.008
728.59	0.008
728.77	0.008
728.96	0.008
729.14	0.008
729.33	0.008
729.51	0.008
729.70	0.009
729.88	0.009
730.07	0.009
730.25	0.009
730.43	0.009
730.62	0.009
730.80	0.009
730.99	0.009
731.17	0.009
731.36	0.009
731.54	0.009
731.72	0.009
731.91	0.009
732.09	0.009
732.28	0.009
732.46	0.009
732.65	0.009
732.83	0.009
733.01	0.008
733.20	0.008
733.38	0.008
733.57	0.008
733.75	0.008
733.93	0.008
734.12	0.008
734.30	0.008
734.49	0.009
734.67	0.009
734.85	0.009
735.04	0.009
735.22	0.009
735.41	0.009
735.59	0.009
735.77	0.009
735.96	0.009
736.14	0.009
736.33	0.009
736.51	0.008
736.69	0.008
736.88	0.008
737.06	0.008
737.25	0.008
737.43	0.007
737.61	0.008
737.80	0.007
737.98	0.007
738.16	0.007
738.35	0.008
738.53	0.008
738.71	0.008
738.90	0.008
739.08	0.008
739.27	0.008
739.45	0.008
739.63	0.008
739.82	0.008
740.00	0.008
740.18	0.008
740.37	0.008
740.55	0.008
740.73	0.008
740.92	0.008
741.10	0.008
741.28	0.007
741.47	0.007
741.65	0.007
741.83	0.007
742.02	0.007
742.20	0.007
742.38	0.007
742.57	0.007
742.75	0.007
742.93	0.007
743.12	0.007
743.30	0.007
743.48	0.007
743.67	0.007
743.85	0.007
744.03	0.008
744.22	0.008
744.40	0.007
744.58	0.008
744.77	0.008
744.95	0.008
745.13	0.009
745.32	0.009
745.50	0.009
745.68	0.009
745.87	0.009
746.05	0.009
746.23	0.009
746.41	0.009
746.60	0.008
746.78	0.008
746.96	0.008
747.15	0.008
747.33	0.008
747.51	0.008
747.70	0.008
747.88	0.008
748.06	0.008
748.24	0.008
748.43	0.008
748.61	0.008
748.79	0.008
748.97	0.009
749.16	0.008
749.34	0.008
749.52	0.008
749.71	0.008
749.89	0.009
750.07	0.008
750.25	0.009
750.44	0.008
750.62	0.008
750.80	0.009
750.98	0.009
751.17	0.009
751.35	0.008
751.53	0.008
751.71	0.008
751.90	0.009
752.08	0.008
752.26	0.008
752.44	0.008
752.63	0.008
752.81	0.009
752.99	0.009
753.17	0.009
753.36	0.009
753.54	0.008
753.72	0.008
753.90	0.008
754.09	0.008
754.27	0.007
754.45	0.007
754.63	0.008
754.82	0.008
755.00	0.007
755.18	0.007
755.36	0.007
755.54	0.007
755.73	0.008
755.91	0.008
756.09	0.008
756.27	0.007
756.45	0.007
756.64	0.007
756.82	0.007
757.00	0.007
757.18	0.007
757.37	0.007
757.55	0.006
757.73	0.006
757.91	0.007
758.09	0.007
758.27	0.007
758.46	0.007
758.64	0.007
758.82	0.007
759.00	0.007
759.18	0.008
759.37	0.007
759.55	0.007
759.73	0.007
759.91	0.007
760.09	0.007
760.28	0.007
760.46	0.007
760.64	0.007
760.82	0.007
761.00	0.007
761.18	0.007
761.37	0.007
761.55	0.006
761.73	0.007
761.91	0.007
762.09	0.007
762.27	0.007
762.46	0.007
762.64	0.007
762.82	0.007
763.00	0.007
763.18	0.007
763.36	0.007
763.54	0.006
763.73	0.006
763.91	0.007
764.09	0.006
764.27	0.007
764.45	0.007
764.63	0.007
764.81	0.007
765.00	0.007
765.18	0.008
765.36	0.008
765.54	0.008
765.72	0.007
765.90	0.007
766.08	0.007
766.27	0.006
766.45	0.006
766.63	0.006
766.81	0.006
766.99	0.006
767.17	0.006
767.35	0.006
767.53	0.006
767.71	0.006
767.90	0.006
768.08	0.006
768.26	0.006
768.44	0.006
768.62	0.006
768.80	0.006
768.98	0.006
769.16	0.007
769.34	0.007
769.52	0.006
769.71	0.006
769.89	0.006
770.07	0.006
770.25	0.006
770.43	0.007
770.61	0.007
770.79	0.007
770.97	0.006
771.15	0.007
771.33	0.007
771.51	0.007
771.69	0.007
771.88	0.007
772.06	0.007
772.24	0.006
772.42	0.006
772.60	0.007
772.78	0.006
772.96	0.006
773.14	0.006
773.32	0.006
773.50	0.006
773.68	0.006
773.86	0.007
774.04	0.007
774.22	0.007
774.40	0.007
774.58	0.007
774.77	0.008
774.95	0.008
775.13	0.008
775.31	0.008
775.49	0.008
775.67	0.008
775.85	0.007
776.03	0.007
776.21	0.007
776.39	0.007
776.57	0.007
776.75	0.006
776.93	0.006
777.11	0.005
777.29	0.005
777.47	0.005
777.65	0.006
777.83	0.006
778.01	0.005
778.19	0.006
778.37	0.006
778.55	0.006
778.73	0.006
778.91	0.006
779.09	0.006
779.27	0.007
779.45	0.007
779.63	0.007
779.81	0.007
779.99	0.007
780.17	0.006
780.35	0.006
780.53	0.006
780.71	0.007
780.89	0.007
781.07	0.007
781.25	0.007
781.43	0.007
781.61	0.007
781.79	0.007
781.97	0.007
782.15	0.007
782.33	0.007
782.51	0.007
782.69	0.006
782.87	0.006
783.05	0.007
783.23	0.006
783.41	0.007
783.59	0.007
783.77	0.007
783.95	0.006
784.13	0.006
784.31	0.006
784.49	0.006
784.67	0.006
784.85	0.006
785.03	0.006
785.21	0.006
785.38	0.006
785.56	0.007
785.74	0.007
785.92	0.007
786.10	0.007
786.28	0.007
786.46	0.007
786.64	0.006
786.82	0.007
787.00	0.006
787.18	0.006
787.36	0.006
787.54	0.006
787.72	0.006
787.90	0.007
788.08	0.007
788.25	0.007
788.43	0.007
788.61	0.007
788.79	0.007
788.97	0.006
789.15	0.006
789.33	0.007
789.51	0.007
789.69	0.007
789.87	0.007
790.05	0.006
790.23	0.006
790.40	0.006
790.58	0.007
790.76	0.007
790.94	0.006
791.12	0.006
791.30	0.006
791.48	0.006
791.66	0.006
791.84	0.006
792.02	0.006
792.19	0.006
792.37	0.006
792.55	0.006
792.73	0.006
792.91	0.006
793.09	0.006
793.27	0.007
793.45	0.007
793.63	0.007
793.80	0.006
793.98	0.007
794.16	0.006
794.34	0.006
794.52	0.006
794.70	0.006
794.88	0.006
795.05	0.005
795.23	0.006
795.41	0.006
795.59	0.005
795.77	0.005
795.95	0.005
796.13	0.005
796.30	0.005
796.48	0.006
796.66	0.006
796.84	0.006
797.02	0.006
797.20	0.006
797.38	0.007
797.55	0.007
797.73	0.007
797.91	0.007
798.09	0.007
798.27	0.007
798.45	0.007
798.62	0.006
798.80	0.007
798.98	0.006
799.16	0.006
799.34	0.007
799.52	0.007
799.69	0.007
799.87	0.006
800.05	0.006
800.23	0.006
800.41	0.006
800.58	0.006
800.76	0.006
800.94	0.006
801.12	0.005
801.30	0.006
801.47	0.006
801.65	0.006
801.83	0.006
802.01	0.006
802.19	0.006
802.36	0.006
802.54	0.006
802.72	0.007
802.90	0.007
803.08	0.007
803.25	0.007
803.43	0.006
803.61	0.006
803.79	0.006
803.97	0.006
804.14	0.006
804.32	0.006
804.50	0.005
804.68	0.005
804.85	0.005
805.03	0.005
805.21	0.006
805.39	0.006
805.56	0.006
805.74	0.006
805.92	0.006
806.10	0.006
806.28	0.006
806.45	0.006
806.63	0.006
806.81	0.006
806.99	0.005
807.16	0.006
807.34	0.006
807.52	0.005
807.70	0.005
807.87	0.005
808.05	0.005
808.23	0.005
808.41	0.005
808.58	0.005
808.76	0.005
808.94	0.005
809.11	0.005
809.29	0.005
809.47	0.006
809.65	0.006
809.82	0.006
810.00	0.006
810.18	0.006
810.36	0.006
810.53	0.006
810.71	0.006
810.89	0.005
811.06	0.005
811.24	0.005
811.42	0.005
811.60	0.005
811.77	0.005
811.95	0.005
812.13	0.005
812.30	0.005
812.48	0.005
812.66	0.005
812.83	0.005
813.01	0.005
813.19	0.005
813.37	0.006
813.54	0.005
813.72	0.006
813.90	0.005
814.07	0.005
814.25	0.004
814.43	0.004
814.60	0.004
814.78	0.004
814.96	0.004
815.13	0.004
815.31	0.004
815.49	0.005
815.66	0.005
815.84	0.005
816.02	0.005
816.19	0.005
816.37	0.005
816.55	0.005
816.72	0.005
816.90	0.005
817.08	0.005
817.25	0.004
817.43	0.004
817.61	0.004
817.78	0.005
817.96	0.004
818.14	0.004
818.31	0.005
818.49	0.005
818.67	0.005
818.84	0.005
819.02	0.005
819.19	0.005
819.37	0.006
819.55	0.005
819.72	0.005
819.90	0.005
820.08	0.005
820.25	0.006
820.43	0.006
820.60	0.006
820.78	0.006
820.96	0.006
821.13	0.006
821.31	0.006
821.49	0.006
821.66	0.006
821.84	0.005
822.01	0.005
822.19	0.005
822.37	0.005
822.54	0.004
822.72	0.004
822.89	0.004
823.07	0.004
823.25	0.004
823.42	0.004
823.60	0.005
823.77	0.005
823.95	0.005
824.13	0.006
824.30	0.006
824.48	0.006
824.65	0.006
824.83	0.007
825.01	0.006
825.18	0.007
825.36	0.007
825.53	0.007
825.71	0.007
825.88	0.007
826.06	0.007
826.24	0.007
826.41	0.006
826.59	0.007
826.76	0.007
826.94	0.006
827.11	0.006
827.29	0.005
827.47	0.006
827.64	0.006
827.82	0.006
827.99	0.006
828.17	0.006
828.34	0.005
828.52	0.005
828.69	0.005
828.87	0.005
829.04	0.005
829.22	0.005
829.40	0.005
829.57	0.005
829.75	0.005
829.92	0.005
830.10	0.005
830.27	0.006
830.45	0.006
830.62	0.006
830.80	0.006
830.97	0.006
831.15	0.007
831.32	0.007
831.50	0.008
831.67	0.008
831.85	0.007
832.02	0.007
832.20	0.007
832.37	0.007
832.55	0.006
832.73	0.006
832.90	0.005
833.08	0.004
833.25	0.004
833.43	0.004
833.60	0.004
833.78	0.004
833.95	0.004
834.13	0.004
834.30	0.004
834.48	0.005
834.65	0.005
834.82	0.005
835.00	0.005
835.17	0.005
835.35	0.006
835.52	0.006
835.70	0.006
835.87	0.006
836.05	0.006
836.22	0.006
836.40	0.006
836.57	0.006
836.75	0.006
836.92	0.006
837.10	0.007
837.27	0.007
837.45	0.006
837.62	0.006
837.80	0.005
837.97	0.005
838.14	0.005
838.32	0.004
838.49	0.004
838.67	0.004
838.84	0.004
839.02	0.005
839.19	0.005
839.37	0.005
839.54	0.006
839.71	0.006
839.89	0.005
840.06	0.005
840.24	0.005
840.41	0.005
840.59	0.004
840.76	0.004
840.94	0.004
841.11	0.004
841.28	0.004
841.46	0.004
841.63	0.005
841.81	0.005
841.98	0.005
842.15	0.005
842.33	0.005
842.50	0.005
842.68	0.006
842.85	0.005
843.03	0.006
843.20	0.006
843.37	0.006
843.55	0.006
843.72	0.006
843.90	0.006
844.07	0.006
844.24	0.006
844.42	0.006
844.59	0.006
844.77	0.006
844.94	0.006
845.11	0.006
845.29	0.006
845.46	0.006
845.63	0.006
845.81	0.006
845.98	0.005
846.16	0.005
846.33	0.005
846.50	0.005
846.68	0.006
846.85	0.006
847.02	0.006
847.20	0.005
847.37	0.005
847.55	0.006
847.72	0.006
847.89	0.006
848.07	0.006
848.24	0.006
848.41	0.006
848.59	0.006
848.76	0.006
848.93	0.006
849.11	0.006
849.28	0.005
849.45	0.005
849.63	0.006
849.80	0.006
849.97	0.005
850.15	0.005
850.32	0.005
850.49	0.005
850.67	0.005
850.84	0.005
851.01	0.005
851.19	0.004
851.36	0.004
851.53	0.004
851.71	0.003
851.88	0.003
852.05	0.003
852.23	0.003
852.40	0.004
852.57	0.003
852.75	0.003
852.92	0.003
853.09	0.003
853.27	0.003
853.44	0.003
853.61	0.003
853.79	0.003
853.96	0.002
854.13	0.002
854.30	0.002
854.48	0.002
854.65	0.002
854.82	0.003
855.00	0.002
855.17	0.002
855.34	0.003
855.51	0.003
855.69	0.003
855.86	0.003
856.03	0.003
856.21	0.003
856.38	0.002
856.55	0.002
856.72	0.002
856.90	0.002
857.07	0.001
857.24	0.002
857.42	0.001
857.59	0.002
857.76	0.001
857.93	0.001
858.11	0.002
858.28	0.001
858.45	0.000
858.62	0.000
858.80	0.000
858.97	0.001
859.14	0.001
859.31	0.001
859.49	0.001
859.66	0.001
859.83	0.001
860.00	0.002
860.18	0.002
860.35	0.001
860.52	0.001
860.69	0.000
860.86	-0.000
861.04	0.000
861.21	0.000
861.38	0.000
861.55	-0.001
861.73	-0.001
861.90	-0.001
862.07	-0.001
862.24	-0.000
862.42	0.000
862.59	-0.000
862.76	0.001
862.93	0.000
863.10	0.000
863.28	-0.000
863.45	0.000
863.62	0.000
863.79	0.000
863.96	-0.001
864.14	-0.001
864.31	-0.001
864.48	-0.000
864.65	-0.001
864.82	-0.000
865.00	-0.000
865.17	-0.000
865.34	0.000
865.51	0.001
865.68	0.000
865.86	-0.000
866.03	-0.000
866.20	-0.000
866.37	-0.001
866.54	-0.001
866.71	-0.001
866.89	-0.002
867.06	-0.002
867.23	-0.002
867.40	-0.002
867.57	-0.002
867.74	-0.002
867.92	-0.003
868.09	-0.003
868.26	-0.003
868.43	-0.003
868.60	-0.004
868.77	-0.004
868.95	-0.004
869.12	-0.003
869.29	-0.004
869.46	-0.004
869.63	-0.003
869.80	-0.003
869.97	-0.004
870.15	-0.003
870.32	-0.003
870.49	-0.003
870.66	-0.004
870.83	-0.004
871.00	-0.004
871.17	-0.004
871.34	-0.004
871.52	-0.004
871.69	-0.004
871.86	-0.005
872.03	-0.005
872.20	-0.005
872.37	-0.005
872.54	-0.005
872.71	-0.005
872.89	-0.005
873.06	-0.005
873.23	-0.005
873.40	-0.005
873.57	-0.005
873.74	-0.005
873.91	-0.005
874.08	-0.005
874.25	-0.006
874.42	-0.005
874.60	-0.005
874.77	-0.005
874.94	-0.005
875.11	-0.005
875.28	-0.006
875.45	-0.007
875.62	-0.007
875.79	-0.006
875.96	-0.007
876.13	-0.008
876.30	-0.007
876.47	-0.008
876.65	-0.008
876.82	-0.007
876.99	-0.008
877.16	-0.007
877.33	-0.007
877.50	-0.007
877.67	-0.006
877.84	-0.006
878.01	-0.007
878.18	-0.007
878.35	-0.007
878.52	-0.007
878.69	-0.008
878.86	-0.008
879.03	-0.009
879.20	-0.010
879.38	-0.010
879.55	-0.010
879.72	-0.010
879.89	-0.009
880.06	-0.010
880.23	-0.008
880.40	-0.008
880.57	-0.008
880.74	-0.009
880.91	-0.008
881.08	-0.008
881.25	-0.008
881.42	-0.008
881.59	-0.008
881.76	-0.010
881.93	-0.010
882.10	-0.009
882.27	-0.009
882.44	-0.008
882.61	-0.008
882.78	-0.009
882.95	-0.009
883.12	-0.009
883.29	-0.008
883.46	-0.008
883.63	-0.008
883.80	-0.009
883.97	-0.009
884.14	-0.010
884.31	-0.008
884.48	-0.009
884.65	-0.009
884.82	-0.009
884.99	-0.010
885.16	-0.009
885.33	-0.009
885.50	-0.009
885.67	-0.009
885.84	-0.009
886.01	-0.009
886.18	-0.009
886.35	-0.009
886.52	-0.009
886.69	-0.009
886.86	-0.009
887.03	-0.010
887.20	-0.011
887.37	-0.012
887.54	-0.012
887.71	-0.012
887.88	-0.012
888.05	-0.012
888.22	-0.012
888.39	-0.013
888.55	-0.012
888.72	-0.011
888.89	-0.011
889.06	-0.010
889.23	-0.011
889.40	-0.011
889.57	-0.011
889.74	-0.010
889.91	-0.010
890.08	-0.010
890.25	-0.010
890.42	-0.010
890.59	-0.010
890.76	-0.010
890.93	-0.010
891.10	-0.009
891.26	-0.010
891.43	-0.009
891.60	-0.010
891.77	-0.010
891.94	-0.008
892.11	-0.008
892.28	-0.008
892.45	-0.009
892.62	-0.009
892.79	-0.009
892.96	-0.009
893.13	-0.007
893.29	-0.007
893.46	-0.007
893.63	-0.006
893.80	-0.006
893.97	-0.007
894.14	-0.006
894.31	-0.008
894.48	-0.008
894.65	-0.014
894.81	-0.006
894.98	-0.017
