177.34	-0.870
177.56	-0.870
177.78	-0.870
178.00	-0.653
178.22	-0.000
178.44	-1.029
178.66	-0.000
178.89	-0.463
179.11	-0.452
179.33	-0.048
179.55	0.294
179.77	0.355
179.99	-0.184
180.21	0.288
180.43	0.290
180.65	0.220
180.87	0.281
181.09	0.272
181.31	0.297
181.53	0.349
181.75	0.371
181.97	0.366
182.19	0.383
182.41	0.405
182.63	0.441
182.85	0.438
183.07	0.422
183.30	0.463
183.52	0.445
183.74	0.426
183.96	0.422
184.18	0.439
184.40	0.449
184.62	0.475
184.84	0.479
185.06	0.526
185.28	0.534
185.50	0.548
185.72	0.606
185.94	0.636
186.16	0.693
186.38	0.717
186.60	0.723
186.82	0.731
187.04	0.768
187.26	0.814
187.48	0.864
187.70	0.852
187.92	0.886
188.14	0.906
188.36	0.941
188.58	1.017
188.80	1.171
189.02	1.200
189.24	1.167
189.46	1.182
189.68	1.263
189.90	1.355
190.12	1.357
190.34	1.342
190.56	1.310
190.78	1.294
191.00	1.297
191.22	1.273
191.44	1.302
191.66	1.346
191.88	1.301
192.10	1.334
192.32	1.363
192.54	1.319
192.76	1.318
192.98	1.305
193.20	1.356
193.42	1.376
193.64	1.369
193.86	1.424
194.08	1.427
194.30	1.463
194.52	1.578
194.74	1.542
194.96	1.594
195.18	1.644
195.40	1.657
195.62	1.663
195.84	1.654
196.06	1.657
196.28	1.632
196.50	1.590
196.72	1.614
196.94	1.596
197.16	1.586
197.38	1.565
197.60	1.584
197.82	1.599
198.04	1.590
198.26	1.597
198.48	1.610
198.70	1.615
198.92	1.639
199.13	1.673
199.35	1.763
199.57	1.724
199.79	1.738
200.01	1.746
200.23	1.745
200.45	1.766
200.67	1.782
200.89	1.838
201.11	1.823
201.33	1.777
201.55	1.777
201.77	1.744
201.99	1.784
202.21	1.786
202.43	1.791
202.65	1.788
202.87	1.754
203.09	1.730
203.31	1.745
203.52	1.788
203.74	1.840
203.96	1.817
204.18	1.892
204.40	1.872
204.62	1.889
204.84	1.921
205.06	1.955
205.28	1.931
205.50	1.907
205.72	1.882
205.94	1.922
206.16	1.864
206.38	1.880
206.59	1.858
206.81	1.865
207.03	1.879
207.25	1.912
207.47	1.958
207.69	1.946
207.91	1.948
208.13	2.011
208.35	2.029
208.57	2.045
208.79	2.090
209.01	2.095
209.22	2.076
209.44	2.059
209.66	2.097
209.88	2.100
210.10	2.076
210.32	2.081
210.54	2.095
210.76	2.054
210.98	2.094
211.20	2.113
211.42	2.120
211.63	2.125
211.85	2.110
212.07	2.130
212.29	2.093
212.51	2.145
212.73	2.192
212.95	2.165
213.17	2.170
213.39	2.196
213.60	2.189
213.82	2.232
214.04	2.214
214.26	2.290
214.48	2.236
214.70	2.241
214.92	2.247
215.14	2.243
215.35	2.213
215.57	2.200
215.79	2.183
216.01	2.207
216.23	2.206
216.45	2.227
216.67	2.204
216.89	2.190
217.10	2.208
217.32	2.217
217.54	2.264
217.76	2.273
217.98	2.244
218.20	2.267
218.42	2.280
218.64	2.304
218.85	2.328
219.07	2.355
219.29	2.392
219.51	2.387
219.73	2.387
219.95	2.413
220.17	2.399
220.38	2.412
220.60	2.418
220.82	2.430
221.04	2.409
221.26	2.393
221.48	2.428
221.69	2.448
221.91	2.457
222.13	2.484
222.35	2.463
222.57	2.450
222.79	2.422
223.00	2.430
223.22	2.425
223.44	2.406
223.66	2.417
223.88	2.426
224.10	2.372
224.32	2.393
224.53	2.358
224.75	2.379
224.97	2.389
225.19	2.423
225.41	2.407
225.62	2.395
225.84	2.401
226.06	2.467
226.28	2.475
226.50	2.541
226.72	2.547
226.93	2.556
227.15	2.515
227.37	2.517
227.59	2.534
227.81	2.530
228.02	2.496
228.24	2.522
228.46	2.514
228.68	2.564
228.90	2.529
229.12	2.537
229.33	2.583
229.55	2.560
229.77	2.564
229.99	2.587
230.21	2.573
230.42	2.566
230.64	2.524
230.86	2.569
231.08	2.613
231.30	2.604
231.51	2.624
231.73	2.620
231.95	2.635
232.17	2.622
232.38	2.655
232.60	2.669
232.82	2.642
233.04	2.645
233.26	2.648
233.47	2.645
233.69	2.641
233.91	2.605
234.13	2.613
234.35	2.578
234.56	2.590
234.78	2.589
235.00	2.564
235.22	2.539
235.43	2.549
235.65	2.573
235.87	2.572
236.09	2.559
236.30	2.546
236.52	2.534
236.74	2.520
236.96	2.525
237.18	2.555
237.39	2.525
237.61	2.495
237.83	2.484
238.05	2.483
238.26	2.489
238.48	2.480
238.70	2.480
238.92	2.445
239.13	2.430
239.35	2.426
239.57	2.427
239.79	2.433
240.00	2.411
240.22	2.395
240.44	2.381
240.66	2.367
240.87	2.358
241.09	2.347
241.31	2.349
241.53	2.343
241.74	2.321
241.96	2.312
242.18	2.321
242.40	2.307
242.61	2.309
242.83	2.309
243.05	2.300
243.27	2.291
243.48	2.278
243.70	2.276
243.92	2.277
244.13	2.275
244.35	2.273
244.57	2.252
244.79	2.250
245.00	2.239
245.22	2.229
245.44	2.222
245.65	2.219
245.87	2.214
246.09	2.202
246.31	2.202
246.52	2.212
246.74	2.206
246.96	2.201
247.18	2.199
247.39	2.194
247.61	2.188
247.83	2.180
248.04	2.174
248.26	2.166
248.48	2.160
248.69	2.159
248.91	2.155
249.13	2.152
249.35	2.154
249.56	2.151
249.78	2.147
250.00	2.144
250.21	2.142
250.43	2.143
250.65	2.135
250.86	2.138
251.08	2.141
251.30	2.140
251.51	2.141
251.73	2.147
251.95	2.143
252.17	2.147
252.38	2.140
252.60	2.137
252.82	2.129
253.03	2.125
253.25	2.121
253.47	2.120
253.68	2.116
253.90	2.116
254.12	2.107
254.33	2.106
254.55	2.107
254.77	2.114
254.98	2.114
255.20	2.115
255.42	2.116
255.63	2.116
255.85	2.123
256.07	2.124
256.28	2.124
256.50	2.128
256.72	2.128
256.93	2.128
257.15	2.119
257.37	2.106
257.58	2.108
257.80	2.106
258.02	2.112
258.23	2.107
258.45	2.105
258.67	2.104
258.88	2.099
259.10	2.113
259.32	2.118
259.53	2.112
259.75	2.102
259.96	2.093
260.18	2.103
260.40	2.100
260.61	2.099
260.83	2.103
261.05	2.101
261.26	2.106
261.48	2.112
261.70	2.120
261.91	2.120
262.13	2.106
262.34	2.105
262.56	2.104
262.78	2.095
262.99	2.088
263.21	2.083
263.43	2.079
263.64	2.073
263.86	2.078
264.07	2.082
264.29	2.088
264.51	2.081
264.72	2.093
264.94	2.091
265.16	2.093
265.37	2.086
265.59	2.087
265.80	2.082
266.02	2.081
266.24	2.078
266.45	2.075
266.67	2.067
266.88	2.072
267.10	2.064
267.32	2.065
267.53	2.062
267.75	2.057
267.96	2.053
268.18	2.048
268.40	2.047
268.61	2.041
268.83	2.037
269.04	2.036
269.26	2.039
269.48	2.034
269.69	2.030
269.91	2.027
270.12	2.030
270.34	2.029
270.56	2.030
270.77	2.018
270.99	2.019
271.20	2.015
271.42	2.018
271.64	2.021
271.85	2.021
272.07	2.011
272.28	2.009
272.50	1.999
272.71	2.001
272.93	1.995
273.15	1.990
273.36	1.984
273.58	1.981
273.79	1.973
274.01	1.967
274.22	1.965
274.44	1.969
274.66	1.961
274.87	1.960
275.09	1.955
275.30	1.947
275.52	1.938
275.73	1.936
275.95	1.932
276.16	1.923
276.38	1.913
276.60	1.914
276.81	1.904
277.03	1.899
277.24	1.893
277.46	1.894
277.67	1.887
277.89	1.886
278.10	1.881
278.32	1.875
278.53	1.865
278.75	1.856
278.97	1.849
279.18	1.841
279.40	1.829
279.61	1.825
279.83	1.812
280.04	1.806
280.26	1.798
280.47	1.792
280.69	1.785
280.90	1.778
281.12	1.773
281.33	1.765
281.55	1.756
281.76	1.750
281.98	1.744
282.20	1.739
282.41	1.729
282.63	1.725
282.84	1.715
283.06	1.705
283.27	1.699
283.49	1.689
283.70	1.678
283.92	1.669
284.13	1.659
284.35	1.651
284.56	1.637
284.78	1.627
284.99	1.620
285.21	1.609
285.42	1.598
285.64	1.589
285.85	1.578
286.07	1.567
286.28	1.556
286.50	1.548
286.71	1.538
286.93	1.525
287.14	1.515
287.36	1.504
287.57	1.493
287.79	1.482
288.00	1.471
288.22	1.461
288.43	1.449
288.65	1.437
288.86	1.428
289.08	1.417
289.29	1.407
289.51	1.396
289.72	1.384
289.94	1.374
290.15	1.363
290.37	1.353
290.58	1.342
290.80	1.332
291.01	1.322
291.22	1.313
291.44	1.303
291.65	1.291
291.87	1.279
292.08	1.270
292.30	1.260
292.51	1.251
292.73	1.239
292.94	1.229
293.16	1.219
293.37	1.209
293.59	1.202
293.80	1.194
294.02	1.184
294.23	1.175
294.44	1.166
294.66	1.158
294.87	1.149
295.09	1.140
295.30	1.132
295.52	1.122
295.73	1.114
295.95	1.106
296.16	1.098
296.37	1.090
296.59	1.081
296.80	1.072
297.02	1.065
297.23	1.057
297.45	1.049
297.66	1.041
297.88	1.035
298.09	1.026
298.30	1.018
298.52	1.010
298.73	1.003
298.95	0.995
299.16	0.987
299.38	0.979
299.59	0.971
299.80	0.964
300.02	0.957
300.23	0.950
300.45	0.942
300.66	0.936
300.88	0.928
301.09	0.921
301.30	0.915
301.52	0.908
301.73	0.902
301.95	0.895
302.16	0.889
302.37	0.883
302.59	0.877
302.80	0.872
303.02	0.866
303.23	0.861
303.45	0.855
303.66	0.850
303.87	0.845
304.09	0.840
304.30	0.834
304.52	0.830
304.73	0.824
304.94	0.819
305.16	0.813
305.37	0.809
305.59	0.803
305.80	0.798
306.01	0.793
306.23	0.787
306.44	0.782
306.65	0.778
306.87	0.773
307.08	0.768
307.30	0.764
307.51	0.760
307.72	0.756
307.94	0.751
308.15	0.747
308.37	0.743
308.58	0.739
308.79	0.734
309.01	0.730
309.22	0.725
309.43	0.721
309.65	0.716
309.86	0.712
310.07	0.708
310.29	0.703
310.50	0.698
310.72	0.694
310.93	0.690
311.14	0.685
311.36	0.680
311.57	0.676
311.78	0.672
312.00	0.667
312.21	0.663
312.42	0.659
312.64	0.655
312.85	0.651
313.07	0.647
313.28	0.644
313.49	0.641
313.71	0.638
313.92	0.634
314.13	0.631
314.35	0.628
314.56	0.624
314.77	0.621
314.99	0.617
315.20	0.613
315.41	0.610
315.63	0.607
315.84	0.603
316.05	0.600
316.27	0.597
316.48	0.593
316.69	0.590
316.91	0.587
317.12	0.584
317.33	0.580
317.55	0.576
317.76	0.573
317.97	0.569
318.19	0.566
318.40	0.564
318.61	0.560
318.83	0.557
319.04	0.555
319.25	0.552
319.47	0.550
319.68	0.547
319.89	0.545
320.10	0.542
320.32	0.539
320.53	0.537
320.74	0.534
320.96	0.531
321.17	0.528
321.38	0.525
321.60	0.522
321.81	0.519
322.02	0.515
322.24	0.513
322.45	0.510
322.66	0.507
322.87	0.505
323.09	0.502
323.30	0.500
323.51	0.497
323.73	0.494
323.94	0.492
324.15	0.490
324.36	0.487
324.58	0.485
324.79	0.482
325.00	0.480
325.22	0.477
325.43	0.475
325.64	0.473
325.85	0.470
326.07	0.468
326.28	0.465
326.49	0.463
326.71	0.460
326.92	0.458
327.13	0.455
327.34	0.453
327.56	0.451
327.77	0.449
327.98	0.447
328.19	0.444
328.41	0.442
328.62	0.440
328.83	0.437
329.04	0.435
329.26	0.433
329.47	0.431
329.68	0.428
329.90	0.426
330.11	0.424
330.32	0.422
330.53	0.420
330.75	0.418
330.96	0.415
331.17	0.413
331.38	0.411
331.60	0.408
331.81	0.406
332.02	0.405
332.23	0.402
332.44	0.400
332.66	0.399
332.87	0.397
333.08	0.395
333.29	0.393
333.51	0.392
333.72	0.390
333.93	0.387
334.14	0.386
334.36	0.383
334.57	0.381
334.78	0.379
334.99	0.376
335.21	0.374
335.42	0.372
335.63	0.370
335.84	0.368
336.05	0.366
336.27	0.364
336.48	0.362
336.69	0.361
336.90	0.359
337.11	0.357
337.33	0.355
337.54	0.354
337.75	0.353
337.96	0.351
338.18	0.349
338.39	0.348
338.60	0.346
338.81	0.344
339.02	0.342
339.24	0.341
339.45	0.339
339.66	0.337
339.87	0.335
340.08	0.334
340.30	0.332
340.51	0.330
340.72	0.329
340.93	0.328
341.14	0.326
341.36	0.325
341.57	0.323
341.78	0.321
341.99	0.320
342.20	0.318
342.41	0.317
342.63	0.315
342.84	0.313
343.05	0.311
343.26	0.309
343.47	0.308
343.69	0.307
343.90	0.305
344.11	0.303
344.32	0.302
344.53	0.301
344.74	0.299
344.96	0.298
345.17	0.296
345.38	0.294
345.59	0.293
345.80	0.292
346.01	0.291
346.23	0.289
346.44	0.288
346.65	0.286
346.86	0.285
347.07	0.284
347.28	0.282
347.50	0.280
347.71	0.279
347.92	0.278
348.13	0.276
348.34	0.275
348.55	0.274
348.76	0.272
348.98	0.270
349.19	0.269
349.40	0.269
349.61	0.268
349.82	0.266
350.03	0.265
350.24	0.263
350.46	0.262
350.67	0.261
350.88	0.260
351.09	0.259
351.30	0.257
351.51	0.255
351.72	0.254
351.93	0.253
352.15	0.252
352.36	0.250
352.57	0.249
352.78	0.248
352.99	0.246
353.20	0.245
353.41	0.244
353.62	0.243
353.84	0.241
354.05	0.240
354.26	0.240
354.47	0.239
354.68	0.237
354.89	0.236
355.10	0.235
355.31	0.233
355.52	0.232
355.74	0.231
355.95	0.230
356.16	0.228
356.37	0.227
356.58	0.226
356.79	0.225
357.00	0.224
357.21	0.222
357.42	0.222
357.63	0.221
357.85	0.219
358.06	0.218
358.27	0.216
358.48	0.215
358.69	0.213
358.90	0.212
359.11	0.212
359.32	0.210
359.53	0.209
359.74	0.209
359.95	0.208
360.17	0.208
360.38	0.207
360.59	0.205
360.80	0.204
361.01	0.203
361.22	0.202
361.43	0.201
361.64	0.200
361.85	0.199
362.06	0.197
362.27	0.196
362.48	0.196
362.69	0.195
362.90	0.194
363.12	0.193
363.33	0.191
363.54	0.190
363.75	0.189
363.96	0.189
364.17	0.188
364.38	0.187
364.59	0.186
364.80	0.184
365.01	0.183
365.22	0.182
365.43	0.181
365.64	0.180
365.85	0.179
366.06	0.178
366.27	0.177
366.48	0.176
366.69	0.176
366.90	0.175
367.11	0.174
367.32	0.173
367.54	0.172
367.75	0.171
367.96	0.170
368.17	0.169
368.38	0.168
368.59	0.167
368.80	0.166
369.01	0.165
369.22	0.164
369.43	0.164
369.64	0.162
369.85	0.161
370.06	0.161
370.27	0.160
370.48	0.159
370.69	0.158
370.90	0.158
371.11	0.157
371.32	0.156
371.53	0.156
371.74	0.155
371.95	0.154
372.16	0.153
372.37	0.153
372.58	0.152
372.79	0.151
373.00	0.150
373.21	0.149
373.42	0.149
373.63	0.148
373.84	0.147
374.05	0.147
374.26	0.146
374.47	0.146
374.68	0.145
374.89	0.144
375.10	0.144
375.31	0.143
375.52	0.142
375.73	0.141
375.94	0.140
376.15	0.140
376.36	0.139
376.57	0.138
376.78	0.137
376.99	0.136
377.20	0.136
377.41	0.135
377.62	0.135
377.83	0.134
378.04	0.134
378.25	0.133
378.46	0.132
378.67	0.132
378.88	0.131
379.09	0.130
379.30	0.129
379.51	0.128
379.72	0.128
379.92	0.127
380.13	0.126
380.34	0.125
380.55	0.125
380.76	0.124
380.97	0.124
381.18	0.123
381.39	0.123
381.60	0.122
381.81	0.121
382.02	0.121
382.23	0.121
382.44	0.120
382.65	0.119
382.86	0.118
383.07	0.118
383.28	0.117
383.49	0.116
383.70	0.116
383.91	0.115
384.11	0.114
384.32	0.114
384.53	0.114
384.74	0.113
384.95	0.113
385.16	0.112
385.37	0.112
385.58	0.112
385.79	0.112
386.00	0.112
386.21	0.111
386.42	0.111
386.63	0.110
386.84	0.110
387.04	0.109
387.25	0.109
387.46	0.108
387.67	0.107
387.88	0.107
388.09	0.106
388.30	0.105
388.51	0.105
388.72	0.104
388.93	0.104
389.14	0.103
389.34	0.103
389.55	0.102
389.76	0.102
389.97	0.102
390.18	0.101
390.39	0.101
390.60	0.101
390.81	0.100
391.02	0.100
391.23	0.100
391.43	0.100
391.64	0.099
391.85	0.099
392.06	0.098
392.27	0.097
392.48	0.096
392.69	0.094
392.90	0.093
393.11	0.093
393.31	0.093
393.52	0.092
393.73	0.091
393.94	0.091
394.15	0.091
394.36	0.091
394.57	0.091
394.78	0.091
394.98	0.091
395.19	0.090
395.40	0.090
395.61	0.089
395.82	0.089
396.03	0.089
396.24	0.089
396.44	0.089
396.65	0.089
396.86	0.088
397.07	0.088
397.28	0.088
397.49	0.088
397.70	0.087
397.90	0.086
398.11	0.086
398.32	0.085
398.53	0.084
398.74	0.084
398.95	0.084
399.16	0.083
399.36	0.082
399.57	0.082
399.78	0.082
399.99	0.082
400.20	0.082
400.41	0.081
400.61	0.082
400.82	0.082
401.03	0.081
401.24	0.082
401.45	0.081
401.66	0.081
401.86	0.081
402.07	0.080
402.28	0.080
402.49	0.079
402.70	0.078
402.91	0.077
403.11	0.077
403.32	0.076
403.53	0.076
403.74	0.076
403.95	0.076
404.15	0.076
404.36	0.076
404.57	0.076
404.78	0.075
404.99	0.075
405.20	0.075
405.40	0.075
405.61	0.075
405.82	0.074
406.03	0.074
406.24	0.073
406.44	0.073
406.65	0.073
406.86	0.072
407.07	0.072
407.28	0.072
407.48	0.072
407.69	0.072
407.90	0.072
408.11	0.071
408.32	0.071
408.52	0.070
408.73	0.071
408.94	0.070
409.15	0.070
409.35	0.070
409.56	0.069
409.77	0.069
409.98	0.069
410.19	0.069
410.39	0.069
410.60	0.068
410.81	0.068
411.02	0.067
411.22	0.067
411.43	0.067
411.64	0.067
411.85	0.067
412.05	0.067
412.26	0.066
412.47	0.066
412.68	0.067
412.89	0.067
413.09	0.066
413.30	0.066
413.51	0.066
413.72	0.065
413.92	0.065
414.13	0.065
414.34	0.066
414.55	0.065
414.75	0.065
414.96	0.065
415.17	0.064
415.38	0.064
415.58	0.063
415.79	0.063
416.00	0.062
416.21	0.062
416.41	0.061
416.62	0.061
416.83	0.061
417.03	0.061
417.24	0.061
417.45	0.061
417.66	0.061
417.86	0.061
418.07	0.060
418.28	0.061
418.49	0.061
418.69	0.061
418.90	0.061
419.11	0.060
419.31	0.061
419.52	0.061
419.73	0.061
419.94	0.061
420.14	0.061
420.35	0.061
420.56	0.061
420.76	0.061
420.97	0.060
421.18	0.060
421.39	0.059
421.59	0.058
421.80	0.058
422.01	0.057
422.21	0.056
422.42	0.056
422.63	0.056
422.84	0.055
423.04	0.056
423.25	0.056
423.46	0.057
423.66	0.056
423.87	0.057
424.08	0.056
424.28	0.056
424.49	0.055
424.70	0.056
424.90	0.055
425.11	0.054
425.32	0.054
425.52	0.054
425.73	0.053
425.94	0.053
426.15	0.054
426.35	0.054
426.56	0.054
426.77	0.055
426.97	0.055
427.18	0.055
427.39	0.055
427.59	0.054
427.80	0.055
428.01	0.054
428.21	0.054
428.42	0.054
428.63	0.054
428.83	0.054
429.04	0.053
429.25	0.053
429.45	0.053
429.66	0.053
429.87	0.052
430.07	0.052
430.28	0.051
430.48	0.050
430.69	0.050
430.90	0.050
431.10	0.049
431.31	0.049
431.52	0.049
431.72	0.049
431.93	0.049
432.14	0.049
432.34	0.049
432.55	0.049
432.76	0.048
432.96	0.049
433.17	0.048
433.37	0.049
433.58	0.049
433.79	0.049
433.99	0.050
434.20	0.050
434.41	0.050
434.61	0.051
434.82	0.051
435.02	0.051
435.23	0.050
435.44	0.050
435.64	0.050
435.85	0.049
436.06	0.049
436.26	0.048
436.47	0.047
436.67	0.047
436.88	0.047
437.09	0.047
437.29	0.047
437.50	0.047
437.70	0.047
437.91	0.047
438.12	0.047
438.32	0.047
438.53	0.048
438.73	0.047
438.94	0.046
439.15	0.046
439.35	0.046
439.56	0.046
439.76	0.046
439.97	0.046
440.18	0.046
440.38	0.045
440.59	0.045
440.79	0.045
441.00	0.046
441.20	0.045
441.41	0.045
441.62	0.045
441.82	0.044
442.03	0.045
442.23	0.044
442.44	0.044
442.65	0.044
442.85	0.044
443.06	0.044
443.26	0.044
443.47	0.044
443.67	0.044
443.88	0.044
444.09	0.044
444.29	0.043
444.50	0.043
444.70	0.043
444.91	0.043
445.11	0.043
445.32	0.044
445.52	0.044
445.73	0.043
445.94	0.043
446.14	0.043
446.35	0.043
446.55	0.043
446.76	0.043
446.96	0.043
447.17	0.042
447.37	0.042
447.58	0.042
447.78	0.043
447.99	0.042
448.20	0.042
448.40	0.042
448.61	0.042
448.81	0.042
449.02	0.042
449.22	0.042
449.43	0.042
449.63	0.041
449.84	0.041
450.04	0.041
450.25	0.041
450.45	0.040
450.66	0.041
450.86	0.040
451.07	0.040
451.27	0.040
451.48	0.040
451.68	0.040
451.89	0.040
452.09	0.040
452.30	0.040
452.50	0.039
452.71	0.039
452.91	0.039
453.12	0.039
453.33	0.039
453.53	0.039
453.74	0.039
453.94	0.039
454.15	0.040
454.35	0.039
454.56	0.039
454.76	0.039
454.96	0.040
455.17	0.040
455.37	0.040
455.58	0.040
455.78	0.040
455.99	0.039
456.19	0.039
456.40	0.039
456.60	0.039
456.81	0.039
457.01	0.039
457.22	0.038
457.42	0.038
457.63	0.038
457.83	0.038
458.04	0.038
458.24	0.038
458.45	0.037
458.65	0.037
458.86	0.037
459.06	0.037
459.27	0.037
459.47	0.038
459.67	0.038
459.88	0.038
460.08	0.038
460.29	0.038
460.49	0.038
460.70	0.038
460.90	0.038
461.11	0.038
461.31	0.037
461.52	0.036
461.72	0.036
461.92	0.036
462.13	0.036
462.33	0.036
462.54	0.036
462.74	0.036
462.95	0.035
463.15	0.036
463.36	0.036
463.56	0.036
463.76	0.036
463.97	0.036
464.17	0.036
464.38	0.037
464.58	0.037
464.79	0.037
464.99	0.037
465.19	0.036
465.40	0.035
465.60	0.035
465.81	0.035
466.01	0.035
466.22	0.034
466.42	0.034
466.62	0.034
466.83	0.034
467.03	0.034
467.24	0.035
467.44	0.035
467.65	0.035
467.85	0.035
468.05	0.035
468.26	0.035
468.46	0.036
468.67	0.036
468.87	0.035
469.07	0.036
469.28	0.035
469.48	0.035
469.69	0.035
469.89	0.035
470.09	0.035
470.30	0.035
470.50	0.035
470.71	0.035
470.91	0.035
471.11	0.035
471.32	0.036
471.52	0.036
471.72	0.036
471.93	0.037
472.13	0.036
472.34	0.036
472.54	0.035
472.74	0.035
472.95	0.035
473.15	0.035
473.35	0.035
473.56	0.035
473.76	0.034
473.97	0.034
474.17	0.034
474.37	0.034
474.58	0.034
474.78	0.034
474.98	0.034
475.19	0.033
475.39	0.033
475.60	0.033
475.80	0.033
476.00	0.032
476.21	0.033
476.41	0.032
476.61	0.032
476.82	0.032
477.02	0.032
477.22	0.032
477.43	0.032
477.63	0.032
477.83	0.032
478.04	0.032
478.24	0.033
478.44	0.033
478.65	0.033
478.85	0.034
479.05	0.034
479.26	0.034
479.46	0.034
479.66	0.034
479.87	0.034
480.07	0.034
480.27	0.034
480.48	0.034
480.68	0.033
480.88	0.033
481.09	0.033
481.29	0.032
481.49	0.032
481.70	0.031
481.90	0.031
482.10	0.032
482.31	0.031
482.51	0.032
482.71	0.031
482.92	0.032
483.12	0.032
483.32	0.031
483.52	0.032
483.73	0.032
483.93	0.032
484.13	0.032
484.34	0.032
484.54	0.032
484.74	0.032
484.95	0.032
485.15	0.032
485.35	0.032
485.55	0.032
485.76	0.031
485.96	0.031
486.16	0.030
486.37	0.030
486.57	0.030
486.77	0.029
486.97	0.029
487.18	0.029
487.38	0.029
487.58	0.028
487.79	0.029
487.99	0.029
488.19	0.029
488.39	0.029
488.60	0.030
488.80	0.029
489.00	0.029
489.20	0.029
489.41	0.030
489.61	0.030
489.81	0.029
490.02	0.029
490.22	0.029
490.42	0.029
490.62	0.029
490.83	0.029
491.03	0.029
491.23	0.028
491.43	0.028
491.64	0.029
491.84	0.029
492.04	0.029
492.24	0.029
492.45	0.029
492.65	0.029
492.85	0.029
493.05	0.029
493.26	0.028
493.46	0.028
493.66	0.028
493.86	0.028
494.07	0.029
494.27	0.029
494.47	0.029
494.67	0.029
494.87	0.029
495.08	0.029
495.28	0.029
495.48	0.029
495.68	0.029
495.89	0.028
496.09	0.027
496.29	0.027
496.49	0.027
496.69	0.027
496.90	0.026
497.10	0.026
497.30	0.026
497.50	0.026
497.71	0.027
497.91	0.027
498.11	0.027
498.31	0.027
498.51	0.027
498.72	0.028
498.92	0.028
499.12	0.028
499.32	0.028
499.52	0.029
499.73	0.029
499.93	0.029
500.13	0.029
500.33	0.029
500.53	0.029
500.74	0.029
500.94	0.029
501.14	0.029
501.34	0.028
501.54	0.028
501.74	0.028
501.95	0.028
502.15	0.028
502.35	0.028
502.55	0.027
502.75	0.026
502.96	0.026
503.16	0.026
503.36	0.026
503.56	0.026
503.76	0.026
503.96	0.026
504.17	0.026
504.37	0.026
504.57	0.026
504.77	0.026
504.97	0.026
505.17	0.026
505.38	0.026
505.58	0.026
505.78	0.026
505.98	0.026
506.18	0.026
506.38	0.026
506.58	0.026
506.79	0.026
506.99	0.026
507.19	0.027
507.39	0.027
507.59	0.027
507.79	0.027
507.99	0.027
508.20	0.027
508.40	0.027
508.60	0.027
508.80	0.027
509.00	0.027
509.20	0.027
509.40	0.027
509.61	0.027
509.81	0.026
510.01	0.026
510.21	0.026
510.41	0.026
510.61	0.025
510.81	0.025
511.01	0.025
511.22	0.025
511.42	0.025
511.62	0.025
511.82	0.025
512.02	0.025
512.22	0.025
512.42	0.025
512.62	0.025
512.82	0.025
513.03	0.025
513.23	0.025
513.43	0.024
513.63	0.024
513.83	0.024
514.03	0.025
514.23	0.025
514.43	0.024
514.63	0.025
514.83	0.024
515.04	0.024
515.24	0.025
515.44	0.025
515.64	0.025
515.84	0.024
516.04	0.024
516.24	0.024
516.44	0.024
516.64	0.024
516.84	0.024
517.04	0.023
517.24	0.024
517.45	0.024
517.65	0.024
517.85	0.024
518.05	0.024
518.25	0.024
518.45	0.024
518.65	0.024
518.85	0.024
519.05	0.024
519.25	0.024
519.45	0.024
519.65	0.024
519.85	0.025
520.05	0.025
520.25	0.025
520.46	0.025
520.66	0.025
520.86	0.024
521.06	0.024
521.26	0.024
521.46	0.024
521.66	0.024
521.86	0.024
522.06	0.024
522.26	0.024
522.46	0.024
522.66	0.024
522.86	0.024
523.06	0.024
523.26	0.024
523.46	0.024
523.66	0.024
523.86	0.024
524.06	0.024
524.26	0.024
524.46	0.024
524.66	0.024
524.86	0.025
525.06	0.024
525.26	0.024
525.46	0.024
525.66	0.023
525.87	0.024
526.07	0.024
526.27	0.024
526.47	0.024
526.67	0.024
526.87	0.025
527.07	0.024
527.27	0.025
527.47	0.025
527.67	0.024
527.87	0.024
528.07	0.023
528.27	0.023
528.47	0.023
528.67	0.023
528.87	0.023
529.07	0.022
529.27	0.022
529.47	0.022
529.67	0.022
529.87	0.023
530.07	0.022
530.27	0.023
530.47	0.023
530.67	0.023
530.87	0.023
531.06	0.022
531.26	0.023
531.46	0.023
531.66	0.023
531.86	0.023
532.06	0.022
532.26	0.022
532.46	0.022
532.66	0.022
532.86	0.022
533.06	0.022
533.26	0.022
533.46	0.022
533.66	0.023
533.86	0.022
534.06	0.023
534.26	0.023
534.46	0.023
534.66	0.022
534.86	0.022
535.06	0.022
535.26	0.023
535.46	0.022
535.66	0.022
535.86	0.022
536.06	0.022
536.26	0.023
536.45	0.023
536.65	0.023
536.85	0.023
537.05	0.023
537.25	0.023
537.45	0.023
537.65	0.023
537.85	0.022
538.05	0.022
538.25	0.022
538.45	0.021
538.65	0.021
538.85	0.021
539.05	0.021
539.25	0.021
539.44	0.021
539.64	0.021
539.84	0.021
540.04	0.021
540.24	0.021
540.44	0.022
540.64	0.022
540.84	0.022
541.04	0.022
541.24	0.022
541.44	0.022
541.64	0.022
541.83	0.022
542.03	0.022
542.23	0.022
542.43	0.022
542.63	0.023
542.83	0.023
543.03	0.023
543.23	0.022
543.43	0.022
543.63	0.022
543.82	0.022
544.02	0.022
544.22	0.021
544.42	0.021
544.62	0.021
544.82	0.021
545.02	0.021
545.22	0.021
545.42	0.021
545.61	0.021
545.81	0.022
546.01	0.022
546.21	0.022
546.41	0.021
546.61	0.022
546.81	0.022
547.01	0.021
547.20	0.021
547.40	0.020
547.60	0.020
547.80	0.021
548.00	0.020
548.20	0.020
548.40	0.020
548.59	0.020
548.79	0.020
548.99	0.021
549.19	0.021
549.39	0.020
549.59	0.020
549.79	0.021
549.98	0.021
550.18	0.021
550.38	0.021
550.58	0.021
550.78	0.022
550.98	0.022
551.17	0.022
551.37	0.022
551.57	0.022
551.77	0.021
551.97	0.021
552.17	0.021
552.36	0.020
552.56	0.020
552.76	0.020
552.96	0.020
553.16	0.019
553.36	0.019
553.55	0.020
553.75	0.020
553.95	0.020
554.15	0.020
554.35	0.020
554.55	0.020
554.74	0.019
554.94	0.019
555.14	0.019
555.34	0.019
555.54	0.019
555.73	0.019
555.93	0.018
556.13	0.018
556.33	0.018
556.53	0.019
556.72	0.019
556.92	0.019
557.12	0.019
557.32	0.019
557.52	0.019
557.71	0.019
557.91	0.019
558.11	0.020
558.31	0.020
558.51	0.020
558.70	0.021
558.90	0.020
559.10	0.020
559.30	0.020
559.49	0.020
559.69	0.020
559.89	0.020
560.09	0.019
560.29	0.019
560.48	0.019
560.68	0.019
560.88	0.018
561.08	0.018
561.27	0.018
561.47	0.018
561.67	0.019
561.87	0.019
562.06	0.019
562.26	0.019
562.46	0.019
562.66	0.019
562.86	0.019
563.05	0.020
563.25	0.019
563.45	0.019
563.65	0.018
563.84	0.018
564.04	0.019
564.24	0.019
564.44	0.019
564.63	0.019
564.83	0.018
565.03	0.019
565.22	0.019
565.42	0.020
565.62	0.020
565.82	0.020
566.01	0.020
566.21	0.020
566.41	0.021
566.61	0.021
566.80	0.021
567.00	0.021
567.20	0.021
567.40	0.020
567.59	0.020
567.79	0.020
567.99	0.020
568.18	0.020
568.38	0.020
568.58	0.020
568.78	0.019
568.97	0.019
569.17	0.019
569.37	0.020
569.56	0.020
569.76	0.020
569.96	0.020
570.16	0.020
570.35	0.020
570.55	0.019
570.75	0.019
570.94	0.019
571.14	0.019
571.34	0.019
571.53	0.018
571.73	0.018
571.93	0.018
572.12	0.018
572.32	0.019
572.52	0.019
572.72	0.019
572.91	0.019
573.11	0.019
573.31	0.019
573.50	0.019
573.70	0.019
573.90	0.019
574.09	0.019
574.29	0.019
574.49	0.019
574.68	0.019
574.88	0.018
575.08	0.018
575.27	0.018
575.47	0.018
575.67	0.018
575.86	0.019
576.06	0.019
576.26	0.019
576.45	0.020
576.65	0.020
576.85	0.020
577.04	0.019
577.24	0.019
577.44	0.019
577.63	0.019
577.83	0.018
578.02	0.018
578.22	0.018
578.42	0.017
578.61	0.017
578.81	0.017
579.01	0.017
579.20	0.018
579.40	0.018
579.60	0.019
579.79	0.019
579.99	0.019
580.19	0.019
580.38	0.019
580.58	0.019
580.77	0.020
580.97	0.019
581.17	0.018
581.36	0.018
581.56	0.017
581.75	0.017
581.95	0.017
582.15	0.017
582.34	0.017
582.54	0.017
582.74	0.017
582.93	0.017
583.13	0.018
583.32	0.018
583.52	0.019
583.72	0.019
583.91	0.019
584.11	0.019
584.30	0.018
584.50	0.018
584.70	0.018
584.89	0.017
585.09	0.017
585.28	0.016
585.48	0.016
585.68	0.016
585.87	0.017
586.07	0.017
586.26	0.017
586.46	0.017
586.66	0.017
586.85	0.018
587.05	0.018
587.24	0.017
587.44	0.017
587.63	0.017
587.83	0.016
588.03	0.016
588.22	0.016
588.42	0.016
588.61	0.016
588.81	0.016
589.00	0.016
589.20	0.016
589.40	0.017
589.59	0.017
589.79	0.017
589.98	0.017
590.18	0.017
590.37	0.018
590.57	0.017
590.76	0.018
590.96	0.018
591.16	0.019
591.35	0.019
591.55	0.019
591.74	0.019
591.94	0.020
592.13	0.019
592.33	0.019
592.52	0.018
592.72	0.017
592.91	0.017
593.11	0.016
593.30	0.016
593.50	0.016
593.70	0.016
593.89	0.017
594.09	0.017
594.28	0.017
594.48	0.017
594.67	0.017
594.87	0.017
595.06	0.017
595.26	0.017
595.45	0.017
595.65	0.017
595.84	0.017
596.04	0.017
596.23	0.017
596.43	0.018
596.62	0.018
596.82	0.017
597.01	0.018
597.21	0.018
597.40	0.018
597.60	0.018
597.79	0.018
597.99	0.018
598.18	0.018
598.38	0.018
598.57	0.018
598.77	0.018
598.96	0.017
599.16	0.017
599.35	0.017
599.55	0.016
599.74	0.016
599.94	0.016
600.13	0.015
600.33	0.015
600.52	0.015
600.72	0.015
600.91	0.016
601.11	0.016
601.30	0.016
601.50	0.016
601.69	0.017
601.89	0.017
602.08	0.017
602.27	0.017
602.47	0.017
602.66	0.017
602.86	0.017
603.05	0.017
603.25	0.016
603.44	0.017
603.64	0.017
603.83	0.017
604.03	0.017
604.22	0.017
604.41	0.018
604.61	0.018
604.80	0.018
605.00	0.018
605.19	0.017
605.39	0.017
605.58	0.017
605.78	0.016
605.97	0.016
606.16	0.016
606.36	0.016
606.55	0.016
606.75	0.016
606.94	0.016
607.14	0.016
607.33	0.015
607.52	0.016
607.72	0.015
607.91	0.015
608.11	0.015
608.30	0.015
608.50	0.015
608.69	0.015
608.88	0.015
609.08	0.016
609.27	0.016
609.47	0.016
609.66	0.016
609.85	0.016
610.05	0.016
610.24	0.016
610.44	0.016
610.63	0.016
610.83	0.016
611.02	0.016
611.21	0.016
611.41	0.016
611.60	0.016
611.80	0.016
611.99	0.016
612.18	0.016
612.38	0.016
612.57	0.016
612.76	0.016
612.96	0.016
613.15	0.016
613.35	0.016
613.54	0.017
613.73	0.016
613.93	0.016
614.12	0.016
614.32	0.016
614.51	0.016
614.70	0.016
614.90	0.016
615.09	0.015
615.28	0.015
615.48	0.015
615.67	0.015
615.86	0.015
616.06	0.015
616.25	0.014
616.45	0.015
616.64	0.015
616.83	0.015
617.03	0.015
617.22	0.015
617.41	0.015
617.61	0.015
617.80	0.015
617.99	0.015
618.19	0.015
618.38	0.015
618.57	0.015
618.77	0.015
618.96	0.015
619.15	0.015
619.35	0.015
619.54	0.015
619.73	0.015
619.93	0.015
620.12	0.015
620.31	0.015
620.51	0.015
620.70	0.015
620.89	0.015
621.09	0.015
621.28	0.015
621.47	0.015
621.67	0.015
621.86	0.015
622.05	0.015
622.25	0.015
622.44	0.015
622.63	0.015
622.83	0.015
623.02	0.015
623.21	0.015
623.41	0.015
623.60	0.015
623.79	0.015
623.98	0.015
624.18	0.015
624.37	0.014
624.56	0.014
624.76	0.014
624.95	0.014
625.14	0.014
625.33	0.014
625.53	0.014
625.72	0.014
625.91	0.015
626.11	0.015
626.30	0.015
626.49	0.015
626.68	0.015
626.88	0.015
627.07	0.015
627.26	0.015
627.46	0.015
627.65	0.015
627.84	0.015
628.03	0.015
628.23	0.015
628.42	0.016
628.61	0.016
628.80	0.016
629.00	0.016
629.19	0.016
629.38	0.016
629.58	0.015
629.77	0.015
629.96	0.015
630.15	0.015
630.35	0.014
630.54	0.014
630.73	0.014
630.92	0.014
631.12	0.014
631.31	0.013
631.50	0.013
631.69	0.013
631.89	0.014
632.08	0.014
632.27	0.014
632.46	0.014
632.65	0.014
632.85	0.014
633.04	0.014
633.23	0.014
633.42	0.014
633.62	0.014
633.81	0.014
634.00	0.014
634.19	0.014
634.39	0.014
634.58	0.014
634.77	0.015
634.96	0.015
635.15	0.015
635.35	0.014
635.54	0.014
635.73	0.015
635.92	0.015
636.11	0.015
636.31	0.015
636.50	0.015
636.69	0.015
636.88	0.015
637.07	0.015
637.27	0.015
637.46	0.015
637.65	0.015
637.84	0.015
638.03	0.015
638.23	0.015
638.42	0.015
638.61	0.015
638.80	0.015
638.99	0.014
639.19	0.014
639.38	0.014
639.57	0.014
639.76	0.014
639.95	0.014
640.14	0.014
640.34	0.015
640.53	0.015
640.72	0.015
640.91	0.015
641.10	0.015
641.30	0.015
641.49	0.014
641.68	0.014
641.87	0.014
642.06	0.014
642.25	0.014
642.44	0.014
642.64	0.014
642.83	0.014
643.02	0.014
643.21	0.014
643.40	0.014
643.59	0.014
643.79	0.013
643.98	0.013
644.17	0.013
644.36	0.013
644.55	0.013
644.74	0.013
644.93	0.013
645.13	0.013
645.32	0.013
645.51	0.014
645.70	0.014
645.89	0.014
646.08	0.015
646.27	0.015
646.46	0.015
646.66	0.015
646.85	0.015
647.04	0.015
647.23	0.015
647.42	0.015
647.61	0.015
647.80	0.015
647.99	0.014
648.19	0.014
648.38	0.014
648.57	0.014
648.76	0.014
648.95	0.014
649.14	0.014
649.33	0.014
649.52	0.014
649.71	0.014
649.91	0.014
650.10	0.014
650.29	0.014
650.48	0.014
650.67	0.014
650.86	0.014
651.05	0.014
651.24	0.014
651.43	0.014
651.62	0.014
651.81	0.014
652.01	0.014
652.20	0.014
652.39	0.014
652.58	0.014
652.77	0.014
652.96	0.014
653.15	0.014
653.34	0.014
653.53	0.014
653.72	0.014
653.91	0.015
654.10	0.016
654.29	0.016
654.48	0.016
654.68	0.016
654.87	0.016
655.06	0.015
655.25	0.014
655.44	0.014
655.63	0.013
655.82	0.013
656.01	0.012
656.20	0.012
656.39	0.011
656.58	0.011
656.77	0.012
656.96	0.013
657.15	0.013
657.34	0.013
657.53	0.013
657.72	0.013
657.91	0.013
658.10	0.013
658.29	0.013
658.48	0.014
658.68	0.014
658.87	0.014
659.06	0.014
659.25	0.014
659.44	0.014
659.63	0.014
659.82	0.014
660.01	0.014
660.20	0.014
660.39	0.014
660.58	0.014
660.77	0.014
660.96	0.013
661.15	0.013
661.34	0.013
661.53	0.013
661.72	0.013
661.91	0.013
662.10	0.014
662.29	0.014
662.48	0.014
662.67	0.014
662.86	0.014
663.05	0.014
663.24	0.014
663.43	0.014
663.62	0.014
663.81	0.014
664.00	0.014
664.19	0.014
664.38	0.014
664.57	0.014
664.76	0.014
664.95	0.014
665.14	0.014
665.33	0.014
665.52	0.014
665.71	0.014
665.90	0.014
666.09	0.014
666.28	0.014
666.46	0.014
666.65	0.013
666.84	0.014
667.03	0.013
667.22	0.013
667.41	0.013
667.60	0.013
667.79	0.013
667.98	0.012
668.17	0.013
668.36	0.012
668.55	0.012
668.74	0.012
668.93	0.012
669.12	0.012
669.31	0.012
669.50	0.012
669.69	0.012
669.88	0.012
670.07	0.013
670.26	0.013
670.44	0.013
670.63	0.013
670.82	0.013
671.01	0.013
671.20	0.013
671.39	0.013
671.58	0.013
671.77	0.013
671.96	0.012
672.15	0.012
672.34	0.013
672.53	0.013
672.72	0.013
672.91	0.013
673.09	0.013
673.28	0.013
673.47	0.013
673.66	0.014
673.85	0.014
674.04	0.013
674.23	0.013
674.42	0.014
674.61	0.014
674.80	0.014
674.98	0.014
675.17	0.013
675.36	0.013
675.55	0.013
675.74	0.013
675.93	0.012
676.12	0.012
676.31	0.012
676.50	0.012
676.69	0.012
676.87	0.012
677.06	0.012
677.25	0.013
677.44	0.013
677.63	0.013
677.82	0.013
678.01	0.013
678.20	0.013
678.38	0.013
678.57	0.013
678.76	0.013
678.95	0.012
679.14	0.012
679.33	0.012
679.52	0.013
679.71	0.013
679.89	0.013
680.08	0.013
680.27	0.013
680.46	0.013
680.65	0.012
680.84	0.012
681.02	0.012
681.21	0.012
681.40	0.012
681.59	0.012
681.78	0.012
681.97	0.013
682.16	0.013
682.34	0.013
682.53	0.013
682.72	0.013
682.91	0.013
683.10	0.013
683.29	0.014
683.47	0.014
683.66	0.013
683.85	0.013
684.04	0.014
684.23	0.014
684.42	0.014
684.60	0.014
684.79	0.014
684.98	0.014
685.17	0.013
685.36	0.013
685.54	0.014
685.73	0.014
685.92	0.014
686.11	0.013
686.30	0.013
686.49	0.013
686.67	0.013
686.86	0.013
687.05	0.013
687.24	0.013
687.43	0.013
687.61	0.013
687.80	0.013
687.99	0.013
688.18	0.013
688.36	0.013
688.55	0.013
688.74	0.013
688.93	0.013
689.12	0.013
689.30	0.013
689.49	0.013
689.68	0.013
689.87	0.013
690.06	0.013
690.24	0.013
690.43	0.013
690.62	0.013
690.81	0.013
690.99	0.012
691.18	0.012
691.37	0.012
691.56	0.013
691.74	0.013
691.93	0.012
692.12	0.012
692.31	0.012
692.50	0.013
692.68	0.013
692.87	0.013
693.06	0.013
693.25	0.012
693.43	0.012
693.62	0.012
693.81	0.013
694.00	0.012
694.18	0.012
694.37	0.012
694.56	0.012
694.74	0.012
694.93	0.012
695.12	0.012
695.31	0.012
695.49	0.012
695.68	0.012
695.87	0.012
696.06	0.012
696.24	0.013
696.43	0.013
696.62	0.013
696.80	0.013
696.99	0.013
697.18	0.013
697.37	0.013
697.55	0.013
697.74	0.013
697.93	0.013
698.12	0.013
698.30	0.013
698.49	0.013
698.68	0.013
698.86	0.013
699.05	0.012
699.24	0.012
699.42	0.012
699.61	0.012
699.80	0.012
699.99	0.012
700.17	0.013
700.36	0.013
700.55	0.012
700.73	0.012
700.92	0.012
701.11	0.012
701.29	0.013
701.48	0.013
701.67	0.012
701.85	0.012
702.04	0.012
702.23	0.012
702.41	0.012
702.60	0.012
702.79	0.012
702.97	0.011
703.16	0.011
703.35	0.011
703.53	0.011
703.72	0.012
703.91	0.012
704.09	0.012
704.28	0.012
704.47	0.011
704.65	0.012
704.84	0.012
705.03	0.012
705.21	0.012
705.40	0.012
705.59	0.012
705.77	0.012
705.96	0.012
706.15	0.012
706.33	0.012
706.52	0.012
706.71	0.012
706.89	0.012
707.08	0.012
707.26	0.012
707.45	0.012
707.64	0.012
707.82	0.012
708.01	0.012
708.20	0.012
708.38	0.012
708.57	0.012
708.75	0.012
708.94	0.012
709.13	0.012
709.31	0.012
709.50	0.012
709.69	0.012
709.87	0.012
710.06	0.012
710.24	0.012
710.43	0.012
710.62	0.012
710.80	0.012
710.99	0.012
711.17	0.012
711.36	0.012
711.55	0.012
711.73	0.012
711.92	0.012
712.10	0.013
712.29	0.013
712.48	0.013
712.66	0.013
712.85	0.013
713.03	0.013
713.22	0.012
713.40	0.012
713.59	0.012
713.78	0.012
713.96	0.013
714.15	0.013
714.33	0.013
714.52	0.012
714.71	0.012
714.89	0.013
715.08	0.013
715.26	0.013
715.45	0.012
715.63	0.012
715.82	0.012
716.00	0.012
716.19	0.013
716.38	0.012
716.56	0.012
716.75	0.012
716.93	0.012
717.12	0.012
717.30	0.012
717.49	0.012
717.67	0.012
717.86	0.012
718.05	0.012
718.23	0.012
718.42	0.012
718.60	0.013
718.79	0.013
718.97	0.013
719.16	0.013
719.34	0.012
719.53	0.012
719.71	0.012
719.90	0.012
720.08	0.012
720.27	0.011
720.45	0.011
720.64	0.011
720.83	0.011
721.01	0.011
721.20	0.012
721.38	0.012
721.57	0.012
721.75	0.012
721.94	0.012
722.12	0.011
722.31	0.011
722.49	0.011
722.68	0.011
722.86	0.011
723.05	0.011
723.23	0.011
723.42	0.011
723.60	0.011
723.79	0.011
723.97	0.011
724.16	0.011
724.34	0.011
724.53	0.011
724.71	0.011
724.90	0.011
725.08	0.011
725.27	0.011
725.45	0.011
725.64	0.011
725.82	0.011
726.00	0.011
726.19	0.011
726.37	0.011
726.56	0.011
726.74	0.011
726.93	0.012
727.11	0.012
727.30	0.012
727.48	0.012
727.67	0.012
727.85	0.012
728.04	0.012
728.22	0.012
728.40	0.012
728.59	0.012
728.77	0.012
728.96	0.012
729.14	0.011
729.33	0.011
729.51	0.012
729.70	0.012
729.88	0.012
730.07	0.012
730.25	0.012
730.43	0.012
730.62	0.012
730.80	0.012
730.99	0.012
731.17	0.012
731.36	0.012
731.54	0.012
731.72	0.011
731.91	0.011
732.09	0.011
732.28	0.011
732.46	0.012
732.65	0.012
732.83	0.012
733.01	0.012
733.20	0.012
733.38	0.012
733.57	0.012
733.75	0.012
733.93	0.012
734.12	0.011
734.30	0.011
734.49	0.011
734.67	0.012
734.85	0.012
735.04	0.011
735.22	0.011
735.41	0.011
735.59	0.011
735.77	0.011
735.96	0.011
736.14	0.011
736.33	0.011
736.51	0.011
736.69	0.011
736.88	0.012
737.06	0.012
737.25	0.012
737.43	0.012
737.61	0.012
737.80	0.013
737.98	0.013
738.16	0.012
738.35	0.012
738.53	0.012
738.71	0.012
738.90	0.012
739.08	0.011
739.27	0.012
739.45	0.011
739.63	0.011
739.82	0.011
740.00	0.011
740.18	0.011
740.37	0.011
740.55	0.011
740.73	0.011
740.92	0.011
741.10	0.011
741.28	0.011
741.47	0.011
741.65	0.011
741.83	0.011
742.02	0.011
742.20	0.011
742.38	0.011
742.57	0.011
742.75	0.011
742.93	0.011
743.12	0.011
743.30	0.011
743.48	0.011
743.67	0.012
743.85	0.011
744.03	0.012
744.22	0.011
744.40	0.011
744.58	0.011
744.77	0.011
744.95	0.011
745.13	0.011
745.32	0.011
745.50	0.011
745.68	0.011
745.87	0.011
746.05	0.011
746.23	0.011
746.41	0.011
746.60	0.011
746.78	0.011
746.96	0.011
747.15	0.012
747.33	0.011
747.51	0.012
747.70	0.012
747.88	0.012
748.06	0.012
748.24	0.012
748.43	0.012
748.61	0.012
748.79	0.012
748.97	0.012
749.16	0.012
749.34	0.012
749.52	0.012
749.71	0.012
749.89	0.012
750.07	0.012
750.25	0.012
750.44	0.012
750.62	0.012
750.80	0.011
750.98	0.011
751.17	0.011
751.35	0.011
751.53	0.011
751.71	0.011
751.90	0.011
752.08	0.011
752.26	0.011
752.44	0.011
752.63	0.012
752.81	0.012
752.99	0.011
753.17	0.011
753.36	0.011
753.54	0.011
753.72	0.011
753.90	0.011
754.09	0.012
754.27	0.011
754.45	0.011
754.63	0.012
754.82	0.012
755.00	0.011
755.18	0.012
755.36	0.012
755.54	0.012
755.73	0.012
755.91	0.012
756.09	0.011
756.27	0.012
756.45	0.012
756.64	0.012
756.82	0.012
757.00	0.012
757.18	0.012
757.37	0.012
757.55	0.012
757.73	0.013
757.91	0.012
758.09	0.012
758.27	0.012
758.46	0.012
758.64	0.012
758.82	0.012
759.00	0.012
759.18	0.012
759.37	0.012
759.55	0.012
759.73	0.012
759.91	0.012
760.09	0.012
760.28	0.012
760.46	0.012
760.64	0.012
760.82	0.012
761.00	0.012
761.18	0.013
761.37	0.013
761.55	0.013
761.73	0.013
761.91	0.013
762.09	0.013
762.27	0.013
762.46	0.013
762.64	0.013
762.82	0.013
763.00	0.012
763.18	0.012
763.36	0.012
763.54	0.012
763.73	0.012
763.91	0.012
764.09	0.012
764.27	0.011
764.45	0.011
764.63	0.012
764.81	0.012
765.00	0.012
765.18	0.012
765.36	0.012
765.54	0.012
765.72	0.012
765.90	0.012
766.08	0.012
766.27	0.012
766.45	0.012
766.63	0.011
766.81	0.012
766.99	0.012
767.17	0.012
767.35	0.012
767.53	0.012
767.71	0.012
767.90	0.012
768.08	0.012
768.26	0.012
768.44	0.012
768.62	0.012
768.80	0.012
768.98	0.012
769.16	0.012
769.34	0.011
769.52	0.011
769.71	0.012
769.89	0.012
770.07	0.011
770.25	0.011
770.43	0.011
770.61	0.012
770.79	0.012
770.97	0.012
771.15	0.012
771.33	0.012
771.51	0.012
771.69	0.012
771.88	0.012
772.06	0.012
772.24	0.012
772.42	0.012
772.60	0.012
772.78	0.012
772.96	0.012
773.14	0.012
773.32	0.012
773.50	0.012
773.68	0.012
773.86	0.012
774.04	0.012
774.22	0.012
774.40	0.012
774.58	0.012
774.77	0.013
774.95	0.012
775.13	0.012
775.31	0.012
775.49	0.012
775.67	0.012
775.85	0.012
776.03	0.012
776.21	0.011
776.39	0.012
776.57	0.012
776.75	0.012
776.93	0.012
777.11	0.012
777.29	0.012
777.47	0.012
777.65	0.012
777.83	0.012
778.01	0.012
778.19	0.012
778.37	0.012
778.55	0.012
778.73	0.011
778.91	0.011
779.09	0.011
779.27	0.011
779.45	0.011
779.63	0.011
779.81	0.011
779.99	0.012
780.17	0.012
780.35	0.012
780.53	0.012
780.71	0.012
780.89	0.013
781.07	0.012
781.25	0.013
781.43	0.013
781.61	0.013
781.79	0.013
781.97	0.013
782.15	0.013
782.33	0.013
782.51	0.013
782.69	0.013
782.87	0.013
783.05	0.012
783.23	0.012
783.41	0.012
783.59	0.012
783.77	0.012
783.95	0.012
784.13	0.011
784.31	0.011
784.49	0.011
784.67	0.011
784.85	0.011
785.03	0.011
785.21	0.011
785.38	0.011
785.56	0.011
785.74	0.011
785.92	0.011
786.10	0.011
786.28	0.011
786.46	0.012
786.64	0.012
786.82	0.012
787.00	0.012
787.18	0.012
787.36	0.012
787.54	0.013
787.72	0.013
787.90	0.013
788.08	0.013
788.25	0.013
788.43	0.013
788.61	0.013
788.79	0.013
788.97	0.013
789.15	0.013
789.33	0.013
789.51	0.013
789.69	0.013
789.87	0.012
790.05	0.012
790.23	0.012
790.40	0.012
790.58	0.012
790.76	0.012
790.94	0.012
791.12	0.012
791.30	0.011
791.48	0.012
791.66	0.012
791.84	0.011
792.02	0.011
792.19	0.011
792.37	0.011
792.55	0.011
792.73	0.011
792.91	0.011
793.09	0.011
793.27	0.011
793.45	0.011
793.63	0.012
793.80	0.012
793.98	0.012
794.16	0.012
794.34	0.012
794.52	0.013
794.70	0.012
794.88	0.012
795.05	0.013
795.23	0.012
795.41	0.012
795.59	0.012
795.77	0.012
795.95	0.012
796.13	0.012
796.30	0.012
796.48	0.012
796.66	0.012
796.84	0.012
797.02	0.011
797.20	0.012
797.38	0.012
797.55	0.012
797.73	0.012
797.91	0.012
798.09	0.012
798.27	0.012
798.45	0.012
798.62	0.012
798.80	0.012
798.98	0.012
799.16	0.011
799.34	0.012
799.52	0.012
799.69	0.012
799.87	0.012
800.05	0.012
800.23	0.012
800.41	0.012
800.58	0.012
800.76	0.012
800.94	0.012
801.12	0.012
801.30	0.012
801.47	0.012
801.65	0.013
801.83	0.013
802.01	0.012
802.19	0.012
802.36	0.012
802.54	0.012
802.72	0.012
802.90	0.013
803.08	0.013
803.25	0.012
803.43	0.012
803.61	0.012
803.79	0.012
803.97	0.012
804.14	0.012
804.32	0.012
804.50	0.012
804.68	0.012
804.85	0.012
805.03	0.013
805.21	0.012
805.39	0.013
805.56	0.013
805.74	0.013
805.92	0.013
806.10	0.012
806.28	0.012
806.45	0.012
806.63	0.012
806.81	0.012
806.99	0.012
807.16	0.011
807.34	0.011
807.52	0.012
807.70	0.012
807.87	0.012
808.05	0.012
808.23	0.012
808.41	0.012
808.58	0.012
808.76	0.012
808.94	0.012
809.11	0.012
809.29	0.012
809.47	0.012
809.65	0.012
809.82	0.012
810.00	0.012
810.18	0.013
810.36	0.013
810.53	0.013
810.71	0.013
810.89	0.013
811.06	0.013
811.24	0.013
811.42	0.012
811.60	0.013
811.77	0.013
811.95	0.013
812.13	0.013
812.30	0.012
812.48	0.013
812.66	0.012
812.83	0.012
813.01	0.012
813.19	0.012
813.37	0.013
813.54	0.013
813.72	0.013
813.90	0.013
814.07	0.013
814.25	0.013
814.43	0.013
814.60	0.013
814.78	0.013
814.96	0.012
815.13	0.012
815.31	0.012
815.49	0.012
815.66	0.012
815.84	0.012
816.02	0.012
816.19	0.012
816.37	0.012
816.55	0.012
816.72	0.013
816.90	0.012
817.08	0.012
817.25	0.013
817.43	0.012
817.61	0.012
817.78	0.012
817.96	0.013
818.14	0.012
818.31	0.013
818.49	0.013
818.67	0.013
818.84	0.012
819.02	0.012
819.19	0.012
819.37	0.012
819.55	0.012
819.72	0.012
819.90	0.012
820.08	0.013
820.25	0.013
820.43	0.013
820.60	0.013
820.78	0.013
820.96	0.013
821.13	0.013
821.31	0.013
821.49	0.013
821.66	0.012
821.84	0.012
822.01	0.012
822.19	0.012
822.37	0.012
822.54	0.012
822.72	0.012
822.89	0.013
823.07	0.013
823.25	0.013
823.42	0.013
823.60	0.013
823.77	0.013
823.95	0.013
824.13	0.013
824.30	0.013
824.48	0.012
824.65	0.012
824.83	0.012
825.01	0.012
825.18	0.012
825.36	0.012
825.53	0.012
825.71	0.012
825.88	0.012
826.06	0.012
826.24	0.012
826.41	0.012
826.59	0.012
826.76	0.012
826.94	0.012
827.11	0.013
827.29	0.012
827.47	0.013
827.64	0.013
827.82	0.013
827.99	0.013
828.17	0.013
828.34	0.013
828.52	0.013
828.69	0.013
828.87	0.014
829.04	0.013
829.22	0.014
829.40	0.014
829.57	0.014
829.75	0.014
829.92	0.014
830.10	0.014
830.27	0.014
830.45	0.013
830.62	0.013
830.80	0.013
830.97	0.013
831.15	0.013
831.32	0.013
831.50	0.013
831.67	0.013
831.85	0.013
832.02	0.013
832.20	0.013
832.37	0.013
832.55	0.012
832.73	0.012
832.90	0.013
833.08	0.012
833.25	0.013
833.43	0.013
833.60	0.012
833.78	0.012
833.95	0.012
834.13	0.012
834.30	0.012
834.48	0.012
834.65	0.012
834.82	0.012
835.00	0.012
835.17	0.012
835.35	0.012
835.52	0.012
835.70	0.013
835.87	0.013
836.05	0.012
836.22	0.012
836.40	0.012
836.57	0.012
836.75	0.012
836.92	0.012
837.10	0.012
837.27	0.011
837.45	0.012
837.62	0.012
837.80	0.012
837.97	0.013
838.14	0.013
838.32	0.013
838.49	0.014
838.67	0.014
838.84	0.013
839.02	0.013
839.19	0.012
839.37	0.012
839.54	0.012
839.71	0.012
839.89	0.012
840.06	0.011
840.24	0.011
840.41	0.012
840.59	0.012
840.76	0.012
840.94	0.012
841.11	0.012
841.28	0.012
841.46	0.012
841.63	0.013
841.81	0.013
841.98	0.013
842.15	0.013
842.33	0.012
842.50	0.013
842.68	0.013
842.85	0.013
843.03	0.013
843.20	0.013
843.37	0.013
843.55	0.013
843.72	0.013
843.90	0.014
844.07	0.014
844.24	0.014
844.42	0.013
844.59	0.013
844.77	0.013
844.94	0.013
845.11	0.013
845.29	0.013
845.46	0.013
845.63	0.013
845.81	0.013
845.98	0.013
846.16	0.013
846.33	0.013
846.50	0.013
846.68	0.013
846.85	0.013
847.02	0.013
847.20	0.013
847.37	0.013
847.55	0.013
847.72	0.014
847.89	0.014
848.07	0.014
848.24	0.014
848.41	0.014
848.59	0.013
848.76	0.013
848.93	0.013
849.11	0.013
849.28	0.013
849.45	0.012
849.63	0.013
849.80	0.012
849.97	0.013
850.15	0.014
850.32	0.014
850.49	0.013
850.67	0.014
850.84	0.014
851.01	0.015
851.19	0.014
851.36	0.014
851.53	0.014
851.71	0.014
851.88	0.014
852.05	0.014
852.23	0.014
852.40	0.015
852.57	0.015
852.75	0.016
852.92	0.016
853.09	0.016
853.27	0.016
853.44	0.016
853.61	0.016
853.79	0.017
853.96	0.016
854.13	0.016
854.30	0.015
854.48	0.015
854.65	0.016
854.82	0.016
855.00	0.016
855.17	0.015
855.34	0.015
855.51	0.015
855.69	0.016
855.86	0.016
856.03	0.015
856.21	0.016
856.38	0.015
856.55	0.016
856.72	0.016
856.90	0.016
857.07	0.015
857.24	0.015
857.42	0.015
857.59	0.015
857.76	0.014
857.93	0.015
858.11	0.015
858.28	0.015
858.45	0.015
858.62	0.016
858.80	0.016
858.97	0.016
859.14	0.016
859.31	0.017
859.49	0.017
859.66	0.017
859.83	0.017
860.00	0.016
860.18	0.016
860.35	0.016
860.52	0.016
860.69	0.016
860.86	0.016
861.04	0.016
861.21	0.016
861.38	0.016
861.55	0.016
861.73	0.016
861.90	0.017
862.07	0.017
862.24	0.018
862.42	0.018
862.59	0.018
862.76	0.019
862.93	0.019
863.10	0.019
863.28	0.019
863.45	0.018
863.62	0.018
863.79	0.018
863.96	0.018
864.14	0.018
864.31	0.018
864.48	0.018
864.65	0.019
864.82	0.019
865.00	0.019
865.17	0.019
865.34	0.019
865.51	0.019
865.68	0.020
865.86	0.020
866.03	0.020
866.20	0.020
866.37	0.020
866.54	0.020
866.71	0.020
866.89	0.021
867.06	0.021
867.23	0.021
867.40	0.021
867.57	0.020
867.74	0.021
867.92	0.021
868.09	0.021
868.26	0.021
868.43	0.022
868.60	0.022
868.77	0.022
868.95	0.021
869.12	0.021
869.29	0.021
869.46	0.021
869.63	0.020
869.80	0.020
869.97	0.021
870.15	0.021
870.32	0.020
870.49	0.021
870.66	0.022
870.83	0.021
871.00	0.022
871.17	0.022
871.34	0.022
871.52	0.022
871.69	0.022
871.86	0.022
872.03	0.022
872.20	0.022
872.37	0.022
872.54	0.022
872.71	0.023
872.89	0.022
873.06	0.022
873.23	0.023
873.40	0.022
873.57	0.023
873.74	0.023
873.91	0.023
874.08	0.023
874.25	0.023
874.42	0.024
874.60	0.024
874.77	0.023
874.94	0.023
875.11	0.023
875.28	0.023
875.45	0.023
875.62	0.023
875.79	0.024
875.96	0.024
876.13	0.025
876.30	0.025
876.47	0.025
876.65	0.026
876.82	0.025
876.99	0.024
877.16	0.024
877.33	0.024
877.50	0.023
877.67	0.023
877.84	0.023
878.01	0.023
878.18	0.023
878.35	0.023
878.52	0.024
878.69	0.024
878.86	0.024
879.03	0.024
879.20	0.024
879.38	0.024
879.55	0.025
879.72	0.026
879.89	0.026
880.06	0.026
880.23	0.026
880.40	0.026
880.57	0.026
880.74	0.026
880.91	0.026
881.08	0.025
881.25	0.024
881.42	0.024
881.59	0.024
881.76	0.024
881.93	0.024
882.10	0.024
882.27	0.026
882.44	0.026
882.61	0.025
882.78	0.026
882.95	0.026
883.12	0.026
883.29	0.026
883.46	0.027
883.63	0.027
883.80	0.026
883.97	0.026
884.14	0.026
884.31	0.026
884.48	0.026
884.65	0.027
884.82	0.027
884.99	0.026
885.16	0.026
885.33	0.026
885.50	0.026
885.67	0.026
885.84	0.027
886.01	0.025
886.18	0.025
886.35	0.025
886.52	0.024
886.69	0.024
886.86	0.025
887.03	0.025
887.20	0.024
887.37	0.024
887.54	0.025
887.71	0.025
887.88	0.026
888.05	0.027
888.22	0.027
888.39	0.027
888.55	0.028
888.72	0.027
888.89	0.027
889.06	0.028
889.23	0.027
889.40	0.026
889.57	0.026
889.74	0.026
889.91	0.026
890.08	0.025
890.25	0.025
890.42	0.024
890.59	0.024
890.76	0.024
890.93	0.024
891.10	0.024
891.26	0.023
891.43	0.023
891.60	0.023
891.77	0.023
891.94	0.023
892.11	0.023
892.28	0.022
892.45	0.022
892.62	0.023
892.79	0.023
892.96	0.023
893.13	0.024
893.29	0.025
893.46	0.026
893.63	0.025
893.80	0.026
893.97	0.027
894.14	0.027
894.31	0.026
894.48	0.027
894.65	0.027
894.81	0.028
894.98	0.022
