177.34	-1.601
177.56	-1.601
177.78	-1.601
178.00	-1.005
178.22	-0.349
178.44	-0.407
178.66	-0.543
178.89	-0.442
179.11	-0.000
179.33	-0.521
179.55	-0.000
179.77	-0.000
179.99	-0.000
180.21	-0.000
180.43	1.825
180.65	0.868
180.87	0.819
181.09	0.760
181.31	0.637
181.53	0.619
181.75	0.511
181.97	0.547
182.19	0.576
182.41	0.527
182.63	0.499
182.85	0.462
183.07	0.471
183.30	0.469
183.52	0.506
183.74	0.539
183.96	0.516
184.18	0.522
184.40	0.559
184.62	0.585
184.84	0.636
185.06	0.631
185.28	0.699
185.50	0.737
185.72	0.753
185.94	0.813
186.16	0.809
186.38	0.830
186.60	0.815
186.82	0.906
187.04	0.914
187.26	0.968
187.48	0.861
187.70	0.917
187.92	0.925
188.14	0.959
188.36	0.998
188.58	1.002
188.80	1.007
189.02	1.050
189.24	0.999
189.46	1.033
189.68	1.072
189.90	1.087
190.12	1.172
190.34	1.132
190.56	1.219
190.78	1.223
191.00	1.278
191.22	1.327
191.44	1.377
191.66	1.410
191.88	1.429
192.10	1.342
192.32	1.422
192.54	1.388
192.76	1.358
192.98	1.367
193.20	1.392
193.42	1.457
193.64	1.379
193.86	1.388
194.08	1.434
194.30	1.430
194.52	1.464
194.74	1.504
194.96	1.499
195.18	1.527
195.40	1.513
195.62	1.614
195.84	1.634
196.06	1.590
196.28	1.658
196.50	1.605
196.72	1.596
196.94	1.612
197.16	1.541
197.38	1.613
197.60	1.580
197.82	1.614
198.04	1.624
198.26	1.617
198.48	1.656
198.70	1.687
198.92	1.667
199.13	1.736
199.35	1.671
199.57	1.699
199.79	1.678
200.01	1.688
200.23	1.677
200.45	1.710
200.67	1.701
200.89	1.703
201.11	1.708
201.33	1.714
201.55	1.707
201.77	1.717
201.99	1.742
202.21	1.788
202.43	1.763
202.65	1.844
202.87	1.840
203.09	1.827
203.31	1.892
203.52	1.891
203.74	1.925
203.96	1.915
204.18	1.922
204.40	1.930
204.62	1.843
204.84	1.838
205.06	1.877
205.28	1.843
205.50	1.826
205.72	1.839
205.94	1.857
206.16	1.826
206.38	1.824
206.59	1.878
206.81	1.914
207.03	1.950
207.25	1.955
207.47	2.004
207.69	2.012
207.91	1.981
208.13	2.001
208.35	2.023
208.57	2.054
208.79	2.083
209.01	2.063
209.22	2.051
209.44	2.110
209.66	2.109
209.88	2.129
210.10	2.115
210.32	2.146
210.54	2.086
210.76	2.074
210.98	2.098
211.20	2.118
211.42	2.095
211.63	2.091
211.85	2.166
212.07	2.191
212.29	2.163
212.51	2.180
212.73	2.187
212.95	2.179
213.17	2.177
213.39	2.220
213.60	2.215
213.82	2.211
214.04	2.189
214.26	2.254
214.48	2.272
214.70	2.297
214.92	2.305
215.14	2.321
215.35	2.262
215.57	2.295
215.79	2.272
216.01	2.315
216.23	2.290
216.45	2.366
216.67	2.424
216.89	2.352
217.10	2.342
217.32	2.338
217.54	2.351
217.76	2.342
217.98	2.300
218.20	2.305
218.42	2.274
218.64	2.272
218.85	2.290
219.07	2.364
219.29	2.402
219.51	2.385
219.73	2.422
219.95	2.449
220.17	2.403
220.38	2.387
220.60	2.375
220.82	2.357
221.04	2.337
221.26	2.345
221.48	2.388
221.69	2.345
221.91	2.364
222.13	2.394
222.35	2.391
222.57	2.374
222.79	2.402
223.00	2.362
223.22	2.350
223.44	2.343
223.66	2.352
223.88	2.319
224.10	2.346
224.32	2.352
224.53	2.373
224.75	2.374
224.97	2.387
225.19	2.398
225.41	2.365
225.62	2.358
225.84	2.391
226.06	2.359
226.28	2.385
226.50	2.355
226.72	2.350
226.93	2.347
227.15	2.363
227.37	2.361
227.59	2.383
227.81	2.363
228.02	2.364
228.24	2.348
228.46	2.360
228.68	2.363
228.90	2.348
229.12	2.317
229.33	2.331
229.55	2.331
229.77	2.334
229.99	2.339
230.21	2.315
230.42	2.295
230.64	2.282
230.86	2.267
231.08	2.261
231.30	2.245
231.51	2.225
231.73	2.212
231.95	2.214
232.17	2.213
232.38	2.193
232.60	2.174
232.82	2.173
233.04	2.147
233.26	2.121
233.47	2.112
233.69	2.084
233.91	2.051
234.13	2.032
234.35	2.023
234.56	2.015
234.78	1.989
235.00	1.978
235.22	1.964
235.43	1.950
235.65	1.943
235.87	1.931
236.09	1.916
236.30	1.900
236.52	1.881
236.74	1.872
236.96	1.868
237.18	1.859
237.39	1.845
237.61	1.831
237.83	1.819
238.05	1.808
238.26	1.797
238.48	1.788
238.70	1.778
238.92	1.763
239.13	1.752
239.35	1.739
239.57	1.728
239.79	1.722
240.00	1.712
240.22	1.706
240.44	1.698
240.66	1.685
240.87	1.676
241.09	1.663
241.31	1.652
241.53	1.647
241.74	1.634
241.96	1.623
242.18	1.615
242.40	1.608
242.61	1.601
242.83	1.594
243.05	1.590
243.27	1.583
243.48	1.577
243.70	1.574
243.92	1.569
244.13	1.559
244.35	1.551
244.57	1.549
244.79	1.545
245.00	1.541
245.22	1.540
245.44	1.535
245.65	1.530
245.87	1.524
246.09	1.524
246.31	1.521
246.52	1.518
246.74	1.513
246.96	1.512
247.18	1.508
247.39	1.507
247.61	1.504
247.83	1.505
248.04	1.505
248.26	1.503
248.48	1.498
248.69	1.496
248.91	1.492
249.13	1.491
249.35	1.487
249.56	1.485
249.78	1.482
250.00	1.477
250.21	1.477
250.43	1.475
250.65	1.474
250.86	1.475
251.08	1.470
251.30	1.467
251.51	1.465
251.73	1.464
251.95	1.462
252.17	1.459
252.38	1.458
252.60	1.457
252.82	1.452
253.03	1.456
253.25	1.456
253.47	1.456
253.68	1.456
253.90	1.454
254.12	1.451
254.33	1.450
254.55	1.449
254.77	1.450
254.98	1.448
255.20	1.448
255.42	1.445
255.63	1.441
255.85	1.441
256.07	1.443
256.28	1.443
256.50	1.443
256.72	1.442
256.93	1.438
257.15	1.434
257.37	1.435
257.58	1.438
257.80	1.439
258.02	1.438
258.23	1.437
258.45	1.435
258.67	1.431
258.88	1.431
259.10	1.431
259.32	1.429
259.53	1.427
259.75	1.426
259.96	1.424
260.18	1.421
260.40	1.423
260.61	1.423
260.83	1.425
261.05	1.426
261.26	1.426
261.48	1.425
261.70	1.423
261.91	1.423
262.13	1.423
262.34	1.421
262.56	1.421
262.78	1.418
262.99	1.416
263.21	1.415
263.43	1.411
263.64	1.411
263.86	1.409
264.07	1.410
264.29	1.410
264.51	1.409
264.72	1.407
264.94	1.405
265.16	1.402
265.37	1.403
265.59	1.402
265.80	1.402
266.02	1.399
266.24	1.395
266.45	1.393
266.67	1.392
266.88	1.392
267.10	1.391
267.32	1.388
267.53	1.385
267.75	1.381
267.96	1.378
268.18	1.377
268.40	1.375
268.61	1.372
268.83	1.369
269.04	1.367
269.26	1.365
269.48	1.363
269.69	1.360
269.91	1.358
270.12	1.356
270.34	1.354
270.56	1.353
270.77	1.350
270.99	1.347
271.20	1.346
271.42	1.344
271.64	1.342
271.85	1.338
272.07	1.336
272.28	1.332
272.50	1.327
272.71	1.324
272.93	1.322
273.15	1.317
273.36	1.314
273.58	1.308
273.79	1.306
274.01	1.303
274.22	1.299
274.44	1.298
274.66	1.297
274.87	1.293
275.09	1.290
275.30	1.286
275.52	1.286
275.73	1.283
275.95	1.279
276.16	1.274
276.38	1.269
276.60	1.264
276.81	1.259
277.03	1.256
277.24	1.251
277.46	1.245
277.67	1.239
277.89	1.234
278.10	1.232
278.32	1.228
278.53	1.223
278.75	1.218
278.97	1.215
279.18	1.210
279.40	1.205
279.61	1.201
279.83	1.196
280.04	1.191
280.26	1.186
280.47	1.180
280.69	1.175
280.90	1.168
281.12	1.163
281.33	1.158
281.55	1.153
281.76	1.147
281.98	1.142
282.20	1.136
282.41	1.131
282.63	1.128
282.84	1.121
283.06	1.116
283.27	1.111
283.49	1.105
283.70	1.098
283.92	1.091
284.13	1.084
284.35	1.077
284.56	1.071
284.78	1.066
284.99	1.058
285.21	1.051
285.42	1.044
285.64	1.037
285.85	1.030
286.07	1.024
286.28	1.019
286.50	1.011
286.71	1.003
286.93	0.996
287.14	0.989
287.36	0.982
287.57	0.975
287.79	0.968
288.00	0.959
288.22	0.952
288.43	0.943
288.65	0.936
288.86	0.929
289.08	0.922
289.29	0.914
289.51	0.907
289.72	0.900
289.94	0.894
290.15	0.887
290.37	0.881
290.58	0.875
290.80	0.869
291.01	0.862
291.22	0.856
291.44	0.849
291.65	0.842
291.87	0.836
292.08	0.830
292.30	0.823
292.51	0.818
292.73	0.811
292.94	0.805
293.16	0.799
293.37	0.793
293.59	0.787
293.80	0.782
294.02	0.776
294.23	0.770
294.44	0.764
294.66	0.758
294.87	0.752
295.09	0.747
295.30	0.741
295.52	0.735
295.73	0.729
295.95	0.724
296.16	0.719
296.37	0.714
296.59	0.708
296.80	0.703
297.02	0.697
297.23	0.692
297.45	0.687
297.66	0.682
297.88	0.676
298.09	0.672
298.30	0.667
298.52	0.663
298.73	0.658
298.95	0.653
299.16	0.649
299.38	0.645
299.59	0.640
299.80	0.636
300.02	0.631
300.23	0.626
300.45	0.622
300.66	0.617
300.88	0.613
301.09	0.609
301.30	0.605
301.52	0.601
301.73	0.596
301.95	0.593
302.16	0.588
302.37	0.584
302.59	0.580
302.80	0.576
303.02	0.572
303.23	0.568
303.45	0.564
303.66	0.560
303.87	0.557
304.09	0.553
304.30	0.549
304.52	0.545
304.73	0.542
304.94	0.539
305.16	0.536
305.37	0.533
305.59	0.530
305.80	0.527
306.01	0.524
306.23	0.521
306.44	0.518
306.65	0.516
306.87	0.512
307.08	0.509
307.30	0.507
307.51	0.504
307.72	0.502
307.94	0.499
308.15	0.496
308.37	0.494
308.58	0.491
308.79	0.490
309.01	0.487
309.22	0.484
309.43	0.481
309.65	0.478
309.86	0.475
310.07	0.472
310.29	0.468
310.50	0.465
310.72	0.461
310.93	0.458
311.14	0.454
311.36	0.451
311.57	0.448
311.78	0.445
312.00	0.443
312.21	0.440
312.42	0.438
312.64	0.436
312.85	0.433
313.07	0.431
313.28	0.429
313.49	0.427
313.71	0.425
313.92	0.423
314.13	0.421
314.35	0.419
314.56	0.416
314.77	0.414
314.99	0.412
315.20	0.409
315.41	0.407
315.63	0.405
315.84	0.402
316.05	0.400
316.27	0.398
316.48	0.396
316.69	0.394
316.91	0.392
317.12	0.390
317.33	0.388
317.55	0.386
317.76	0.385
317.97	0.382
318.19	0.380
318.40	0.378
318.61	0.376
318.83	0.374
319.04	0.372
319.25	0.370
319.47	0.368
319.68	0.365
319.89	0.363
320.10	0.361
320.32	0.359
320.53	0.358
320.74	0.356
320.96	0.354
321.17	0.352
321.38	0.350
321.60	0.349
321.81	0.347
322.02	0.346
322.24	0.343
322.45	0.342
322.66	0.340
322.87	0.338
323.09	0.337
323.30	0.335
323.51	0.333
323.73	0.331
323.94	0.330
324.15	0.329
324.36	0.327
324.58	0.325
324.79	0.323
325.00	0.321
325.22	0.319
325.43	0.318
325.64	0.316
325.85	0.314
326.07	0.313
326.28	0.311
326.49	0.310
326.71	0.308
326.92	0.307
327.13	0.305
327.34	0.304
327.56	0.302
327.77	0.301
327.98	0.299
328.19	0.298
328.41	0.296
328.62	0.294
328.83	0.292
329.04	0.291
329.26	0.289
329.47	0.288
329.68	0.286
329.90	0.285
330.11	0.284
330.32	0.283
330.53	0.281
330.75	0.280
330.96	0.278
331.17	0.277
331.38	0.276
331.60	0.275
331.81	0.273
332.02	0.271
332.23	0.270
332.44	0.268
332.66	0.267
332.87	0.266
333.08	0.264
333.29	0.263
333.51	0.261
333.72	0.259
333.93	0.259
334.14	0.257
334.36	0.256
334.57	0.255
334.78	0.253
334.99	0.252
335.21	0.251
335.42	0.250
335.63	0.249
335.84	0.248
336.05	0.247
336.27	0.246
336.48	0.245
336.69	0.244
336.90	0.242
337.11	0.241
337.33	0.240
337.54	0.238
337.75	0.237
337.96	0.236
338.18	0.234
338.39	0.233
338.60	0.232
338.81	0.231
339.02	0.230
339.24	0.229
339.45	0.228
339.66	0.227
339.87	0.226
340.08	0.224
340.30	0.223
340.51	0.222
340.72	0.221
340.93	0.220
341.14	0.218
341.36	0.217
341.57	0.216
341.78	0.215
341.99	0.214
342.20	0.213
342.41	0.212
342.63	0.211
342.84	0.209
343.05	0.208
343.26	0.207
343.47	0.206
343.69	0.206
343.90	0.205
344.11	0.203
344.32	0.203
344.53	0.202
344.74	0.201
344.96	0.200
345.17	0.199
345.38	0.198
345.59	0.197
345.80	0.196
346.01	0.195
346.23	0.194
346.44	0.193
346.65	0.192
346.86	0.191
347.07	0.190
347.28	0.189
347.50	0.187
347.71	0.187
347.92	0.185
348.13	0.184
348.34	0.184
348.55	0.183
348.76	0.183
348.98	0.181
349.19	0.181
349.40	0.181
349.61	0.180
349.82	0.179
350.03	0.178
350.24	0.177
350.46	0.176
350.67	0.175
350.88	0.173
351.09	0.172
351.30	0.171
351.51	0.170
351.72	0.169
351.93	0.168
352.15	0.168
352.36	0.167
352.57	0.165
352.78	0.165
352.99	0.164
353.20	0.163
353.41	0.163
353.62	0.162
353.84	0.161
354.05	0.160
354.26	0.159
354.47	0.158
354.68	0.157
354.89	0.156
355.10	0.156
355.31	0.155
355.52	0.154
355.74	0.153
355.95	0.153
356.16	0.152
356.37	0.151
356.58	0.151
356.79	0.150
357.00	0.149
357.21	0.148
357.42	0.148
357.63	0.147
357.85	0.146
358.06	0.145
358.27	0.145
358.48	0.145
358.69	0.143
358.90	0.143
359.11	0.142
359.32	0.141
359.53	0.140
359.74	0.140
359.95	0.138
360.17	0.137
360.38	0.136
360.59	0.136
360.80	0.136
361.01	0.135
361.22	0.134
361.43	0.134
361.64	0.133
361.85	0.133
362.06	0.132
362.27	0.131
362.48	0.130
362.69	0.129
362.90	0.128
363.12	0.128
363.33	0.127
363.54	0.126
363.75	0.125
363.96	0.124
364.17	0.124
364.38	0.123
364.59	0.123
364.80	0.122
365.01	0.121
365.22	0.121
365.43	0.120
365.64	0.119
365.85	0.118
366.06	0.118
366.27	0.117
366.48	0.117
366.69	0.116
366.90	0.115
367.11	0.114
367.32	0.114
367.54	0.113
367.75	0.112
367.96	0.111
368.17	0.110
368.38	0.110
368.59	0.109
368.80	0.108
369.01	0.107
369.22	0.107
369.43	0.106
369.64	0.105
369.85	0.105
370.06	0.105
370.27	0.104
370.48	0.103
370.69	0.103
370.90	0.103
371.11	0.103
371.32	0.102
371.53	0.101
371.74	0.101
371.95	0.100
372.16	0.100
372.37	0.099
372.58	0.098
372.79	0.098
373.00	0.097
373.21	0.097
373.42	0.097
373.63	0.096
373.84	0.096
374.05	0.096
374.26	0.096
374.47	0.096
374.68	0.095
374.89	0.094
375.10	0.093
375.31	0.093
375.52	0.093
375.73	0.093
375.94	0.092
376.15	0.091
376.36	0.090
376.57	0.090
376.78	0.090
376.99	0.090
377.20	0.089
377.41	0.088
377.62	0.088
377.83	0.087
378.04	0.087
378.25	0.087
378.46	0.086
378.67	0.085
378.88	0.084
379.09	0.084
379.30	0.083
379.51	0.083
379.72	0.083
379.92	0.082
380.13	0.082
380.34	0.081
380.55	0.081
380.76	0.081
380.97	0.080
381.18	0.080
381.39	0.079
381.60	0.079
381.81	0.079
382.02	0.078
382.23	0.078
382.44	0.078
382.65	0.077
382.86	0.078
383.07	0.077
383.28	0.076
383.49	0.076
383.70	0.075
383.91	0.075
384.11	0.075
384.32	0.074
384.53	0.073
384.74	0.072
384.95	0.071
385.16	0.071
385.37	0.070
385.58	0.070
385.79	0.070
386.00	0.070
386.21	0.070
386.42	0.069
386.63	0.069
386.84	0.069
387.04	0.069
387.25	0.069
387.46	0.068
387.67	0.068
387.88	0.068
388.09	0.067
388.30	0.067
388.51	0.066
388.72	0.066
388.93	0.066
389.14	0.065
389.34	0.065
389.55	0.065
389.76	0.064
389.97	0.064
390.18	0.065
390.39	0.065
390.60	0.064
390.81	0.064
391.02	0.064
391.23	0.064
391.43	0.064
391.64	0.064
391.85	0.063
392.06	0.062
392.27	0.061
392.48	0.061
392.69	0.061
392.90	0.060
393.11	0.059
393.31	0.059
393.52	0.059
393.73	0.058
393.94	0.058
394.15	0.059
394.36	0.058
394.57	0.058
394.78	0.057
394.98	0.057
395.19	0.056
395.40	0.056
395.61	0.057
395.82	0.056
396.03	0.056
396.24	0.056
396.44	0.056
396.65	0.056
396.86	0.056
397.07	0.056
397.28	0.056
397.49	0.056
397.70	0.056
397.90	0.055
398.11	0.054
398.32	0.054
398.53	0.054
398.74	0.053
398.95	0.053
399.16	0.053
399.36	0.053
399.57	0.052
399.78	0.052
399.99	0.052
400.20	0.052
400.41	0.052
400.61	0.052
400.82	0.051
401.03	0.050
401.24	0.050
401.45	0.050
401.66	0.050
401.86	0.050
402.07	0.049
402.28	0.049
402.49	0.049
402.70	0.049
402.91	0.049
403.11	0.048
403.32	0.047
403.53	0.047
403.74	0.048
403.95	0.047
404.15	0.047
404.36	0.046
404.57	0.047
404.78	0.046
404.99	0.047
405.20	0.046
405.40	0.046
405.61	0.046
405.82	0.046
406.03	0.046
406.24	0.046
406.44	0.046
406.65	0.046
406.86	0.046
407.07	0.046
407.28	0.047
407.48	0.047
407.69	0.046
407.90	0.046
408.11	0.046
408.32	0.046
408.52	0.046
408.73	0.046
408.94	0.046
409.15	0.045
409.35	0.044
409.56	0.044
409.77	0.044
409.98	0.044
410.19	0.043
410.39	0.043
410.60	0.043
410.81	0.043
411.02	0.042
411.22	0.042
411.43	0.042
411.64	0.042
411.85	0.042
412.05	0.042
412.26	0.042
412.47	0.042
412.68	0.041
412.89	0.041
413.09	0.041
413.30	0.041
413.51	0.040
413.72	0.040
413.92	0.040
414.13	0.039
414.34	0.039
414.55	0.039
414.75	0.039
414.96	0.039
415.17	0.039
415.38	0.040
415.58	0.040
415.79	0.040
416.00	0.040
416.21	0.040
416.41	0.040
416.62	0.040
416.83	0.039
417.03	0.039
417.24	0.038
417.45	0.039
417.66	0.038
417.86	0.038
418.07	0.038
418.28	0.038
418.49	0.038
418.69	0.038
418.90	0.038
419.11	0.038
419.31	0.037
419.52	0.037
419.73	0.037
419.94	0.037
420.14	0.037
420.35	0.036
420.56	0.036
420.76	0.035
420.97	0.036
421.18	0.035
421.39	0.035
421.59	0.035
421.80	0.035
422.01	0.035
422.21	0.035
422.42	0.035
422.63	0.036
422.84	0.035
423.04	0.035
423.25	0.035
423.46	0.035
423.66	0.035
423.87	0.035
424.08	0.035
424.28	0.034
424.49	0.033
424.70	0.033
424.90	0.033
425.11	0.033
425.32	0.033
425.52	0.033
425.73	0.033
425.94	0.033
426.15	0.033
426.35	0.033
426.56	0.033
426.77	0.033
426.97	0.033
427.18	0.033
427.39	0.033
427.59	0.033
427.80	0.033
428.01	0.033
428.21	0.033
428.42	0.032
428.63	0.033
428.83	0.032
429.04	0.032
429.25	0.032
429.45	0.032
429.66	0.031
429.87	0.031
430.07	0.031
430.28	0.031
430.48	0.031
430.69	0.031
430.90	0.030
431.10	0.030
431.31	0.029
431.52	0.029
431.72	0.030
431.93	0.029
432.14	0.029
432.34	0.029
432.55	0.029
432.76	0.029
432.96	0.029
433.17	0.029
433.37	0.030
433.58	0.030
433.79	0.030
433.99	0.030
434.20	0.030
434.41	0.029
434.61	0.030
434.82	0.031
435.02	0.030
435.23	0.030
435.44	0.030
435.64	0.029
435.85	0.029
436.06	0.029
436.26	0.029
436.47	0.028
436.67	0.027
436.88	0.028
437.09	0.028
437.29	0.028
437.50	0.027
437.70	0.027
437.91	0.027
438.12	0.026
438.32	0.026
438.53	0.026
438.73	0.026
438.94	0.026
439.15	0.026
439.35	0.027
439.56	0.027
439.76	0.027
439.97	0.027
440.18	0.028
440.38	0.028
440.59	0.028
440.79	0.028
441.00	0.028
441.20	0.028
441.41	0.027
441.62	0.027
441.82	0.028
442.03	0.027
442.23	0.026
442.44	0.026
442.65	0.026
442.85	0.026
443.06	0.026
443.26	0.026
443.47	0.026
443.67	0.025
443.88	0.025
444.09	0.025
444.29	0.025
444.50	0.025
444.70	0.025
444.91	0.025
445.11	0.025
445.32	0.025
445.52	0.025
445.73	0.025
445.94	0.025
446.14	0.025
446.35	0.025
446.55	0.026
446.76	0.026
446.96	0.025
447.17	0.025
447.37	0.025
447.58	0.024
447.78	0.024
447.99	0.024
448.20	0.024
448.40	0.024
448.61	0.024
448.81	0.024
449.02	0.025
449.22	0.024
449.43	0.025
449.63	0.025
449.84	0.025
450.04	0.025
450.25	0.024
450.45	0.024
450.66	0.024
450.86	0.023
451.07	0.023
451.27	0.023
451.48	0.023
451.68	0.023
451.89	0.023
452.09	0.024
452.30	0.023
452.50	0.023
452.71	0.023
452.91	0.024
453.12	0.024
453.33	0.024
453.53	0.024
453.74	0.023
453.94	0.023
454.15	0.023
454.35	0.023
454.56	0.023
454.76	0.023
454.96	0.023
455.17	0.023
455.37	0.023
455.58	0.023
455.78	0.023
455.99	0.024
456.19	0.024
456.40	0.024
456.60	0.023
456.81	0.023
457.01	0.023
457.22	0.022
457.42	0.021
457.63	0.022
457.83	0.022
458.04	0.021
458.24	0.021
458.45	0.022
458.65	0.021
458.86	0.021
459.06	0.022
459.27	0.022
459.47	0.022
459.67	0.022
459.88	0.022
460.08	0.021
460.29	0.021
460.49	0.020
460.70	0.021
460.90	0.020
461.11	0.020
461.31	0.019
461.52	0.019
461.72	0.019
461.92	0.020
462.13	0.020
462.33	0.021
462.54	0.021
462.74	0.021
462.95	0.022
463.15	0.022
463.36	0.022
463.56	0.022
463.76	0.021
463.97	0.022
464.17	0.021
464.38	0.021
464.58	0.021
464.79	0.021
464.99	0.020
465.19	0.020
465.40	0.020
465.60	0.020
465.81	0.020
466.01	0.020
466.22	0.020
466.42	0.020
466.62	0.020
466.83	0.021
467.03	0.021
467.24	0.021
467.44	0.021
467.65	0.021
467.85	0.021
468.05	0.020
468.26	0.020
468.46	0.020
468.67	0.020
468.87	0.021
469.07	0.021
469.28	0.020
469.48	0.021
469.69	0.021
469.89	0.021
470.09	0.021
470.30	0.021
470.50	0.021
470.71	0.020
470.91	0.020
471.11	0.020
471.32	0.020
471.52	0.020
471.72	0.020
471.93	0.020
472.13	0.020
472.34	0.020
472.54	0.020
472.74	0.019
472.95	0.019
473.15	0.019
473.35	0.019
473.56	0.019
473.76	0.018
473.97	0.019
474.17	0.018
474.37	0.018
474.58	0.018
474.78	0.018
474.98	0.018
475.19	0.018
475.39	0.018
475.60	0.018
475.80	0.018
476.00	0.018
476.21	0.019
476.41	0.019
476.61	0.019
476.82	0.019
477.02	0.019
477.22	0.018
477.43	0.018
477.63	0.017
477.83	0.018
478.04	0.018
478.24	0.019
478.44	0.019
478.65	0.019
478.85	0.019
479.05	0.019
479.26	0.019
479.46	0.019
479.66	0.019
479.87	0.019
480.07	0.018
480.27	0.018
480.48	0.018
480.68	0.018
480.88	0.018
481.09	0.018
481.29	0.018
481.49	0.018
481.70	0.018
481.90	0.017
482.10	0.017
482.31	0.017
482.51	0.017
482.71	0.017
482.92	0.017
483.12	0.017
483.32	0.017
483.52	0.018
483.73	0.018
483.93	0.018
484.13	0.018
484.34	0.017
484.54	0.017
484.74	0.017
484.95	0.017
485.15	0.017
485.35	0.017
485.55	0.018
485.76	0.018
485.96	0.018
486.16	0.017
486.37	0.017
486.57	0.018
486.77	0.018
486.97	0.017
487.18	0.017
487.38	0.017
487.58	0.017
487.79	0.017
487.99	0.018
488.19	0.018
488.39	0.018
488.60	0.017
488.80	0.018
489.00	0.017
489.20	0.017
489.41	0.017
489.61	0.016
489.81	0.016
490.02	0.015
490.22	0.015
490.42	0.016
490.62	0.016
490.83	0.016
491.03	0.016
491.23	0.016
491.43	0.016
491.64	0.017
491.84	0.017
492.04	0.016
492.24	0.017
492.45	0.017
492.65	0.017
492.85	0.017
493.05	0.016
493.26	0.016
493.46	0.017
493.66	0.016
493.86	0.017
494.07	0.017
494.27	0.017
494.47	0.017
494.67	0.017
494.87	0.017
495.08	0.017
495.28	0.017
495.48	0.018
495.68	0.018
495.89	0.018
496.09	0.018
496.29	0.017
496.49	0.017
496.69	0.017
496.90	0.017
497.10	0.017
497.30	0.017
497.50	0.016
497.71	0.016
497.91	0.016
498.11	0.016
498.31	0.016
498.51	0.016
498.72	0.016
498.92	0.015
499.12	0.015
499.32	0.015
499.52	0.016
499.73	0.016
499.93	0.016
500.13	0.016
500.33	0.016
500.53	0.016
500.74	0.016
500.94	0.016
501.14	0.016
501.34	0.016
501.54	0.016
501.74	0.015
501.95	0.016
502.15	0.016
502.35	0.015
502.55	0.016
502.75	0.016
502.96	0.016
503.16	0.016
503.36	0.016
503.56	0.016
503.76	0.016
503.96	0.015
504.17	0.015
504.37	0.015
504.57	0.016
504.77	0.016
504.97	0.016
505.17	0.016
505.38	0.015
505.58	0.015
505.78	0.015
505.98	0.016
506.18	0.016
506.38	0.015
506.58	0.014
506.79	0.015
506.99	0.015
507.19	0.015
507.39	0.015
507.59	0.015
507.79	0.015
507.99	0.015
508.20	0.015
508.40	0.015
508.60	0.014
508.80	0.015
509.00	0.015
509.20	0.015
509.40	0.015
509.61	0.014
509.81	0.014
510.01	0.014
510.21	0.013
510.41	0.014
510.61	0.013
510.81	0.014
511.01	0.014
511.22	0.014
511.42	0.014
511.62	0.015
511.82	0.014
512.02	0.015
512.22	0.015
512.42	0.015
512.62	0.015
512.82	0.015
513.03	0.015
513.23	0.015
513.43	0.014
513.63	0.014
513.83	0.014
514.03	0.014
514.23	0.014
514.43	0.013
514.63	0.014
514.83	0.014
515.04	0.014
515.24	0.014
515.44	0.014
515.64	0.013
515.84	0.014
516.04	0.014
516.24	0.014
516.44	0.014
516.64	0.014
516.84	0.014
517.04	0.014
517.24	0.014
517.45	0.015
517.65	0.015
517.85	0.015
518.05	0.014
518.25	0.014
518.45	0.013
518.65	0.013
518.85	0.013
519.05	0.013
519.25	0.014
519.45	0.014
519.65	0.013
519.85	0.014
520.05	0.015
520.25	0.015
520.46	0.015
520.66	0.014
520.86	0.015
521.06	0.014
521.26	0.014
521.46	0.014
521.66	0.014
521.86	0.014
522.06	0.014
522.26	0.014
522.46	0.015
522.66	0.014
522.86	0.014
523.06	0.014
523.26	0.014
523.46	0.013
523.66	0.013
523.86	0.013
524.06	0.013
524.26	0.013
524.46	0.013
524.66	0.014
524.86	0.013
525.06	0.014
525.26	0.014
525.46	0.014
525.66	0.014
525.87	0.015
526.07	0.014
526.27	0.014
526.47	0.014
526.67	0.014
526.87	0.014
527.07	0.014
527.27	0.014
527.47	0.014
527.67	0.014
527.87	0.014
528.07	0.014
528.27	0.014
528.47	0.014
528.67	0.014
528.87	0.014
529.07	0.013
529.27	0.013
529.47	0.013
529.67	0.013
529.87	0.012
530.07	0.012
530.27	0.012
530.47	0.012
530.67	0.012
530.87	0.011
531.06	0.012
531.26	0.012
531.46	0.012
531.66	0.012
531.86	0.012
532.06	0.013
532.26	0.013
532.46	0.013
532.66	0.013
532.86	0.013
533.06	0.013
533.26	0.013
533.46	0.013
533.66	0.013
533.86	0.013
534.06	0.013
534.26	0.013
534.46	0.013
534.66	0.013
534.86	0.013
535.06	0.013
535.26	0.014
535.46	0.014
535.66	0.014
535.86	0.015
536.06	0.015
536.26	0.015
536.45	0.014
536.65	0.014
536.85	0.014
537.05	0.014
537.25	0.014
537.45	0.014
537.65	0.013
537.85	0.013
538.05	0.013
538.25	0.013
538.45	0.012
538.65	0.012
538.85	0.012
539.05	0.012
539.25	0.012
539.44	0.011
539.64	0.011
539.84	0.011
540.04	0.011
540.24	0.012
540.44	0.012
540.64	0.013
540.84	0.013
541.04	0.013
541.24	0.013
541.44	0.013
541.64	0.013
541.83	0.013
542.03	0.013
542.23	0.013
542.43	0.012
542.63	0.012
542.83	0.013
543.03	0.013
543.23	0.013
543.43	0.013
543.63	0.013
543.82	0.012
544.02	0.013
544.22	0.013
544.42	0.013
544.62	0.012
544.82	0.012
545.02	0.012
545.22	0.012
545.42	0.012
545.61	0.012
545.81	0.012
546.01	0.012
546.21	0.011
546.41	0.012
546.61	0.012
546.81	0.011
547.01	0.011
547.20	0.011
547.40	0.011
547.60	0.011
547.80	0.010
548.00	0.010
548.20	0.011
548.40	0.011
548.59	0.011
548.79	0.011
548.99	0.011
549.19	0.012
549.39	0.012
549.59	0.011
549.79	0.012
549.98	0.012
550.18	0.012
550.38	0.012
550.58	0.012
550.78	0.012
550.98	0.012
551.17	0.012
551.37	0.012
551.57	0.012
551.77	0.012
551.97	0.012
552.17	0.012
552.36	0.012
552.56	0.012
552.76	0.012
552.96	0.012
553.16	0.013
553.36	0.013
553.55	0.012
553.75	0.012
553.95	0.012
554.15	0.012
554.35	0.012
554.55	0.012
554.74	0.012
554.94	0.011
555.14	0.011
555.34	0.012
555.54	0.011
555.73	0.011
555.93	0.012
556.13	0.012
556.33	0.012
556.53	0.011
556.72	0.011
556.92	0.010
557.12	0.010
557.32	0.011
557.52	0.011
557.71	0.011
557.91	0.011
558.11	0.011
558.31	0.012
558.51	0.012
558.70	0.012
558.90	0.012
559.10	0.012
559.30	0.012
559.49	0.012
559.69	0.011
559.89	0.011
560.09	0.011
560.29	0.011
560.48	0.010
560.68	0.011
560.88	0.010
561.08	0.010
561.27	0.010
561.47	0.011
561.67	0.011
561.87	0.011
562.06	0.011
562.26	0.012
562.46	0.012
562.66	0.012
562.86	0.011
563.05	0.011
563.25	0.011
563.45	0.012
563.65	0.012
563.84	0.012
564.04	0.012
564.24	0.012
564.44	0.012
564.63	0.011
564.83	0.011
565.03	0.011
565.22	0.011
565.42	0.011
565.62	0.011
565.82	0.011
566.01	0.012
566.21	0.012
566.41	0.013
566.61	0.012
566.80	0.012
567.00	0.012
567.20	0.012
567.40	0.011
567.59	0.012
567.79	0.011
567.99	0.011
568.18	0.011
568.38	0.011
568.58	0.012
568.78	0.011
568.97	0.011
569.17	0.011
569.37	0.011
569.56	0.011
569.76	0.012
569.96	0.012
570.16	0.012
570.35	0.011
570.55	0.011
570.75	0.011
570.94	0.011
571.14	0.011
571.34	0.011
571.53	0.011
571.73	0.011
571.93	0.011
572.12	0.011
572.32	0.011
572.52	0.011
572.72	0.011
572.91	0.011
573.11	0.011
573.31	0.011
573.50	0.011
573.70	0.011
573.90	0.011
574.09	0.011
574.29	0.011
574.49	0.011
574.68	0.011
574.88	0.010
575.08	0.010
575.27	0.010
575.47	0.010
575.67	0.010
575.86	0.011
576.06	0.011
576.26	0.011
576.45	0.011
576.65	0.011
576.85	0.011
577.04	0.011
577.24	0.010
577.44	0.010
577.63	0.010
577.83	0.010
578.02	0.009
578.22	0.010
578.42	0.010
578.61	0.010
578.81	0.010
579.01	0.010
579.20	0.011
579.40	0.011
579.60	0.011
579.79	0.011
579.99	0.012
580.19	0.011
580.38	0.011
580.58	0.010
580.77	0.010
580.97	0.009
581.17	0.009
581.36	0.008
581.56	0.008
581.75	0.007
581.95	0.007
582.15	0.008
582.34	0.009
582.54	0.009
582.74	0.010
582.93	0.011
583.13	0.011
583.32	0.012
583.52	0.012
583.72	0.012
583.91	0.012
584.11	0.012
584.30	0.012
584.50	0.011
584.70	0.011
584.89	0.010
585.09	0.010
585.28	0.009
585.48	0.010
585.68	0.010
585.87	0.010
586.07	0.010
586.26	0.010
586.46	0.010
586.66	0.010
586.85	0.010
587.05	0.010
587.24	0.009
587.44	0.009
587.63	0.009
587.83	0.010
588.03	0.009
588.22	0.010
588.42	0.010
588.61	0.010
588.81	0.010
589.00	0.010
589.20	0.011
589.40	0.011
589.59	0.011
589.79	0.010
589.98	0.011
590.18	0.011
590.37	0.011
590.57	0.010
590.76	0.010
590.96	0.010
591.16	0.010
591.35	0.011
591.55	0.011
591.74	0.011
591.94	0.011
592.13	0.011
592.33	0.010
592.52	0.010
592.72	0.010
592.91	0.010
593.11	0.010
593.30	0.009
593.50	0.009
593.70	0.010
593.89	0.009
594.09	0.010
594.28	0.010
594.48	0.010
594.67	0.010
594.87	0.010
595.06	0.010
595.26	0.010
595.45	0.010
595.65	0.010
595.84	0.010
596.04	0.010
596.23	0.010
596.43	0.010
596.62	0.010
596.82	0.010
597.01	0.010
597.21	0.010
597.40	0.010
597.60	0.009
597.79	0.010
597.99	0.010
598.18	0.010
598.38	0.010
598.57	0.010
598.77	0.009
598.96	0.009
599.16	0.009
599.35	0.009
599.55	0.009
599.74	0.008
599.94	0.008
600.13	0.009
600.33	0.009
600.52	0.009
600.72	0.009
600.91	0.010
601.11	0.010
601.30	0.010
601.50	0.011
601.69	0.011
601.89	0.011
602.08	0.010
602.27	0.010
602.47	0.010
602.66	0.009
602.86	0.010
603.05	0.009
603.25	0.009
603.44	0.009
603.64	0.009
603.83	0.009
604.03	0.008
604.22	0.009
604.41	0.009
604.61	0.009
604.80	0.009
605.00	0.008
605.19	0.008
605.39	0.008
605.58	0.009
605.78	0.009
605.97	0.009
606.16	0.009
606.36	0.009
606.55	0.009
606.75	0.009
606.94	0.009
607.14	0.009
607.33	0.008
607.52	0.008
607.72	0.008
607.91	0.008
608.11	0.008
608.30	0.009
608.50	0.009
608.69	0.009
608.88	0.009
609.08	0.009
609.27	0.009
609.47	0.009
609.66	0.009
609.85	0.009
610.05	0.009
610.24	0.008
610.44	0.008
610.63	0.008
610.83	0.009
611.02	0.009
611.21	0.010
611.41	0.010
611.60	0.010
611.80	0.010
611.99	0.010
612.18	0.010
612.38	0.010
612.57	0.010
612.76	0.010
612.96	0.010
613.15	0.010
613.35	0.010
613.54	0.010
613.73	0.010
613.93	0.010
614.12	0.009
614.32	0.009
614.51	0.008
614.70	0.009
614.90	0.009
615.09	0.009
615.28	0.009
615.48	0.009
615.67	0.009
615.86	0.009
616.06	0.009
616.25	0.010
616.45	0.010
616.64	0.010
616.83	0.010
617.03	0.010
617.22	0.010
617.41	0.009
617.61	0.009
617.80	0.010
617.99	0.010
618.19	0.009
618.38	0.009
618.57	0.009
618.77	0.009
618.96	0.009
619.15	0.009
619.35	0.009
619.54	0.009
619.73	0.009
619.93	0.009
620.12	0.009
620.31	0.009
620.51	0.009
620.70	0.009
620.89	0.009
621.09	0.009
621.28	0.009
621.47	0.009
621.67	0.008
621.86	0.008
622.05	0.008
622.25	0.008
622.44	0.009
622.63	0.009
622.83	0.009
623.02	0.009
623.21	0.009
623.41	0.009
623.60	0.009
623.79	0.009
623.98	0.009
624.18	0.009
624.37	0.009
624.56	0.009
624.76	0.009
624.95	0.009
625.14	0.009
625.33	0.009
625.53	0.009
625.72	0.009
625.91	0.009
626.11	0.009
626.30	0.009
626.49	0.009
626.68	0.009
626.88	0.009
627.07	0.009
627.26	0.009
627.46	0.009
627.65	0.009
627.84	0.009
628.03	0.010
628.23	0.009
628.42	0.009
628.61	0.009
628.80	0.009
629.00	0.009
629.19	0.008
629.38	0.008
629.58	0.008
629.77	0.008
629.96	0.008
630.15	0.009
630.35	0.009
630.54	0.009
630.73	0.009
630.92	0.009
631.12	0.009
631.31	0.008
631.50	0.009
631.69	0.009
631.89	0.008
632.08	0.008
632.27	0.008
632.46	0.008
632.65	0.008
632.85	0.008
633.04	0.008
633.23	0.008
633.42	0.008
633.62	0.009
633.81	0.009
634.00	0.009
634.19	0.009
634.39	0.009
634.58	0.009
634.77	0.009
634.96	0.009
635.15	0.009
635.35	0.009
635.54	0.009
635.73	0.009
635.92	0.009
636.11	0.009
636.31	0.009
636.50	0.009
636.69	0.009
636.88	0.009
637.07	0.010
637.27	0.010
637.46	0.009
637.65	0.009
637.84	0.009
638.03	0.009
638.23	0.009
638.42	0.009
638.61	0.009
638.80	0.009
638.99	0.009
639.19	0.009
639.38	0.009
639.57	0.008
639.76	0.008
639.95	0.008
640.14	0.009
640.34	0.008
640.53	0.008
640.72	0.008
640.91	0.008
641.10	0.008
641.30	0.008
641.49	0.008
641.68	0.007
641.87	0.007
642.06	0.008
642.25	0.007
642.44	0.008
642.64	0.008
642.83	0.008
643.02	0.009
643.21	0.009
643.40	0.009
643.59	0.009
643.79	0.009
643.98	0.009
644.17	0.009
644.36	0.008
644.55	0.009
644.74	0.009
644.93	0.009
645.13	0.009
645.32	0.009
645.51	0.009
645.70	0.009
645.89	0.009
646.08	0.009
646.27	0.009
646.46	0.009
646.66	0.009
646.85	0.009
647.04	0.009
647.23	0.009
647.42	0.009
647.61	0.009
647.80	0.009
647.99	0.009
648.19	0.008
648.38	0.008
648.57	0.008
648.76	0.008
648.95	0.008
649.14	0.009
649.33	0.008
649.52	0.008
649.71	0.008
649.91	0.008
650.10	0.008
650.29	0.008
650.48	0.008
650.67	0.008
650.86	0.007
651.05	0.008
651.24	0.008
651.43	0.008
651.62	0.008
651.81	0.008
652.01	0.008
652.20	0.007
652.39	0.007
652.58	0.007
652.77	0.007
652.96	0.007
653.15	0.007
653.34	0.007
653.53	0.008
653.72	0.008
653.91	0.009
654.10	0.011
654.29	0.011
654.48	0.011
654.68	0.010
654.87	0.009
655.06	0.008
655.25	0.008
655.44	0.007
655.63	0.007
655.82	0.006
656.01	0.006
656.20	0.006
656.39	0.006
656.58	0.007
656.77	0.008
656.96	0.008
657.15	0.009
657.34	0.008
657.53	0.008
657.72	0.009
657.91	0.009
658.10	0.009
658.29	0.008
658.48	0.009
658.68	0.009
658.87	0.008
659.06	0.009
659.25	0.009
659.44	0.008
659.63	0.009
659.82	0.009
660.01	0.009
660.20	0.009
660.39	0.009
660.58	0.009
660.77	0.009
660.96	0.008
661.15	0.008
661.34	0.008
661.53	0.008
661.72	0.008
661.91	0.008
662.10	0.008
662.29	0.008
662.48	0.009
662.67	0.009
662.86	0.009
663.05	0.008
663.24	0.009
663.43	0.008
663.62	0.008
663.81	0.008
664.00	0.008
664.19	0.008
664.38	0.008
664.57	0.007
664.76	0.007
664.95	0.007
665.14	0.007
665.33	0.007
665.52	0.007
665.71	0.007
665.90	0.007
666.09	0.008
666.28	0.008
666.46	0.008
666.65	0.008
666.84	0.008
667.03	0.008
667.22	0.008
667.41	0.008
667.60	0.008
667.79	0.008
667.98	0.008
668.17	0.008
668.36	0.008
668.55	0.008
668.74	0.008
668.93	0.008
669.12	0.008
669.31	0.008
669.50	0.008
669.69	0.008
669.88	0.008
670.07	0.008
670.26	0.008
670.44	0.008
670.63	0.008
670.82	0.008
671.01	0.008
671.20	0.007
671.39	0.007
671.58	0.007
671.77	0.007
671.96	0.007
672.15	0.008
672.34	0.008
672.53	0.008
672.72	0.008
672.91	0.009
673.09	0.009
673.28	0.009
673.47	0.009
673.66	0.009
673.85	0.008
674.04	0.008
674.23	0.009
674.42	0.008
674.61	0.008
674.80	0.008
674.98	0.008
675.17	0.008
675.36	0.007
675.55	0.007
675.74	0.007
675.93	0.007
676.12	0.007
676.31	0.007
676.50	0.006
676.69	0.007
676.87	0.007
677.06	0.007
677.25	0.007
677.44	0.007
677.63	0.007
677.82	0.007
678.01	0.007
678.20	0.008
678.38	0.008
678.57	0.008
678.76	0.008
678.95	0.007
679.14	0.008
679.33	0.007
679.52	0.007
679.71	0.008
679.89	0.008
680.08	0.008
680.27	0.009
680.46	0.009
680.65	0.009
680.84	0.009
681.02	0.009
681.21	0.009
681.40	0.009
681.59	0.009
681.78	0.008
681.97	0.008
682.16	0.008
682.34	0.008
682.53	0.008
682.72	0.008
682.91	0.008
683.10	0.008
683.29	0.008
683.47	0.008
683.66	0.008
683.85	0.008
684.04	0.008
684.23	0.008
684.42	0.008
684.60	0.008
684.79	0.008
684.98	0.008
685.17	0.008
685.36	0.008
685.54	0.008
685.73	0.008
685.92	0.007
686.11	0.007
686.30	0.007
686.49	0.007
686.67	0.007
686.86	0.007
687.05	0.008
687.24	0.008
687.43	0.008
687.61	0.008
687.80	0.009
687.99	0.008
688.18	0.008
688.36	0.008
688.55	0.008
688.74	0.007
688.93	0.007
689.12	0.007
689.30	0.007
689.49	0.007
689.68	0.007
689.87	0.008
690.06	0.008
690.24	0.008
690.43	0.008
690.62	0.008
690.81	0.008
690.99	0.008
691.18	0.008
691.37	0.008
691.56	0.008
691.74	0.008
691.93	0.007
692.12	0.008
692.31	0.008
692.50	0.008
692.68	0.008
692.87	0.008
693.06	0.007
693.25	0.007
693.43	0.008
693.62	0.008
693.81	0.008
694.00	0.007
694.18	0.007
694.37	0.007
694.56	0.007
694.74	0.007
694.93	0.007
695.12	0.007
695.31	0.008
695.49	0.008
695.68	0.008
695.87	0.009
696.06	0.009
696.24	0.009
696.43	0.008
696.62	0.009
696.80	0.008
696.99	0.007
697.18	0.007
697.37	0.007
697.55	0.007
697.74	0.007
697.93	0.007
698.12	0.007
698.30	0.007
698.49	0.007
698.68	0.007
698.86	0.008
699.05	0.007
699.24	0.007
699.42	0.007
699.61	0.007
699.80	0.008
699.99	0.007
700.17	0.008
700.36	0.007
700.55	0.007
700.73	0.007
700.92	0.007
701.11	0.007
701.29	0.007
701.48	0.007
701.67	0.007
701.85	0.007
702.04	0.007
702.23	0.007
702.41	0.007
702.60	0.007
702.79	0.008
702.97	0.008
703.16	0.008
703.35	0.008
703.53	0.008
703.72	0.008
703.91	0.007
704.09	0.008
704.28	0.008
704.47	0.007
704.65	0.007
704.84	0.007
705.03	0.006
705.21	0.006
705.40	0.007
705.59	0.007
705.77	0.006
705.96	0.006
706.15	0.007
706.33	0.007
706.52	0.007
706.71	0.007
706.89	0.007
707.08	0.007
707.26	0.007
707.45	0.007
707.64	0.007
707.82	0.007
708.01	0.007
708.20	0.007
708.38	0.007
708.57	0.007
708.75	0.007
708.94	0.007
709.13	0.007
709.31	0.007
709.50	0.007
709.69	0.008
709.87	0.007
710.06	0.008
710.24	0.007
710.43	0.007
710.62	0.007
710.80	0.007
710.99	0.007
711.17	0.007
711.36	0.007
711.55	0.007
711.73	0.007
711.92	0.007
712.10	0.007
712.29	0.007
712.48	0.007
712.66	0.007
712.85	0.007
713.03	0.007
713.22	0.007
713.40	0.007
713.59	0.007
713.78	0.007
713.96	0.008
714.15	0.007
714.33	0.007
714.52	0.007
714.71	0.007
714.89	0.006
715.08	0.006
715.26	0.006
715.45	0.005
715.63	0.006
715.82	0.006
716.00	0.005
716.19	0.006
716.38	0.006
716.56	0.006
716.75	0.006
716.93	0.006
717.12	0.006
717.30	0.006
717.49	0.006
717.67	0.007
717.86	0.006
718.05	0.006
718.23	0.006
718.42	0.007
718.60	0.007
718.79	0.007
718.97	0.007
719.16	0.007
719.34	0.007
719.53	0.007
719.71	0.008
719.90	0.008
720.08	0.008
720.27	0.008
720.45	0.008
720.64	0.008
720.83	0.007
721.01	0.007
721.20	0.007
721.38	0.007
721.57	0.007
721.75	0.007
721.94	0.007
722.12	0.007
722.31	0.008
722.49	0.007
722.68	0.008
722.86	0.008
723.05	0.008
723.23	0.008
723.42	0.008
723.60	0.008
723.79	0.008
723.97	0.008
724.16	0.008
724.34	0.008
724.53	0.008
724.71	0.008
724.90	0.008
725.08	0.007
725.27	0.007
725.45	0.007
725.64	0.008
725.82	0.007
726.00	0.007
726.19	0.007
726.37	0.007
726.56	0.007
726.74	0.007
726.93	0.007
727.11	0.007
727.30	0.006
727.48	0.006
727.67	0.006
727.85	0.006
728.04	0.006
728.22	0.006
728.40	0.006
728.59	0.006
728.77	0.006
728.96	0.006
729.14	0.007
729.33	0.006
729.51	0.006
729.70	0.006
729.88	0.007
730.07	0.007
730.25	0.006
730.43	0.007
730.62	0.007
730.80	0.007
730.99	0.007
731.17	0.007
731.36	0.007
731.54	0.007
731.72	0.007
731.91	0.007
732.09	0.007
732.28	0.007
732.46	0.007
732.65	0.008
732.83	0.007
733.01	0.007
733.20	0.007
733.38	0.007
733.57	0.007
733.75	0.007
733.93	0.007
734.12	0.007
734.30	0.007
734.49	0.007
734.67	0.007
734.85	0.007
735.04	0.007
735.22	0.007
735.41	0.007
735.59	0.007
735.77	0.007
735.96	0.007
736.14	0.007
736.33	0.007
736.51	0.007
736.69	0.007
736.88	0.007
737.06	0.007
737.25	0.007
737.43	0.007
737.61	0.007
737.80	0.007
737.98	0.006
738.16	0.006
738.35	0.006
738.53	0.006
738.71	0.006
738.90	0.006
739.08	0.006
739.27	0.006
739.45	0.005
739.63	0.006
739.82	0.006
740.00	0.006
740.18	0.006
740.37	0.006
740.55	0.006
740.73	0.006
740.92	0.006
741.10	0.007
741.28	0.006
741.47	0.006
741.65	0.006
741.83	0.006
742.02	0.005
742.20	0.006
742.38	0.006
742.57	0.006
742.75	0.006
742.93	0.006
743.12	0.007
743.30	0.006
743.48	0.007
743.67	0.007
743.85	0.007
744.03	0.007
744.22	0.007
744.40	0.006
744.58	0.006
744.77	0.006
744.95	0.006
745.13	0.006
745.32	0.006
745.50	0.006
745.68	0.006
745.87	0.007
746.05	0.007
746.23	0.007
746.41	0.007
746.60	0.007
746.78	0.007
746.96	0.007
747.15	0.007
747.33	0.007
747.51	0.007
747.70	0.007
747.88	0.007
748.06	0.006
748.24	0.006
748.43	0.006
748.61	0.006
748.79	0.006
748.97	0.006
749.16	0.005
749.34	0.006
749.52	0.006
749.71	0.006
749.89	0.007
750.07	0.007
750.25	0.007
750.44	0.007
750.62	0.007
750.80	0.007
750.98	0.007
751.17	0.007
751.35	0.007
751.53	0.006
751.71	0.006
751.90	0.006
752.08	0.006
752.26	0.006
752.44	0.006
752.63	0.006
752.81	0.006
752.99	0.005
753.17	0.005
753.36	0.005
753.54	0.005
753.72	0.005
753.90	0.005
754.09	0.005
754.27	0.005
754.45	0.006
754.63	0.006
754.82	0.006
755.00	0.006
755.18	0.006
755.36	0.006
755.54	0.006
755.73	0.006
755.91	0.006
756.09	0.006
756.27	0.006
756.45	0.006
756.64	0.006
756.82	0.005
757.00	0.005
757.18	0.005
757.37	0.005
757.55	0.005
757.73	0.005
757.91	0.005
758.09	0.005
758.27	0.005
758.46	0.005
758.64	0.005
758.82	0.005
759.00	0.005
759.18	0.005
759.37	0.005
759.55	0.005
759.73	0.005
759.91	0.005
760.09	0.005
760.28	0.005
760.46	0.005
760.64	0.005
760.82	0.005
761.00	0.005
761.18	0.005
761.37	0.005
761.55	0.005
761.73	0.005
761.91	0.005
762.09	0.005
762.27	0.005
762.46	0.005
762.64	0.005
762.82	0.006
763.00	0.005
763.18	0.006
763.36	0.005
763.54	0.005
763.73	0.005
763.91	0.005
764.09	0.005
764.27	0.005
764.45	0.005
764.63	0.005
764.81	0.005
765.00	0.005
765.18	0.005
765.36	0.005
765.54	0.005
765.72	0.005
765.90	0.005
766.08	0.005
766.27	0.004
766.45	0.004
766.63	0.004
766.81	0.004
766.99	0.005
767.17	0.005
767.35	0.005
767.53	0.005
767.71	0.005
767.90	0.005
768.08	0.006
768.26	0.005
768.44	0.005
768.62	0.005
768.80	0.005
768.98	0.005
769.16	0.005
769.34	0.005
769.52	0.005
769.71	0.004
769.89	0.004
770.07	0.004
770.25	0.004
770.43	0.004
770.61	0.004
770.79	0.003
770.97	0.004
771.15	0.004
771.33	0.004
771.51	0.004
771.69	0.005
771.88	0.004
772.06	0.004
772.24	0.004
772.42	0.004
772.60	0.004
772.78	0.004
772.96	0.004
773.14	0.004
773.32	0.004
773.50	0.005
773.68	0.005
773.86	0.005
774.04	0.006
774.22	0.006
774.40	0.006
774.58	0.005
774.77	0.005
774.95	0.005
775.13	0.005
775.31	0.005
775.49	0.005
775.67	0.004
775.85	0.004
776.03	0.004
776.21	0.004
776.39	0.004
776.57	0.004
776.75	0.004
776.93	0.004
777.11	0.003
777.29	0.004
777.47	0.004
777.65	0.003
777.83	0.004
778.01	0.003
778.19	0.004
778.37	0.004
778.55	0.004
778.73	0.004
778.91	0.004
779.09	0.004
779.27	0.005
779.45	0.004
779.63	0.005
779.81	0.005
779.99	0.005
780.17	0.004
780.35	0.004
780.53	0.005
780.71	0.005
780.89	0.005
781.07	0.005
781.25	0.005
781.43	0.005
781.61	0.005
781.79	0.005
781.97	0.005
782.15	0.005
782.33	0.005
782.51	0.004
782.69	0.004
782.87	0.004
783.05	0.004
783.23	0.004
783.41	0.004
783.59	0.005
783.77	0.005
783.95	0.004
784.13	0.004
784.31	0.004
784.49	0.004
784.67	0.004
784.85	0.005
785.03	0.004
785.21	0.004
785.38	0.004
785.56	0.004
785.74	0.004
785.92	0.004
786.10	0.004
786.28	0.004
786.46	0.004
786.64	0.003
786.82	0.004
787.00	0.003
787.18	0.003
787.36	0.003
787.54	0.003
787.72	0.004
787.90	0.004
788.08	0.004
788.25	0.004
788.43	0.004
788.61	0.004
788.79	0.004
788.97	0.004
789.15	0.005
789.33	0.005
789.51	0.005
789.69	0.005
789.87	0.005
790.05	0.005
790.23	0.005
790.40	0.005
790.58	0.004
790.76	0.004
790.94	0.004
791.12	0.004
791.30	0.004
791.48	0.004
791.66	0.004
791.84	0.004
792.02	0.004
792.19	0.004
792.37	0.004
792.55	0.005
792.73	0.005
792.91	0.004
793.09	0.004
793.27	0.004
793.45	0.004
793.63	0.004
793.80	0.004
793.98	0.004
794.16	0.004
794.34	0.004
794.52	0.004
794.70	0.004
794.88	0.004
795.05	0.003
795.23	0.003
795.41	0.003
795.59	0.003
795.77	0.003
795.95	0.003
796.13	0.003
796.30	0.003
796.48	0.003
796.66	0.004
796.84	0.004
797.02	0.004
797.20	0.004
797.38	0.004
797.55	0.004
797.73	0.004
797.91	0.004
798.09	0.004
798.27	0.004
798.45	0.004
798.62	0.004
798.80	0.004
798.98	0.004
799.16	0.004
799.34	0.005
799.52	0.005
799.69	0.004
799.87	0.004
800.05	0.004
800.23	0.004
800.41	0.004
800.58	0.003
800.76	0.003
800.94	0.003
801.12	0.003
801.30	0.003
801.47	0.003
801.65	0.003
801.83	0.004
802.01	0.004
802.19	0.004
802.36	0.005
802.54	0.005
802.72	0.005
802.90	0.005
803.08	0.005
803.25	0.005
803.43	0.004
803.61	0.004
803.79	0.004
803.97	0.003
804.14	0.003
804.32	0.003
804.50	0.002
804.68	0.003
804.85	0.002
805.03	0.003
805.21	0.003
805.39	0.003
805.56	0.003
805.74	0.003
805.92	0.003
806.10	0.004
806.28	0.003
806.45	0.003
806.63	0.003
806.81	0.003
806.99	0.003
807.16	0.003
807.34	0.003
807.52	0.003
807.70	0.003
807.87	0.003
808.05	0.003
808.23	0.003
808.41	0.003
808.58	0.003
808.76	0.003
808.94	0.003
809.11	0.003
809.29	0.003
809.47	0.003
809.65	0.003
809.82	0.003
810.00	0.003
810.18	0.002
810.36	0.002
810.53	0.003
810.71	0.003
810.89	0.003
811.06	0.003
811.24	0.003
811.42	0.003
811.60	0.003
811.77	0.003
811.95	0.003
812.13	0.003
812.30	0.003
812.48	0.003
812.66	0.003
812.83	0.003
813.01	0.003
813.19	0.003
813.37	0.003
813.54	0.003
813.72	0.003
813.90	0.003
814.07	0.002
814.25	0.002
814.43	0.001
814.60	0.002
814.78	0.002
814.96	0.001
815.13	0.002
815.31	0.002
815.49	0.002
815.66	0.003
815.84	0.003
816.02	0.003
816.19	0.003
816.37	0.003
816.55	0.003
816.72	0.002
816.90	0.003
817.08	0.002
817.25	0.002
817.43	0.002
817.61	0.003
817.78	0.002
817.96	0.002
818.14	0.002
818.31	0.003
818.49	0.002
818.67	0.002
818.84	0.002
819.02	0.002
819.19	0.002
819.37	0.002
819.55	0.002
819.72	0.002
819.90	0.001
820.08	0.001
820.25	0.002
820.43	0.002
820.60	0.002
820.78	0.002
820.96	0.002
821.13	0.002
821.31	0.002
821.49	0.001
821.66	0.001
821.84	0.001
822.01	0.001
822.19	0.001
822.37	0.001
822.54	0.001
822.72	0.001
822.89	0.001
823.07	0.002
823.25	0.002
823.42	0.002
823.60	0.002
823.77	0.002
823.95	0.003
824.13	0.003
824.30	0.003
824.48	0.004
824.65	0.003
824.83	0.004
825.01	0.004
825.18	0.004
825.36	0.005
825.53	0.004
825.71	0.004
825.88	0.003
826.06	0.003
826.24	0.004
826.41	0.003
826.59	0.003
826.76	0.003
826.94	0.003
827.11	0.003
827.29	0.003
827.47	0.003
827.64	0.003
827.82	0.003
827.99	0.002
828.17	0.002
828.34	0.002
828.52	0.002
828.69	0.001
828.87	0.002
829.04	0.001
829.22	0.001
829.40	0.001
829.57	0.001
829.75	0.002
829.92	0.002
830.10	0.002
830.27	0.003
830.45	0.003
830.62	0.003
830.80	0.003
830.97	0.003
831.15	0.004
831.32	0.004
831.50	0.004
831.67	0.003
831.85	0.003
832.02	0.003
832.20	0.003
832.37	0.003
832.55	0.003
832.73	0.003
832.90	0.002
833.08	0.001
833.25	0.002
833.43	0.002
833.60	0.002
833.78	0.002
833.95	0.001
834.13	0.001
834.30	0.001
834.48	0.002
834.65	0.002
834.82	0.002
835.00	0.002
835.17	0.002
835.35	0.002
835.52	0.002
835.70	0.003
835.87	0.003
836.05	0.003
836.22	0.003
836.40	0.003
836.57	0.003
836.75	0.003
836.92	0.004
837.10	0.004
837.27	0.004
837.45	0.003
837.62	0.003
837.80	0.003
837.97	0.003
838.14	0.003
838.32	0.003
838.49	0.003
838.67	0.002
838.84	0.002
839.02	0.003
839.19	0.003
839.37	0.003
839.54	0.003
839.71	0.002
839.89	0.002
840.06	0.002
840.24	0.002
840.41	0.002
840.59	0.002
840.76	0.002
840.94	0.002
841.11	0.002
841.28	0.002
841.46	0.002
841.63	0.002
841.81	0.002
841.98	0.003
842.15	0.003
842.33	0.003
842.50	0.003
842.68	0.004
842.85	0.003
843.03	0.003
843.20	0.003
843.37	0.003
843.55	0.004
843.72	0.004
843.90	0.003
844.07	0.003
844.24	0.003
844.42	0.003
844.59	0.003
844.77	0.003
844.94	0.003
845.11	0.002
845.29	0.002
845.46	0.002
845.63	0.002
845.81	0.002
845.98	0.002
846.16	0.002
846.33	0.002
846.50	0.002
846.68	0.002
846.85	0.002
847.02	0.002
847.20	0.002
847.37	0.003
847.55	0.003
847.72	0.003
847.89	0.004
848.07	0.003
848.24	0.004
848.41	0.004
848.59	0.004
848.76	0.004
848.93	0.004
849.11	0.003
849.28	0.003
849.45	0.003
849.63	0.003
849.80	0.002
849.97	0.001
850.15	0.001
850.32	0.002
850.49	0.002
850.67	0.002
850.84	0.002
851.01	0.002
851.19	0.001
851.36	0.001
851.53	0.001
851.71	0.001
851.88	0.000
852.05	-0.000
852.23	-0.000
852.40	0.000
852.57	-0.000
852.75	-0.000
852.92	0.000
853.09	0.000
853.27	0.000
853.44	0.001
853.61	0.001
853.79	0.001
853.96	0.000
854.13	0.000
854.30	0.001
854.48	-0.000
854.65	0.000
854.82	0.000
855.00	-0.000
855.17	-0.000
855.34	0.000
855.51	0.000
855.69	-0.000
855.86	-0.001
856.03	-0.001
856.21	-0.001
856.38	-0.002
856.55	-0.002
856.72	-0.001
856.90	-0.001
857.07	-0.002
857.24	-0.002
857.42	-0.002
857.59	-0.002
857.76	-0.002
857.93	-0.002
858.11	-0.002
858.28	-0.003
858.45	-0.003
858.62	-0.003
858.80	-0.003
858.97	-0.003
859.14	-0.003
859.31	-0.002
859.49	-0.002
859.66	-0.002
859.83	-0.003
860.00	-0.003
860.18	-0.002
860.35	-0.003
860.52	-0.004
860.69	-0.003
860.86	-0.004
861.04	-0.004
861.21	-0.004
861.38	-0.004
861.55	-0.004
861.73	-0.004
861.90	-0.004
862.07	-0.004
862.24	-0.004
862.42	-0.004
862.59	-0.003
862.76	-0.003
862.93	-0.003
863.10	-0.003
863.28	-0.004
863.45	-0.004
863.62	-0.004
863.79	-0.003
863.96	-0.004
864.14	-0.004
864.31	-0.004
864.48	-0.004
864.65	-0.004
864.82	-0.003
865.00	-0.003
865.17	-0.003
865.34	-0.004
865.51	-0.004
865.68	-0.004
865.86	-0.005
866.03	-0.006
866.20	-0.006
866.37	-0.006
866.54	-0.006
866.71	-0.006
866.89	-0.006
867.06	-0.006
867.23	-0.006
867.40	-0.005
867.57	-0.005
867.74	-0.005
867.92	-0.006
868.09	-0.006
868.26	-0.006
868.43	-0.006
868.60	-0.007
868.77	-0.007
868.95	-0.007
869.12	-0.007
869.29	-0.008
869.46	-0.008
869.63	-0.008
869.80	-0.008
869.97	-0.009
870.15	-0.008
870.32	-0.008
870.49	-0.008
870.66	-0.008
870.83	-0.008
871.00	-0.008
871.17	-0.008
871.34	-0.009
871.52	-0.008
871.69	-0.009
871.86	-0.010
872.03	-0.010
872.20	-0.010
872.37	-0.011
872.54	-0.011
872.71	-0.011
872.89	-0.011
873.06	-0.012
873.23	-0.012
873.40	-0.012
873.57	-0.012
873.74	-0.012
873.91	-0.011
874.08	-0.012
874.25	-0.012
874.42	-0.012
874.60	-0.013
874.77	-0.013
874.94	-0.013
875.11	-0.012
875.28	-0.014
875.45	-0.014
875.62	-0.014
875.79	-0.013
875.96	-0.013
876.13	-0.013
876.30	-0.013
876.47	-0.014
876.65	-0.014
876.82	-0.014
876.99	-0.014
877.16	-0.013
877.33	-0.013
877.50	-0.013
877.67	-0.013
877.84	-0.013
878.01	-0.012
878.18	-0.013
878.35	-0.012
878.52	-0.012
878.69	-0.013
878.86	-0.013
879.03	-0.014
879.20	-0.013
879.38	-0.013
879.55	-0.014
879.72	-0.014
879.89	-0.014
880.06	-0.015
880.23	-0.013
880.40	-0.013
880.57	-0.013
880.74	-0.013
880.91	-0.014
881.08	-0.014
881.25	-0.014
881.42	-0.014
881.59	-0.014
881.76	-0.015
881.93	-0.014
882.10	-0.014
882.27	-0.014
882.44	-0.013
882.61	-0.013
882.78	-0.014
882.95	-0.013
883.12	-0.013
883.29	-0.013
883.46	-0.014
883.63	-0.014
883.80	-0.014
883.97	-0.015
884.14	-0.015
884.31	-0.014
884.48	-0.013
884.65	-0.014
884.82	-0.013
884.99	-0.013
885.16	-0.013
885.33	-0.013
885.50	-0.013
885.67	-0.013
885.84	-0.013
886.01	-0.013
886.18	-0.012
886.35	-0.012
886.52	-0.013
886.69	-0.014
886.86	-0.014
887.03	-0.015
887.20	-0.016
887.37	-0.016
887.54	-0.017
887.71	-0.017
887.88	-0.018
888.05	-0.018
888.22	-0.018
888.39	-0.018
888.55	-0.017
888.72	-0.017
888.89	-0.018
889.06	-0.018
889.23	-0.018
889.40	-0.017
889.57	-0.017
889.74	-0.017
889.91	-0.017
890.08	-0.017
890.25	-0.017
890.42	-0.017
890.59	-0.016
890.76	-0.016
890.93	-0.016
891.10	-0.016
891.26	-0.015
891.43	-0.015
891.60	-0.015
891.77	-0.016
891.94	-0.015
892.11	-0.016
892.28	-0.015
892.45	-0.015
892.62	-0.015
892.79	-0.015
892.96	-0.015
893.13	-0.014
893.29	-0.012
893.46	-0.013
893.63	-0.013
893.80	-0.013
893.97	-0.013
894.14	-0.013
894.31	-0.015
894.48	-0.015
894.65	-0.018
894.81	-0.013
894.98	-0.022
