177.34	-0.777
177.56	-0.777
177.78	-0.777
178.00	-0.111
178.22	-0.000
178.44	-0.677
178.66	0.858
178.89	-0.333
179.11	-0.610
179.33	-0.505
179.55	-0.462
179.77	-0.004
179.99	-0.415
180.21	-0.279
180.43	-0.000
180.65	-0.000
180.87	0.941
181.09	0.649
181.31	0.460
181.53	0.445
181.75	0.436
181.97	0.429
182.19	0.447
182.41	0.458
182.63	0.463
182.85	0.436
183.07	0.417
183.30	0.435
183.52	0.439
183.74	0.441
183.96	0.434
184.18	0.445
184.40	0.411
184.62	0.469
184.84	0.492
185.06	0.551
185.28	0.569
185.50	0.555
185.72	0.623
185.94	0.663
186.16	0.705
186.38	0.806
186.60	0.748
186.82	0.745
187.04	0.753
187.26	0.814
187.48	0.846
187.70	0.854
187.92	0.890
188.14	0.923
188.36	0.962
188.58	1.009
188.80	1.054
189.02	1.064
189.24	1.087
189.46	1.139
189.68	1.179
189.90	1.222
190.12	1.222
190.34	1.183
190.56	1.190
190.78	1.227
191.00	1.259
191.22	1.229
191.44	1.275
191.66	1.297
191.88	1.272
192.10	1.311
192.32	1.385
192.54	1.387
192.76	1.420
192.98	1.404
193.20	1.468
193.42	1.469
193.64	1.510
193.86	1.559
194.08	1.578
194.30	1.540
194.52	1.574
194.74	1.553
194.96	1.635
195.18	1.627
195.40	1.667
195.62	1.672
195.84	1.649
196.06	1.631
196.28	1.636
196.50	1.679
196.72	1.721
196.94	1.712
197.16	1.707
197.38	1.680
197.60	1.637
197.82	1.646
198.04	1.618
198.26	1.615
198.48	1.601
198.70	1.594
198.92	1.567
199.13	1.620
199.35	1.652
199.57	1.678
199.79	1.715
200.01	1.764
200.23	1.803
200.45	1.817
200.67	1.807
200.89	1.877
201.11	1.834
201.33	1.791
201.55	1.770
201.77	1.762
201.99	1.772
202.21	1.781
202.43	1.807
202.65	1.791
202.87	1.746
203.09	1.740
203.31	1.754
203.52	1.811
203.74	1.881
203.96	1.906
204.18	1.945
204.40	1.913
204.62	1.979
204.84	2.052
205.06	2.059
205.28	2.092
205.50	2.041
205.72	1.964
205.94	1.976
206.16	1.944
206.38	1.936
206.59	1.909
206.81	1.924
207.03	1.945
207.25	1.958
207.47	1.982
207.69	1.991
207.91	1.953
208.13	1.991
208.35	2.007
208.57	2.040
208.79	2.052
209.01	2.048
209.22	2.045
209.44	2.024
209.66	2.070
209.88	2.138
210.10	2.095
210.32	2.073
210.54	2.060
210.76	2.056
210.98	2.083
211.20	2.074
211.42	2.105
211.63	2.104
211.85	2.063
212.07	2.104
212.29	2.133
212.51	2.170
212.73	2.205
212.95	2.197
213.17	2.205
213.39	2.222
213.60	2.200
213.82	2.252
214.04	2.260
214.26	2.322
214.48	2.282
214.70	2.279
214.92	2.293
215.14	2.305
215.35	2.256
215.57	2.260
215.79	2.249
216.01	2.236
216.23	2.221
216.45	2.256
216.67	2.271
216.89	2.271
217.10	2.281
217.32	2.323
217.54	2.359
217.76	2.385
217.98	2.411
218.20	2.426
218.42	2.430
218.64	2.434
218.85	2.419
219.07	2.441
219.29	2.449
219.51	2.401
219.73	2.370
219.95	2.353
220.17	2.355
220.38	2.334
220.60	2.309
220.82	2.306
221.04	2.286
221.26	2.280
221.48	2.336
221.69	2.362
221.91	2.371
222.13	2.393
222.35	2.400
222.57	2.409
222.79	2.410
223.00	2.442
223.22	2.421
223.44	2.413
223.66	2.423
223.88	2.459
224.10	2.440
224.32	2.458
224.53	2.418
224.75	2.436
224.97	2.450
225.19	2.551
225.41	2.542
225.62	2.545
225.84	2.518
226.06	2.564
226.28	2.537
226.50	2.611
226.72	2.657
226.93	2.667
227.15	2.571
227.37	2.531
227.59	2.507
227.81	2.506
228.02	2.468
228.24	2.531
228.46	2.556
228.68	2.574
228.90	2.575
229.12	2.605
229.33	2.706
229.55	2.733
229.77	2.752
229.99	2.884
230.21	2.782
230.42	2.713
230.64	2.649
230.86	2.620
231.08	2.666
231.30	2.606
231.51	2.592
231.73	2.564
231.95	2.520
232.17	2.539
232.38	2.554
232.60	2.561
232.82	2.537
233.04	2.519
233.26	2.527
233.47	2.539
233.69	2.534
233.91	2.514
234.13	2.520
234.35	2.509
234.56	2.502
234.78	2.542
235.00	2.533
235.22	2.536
235.43	2.541
235.65	2.574
235.87	2.577
236.09	2.593
236.30	2.592
236.52	2.627
236.74	2.583
236.96	2.599
237.18	2.596
237.39	2.574
237.61	2.528
237.83	2.520
238.05	2.493
238.26	2.486
238.48	2.463
238.70	2.463
238.92	2.425
239.13	2.409
239.35	2.396
239.57	2.406
239.79	2.409
240.00	2.383
240.22	2.370
240.44	2.364
240.66	2.356
240.87	2.347
241.09	2.334
241.31	2.331
241.53	2.327
241.74	2.309
241.96	2.316
242.18	2.323
242.40	2.305
242.61	2.300
242.83	2.297
243.05	2.305
243.27	2.310
243.48	2.297
243.70	2.303
243.92	2.289
244.13	2.291
244.35	2.296
244.57	2.272
244.79	2.268
245.00	2.256
245.22	2.244
245.44	2.242
245.65	2.229
245.87	2.230
246.09	2.207
246.31	2.202
246.52	2.220
246.74	2.215
246.96	2.213
247.18	2.211
247.39	2.197
247.61	2.195
247.83	2.189
248.04	2.185
248.26	2.180
248.48	2.173
248.69	2.179
248.91	2.174
249.13	2.171
249.35	2.175
249.56	2.176
249.78	2.178
250.00	2.178
250.21	2.176
250.43	2.177
250.65	2.168
250.86	2.169
251.08	2.166
251.30	2.164
251.51	2.158
251.73	2.158
251.95	2.157
252.17	2.157
252.38	2.161
252.60	2.162
252.82	2.161
253.03	2.164
253.25	2.172
253.47	2.172
253.68	2.162
253.90	2.162
254.12	2.158
254.33	2.148
254.55	2.150
254.77	2.147
254.98	2.145
255.20	2.138
255.42	2.136
255.63	2.141
255.85	2.147
256.07	2.148
256.28	2.147
256.50	2.145
256.72	2.141
256.93	2.142
257.15	2.138
257.37	2.130
257.58	2.127
257.80	2.119
258.02	2.118
258.23	2.116
258.45	2.113
258.67	2.112
258.88	2.105
259.10	2.112
259.32	2.119
259.53	2.121
259.75	2.117
259.96	2.115
260.18	2.123
260.40	2.120
260.61	2.120
260.83	2.118
261.05	2.115
261.26	2.110
261.48	2.109
261.70	2.112
261.91	2.105
262.13	2.099
262.34	2.106
262.56	2.106
262.78	2.104
262.99	2.106
263.21	2.107
263.43	2.106
263.64	2.105
263.86	2.122
264.07	2.121
264.29	2.120
264.51	2.119
264.72	2.127
264.94	2.124
265.16	2.127
265.37	2.127
265.59	2.119
265.80	2.110
266.02	2.108
266.24	2.105
266.45	2.107
266.67	2.101
266.88	2.100
267.10	2.093
267.32	2.091
267.53	2.094
267.75	2.086
267.96	2.085
268.18	2.077
268.40	2.068
268.61	2.057
268.83	2.056
269.04	2.055
269.26	2.051
269.48	2.050
269.69	2.043
269.91	2.035
270.12	2.032
270.34	2.035
270.56	2.040
270.77	2.030
270.99	2.029
271.20	2.025
271.42	2.022
271.64	2.024
271.85	2.026
272.07	2.025
272.28	2.021
272.50	2.013
272.71	2.013
272.93	2.006
273.15	2.001
273.36	1.998
273.58	1.998
273.79	1.990
274.01	1.988
274.22	1.982
274.44	1.978
274.66	1.973
274.87	1.969
275.09	1.966
275.30	1.960
275.52	1.949
275.73	1.952
275.95	1.943
276.16	1.941
276.38	1.935
276.60	1.933
276.81	1.931
277.03	1.928
277.24	1.920
277.46	1.919
277.67	1.911
277.89	1.907
278.10	1.897
278.32	1.889
278.53	1.881
278.75	1.871
278.97	1.859
279.18	1.851
279.40	1.842
279.61	1.834
279.83	1.826
280.04	1.819
280.26	1.816
280.47	1.809
280.69	1.802
280.90	1.797
281.12	1.796
281.33	1.790
281.55	1.781
281.76	1.774
281.98	1.766
282.20	1.758
282.41	1.750
282.63	1.744
282.84	1.735
283.06	1.722
283.27	1.712
283.49	1.703
283.70	1.690
283.92	1.682
284.13	1.672
284.35	1.663
284.56	1.651
284.78	1.641
284.99	1.634
285.21	1.622
285.42	1.613
285.64	1.605
285.85	1.598
286.07	1.586
286.28	1.576
286.50	1.569
286.71	1.560
286.93	1.548
287.14	1.539
287.36	1.527
287.57	1.514
287.79	1.500
288.00	1.489
288.22	1.479
288.43	1.465
288.65	1.454
288.86	1.445
289.08	1.436
289.29	1.426
289.51	1.415
289.72	1.405
289.94	1.395
290.15	1.384
290.37	1.373
290.58	1.363
290.80	1.352
291.01	1.340
291.22	1.330
291.44	1.321
291.65	1.310
291.87	1.299
292.08	1.290
292.30	1.280
292.51	1.270
292.73	1.259
292.94	1.249
293.16	1.240
293.37	1.231
293.59	1.222
293.80	1.213
294.02	1.202
294.23	1.192
294.44	1.183
294.66	1.175
294.87	1.166
295.09	1.158
295.30	1.147
295.52	1.139
295.73	1.131
295.95	1.124
296.16	1.115
296.37	1.108
296.59	1.099
296.80	1.091
297.02	1.082
297.23	1.075
297.45	1.067
297.66	1.059
297.88	1.051
298.09	1.042
298.30	1.035
298.52	1.027
298.73	1.019
298.95	1.011
299.16	1.004
299.38	0.996
299.59	0.990
299.80	0.981
300.02	0.975
300.23	0.967
300.45	0.960
300.66	0.953
300.88	0.946
301.09	0.938
301.30	0.931
301.52	0.924
301.73	0.918
301.95	0.912
302.16	0.905
302.37	0.899
302.59	0.893
302.80	0.888
303.02	0.881
303.23	0.875
303.45	0.869
303.66	0.864
303.87	0.859
304.09	0.854
304.30	0.848
304.52	0.843
304.73	0.838
304.94	0.833
305.16	0.828
305.37	0.823
305.59	0.817
305.80	0.811
306.01	0.807
306.23	0.801
306.44	0.795
306.65	0.791
306.87	0.787
307.08	0.782
307.30	0.778
307.51	0.773
307.72	0.769
307.94	0.765
308.15	0.761
308.37	0.756
308.58	0.751
308.79	0.746
309.01	0.742
309.22	0.738
309.43	0.733
309.65	0.728
309.86	0.722
310.07	0.718
310.29	0.714
310.50	0.710
310.72	0.705
310.93	0.701
311.14	0.696
311.36	0.692
311.57	0.688
311.78	0.684
312.00	0.679
312.21	0.676
312.42	0.671
312.64	0.668
312.85	0.663
313.07	0.659
313.28	0.656
313.49	0.652
313.71	0.649
313.92	0.645
314.13	0.641
314.35	0.637
314.56	0.635
314.77	0.631
314.99	0.627
315.20	0.624
315.41	0.620
315.63	0.616
315.84	0.613
316.05	0.610
316.27	0.606
316.48	0.602
316.69	0.599
316.91	0.597
317.12	0.593
317.33	0.591
317.55	0.588
317.76	0.585
317.97	0.581
318.19	0.579
318.40	0.576
318.61	0.573
318.83	0.569
319.04	0.566
319.25	0.564
319.47	0.561
319.68	0.557
319.89	0.555
320.10	0.552
320.32	0.549
320.53	0.547
320.74	0.544
320.96	0.541
321.17	0.538
321.38	0.535
321.60	0.532
321.81	0.530
322.02	0.527
322.24	0.525
322.45	0.522
322.66	0.519
322.87	0.516
323.09	0.513
323.30	0.511
323.51	0.508
323.73	0.505
323.94	0.502
324.15	0.500
324.36	0.498
324.58	0.496
324.79	0.494
325.00	0.491
325.22	0.489
325.43	0.486
325.64	0.484
325.85	0.482
326.07	0.479
326.28	0.477
326.49	0.473
326.71	0.471
326.92	0.469
327.13	0.466
327.34	0.463
327.56	0.461
327.77	0.458
327.98	0.456
328.19	0.454
328.41	0.452
328.62	0.450
328.83	0.447
329.04	0.446
329.26	0.443
329.47	0.441
329.68	0.439
329.90	0.436
330.11	0.434
330.32	0.432
330.53	0.430
330.75	0.427
330.96	0.425
331.17	0.423
331.38	0.421
331.60	0.419
331.81	0.418
332.02	0.416
332.23	0.414
332.44	0.412
332.66	0.410
332.87	0.408
333.08	0.406
333.29	0.404
333.51	0.402
333.72	0.400
333.93	0.397
334.14	0.395
334.36	0.393
334.57	0.391
334.78	0.389
334.99	0.387
335.21	0.385
335.42	0.382
335.63	0.381
335.84	0.379
336.05	0.377
336.27	0.376
336.48	0.374
336.69	0.372
336.90	0.370
337.11	0.368
337.33	0.367
337.54	0.365
337.75	0.363
337.96	0.361
338.18	0.360
338.39	0.358
338.60	0.357
338.81	0.355
339.02	0.353
339.24	0.352
339.45	0.350
339.66	0.348
339.87	0.347
340.08	0.345
340.30	0.343
340.51	0.340
340.72	0.339
340.93	0.337
341.14	0.335
341.36	0.333
341.57	0.332
341.78	0.329
341.99	0.328
342.20	0.326
342.41	0.326
342.63	0.324
342.84	0.322
343.05	0.321
343.26	0.319
343.47	0.317
343.69	0.316
343.90	0.314
344.11	0.313
344.32	0.311
344.53	0.310
344.74	0.308
344.96	0.306
345.17	0.305
345.38	0.304
345.59	0.302
345.80	0.301
346.01	0.299
346.23	0.298
346.44	0.296
346.65	0.295
346.86	0.294
347.07	0.293
347.28	0.291
347.50	0.290
347.71	0.288
347.92	0.287
348.13	0.285
348.34	0.284
348.55	0.282
348.76	0.281
348.98	0.279
349.19	0.277
349.40	0.276
349.61	0.275
349.82	0.273
350.03	0.272
350.24	0.271
350.46	0.270
350.67	0.268
350.88	0.267
351.09	0.267
351.30	0.265
351.51	0.263
351.72	0.262
351.93	0.261
352.15	0.260
352.36	0.259
352.57	0.258
352.78	0.256
352.99	0.255
353.20	0.254
353.41	0.253
353.62	0.252
353.84	0.250
354.05	0.249
354.26	0.248
354.47	0.246
354.68	0.245
354.89	0.244
355.10	0.243
355.31	0.242
355.52	0.240
355.74	0.239
355.95	0.239
356.16	0.237
356.37	0.236
356.58	0.235
356.79	0.233
357.00	0.232
357.21	0.231
357.42	0.230
357.63	0.228
357.85	0.226
358.06	0.225
358.27	0.224
358.48	0.222
358.69	0.221
358.90	0.220
359.11	0.219
359.32	0.218
359.53	0.217
359.74	0.216
359.95	0.216
360.17	0.215
360.38	0.214
360.59	0.213
360.80	0.212
361.01	0.211
361.22	0.210
361.43	0.209
361.64	0.208
361.85	0.207
362.06	0.205
362.27	0.204
362.48	0.203
362.69	0.202
362.90	0.201
363.12	0.200
363.33	0.199
363.54	0.199
363.75	0.198
363.96	0.197
364.17	0.197
364.38	0.195
364.59	0.194
364.80	0.193
365.01	0.192
365.22	0.190
365.43	0.189
365.64	0.188
365.85	0.187
366.06	0.186
366.27	0.185
366.48	0.185
366.69	0.184
366.90	0.183
367.11	0.181
367.32	0.181
367.54	0.179
367.75	0.178
367.96	0.178
368.17	0.177
368.38	0.175
368.59	0.174
368.80	0.174
369.01	0.173
369.22	0.172
369.43	0.172
369.64	0.170
369.85	0.169
370.06	0.168
370.27	0.168
370.48	0.167
370.69	0.166
370.90	0.165
371.11	0.164
371.32	0.163
371.53	0.163
371.74	0.162
371.95	0.162
372.16	0.161
372.37	0.160
372.58	0.159
372.79	0.158
373.00	0.157
373.21	0.157
373.42	0.157
373.63	0.156
373.84	0.155
374.05	0.154
374.26	0.153
374.47	0.153
374.68	0.151
374.89	0.150
375.10	0.150
375.31	0.148
375.52	0.147
375.73	0.147
375.94	0.146
376.15	0.145
376.36	0.145
376.57	0.145
376.78	0.145
376.99	0.144
377.20	0.143
377.41	0.143
377.62	0.142
377.83	0.141
378.04	0.141
378.25	0.140
378.46	0.139
378.67	0.138
378.88	0.137
379.09	0.137
379.30	0.136
379.51	0.135
379.72	0.134
379.92	0.134
380.13	0.133
380.34	0.132
380.55	0.132
380.76	0.131
380.97	0.131
381.18	0.130
381.39	0.129
381.60	0.129
381.81	0.128
382.02	0.127
382.23	0.127
382.44	0.126
382.65	0.125
382.86	0.124
383.07	0.123
383.28	0.123
383.49	0.123
383.70	0.122
383.91	0.122
384.11	0.121
384.32	0.121
384.53	0.121
384.74	0.120
384.95	0.120
385.16	0.120
385.37	0.119
385.58	0.118
385.79	0.118
386.00	0.118
386.21	0.117
386.42	0.117
386.63	0.116
386.84	0.116
387.04	0.115
387.25	0.114
387.46	0.114
387.67	0.113
387.88	0.112
388.09	0.111
388.30	0.110
388.51	0.110
388.72	0.110
388.93	0.109
389.14	0.109
389.34	0.108
389.55	0.108
389.76	0.108
389.97	0.108
390.18	0.108
390.39	0.107
390.60	0.107
390.81	0.106
391.02	0.106
391.23	0.105
391.43	0.105
391.64	0.105
391.85	0.105
392.06	0.104
392.27	0.103
392.48	0.102
392.69	0.101
392.90	0.100
393.11	0.100
393.31	0.100
393.52	0.099
393.73	0.098
393.94	0.098
394.15	0.098
394.36	0.098
394.57	0.098
394.78	0.097
394.98	0.097
395.19	0.096
395.40	0.095
395.61	0.095
395.82	0.095
396.03	0.094
396.24	0.094
396.44	0.094
396.65	0.094
396.86	0.094
397.07	0.094
397.28	0.094
397.49	0.093
397.70	0.093
397.90	0.093
398.11	0.092
398.32	0.091
398.53	0.090
398.74	0.090
398.95	0.089
399.16	0.088
399.36	0.088
399.57	0.087
399.78	0.087
399.99	0.087
400.20	0.087
400.41	0.087
400.61	0.087
400.82	0.087
401.03	0.087
401.24	0.087
401.45	0.087
401.66	0.086
401.86	0.086
402.07	0.085
402.28	0.085
402.49	0.084
402.70	0.084
402.91	0.083
403.11	0.082
403.32	0.082
403.53	0.082
403.74	0.082
403.95	0.082
404.15	0.082
404.36	0.082
404.57	0.081
404.78	0.081
404.99	0.080
405.20	0.080
405.40	0.079
405.61	0.079
405.82	0.079
406.03	0.078
406.24	0.078
406.44	0.078
406.65	0.078
406.86	0.078
407.07	0.077
407.28	0.077
407.48	0.077
407.69	0.077
407.90	0.076
408.11	0.076
408.32	0.076
408.52	0.075
408.73	0.075
408.94	0.076
409.15	0.076
409.35	0.075
409.56	0.075
409.77	0.075
409.98	0.075
410.19	0.075
410.39	0.074
410.60	0.073
410.81	0.072
411.02	0.072
411.22	0.072
411.43	0.072
411.64	0.072
411.85	0.072
412.05	0.072
412.26	0.072
412.47	0.072
412.68	0.072
412.89	0.072
413.09	0.072
413.30	0.072
413.51	0.071
413.72	0.071
413.92	0.071
414.13	0.070
414.34	0.071
414.55	0.070
414.75	0.069
414.96	0.069
415.17	0.068
415.38	0.069
415.58	0.069
415.79	0.068
416.00	0.068
416.21	0.067
416.41	0.067
416.62	0.067
416.83	0.067
417.03	0.066
417.24	0.067
417.45	0.066
417.66	0.066
417.86	0.066
418.07	0.066
418.28	0.066
418.49	0.067
418.69	0.066
418.90	0.066
419.11	0.066
419.31	0.066
419.52	0.066
419.73	0.065
419.94	0.065
420.14	0.065
420.35	0.065
420.56	0.065
420.76	0.065
420.97	0.064
421.18	0.064
421.39	0.064
421.59	0.063
421.80	0.063
422.01	0.062
422.21	0.062
422.42	0.062
422.63	0.062
422.84	0.062
423.04	0.062
423.25	0.062
423.46	0.062
423.66	0.062
423.87	0.062
424.08	0.062
424.28	0.061
424.49	0.061
424.70	0.061
424.90	0.060
425.11	0.060
425.32	0.059
425.52	0.059
425.73	0.059
425.94	0.059
426.15	0.059
426.35	0.060
426.56	0.060
426.77	0.059
426.97	0.060
427.18	0.060
427.39	0.060
427.59	0.059
427.80	0.059
428.01	0.058
428.21	0.058
428.42	0.058
428.63	0.058
428.83	0.058
429.04	0.058
429.25	0.058
429.45	0.058
429.66	0.057
429.87	0.057
430.07	0.056
430.28	0.056
430.48	0.055
430.69	0.054
430.90	0.054
431.10	0.054
431.31	0.054
431.52	0.054
431.72	0.054
431.93	0.054
432.14	0.054
432.34	0.054
432.55	0.054
432.76	0.053
432.96	0.054
433.17	0.053
433.37	0.053
433.58	0.053
433.79	0.053
433.99	0.054
434.20	0.054
434.41	0.054
434.61	0.055
434.82	0.054
435.02	0.054
435.23	0.054
435.44	0.054
435.64	0.053
435.85	0.052
436.06	0.052
436.26	0.052
436.47	0.052
436.67	0.052
436.88	0.052
437.09	0.052
437.29	0.052
437.50	0.052
437.70	0.052
437.91	0.051
438.12	0.051
438.32	0.051
438.53	0.051
438.73	0.051
438.94	0.050
439.15	0.050
439.35	0.050
439.56	0.050
439.76	0.051
439.97	0.051
440.18	0.051
440.38	0.050
440.59	0.050
440.79	0.051
441.00	0.051
441.20	0.051
441.41	0.050
441.62	0.050
441.82	0.050
442.03	0.050
442.23	0.049
442.44	0.049
442.65	0.049
442.85	0.048
443.06	0.048
443.26	0.048
443.47	0.048
443.67	0.047
443.88	0.047
444.09	0.047
444.29	0.047
444.50	0.047
444.70	0.047
444.91	0.048
445.11	0.047
445.32	0.047
445.52	0.047
445.73	0.047
445.94	0.047
446.14	0.047
446.35	0.046
446.55	0.046
446.76	0.046
446.96	0.046
447.17	0.045
447.37	0.046
447.58	0.046
447.78	0.046
447.99	0.046
448.20	0.045
448.40	0.045
448.61	0.045
448.81	0.046
449.02	0.046
449.22	0.046
449.43	0.046
449.63	0.045
449.84	0.045
450.04	0.045
450.25	0.045
450.45	0.045
450.66	0.045
450.86	0.045
451.07	0.045
451.27	0.045
451.48	0.044
451.68	0.044
451.89	0.044
452.09	0.044
452.30	0.044
452.50	0.043
452.71	0.043
452.91	0.043
453.12	0.043
453.33	0.043
453.53	0.044
453.74	0.044
453.94	0.043
454.15	0.044
454.35	0.044
454.56	0.044
454.76	0.044
454.96	0.044
455.17	0.044
455.37	0.044
455.58	0.043
455.78	0.044
455.99	0.043
456.19	0.043
456.40	0.043
456.60	0.043
456.81	0.042
457.01	0.043
457.22	0.043
457.42	0.042
457.63	0.043
457.83	0.043
458.04	0.043
458.24	0.043
458.45	0.043
458.65	0.043
458.86	0.042
459.06	0.042
459.27	0.042
459.47	0.043
459.67	0.043
459.88	0.042
460.08	0.042
460.29	0.042
460.49	0.042
460.70	0.041
460.90	0.041
461.11	0.042
461.31	0.041
461.52	0.041
461.72	0.041
461.92	0.041
462.13	0.041
462.33	0.041
462.54	0.041
462.74	0.041
462.95	0.042
463.15	0.042
463.36	0.042
463.56	0.041
463.76	0.042
463.97	0.042
464.17	0.042
464.38	0.042
464.58	0.043
464.79	0.042
464.99	0.042
465.19	0.041
465.40	0.041
465.60	0.041
465.81	0.040
466.01	0.039
466.22	0.039
466.42	0.039
466.62	0.039
466.83	0.039
467.03	0.039
467.24	0.039
467.44	0.039
467.65	0.039
467.85	0.039
468.05	0.039
468.26	0.039
468.46	0.039
468.67	0.038
468.87	0.038
469.07	0.039
469.28	0.038
469.48	0.038
469.69	0.038
469.89	0.038
470.09	0.039
470.30	0.039
470.50	0.039
470.71	0.039
470.91	0.039
471.11	0.039
471.32	0.040
471.52	0.040
471.72	0.040
471.93	0.040
472.13	0.039
472.34	0.039
472.54	0.039
472.74	0.039
472.95	0.039
473.15	0.039
473.35	0.039
473.56	0.039
473.76	0.039
473.97	0.039
474.17	0.039
474.37	0.039
474.58	0.039
474.78	0.039
474.98	0.039
475.19	0.039
475.39	0.038
475.60	0.038
475.80	0.037
476.00	0.037
476.21	0.037
476.41	0.036
476.61	0.036
476.82	0.035
477.02	0.036
477.22	0.036
477.43	0.036
477.63	0.036
477.83	0.036
478.04	0.036
478.24	0.037
478.44	0.037
478.65	0.037
478.85	0.038
479.05	0.037
479.26	0.038
479.46	0.038
479.66	0.038
479.87	0.038
480.07	0.038
480.27	0.037
480.48	0.037
480.68	0.037
480.88	0.037
481.09	0.036
481.29	0.036
481.49	0.036
481.70	0.036
481.90	0.035
482.10	0.036
482.31	0.035
482.51	0.035
482.71	0.035
482.92	0.035
483.12	0.035
483.32	0.036
483.52	0.036
483.73	0.036
483.93	0.036
484.13	0.036
484.34	0.037
484.54	0.037
484.74	0.036
484.95	0.036
485.15	0.036
485.35	0.035
485.55	0.035
485.76	0.035
485.96	0.034
486.16	0.034
486.37	0.034
486.57	0.033
486.77	0.033
486.97	0.034
487.18	0.034
487.38	0.033
487.58	0.034
487.79	0.033
487.99	0.034
488.19	0.033
488.39	0.034
488.60	0.034
488.80	0.034
489.00	0.034
489.20	0.034
489.41	0.034
489.61	0.034
489.81	0.034
490.02	0.033
490.22	0.034
490.42	0.033
490.62	0.033
490.83	0.033
491.03	0.033
491.23	0.033
491.43	0.033
491.64	0.033
491.84	0.033
492.04	0.032
492.24	0.032
492.45	0.033
492.65	0.033
492.85	0.033
493.05	0.033
493.26	0.033
493.46	0.033
493.66	0.033
493.86	0.033
494.07	0.033
494.27	0.033
494.47	0.033
494.67	0.033
494.87	0.033
495.08	0.034
495.28	0.034
495.48	0.033
495.68	0.033
495.89	0.032
496.09	0.032
496.29	0.031
496.49	0.031
496.69	0.031
496.90	0.030
497.10	0.031
497.30	0.031
497.50	0.032
497.71	0.031
497.91	0.031
498.11	0.031
498.31	0.031
498.51	0.031
498.72	0.031
498.92	0.031
499.12	0.031
499.32	0.031
499.52	0.031
499.73	0.032
499.93	0.032
500.13	0.032
500.33	0.032
500.53	0.032
500.74	0.032
500.94	0.032
501.14	0.032
501.34	0.031
501.54	0.031
501.74	0.031
501.95	0.031
502.15	0.031
502.35	0.031
502.55	0.031
502.75	0.030
502.96	0.030
503.16	0.030
503.36	0.030
503.56	0.030
503.76	0.030
503.96	0.031
504.17	0.030
504.37	0.031
504.57	0.030
504.77	0.030
504.97	0.031
505.17	0.031
505.38	0.031
505.58	0.030
505.78	0.030
505.98	0.030
506.18	0.030
506.38	0.030
506.58	0.030
506.79	0.030
506.99	0.030
507.19	0.030
507.39	0.030
507.59	0.031
507.79	0.030
507.99	0.030
508.20	0.031
508.40	0.031
508.60	0.031
508.80	0.031
509.00	0.031
509.20	0.031
509.40	0.031
509.61	0.031
509.81	0.031
510.01	0.031
510.21	0.030
510.41	0.029
510.61	0.029
510.81	0.029
511.01	0.029
511.22	0.029
511.42	0.029
511.62	0.029
511.82	0.029
512.02	0.029
512.22	0.029
512.42	0.029
512.62	0.029
512.82	0.029
513.03	0.028
513.23	0.028
513.43	0.028
513.63	0.028
513.83	0.028
514.03	0.028
514.23	0.028
514.43	0.028
514.63	0.028
514.83	0.029
515.04	0.029
515.24	0.030
515.44	0.030
515.64	0.030
515.84	0.030
516.04	0.030
516.24	0.030
516.44	0.030
516.64	0.030
516.84	0.030
517.04	0.029
517.24	0.029
517.45	0.029
517.65	0.028
517.85	0.028
518.05	0.028
518.25	0.028
518.45	0.028
518.65	0.027
518.85	0.027
519.05	0.028
519.25	0.028
519.45	0.028
519.65	0.028
519.85	0.028
520.05	0.028
520.25	0.028
520.46	0.029
520.66	0.029
520.86	0.029
521.06	0.029
521.26	0.029
521.46	0.029
521.66	0.028
521.86	0.028
522.06	0.028
522.26	0.028
522.46	0.027
522.66	0.028
522.86	0.027
523.06	0.027
523.26	0.027
523.46	0.027
523.66	0.027
523.86	0.028
524.06	0.028
524.26	0.028
524.46	0.028
524.66	0.028
524.86	0.028
525.06	0.028
525.26	0.028
525.46	0.028
525.66	0.028
525.87	0.028
526.07	0.028
526.27	0.027
526.47	0.027
526.67	0.027
526.87	0.027
527.07	0.027
527.27	0.027
527.47	0.027
527.67	0.027
527.87	0.026
528.07	0.027
528.27	0.027
528.47	0.026
528.67	0.026
528.87	0.026
529.07	0.026
529.27	0.026
529.47	0.026
529.67	0.027
529.87	0.026
530.07	0.026
530.27	0.026
530.47	0.027
530.67	0.026
530.87	0.027
531.06	0.026
531.26	0.027
531.46	0.027
531.66	0.027
531.86	0.027
532.06	0.027
532.26	0.027
532.46	0.027
532.66	0.027
532.86	0.027
533.06	0.027
533.26	0.028
533.46	0.028
533.66	0.028
533.86	0.028
534.06	0.028
534.26	0.028
534.46	0.028
534.66	0.027
534.86	0.027
535.06	0.026
535.26	0.026
535.46	0.026
535.66	0.026
535.86	0.026
536.06	0.026
536.26	0.026
536.45	0.026
536.65	0.026
536.85	0.026
537.05	0.026
537.25	0.026
537.45	0.027
537.65	0.027
537.85	0.026
538.05	0.027
538.25	0.027
538.45	0.027
538.65	0.027
538.85	0.027
539.05	0.026
539.25	0.026
539.44	0.026
539.64	0.026
539.84	0.026
540.04	0.026
540.24	0.026
540.44	0.026
540.64	0.026
540.84	0.026
541.04	0.026
541.24	0.026
541.44	0.026
541.64	0.026
541.83	0.026
542.03	0.026
542.23	0.026
542.43	0.026
542.63	0.026
542.83	0.026
543.03	0.026
543.23	0.026
543.43	0.026
543.63	0.026
543.82	0.026
544.02	0.026
544.22	0.026
544.42	0.026
544.62	0.026
544.82	0.025
545.02	0.025
545.22	0.025
545.42	0.025
545.61	0.025
545.81	0.025
546.01	0.025
546.21	0.026
546.41	0.026
546.61	0.026
546.81	0.026
547.01	0.026
547.20	0.025
547.40	0.025
547.60	0.024
547.80	0.024
548.00	0.024
548.20	0.024
548.40	0.024
548.59	0.024
548.79	0.024
548.99	0.025
549.19	0.025
549.39	0.024
549.59	0.025
549.79	0.025
549.98	0.025
550.18	0.024
550.38	0.024
550.58	0.024
550.78	0.024
550.98	0.024
551.17	0.025
551.37	0.025
551.57	0.024
551.77	0.024
551.97	0.025
552.17	0.025
552.36	0.024
552.56	0.024
552.76	0.024
552.96	0.024
553.16	0.024
553.36	0.024
553.55	0.024
553.75	0.024
553.95	0.024
554.15	0.024
554.35	0.024
554.55	0.024
554.74	0.023
554.94	0.024
555.14	0.024
555.34	0.023
555.54	0.023
555.73	0.023
555.93	0.023
556.13	0.023
556.33	0.023
556.53	0.024
556.72	0.023
556.92	0.023
557.12	0.023
557.32	0.023
557.52	0.024
557.71	0.024
557.91	0.024
558.11	0.024
558.31	0.025
558.51	0.026
558.70	0.026
558.90	0.026
559.10	0.026
559.30	0.026
559.49	0.025
559.69	0.026
559.89	0.025
560.09	0.024
560.29	0.024
560.48	0.024
560.68	0.024
560.88	0.024
561.08	0.024
561.27	0.023
561.47	0.024
561.67	0.024
561.87	0.024
562.06	0.024
562.26	0.024
562.46	0.024
562.66	0.024
562.86	0.024
563.05	0.024
563.25	0.024
563.45	0.024
563.65	0.023
563.84	0.023
564.04	0.023
564.24	0.023
564.44	0.023
564.63	0.022
564.83	0.022
565.03	0.023
565.22	0.023
565.42	0.024
565.62	0.025
565.82	0.025
566.01	0.025
566.21	0.025
566.41	0.025
566.61	0.025
566.80	0.025
567.00	0.025
567.20	0.025
567.40	0.024
567.59	0.024
567.79	0.024
567.99	0.024
568.18	0.025
568.38	0.024
568.58	0.024
568.78	0.024
568.97	0.024
569.17	0.024
569.37	0.024
569.56	0.024
569.76	0.023
569.96	0.023
570.16	0.023
570.35	0.023
570.55	0.022
570.75	0.022
570.94	0.022
571.14	0.022
571.34	0.022
571.53	0.022
571.73	0.022
571.93	0.022
572.12	0.022
572.32	0.023
572.52	0.023
572.72	0.024
572.91	0.023
573.11	0.023
573.31	0.024
573.50	0.023
573.70	0.023
573.90	0.023
574.09	0.023
574.29	0.022
574.49	0.022
574.68	0.022
574.88	0.022
575.08	0.022
575.27	0.022
575.47	0.022
575.67	0.022
575.86	0.023
576.06	0.023
576.26	0.023
576.45	0.023
576.65	0.023
576.85	0.023
577.04	0.022
577.24	0.022
577.44	0.022
577.63	0.021
577.83	0.021
578.02	0.021
578.22	0.021
578.42	0.021
578.61	0.022
578.81	0.022
579.01	0.022
579.20	0.023
579.40	0.023
579.60	0.024
579.79	0.024
579.99	0.024
580.19	0.024
580.38	0.023
580.58	0.022
580.77	0.022
580.97	0.022
581.17	0.021
581.36	0.020
581.56	0.020
581.75	0.019
581.95	0.020
582.15	0.020
582.34	0.021
582.54	0.021
582.74	0.021
582.93	0.022
583.13	0.023
583.32	0.023
583.52	0.024
583.72	0.024
583.91	0.024
584.11	0.023
584.30	0.023
584.50	0.022
584.70	0.022
584.89	0.021
585.09	0.021
585.28	0.020
585.48	0.021
585.68	0.021
585.87	0.021
586.07	0.021
586.26	0.022
586.46	0.022
586.66	0.022
586.85	0.022
587.05	0.022
587.24	0.021
587.44	0.021
587.63	0.021
587.83	0.020
588.03	0.021
588.22	0.020
588.42	0.020
588.61	0.020
588.81	0.020
589.00	0.021
589.20	0.020
589.40	0.021
589.59	0.021
589.79	0.021
589.98	0.021
590.18	0.021
590.37	0.022
590.57	0.022
590.76	0.022
590.96	0.023
591.16	0.023
591.35	0.023
591.55	0.024
591.74	0.023
591.94	0.023
592.13	0.022
592.33	0.022
592.52	0.022
592.72	0.021
592.91	0.020
593.11	0.020
593.30	0.020
593.50	0.020
593.70	0.020
593.89	0.020
594.09	0.021
594.28	0.021
594.48	0.021
594.67	0.021
594.87	0.021
595.06	0.021
595.26	0.021
595.45	0.021
595.65	0.021
595.84	0.021
596.04	0.021
596.23	0.021
596.43	0.021
596.62	0.021
596.82	0.021
597.01	0.021
597.21	0.021
597.40	0.021
597.60	0.021
597.79	0.021
597.99	0.020
598.18	0.021
598.38	0.021
598.57	0.021
598.77	0.021
598.96	0.020
599.16	0.020
599.35	0.020
599.55	0.020
599.74	0.020
599.94	0.020
600.13	0.020
600.33	0.019
600.52	0.020
600.72	0.020
600.91	0.020
601.11	0.020
601.30	0.020
601.50	0.020
601.69	0.021
601.89	0.021
602.08	0.021
602.27	0.022
602.47	0.021
602.66	0.022
602.86	0.022
603.05	0.021
603.25	0.021
603.44	0.021
603.64	0.021
603.83	0.021
604.03	0.021
604.22	0.021
604.41	0.021
604.61	0.021
604.80	0.021
605.00	0.021
605.19	0.020
605.39	0.020
605.58	0.020
605.78	0.020
605.97	0.020
606.16	0.020
606.36	0.020
606.55	0.020
606.75	0.020
606.94	0.020
607.14	0.020
607.33	0.020
607.52	0.020
607.72	0.020
607.91	0.019
608.11	0.019
608.30	0.019
608.50	0.019
608.69	0.020
608.88	0.020
609.08	0.020
609.27	0.020
609.47	0.020
609.66	0.021
609.85	0.021
610.05	0.021
610.24	0.021
610.44	0.020
610.63	0.020
610.83	0.020
611.02	0.020
611.21	0.020
611.41	0.020
611.60	0.020
611.80	0.020
611.99	0.020
612.18	0.020
612.38	0.020
612.57	0.020
612.76	0.020
612.96	0.021
613.15	0.021
613.35	0.021
613.54	0.021
613.73	0.021
613.93	0.021
614.12	0.021
614.32	0.020
614.51	0.020
614.70	0.020
614.90	0.020
615.09	0.020
615.28	0.020
615.48	0.019
615.67	0.020
615.86	0.020
616.06	0.020
616.25	0.020
616.45	0.020
616.64	0.020
616.83	0.020
617.03	0.020
617.22	0.020
617.41	0.020
617.61	0.020
617.80	0.020
617.99	0.020
618.19	0.020
618.38	0.020
618.57	0.020
618.77	0.020
618.96	0.020
619.15	0.020
619.35	0.020
619.54	0.019
619.73	0.019
619.93	0.019
620.12	0.019
620.31	0.019
620.51	0.019
620.70	0.020
620.89	0.020
621.09	0.020
621.28	0.020
621.47	0.020
621.67	0.019
621.86	0.019
622.05	0.019
622.25	0.019
622.44	0.019
622.63	0.019
622.83	0.019
623.02	0.019
623.21	0.019
623.41	0.019
623.60	0.019
623.79	0.019
623.98	0.019
624.18	0.019
624.37	0.019
624.56	0.018
624.76	0.018
624.95	0.018
625.14	0.018
625.33	0.018
625.53	0.019
625.72	0.018
625.91	0.018
626.11	0.019
626.30	0.019
626.49	0.019
626.68	0.019
626.88	0.019
627.07	0.019
627.26	0.018
627.46	0.019
627.65	0.019
627.84	0.019
628.03	0.019
628.23	0.019
628.42	0.019
628.61	0.019
628.80	0.019
629.00	0.019
629.19	0.019
629.38	0.019
629.58	0.020
629.77	0.020
629.96	0.020
630.15	0.020
630.35	0.019
630.54	0.019
630.73	0.019
630.92	0.019
631.12	0.018
631.31	0.019
631.50	0.019
631.69	0.019
631.89	0.019
632.08	0.019
632.27	0.019
632.46	0.019
632.65	0.019
632.85	0.019
633.04	0.019
633.23	0.019
633.42	0.019
633.62	0.019
633.81	0.019
634.00	0.019
634.19	0.018
634.39	0.018
634.58	0.019
634.77	0.019
634.96	0.019
635.15	0.019
635.35	0.019
635.54	0.019
635.73	0.019
635.92	0.019
636.11	0.019
636.31	0.019
636.50	0.019
636.69	0.019
636.88	0.019
637.07	0.019
637.27	0.019
637.46	0.019
637.65	0.019
637.84	0.019
638.03	0.020
638.23	0.019
638.42	0.019
638.61	0.019
638.80	0.019
638.99	0.019
639.19	0.019
639.38	0.019
639.57	0.019
639.76	0.019
639.95	0.019
640.14	0.019
640.34	0.019
640.53	0.019
640.72	0.019
640.91	0.019
641.10	0.019
641.30	0.019
641.49	0.019
641.68	0.019
641.87	0.019
642.06	0.019
642.25	0.019
642.44	0.018
642.64	0.018
642.83	0.018
643.02	0.019
643.21	0.018
643.40	0.018
643.59	0.019
643.79	0.018
643.98	0.018
644.17	0.018
644.36	0.019
644.55	0.018
644.74	0.018
644.93	0.018
645.13	0.018
645.32	0.018
645.51	0.018
645.70	0.018
645.89	0.018
646.08	0.018
646.27	0.018
646.46	0.019
646.66	0.019
646.85	0.019
647.04	0.019
647.23	0.019
647.42	0.019
647.61	0.019
647.80	0.019
647.99	0.019
648.19	0.019
648.38	0.019
648.57	0.019
648.76	0.019
648.95	0.019
649.14	0.019
649.33	0.019
649.52	0.019
649.71	0.019
649.91	0.019
650.10	0.019
650.29	0.019
650.48	0.019
650.67	0.019
650.86	0.019
651.05	0.019
651.24	0.019
651.43	0.019
651.62	0.019
651.81	0.019
652.01	0.018
652.20	0.018
652.39	0.018
652.58	0.018
652.77	0.018
652.96	0.018
653.15	0.018
653.34	0.018
653.53	0.018
653.72	0.018
653.91	0.019
654.10	0.020
654.29	0.020
654.48	0.020
654.68	0.020
654.87	0.019
655.06	0.018
655.25	0.017
655.44	0.017
655.63	0.016
655.82	0.016
656.01	0.016
656.20	0.016
656.39	0.016
656.58	0.016
656.77	0.017
656.96	0.018
657.15	0.018
657.34	0.018
657.53	0.018
657.72	0.018
657.91	0.018
658.10	0.018
658.29	0.018
658.48	0.018
658.68	0.018
658.87	0.018
659.06	0.018
659.25	0.018
659.44	0.018
659.63	0.018
659.82	0.018
660.01	0.019
660.20	0.019
660.39	0.018
660.58	0.019
660.77	0.019
660.96	0.018
661.15	0.019
661.34	0.019
661.53	0.019
661.72	0.019
661.91	0.019
662.10	0.019
662.29	0.019
662.48	0.019
662.67	0.019
662.86	0.019
663.05	0.019
663.24	0.019
663.43	0.018
663.62	0.018
663.81	0.018
664.00	0.018
664.19	0.018
664.38	0.018
664.57	0.017
664.76	0.017
664.95	0.018
665.14	0.018
665.33	0.018
665.52	0.018
665.71	0.018
665.90	0.018
666.09	0.019
666.28	0.019
666.46	0.018
666.65	0.017
666.84	0.017
667.03	0.017
667.22	0.017
667.41	0.017
667.60	0.017
667.79	0.017
667.98	0.017
668.17	0.017
668.36	0.018
668.55	0.017
668.74	0.018
668.93	0.018
669.12	0.018
669.31	0.018
669.50	0.017
669.69	0.017
669.88	0.018
670.07	0.018
670.26	0.018
670.44	0.018
670.63	0.018
670.82	0.018
671.01	0.018
671.20	0.018
671.39	0.017
671.58	0.017
671.77	0.017
671.96	0.017
672.15	0.017
672.34	0.017
672.53	0.018
672.72	0.018
672.91	0.018
673.09	0.018
673.28	0.018
673.47	0.018
673.66	0.018
673.85	0.018
674.04	0.018
674.23	0.018
674.42	0.018
674.61	0.018
674.80	0.018
674.98	0.018
675.17	0.018
675.36	0.018
675.55	0.018
675.74	0.018
675.93	0.017
676.12	0.017
676.31	0.017
676.50	0.017
676.69	0.017
676.87	0.017
677.06	0.017
677.25	0.017
677.44	0.018
677.63	0.018
677.82	0.018
678.01	0.018
678.20	0.018
678.38	0.018
678.57	0.018
678.76	0.018
678.95	0.018
679.14	0.018
679.33	0.017
679.52	0.017
679.71	0.017
679.89	0.017
680.08	0.017
680.27	0.017
680.46	0.017
680.65	0.017
680.84	0.017
681.02	0.017
681.21	0.017
681.40	0.017
681.59	0.017
681.78	0.017
681.97	0.017
682.16	0.017
682.34	0.018
682.53	0.018
682.72	0.018
682.91	0.018
683.10	0.018
683.29	0.018
683.47	0.018
683.66	0.018
683.85	0.018
684.04	0.018
684.23	0.018
684.42	0.018
684.60	0.018
684.79	0.018
684.98	0.018
685.17	0.018
685.36	0.018
685.54	0.018
685.73	0.018
685.92	0.018
686.11	0.018
686.30	0.017
686.49	0.018
686.67	0.017
686.86	0.017
687.05	0.017
687.24	0.017
687.43	0.017
687.61	0.017
687.80	0.018
687.99	0.018
688.18	0.018
688.36	0.018
688.55	0.018
688.74	0.018
688.93	0.018
689.12	0.017
689.30	0.018
689.49	0.018
689.68	0.018
689.87	0.018
690.06	0.018
690.24	0.018
690.43	0.018
690.62	0.018
690.81	0.018
690.99	0.017
691.18	0.017
691.37	0.017
691.56	0.017
691.74	0.017
691.93	0.017
692.12	0.017
692.31	0.018
692.50	0.018
692.68	0.018
692.87	0.018
693.06	0.018
693.25	0.018
693.43	0.018
693.62	0.018
693.81	0.018
694.00	0.017
694.18	0.017
694.37	0.017
694.56	0.017
694.74	0.017
694.93	0.017
695.12	0.017
695.31	0.017
695.49	0.017
695.68	0.017
695.87	0.017
696.06	0.017
696.24	0.017
696.43	0.017
696.62	0.017
696.80	0.017
696.99	0.017
697.18	0.017
697.37	0.017
697.55	0.017
697.74	0.017
697.93	0.017
698.12	0.017
698.30	0.017
698.49	0.017
698.68	0.017
698.86	0.017
699.05	0.017
699.24	0.017
699.42	0.017
699.61	0.016
699.80	0.017
699.99	0.017
700.17	0.017
700.36	0.017
700.55	0.017
700.73	0.017
700.92	0.017
701.11	0.017
701.29	0.017
701.48	0.018
701.67	0.017
701.85	0.017
702.04	0.017
702.23	0.017
702.41	0.017
702.60	0.017
702.79	0.017
702.97	0.017
703.16	0.016
703.35	0.017
703.53	0.017
703.72	0.016
703.91	0.017
704.09	0.017
704.28	0.017
704.47	0.017
704.65	0.017
704.84	0.017
705.03	0.017
705.21	0.017
705.40	0.017
705.59	0.017
705.77	0.017
705.96	0.017
706.15	0.016
706.33	0.016
706.52	0.017
706.71	0.017
706.89	0.017
707.08	0.017
707.26	0.017
707.45	0.016
707.64	0.017
707.82	0.017
708.01	0.017
708.20	0.017
708.38	0.017
708.57	0.017
708.75	0.017
708.94	0.017
709.13	0.017
709.31	0.017
709.50	0.017
709.69	0.017
709.87	0.017
710.06	0.017
710.24	0.017
710.43	0.017
710.62	0.017
710.80	0.017
710.99	0.017
711.17	0.017
711.36	0.017
711.55	0.017
711.73	0.017
711.92	0.017
712.10	0.017
712.29	0.017
712.48	0.017
712.66	0.017
712.85	0.017
713.03	0.017
713.22	0.016
713.40	0.017
713.59	0.017
713.78	0.017
713.96	0.017
714.15	0.017
714.33	0.017
714.52	0.017
714.71	0.017
714.89	0.018
715.08	0.018
715.26	0.018
715.45	0.018
715.63	0.018
715.82	0.018
716.00	0.018
716.19	0.018
716.38	0.018
716.56	0.018
716.75	0.018
716.93	0.017
717.12	0.017
717.30	0.017
717.49	0.017
717.67	0.017
717.86	0.017
718.05	0.017
718.23	0.016
718.42	0.016
718.60	0.017
718.79	0.017
718.97	0.017
719.16	0.017
719.34	0.017
719.53	0.017
719.71	0.017
719.90	0.017
720.08	0.017
720.27	0.017
720.45	0.016
720.64	0.016
720.83	0.016
721.01	0.016
721.20	0.016
721.38	0.016
721.57	0.016
721.75	0.016
721.94	0.016
722.12	0.016
722.31	0.016
722.49	0.016
722.68	0.016
722.86	0.016
723.05	0.016
723.23	0.016
723.42	0.016
723.60	0.016
723.79	0.017
723.97	0.017
724.16	0.017
724.34	0.017
724.53	0.017
724.71	0.017
724.90	0.017
725.08	0.017
725.27	0.017
725.45	0.016
725.64	0.016
725.82	0.016
726.00	0.016
726.19	0.016
726.37	0.016
726.56	0.016
726.74	0.016
726.93	0.016
727.11	0.016
727.30	0.016
727.48	0.016
727.67	0.016
727.85	0.016
728.04	0.016
728.22	0.016
728.40	0.016
728.59	0.016
728.77	0.017
728.96	0.016
729.14	0.016
729.33	0.016
729.51	0.017
729.70	0.017
729.88	0.017
730.07	0.017
730.25	0.017
730.43	0.017
730.62	0.017
730.80	0.017
730.99	0.017
731.17	0.016
731.36	0.016
731.54	0.016
731.72	0.016
731.91	0.016
732.09	0.016
732.28	0.016
732.46	0.016
732.65	0.016
732.83	0.016
733.01	0.016
733.20	0.016
733.38	0.016
733.57	0.016
733.75	0.016
733.93	0.016
734.12	0.016
734.30	0.016
734.49	0.016
734.67	0.016
734.85	0.016
735.04	0.016
735.22	0.015
735.41	0.015
735.59	0.015
735.77	0.015
735.96	0.015
736.14	0.015
736.33	0.015
736.51	0.016
736.69	0.016
736.88	0.016
737.06	0.016
737.25	0.016
737.43	0.017
737.61	0.017
737.80	0.017
737.98	0.017
738.16	0.016
738.35	0.016
738.53	0.016
738.71	0.016
738.90	0.016
739.08	0.015
739.27	0.016
739.45	0.016
739.63	0.016
739.82	0.016
740.00	0.016
740.18	0.016
740.37	0.016
740.55	0.016
740.73	0.016
740.92	0.016
741.10	0.016
741.28	0.016
741.47	0.016
741.65	0.016
741.83	0.016
742.02	0.016
742.20	0.016
742.38	0.016
742.57	0.015
742.75	0.015
742.93	0.015
743.12	0.016
743.30	0.015
743.48	0.016
743.67	0.016
743.85	0.016
744.03	0.016
744.22	0.016
744.40	0.016
744.58	0.016
744.77	0.016
744.95	0.016
745.13	0.016
745.32	0.015
745.50	0.015
745.68	0.016
745.87	0.016
746.05	0.016
746.23	0.016
746.41	0.016
746.60	0.016
746.78	0.016
746.96	0.016
747.15	0.016
747.33	0.015
747.51	0.016
747.70	0.016
747.88	0.016
748.06	0.016
748.24	0.015
748.43	0.016
748.61	0.016
748.79	0.015
748.97	0.016
749.16	0.016
749.34	0.016
749.52	0.016
749.71	0.016
749.89	0.016
750.07	0.016
750.25	0.016
750.44	0.016
750.62	0.016
750.80	0.015
750.98	0.015
751.17	0.015
751.35	0.016
751.53	0.015
751.71	0.016
751.90	0.016
752.08	0.016
752.26	0.016
752.44	0.016
752.63	0.016
752.81	0.016
752.99	0.016
753.17	0.016
753.36	0.016
753.54	0.015
753.72	0.015
753.90	0.015
754.09	0.015
754.27	0.015
754.45	0.015
754.63	0.015
754.82	0.015
755.00	0.015
755.18	0.015
755.36	0.015
755.54	0.015
755.73	0.015
755.91	0.015
756.09	0.015
756.27	0.015
756.45	0.016
756.64	0.015
756.82	0.015
757.00	0.015
757.18	0.015
757.37	0.015
757.55	0.015
757.73	0.016
757.91	0.015
758.09	0.015
758.27	0.015
758.46	0.015
758.64	0.015
758.82	0.015
759.00	0.015
759.18	0.015
759.37	0.014
759.55	0.015
759.73	0.015
759.91	0.015
760.09	0.015
760.28	0.014
760.46	0.015
760.64	0.015
760.82	0.014
761.00	0.014
761.18	0.014
761.37	0.014
761.55	0.014
761.73	0.014
761.91	0.014
762.09	0.014
762.27	0.014
762.46	0.014
762.64	0.015
762.82	0.014
763.00	0.014
763.18	0.014
763.36	0.014
763.54	0.014
763.73	0.014
763.91	0.014
764.09	0.013
764.27	0.013
764.45	0.013
764.63	0.013
764.81	0.013
765.00	0.014
765.18	0.014
765.36	0.014
765.54	0.014
765.72	0.014
765.90	0.014
766.08	0.014
766.27	0.014
766.45	0.014
766.63	0.014
766.81	0.014
766.99	0.014
767.17	0.014
767.35	0.015
767.53	0.015
767.71	0.015
767.90	0.015
768.08	0.015
768.26	0.015
768.44	0.015
768.62	0.015
768.80	0.015
768.98	0.014
769.16	0.014
769.34	0.014
769.52	0.014
769.71	0.014
769.89	0.013
770.07	0.013
770.25	0.013
770.43	0.013
770.61	0.013
770.79	0.014
770.97	0.014
771.15	0.014
771.33	0.014
771.51	0.014
771.69	0.014
771.88	0.014
772.06	0.014
772.24	0.014
772.42	0.014
772.60	0.014
772.78	0.014
772.96	0.014
773.14	0.013
773.32	0.014
773.50	0.014
773.68	0.013
773.86	0.014
774.04	0.013
774.22	0.014
774.40	0.014
774.58	0.014
774.77	0.014
774.95	0.014
775.13	0.014
775.31	0.014
775.49	0.014
775.67	0.014
775.85	0.014
776.03	0.014
776.21	0.014
776.39	0.014
776.57	0.014
776.75	0.014
776.93	0.014
777.11	0.014
777.29	0.013
777.47	0.013
777.65	0.013
777.83	0.013
778.01	0.012
778.19	0.012
778.37	0.012
778.55	0.013
778.73	0.013
778.91	0.013
779.09	0.013
779.27	0.013
779.45	0.013
779.63	0.013
779.81	0.014
779.99	0.014
780.17	0.014
780.35	0.014
780.53	0.014
780.71	0.014
780.89	0.014
781.07	0.014
781.25	0.014
781.43	0.013
781.61	0.013
781.79	0.014
781.97	0.014
782.15	0.014
782.33	0.014
782.51	0.014
782.69	0.014
782.87	0.014
783.05	0.014
783.23	0.014
783.41	0.014
783.59	0.014
783.77	0.013
783.95	0.013
784.13	0.013
784.31	0.013
784.49	0.013
784.67	0.013
784.85	0.013
785.03	0.013
785.21	0.012
785.38	0.012
785.56	0.012
785.74	0.012
785.92	0.012
786.10	0.012
786.28	0.013
786.46	0.013
786.64	0.013
786.82	0.013
787.00	0.013
787.18	0.014
787.36	0.014
787.54	0.014
787.72	0.013
787.90	0.013
788.08	0.013
788.25	0.013
788.43	0.014
788.61	0.014
788.79	0.014
788.97	0.014
789.15	0.014
789.33	0.014
789.51	0.014
789.69	0.014
789.87	0.014
790.05	0.013
790.23	0.013
790.40	0.013
790.58	0.013
790.76	0.013
790.94	0.013
791.12	0.013
791.30	0.013
791.48	0.013
791.66	0.013
791.84	0.013
792.02	0.013
792.19	0.013
792.37	0.013
792.55	0.013
792.73	0.013
792.91	0.013
793.09	0.013
793.27	0.013
793.45	0.013
793.63	0.013
793.80	0.013
793.98	0.013
794.16	0.014
794.34	0.014
794.52	0.014
794.70	0.013
794.88	0.013
795.05	0.013
795.23	0.013
795.41	0.013
795.59	0.013
795.77	0.013
795.95	0.013
796.13	0.013
796.30	0.013
796.48	0.013
796.66	0.013
796.84	0.013
797.02	0.013
797.20	0.013
797.38	0.013
797.55	0.013
797.73	0.013
797.91	0.013
798.09	0.014
798.27	0.014
798.45	0.014
798.62	0.014
798.80	0.014
798.98	0.014
799.16	0.014
799.34	0.014
799.52	0.014
799.69	0.014
799.87	0.014
800.05	0.014
800.23	0.014
800.41	0.014
800.58	0.013
800.76	0.013
800.94	0.013
801.12	0.013
801.30	0.013
801.47	0.013
801.65	0.013
801.83	0.013
802.01	0.013
802.19	0.012
802.36	0.012
802.54	0.012
802.72	0.012
802.90	0.012
803.08	0.013
803.25	0.013
803.43	0.013
803.61	0.013
803.79	0.014
803.97	0.014
804.14	0.014
804.32	0.014
804.50	0.013
804.68	0.013
804.85	0.013
805.03	0.013
805.21	0.013
805.39	0.012
805.56	0.013
805.74	0.012
805.92	0.013
806.10	0.013
806.28	0.013
806.45	0.013
806.63	0.013
806.81	0.013
806.99	0.013
807.16	0.012
807.34	0.013
807.52	0.013
807.70	0.013
807.87	0.013
808.05	0.013
808.23	0.013
808.41	0.013
808.58	0.013
808.76	0.013
808.94	0.012
809.11	0.012
809.29	0.012
809.47	0.013
809.65	0.013
809.82	0.013
810.00	0.013
810.18	0.014
810.36	0.014
810.53	0.014
810.71	0.014
810.89	0.014
811.06	0.014
811.24	0.014
811.42	0.014
811.60	0.013
811.77	0.013
811.95	0.013
812.13	0.013
812.30	0.013
812.48	0.013
812.66	0.013
812.83	0.012
813.01	0.012
813.19	0.012
813.37	0.012
813.54	0.012
813.72	0.011
813.90	0.012
814.07	0.012
814.25	0.012
814.43	0.012
814.60	0.011
814.78	0.011
814.96	0.011
815.13	0.011
815.31	0.012
815.49	0.011
815.66	0.012
815.84	0.012
816.02	0.012
816.19	0.012
816.37	0.012
816.55	0.012
816.72	0.012
816.90	0.012
817.08	0.012
817.25	0.012
817.43	0.012
817.61	0.012
817.78	0.012
817.96	0.012
818.14	0.012
818.31	0.012
818.49	0.012
818.67	0.011
818.84	0.011
819.02	0.011
819.19	0.011
819.37	0.011
819.55	0.012
819.72	0.012
819.90	0.012
820.08	0.012
820.25	0.012
820.43	0.012
820.60	0.012
820.78	0.012
820.96	0.012
821.13	0.012
821.31	0.012
821.49	0.011
821.66	0.011
821.84	0.010
822.01	0.011
822.19	0.010
822.37	0.011
822.54	0.011
822.72	0.011
822.89	0.012
823.07	0.012
823.25	0.012
823.42	0.012
823.60	0.013
823.77	0.013
823.95	0.012
824.13	0.013
824.30	0.012
824.48	0.012
824.65	0.012
824.83	0.013
825.01	0.013
825.18	0.012
825.36	0.013
825.53	0.013
825.71	0.013
825.88	0.013
826.06	0.013
826.24	0.013
826.41	0.013
826.59	0.012
826.76	0.012
826.94	0.012
827.11	0.012
827.29	0.012
827.47	0.012
827.64	0.012
827.82	0.012
827.99	0.012
828.17	0.012
828.34	0.013
828.52	0.013
828.69	0.013
828.87	0.013
829.04	0.013
829.22	0.013
829.40	0.013
829.57	0.013
829.75	0.014
829.92	0.013
830.10	0.013
830.27	0.013
830.45	0.012
830.62	0.012
830.80	0.012
830.97	0.012
831.15	0.012
831.32	0.012
831.50	0.012
831.67	0.012
831.85	0.012
832.02	0.012
832.20	0.011
832.37	0.011
832.55	0.011
832.73	0.012
832.90	0.012
833.08	0.012
833.25	0.012
833.43	0.013
833.60	0.013
833.78	0.013
833.95	0.013
834.13	0.013
834.30	0.012
834.48	0.012
834.65	0.013
834.82	0.013
835.00	0.012
835.17	0.012
835.35	0.012
835.52	0.013
835.70	0.013
835.87	0.013
836.05	0.013
836.22	0.012
836.40	0.012
836.57	0.012
836.75	0.012
836.92	0.012
837.10	0.012
837.27	0.012
837.45	0.012
837.62	0.012
837.80	0.013
837.97	0.013
838.14	0.013
838.32	0.013
838.49	0.013
838.67	0.013
838.84	0.013
839.02	0.013
839.19	0.013
839.37	0.013
839.54	0.012
839.71	0.012
839.89	0.012
840.06	0.012
840.24	0.012
840.41	0.012
840.59	0.012
840.76	0.012
840.94	0.012
841.11	0.012
841.28	0.011
841.46	0.012
841.63	0.012
841.81	0.012
841.98	0.012
842.15	0.012
842.33	0.012
842.50	0.012
842.68	0.012
842.85	0.011
843.03	0.012
843.20	0.012
843.37	0.012
843.55	0.012
843.72	0.012
843.90	0.012
844.07	0.012
844.24	0.012
844.42	0.012
844.59	0.012
844.77	0.012
844.94	0.012
845.11	0.012
845.29	0.012
845.46	0.012
845.63	0.012
845.81	0.012
845.98	0.012
846.16	0.012
846.33	0.013
846.50	0.013
846.68	0.012
846.85	0.012
847.02	0.012
847.20	0.012
847.37	0.011
847.55	0.011
847.72	0.012
847.89	0.011
848.07	0.011
848.24	0.012
848.41	0.012
848.59	0.011
848.76	0.011
848.93	0.011
849.11	0.011
849.28	0.010
849.45	0.010
849.63	0.011
849.80	0.010
849.97	0.010
850.15	0.010
850.32	0.010
850.49	0.010
850.67	0.010
850.84	0.010
851.01	0.011
851.19	0.010
851.36	0.010
851.53	0.010
851.71	0.010
851.88	0.010
852.05	0.011
852.23	0.011
852.40	0.011
852.57	0.012
852.75	0.011
852.92	0.011
853.09	0.011
853.27	0.011
853.44	0.010
853.61	0.010
853.79	0.010
853.96	0.009
854.13	0.008
854.30	0.008
854.48	0.008
854.65	0.008
854.82	0.009
855.00	0.008
855.17	0.008
855.34	0.008
855.51	0.007
855.69	0.009
855.86	0.009
856.03	0.009
856.21	0.009
856.38	0.008
856.55	0.008
856.72	0.008
856.90	0.008
857.07	0.008
857.24	0.007
857.42	0.007
857.59	0.007
857.76	0.007
857.93	0.007
858.11	0.007
858.28	0.006
858.45	0.006
858.62	0.007
858.80	0.007
858.97	0.007
859.14	0.007
859.31	0.007
859.49	0.007
859.66	0.007
859.83	0.007
860.00	0.006
860.18	0.007
860.35	0.006
860.52	0.006
860.69	0.006
860.86	0.005
861.04	0.006
861.21	0.006
861.38	0.006
861.55	0.006
861.73	0.006
861.90	0.006
862.07	0.006
862.24	0.006
862.42	0.006
862.59	0.005
862.76	0.006
862.93	0.006
863.10	0.005
863.28	0.005
863.45	0.004
863.62	0.004
863.79	0.004
863.96	0.004
864.14	0.004
864.31	0.003
864.48	0.003
864.65	0.004
864.82	0.003
865.00	0.003
865.17	0.003
865.34	0.003
865.51	0.003
865.68	0.003
865.86	0.004
866.03	0.004
866.20	0.003
866.37	0.004
866.54	0.004
866.71	0.004
866.89	0.004
867.06	0.003
867.23	0.003
867.40	0.002
867.57	0.002
867.74	0.002
867.92	0.001
868.09	0.002
868.26	0.001
868.43	0.002
868.60	0.002
868.77	0.002
868.95	0.001
869.12	0.001
869.29	0.001
869.46	0.001
869.63	0.000
869.80	0.001
869.97	0.001
870.15	0.000
870.32	0.000
870.49	0.001
870.66	0.001
870.83	0.001
871.00	0.001
871.17	0.001
871.34	0.000
871.52	-0.000
871.69	-0.000
871.86	-0.000
872.03	-0.001
872.20	-0.001
872.37	-0.001
872.54	-0.000
872.71	-0.001
872.89	-0.002
873.06	-0.002
873.23	-0.001
873.40	-0.002
873.57	-0.002
873.74	-0.002
873.91	-0.002
874.08	-0.003
874.25	-0.003
874.42	-0.002
874.60	-0.002
874.77	-0.003
874.94	-0.003
875.11	-0.003
875.28	-0.003
875.45	-0.004
875.62	-0.003
875.79	-0.003
875.96	-0.003
876.13	-0.003
876.30	-0.002
876.47	-0.002
876.65	-0.003
876.82	-0.003
876.99	-0.004
877.16	-0.004
877.33	-0.004
877.50	-0.004
877.67	-0.004
877.84	-0.005
878.01	-0.005
878.18	-0.005
878.35	-0.004
878.52	-0.003
878.69	-0.003
878.86	-0.003
879.03	-0.004
879.20	-0.004
879.38	-0.004
879.55	-0.003
879.72	-0.004
879.89	-0.004
880.06	-0.004
880.23	-0.004
880.40	-0.004
880.57	-0.003
880.74	-0.003
880.91	-0.004
881.08	-0.003
881.25	-0.003
881.42	-0.004
881.59	-0.004
881.76	-0.004
881.93	-0.004
882.10	-0.004
882.27	-0.004
882.44	-0.004
882.61	-0.005
882.78	-0.005
882.95	-0.004
883.12	-0.005
883.29	-0.004
883.46	-0.004
883.63	-0.004
883.80	-0.005
883.97	-0.005
884.14	-0.004
884.31	-0.003
884.48	-0.004
884.65	-0.004
884.82	-0.004
884.99	-0.004
885.16	-0.004
885.33	-0.003
885.50	-0.003
885.67	-0.003
885.84	-0.004
886.01	-0.004
886.18	-0.004
886.35	-0.005
886.52	-0.005
886.69	-0.005
886.86	-0.006
887.03	-0.006
887.20	-0.006
887.37	-0.005
887.54	-0.005
887.71	-0.005
887.88	-0.004
888.05	-0.003
888.22	-0.002
888.39	-0.002
888.55	-0.002
888.72	-0.003
888.89	-0.003
889.06	-0.002
889.23	-0.002
889.40	-0.003
889.57	-0.003
889.74	-0.003
889.91	-0.003
890.08	-0.003
890.25	-0.003
890.42	-0.003
890.59	-0.004
890.76	-0.004
890.93	-0.004
891.10	-0.005
891.26	-0.006
891.43	-0.006
891.60	-0.005
891.77	-0.005
891.94	-0.006
892.11	-0.005
892.28	-0.005
892.45	-0.003
892.62	-0.003
892.79	-0.002
892.96	-0.002
893.13	-0.002
893.29	-0.002
893.46	-0.000
893.63	-0.000
893.80	0.000
893.97	0.000
894.14	0.001
894.31	0.000
894.48	0.007
894.65	-0.001
894.81	0.001
894.98	-0.006
