177.34	-0.000
177.56	-0.000
177.78	-0.000
178.00	-0.404
178.22	-0.000
178.44	-0.704
178.66	-0.363
178.89	-0.098
179.11	0.004
179.33	0.022
179.55	0.253
179.77	0.403
179.99	0.509
180.21	0.225
180.43	0.084
180.65	0.138
180.87	0.127
181.09	0.110
181.31	0.131
181.53	0.090
181.75	0.111
181.97	0.116
182.19	0.149
182.41	0.157
182.63	0.175
182.85	0.186
183.07	0.176
183.30	0.212
183.52	0.251
183.74	0.247
183.96	0.232
184.18	0.234
184.40	0.213
184.62	0.187
184.84	0.190
185.06	0.211
185.28	0.199
185.50	0.217
185.72	0.202
185.94	0.234
186.16	0.240
186.38	0.268
186.60	0.320
186.82	0.360
187.04	0.417
187.26	0.432
187.48	0.428
187.70	0.481
187.92	0.507
188.14	0.544
188.36	0.579
188.58	0.600
188.80	0.622
189.02	0.622
189.24	0.640
189.46	0.691
189.68	0.695
189.90	0.744
190.12	0.801
190.34	0.844
190.56	0.874
190.78	0.880
191.00	0.901
191.22	0.984
191.44	1.018
191.66	1.022
191.88	0.988
192.10	0.957
192.32	0.985
192.54	0.988
192.76	1.021
192.98	1.039
193.20	1.020
193.42	0.988
193.64	1.004
193.86	1.041
194.08	1.077
194.30	1.074
194.52	1.087
194.74	1.082
194.96	1.090
195.18	1.095
195.40	1.109
195.62	1.143
195.84	1.150
196.06	1.136
196.28	1.151
196.50	1.181
196.72	1.144
196.94	1.139
197.16	1.132
197.38	1.134
197.60	1.123
197.82	1.113
198.04	1.112
198.26	1.115
198.48	1.108
198.70	1.151
198.92	1.169
199.13	1.185
199.35	1.224
199.57	1.249
199.79	1.261
200.01	1.273
200.23	1.267
200.45	1.266
200.67	1.285
200.89	1.274
201.11	1.295
201.33	1.293
201.55	1.294
201.77	1.313
201.99	1.333
202.21	1.337
202.43	1.344
202.65	1.332
202.87	1.348
203.09	1.351
203.31	1.352
203.52	1.333
203.74	1.340
203.96	1.327
204.18	1.355
204.40	1.372
204.62	1.408
204.84	1.419
205.06	1.426
205.28	1.441
205.50	1.471
205.72	1.448
205.94	1.482
206.16	1.468
206.38	1.454
206.59	1.438
206.81	1.442
207.03	1.451
207.25	1.450
207.47	1.451
207.69	1.473
207.91	1.469
208.13	1.469
208.35	1.482
208.57	1.492
208.79	1.513
209.01	1.506
209.22	1.520
209.44	1.487
209.66	1.492
209.88	1.494
210.10	1.493
210.32	1.492
210.54	1.513
210.76	1.507
210.98	1.510
211.20	1.517
211.42	1.557
211.63	1.565
211.85	1.583
212.07	1.598
212.29	1.623
212.51	1.589
212.73	1.604
212.95	1.605
213.17	1.618
213.39	1.624
213.60	1.626
213.82	1.622
214.04	1.627
214.26	1.628
214.48	1.654
214.70	1.658
214.92	1.648
215.14	1.628
215.35	1.637
215.57	1.629
215.79	1.623
216.01	1.613
216.23	1.611
216.45	1.591
216.67	1.576
216.89	1.585
217.10	1.579
217.32	1.563
217.54	1.551
217.76	1.542
217.98	1.538
218.20	1.516
218.42	1.515
218.64	1.500
218.85	1.474
219.07	1.459
219.29	1.450
219.51	1.438
219.73	1.423
219.95	1.409
220.17	1.390
220.38	1.371
220.60	1.351
220.82	1.332
221.04	1.319
221.26	1.294
221.48	1.281
221.69	1.257
221.91	1.233
222.13	1.214
222.35	1.194
222.57	1.175
222.79	1.157
223.00	1.132
223.22	1.108
223.44	1.085
223.66	1.065
223.88	1.043
224.10	1.022
224.32	1.000
224.53	0.977
224.75	0.958
224.97	0.939
225.19	0.920
225.41	0.899
225.62	0.880
225.84	0.861
226.06	0.842
226.28	0.823
226.50	0.803
226.72	0.784
226.93	0.764
227.15	0.747
227.37	0.731
227.59	0.715
227.81	0.699
228.02	0.682
228.24	0.666
228.46	0.652
228.68	0.636
228.90	0.622
229.12	0.607
229.33	0.593
229.55	0.577
229.77	0.564
229.99	0.552
230.21	0.540
230.42	0.525
230.64	0.513
230.86	0.502
231.08	0.490
231.30	0.479
231.51	0.468
231.73	0.458
231.95	0.447
232.17	0.436
232.38	0.427
232.60	0.418
232.82	0.408
233.04	0.399
233.26	0.390
233.47	0.382
233.69	0.373
233.91	0.365
234.13	0.357
234.35	0.350
234.56	0.342
234.78	0.335
235.00	0.327
235.22	0.320
235.43	0.312
235.65	0.306
235.87	0.299
236.09	0.294
236.30	0.287
236.52	0.282
236.74	0.276
236.96	0.270
237.18	0.265
237.39	0.260
237.61	0.255
237.83	0.251
238.05	0.246
238.26	0.241
238.48	0.236
238.70	0.231
238.92	0.227
239.13	0.223
239.35	0.219
239.57	0.215
239.79	0.211
240.00	0.208
240.22	0.205
240.44	0.202
240.66	0.199
240.87	0.196
241.09	0.193
241.31	0.190
241.53	0.187
241.74	0.185
241.96	0.181
242.18	0.179
242.40	0.176
242.61	0.174
242.83	0.171
243.05	0.169
243.27	0.166
243.48	0.164
243.70	0.162
243.92	0.160
244.13	0.158
244.35	0.156
244.57	0.154
244.79	0.152
245.00	0.150
245.22	0.149
245.44	0.147
245.65	0.145
245.87	0.144
246.09	0.142
246.31	0.140
246.52	0.139
246.74	0.138
246.96	0.137
247.18	0.135
247.39	0.135
247.61	0.134
247.83	0.133
248.04	0.131
248.26	0.130
248.48	0.129
248.69	0.128
248.91	0.126
249.13	0.125
249.35	0.124
249.56	0.123
249.78	0.122
250.00	0.122
250.21	0.121
250.43	0.120
250.65	0.119
250.86	0.119
251.08	0.118
251.30	0.117
251.51	0.117
251.73	0.116
251.95	0.115
252.17	0.115
252.38	0.114
252.60	0.113
252.82	0.112
253.03	0.112
253.25	0.111
253.47	0.110
253.68	0.109
253.90	0.109
254.12	0.108
254.33	0.107
254.55	0.107
254.77	0.107
254.98	0.106
255.20	0.105
255.42	0.105
255.63	0.105
255.85	0.105
256.07	0.104
256.28	0.104
256.50	0.104
256.72	0.103
256.93	0.103
257.15	0.102
257.37	0.102
257.58	0.101
257.80	0.101
258.02	0.100
258.23	0.100
258.45	0.099
258.67	0.099
258.88	0.100
259.10	0.099
259.32	0.099
259.53	0.099
259.75	0.099
259.96	0.099
260.18	0.098
260.40	0.098
260.61	0.097
260.83	0.097
261.05	0.096
261.26	0.096
261.48	0.096
261.70	0.095
261.91	0.095
262.13	0.095
262.34	0.095
262.56	0.095
262.78	0.094
262.99	0.094
263.21	0.094
263.43	0.093
263.64	0.093
263.86	0.093
264.07	0.092
264.29	0.091
264.51	0.091
264.72	0.092
264.94	0.091
265.16	0.091
265.37	0.091
265.59	0.090
265.80	0.090
266.02	0.091
266.24	0.090
266.45	0.090
266.67	0.089
266.88	0.089
267.10	0.089
267.32	0.089
267.53	0.089
267.75	0.088
267.96	0.088
268.18	0.088
268.40	0.087
268.61	0.087
268.83	0.086
269.04	0.086
269.26	0.086
269.48	0.086
269.69	0.086
269.91	0.086
270.12	0.086
270.34	0.086
270.56	0.087
270.77	0.087
270.99	0.087
271.20	0.086
271.42	0.086
271.64	0.086
271.85	0.085
272.07	0.084
272.28	0.084
272.50	0.084
272.71	0.083
272.93	0.083
273.15	0.082
273.36	0.083
273.58	0.082
273.79	0.083
274.01	0.083
274.22	0.083
274.44	0.082
274.66	0.082
274.87	0.082
275.09	0.082
275.30	0.082
275.52	0.081
275.73	0.081
275.95	0.080
276.16	0.080
276.38	0.080
276.60	0.080
276.81	0.080
277.03	0.080
277.24	0.080
277.46	0.080
277.67	0.081
277.89	0.081
278.10	0.080
278.32	0.080
278.53	0.080
278.75	0.080
278.97	0.079
279.18	0.079
279.40	0.079
279.61	0.078
279.83	0.077
280.04	0.077
280.26	0.076
280.47	0.076
280.69	0.075
280.90	0.074
281.12	0.074
281.33	0.074
281.55	0.074
281.76	0.074
281.98	0.073
282.20	0.074
282.41	0.074
282.63	0.073
282.84	0.073
283.06	0.072
283.27	0.072
283.49	0.072
283.70	0.071
283.92	0.071
284.13	0.071
284.35	0.070
284.56	0.070
284.78	0.069
284.99	0.069
285.21	0.069
285.42	0.069
285.64	0.068
285.85	0.068
286.07	0.067
286.28	0.067
286.50	0.067
286.71	0.066
286.93	0.066
287.14	0.066
287.36	0.065
287.57	0.065
287.79	0.065
288.00	0.064
288.22	0.063
288.43	0.063
288.65	0.063
288.86	0.063
289.08	0.063
289.29	0.062
289.51	0.062
289.72	0.062
289.94	0.061
290.15	0.061
290.37	0.061
290.58	0.061
290.80	0.060
291.01	0.059
291.22	0.059
291.44	0.058
291.65	0.058
291.87	0.058
292.08	0.058
292.30	0.058
292.51	0.058
292.73	0.058
292.94	0.058
293.16	0.057
293.37	0.058
293.59	0.057
293.80	0.056
294.02	0.056
294.23	0.056
294.44	0.055
294.66	0.055
294.87	0.055
295.09	0.056
295.30	0.055
295.52	0.055
295.73	0.055
295.95	0.055
296.16	0.054
296.37	0.054
296.59	0.054
296.80	0.053
297.02	0.052
297.23	0.052
297.45	0.052
297.66	0.052
297.88	0.051
298.09	0.052
298.30	0.051
298.52	0.051
298.73	0.051
298.95	0.051
299.16	0.050
299.38	0.050
299.59	0.050
299.80	0.049
300.02	0.049
300.23	0.049
300.45	0.049
300.66	0.048
300.88	0.048
301.09	0.048
301.30	0.048
301.52	0.047
301.73	0.048
301.95	0.048
302.16	0.048
302.37	0.048
302.59	0.048
302.80	0.048
303.02	0.047
303.23	0.048
303.45	0.047
303.66	0.047
303.87	0.046
304.09	0.046
304.30	0.046
304.52	0.046
304.73	0.045
304.94	0.045
305.16	0.044
305.37	0.045
305.59	0.044
305.80	0.044
306.01	0.043
306.23	0.042
306.44	0.041
306.65	0.041
306.87	0.041
307.08	0.041
307.30	0.041
307.51	0.041
307.72	0.041
307.94	0.041
308.15	0.041
308.37	0.042
308.58	0.041
308.79	0.041
309.01	0.041
309.22	0.041
309.43	0.041
309.65	0.041
309.86	0.040
310.07	0.040
310.29	0.040
310.50	0.039
310.72	0.039
310.93	0.038
311.14	0.038
311.36	0.038
311.57	0.037
311.78	0.037
312.00	0.036
312.21	0.037
312.42	0.036
312.64	0.036
312.85	0.036
313.07	0.036
313.28	0.036
313.49	0.036
313.71	0.036
313.92	0.036
314.13	0.036
314.35	0.036
314.56	0.037
314.77	0.036
314.99	0.037
315.20	0.037
315.41	0.036
315.63	0.036
315.84	0.036
316.05	0.036
316.27	0.036
316.48	0.035
316.69	0.035
316.91	0.035
317.12	0.035
317.33	0.035
317.55	0.034
317.76	0.034
317.97	0.034
318.19	0.034
318.40	0.034
318.61	0.034
318.83	0.033
319.04	0.034
319.25	0.034
319.47	0.034
319.68	0.034
319.89	0.034
320.10	0.034
320.32	0.033
320.53	0.033
320.74	0.033
320.96	0.033
321.17	0.033
321.38	0.033
321.60	0.033
321.81	0.033
322.02	0.033
322.24	0.032
322.45	0.032
322.66	0.032
322.87	0.032
323.09	0.031
323.30	0.031
323.51	0.031
323.73	0.031
323.94	0.032
324.15	0.032
324.36	0.032
324.58	0.032
324.79	0.032
325.00	0.032
325.22	0.032
325.43	0.032
325.64	0.032
325.85	0.032
326.07	0.032
326.28	0.032
326.49	0.032
326.71	0.032
326.92	0.032
327.13	0.032
327.34	0.032
327.56	0.032
327.77	0.032
327.98	0.032
328.19	0.031
328.41	0.031
328.62	0.031
328.83	0.031
329.04	0.030
329.26	0.031
329.47	0.030
329.68	0.030
329.90	0.030
330.11	0.030
330.32	0.029
330.53	0.029
330.75	0.030
330.96	0.029
331.17	0.029
331.38	0.030
331.60	0.029
331.81	0.030
332.02	0.030
332.23	0.030
332.44	0.030
332.66	0.029
332.87	0.029
333.08	0.029
333.29	0.029
333.51	0.029
333.72	0.029
333.93	0.029
334.14	0.029
334.36	0.029
334.57	0.030
334.78	0.030
334.99	0.029
335.21	0.029
335.42	0.029
335.63	0.029
335.84	0.028
336.05	0.028
336.27	0.028
336.48	0.027
336.69	0.027
336.90	0.028
337.11	0.028
337.33	0.028
337.54	0.028
337.75	0.028
337.96	0.028
338.18	0.028
338.39	0.027
338.60	0.028
338.81	0.028
339.02	0.028
339.24	0.028
339.45	0.028
339.66	0.027
339.87	0.027
340.08	0.027
340.30	0.027
340.51	0.027
340.72	0.027
340.93	0.027
341.14	0.026
341.36	0.026
341.57	0.027
341.78	0.027
341.99	0.027
342.20	0.027
342.41	0.026
342.63	0.026
342.84	0.026
343.05	0.026
343.26	0.025
343.47	0.025
343.69	0.025
343.90	0.025
344.11	0.025
344.32	0.026
344.53	0.025
344.74	0.025
344.96	0.025
345.17	0.025
345.38	0.025
345.59	0.025
345.80	0.025
346.01	0.025
346.23	0.024
346.44	0.025
346.65	0.025
346.86	0.025
347.07	0.025
347.28	0.024
347.50	0.024
347.71	0.024
347.92	0.024
348.13	0.025
348.34	0.024
348.55	0.025
348.76	0.024
348.98	0.024
349.19	0.023
349.40	0.023
349.61	0.023
349.82	0.022
350.03	0.022
350.24	0.022
350.46	0.022
350.67	0.022
350.88	0.021
351.09	0.021
351.30	0.022
351.51	0.021
351.72	0.021
351.93	0.021
352.15	0.021
352.36	0.021
352.57	0.021
352.78	0.021
352.99	0.021
353.20	0.021
353.41	0.021
353.62	0.021
353.84	0.021
354.05	0.021
354.26	0.020
354.47	0.020
354.68	0.021
354.89	0.020
355.10	0.020
355.31	0.021
355.52	0.020
355.74	0.020
355.95	0.020
356.16	0.020
356.37	0.020
356.58	0.020
356.79	0.020
357.00	0.019
357.21	0.019
357.42	0.019
357.63	0.019
357.85	0.019
358.06	0.018
358.27	0.017
358.48	0.017
358.69	0.017
358.90	0.017
359.11	0.017
359.32	0.017
359.53	0.017
359.74	0.017
359.95	0.017
360.17	0.017
360.38	0.017
360.59	0.017
360.80	0.017
361.01	0.017
361.22	0.017
361.43	0.017
361.64	0.017
361.85	0.017
362.06	0.017
362.27	0.017
362.48	0.017
362.69	0.016
362.90	0.016
363.12	0.016
363.33	0.016
363.54	0.016
363.75	0.016
363.96	0.016
364.17	0.015
364.38	0.014
364.59	0.014
364.80	0.014
365.01	0.014
365.22	0.014
365.43	0.014
365.64	0.013
365.85	0.013
366.06	0.013
366.27	0.013
366.48	0.013
366.69	0.012
366.90	0.012
367.11	0.012
367.32	0.012
367.54	0.012
367.75	0.013
367.96	0.013
368.17	0.013
368.38	0.013
368.59	0.014
368.80	0.014
369.01	0.014
369.22	0.013
369.43	0.013
369.64	0.013
369.85	0.013
370.06	0.013
370.27	0.013
370.48	0.012
370.69	0.012
370.90	0.012
371.11	0.013
371.32	0.012
371.53	0.012
371.74	0.012
371.95	0.012
372.16	0.011
372.37	0.011
372.58	0.012
372.79	0.012
373.00	0.011
373.21	0.011
373.42	0.011
373.63	0.012
373.84	0.011
374.05	0.012
374.26	0.012
374.47	0.012
374.68	0.011
374.89	0.011
375.10	0.011
375.31	0.011
375.52	0.011
375.73	0.011
375.94	0.010
376.15	0.010
376.36	0.010
376.57	0.010
376.78	0.010
376.99	0.010
377.20	0.010
377.41	0.010
377.62	0.009
377.83	0.009
378.04	0.009
378.25	0.009
378.46	0.009
378.67	0.008
378.88	0.009
379.09	0.009
379.30	0.009
379.51	0.010
379.72	0.010
379.92	0.010
380.13	0.010
380.34	0.010
380.55	0.010
380.76	0.010
380.97	0.010
381.18	0.009
381.39	0.009
381.60	0.009
381.81	0.009
382.02	0.008
382.23	0.008
382.44	0.007
382.65	0.007
382.86	0.007
383.07	0.007
383.28	0.007
383.49	0.008
383.70	0.008
383.91	0.008
384.11	0.008
384.32	0.008
384.53	0.009
384.74	0.008
384.95	0.008
385.16	0.008
385.37	0.008
385.58	0.008
385.79	0.008
386.00	0.008
386.21	0.008
386.42	0.008
386.63	0.008
386.84	0.008
387.04	0.007
387.25	0.007
387.46	0.007
387.67	0.007
387.88	0.007
388.09	0.007
388.30	0.007
388.51	0.007
388.72	0.007
388.93	0.007
389.14	0.007
389.34	0.007
389.55	0.007
389.76	0.007
389.97	0.007
390.18	0.006
390.39	0.007
390.60	0.007
390.81	0.007
391.02	0.007
391.23	0.006
391.43	0.006
391.64	0.006
391.85	0.006
392.06	0.006
392.27	0.005
392.48	0.005
392.69	0.005
392.90	0.005
393.11	0.005
393.31	0.006
393.52	0.006
393.73	0.006
393.94	0.006
394.15	0.006
394.36	0.006
394.57	0.006
394.78	0.006
394.98	0.006
395.19	0.006
395.40	0.006
395.61	0.006
395.82	0.006
396.03	0.006
396.24	0.007
396.44	0.006
396.65	0.006
396.86	0.006
397.07	0.006
397.28	0.005
397.49	0.005
397.70	0.005
397.90	0.005
398.11	0.004
398.32	0.004
398.53	0.004
398.74	0.004
398.95	0.004
399.16	0.004
399.36	0.004
399.57	0.004
399.78	0.004
399.99	0.004
400.20	0.004
400.41	0.004
400.61	0.005
400.82	0.004
401.03	0.004
401.24	0.004
401.45	0.004
401.66	0.004
401.86	0.005
402.07	0.005
402.28	0.005
402.49	0.005
402.70	0.005
402.91	0.006
403.11	0.006
403.32	0.005
403.53	0.005
403.74	0.005
403.95	0.005
404.15	0.004
404.36	0.004
404.57	0.004
404.78	0.004
404.99	0.004
405.20	0.005
405.40	0.005
405.61	0.005
405.82	0.005
406.03	0.005
406.24	0.006
406.44	0.006
406.65	0.006
406.86	0.006
407.07	0.005
407.28	0.005
407.48	0.005
407.69	0.004
407.90	0.004
408.11	0.004
408.32	0.004
408.52	0.004
408.73	0.004
408.94	0.004
409.15	0.004
409.35	0.004
409.56	0.005
409.77	0.005
409.98	0.005
410.19	0.005
410.39	0.005
410.60	0.004
410.81	0.004
411.02	0.004
411.22	0.004
411.43	0.004
411.64	0.004
411.85	0.004
412.05	0.005
412.26	0.005
412.47	0.005
412.68	0.005
412.89	0.004
413.09	0.005
413.30	0.004
413.51	0.005
413.72	0.004
413.92	0.004
414.13	0.003
414.34	0.004
414.55	0.004
414.75	0.005
414.96	0.004
415.17	0.004
415.38	0.004
415.58	0.005
415.79	0.005
416.00	0.005
416.21	0.005
416.41	0.005
416.62	0.004
416.83	0.004
417.03	0.004
417.24	0.004
417.45	0.004
417.66	0.004
417.86	0.004
418.07	0.004
418.28	0.004
418.49	0.004
418.69	0.004
418.90	0.004
419.11	0.003
419.31	0.003
419.52	0.003
419.73	0.003
419.94	0.003
420.14	0.002
420.35	0.002
420.56	0.002
420.76	0.003
420.97	0.004
421.18	0.004
421.39	0.003
421.59	0.003
421.80	0.003
422.01	0.004
422.21	0.004
422.42	0.004
422.63	0.004
422.84	0.003
423.04	0.003
423.25	0.003
423.46	0.003
423.66	0.003
423.87	0.003
424.08	0.003
424.28	0.003
424.49	0.003
424.70	0.003
424.90	0.003
425.11	0.004
425.32	0.004
425.52	0.004
425.73	0.004
425.94	0.004
426.15	0.004
426.35	0.005
426.56	0.004
426.77	0.004
426.97	0.004
427.18	0.004
427.39	0.004
427.59	0.004
427.80	0.004
428.01	0.004
428.21	0.004
428.42	0.003
428.63	0.003
428.83	0.003
429.04	0.003
429.25	0.003
429.45	0.004
429.66	0.004
429.87	0.003
430.07	0.003
430.28	0.004
430.48	0.004
430.69	0.003
430.90	0.004
431.10	0.003
431.31	0.003
431.52	0.003
431.72	0.003
431.93	0.003
432.14	0.003
432.34	0.004
432.55	0.004
432.76	0.004
432.96	0.005
433.17	0.005
433.37	0.005
433.58	0.005
433.79	0.005
433.99	0.005
434.20	0.004
434.41	0.004
434.61	0.004
434.82	0.004
435.02	0.004
435.23	0.004
435.44	0.003
435.64	0.003
435.85	0.003
436.06	0.003
436.26	0.003
436.47	0.003
436.67	0.003
436.88	0.003
437.09	0.004
437.29	0.004
437.50	0.004
437.70	0.004
437.91	0.003
438.12	0.003
438.32	0.003
438.53	0.004
438.73	0.003
438.94	0.004
439.15	0.004
439.35	0.004
439.56	0.003
439.76	0.004
439.97	0.004
440.18	0.004
440.38	0.004
440.59	0.005
440.79	0.004
441.00	0.004
441.20	0.004
441.41	0.004
441.62	0.005
441.82	0.005
442.03	0.005
442.23	0.005
442.44	0.004
442.65	0.004
442.85	0.004
443.06	0.005
443.26	0.004
443.47	0.004
443.67	0.004
443.88	0.004
444.09	0.004
444.29	0.004
444.50	0.004
444.70	0.004
444.91	0.004
445.11	0.004
445.32	0.004
445.52	0.003
445.73	0.003
445.94	0.003
446.14	0.002
446.35	0.002
446.55	0.002
446.76	0.002
446.96	0.002
447.17	0.002
447.37	0.001
447.58	0.001
447.78	0.001
447.99	0.001
448.20	0.001
448.40	0.002
448.61	0.002
448.81	0.002
449.02	0.003
449.22	0.003
449.43	0.003
449.63	0.003
449.84	0.003
450.04	0.003
450.25	0.002
450.45	0.002
450.66	0.002
450.86	0.002
451.07	0.003
451.27	0.003
451.48	0.003
451.68	0.003
451.89	0.004
452.09	0.004
452.30	0.004
452.50	0.004
452.71	0.004
452.91	0.004
453.12	0.005
453.33	0.005
453.53	0.005
453.74	0.005
453.94	0.005
454.15	0.005
454.35	0.005
454.56	0.005
454.76	0.005
454.96	0.004
455.17	0.003
455.37	0.003
455.58	0.004
455.78	0.003
455.99	0.003
456.19	0.002
456.40	0.002
456.60	0.002
456.81	0.002
457.01	0.003
457.22	0.003
457.42	0.002
457.63	0.002
457.83	0.002
458.04	0.003
458.24	0.002
458.45	0.003
458.65	0.002
458.86	0.002
459.06	0.002
459.27	0.002
459.47	0.002
459.67	0.002
459.88	0.003
460.08	0.003
460.29	0.002
460.49	0.003
460.70	0.002
460.90	0.003
461.11	0.003
461.31	0.003
461.52	0.003
461.72	0.003
461.92	0.003
462.13	0.003
462.33	0.003
462.54	0.004
462.74	0.003
462.95	0.002
463.15	0.003
463.36	0.002
463.56	0.003
463.76	0.002
463.97	0.003
464.17	0.003
464.38	0.003
464.58	0.003
464.79	0.003
464.99	0.002
465.19	0.002
465.40	0.002
465.60	0.003
465.81	0.003
466.01	0.003
466.22	0.002
466.42	0.003
466.62	0.003
466.83	0.003
467.03	0.003
467.24	0.002
467.44	0.002
467.65	0.001
467.85	0.002
468.05	0.002
468.26	0.002
468.46	0.002
468.67	0.001
468.87	0.002
469.07	0.002
469.28	0.002
469.48	0.002
469.69	0.003
469.89	0.003
470.09	0.003
470.30	0.003
470.50	0.004
470.71	0.004
470.91	0.004
471.11	0.004
471.32	0.005
471.52	0.004
471.72	0.003
471.93	0.003
472.13	0.003
472.34	0.002
472.54	0.002
472.74	0.003
472.95	0.002
473.15	0.002
473.35	0.002
473.56	0.002
473.76	0.003
473.97	0.003
474.17	0.003
474.37	0.003
474.58	0.003
474.78	0.004
474.98	0.004
475.19	0.004
475.39	0.004
475.60	0.004
475.80	0.004
476.00	0.004
476.21	0.004
476.41	0.004
476.61	0.004
476.82	0.004
477.02	0.003
477.22	0.004
477.43	0.003
477.63	0.003
477.83	0.003
478.04	0.003
478.24	0.002
478.44	0.002
478.65	0.002
478.85	0.002
479.05	0.002
479.26	0.002
479.46	0.002
479.66	0.002
479.87	0.002
480.07	0.003
480.27	0.003
480.48	0.003
480.68	0.003
480.88	0.003
481.09	0.004
481.29	0.004
481.49	0.003
481.70	0.004
481.90	0.003
482.10	0.003
482.31	0.004
482.51	0.004
482.71	0.004
482.92	0.003
483.12	0.003
483.32	0.003
483.52	0.003
483.73	0.003
483.93	0.003
484.13	0.002
484.34	0.003
484.54	0.003
484.74	0.003
484.95	0.003
485.15	0.003
485.35	0.003
485.55	0.003
485.76	0.003
485.96	0.003
486.16	0.003
486.37	0.003
486.57	0.003
486.77	0.003
486.97	0.003
487.18	0.003
487.38	0.003
487.58	0.004
487.79	0.004
487.99	0.004
488.19	0.004
488.39	0.004
488.60	0.004
488.80	0.003
489.00	0.003
489.20	0.003
489.41	0.003
489.61	0.002
489.81	0.002
490.02	0.002
490.22	0.002
490.42	0.002
490.62	0.002
490.83	0.003
491.03	0.003
491.23	0.003
491.43	0.003
491.64	0.003
491.84	0.004
492.04	0.004
492.24	0.004
492.45	0.004
492.65	0.003
492.85	0.003
493.05	0.003
493.26	0.003
493.46	0.004
493.66	0.003
493.86	0.003
494.07	0.004
494.27	0.003
494.47	0.004
494.67	0.004
494.87	0.003
495.08	0.003
495.28	0.002
495.48	0.002
495.68	0.002
495.89	0.001
496.09	0.001
496.29	0.001
496.49	0.002
496.69	0.002
496.90	0.003
497.10	0.003
497.30	0.003
497.50	0.003
497.71	0.003
497.91	0.003
498.11	0.003
498.31	0.003
498.51	0.003
498.72	0.002
498.92	0.003
499.12	0.003
499.32	0.002
499.52	0.002
499.73	0.002
499.93	0.003
500.13	0.003
500.33	0.003
500.53	0.003
500.74	0.003
500.94	0.003
501.14	0.003
501.34	0.003
501.54	0.003
501.74	0.003
501.95	0.003
502.15	0.003
502.35	0.003
502.55	0.003
502.75	0.003
502.96	0.003
503.16	0.003
503.36	0.003
503.56	0.003
503.76	0.003
503.96	0.003
504.17	0.003
504.37	0.003
504.57	0.002
504.77	0.002
504.97	0.002
505.17	0.002
505.38	0.002
505.58	0.002
505.78	0.002
505.98	0.002
506.18	0.002
506.38	0.002
506.58	0.002
506.79	0.002
506.99	0.002
507.19	0.002
507.39	0.002
507.59	0.003
507.79	0.003
507.99	0.003
508.20	0.003
508.40	0.003
508.60	0.003
508.80	0.003
509.00	0.003
509.20	0.003
509.40	0.003
509.61	0.003
509.81	0.002
510.01	0.002
510.21	0.002
510.41	0.002
510.61	0.002
510.81	0.002
511.01	0.002
511.22	0.002
511.42	0.002
511.62	0.002
511.82	0.002
512.02	0.002
512.22	0.002
512.42	0.002
512.62	0.002
512.82	0.003
513.03	0.003
513.23	0.003
513.43	0.003
513.63	0.003
513.83	0.003
514.03	0.003
514.23	0.004
514.43	0.004
514.63	0.003
514.83	0.004
515.04	0.004
515.24	0.003
515.44	0.003
515.64	0.003
515.84	0.003
516.04	0.003
516.24	0.003
516.44	0.003
516.64	0.003
516.84	0.003
517.04	0.003
517.24	0.002
517.45	0.002
517.65	0.002
517.85	0.002
518.05	0.002
518.25	0.002
518.45	0.001
518.65	0.001
518.85	0.002
519.05	0.002
519.25	0.002
519.45	0.002
519.65	0.003
519.85	0.003
520.05	0.003
520.25	0.003
520.46	0.003
520.66	0.003
520.86	0.004
521.06	0.003
521.26	0.004
521.46	0.004
521.66	0.003
521.86	0.003
522.06	0.002
522.26	0.002
522.46	0.002
522.66	0.002
522.86	0.002
523.06	0.002
523.26	0.002
523.46	0.002
523.66	0.003
523.86	0.003
524.06	0.003
524.26	0.003
524.46	0.004
524.66	0.003
524.86	0.003
525.06	0.003
525.26	0.003
525.46	0.003
525.66	0.003
525.87	0.003
526.07	0.003
526.27	0.002
526.47	0.003
526.67	0.003
526.87	0.003
527.07	0.003
527.27	0.003
527.47	0.003
527.67	0.003
527.87	0.003
528.07	0.003
528.27	0.003
528.47	0.003
528.67	0.003
528.87	0.002
529.07	0.002
529.27	0.002
529.47	0.002
529.67	0.002
529.87	0.002
530.07	0.003
530.27	0.003
530.47	0.003
530.67	0.004
530.87	0.004
531.06	0.004
531.26	0.004
531.46	0.004
531.66	0.004
531.86	0.004
532.06	0.003
532.26	0.003
532.46	0.003
532.66	0.002
532.86	0.003
533.06	0.003
533.26	0.003
533.46	0.002
533.66	0.002
533.86	0.002
534.06	0.002
534.26	0.002
534.46	0.003
534.66	0.002
534.86	0.003
535.06	0.003
535.26	0.004
535.46	0.004
535.66	0.004
535.86	0.004
536.06	0.004
536.26	0.004
536.45	0.004
536.65	0.004
536.85	0.004
537.05	0.003
537.25	0.003
537.45	0.003
537.65	0.003
537.85	0.003
538.05	0.003
538.25	0.003
538.45	0.003
538.65	0.002
538.85	0.003
539.05	0.002
539.25	0.003
539.44	0.002
539.64	0.002
539.84	0.001
540.04	0.001
540.24	0.001
540.44	0.002
540.64	0.002
540.84	0.002
541.04	0.002
541.24	0.002
541.44	0.002
541.64	0.003
541.83	0.003
542.03	0.002
542.23	0.002
542.43	0.002
542.63	0.002
542.83	0.002
543.03	0.002
543.23	0.002
543.43	0.003
543.63	0.003
543.82	0.003
544.02	0.003
544.22	0.003
544.42	0.003
544.62	0.003
544.82	0.003
545.02	0.003
545.22	0.002
545.42	0.002
545.61	0.003
545.81	0.003
546.01	0.002
546.21	0.002
546.41	0.002
546.61	0.002
546.81	0.002
547.01	0.003
547.20	0.003
547.40	0.003
547.60	0.003
547.80	0.004
548.00	0.004
548.20	0.004
548.40	0.004
548.59	0.004
548.79	0.003
548.99	0.003
549.19	0.003
549.39	0.002
549.59	0.003
549.79	0.003
549.98	0.003
550.18	0.003
550.38	0.003
550.58	0.003
550.78	0.003
550.98	0.003
551.17	0.004
551.37	0.003
551.57	0.004
551.77	0.004
551.97	0.003
552.17	0.003
552.36	0.003
552.56	0.003
552.76	0.003
552.96	0.002
553.16	0.002
553.36	0.002
553.55	0.002
553.75	0.002
553.95	0.002
554.15	0.002
554.35	0.003
554.55	0.003
554.74	0.004
554.94	0.003
555.14	0.003
555.34	0.003
555.54	0.003
555.73	0.003
555.93	0.003
556.13	0.003
556.33	0.003
556.53	0.002
556.72	0.002
556.92	0.003
557.12	0.002
557.32	0.002
557.52	0.002
557.71	0.003
557.91	0.003
558.11	0.003
558.31	0.003
558.51	0.003
558.70	0.003
558.90	0.003
559.10	0.003
559.30	0.003
559.49	0.002
559.69	0.002
559.89	0.002
560.09	0.002
560.29	0.002
560.48	0.002
560.68	0.002
560.88	0.002
561.08	0.002
561.27	0.002
561.47	0.002
561.67	0.002
561.87	0.003
562.06	0.002
562.26	0.002
562.46	0.002
562.66	0.003
562.86	0.003
563.05	0.003
563.25	0.003
563.45	0.003
563.65	0.003
563.84	0.003
564.04	0.003
564.24	0.003
564.44	0.003
564.63	0.003
564.83	0.003
565.03	0.004
565.22	0.003
565.42	0.003
565.62	0.003
565.82	0.002
566.01	0.002
566.21	0.002
566.41	0.002
566.61	0.002
566.80	0.002
567.00	0.003
567.20	0.003
567.40	0.003
567.59	0.003
567.79	0.003
567.99	0.003
568.18	0.003
568.38	0.004
568.58	0.003
568.78	0.003
568.97	0.003
569.17	0.003
569.37	0.003
569.56	0.003
569.76	0.003
569.96	0.003
570.16	0.003
570.35	0.003
570.55	0.003
570.75	0.003
570.94	0.003
571.14	0.003
571.34	0.003
571.53	0.003
571.73	0.003
571.93	0.003
572.12	0.002
572.32	0.003
572.52	0.003
572.72	0.003
572.91	0.003
573.11	0.003
573.31	0.003
573.50	0.003
573.70	0.002
573.90	0.003
574.09	0.002
574.29	0.002
574.49	0.002
574.68	0.002
574.88	0.002
575.08	0.003
575.27	0.003
575.47	0.003
575.67	0.003
575.86	0.003
576.06	0.003
576.26	0.004
576.45	0.004
576.65	0.004
576.85	0.003
577.04	0.003
577.24	0.003
577.44	0.002
577.63	0.002
577.83	0.003
578.02	0.002
578.22	0.002
578.42	0.002
578.61	0.002
578.81	0.002
579.01	0.002
579.20	0.003
579.40	0.002
579.60	0.003
579.79	0.003
579.99	0.003
580.19	0.002
580.38	0.002
580.58	0.001
580.77	0.001
580.97	0.001
581.17	0.001
581.36	0.001
581.56	0.001
581.75	0.001
581.95	0.001
582.15	0.002
582.34	0.002
582.54	0.002
582.74	0.002
582.93	0.002
583.13	0.003
583.32	0.003
583.52	0.003
583.72	0.002
583.91	0.002
584.11	0.002
584.30	0.002
584.50	0.002
584.70	0.002
584.89	0.002
585.09	0.002
585.28	0.002
585.48	0.002
585.68	0.002
585.87	0.002
586.07	0.002
586.26	0.002
586.46	0.002
586.66	0.002
586.85	0.002
587.05	0.002
587.24	0.002
587.44	0.002
587.63	0.002
587.83	0.002
588.03	0.002
588.22	0.003
588.42	0.003
588.61	0.003
588.81	0.003
589.00	0.003
589.20	0.003
589.40	0.003
589.59	0.003
589.79	0.003
589.98	0.003
590.18	0.003
590.37	0.003
590.57	0.002
590.76	0.002
590.96	0.003
591.16	0.003
591.35	0.003
591.55	0.003
591.74	0.002
591.94	0.003
592.13	0.002
592.33	0.003
592.52	0.002
592.72	0.002
592.91	0.002
593.11	0.002
593.30	0.002
593.50	0.002
593.70	0.002
593.89	0.003
594.09	0.002
594.28	0.003
594.48	0.003
594.67	0.003
594.87	0.003
595.06	0.003
595.26	0.003
595.45	0.003
595.65	0.002
595.84	0.002
596.04	0.002
596.23	0.002
596.43	0.002
596.62	0.002
596.82	0.002
597.01	0.002
597.21	0.002
597.40	0.003
597.60	0.003
597.79	0.003
597.99	0.003
598.18	0.003
598.38	0.003
598.57	0.002
598.77	0.002
598.96	0.002
599.16	0.002
599.35	0.002
599.55	0.002
599.74	0.002
599.94	0.002
600.13	0.003
600.33	0.003
600.52	0.002
600.72	0.003
600.91	0.003
601.11	0.003
601.30	0.003
601.50	0.002
601.69	0.002
601.89	0.002
602.08	0.003
602.27	0.003
602.47	0.003
602.66	0.003
602.86	0.003
603.05	0.002
603.25	0.003
603.44	0.003
603.64	0.003
603.83	0.003
604.03	0.003
604.22	0.002
604.41	0.003
604.61	0.003
604.80	0.003
605.00	0.002
605.19	0.002
605.39	0.003
605.58	0.003
605.78	0.003
605.97	0.003
606.16	0.003
606.36	0.003
606.55	0.003
606.75	0.003
606.94	0.003
607.14	0.003
607.33	0.002
607.52	0.002
607.72	0.002
607.91	0.002
608.11	0.002
608.30	0.002
608.50	0.002
608.69	0.002
608.88	0.003
609.08	0.003
609.27	0.003
609.47	0.003
609.66	0.003
609.85	0.003
610.05	0.002
610.24	0.003
610.44	0.002
610.63	0.002
610.83	0.002
611.02	0.002
611.21	0.002
611.41	0.002
611.60	0.002
611.80	0.002
611.99	0.002
612.18	0.002
612.38	0.002
612.57	0.002
612.76	0.002
612.96	0.002
613.15	0.002
613.35	0.002
613.54	0.003
613.73	0.003
613.93	0.003
614.12	0.003
614.32	0.003
614.51	0.003
614.70	0.003
614.90	0.003
615.09	0.003
615.28	0.003
615.48	0.003
615.67	0.003
615.86	0.003
616.06	0.003
616.25	0.003
616.45	0.003
616.64	0.003
616.83	0.003
617.03	0.003
617.22	0.003
617.41	0.003
617.61	0.003
617.80	0.003
617.99	0.003
618.19	0.003
618.38	0.003
618.57	0.003
618.77	0.003
618.96	0.002
619.15	0.002
619.35	0.003
619.54	0.003
619.73	0.002
619.93	0.002
620.12	0.002
620.31	0.003
620.51	0.003
620.70	0.003
620.89	0.003
621.09	0.003
621.28	0.002
621.47	0.003
621.67	0.003
621.86	0.002
622.05	0.002
622.25	0.002
622.44	0.002
622.63	0.002
622.83	0.002
623.02	0.002
623.21	0.001
623.41	0.001
623.60	0.001
623.79	0.002
623.98	0.001
624.18	0.001
624.37	0.001
624.56	0.001
624.76	0.002
624.95	0.002
625.14	0.002
625.33	0.003
625.53	0.003
625.72	0.003
625.91	0.004
626.11	0.003
626.30	0.004
626.49	0.003
626.68	0.003
626.88	0.003
627.07	0.003
627.26	0.003
627.46	0.003
627.65	0.003
627.84	0.003
628.03	0.003
628.23	0.002
628.42	0.002
628.61	0.003
628.80	0.003
629.00	0.003
629.19	0.003
629.38	0.002
629.58	0.002
629.77	0.002
629.96	0.003
630.15	0.003
630.35	0.003
630.54	0.003
630.73	0.003
630.92	0.003
631.12	0.003
631.31	0.003
631.50	0.003
631.69	0.003
631.89	0.002
632.08	0.002
632.27	0.002
632.46	0.003
632.65	0.002
632.85	0.002
633.04	0.002
633.23	0.002
633.42	0.002
633.62	0.003
633.81	0.003
634.00	0.003
634.19	0.003
634.39	0.003
634.58	0.004
634.77	0.004
634.96	0.003
635.15	0.003
635.35	0.004
635.54	0.003
635.73	0.003
635.92	0.002
636.11	0.002
636.31	0.002
636.50	0.002
636.69	0.002
636.88	0.002
637.07	0.002
637.27	0.002
637.46	0.002
637.65	0.002
637.84	0.003
638.03	0.002
638.23	0.002
638.42	0.002
638.61	0.002
638.80	0.002
638.99	0.003
639.19	0.003
639.38	0.003
639.57	0.003
639.76	0.003
639.95	0.004
640.14	0.003
640.34	0.003
640.53	0.004
640.72	0.003
640.91	0.003
641.10	0.003
641.30	0.003
641.49	0.003
641.68	0.003
641.87	0.003
642.06	0.003
642.25	0.003
642.44	0.004
642.64	0.004
642.83	0.004
643.02	0.004
643.21	0.004
643.40	0.004
643.59	0.004
643.79	0.003
643.98	0.003
644.17	0.003
644.36	0.002
644.55	0.002
644.74	0.002
644.93	0.002
645.13	0.002
645.32	0.002
645.51	0.002
645.70	0.002
645.89	0.002
646.08	0.002
646.27	0.002
646.46	0.002
646.66	0.003
646.85	0.003
647.04	0.002
647.23	0.002
647.42	0.002
647.61	0.002
647.80	0.002
647.99	0.002
648.19	0.001
648.38	0.001
648.57	0.001
648.76	0.002
648.95	0.002
649.14	0.002
649.33	0.002
649.52	0.002
649.71	0.003
649.91	0.003
650.10	0.002
650.29	0.002
650.48	0.002
650.67	0.002
650.86	0.003
651.05	0.002
651.24	0.002
651.43	0.002
651.62	0.003
651.81	0.003
652.01	0.003
652.20	0.003
652.39	0.002
652.58	0.002
652.77	0.002
652.96	0.003
653.15	0.003
653.34	0.002
653.53	0.003
653.72	0.003
653.91	0.003
654.10	0.003
654.29	0.003
654.48	0.003
654.68	0.003
654.87	0.002
655.06	0.002
655.25	0.001
655.44	0.001
655.63	0.001
655.82	0.002
656.01	0.001
656.20	0.001
656.39	0.001
656.58	0.002
656.77	0.002
656.96	0.002
657.15	0.003
657.34	0.003
657.53	0.002
657.72	0.002
657.91	0.002
658.10	0.003
658.29	0.003
658.48	0.003
658.68	0.003
658.87	0.003
659.06	0.003
659.25	0.003
659.44	0.003
659.63	0.003
659.82	0.003
660.01	0.002
660.20	0.002
660.39	0.002
660.58	0.002
660.77	0.002
660.96	0.002
661.15	0.002
661.34	0.002
661.53	0.003
661.72	0.003
661.91	0.003
662.10	0.002
662.29	0.002
662.48	0.002
662.67	0.002
662.86	0.003
663.05	0.003
663.24	0.002
663.43	0.002
663.62	0.002
663.81	0.002
664.00	0.002
664.19	0.002
664.38	0.002
664.57	0.002
664.76	0.002
664.95	0.003
665.14	0.003
665.33	0.003
665.52	0.003
665.71	0.003
665.90	0.003
666.09	0.003
666.28	0.004
666.46	0.003
666.65	0.003
666.84	0.003
667.03	0.003
667.22	0.002
667.41	0.002
667.60	0.002
667.79	0.002
667.98	0.002
668.17	0.002
668.36	0.003
668.55	0.003
668.74	0.003
668.93	0.003
669.12	0.003
669.31	0.003
669.50	0.003
669.69	0.003
669.88	0.002
670.07	0.002
670.26	0.002
670.44	0.002
670.63	0.002
670.82	0.001
671.01	0.002
671.20	0.002
671.39	0.002
671.58	0.002
671.77	0.002
671.96	0.002
672.15	0.002
672.34	0.002
672.53	0.002
672.72	0.003
672.91	0.003
673.09	0.003
673.28	0.002
673.47	0.002
673.66	0.002
673.85	0.002
674.04	0.002
674.23	0.002
674.42	0.003
674.61	0.002
674.80	0.002
674.98	0.003
675.17	0.003
675.36	0.003
675.55	0.003
675.74	0.003
675.93	0.003
676.12	0.002
676.31	0.003
676.50	0.002
676.69	0.002
676.87	0.002
677.06	0.002
677.25	0.002
677.44	0.002
677.63	0.002
677.82	0.002
678.01	0.001
678.20	0.002
678.38	0.002
678.57	0.002
678.76	0.001
678.95	0.002
679.14	0.002
679.33	0.002
679.52	0.002
679.71	0.003
679.89	0.003
680.08	0.003
680.27	0.003
680.46	0.003
680.65	0.003
680.84	0.003
681.02	0.003
681.21	0.003
681.40	0.003
681.59	0.003
681.78	0.003
681.97	0.003
682.16	0.003
682.34	0.002
682.53	0.002
682.72	0.002
682.91	0.002
683.10	0.002
683.29	0.002
683.47	0.002
683.66	0.002
683.85	0.002
684.04	0.003
684.23	0.003
684.42	0.002
684.60	0.002
684.79	0.002
684.98	0.002
685.17	0.002
685.36	0.002
685.54	0.002
685.73	0.002
685.92	0.002
686.11	0.002
686.30	0.002
686.49	0.002
686.67	0.002
686.86	0.003
687.05	0.003
687.24	0.003
687.43	0.003
687.61	0.003
687.80	0.003
687.99	0.003
688.18	0.004
688.36	0.003
688.55	0.004
688.74	0.003
688.93	0.003
689.12	0.003
689.30	0.003
689.49	0.003
689.68	0.003
689.87	0.002
690.06	0.002
690.24	0.001
690.43	0.001
690.62	0.001
690.81	0.001
690.99	0.001
691.18	0.001
691.37	0.002
691.56	0.002
691.74	0.002
691.93	0.002
692.12	0.002
692.31	0.002
692.50	0.002
692.68	0.003
692.87	0.003
693.06	0.002
693.25	0.002
693.43	0.003
693.62	0.003
693.81	0.003
694.00	0.003
694.18	0.002
694.37	0.002
694.56	0.002
694.74	0.002
694.93	0.002
695.12	0.001
695.31	0.002
695.49	0.002
695.68	0.002
695.87	0.002
696.06	0.003
696.24	0.003
696.43	0.003
696.62	0.003
696.80	0.002
696.99	0.002
697.18	0.002
697.37	0.003
697.55	0.002
697.74	0.003
697.93	0.003
698.12	0.003
698.30	0.003
698.49	0.003
698.68	0.003
698.86	0.003
699.05	0.003
699.24	0.003
699.42	0.002
699.61	0.003
699.80	0.003
699.99	0.003
700.17	0.002
700.36	0.003
700.55	0.003
700.73	0.002
700.92	0.002
701.11	0.002
701.29	0.002
701.48	0.002
701.67	0.002
701.85	0.001
702.04	0.002
702.23	0.002
702.41	0.002
702.60	0.002
702.79	0.002
702.97	0.003
703.16	0.003
703.35	0.003
703.53	0.003
703.72	0.003
703.91	0.003
704.09	0.002
704.28	0.002
704.47	0.002
704.65	0.003
704.84	0.002
705.03	0.002
705.21	0.002
705.40	0.003
705.59	0.002
705.77	0.002
705.96	0.002
706.15	0.002
706.33	0.001
706.52	0.002
706.71	0.002
706.89	0.002
707.08	0.001
707.26	0.002
707.45	0.002
707.64	0.002
707.82	0.002
708.01	0.002
708.20	0.002
708.38	0.002
708.57	0.002
708.75	0.002
708.94	0.002
709.13	0.001
709.31	0.001
709.50	0.001
709.69	0.001
709.87	0.001
710.06	0.001
710.24	0.001
710.43	0.001
710.62	0.001
710.80	0.001
710.99	0.001
711.17	0.002
711.36	0.002
711.55	0.003
711.73	0.003
711.92	0.003
712.10	0.003
712.29	0.003
712.48	0.003
712.66	0.003
712.85	0.003
713.03	0.003
713.22	0.003
713.40	0.003
713.59	0.002
713.78	0.003
713.96	0.003
714.15	0.003
714.33	0.003
714.52	0.003
714.71	0.003
714.89	0.003
715.08	0.003
715.26	0.003
715.45	0.003
715.63	0.003
715.82	0.003
716.00	0.003
716.19	0.003
716.38	0.002
716.56	0.002
716.75	0.002
716.93	0.002
717.12	0.003
717.30	0.002
717.49	0.002
717.67	0.002
717.86	0.002
718.05	0.002
718.23	0.002
718.42	0.002
718.60	0.002
718.79	0.002
718.97	0.002
719.16	0.002
719.34	0.002
719.53	0.002
719.71	0.002
719.90	0.002
720.08	0.002
720.27	0.002
720.45	0.002
720.64	0.002
720.83	0.002
721.01	0.002
721.20	0.002
721.38	0.002
721.57	0.002
721.75	0.002
721.94	0.003
722.12	0.003
722.31	0.003
722.49	0.003
722.68	0.002
722.86	0.002
723.05	0.003
723.23	0.003
723.42	0.002
723.60	0.002
723.79	0.002
723.97	0.002
724.16	0.001
724.34	0.002
724.53	0.002
724.71	0.002
724.90	0.002
725.08	0.002
725.27	0.002
725.45	0.002
725.64	0.003
725.82	0.002
726.00	0.002
726.19	0.002
726.37	0.002
726.56	0.002
726.74	0.003
726.93	0.002
727.11	0.002
727.30	0.002
727.48	0.002
727.67	0.002
727.85	0.002
728.04	0.001
728.22	0.002
728.40	0.001
728.59	0.002
728.77	0.002
728.96	0.002
729.14	0.001
729.33	0.001
729.51	0.002
729.70	0.002
729.88	0.002
730.07	0.002
730.25	0.002
730.43	0.002
730.62	0.003
730.80	0.003
730.99	0.003
731.17	0.003
731.36	0.003
731.54	0.003
731.72	0.002
731.91	0.002
732.09	0.002
732.28	0.003
732.46	0.003
732.65	0.003
732.83	0.002
733.01	0.002
733.20	0.003
733.38	0.002
733.57	0.003
733.75	0.003
733.93	0.003
734.12	0.003
734.30	0.002
734.49	0.003
734.67	0.003
734.85	0.002
735.04	0.003
735.22	0.002
735.41	0.002
735.59	0.002
735.77	0.002
735.96	0.002
736.14	0.002
736.33	0.002
736.51	0.002
736.69	0.002
736.88	0.001
737.06	0.002
737.25	0.002
737.43	0.002
737.61	0.002
737.80	0.002
737.98	0.002
738.16	0.002
738.35	0.002
738.53	0.002
738.71	0.002
738.90	0.001
739.08	0.001
739.27	0.001
739.45	0.000
739.63	0.000
739.82	0.001
740.00	0.001
740.18	0.001
740.37	0.001
740.55	0.001
740.73	0.001
740.92	0.002
741.10	0.001
741.28	0.002
741.47	0.002
741.65	0.002
741.83	0.002
742.02	0.001
742.20	0.002
742.38	0.002
742.57	0.002
742.75	0.002
742.93	0.002
743.12	0.002
743.30	0.001
743.48	0.001
743.67	0.001
743.85	0.001
744.03	0.001
744.22	0.001
744.40	0.001
744.58	0.001
744.77	0.002
744.95	0.002
745.13	0.002
745.32	0.002
745.50	0.001
745.68	0.001
745.87	0.001
746.05	0.001
746.23	0.001
746.41	0.002
746.60	0.002
746.78	0.002
746.96	0.002
747.15	0.002
747.33	0.002
747.51	0.002
747.70	0.002
747.88	0.002
748.06	0.001
748.24	0.001
748.43	0.001
748.61	0.002
748.79	0.002
748.97	0.002
749.16	0.002
749.34	0.002
749.52	0.002
749.71	0.002
749.89	0.002
750.07	0.002
750.25	0.002
750.44	0.002
750.62	0.002
750.80	0.002
750.98	0.002
751.17	0.001
751.35	0.002
751.53	0.001
751.71	0.001
751.90	0.001
752.08	0.001
752.26	0.001
752.44	0.001
752.63	0.001
752.81	0.001
752.99	0.001
753.17	0.001
753.36	0.001
753.54	0.001
753.72	0.002
753.90	0.002
754.09	0.002
754.27	0.002
754.45	0.002
754.63	0.002
754.82	0.002
755.00	0.002
755.18	0.002
755.36	0.002
755.54	0.002
755.73	0.002
755.91	0.001
756.09	0.001
756.27	0.001
756.45	0.001
756.64	0.002
756.82	0.001
757.00	0.001
757.18	0.001
757.37	0.001
757.55	0.001
757.73	0.002
757.91	0.002
758.09	0.002
758.27	0.002
758.46	0.002
758.64	0.002
758.82	0.002
759.00	0.002
759.18	0.002
759.37	0.001
759.55	0.001
759.73	0.001
759.91	0.001
760.09	0.001
760.28	0.001
760.46	0.001
760.64	0.001
760.82	0.001
761.00	0.001
761.18	0.001
761.37	0.001
761.55	0.001
761.73	0.001
761.91	0.001
762.09	0.000
762.27	-0.000
762.46	-0.000
762.64	-0.001
762.82	-0.000
763.00	0.000
763.18	0.000
763.36	0.000
763.54	0.001
763.73	0.001
763.91	0.001
764.09	0.001
764.27	0.001
764.45	0.001
764.63	0.001
764.81	0.001
765.00	0.001
765.18	0.001
765.36	0.001
765.54	0.001
765.72	0.001
765.90	0.002
766.08	0.002
766.27	0.002
766.45	0.002
766.63	0.002
766.81	0.001
766.99	0.001
767.17	0.001
767.35	0.001
767.53	0.001
767.71	0.001
767.90	0.000
768.08	0.000
768.26	0.000
768.44	0.001
768.62	0.001
768.80	0.001
768.98	0.001
769.16	0.001
769.34	0.001
769.52	0.001
769.71	0.001
769.89	0.001
770.07	0.001
770.25	0.001
770.43	0.001
770.61	0.001
770.79	0.001
770.97	0.001
771.15	0.001
771.33	0.001
771.51	0.001
771.69	0.001
771.88	0.000
772.06	-0.000
772.24	0.000
772.42	0.001
772.60	0.001
772.78	0.001
772.96	0.001
773.14	0.000
773.32	0.001
773.50	0.001
773.68	0.001
773.86	0.001
774.04	0.001
774.22	0.000
774.40	0.001
774.58	0.001
774.77	0.001
774.95	0.001
775.13	0.001
775.31	0.001
775.49	0.001
775.67	0.001
775.85	0.000
776.03	0.000
776.21	0.000
776.39	-0.000
776.57	-0.000
776.75	0.000
776.93	-0.000
777.11	0.000
777.29	0.000
777.47	0.000
777.65	0.000
777.83	0.000
778.01	0.001
778.19	0.001
778.37	0.001
778.55	0.001
778.73	0.001
778.91	0.001
779.09	0.001
779.27	0.001
779.45	0.001
779.63	0.000
779.81	0.000
779.99	0.001
780.17	0.001
780.35	0.001
780.53	0.001
780.71	0.001
780.89	0.001
781.07	0.001
781.25	0.001
781.43	0.001
781.61	0.001
781.79	0.001
781.97	0.001
782.15	0.001
782.33	0.001
782.51	0.001
782.69	0.001
782.87	0.001
783.05	0.001
783.23	0.001
783.41	0.001
783.59	0.001
783.77	0.001
783.95	0.001
784.13	-0.000
784.31	-0.000
784.49	-0.000
784.67	-0.000
784.85	-0.001
785.03	-0.000
785.21	-0.000
785.38	0.000
785.56	0.000
785.74	0.000
785.92	0.000
786.10	0.000
786.28	0.000
786.46	0.001
786.64	0.001
786.82	0.001
787.00	0.001
787.18	0.001
787.36	0.001
787.54	0.001
787.72	0.001
787.90	0.002
788.08	0.002
788.25	0.002
788.43	0.002
788.61	0.002
788.79	0.002
788.97	0.001
789.15	0.001
789.33	0.001
789.51	0.001
789.69	-0.000
789.87	-0.000
790.05	-0.000
790.23	-0.000
790.40	0.000
790.58	-0.000
790.76	-0.000
790.94	0.000
791.12	-0.000
791.30	0.000
791.48	0.001
791.66	0.001
791.84	0.001
792.02	0.001
792.19	0.001
792.37	0.001
792.55	0.001
792.73	0.001
792.91	0.001
793.09	0.000
793.27	0.000
793.45	-0.000
793.63	-0.001
793.80	-0.000
793.98	0.000
794.16	0.000
794.34	0.001
794.52	0.000
794.70	0.000
794.88	0.000
795.05	0.001
795.23	0.000
795.41	0.000
795.59	0.000
795.77	-0.000
795.95	-0.001
796.13	-0.001
796.30	-0.001
796.48	-0.000
796.66	-0.001
796.84	-0.001
797.02	-0.001
797.20	-0.000
797.38	-0.000
797.55	0.000
797.73	0.000
797.91	-0.000
798.09	-0.000
798.27	-0.000
798.45	0.000
798.62	0.000
798.80	0.000
798.98	0.000
799.16	0.000
799.34	0.001
799.52	0.001
799.69	0.001
799.87	0.001
800.05	0.000
800.23	0.000
800.41	0.000
800.58	0.000
800.76	0.000
800.94	0.000
801.12	0.000
801.30	0.000
801.47	0.000
801.65	0.001
801.83	0.000
802.01	0.000
802.19	0.001
802.36	0.000
802.54	-0.000
802.72	0.000
802.90	0.000
803.08	0.000
803.25	-0.000
803.43	0.000
803.61	0.000
803.79	0.000
803.97	0.001
804.14	0.001
804.32	0.001
804.50	0.001
804.68	0.000
804.85	0.001
805.03	0.001
805.21	0.001
805.39	0.001
805.56	0.001
805.74	0.001
805.92	0.001
806.10	0.000
806.28	0.000
806.45	0.000
806.63	0.000
806.81	0.001
806.99	0.001
807.16	0.001
807.34	0.000
807.52	0.000
807.70	0.000
807.87	0.000
808.05	0.001
808.23	0.001
808.41	0.001
808.58	0.000
808.76	0.000
808.94	0.001
809.11	0.001
809.29	0.001
809.47	0.001
809.65	0.001
809.82	-0.000
810.00	-0.000
810.18	0.000
810.36	0.000
810.53	0.000
810.71	0.000
810.89	0.000
811.06	0.000
811.24	0.000
811.42	0.001
811.60	0.001
811.77	0.001
811.95	0.001
812.13	0.001
812.30	0.000
812.48	0.000
812.66	0.000
812.83	0.000
813.01	-0.000
813.19	-0.000
813.37	-0.000
813.54	-0.000
813.72	-0.000
813.90	0.000
814.07	0.000
814.25	0.000
814.43	0.000
814.60	0.001
814.78	0.001
814.96	0.001
815.13	0.001
815.31	0.001
815.49	0.001
815.66	0.001
815.84	0.001
816.02	0.001
816.19	0.001
816.37	0.001
816.55	0.002
816.72	0.002
816.90	0.001
817.08	0.001
817.25	0.002
817.43	0.001
817.61	0.000
817.78	-0.000
817.96	-0.001
818.14	-0.001
818.31	-0.001
818.49	-0.001
818.67	-0.001
818.84	-0.001
819.02	-0.002
819.19	-0.001
819.37	-0.001
819.55	-0.001
819.72	-0.001
819.90	-0.001
820.08	-0.001
820.25	-0.001
820.43	-0.001
820.60	-0.001
820.78	-0.001
820.96	-0.001
821.13	-0.001
821.31	-0.001
821.49	-0.001
821.66	-0.000
821.84	-0.000
822.01	0.000
822.19	0.000
822.37	0.000
822.54	0.001
822.72	0.000
822.89	0.001
823.07	0.001
823.25	-0.000
823.42	-0.000
823.60	-0.000
823.77	-0.000
823.95	-0.000
824.13	-0.001
824.30	-0.001
824.48	-0.001
824.65	-0.001
824.83	-0.000
825.01	0.000
825.18	0.000
825.36	0.001
825.53	0.000
825.71	0.001
825.88	0.001
826.06	0.001
826.24	0.001
826.41	0.001
826.59	0.000
826.76	-0.000
826.94	-0.000
827.11	-0.000
827.29	-0.000
827.47	-0.000
827.64	0.000
827.82	0.000
827.99	-0.001
828.17	0.000
828.34	0.000
828.52	-0.000
828.69	0.000
828.87	-0.000
829.04	-0.000
829.22	-0.001
829.40	-0.001
829.57	0.001
829.75	0.000
829.92	0.001
830.10	0.001
830.27	0.001
830.45	0.001
830.62	0.002
830.80	0.002
830.97	0.002
831.15	0.001
831.32	0.001
831.50	0.001
831.67	0.001
831.85	0.001
832.02	0.000
832.20	0.001
832.37	0.001
832.55	0.001
832.73	0.001
832.90	0.001
833.08	0.001
833.25	0.001
833.43	0.001
833.60	0.001
833.78	0.001
833.95	0.001
834.13	0.001
834.30	0.001
834.48	0.001
834.65	0.001
834.82	0.000
835.00	0.000
835.17	0.000
835.35	0.000
835.52	-0.000
835.70	-0.000
835.87	-0.001
836.05	-0.002
836.22	-0.002
836.40	-0.002
836.57	-0.002
836.75	-0.001
836.92	-0.001
837.10	-0.001
837.27	-0.000
837.45	-0.000
837.62	0.001
837.80	0.000
837.97	0.001
838.14	0.001
838.32	0.001
838.49	0.000
838.67	0.000
838.84	0.001
839.02	0.001
839.19	0.000
839.37	0.000
839.54	0.000
839.71	0.001
839.89	0.000
840.06	0.001
840.24	0.001
840.41	0.001
840.59	0.001
840.76	0.001
840.94	0.001
841.11	0.001
841.28	0.000
841.46	0.000
841.63	0.000
841.81	0.000
841.98	-0.000
842.15	0.000
842.33	-0.000
842.50	0.001
842.68	0.001
842.85	0.001
843.03	0.001
843.20	0.001
843.37	0.001
843.55	0.001
843.72	0.001
843.90	0.001
844.07	0.000
844.24	0.000
844.42	0.000
844.59	0.000
844.77	0.000
844.94	0.000
845.11	0.000
845.29	-0.000
845.46	-0.001
845.63	-0.000
845.81	-0.000
845.98	-0.001
846.16	-0.001
846.33	-0.001
846.50	-0.001
846.68	-0.002
846.85	-0.001
847.02	-0.002
847.20	-0.001
847.37	-0.001
847.55	-0.001
847.72	-0.001
847.89	-0.000
848.07	-0.000
848.24	0.000
848.41	0.000
848.59	0.000
848.76	0.000
848.93	0.000
849.11	-0.000
849.28	0.000
849.45	-0.000
849.63	-0.001
849.80	-0.000
849.97	-0.001
850.15	-0.000
850.32	-0.000
850.49	-0.001
850.67	-0.001
850.84	-0.001
851.01	-0.001
851.19	-0.000
851.36	-0.000
851.53	-0.000
851.71	0.000
851.88	-0.000
852.05	-0.000
852.23	-0.000
852.40	0.000
852.57	0.000
852.75	-0.001
852.92	-0.001
853.09	-0.001
853.27	-0.001
853.44	-0.001
853.61	-0.001
853.79	-0.001
853.96	-0.002
854.13	-0.002
854.30	-0.001
854.48	-0.001
854.65	-0.001
854.82	-0.001
855.00	-0.001
855.17	-0.001
855.34	-0.002
855.51	-0.001
855.69	-0.002
855.86	-0.002
856.03	-0.002
856.21	-0.002
856.38	-0.002
856.55	-0.002
856.72	-0.002
856.90	-0.002
857.07	-0.002
857.24	-0.002
857.42	-0.002
857.59	-0.003
857.76	-0.003
857.93	-0.003
858.11	-0.003
858.28	-0.003
858.45	-0.003
858.62	-0.002
858.80	-0.003
858.97	-0.002
859.14	-0.001
859.31	-0.002
859.49	-0.002
859.66	-0.002
859.83	-0.002
860.00	-0.002
860.18	-0.002
860.35	-0.002
860.52	-0.002
860.69	-0.003
860.86	-0.003
861.04	-0.003
861.21	-0.004
861.38	-0.004
861.55	-0.006
861.73	-0.006
861.90	-0.006
862.07	-0.006
862.24	-0.006
862.42	-0.006
862.59	-0.007
862.76	-0.007
862.93	-0.006
863.10	-0.006
863.28	-0.006
863.45	-0.006
863.62	-0.006
863.79	-0.006
863.96	-0.006
864.14	-0.005
864.31	-0.005
864.48	-0.006
864.65	-0.006
864.82	-0.006
865.00	-0.005
865.17	-0.006
865.34	-0.006
865.51	-0.007
865.68	-0.007
865.86	-0.007
866.03	-0.006
866.20	-0.006
866.37	-0.006
866.54	-0.006
866.71	-0.006
866.89	-0.007
867.06	-0.007
867.23	-0.007
867.40	-0.007
867.57	-0.007
867.74	-0.007
867.92	-0.008
868.09	-0.008
868.26	-0.007
868.43	-0.008
868.60	-0.007
868.77	-0.007
868.95	-0.008
869.12	-0.007
869.29	-0.007
869.46	-0.007
869.63	-0.006
869.80	-0.007
869.97	-0.006
870.15	-0.007
870.32	-0.008
870.49	-0.007
870.66	-0.008
870.83	-0.008
871.00	-0.008
871.17	-0.009
871.34	-0.008
871.52	-0.009
871.69	-0.009
871.86	-0.009
872.03	-0.008
872.20	-0.008
872.37	-0.008
872.54	-0.008
872.71	-0.008
872.89	-0.009
873.06	-0.009
873.23	-0.009
873.40	-0.009
873.57	-0.010
873.74	-0.010
873.91	-0.010
874.08	-0.010
874.25	-0.010
874.42	-0.010
874.60	-0.010
874.77	-0.010
874.94	-0.009
875.11	-0.009
875.28	-0.008
875.45	-0.009
875.62	-0.009
875.79	-0.009
875.96	-0.009
876.13	-0.009
876.30	-0.009
876.47	-0.010
876.65	-0.011
876.82	-0.012
876.99	-0.012
877.16	-0.011
877.33	-0.012
877.50	-0.013
877.67	-0.013
877.84	-0.013
878.01	-0.013
878.18	-0.012
878.35	-0.012
878.52	-0.012
878.69	-0.013
878.86	-0.013
879.03	-0.012
879.20	-0.012
879.38	-0.013
879.55	-0.013
879.72	-0.013
879.89	-0.013
880.06	-0.012
880.23	-0.012
880.40	-0.012
880.57	-0.013
880.74	-0.012
880.91	-0.012
881.08	-0.011
881.25	-0.011
881.42	-0.012
881.59	-0.012
881.76	-0.012
881.93	-0.012
882.10	-0.011
882.27	-0.012
882.44	-0.012
882.61	-0.012
882.78	-0.012
882.95	-0.012
883.12	-0.011
883.29	-0.011
883.46	-0.012
883.63	-0.011
883.80	-0.010
883.97	-0.011
884.14	-0.012
884.31	-0.012
884.48	-0.013
884.65	-0.013
884.82	-0.013
884.99	-0.013
885.16	-0.014
885.33	-0.015
885.50	-0.014
885.67	-0.014
885.84	-0.013
886.01	-0.013
886.18	-0.013
886.35	-0.013
886.52	-0.014
886.69	-0.013
886.86	-0.013
887.03	-0.014
887.20	-0.014
887.37	-0.014
887.54	-0.014
887.71	-0.015
887.88	-0.015
888.05	-0.014
888.22	-0.015
888.39	-0.015
888.55	-0.014
888.72	-0.013
888.89	-0.013
889.06	-0.012
889.23	-0.012
889.40	-0.012
889.57	-0.013
889.74	-0.012
889.91	-0.012
890.08	-0.012
890.25	-0.012
890.42	-0.012
890.59	-0.012
890.76	-0.011
890.93	-0.011
891.10	-0.010
891.26	-0.011
891.43	-0.011
891.60	-0.011
891.77	-0.012
891.94	-0.011
892.11	-0.012
892.28	-0.012
892.45	-0.013
892.62	-0.013
892.79	-0.012
892.96	-0.012
893.13	-0.012
893.29	-0.012
893.46	-0.013
893.63	-0.013
893.80	-0.013
893.97	-0.012
894.14	-0.012
894.31	-0.012
894.48	-0.015
894.65	-0.006
894.81	-0.007
894.98	-0.014
