177.34	-0.418
177.56	-0.418
177.78	-0.418
178.00	0.871
178.22	-0.828
178.44	-0.314
178.66	0.279
178.89	-0.000
179.11	-0.000
179.33	-0.836
179.55	-0.000
179.77	-0.000
179.99	-0.000
180.21	-0.000
180.43	-0.000
180.65	-0.151
180.87	-0.136
181.09	-0.144
181.31	0.024
181.53	0.107
181.75	0.103
181.97	0.104
182.19	0.157
182.41	0.155
182.63	0.132
182.85	0.142
183.07	0.152
183.30	0.189
183.52	0.170
183.74	0.197
183.96	0.190
184.18	0.203
184.40	0.208
184.62	0.235
184.84	0.229
185.06	0.231
185.28	0.216
185.50	0.257
185.72	0.299
185.94	0.319
186.16	0.315
186.38	0.339
186.60	0.340
186.82	0.384
187.04	0.422
187.26	0.458
187.48	0.457
187.70	0.434
187.92	0.465
188.14	0.511
188.36	0.530
188.58	0.564
188.80	0.594
189.02	0.599
189.24	0.625
189.46	0.695
189.68	0.719
189.90	0.717
190.12	0.735
190.34	0.751
190.56	0.751
190.78	0.773
191.00	0.813
191.22	0.802
191.44	0.806
191.66	0.819
191.88	0.836
192.10	0.851
192.32	0.892
192.54	0.905
192.76	0.955
192.98	0.937
193.20	1.003
193.42	1.011
193.64	1.022
193.86	1.073
194.08	1.080
194.30	1.081
194.52	1.124
194.74	1.069
194.96	1.119
195.18	1.087
195.40	1.084
195.62	1.099
195.84	1.102
196.06	1.103
196.28	1.114
196.50	1.099
196.72	1.139
196.94	1.107
197.16	1.095
197.38	1.133
197.60	1.153
197.82	1.142
198.04	1.158
198.26	1.162
198.48	1.184
198.70	1.183
198.92	1.246
199.13	1.267
199.35	1.255
199.57	1.253
199.79	1.287
200.01	1.284
200.23	1.277
200.45	1.274
200.67	1.288
200.89	1.271
201.11	1.290
201.33	1.289
201.55	1.291
201.77	1.323
201.99	1.322
202.21	1.349
202.43	1.361
202.65	1.339
202.87	1.333
203.09	1.343
203.31	1.358
203.52	1.357
203.74	1.350
203.96	1.354
204.18	1.347
204.40	1.363
204.62	1.383
204.84	1.388
205.06	1.390
205.28	1.379
205.50	1.399
205.72	1.389
205.94	1.392
206.16	1.410
206.38	1.399
206.59	1.393
206.81	1.408
207.03	1.439
207.25	1.460
207.47	1.479
207.69	1.492
207.91	1.489
208.13	1.503
208.35	1.531
208.57	1.567
208.79	1.556
209.01	1.549
209.22	1.560
209.44	1.545
209.66	1.538
209.88	1.562
210.10	1.577
210.32	1.559
210.54	1.572
210.76	1.603
210.98	1.602
211.20	1.603
211.42	1.634
211.63	1.649
211.85	1.660
212.07	1.657
212.29	1.682
212.51	1.654
212.73	1.661
212.95	1.667
213.17	1.653
213.39	1.643
213.60	1.623
213.82	1.610
214.04	1.622
214.26	1.605
214.48	1.627
214.70	1.626
214.92	1.626
215.14	1.621
215.35	1.626
215.57	1.639
215.79	1.661
216.01	1.644
216.23	1.662
216.45	1.659
216.67	1.658
216.89	1.662
217.10	1.680
217.32	1.685
217.54	1.699
217.76	1.695
217.98	1.690
218.20	1.686
218.42	1.689
218.64	1.678
218.85	1.669
219.07	1.664
219.29	1.637
219.51	1.640
219.73	1.630
219.95	1.620
220.17	1.617
220.38	1.597
220.60	1.591
220.82	1.584
221.04	1.563
221.26	1.550
221.48	1.527
221.69	1.505
221.91	1.496
222.13	1.474
222.35	1.454
222.57	1.432
222.79	1.407
223.00	1.391
223.22	1.376
223.44	1.347
223.66	1.328
223.88	1.296
224.10	1.275
224.32	1.255
224.53	1.231
224.75	1.210
224.97	1.186
225.19	1.161
225.41	1.142
225.62	1.118
225.84	1.100
226.06	1.075
226.28	1.053
226.50	1.031
226.72	1.008
226.93	0.987
227.15	0.966
227.37	0.945
227.59	0.925
227.81	0.903
228.02	0.885
228.24	0.865
228.46	0.847
228.68	0.829
228.90	0.810
229.12	0.792
229.33	0.773
229.55	0.757
229.77	0.740
229.99	0.725
230.21	0.709
230.42	0.694
230.64	0.679
230.86	0.663
231.08	0.649
231.30	0.635
231.51	0.621
231.73	0.607
231.95	0.593
232.17	0.580
232.38	0.566
232.60	0.553
232.82	0.540
233.04	0.527
233.26	0.517
233.47	0.505
233.69	0.494
233.91	0.483
234.13	0.473
234.35	0.463
234.56	0.454
234.78	0.445
235.00	0.437
235.22	0.428
235.43	0.418
235.65	0.410
235.87	0.402
236.09	0.394
236.30	0.386
236.52	0.379
236.74	0.371
236.96	0.363
237.18	0.357
237.39	0.350
237.61	0.343
237.83	0.336
238.05	0.330
238.26	0.324
238.48	0.317
238.70	0.311
238.92	0.305
239.13	0.299
239.35	0.294
239.57	0.288
239.79	0.283
240.00	0.277
240.22	0.272
240.44	0.267
240.66	0.263
240.87	0.258
241.09	0.254
241.31	0.250
241.53	0.246
241.74	0.242
241.96	0.239
242.18	0.235
242.40	0.231
242.61	0.227
242.83	0.224
243.05	0.221
243.27	0.218
243.48	0.215
243.70	0.213
243.92	0.210
244.13	0.208
244.35	0.206
244.57	0.203
244.79	0.201
245.00	0.198
245.22	0.195
245.44	0.193
245.65	0.190
245.87	0.188
246.09	0.186
246.31	0.184
246.52	0.183
246.74	0.181
246.96	0.181
247.18	0.179
247.39	0.178
247.61	0.177
247.83	0.175
248.04	0.173
248.26	0.172
248.48	0.170
248.69	0.168
248.91	0.166
249.13	0.165
249.35	0.164
249.56	0.163
249.78	0.162
250.00	0.160
250.21	0.159
250.43	0.158
250.65	0.157
250.86	0.156
251.08	0.156
251.30	0.154
251.51	0.153
251.73	0.152
251.95	0.151
252.17	0.150
252.38	0.150
252.60	0.149
252.82	0.148
253.03	0.147
253.25	0.146
253.47	0.145
253.68	0.144
253.90	0.143
254.12	0.143
254.33	0.142
254.55	0.141
254.77	0.141
254.98	0.140
255.20	0.140
255.42	0.139
255.63	0.139
255.85	0.138
256.07	0.138
256.28	0.137
256.50	0.136
256.72	0.135
256.93	0.133
257.15	0.133
257.37	0.132
257.58	0.131
257.80	0.131
258.02	0.130
258.23	0.130
258.45	0.130
258.67	0.130
258.88	0.130
259.10	0.130
259.32	0.129
259.53	0.129
259.75	0.129
259.96	0.129
260.18	0.128
260.40	0.128
260.61	0.128
260.83	0.128
261.05	0.127
261.26	0.127
261.48	0.126
261.70	0.126
261.91	0.125
262.13	0.125
262.34	0.125
262.56	0.125
262.78	0.124
262.99	0.125
263.21	0.124
263.43	0.124
263.64	0.124
263.86	0.124
264.07	0.123
264.29	0.123
264.51	0.122
264.72	0.122
264.94	0.121
265.16	0.120
265.37	0.120
265.59	0.120
265.80	0.119
266.02	0.119
266.24	0.118
266.45	0.118
266.67	0.118
266.88	0.118
267.10	0.118
267.32	0.118
267.53	0.118
267.75	0.118
267.96	0.118
268.18	0.118
268.40	0.117
268.61	0.117
268.83	0.117
269.04	0.116
269.26	0.115
269.48	0.115
269.69	0.115
269.91	0.114
270.12	0.114
270.34	0.115
270.56	0.114
270.77	0.113
270.99	0.114
271.20	0.113
271.42	0.113
271.64	0.113
271.85	0.113
272.07	0.112
272.28	0.112
272.50	0.112
272.71	0.111
272.93	0.110
273.15	0.110
273.36	0.110
273.58	0.109
273.79	0.109
274.01	0.109
274.22	0.108
274.44	0.108
274.66	0.108
274.87	0.108
275.09	0.107
275.30	0.107
275.52	0.106
275.73	0.106
275.95	0.105
276.16	0.105
276.38	0.105
276.60	0.104
276.81	0.104
277.03	0.103
277.24	0.103
277.46	0.103
277.67	0.102
277.89	0.102
278.10	0.101
278.32	0.101
278.53	0.100
278.75	0.100
278.97	0.099
279.18	0.099
279.40	0.099
279.61	0.099
279.83	0.099
280.04	0.098
280.26	0.098
280.47	0.098
280.69	0.097
280.90	0.097
281.12	0.097
281.33	0.096
281.55	0.095
281.76	0.095
281.98	0.094
282.20	0.094
282.41	0.093
282.63	0.093
282.84	0.092
283.06	0.092
283.27	0.091
283.49	0.090
283.70	0.090
283.92	0.090
284.13	0.089
284.35	0.088
284.56	0.088
284.78	0.088
284.99	0.088
285.21	0.088
285.42	0.087
285.64	0.087
285.85	0.086
286.07	0.086
286.28	0.085
286.50	0.084
286.71	0.083
286.93	0.082
287.14	0.082
287.36	0.081
287.57	0.081
287.79	0.080
288.00	0.080
288.22	0.080
288.43	0.079
288.65	0.079
288.86	0.078
289.08	0.078
289.29	0.078
289.51	0.077
289.72	0.077
289.94	0.076
290.15	0.076
290.37	0.075
290.58	0.075
290.80	0.075
291.01	0.075
291.22	0.075
291.44	0.075
291.65	0.074
291.87	0.074
292.08	0.074
292.30	0.074
292.51	0.073
292.73	0.073
292.94	0.073
293.16	0.072
293.37	0.071
293.59	0.072
293.80	0.071
294.02	0.071
294.23	0.070
294.44	0.070
294.66	0.069
294.87	0.069
295.09	0.069
295.30	0.068
295.52	0.067
295.73	0.067
295.95	0.067
296.16	0.067
296.37	0.066
296.59	0.066
296.80	0.066
297.02	0.065
297.23	0.065
297.45	0.065
297.66	0.064
297.88	0.064
298.09	0.064
298.30	0.064
298.52	0.064
298.73	0.063
298.95	0.064
299.16	0.063
299.38	0.063
299.59	0.063
299.80	0.062
300.02	0.062
300.23	0.062
300.45	0.061
300.66	0.062
300.88	0.061
301.09	0.061
301.30	0.061
301.52	0.060
301.73	0.061
301.95	0.060
302.16	0.059
302.37	0.059
302.59	0.059
302.80	0.059
303.02	0.059
303.23	0.059
303.45	0.059
303.66	0.059
303.87	0.059
304.09	0.058
304.30	0.058
304.52	0.058
304.73	0.057
304.94	0.056
305.16	0.056
305.37	0.056
305.59	0.056
305.80	0.055
306.01	0.055
306.23	0.055
306.44	0.055
306.65	0.055
306.87	0.054
307.08	0.054
307.30	0.055
307.51	0.054
307.72	0.054
307.94	0.054
308.15	0.054
308.37	0.053
308.58	0.052
308.79	0.052
309.01	0.051
309.22	0.050
309.43	0.050
309.65	0.050
309.86	0.050
310.07	0.049
310.29	0.049
310.50	0.049
310.72	0.048
310.93	0.049
311.14	0.048
311.36	0.048
311.57	0.048
311.78	0.048
312.00	0.048
312.21	0.048
312.42	0.048
312.64	0.048
312.85	0.048
313.07	0.048
313.28	0.048
313.49	0.048
313.71	0.049
313.92	0.048
314.13	0.048
314.35	0.048
314.56	0.047
314.77	0.047
314.99	0.047
315.20	0.046
315.41	0.046
315.63	0.046
315.84	0.045
316.05	0.045
316.27	0.045
316.48	0.044
316.69	0.044
316.91	0.044
317.12	0.044
317.33	0.044
317.55	0.044
317.76	0.044
317.97	0.044
318.19	0.044
318.40	0.044
318.61	0.044
318.83	0.044
319.04	0.044
319.25	0.044
319.47	0.043
319.68	0.044
319.89	0.044
320.10	0.043
320.32	0.043
320.53	0.043
320.74	0.043
320.96	0.043
321.17	0.043
321.38	0.043
321.60	0.043
321.81	0.043
322.02	0.043
322.24	0.043
322.45	0.042
322.66	0.042
322.87	0.042
323.09	0.042
323.30	0.042
323.51	0.042
323.73	0.042
323.94	0.041
324.15	0.041
324.36	0.041
324.58	0.041
324.79	0.041
325.00	0.041
325.22	0.040
325.43	0.040
325.64	0.040
325.85	0.040
326.07	0.040
326.28	0.040
326.49	0.039
326.71	0.039
326.92	0.038
327.13	0.039
327.34	0.038
327.56	0.038
327.77	0.038
327.98	0.038
328.19	0.038
328.41	0.038
328.62	0.038
328.83	0.038
329.04	0.038
329.26	0.038
329.47	0.038
329.68	0.038
329.90	0.037
330.11	0.037
330.32	0.037
330.53	0.038
330.75	0.038
330.96	0.038
331.17	0.037
331.38	0.037
331.60	0.038
331.81	0.038
332.02	0.038
332.23	0.038
332.44	0.037
332.66	0.037
332.87	0.037
333.08	0.038
333.29	0.038
333.51	0.038
333.72	0.037
333.93	0.038
334.14	0.038
334.36	0.038
334.57	0.038
334.78	0.038
334.99	0.038
335.21	0.038
335.42	0.038
335.63	0.038
335.84	0.037
336.05	0.037
336.27	0.037
336.48	0.037
336.69	0.037
336.90	0.036
337.11	0.036
337.33	0.036
337.54	0.036
337.75	0.036
337.96	0.037
338.18	0.036
338.39	0.036
338.60	0.036
338.81	0.036
339.02	0.036
339.24	0.036
339.45	0.036
339.66	0.036
339.87	0.036
340.08	0.036
340.30	0.036
340.51	0.036
340.72	0.036
340.93	0.036
341.14	0.036
341.36	0.035
341.57	0.035
341.78	0.035
341.99	0.034
342.20	0.034
342.41	0.033
342.63	0.033
342.84	0.033
343.05	0.033
343.26	0.033
343.47	0.033
343.69	0.033
343.90	0.033
344.11	0.033
344.32	0.033
344.53	0.032
344.74	0.032
344.96	0.032
345.17	0.032
345.38	0.032
345.59	0.031
345.80	0.032
346.01	0.032
346.23	0.032
346.44	0.032
346.65	0.032
346.86	0.032
347.07	0.032
347.28	0.031
347.50	0.032
347.71	0.031
347.92	0.031
348.13	0.031
348.34	0.031
348.55	0.030
348.76	0.031
348.98	0.030
349.19	0.030
349.40	0.029
349.61	0.029
349.82	0.029
350.03	0.029
350.24	0.029
350.46	0.029
350.67	0.029
350.88	0.029
351.09	0.028
351.30	0.028
351.51	0.028
351.72	0.028
351.93	0.028
352.15	0.028
352.36	0.028
352.57	0.028
352.78	0.028
352.99	0.028
353.20	0.028
353.41	0.028
353.62	0.028
353.84	0.027
354.05	0.027
354.26	0.028
354.47	0.028
354.68	0.028
354.89	0.028
355.10	0.028
355.31	0.028
355.52	0.027
355.74	0.028
355.95	0.027
356.16	0.027
356.37	0.026
356.58	0.025
356.79	0.025
357.00	0.024
357.21	0.024
357.42	0.024
357.63	0.023
357.85	0.023
358.06	0.023
358.27	0.023
358.48	0.023
358.69	0.024
358.90	0.023
359.11	0.023
359.32	0.023
359.53	0.024
359.74	0.024
359.95	0.024
360.17	0.024
360.38	0.024
360.59	0.024
360.80	0.025
361.01	0.024
361.22	0.024
361.43	0.023
361.64	0.023
361.85	0.024
362.06	0.024
362.27	0.023
362.48	0.023
362.69	0.022
362.90	0.022
363.12	0.023
363.33	0.023
363.54	0.023
363.75	0.022
363.96	0.022
364.17	0.022
364.38	0.022
364.59	0.022
364.80	0.022
365.01	0.021
365.22	0.021
365.43	0.020
365.64	0.020
365.85	0.020
366.06	0.020
366.27	0.019
366.48	0.019
366.69	0.019
366.90	0.019
367.11	0.019
367.32	0.019
367.54	0.019
367.75	0.019
367.96	0.018
368.17	0.018
368.38	0.019
368.59	0.018
368.80	0.018
369.01	0.019
369.22	0.019
369.43	0.019
369.64	0.019
369.85	0.019
370.06	0.019
370.27	0.019
370.48	0.019
370.69	0.019
370.90	0.018
371.11	0.019
371.32	0.019
371.53	0.018
371.74	0.018
371.95	0.018
372.16	0.017
372.37	0.017
372.58	0.017
372.79	0.017
373.00	0.016
373.21	0.016
373.42	0.016
373.63	0.016
373.84	0.016
374.05	0.016
374.26	0.016
374.47	0.016
374.68	0.016
374.89	0.016
375.10	0.016
375.31	0.016
375.52	0.017
375.73	0.016
375.94	0.016
376.15	0.016
376.36	0.015
376.57	0.015
376.78	0.015
376.99	0.015
377.20	0.015
377.41	0.014
377.62	0.015
377.83	0.015
378.04	0.015
378.25	0.015
378.46	0.015
378.67	0.015
378.88	0.015
379.09	0.015
379.30	0.014
379.51	0.014
379.72	0.014
379.92	0.014
380.13	0.014
380.34	0.014
380.55	0.014
380.76	0.013
380.97	0.014
381.18	0.014
381.39	0.014
381.60	0.014
381.81	0.014
382.02	0.014
382.23	0.014
382.44	0.013
382.65	0.014
382.86	0.014
383.07	0.013
383.28	0.014
383.49	0.013
383.70	0.013
383.91	0.013
384.11	0.013
384.32	0.014
384.53	0.013
384.74	0.013
384.95	0.013
385.16	0.013
385.37	0.012
385.58	0.013
385.79	0.013
386.00	0.012
386.21	0.012
386.42	0.012
386.63	0.012
386.84	0.013
387.04	0.012
387.25	0.012
387.46	0.012
387.67	0.012
387.88	0.012
388.09	0.011
388.30	0.012
388.51	0.011
388.72	0.011
388.93	0.011
389.14	0.011
389.34	0.011
389.55	0.011
389.76	0.011
389.97	0.011
390.18	0.012
390.39	0.012
390.60	0.012
390.81	0.011
391.02	0.011
391.23	0.011
391.43	0.012
391.64	0.011
391.85	0.011
392.06	0.010
392.27	0.010
392.48	0.010
392.69	0.010
392.90	0.010
393.11	0.010
393.31	0.010
393.52	0.010
393.73	0.010
393.94	0.010
394.15	0.010
394.36	0.010
394.57	0.010
394.78	0.010
394.98	0.010
395.19	0.010
395.40	0.010
395.61	0.010
395.82	0.010
396.03	0.010
396.24	0.010
396.44	0.009
396.65	0.010
396.86	0.010
397.07	0.010
397.28	0.010
397.49	0.010
397.70	0.010
397.90	0.011
398.11	0.010
398.32	0.010
398.53	0.010
398.74	0.009
398.95	0.009
399.16	0.009
399.36	0.008
399.57	0.008
399.78	0.008
399.99	0.008
400.20	0.008
400.41	0.008
400.61	0.008
400.82	0.008
401.03	0.009
401.24	0.009
401.45	0.010
401.66	0.009
401.86	0.009
402.07	0.009
402.28	0.009
402.49	0.010
402.70	0.010
402.91	0.010
403.11	0.010
403.32	0.010
403.53	0.010
403.74	0.011
403.95	0.011
404.15	0.011
404.36	0.010
404.57	0.010
404.78	0.009
404.99	0.009
405.20	0.009
405.40	0.008
405.61	0.008
405.82	0.008
406.03	0.008
406.24	0.008
406.44	0.008
406.65	0.008
406.86	0.008
407.07	0.008
407.28	0.008
407.48	0.008
407.69	0.008
407.90	0.008
408.11	0.008
408.32	0.008
408.52	0.008
408.73	0.008
408.94	0.008
409.15	0.008
409.35	0.008
409.56	0.008
409.77	0.008
409.98	0.009
410.19	0.008
410.39	0.008
410.60	0.008
410.81	0.007
411.02	0.008
411.22	0.008
411.43	0.008
411.64	0.008
411.85	0.007
412.05	0.007
412.26	0.007
412.47	0.007
412.68	0.007
412.89	0.007
413.09	0.006
413.30	0.006
413.51	0.006
413.72	0.007
413.92	0.007
414.13	0.007
414.34	0.007
414.55	0.008
414.75	0.007
414.96	0.008
415.17	0.008
415.38	0.008
415.58	0.008
415.79	0.008
416.00	0.008
416.21	0.008
416.41	0.008
416.62	0.008
416.83	0.009
417.03	0.009
417.24	0.009
417.45	0.008
417.66	0.008
417.86	0.007
418.07	0.008
418.28	0.007
418.49	0.007
418.69	0.007
418.90	0.006
419.11	0.007
419.31	0.008
419.52	0.008
419.73	0.008
419.94	0.007
420.14	0.008
420.35	0.008
420.56	0.008
420.76	0.008
420.97	0.008
421.18	0.007
421.39	0.007
421.59	0.006
421.80	0.006
422.01	0.006
422.21	0.006
422.42	0.007
422.63	0.007
422.84	0.007
423.04	0.008
423.25	0.007
423.46	0.008
423.66	0.008
423.87	0.008
424.08	0.008
424.28	0.008
424.49	0.008
424.70	0.007
424.90	0.006
425.11	0.007
425.32	0.006
425.52	0.006
425.73	0.006
425.94	0.006
426.15	0.006
426.35	0.006
426.56	0.006
426.77	0.006
426.97	0.006
427.18	0.006
427.39	0.006
427.59	0.006
427.80	0.006
428.01	0.007
428.21	0.007
428.42	0.007
428.63	0.007
428.83	0.007
429.04	0.007
429.25	0.008
429.45	0.007
429.66	0.008
429.87	0.008
430.07	0.007
430.28	0.008
430.48	0.008
430.69	0.008
430.90	0.009
431.10	0.008
431.31	0.008
431.52	0.008
431.72	0.008
431.93	0.008
432.14	0.007
432.34	0.008
432.55	0.008
432.76	0.007
432.96	0.007
433.17	0.008
433.37	0.007
433.58	0.007
433.79	0.007
433.99	0.008
434.20	0.007
434.41	0.007
434.61	0.007
434.82	0.007
435.02	0.007
435.23	0.007
435.44	0.008
435.64	0.007
435.85	0.008
436.06	0.007
436.26	0.007
436.47	0.008
436.67	0.008
436.88	0.007
437.09	0.007
437.29	0.007
437.50	0.007
437.70	0.007
437.91	0.008
438.12	0.008
438.32	0.007
438.53	0.007
438.73	0.008
438.94	0.008
439.15	0.008
439.35	0.008
439.56	0.008
439.76	0.008
439.97	0.007
440.18	0.008
440.38	0.008
440.59	0.007
440.79	0.007
441.00	0.007
441.20	0.008
441.41	0.007
441.62	0.007
441.82	0.008
442.03	0.007
442.23	0.007
442.44	0.007
442.65	0.007
442.85	0.007
443.06	0.007
443.26	0.007
443.47	0.007
443.67	0.007
443.88	0.007
444.09	0.008
444.29	0.008
444.50	0.008
444.70	0.007
444.91	0.008
445.11	0.008
445.32	0.008
445.52	0.008
445.73	0.007
445.94	0.008
446.14	0.007
446.35	0.007
446.55	0.008
446.76	0.007
446.96	0.007
447.17	0.008
447.37	0.008
447.58	0.007
447.78	0.008
447.99	0.008
448.20	0.008
448.40	0.007
448.61	0.007
448.81	0.007
449.02	0.007
449.22	0.006
449.43	0.007
449.63	0.007
449.84	0.006
450.04	0.006
450.25	0.006
450.45	0.006
450.66	0.007
450.86	0.006
451.07	0.006
451.27	0.006
451.48	0.006
451.68	0.006
451.89	0.006
452.09	0.006
452.30	0.006
452.50	0.006
452.71	0.005
452.91	0.005
453.12	0.005
453.33	0.005
453.53	0.005
453.74	0.005
453.94	0.004
454.15	0.005
454.35	0.004
454.56	0.005
454.76	0.005
454.96	0.005
455.17	0.006
455.37	0.005
455.58	0.006
455.78	0.006
455.99	0.006
456.19	0.007
456.40	0.006
456.60	0.006
456.81	0.006
457.01	0.006
457.22	0.006
457.42	0.006
457.63	0.005
457.83	0.004
458.04	0.005
458.24	0.004
458.45	0.005
458.65	0.005
458.86	0.005
459.06	0.005
459.27	0.005
459.47	0.005
459.67	0.005
459.88	0.005
460.08	0.005
460.29	0.005
460.49	0.005
460.70	0.006
460.90	0.006
461.11	0.006
461.31	0.006
461.52	0.006
461.72	0.007
461.92	0.007
462.13	0.007
462.33	0.006
462.54	0.006
462.74	0.006
462.95	0.006
463.15	0.006
463.36	0.006
463.56	0.006
463.76	0.006
463.97	0.006
464.17	0.007
464.38	0.007
464.58	0.007
464.79	0.007
464.99	0.007
465.19	0.007
465.40	0.007
465.60	0.006
465.81	0.006
466.01	0.006
466.22	0.005
466.42	0.005
466.62	0.005
466.83	0.005
467.03	0.005
467.24	0.005
467.44	0.005
467.65	0.005
467.85	0.005
468.05	0.005
468.26	0.005
468.46	0.005
468.67	0.005
468.87	0.006
469.07	0.006
469.28	0.006
469.48	0.006
469.69	0.006
469.89	0.006
470.09	0.007
470.30	0.006
470.50	0.006
470.71	0.006
470.91	0.006
471.11	0.006
471.32	0.006
471.52	0.006
471.72	0.006
471.93	0.006
472.13	0.006
472.34	0.006
472.54	0.006
472.74	0.006
472.95	0.006
473.15	0.006
473.35	0.006
473.56	0.006
473.76	0.006
473.97	0.006
474.17	0.006
474.37	0.006
474.58	0.006
474.78	0.006
474.98	0.006
475.19	0.006
475.39	0.005
475.60	0.005
475.80	0.005
476.00	0.005
476.21	0.005
476.41	0.005
476.61	0.005
476.82	0.005
477.02	0.005
477.22	0.005
477.43	0.005
477.63	0.006
477.83	0.006
478.04	0.006
478.24	0.006
478.44	0.006
478.65	0.006
478.85	0.006
479.05	0.006
479.26	0.006
479.46	0.005
479.66	0.005
479.87	0.005
480.07	0.005
480.27	0.004
480.48	0.005
480.68	0.004
480.88	0.004
481.09	0.005
481.29	0.005
481.49	0.004
481.70	0.005
481.90	0.005
482.10	0.006
482.31	0.006
482.51	0.006
482.71	0.006
482.92	0.006
483.12	0.006
483.32	0.006
483.52	0.006
483.73	0.005
483.93	0.005
484.13	0.006
484.34	0.005
484.54	0.006
484.74	0.006
484.95	0.005
485.15	0.005
485.35	0.005
485.55	0.006
485.76	0.006
485.96	0.006
486.16	0.006
486.37	0.005
486.57	0.006
486.77	0.006
486.97	0.006
487.18	0.006
487.38	0.006
487.58	0.006
487.79	0.006
487.99	0.006
488.19	0.006
488.39	0.006
488.60	0.006
488.80	0.006
489.00	0.006
489.20	0.005
489.41	0.006
489.61	0.005
489.81	0.005
490.02	0.006
490.22	0.006
490.42	0.006
490.62	0.006
490.83	0.006
491.03	0.006
491.23	0.005
491.43	0.005
491.64	0.005
491.84	0.005
492.04	0.005
492.24	0.004
492.45	0.004
492.65	0.004
492.85	0.004
493.05	0.004
493.26	0.004
493.46	0.004
493.66	0.004
493.86	0.005
494.07	0.004
494.27	0.004
494.47	0.005
494.67	0.005
494.87	0.005
495.08	0.005
495.28	0.004
495.48	0.004
495.68	0.004
495.89	0.004
496.09	0.004
496.29	0.004
496.49	0.004
496.69	0.003
496.90	0.004
497.10	0.003
497.30	0.004
497.50	0.003
497.71	0.003
497.91	0.004
498.11	0.004
498.31	0.004
498.51	0.004
498.72	0.004
498.92	0.004
499.12	0.004
499.32	0.005
499.52	0.004
499.73	0.004
499.93	0.004
500.13	0.004
500.33	0.005
500.53	0.005
500.74	0.006
500.94	0.005
501.14	0.005
501.34	0.005
501.54	0.006
501.74	0.006
501.95	0.006
502.15	0.006
502.35	0.005
502.55	0.005
502.75	0.006
502.96	0.006
503.16	0.007
503.36	0.006
503.56	0.006
503.76	0.006
503.96	0.006
504.17	0.006
504.37	0.006
504.57	0.006
504.77	0.006
504.97	0.005
505.17	0.006
505.38	0.006
505.58	0.006
505.78	0.006
505.98	0.006
506.18	0.005
506.38	0.005
506.58	0.005
506.79	0.005
506.99	0.005
507.19	0.005
507.39	0.005
507.59	0.005
507.79	0.005
507.99	0.005
508.20	0.005
508.40	0.006
508.60	0.005
508.80	0.005
509.00	0.004
509.20	0.004
509.40	0.004
509.61	0.004
509.81	0.003
510.01	0.003
510.21	0.004
510.41	0.004
510.61	0.004
510.81	0.004
511.01	0.005
511.22	0.005
511.42	0.005
511.62	0.005
511.82	0.005
512.02	0.004
512.22	0.004
512.42	0.004
512.62	0.004
512.82	0.004
513.03	0.004
513.23	0.004
513.43	0.004
513.63	0.004
513.83	0.004
514.03	0.004
514.23	0.004
514.43	0.004
514.63	0.004
514.83	0.004
515.04	0.004
515.24	0.004
515.44	0.005
515.64	0.005
515.84	0.005
516.04	0.005
516.24	0.005
516.44	0.006
516.64	0.005
516.84	0.005
517.04	0.004
517.24	0.004
517.45	0.004
517.65	0.003
517.85	0.003
518.05	0.003
518.25	0.003
518.45	0.002
518.65	0.002
518.85	0.002
519.05	0.003
519.25	0.003
519.45	0.002
519.65	0.002
519.85	0.002
520.05	0.002
520.25	0.002
520.46	0.002
520.66	0.002
520.86	0.002
521.06	0.002
521.26	0.003
521.46	0.003
521.66	0.003
521.86	0.003
522.06	0.003
522.26	0.004
522.46	0.003
522.66	0.003
522.86	0.004
523.06	0.004
523.26	0.004
523.46	0.004
523.66	0.003
523.86	0.003
524.06	0.003
524.26	0.003
524.46	0.002
524.66	0.002
524.86	0.002
525.06	0.002
525.26	0.003
525.46	0.003
525.66	0.003
525.87	0.003
526.07	0.003
526.27	0.004
526.47	0.004
526.67	0.004
526.87	0.004
527.07	0.003
527.27	0.003
527.47	0.004
527.67	0.004
527.87	0.004
528.07	0.004
528.27	0.003
528.47	0.003
528.67	0.003
528.87	0.003
529.07	0.003
529.27	0.002
529.47	0.002
529.67	0.002
529.87	0.002
530.07	0.002
530.27	0.002
530.47	0.002
530.67	0.002
530.87	0.002
531.06	0.003
531.26	0.003
531.46	0.003
531.66	0.003
531.86	0.003
532.06	0.003
532.26	0.003
532.46	0.003
532.66	0.003
532.86	0.003
533.06	0.003
533.26	0.003
533.46	0.003
533.66	0.003
533.86	0.003
534.06	0.003
534.26	0.003
534.46	0.003
534.66	0.003
534.86	0.003
535.06	0.003
535.26	0.003
535.46	0.004
535.66	0.004
535.86	0.003
536.06	0.003
536.26	0.003
536.45	0.004
536.65	0.004
536.85	0.004
537.05	0.003
537.25	0.003
537.45	0.003
537.65	0.003
537.85	0.003
538.05	0.003
538.25	0.003
538.45	0.003
538.65	0.003
538.85	0.002
539.05	0.002
539.25	0.002
539.44	0.002
539.64	0.002
539.84	0.003
540.04	0.003
540.24	0.003
540.44	0.002
540.64	0.003
540.84	0.003
541.04	0.003
541.24	0.003
541.44	0.003
541.64	0.002
541.83	0.002
542.03	0.002
542.23	0.002
542.43	0.002
542.63	0.002
542.83	0.002
543.03	0.002
543.23	0.002
543.43	0.003
543.63	0.003
543.82	0.003
544.02	0.003
544.22	0.003
544.42	0.002
544.62	0.002
544.82	0.003
545.02	0.003
545.22	0.003
545.42	0.003
545.61	0.002
545.81	0.002
546.01	0.002
546.21	0.003
546.41	0.003
546.61	0.003
546.81	0.002
547.01	0.002
547.20	0.002
547.40	0.002
547.60	0.002
547.80	0.002
548.00	0.002
548.20	0.002
548.40	0.002
548.59	0.002
548.79	0.002
548.99	0.002
549.19	0.002
549.39	0.002
549.59	0.002
549.79	0.002
549.98	0.003
550.18	0.003
550.38	0.003
550.58	0.003
550.78	0.003
550.98	0.003
551.17	0.003
551.37	0.003
551.57	0.003
551.77	0.002
551.97	0.002
552.17	0.002
552.36	0.002
552.56	0.002
552.76	0.001
552.96	0.002
553.16	0.002
553.36	0.002
553.55	0.002
553.75	0.002
553.95	0.002
554.15	0.002
554.35	0.003
554.55	0.003
554.74	0.003
554.94	0.003
555.14	0.002
555.34	0.002
555.54	0.002
555.73	0.002
555.93	0.002
556.13	0.001
556.33	0.001
556.53	0.001
556.72	0.001
556.92	0.001
557.12	0.001
557.32	0.001
557.52	0.002
557.71	0.002
557.91	0.002
558.11	0.002
558.31	0.003
558.51	0.003
558.70	0.003
558.90	0.003
559.10	0.004
559.30	0.003
559.49	0.003
559.69	0.004
559.89	0.003
560.09	0.003
560.29	0.003
560.48	0.003
560.68	0.003
560.88	0.003
561.08	0.002
561.27	0.003
561.47	0.002
561.67	0.003
561.87	0.003
562.06	0.003
562.26	0.002
562.46	0.002
562.66	0.002
562.86	0.002
563.05	0.001
563.25	0.001
563.45	0.001
563.65	0.000
563.84	0.000
564.04	0.001
564.24	0.001
564.44	0.001
564.63	0.002
564.83	0.003
565.03	0.002
565.22	0.003
565.42	0.004
565.62	0.004
565.82	0.003
566.01	0.003
566.21	0.003
566.41	0.003
566.61	0.002
566.80	0.002
567.00	0.002
567.20	0.002
567.40	0.002
567.59	0.002
567.79	0.003
567.99	0.002
568.18	0.003
568.38	0.003
568.58	0.003
568.78	0.003
568.97	0.002
569.17	0.002
569.37	0.002
569.56	0.002
569.76	0.003
569.96	0.003
570.16	0.003
570.35	0.003
570.55	0.003
570.75	0.003
570.94	0.003
571.14	0.003
571.34	0.003
571.53	0.002
571.73	0.002
571.93	0.003
572.12	0.003
572.32	0.003
572.52	0.003
572.72	0.004
572.91	0.004
573.11	0.004
573.31	0.004
573.50	0.003
573.70	0.003
573.90	0.002
574.09	0.002
574.29	0.002
574.49	0.002
574.68	0.002
574.88	0.002
575.08	0.002
575.27	0.003
575.47	0.003
575.67	0.003
575.86	0.003
576.06	0.003
576.26	0.003
576.45	0.003
576.65	0.003
576.85	0.003
577.04	0.003
577.24	0.003
577.44	0.003
577.63	0.003
577.83	0.003
578.02	0.003
578.22	0.003
578.42	0.003
578.61	0.002
578.81	0.002
579.01	0.002
579.20	0.003
579.40	0.003
579.60	0.003
579.79	0.003
579.99	0.003
580.19	0.003
580.38	0.003
580.58	0.003
580.77	0.003
580.97	0.003
581.17	0.003
581.36	0.003
581.56	0.002
581.75	0.002
581.95	0.002
582.15	0.002
582.34	0.002
582.54	0.002
582.74	0.002
582.93	0.002
583.13	0.002
583.32	0.003
583.52	0.003
583.72	0.003
583.91	0.003
584.11	0.002
584.30	0.003
584.50	0.002
584.70	0.002
584.89	0.002
585.09	0.002
585.28	0.002
585.48	0.002
585.68	0.002
585.87	0.002
586.07	0.002
586.26	0.001
586.46	0.001
586.66	0.001
586.85	0.001
587.05	0.001
587.24	0.001
587.44	0.001
587.63	0.001
587.83	0.001
588.03	0.001
588.22	0.001
588.42	0.002
588.61	0.002
588.81	0.003
589.00	0.002
589.20	0.003
589.40	0.003
589.59	0.002
589.79	0.002
589.98	0.002
590.18	0.002
590.37	0.002
590.57	0.002
590.76	0.003
590.96	0.003
591.16	0.003
591.35	0.003
591.55	0.003
591.74	0.003
591.94	0.003
592.13	0.003
592.33	0.003
592.52	0.003
592.72	0.003
592.91	0.003
593.11	0.003
593.30	0.003
593.50	0.002
593.70	0.002
593.89	0.002
594.09	0.003
594.28	0.002
594.48	0.002
594.67	0.002
594.87	0.001
595.06	0.001
595.26	0.001
595.45	0.001
595.65	0.002
595.84	0.002
596.04	0.002
596.23	0.002
596.43	0.002
596.62	0.002
596.82	0.002
597.01	0.003
597.21	0.003
597.40	0.003
597.60	0.003
597.79	0.003
597.99	0.003
598.18	0.003
598.38	0.003
598.57	0.003
598.77	0.003
598.96	0.002
599.16	0.002
599.35	0.001
599.55	0.002
599.74	0.002
599.94	0.002
600.13	0.002
600.33	0.002
600.52	0.002
600.72	0.002
600.91	0.002
601.11	0.002
601.30	0.002
601.50	0.002
601.69	0.002
601.89	0.002
602.08	0.002
602.27	0.002
602.47	0.003
602.66	0.003
602.86	0.003
603.05	0.003
603.25	0.003
603.44	0.003
603.64	0.003
603.83	0.003
604.03	0.003
604.22	0.003
604.41	0.003
604.61	0.003
604.80	0.003
605.00	0.003
605.19	0.003
605.39	0.003
605.58	0.003
605.78	0.002
605.97	0.002
606.16	0.002
606.36	0.002
606.55	0.002
606.75	0.002
606.94	0.002
607.14	0.002
607.33	0.002
607.52	0.002
607.72	0.002
607.91	0.002
608.11	0.002
608.30	0.002
608.50	0.002
608.69	0.002
608.88	0.002
609.08	0.002
609.27	0.002
609.47	0.002
609.66	0.002
609.85	0.002
610.05	0.002
610.24	0.002
610.44	0.002
610.63	0.002
610.83	0.002
611.02	0.002
611.21	0.002
611.41	0.002
611.60	0.002
611.80	0.002
611.99	0.002
612.18	0.002
612.38	0.002
612.57	0.002
612.76	0.003
612.96	0.002
613.15	0.002
613.35	0.003
613.54	0.003
613.73	0.003
613.93	0.003
614.12	0.003
614.32	0.003
614.51	0.003
614.70	0.003
614.90	0.003
615.09	0.002
615.28	0.002
615.48	0.002
615.67	0.001
615.86	0.002
616.06	0.001
616.25	0.002
616.45	0.001
616.64	0.002
616.83	0.001
617.03	0.002
617.22	0.002
617.41	0.002
617.61	0.002
617.80	0.002
617.99	0.002
618.19	0.001
618.38	0.002
618.57	0.002
618.77	0.001
618.96	0.001
619.15	0.001
619.35	0.001
619.54	0.001
619.73	0.001
619.93	0.002
620.12	0.001
620.31	0.002
620.51	0.001
620.70	0.001
620.89	0.001
621.09	0.001
621.28	0.001
621.47	0.001
621.67	0.001
621.86	0.001
622.05	0.001
622.25	0.001
622.44	0.001
622.63	0.001
622.83	0.001
623.02	0.001
623.21	0.001
623.41	0.001
623.60	0.001
623.79	0.001
623.98	0.001
624.18	0.002
624.37	0.002
624.56	0.001
624.76	0.001
624.95	0.001
625.14	0.001
625.33	0.002
625.53	0.001
625.72	0.002
625.91	0.002
626.11	0.002
626.30	0.002
626.49	0.002
626.68	0.002
626.88	0.002
627.07	0.002
627.26	0.002
627.46	0.002
627.65	0.002
627.84	0.002
628.03	0.001
628.23	0.002
628.42	0.002
628.61	0.002
628.80	0.002
629.00	0.002
629.19	0.002
629.38	0.001
629.58	0.002
629.77	0.002
629.96	0.001
630.15	0.001
630.35	0.001
630.54	0.001
630.73	0.001
630.92	0.001
631.12	0.001
631.31	0.001
631.50	0.001
631.69	0.001
631.89	0.002
632.08	0.001
632.27	0.001
632.46	0.001
632.65	0.001
632.85	0.002
633.04	0.001
633.23	0.002
633.42	0.001
633.62	0.001
633.81	0.001
634.00	0.001
634.19	0.001
634.39	0.001
634.58	0.000
634.77	-0.000
634.96	-0.000
635.15	-0.000
635.35	-0.000
635.54	-0.000
635.73	0.000
635.92	0.000
636.11	0.000
636.31	0.001
636.50	0.001
636.69	0.001
636.88	0.002
637.07	0.002
637.27	0.002
637.46	0.002
637.65	0.002
637.84	0.002
638.03	0.002
638.23	0.001
638.42	0.001
638.61	0.001
638.80	0.001
638.99	0.000
639.19	0.001
639.38	0.000
639.57	0.001
639.76	0.001
639.95	0.000
640.14	-0.000
640.34	-0.001
640.53	-0.001
640.72	-0.000
640.91	-0.000
641.10	-0.000
641.30	0.000
641.49	0.000
641.68	0.001
641.87	0.001
642.06	0.001
642.25	0.001
642.44	0.000
642.64	0.000
642.83	0.000
643.02	0.000
643.21	-0.000
643.40	-0.000
643.59	-0.000
643.79	-0.000
643.98	-0.000
644.17	0.000
644.36	0.000
644.55	0.000
644.74	-0.000
644.93	0.000
645.13	0.001
645.32	0.001
645.51	0.001
645.70	0.001
645.89	0.001
646.08	0.000
646.27	0.000
646.46	0.001
646.66	0.001
646.85	0.000
647.04	0.000
647.23	0.000
647.42	0.001
647.61	0.001
647.80	0.001
647.99	0.002
648.19	0.002
648.38	0.002
648.57	0.002
648.76	0.001
648.95	0.001
649.14	0.001
649.33	0.001
649.52	0.000
649.71	0.000
649.91	-0.000
650.10	-0.000
650.29	-0.000
650.48	-0.000
650.67	-0.000
650.86	0.000
651.05	0.001
651.24	0.001
651.43	0.001
651.62	0.001
651.81	0.001
652.01	0.001
652.20	0.001
652.39	0.001
652.58	0.001
652.77	0.000
652.96	0.000
653.15	0.000
653.34	0.000
653.53	0.000
653.72	0.000
653.91	0.001
654.10	0.001
654.29	0.001
654.48	0.001
654.68	0.001
654.87	0.001
655.06	0.002
655.25	0.002
655.44	0.002
655.63	0.002
655.82	0.002
656.01	0.002
656.20	0.002
656.39	0.002
656.58	0.001
656.77	0.001
656.96	0.001
657.15	0.001
657.34	0.001
657.53	0.001
657.72	0.001
657.91	0.001
658.10	0.001
658.29	0.001
658.48	0.001
658.68	0.001
658.87	0.001
659.06	0.001
659.25	0.001
659.44	0.000
659.63	0.001
659.82	0.001
660.01	0.001
660.20	0.001
660.39	0.001
660.58	0.001
660.77	0.000
660.96	0.000
661.15	0.000
661.34	0.000
661.53	0.000
661.72	-0.000
661.91	-0.000
662.10	-0.001
662.29	-0.000
662.48	-0.000
662.67	-0.000
662.86	-0.000
663.05	0.000
663.24	0.000
663.43	0.001
663.62	0.001
663.81	0.001
664.00	0.001
664.19	0.001
664.38	0.001
664.57	0.001
664.76	0.001
664.95	0.001
665.14	0.000
665.33	0.000
665.52	0.000
665.71	0.000
665.90	0.000
666.09	-0.000
666.28	-0.000
666.46	-0.000
666.65	-0.001
666.84	-0.001
667.03	-0.000
667.22	0.000
667.41	0.000
667.60	0.000
667.79	0.001
667.98	0.001
668.17	0.001
668.36	0.001
668.55	0.001
668.74	0.001
668.93	0.000
669.12	0.000
669.31	0.000
669.50	-0.001
669.69	-0.001
669.88	-0.001
670.07	-0.001
670.26	-0.001
670.44	-0.000
670.63	-0.000
670.82	-0.000
671.01	-0.000
671.20	0.000
671.39	0.000
671.58	0.000
671.77	0.000
671.96	0.001
672.15	0.000
672.34	0.000
672.53	0.001
672.72	0.000
672.91	0.001
673.09	0.001
673.28	0.001
673.47	0.001
673.66	0.000
673.85	0.001
674.04	0.001
674.23	0.001
674.42	0.001
674.61	0.001
674.80	0.000
674.98	0.000
675.17	0.000
675.36	0.000
675.55	0.001
675.74	0.001
675.93	-0.000
676.12	-0.000
676.31	0.000
676.50	0.000
676.69	0.000
676.87	0.001
677.06	0.000
677.25	0.000
677.44	0.000
677.63	0.000
677.82	0.001
678.01	0.000
678.20	0.001
678.38	0.001
678.57	0.001
678.76	0.001
678.95	0.001
679.14	0.000
679.33	0.000
679.52	0.000
679.71	-0.000
679.89	-0.000
680.08	-0.001
680.27	-0.001
680.46	-0.001
680.65	-0.001
680.84	-0.001
681.02	-0.000
681.21	-0.000
681.40	0.001
681.59	0.001
681.78	0.001
681.97	0.001
682.16	0.001
682.34	0.001
682.53	0.001
682.72	0.002
682.91	0.002
683.10	0.001
683.29	0.001
683.47	0.001
683.66	0.001
683.85	0.001
684.04	0.001
684.23	0.001
684.42	0.001
684.60	0.001
684.79	0.001
684.98	0.001
685.17	0.001
685.36	0.000
685.54	0.001
685.73	-0.000
685.92	-0.000
686.11	-0.000
686.30	-0.000
686.49	-0.000
686.67	-0.000
686.86	0.000
687.05	0.000
687.24	0.000
687.43	0.001
687.61	0.001
687.80	0.001
687.99	0.001
688.18	0.001
688.36	0.001
688.55	0.001
688.74	0.001
688.93	0.001
689.12	0.001
689.30	0.001
689.49	0.001
689.68	0.001
689.87	0.001
690.06	0.001
690.24	0.000
690.43	0.001
690.62	0.001
690.81	0.001
690.99	0.001
691.18	0.001
691.37	0.001
691.56	0.001
691.74	0.001
691.93	0.002
692.12	0.001
692.31	0.001
692.50	0.001
692.68	0.000
692.87	0.001
693.06	0.001
693.25	0.000
693.43	0.001
693.62	0.000
693.81	0.000
694.00	0.001
694.18	0.001
694.37	0.001
694.56	0.001
694.74	0.001
694.93	0.001
695.12	0.001
695.31	0.001
695.49	0.001
695.68	0.001
695.87	0.001
696.06	0.001
696.24	0.001
696.43	0.001
696.62	0.001
696.80	0.001
696.99	0.001
697.18	0.001
697.37	0.001
697.55	0.000
697.74	0.000
697.93	0.000
698.12	0.000
698.30	-0.000
698.49	-0.000
698.68	0.000
698.86	0.000
699.05	0.000
699.24	0.000
699.42	0.001
699.61	0.000
699.80	0.000
699.99	0.000
700.17	-0.000
700.36	-0.000
700.55	-0.000
700.73	-0.000
700.92	0.000
701.11	0.001
701.29	0.000
701.48	0.000
701.67	0.001
701.85	0.001
702.04	0.000
702.23	0.001
702.41	0.001
702.60	0.001
702.79	0.000
702.97	0.000
703.16	0.001
703.35	0.001
703.53	0.001
703.72	0.001
703.91	0.001
704.09	0.001
704.28	0.001
704.47	0.001
704.65	0.001
704.84	0.001
705.03	0.001
705.21	0.001
705.40	0.001
705.59	0.001
705.77	0.001
705.96	0.001
706.15	0.000
706.33	0.001
706.52	0.000
706.71	0.001
706.89	0.001
707.08	0.000
707.26	0.000
707.45	0.000
707.64	0.000
707.82	0.001
708.01	0.001
708.20	0.001
708.38	0.000
708.57	0.001
708.75	0.001
708.94	0.001
709.13	0.001
709.31	0.001
709.50	0.000
709.69	0.001
709.87	0.001
710.06	0.001
710.24	0.001
710.43	0.000
710.62	0.000
710.80	0.000
710.99	-0.000
711.17	0.000
711.36	0.000
711.55	0.000
711.73	0.001
711.92	0.001
712.10	0.001
712.29	0.001
712.48	0.001
712.66	0.001
712.85	0.001
713.03	0.001
713.22	0.001
713.40	0.001
713.59	0.001
713.78	0.001
713.96	0.000
714.15	0.001
714.33	0.001
714.52	0.001
714.71	0.001
714.89	0.001
715.08	0.000
715.26	0.000
715.45	0.000
715.63	0.001
715.82	0.001
716.00	0.001
716.19	0.000
716.38	0.000
716.56	0.000
716.75	0.001
716.93	0.001
717.12	0.001
717.30	0.001
717.49	0.001
717.67	0.001
717.86	0.001
718.05	0.001
718.23	0.001
718.42	0.001
718.60	0.001
718.79	0.001
718.97	0.000
719.16	0.001
719.34	0.001
719.53	0.000
719.71	0.001
719.90	0.001
720.08	0.000
720.27	0.000
720.45	0.000
720.64	0.001
720.83	0.000
721.01	0.000
721.20	0.000
721.38	0.000
721.57	0.000
721.75	0.001
721.94	0.001
722.12	0.001
722.31	0.001
722.49	0.001
722.68	0.001
722.86	0.001
723.05	0.001
723.23	0.001
723.42	0.001
723.60	0.001
723.79	0.001
723.97	0.001
724.16	0.001
724.34	0.001
724.53	0.001
724.71	0.002
724.90	0.001
725.08	0.001
725.27	0.000
725.45	0.000
725.64	0.001
725.82	0.001
726.00	0.000
726.19	0.000
726.37	-0.000
726.56	0.000
726.74	0.000
726.93	0.000
727.11	0.000
727.30	0.000
727.48	0.000
727.67	0.000
727.85	0.000
728.04	0.001
728.22	0.000
728.40	0.000
728.59	0.000
728.77	-0.000
728.96	-0.000
729.14	-0.000
729.33	-0.000
729.51	-0.000
729.70	-0.000
729.88	-0.000
730.07	0.000
730.25	0.000
730.43	0.001
730.62	0.001
730.80	0.001
730.99	0.001
731.17	0.001
731.36	0.001
731.54	0.001
731.72	0.001
731.91	0.001
732.09	0.001
732.28	0.001
732.46	0.001
732.65	0.001
732.83	0.001
733.01	0.000
733.20	0.000
733.38	0.000
733.57	0.000
733.75	0.001
733.93	0.001
734.12	0.001
734.30	0.001
734.49	0.002
734.67	0.002
734.85	0.002
735.04	0.002
735.22	0.002
735.41	0.002
735.59	0.001
735.77	0.001
735.96	0.001
736.14	0.001
736.33	0.001
736.51	0.001
736.69	0.001
736.88	0.001
737.06	0.001
737.25	0.002
737.43	0.001
737.61	0.001
737.80	0.001
737.98	0.001
738.16	0.001
738.35	0.001
738.53	0.001
738.71	0.001
738.90	0.001
739.08	0.001
739.27	0.001
739.45	0.001
739.63	0.001
739.82	0.001
740.00	0.001
740.18	0.001
740.37	0.000
740.55	0.000
740.73	0.000
740.92	0.000
741.10	0.000
741.28	0.000
741.47	0.001
741.65	0.001
741.83	0.001
742.02	0.001
742.20	0.002
742.38	0.002
742.57	0.002
742.75	0.002
742.93	0.001
743.12	0.001
743.30	0.001
743.48	0.001
743.67	0.001
743.85	0.001
744.03	0.001
744.22	0.001
744.40	0.001
744.58	0.001
744.77	0.001
744.95	0.001
745.13	0.001
745.32	0.001
745.50	0.001
745.68	0.001
745.87	0.000
746.05	0.000
746.23	0.000
746.41	-0.000
746.60	-0.000
746.78	-0.000
746.96	-0.000
747.15	-0.000
747.33	0.000
747.51	0.000
747.70	0.001
747.88	0.001
748.06	0.001
748.24	0.001
748.43	0.001
748.61	0.001
748.79	0.001
748.97	0.001
749.16	0.001
749.34	0.001
749.52	0.001
749.71	0.001
749.89	0.001
750.07	0.001
750.25	0.001
750.44	0.000
750.62	0.001
750.80	0.001
750.98	0.000
751.17	0.000
751.35	0.000
751.53	0.000
751.71	0.000
751.90	-0.000
752.08	-0.000
752.26	-0.001
752.44	-0.001
752.63	-0.000
752.81	-0.000
752.99	-0.001
753.17	-0.001
753.36	-0.000
753.54	-0.000
753.72	-0.000
753.90	-0.000
754.09	-0.000
754.27	0.000
754.45	0.000
754.63	0.000
754.82	0.001
755.00	0.000
755.18	0.000
755.36	0.001
755.54	0.001
755.73	0.001
755.91	0.001
756.09	0.001
756.27	0.001
756.45	0.001
756.64	0.001
756.82	0.001
757.00	0.001
757.18	0.001
757.37	0.001
757.55	0.001
757.73	0.001
757.91	0.001
758.09	0.001
758.27	0.001
758.46	0.001
758.64	0.001
758.82	0.001
759.00	0.001
759.18	0.001
759.37	0.001
759.55	0.001
759.73	0.001
759.91	0.001
760.09	0.001
760.28	0.001
760.46	0.001
760.64	0.001
760.82	0.001
761.00	0.001
761.18	0.001
761.37	0.001
761.55	0.001
761.73	0.002
761.91	0.002
762.09	0.002
762.27	0.002
762.46	0.002
762.64	0.002
762.82	0.002
763.00	0.002
763.18	0.002
763.36	0.002
763.54	0.001
763.73	0.001
763.91	0.001
764.09	0.001
764.27	0.001
764.45	0.001
764.63	0.000
764.81	0.000
765.00	0.001
765.18	0.001
765.36	0.001
765.54	0.002
765.72	0.002
765.90	0.002
766.08	0.002
766.27	0.002
766.45	0.002
766.63	0.002
766.81	0.002
766.99	0.002
767.17	0.001
767.35	0.001
767.53	0.001
767.71	0.001
767.90	0.002
768.08	0.001
768.26	0.002
768.44	0.001
768.62	0.001
768.80	0.001
768.98	0.001
769.16	0.001
769.34	0.000
769.52	0.000
769.71	0.001
769.89	0.001
770.07	0.001
770.25	0.001
770.43	0.001
770.61	0.002
770.79	0.002
770.97	0.001
771.15	0.001
771.33	0.001
771.51	0.001
771.69	0.001
771.88	0.001
772.06	0.000
772.24	-0.000
772.42	0.000
772.60	0.001
772.78	0.001
772.96	0.001
773.14	0.001
773.32	0.001
773.50	0.001
773.68	0.001
773.86	0.001
774.04	0.001
774.22	0.001
774.40	0.001
774.58	0.001
774.77	0.001
774.95	0.000
775.13	0.000
775.31	0.001
775.49	0.001
775.67	0.001
775.85	0.001
776.03	0.001
776.21	0.000
776.39	0.000
776.57	0.001
776.75	0.001
776.93	0.000
777.11	0.000
777.29	0.000
777.47	0.000
777.65	0.000
777.83	0.000
778.01	0.000
778.19	0.000
778.37	0.000
778.55	0.000
778.73	0.000
778.91	0.000
779.09	0.000
779.27	0.001
779.45	0.001
779.63	0.001
779.81	0.001
779.99	0.001
780.17	0.001
780.35	0.001
780.53	0.002
780.71	0.001
780.89	0.002
781.07	0.001
781.25	0.001
781.43	0.001
781.61	0.002
781.79	0.001
781.97	0.002
782.15	0.001
782.33	0.001
782.51	0.001
782.69	0.001
782.87	0.001
783.05	0.001
783.23	0.000
783.41	0.000
783.59	0.000
783.77	0.000
783.95	0.000
784.13	0.000
784.31	0.001
784.49	0.000
784.67	0.001
784.85	0.001
785.03	0.001
785.21	0.002
785.38	0.001
785.56	0.002
785.74	0.002
785.92	0.002
786.10	0.002
786.28	0.002
786.46	0.002
786.64	0.001
786.82	0.001
787.00	0.001
787.18	0.001
787.36	0.001
787.54	0.000
787.72	0.000
787.90	0.000
788.08	0.000
788.25	0.000
788.43	0.001
788.61	0.001
788.79	0.001
788.97	0.001
789.15	0.002
789.33	0.002
789.51	0.002
789.69	0.003
789.87	0.002
790.05	0.002
790.23	0.002
790.40	0.002
790.58	0.002
790.76	0.002
790.94	0.001
791.12	0.001
791.30	0.001
791.48	0.001
791.66	0.002
791.84	0.002
792.02	0.002
792.19	0.001
792.37	0.001
792.55	0.001
792.73	0.001
792.91	0.001
793.09	0.001
793.27	0.000
793.45	0.001
793.63	0.001
793.80	0.001
793.98	0.001
794.16	0.001
794.34	0.002
794.52	0.002
794.70	0.002
794.88	0.002
795.05	0.002
795.23	0.002
795.41	0.002
795.59	0.002
795.77	0.002
795.95	0.001
796.13	0.001
796.30	0.001
796.48	0.000
796.66	-0.000
796.84	0.000
797.02	0.000
797.20	0.000
797.38	-0.000
797.55	-0.000
797.73	-0.000
797.91	-0.000
798.09	-0.000
798.27	0.000
798.45	0.000
798.62	-0.000
798.80	0.000
798.98	0.000
799.16	0.000
799.34	0.000
799.52	0.000
799.69	0.000
799.87	-0.000
800.05	-0.000
800.23	-0.000
800.41	-0.000
800.58	0.000
800.76	0.000
800.94	0.000
801.12	0.001
801.30	0.000
801.47	0.000
801.65	0.001
801.83	0.000
802.01	-0.000
802.19	0.000
802.36	0.000
802.54	0.000
802.72	0.001
802.90	0.001
803.08	0.001
803.25	0.001
803.43	0.001
803.61	0.001
803.79	0.002
803.97	0.001
804.14	0.002
804.32	0.001
804.50	0.002
804.68	0.002
804.85	0.002
805.03	0.002
805.21	0.002
805.39	0.001
805.56	0.001
805.74	0.001
805.92	0.000
806.10	0.000
806.28	0.000
806.45	0.001
806.63	0.000
806.81	0.001
806.99	0.001
807.16	0.001
807.34	0.002
807.52	0.002
807.70	0.002
807.87	0.002
808.05	0.001
808.23	0.001
808.41	0.002
808.58	0.001
808.76	0.001
808.94	0.001
809.11	0.001
809.29	0.001
809.47	0.001
809.65	0.001
809.82	0.001
810.00	0.001
810.18	0.001
810.36	0.001
810.53	0.001
810.71	0.002
810.89	0.002
811.06	0.002
811.24	0.002
811.42	0.001
811.60	0.002
811.77	0.002
811.95	0.002
812.13	0.003
812.30	0.002
812.48	0.002
812.66	0.002
812.83	0.002
813.01	0.002
813.19	0.002
813.37	0.001
813.54	0.001
813.72	0.001
813.90	0.001
814.07	0.001
814.25	0.000
814.43	0.001
814.60	0.001
814.78	0.001
814.96	0.002
815.13	0.002
815.31	0.002
815.49	0.001
815.66	0.001
815.84	0.001
816.02	0.001
816.19	0.000
816.37	0.000
816.55	0.000
816.72	0.000
816.90	0.000
817.08	0.001
817.25	0.001
817.43	0.001
817.61	0.001
817.78	0.001
817.96	0.001
818.14	0.001
818.31	0.001
818.49	0.001
818.67	0.000
818.84	0.000
819.02	0.000
819.19	0.000
819.37	-0.000
819.55	-0.000
819.72	0.000
819.90	0.000
820.08	0.001
820.25	0.001
820.43	0.001
820.60	0.002
820.78	0.002
820.96	0.002
821.13	0.002
821.31	0.002
821.49	0.002
821.66	0.001
821.84	0.001
822.01	0.001
822.19	0.001
822.37	0.001
822.54	0.000
822.72	0.001
822.89	0.001
823.07	0.000
823.25	0.000
823.42	-0.000
823.60	-0.000
823.77	-0.000
823.95	0.001
824.13	0.001
824.30	0.000
824.48	0.000
824.65	0.001
824.83	0.001
825.01	0.001
825.18	0.001
825.36	0.001
825.53	0.001
825.71	0.001
825.88	0.001
826.06	0.001
826.24	0.001
826.41	0.001
826.59	0.001
826.76	0.001
826.94	0.001
827.11	0.001
827.29	0.001
827.47	0.001
827.64	0.001
827.82	0.001
827.99	0.001
828.17	0.001
828.34	0.001
828.52	0.000
828.69	0.000
828.87	0.001
829.04	0.001
829.22	-0.000
829.40	-0.000
829.57	-0.001
829.75	-0.000
829.92	-0.000
830.10	0.000
830.27	-0.000
830.45	0.000
830.62	-0.000
830.80	0.001
830.97	0.001
831.15	0.001
831.32	0.001
831.50	0.001
831.67	0.001
831.85	0.001
832.02	0.001
832.20	0.002
832.37	0.001
832.55	0.001
832.73	0.002
832.90	0.002
833.08	0.002
833.25	0.002
833.43	0.002
833.60	0.001
833.78	0.001
833.95	0.001
834.13	0.001
834.30	0.001
834.48	0.001
834.65	0.001
834.82	0.000
835.00	0.000
835.17	0.000
835.35	0.000
835.52	0.000
835.70	0.000
835.87	0.000
836.05	-0.000
836.22	-0.000
836.40	-0.001
836.57	-0.001
836.75	-0.001
836.92	-0.001
837.10	-0.001
837.27	-0.001
837.45	-0.001
837.62	-0.001
837.80	-0.000
837.97	0.000
838.14	0.000
838.32	0.000
838.49	-0.000
838.67	-0.001
838.84	-0.001
839.02	-0.001
839.19	-0.001
839.37	-0.001
839.54	-0.001
839.71	-0.001
839.89	-0.000
840.06	-0.000
840.24	0.001
840.41	0.001
840.59	0.001
840.76	0.002
840.94	0.002
841.11	0.002
841.28	0.002
841.46	0.002
841.63	0.001
841.81	0.001
841.98	0.001
842.15	0.001
842.33	0.000
842.50	0.000
842.68	0.000
842.85	0.000
843.03	0.000
843.20	0.001
843.37	0.001
843.55	0.001
843.72	0.001
843.90	0.002
844.07	0.002
844.24	0.002
844.42	0.002
844.59	0.001
844.77	0.002
844.94	0.002
845.11	0.001
845.29	0.001
845.46	0.001
845.63	0.001
845.81	0.001
845.98	0.001
846.16	0.002
846.33	0.002
846.50	0.002
846.68	0.002
846.85	0.002
847.02	0.001
847.20	0.001
847.37	0.002
847.55	0.002
847.72	0.002
847.89	0.001
848.07	0.001
848.24	0.001
848.41	0.001
848.59	0.002
848.76	0.002
848.93	0.001
849.11	0.001
849.28	0.001
849.45	0.002
849.63	0.002
849.80	0.002
849.97	0.001
850.15	0.001
850.32	0.001
850.49	0.002
850.67	0.002
850.84	0.002
851.01	0.002
851.19	0.001
851.36	0.001
851.53	0.002
851.71	0.002
851.88	0.003
852.05	0.002
852.23	0.002
852.40	0.003
852.57	0.003
852.75	0.003
852.92	0.002
853.09	0.002
853.27	0.002
853.44	0.002
853.61	0.002
853.79	0.002
853.96	0.001
854.13	0.001
854.30	0.001
854.48	0.001
854.65	0.000
854.82	0.000
855.00	0.000
855.17	0.000
855.34	0.000
855.51	-0.000
855.69	-0.000
855.86	-0.000
856.03	-0.000
856.21	0.000
856.38	-0.000
856.55	-0.000
856.72	-0.000
856.90	0.000
857.07	0.001
857.24	0.001
857.42	0.001
857.59	0.001
857.76	0.001
857.93	0.002
858.11	0.002
858.28	0.003
858.45	0.002
858.62	0.002
858.80	0.003
858.97	0.003
859.14	0.004
859.31	0.004
859.49	0.004
859.66	0.004
859.83	0.004
860.00	0.004
860.18	0.004
860.35	0.004
860.52	0.004
860.69	0.003
860.86	0.003
861.04	0.003
861.21	0.003
861.38	0.003
861.55	0.003
861.73	0.002
861.90	0.002
862.07	0.002
862.24	0.002
862.42	0.002
862.59	0.003
862.76	0.003
862.93	0.004
863.10	0.004
863.28	0.004
863.45	0.005
863.62	0.005
863.79	0.005
863.96	0.006
864.14	0.005
864.31	0.004
864.48	0.003
864.65	0.003
864.82	0.004
865.00	0.004
865.17	0.004
865.34	0.003
865.51	0.003
865.68	0.004
865.86	0.004
866.03	0.004
866.20	0.005
866.37	0.004
866.54	0.005
866.71	0.004
866.89	0.005
867.06	0.006
867.23	0.006
867.40	0.006
867.57	0.006
867.74	0.006
867.92	0.007
868.09	0.007
868.26	0.007
868.43	0.006
868.60	0.006
868.77	0.006
868.95	0.006
869.12	0.006
869.29	0.006
869.46	0.006
869.63	0.006
869.80	0.006
869.97	0.007
870.15	0.007
870.32	0.007
870.49	0.007
870.66	0.007
870.83	0.007
871.00	0.007
871.17	0.007
871.34	0.006
871.52	0.007
871.69	0.007
871.86	0.007
872.03	0.007
872.20	0.007
872.37	0.007
872.54	0.007
872.71	0.007
872.89	0.006
873.06	0.006
873.23	0.006
873.40	0.005
873.57	0.005
873.74	0.005
873.91	0.005
874.08	0.005
874.25	0.005
874.42	0.006
874.60	0.006
874.77	0.007
874.94	0.007
875.11	0.008
875.28	0.008
875.45	0.009
875.62	0.009
875.79	0.008
875.96	0.007
876.13	0.007
876.30	0.007
876.47	0.006
876.65	0.006
876.82	0.006
876.99	0.006
877.16	0.005
877.33	0.006
877.50	0.006
877.67	0.007
877.84	0.007
878.01	0.008
878.18	0.008
878.35	0.007
878.52	0.007
878.69	0.007
878.86	0.007
879.03	0.008
879.20	0.008
879.38	0.009
879.55	0.008
879.72	0.009
879.89	0.010
880.06	0.010
880.23	0.010
880.40	0.010
880.57	0.010
880.74	0.010
880.91	0.008
881.08	0.008
881.25	0.008
881.42	0.008
881.59	0.009
881.76	0.008
881.93	0.009
882.10	0.008
882.27	0.009
882.44	0.010
882.61	0.011
882.78	0.011
882.95	0.010
883.12	0.009
883.29	0.010
883.46	0.010
883.63	0.011
883.80	0.010
883.97	0.011
884.14	0.010
884.31	0.010
884.48	0.010
884.65	0.010
884.82	0.010
884.99	0.009
885.16	0.009
885.33	0.008
885.50	0.007
885.67	0.008
885.84	0.008
886.01	0.007
886.18	0.007
886.35	0.008
886.52	0.009
886.69	0.009
886.86	0.009
887.03	0.010
887.20	0.009
887.37	0.009
887.54	0.009
887.71	0.010
887.88	0.010
888.05	0.010
888.22	0.010
888.39	0.010
888.55	0.009
888.72	0.010
888.89	0.009
889.06	0.009
889.23	0.009
889.40	0.009
889.57	0.009
889.74	0.009
889.91	0.009
890.08	0.009
890.25	0.009
890.42	0.009
890.59	0.009
890.76	0.009
890.93	0.008
891.10	0.008
891.26	0.008
891.43	0.008
891.60	0.008
891.77	0.008
891.94	0.007
892.11	0.008
892.28	0.008
892.45	0.009
892.62	0.009
892.79	0.008
892.96	0.008
893.13	0.008
893.29	0.008
893.46	0.009
893.63	0.007
893.80	0.008
893.97	0.008
894.14	0.009
894.31	0.011
894.48	0.015
894.65	0.009
894.81	0.017
894.98	0.016
