177.34	-0.000
177.56	-0.000
177.78	-0.000
178.00	-0.146
178.22	-0.000
178.44	-0.540
178.66	-0.161
178.89	0.195
179.11	0.357
179.33	0.295
179.55	0.197
179.77	0.250
179.99	0.298
180.21	0.071
180.43	0.150
180.65	0.232
180.87	0.168
181.09	0.107
181.31	0.018
181.53	0.100
181.75	0.131
181.97	0.138
182.19	0.173
182.41	0.150
182.63	0.119
182.85	0.166
183.07	0.168
183.30	0.215
183.52	0.182
183.74	0.198
183.96	0.165
184.18	0.166
184.40	0.177
184.62	0.207
184.84	0.162
185.06	0.170
185.28	0.187
185.50	0.213
185.72	0.213
185.94	0.248
186.16	0.256
186.38	0.270
186.60	0.292
186.82	0.342
187.04	0.414
187.26	0.426
187.48	0.427
187.70	0.461
187.92	0.490
188.14	0.525
188.36	0.558
188.58	0.588
188.80	0.598
189.02	0.615
189.24	0.665
189.46	0.697
189.68	0.704
189.90	0.722
190.12	0.729
190.34	0.764
190.56	0.775
190.78	0.819
191.00	0.808
191.22	0.822
191.44	0.842
191.66	0.851
191.88	0.898
192.10	0.940
192.32	0.926
192.54	0.935
192.76	0.954
192.98	0.978
193.20	0.981
193.42	0.984
193.64	0.997
193.86	0.998
194.08	1.001
194.30	1.028
194.52	1.046
194.74	1.051
194.96	1.064
195.18	1.069
195.40	1.071
195.62	1.102
195.84	1.106
196.06	1.121
196.28	1.150
196.50	1.165
196.72	1.132
196.94	1.156
197.16	1.166
197.38	1.170
197.60	1.156
197.82	1.158
198.04	1.162
198.26	1.166
198.48	1.173
198.70	1.236
198.92	1.212
199.13	1.197
199.35	1.255
199.57	1.285
199.79	1.262
200.01	1.247
200.23	1.252
200.45	1.254
200.67	1.244
200.89	1.266
201.11	1.285
201.33	1.262
201.55	1.261
201.77	1.303
201.99	1.310
202.21	1.299
202.43	1.322
202.65	1.321
202.87	1.306
203.09	1.297
203.31	1.304
203.52	1.307
203.74	1.317
203.96	1.332
204.18	1.366
204.40	1.360
204.62	1.385
204.84	1.409
205.06	1.429
205.28	1.442
205.50	1.456
205.72	1.425
205.94	1.432
206.16	1.441
206.38	1.436
206.59	1.423
206.81	1.444
207.03	1.476
207.25	1.488
207.47	1.489
207.69	1.507
207.91	1.496
208.13	1.471
208.35	1.486
208.57	1.501
208.79	1.511
209.01	1.481
209.22	1.474
209.44	1.460
209.66	1.458
209.88	1.488
210.10	1.497
210.32	1.503
210.54	1.517
210.76	1.508
210.98	1.532
211.20	1.555
211.42	1.576
211.63	1.609
211.85	1.608
212.07	1.617
212.29	1.614
212.51	1.605
212.73	1.621
212.95	1.615
213.17	1.617
213.39	1.621
213.60	1.609
213.82	1.592
214.04	1.600
214.26	1.611
214.48	1.624
214.70	1.626
214.92	1.612
215.14	1.583
215.35	1.583
215.57	1.592
215.79	1.587
216.01	1.584
216.23	1.584
216.45	1.567
216.67	1.549
216.89	1.551
217.10	1.550
217.32	1.535
217.54	1.525
217.76	1.530
217.98	1.522
218.20	1.504
218.42	1.489
218.64	1.477
218.85	1.465
219.07	1.457
219.29	1.449
219.51	1.433
219.73	1.413
219.95	1.396
220.17	1.378
220.38	1.364
220.60	1.344
220.82	1.324
221.04	1.306
221.26	1.292
221.48	1.268
221.69	1.251
221.91	1.232
222.13	1.210
222.35	1.190
222.57	1.172
222.79	1.152
223.00	1.127
223.22	1.101
223.44	1.080
223.66	1.057
223.88	1.033
224.10	1.012
224.32	0.990
224.53	0.972
224.75	0.950
224.97	0.931
225.19	0.909
225.41	0.890
225.62	0.870
225.84	0.852
226.06	0.833
226.28	0.813
226.50	0.792
226.72	0.773
226.93	0.754
227.15	0.739
227.37	0.722
227.59	0.706
227.81	0.689
228.02	0.672
228.24	0.657
228.46	0.641
228.68	0.626
228.90	0.612
229.12	0.596
229.33	0.581
229.55	0.567
229.77	0.553
229.99	0.542
230.21	0.529
230.42	0.516
230.64	0.504
230.86	0.493
231.08	0.481
231.30	0.469
231.51	0.457
231.73	0.447
231.95	0.436
232.17	0.425
232.38	0.415
232.60	0.407
232.82	0.397
233.04	0.388
233.26	0.379
233.47	0.371
233.69	0.362
233.91	0.354
234.13	0.346
234.35	0.338
234.56	0.330
234.78	0.324
235.00	0.316
235.22	0.309
235.43	0.302
235.65	0.295
235.87	0.289
236.09	0.283
236.30	0.278
236.52	0.272
236.74	0.265
236.96	0.259
237.18	0.255
237.39	0.250
237.61	0.244
237.83	0.239
238.05	0.233
238.26	0.228
238.48	0.224
238.70	0.219
238.92	0.216
239.13	0.212
239.35	0.207
239.57	0.204
239.79	0.201
240.00	0.198
240.22	0.194
240.44	0.191
240.66	0.188
240.87	0.185
241.09	0.182
241.31	0.180
241.53	0.177
241.74	0.174
241.96	0.171
242.18	0.169
242.40	0.167
242.61	0.165
242.83	0.163
243.05	0.160
243.27	0.158
243.48	0.155
243.70	0.153
243.92	0.152
244.13	0.150
244.35	0.148
244.57	0.145
244.79	0.143
245.00	0.141
245.22	0.140
245.44	0.138
245.65	0.137
245.87	0.135
246.09	0.133
246.31	0.132
246.52	0.130
246.74	0.129
246.96	0.128
247.18	0.127
247.39	0.126
247.61	0.124
247.83	0.123
248.04	0.122
248.26	0.121
248.48	0.120
248.69	0.119
248.91	0.117
249.13	0.116
249.35	0.115
249.56	0.114
249.78	0.114
250.00	0.113
250.21	0.112
250.43	0.111
250.65	0.111
250.86	0.110
251.08	0.109
251.30	0.108
251.51	0.107
251.73	0.106
251.95	0.105
252.17	0.105
252.38	0.105
252.60	0.105
252.82	0.104
253.03	0.103
253.25	0.103
253.47	0.102
253.68	0.101
253.90	0.100
254.12	0.100
254.33	0.099
254.55	0.099
254.77	0.098
254.98	0.098
255.20	0.097
255.42	0.096
255.63	0.096
255.85	0.096
256.07	0.096
256.28	0.096
256.50	0.095
256.72	0.094
256.93	0.094
257.15	0.094
257.37	0.094
257.58	0.093
257.80	0.092
258.02	0.091
258.23	0.090
258.45	0.090
258.67	0.090
258.88	0.091
259.10	0.090
259.32	0.090
259.53	0.090
259.75	0.089
259.96	0.090
260.18	0.089
260.40	0.089
260.61	0.089
260.83	0.088
261.05	0.088
261.26	0.087
261.48	0.087
261.70	0.087
261.91	0.087
262.13	0.087
262.34	0.087
262.56	0.087
262.78	0.087
262.99	0.087
263.21	0.087
263.43	0.086
263.64	0.086
263.86	0.086
264.07	0.086
264.29	0.085
264.51	0.085
264.72	0.085
264.94	0.084
265.16	0.084
265.37	0.084
265.59	0.084
265.80	0.083
266.02	0.083
266.24	0.083
266.45	0.083
266.67	0.083
266.88	0.083
267.10	0.083
267.32	0.083
267.53	0.082
267.75	0.082
267.96	0.082
268.18	0.081
268.40	0.081
268.61	0.080
268.83	0.079
269.04	0.080
269.26	0.080
269.48	0.080
269.69	0.080
269.91	0.080
270.12	0.080
270.34	0.081
270.56	0.081
270.77	0.081
270.99	0.080
271.20	0.080
271.42	0.080
271.64	0.080
271.85	0.079
272.07	0.078
272.28	0.078
272.50	0.078
272.71	0.078
272.93	0.078
273.15	0.078
273.36	0.077
273.58	0.077
273.79	0.077
274.01	0.077
274.22	0.076
274.44	0.076
274.66	0.076
274.87	0.076
275.09	0.075
275.30	0.075
275.52	0.075
275.73	0.075
275.95	0.075
276.16	0.075
276.38	0.075
276.60	0.075
276.81	0.075
277.03	0.075
277.24	0.075
277.46	0.074
277.67	0.074
277.89	0.074
278.10	0.074
278.32	0.073
278.53	0.073
278.75	0.073
278.97	0.073
279.18	0.072
279.40	0.072
279.61	0.072
279.83	0.072
280.04	0.071
280.26	0.071
280.47	0.070
280.69	0.070
280.90	0.070
281.12	0.070
281.33	0.069
281.55	0.069
281.76	0.069
281.98	0.069
282.20	0.069
282.41	0.069
282.63	0.069
282.84	0.069
283.06	0.068
283.27	0.068
283.49	0.068
283.70	0.068
283.92	0.068
284.13	0.067
284.35	0.067
284.56	0.067
284.78	0.066
284.99	0.066
285.21	0.066
285.42	0.065
285.64	0.065
285.85	0.064
286.07	0.064
286.28	0.064
286.50	0.063
286.71	0.063
286.93	0.063
287.14	0.063
287.36	0.063
287.57	0.063
287.79	0.063
288.00	0.063
288.22	0.062
288.43	0.062
288.65	0.061
288.86	0.061
289.08	0.061
289.29	0.060
289.51	0.059
289.72	0.059
289.94	0.059
290.15	0.058
290.37	0.058
290.58	0.058
290.80	0.057
291.01	0.056
291.22	0.056
291.44	0.056
291.65	0.056
291.87	0.056
292.08	0.056
292.30	0.056
292.51	0.056
292.73	0.056
292.94	0.056
293.16	0.056
293.37	0.056
293.59	0.055
293.80	0.055
294.02	0.055
294.23	0.055
294.44	0.055
294.66	0.054
294.87	0.054
295.09	0.055
295.30	0.054
295.52	0.054
295.73	0.054
295.95	0.054
296.16	0.053
296.37	0.053
296.59	0.053
296.80	0.053
297.02	0.052
297.23	0.052
297.45	0.052
297.66	0.051
297.88	0.051
298.09	0.051
298.30	0.050
298.52	0.050
298.73	0.050
298.95	0.050
299.16	0.050
299.38	0.049
299.59	0.049
299.80	0.048
300.02	0.048
300.23	0.048
300.45	0.048
300.66	0.047
300.88	0.047
301.09	0.047
301.30	0.047
301.52	0.047
301.73	0.047
301.95	0.047
302.16	0.047
302.37	0.047
302.59	0.047
302.80	0.047
303.02	0.047
303.23	0.047
303.45	0.047
303.66	0.046
303.87	0.046
304.09	0.046
304.30	0.046
304.52	0.045
304.73	0.045
304.94	0.044
305.16	0.044
305.37	0.044
305.59	0.044
305.80	0.043
306.01	0.043
306.23	0.043
306.44	0.042
306.65	0.042
306.87	0.042
307.08	0.041
307.30	0.041
307.51	0.041
307.72	0.042
307.94	0.041
308.15	0.041
308.37	0.041
308.58	0.041
308.79	0.042
309.01	0.041
309.22	0.041
309.43	0.040
309.65	0.040
309.86	0.040
310.07	0.039
310.29	0.039
310.50	0.038
310.72	0.038
310.93	0.038
311.14	0.037
311.36	0.037
311.57	0.037
311.78	0.037
312.00	0.037
312.21	0.037
312.42	0.037
312.64	0.037
312.85	0.037
313.07	0.037
313.28	0.037
313.49	0.037
313.71	0.037
313.92	0.038
314.13	0.037
314.35	0.037
314.56	0.037
314.77	0.037
314.99	0.038
315.20	0.037
315.41	0.037
315.63	0.037
315.84	0.037
316.05	0.037
316.27	0.036
316.48	0.036
316.69	0.036
316.91	0.036
317.12	0.036
317.33	0.035
317.55	0.035
317.76	0.035
317.97	0.035
318.19	0.035
318.40	0.035
318.61	0.035
318.83	0.034
319.04	0.034
319.25	0.035
319.47	0.035
319.68	0.035
319.89	0.035
320.10	0.034
320.32	0.034
320.53	0.034
320.74	0.035
320.96	0.035
321.17	0.035
321.38	0.035
321.60	0.035
321.81	0.035
322.02	0.035
322.24	0.034
322.45	0.034
322.66	0.034
322.87	0.034
323.09	0.033
323.30	0.033
323.51	0.033
323.73	0.033
323.94	0.033
324.15	0.033
324.36	0.033
324.58	0.034
324.79	0.034
325.00	0.034
325.22	0.034
325.43	0.034
325.64	0.034
325.85	0.033
326.07	0.034
326.28	0.034
326.49	0.033
326.71	0.033
326.92	0.033
327.13	0.033
327.34	0.032
327.56	0.033
327.77	0.033
327.98	0.033
328.19	0.032
328.41	0.033
328.62	0.032
328.83	0.032
329.04	0.032
329.26	0.032
329.47	0.031
329.68	0.031
329.90	0.031
330.11	0.031
330.32	0.030
330.53	0.030
330.75	0.030
330.96	0.030
331.17	0.030
331.38	0.031
331.60	0.030
331.81	0.031
332.02	0.031
332.23	0.031
332.44	0.031
332.66	0.031
332.87	0.031
333.08	0.030
333.29	0.031
333.51	0.031
333.72	0.031
333.93	0.031
334.14	0.030
334.36	0.031
334.57	0.031
334.78	0.031
334.99	0.031
335.21	0.031
335.42	0.031
335.63	0.031
335.84	0.031
336.05	0.030
336.27	0.030
336.48	0.029
336.69	0.029
336.90	0.028
337.11	0.028
337.33	0.028
337.54	0.028
337.75	0.029
337.96	0.029
338.18	0.030
338.39	0.030
338.60	0.029
338.81	0.029
339.02	0.030
339.24	0.030
339.45	0.030
339.66	0.029
339.87	0.029
340.08	0.028
340.30	0.028
340.51	0.029
340.72	0.029
340.93	0.028
341.14	0.028
341.36	0.027
341.57	0.027
341.78	0.027
341.99	0.027
342.20	0.027
342.41	0.026
342.63	0.026
342.84	0.025
343.05	0.026
343.26	0.025
343.47	0.025
343.69	0.025
343.90	0.026
344.11	0.026
344.32	0.026
344.53	0.026
344.74	0.026
344.96	0.026
345.17	0.026
345.38	0.026
345.59	0.026
345.80	0.026
346.01	0.026
346.23	0.026
346.44	0.025
346.65	0.026
346.86	0.026
347.07	0.026
347.28	0.025
347.50	0.026
347.71	0.025
347.92	0.025
348.13	0.026
348.34	0.026
348.55	0.026
348.76	0.026
348.98	0.025
349.19	0.025
349.40	0.024
349.61	0.024
349.82	0.024
350.03	0.024
350.24	0.024
350.46	0.023
350.67	0.023
350.88	0.023
351.09	0.023
351.30	0.023
351.51	0.023
351.72	0.023
351.93	0.023
352.15	0.022
352.36	0.022
352.57	0.022
352.78	0.021
352.99	0.021
353.20	0.021
353.41	0.021
353.62	0.021
353.84	0.021
354.05	0.021
354.26	0.021
354.47	0.021
354.68	0.022
354.89	0.022
355.10	0.022
355.31	0.022
355.52	0.023
355.74	0.023
355.95	0.022
356.16	0.022
356.37	0.022
356.58	0.022
356.79	0.022
357.00	0.021
357.21	0.020
357.42	0.020
357.63	0.020
357.85	0.019
358.06	0.019
358.27	0.018
358.48	0.019
358.69	0.019
358.90	0.019
359.11	0.019
359.32	0.019
359.53	0.019
359.74	0.019
359.95	0.019
360.17	0.020
360.38	0.019
360.59	0.019
360.80	0.018
361.01	0.018
361.22	0.018
361.43	0.018
361.64	0.018
361.85	0.018
362.06	0.018
362.27	0.018
362.48	0.018
362.69	0.018
362.90	0.018
363.12	0.017
363.33	0.017
363.54	0.018
363.75	0.017
363.96	0.017
364.17	0.016
364.38	0.016
364.59	0.016
364.80	0.016
365.01	0.015
365.22	0.015
365.43	0.015
365.64	0.015
365.85	0.015
366.06	0.015
366.27	0.015
366.48	0.015
366.69	0.015
366.90	0.015
367.11	0.015
367.32	0.014
367.54	0.015
367.75	0.014
367.96	0.014
368.17	0.013
368.38	0.014
368.59	0.013
368.80	0.013
369.01	0.014
369.22	0.014
369.43	0.014
369.64	0.014
369.85	0.014
370.06	0.014
370.27	0.013
370.48	0.013
370.69	0.014
370.90	0.013
371.11	0.013
371.32	0.013
371.53	0.013
371.74	0.013
371.95	0.013
372.16	0.013
372.37	0.014
372.58	0.013
372.79	0.013
373.00	0.013
373.21	0.013
373.42	0.013
373.63	0.013
373.84	0.013
374.05	0.013
374.26	0.013
374.47	0.013
374.68	0.012
374.89	0.012
375.10	0.012
375.31	0.012
375.52	0.011
375.73	0.011
375.94	0.011
376.15	0.011
376.36	0.011
376.57	0.011
376.78	0.011
376.99	0.011
377.20	0.011
377.41	0.012
377.62	0.011
377.83	0.011
378.04	0.011
378.25	0.011
378.46	0.011
378.67	0.010
378.88	0.010
379.09	0.010
379.30	0.010
379.51	0.010
379.72	0.010
379.92	0.010
380.13	0.010
380.34	0.010
380.55	0.011
380.76	0.011
380.97	0.011
381.18	0.010
381.39	0.010
381.60	0.010
381.81	0.010
382.02	0.009
382.23	0.009
382.44	0.009
382.65	0.009
382.86	0.009
383.07	0.009
383.28	0.009
383.49	0.009
383.70	0.009
383.91	0.009
384.11	0.009
384.32	0.009
384.53	0.009
384.74	0.009
384.95	0.009
385.16	0.009
385.37	0.009
385.58	0.008
385.79	0.009
386.00	0.008
386.21	0.008
386.42	0.009
386.63	0.008
386.84	0.008
387.04	0.008
387.25	0.008
387.46	0.008
387.67	0.008
387.88	0.007
388.09	0.007
388.30	0.007
388.51	0.007
388.72	0.007
388.93	0.007
389.14	0.008
389.34	0.008
389.55	0.007
389.76	0.007
389.97	0.007
390.18	0.007
390.39	0.007
390.60	0.008
390.81	0.007
391.02	0.008
391.23	0.008
391.43	0.008
391.64	0.008
391.85	0.008
392.06	0.008
392.27	0.008
392.48	0.007
392.69	0.007
392.90	0.007
393.11	0.007
393.31	0.007
393.52	0.007
393.73	0.007
393.94	0.007
394.15	0.006
394.36	0.006
394.57	0.006
394.78	0.006
394.98	0.005
395.19	0.006
395.40	0.005
395.61	0.005
395.82	0.005
396.03	0.006
396.24	0.006
396.44	0.006
396.65	0.006
396.86	0.006
397.07	0.006
397.28	0.005
397.49	0.005
397.70	0.005
397.90	0.005
398.11	0.004
398.32	0.005
398.53	0.005
398.74	0.005
398.95	0.005
399.16	0.005
399.36	0.005
399.57	0.006
399.78	0.006
399.99	0.006
400.20	0.006
400.41	0.005
400.61	0.006
400.82	0.005
401.03	0.005
401.24	0.005
401.45	0.005
401.66	0.006
401.86	0.006
402.07	0.006
402.28	0.006
402.49	0.006
402.70	0.006
402.91	0.006
403.11	0.006
403.32	0.006
403.53	0.006
403.74	0.006
403.95	0.006
404.15	0.005
404.36	0.005
404.57	0.005
404.78	0.005
404.99	0.005
405.20	0.005
405.40	0.005
405.61	0.005
405.82	0.005
406.03	0.005
406.24	0.006
406.44	0.006
406.65	0.006
406.86	0.006
407.07	0.006
407.28	0.006
407.48	0.006
407.69	0.005
407.90	0.005
408.11	0.006
408.32	0.005
408.52	0.005
408.73	0.004
408.94	0.004
409.15	0.004
409.35	0.004
409.56	0.005
409.77	0.005
409.98	0.005
410.19	0.005
410.39	0.005
410.60	0.005
410.81	0.005
411.02	0.005
411.22	0.004
411.43	0.004
411.64	0.005
411.85	0.004
412.05	0.005
412.26	0.005
412.47	0.005
412.68	0.005
412.89	0.005
413.09	0.006
413.30	0.005
413.51	0.006
413.72	0.006
413.92	0.005
414.13	0.005
414.34	0.005
414.55	0.005
414.75	0.005
414.96	0.005
415.17	0.005
415.38	0.006
415.58	0.005
415.79	0.005
416.00	0.006
416.21	0.006
416.41	0.005
416.62	0.005
416.83	0.006
417.03	0.005
417.24	0.005
417.45	0.005
417.66	0.004
417.86	0.005
418.07	0.004
418.28	0.005
418.49	0.005
418.69	0.005
418.90	0.005
419.11	0.005
419.31	0.004
419.52	0.005
419.73	0.004
419.94	0.005
420.14	0.004
420.35	0.004
420.56	0.004
420.76	0.004
420.97	0.005
421.18	0.005
421.39	0.004
421.59	0.004
421.80	0.003
422.01	0.004
422.21	0.004
422.42	0.004
422.63	0.004
422.84	0.004
423.04	0.004
423.25	0.005
423.46	0.005
423.66	0.005
423.87	0.005
424.08	0.004
424.28	0.004
424.49	0.005
424.70	0.004
424.90	0.005
425.11	0.004
425.32	0.005
425.52	0.004
425.73	0.004
425.94	0.005
426.15	0.005
426.35	0.005
426.56	0.005
426.77	0.004
426.97	0.004
427.18	0.004
427.39	0.004
427.59	0.005
427.80	0.004
428.01	0.004
428.21	0.004
428.42	0.004
428.63	0.004
428.83	0.004
429.04	0.004
429.25	0.004
429.45	0.003
429.66	0.004
429.87	0.004
430.07	0.003
430.28	0.003
430.48	0.003
430.69	0.002
430.90	0.002
431.10	0.002
431.31	0.003
431.52	0.003
431.72	0.003
431.93	0.003
432.14	0.002
432.34	0.002
432.55	0.003
432.76	0.004
432.96	0.004
433.17	0.004
433.37	0.004
433.58	0.004
433.79	0.004
433.99	0.005
434.20	0.005
434.41	0.005
434.61	0.005
434.82	0.005
435.02	0.004
435.23	0.004
435.44	0.004
435.64	0.004
435.85	0.004
436.06	0.004
436.26	0.004
436.47	0.004
436.67	0.004
436.88	0.004
437.09	0.004
437.29	0.004
437.50	0.004
437.70	0.004
437.91	0.004
438.12	0.004
438.32	0.004
438.53	0.004
438.73	0.004
438.94	0.004
439.15	0.004
439.35	0.004
439.56	0.004
439.76	0.004
439.97	0.005
440.18	0.004
440.38	0.005
440.59	0.005
440.79	0.005
441.00	0.005
441.20	0.005
441.41	0.005
441.62	0.005
441.82	0.005
442.03	0.005
442.23	0.006
442.44	0.005
442.65	0.005
442.85	0.005
443.06	0.005
443.26	0.005
443.47	0.005
443.67	0.005
443.88	0.005
444.09	0.004
444.29	0.005
444.50	0.005
444.70	0.005
444.91	0.005
445.11	0.005
445.32	0.005
445.52	0.005
445.73	0.004
445.94	0.005
446.14	0.004
446.35	0.004
446.55	0.004
446.76	0.004
446.96	0.003
447.17	0.003
447.37	0.002
447.58	0.002
447.78	0.002
447.99	0.001
448.20	0.002
448.40	0.001
448.61	0.002
448.81	0.002
449.02	0.002
449.22	0.002
449.43	0.003
449.63	0.003
449.84	0.003
450.04	0.003
450.25	0.003
450.45	0.003
450.66	0.003
450.86	0.003
451.07	0.003
451.27	0.003
451.48	0.003
451.68	0.003
451.89	0.004
452.09	0.004
452.30	0.004
452.50	0.004
452.71	0.004
452.91	0.005
453.12	0.005
453.33	0.005
453.53	0.006
453.74	0.005
453.94	0.005
454.15	0.006
454.35	0.005
454.56	0.005
454.76	0.004
454.96	0.004
455.17	0.003
455.37	0.003
455.58	0.003
455.78	0.003
455.99	0.003
456.19	0.004
456.40	0.004
456.60	0.003
456.81	0.004
457.01	0.004
457.22	0.004
457.42	0.004
457.63	0.005
457.83	0.004
458.04	0.004
458.24	0.004
458.45	0.004
458.65	0.004
458.86	0.004
459.06	0.004
459.27	0.003
459.47	0.003
459.67	0.003
459.88	0.004
460.08	0.004
460.29	0.003
460.49	0.003
460.70	0.003
460.90	0.003
461.11	0.004
461.31	0.003
461.52	0.003
461.72	0.002
461.92	0.003
462.13	0.003
462.33	0.004
462.54	0.004
462.74	0.003
462.95	0.003
463.15	0.003
463.36	0.004
463.56	0.003
463.76	0.003
463.97	0.003
464.17	0.004
464.38	0.004
464.58	0.004
464.79	0.004
464.99	0.004
465.19	0.003
465.40	0.004
465.60	0.004
465.81	0.004
466.01	0.004
466.22	0.003
466.42	0.003
466.62	0.003
466.83	0.004
467.03	0.004
467.24	0.004
467.44	0.003
467.65	0.003
467.85	0.003
468.05	0.003
468.26	0.003
468.46	0.002
468.67	0.002
468.87	0.001
469.07	0.002
469.28	0.002
469.48	0.002
469.69	0.003
469.89	0.003
470.09	0.003
470.30	0.004
470.50	0.004
470.71	0.004
470.91	0.004
471.11	0.004
471.32	0.004
471.52	0.004
471.72	0.004
471.93	0.004
472.13	0.004
472.34	0.003
472.54	0.003
472.74	0.004
472.95	0.004
473.15	0.004
473.35	0.004
473.56	0.004
473.76	0.004
473.97	0.004
474.17	0.004
474.37	0.004
474.58	0.004
474.78	0.004
474.98	0.004
475.19	0.004
475.39	0.004
475.60	0.004
475.80	0.004
476.00	0.004
476.21	0.004
476.41	0.004
476.61	0.004
476.82	0.004
477.02	0.004
477.22	0.004
477.43	0.004
477.63	0.003
477.83	0.003
478.04	0.003
478.24	0.003
478.44	0.003
478.65	0.003
478.85	0.003
479.05	0.003
479.26	0.003
479.46	0.004
479.66	0.004
479.87	0.004
480.07	0.005
480.27	0.005
480.48	0.004
480.68	0.004
480.88	0.004
481.09	0.004
481.29	0.004
481.49	0.004
481.70	0.004
481.90	0.004
482.10	0.004
482.31	0.004
482.51	0.004
482.71	0.004
482.92	0.004
483.12	0.004
483.32	0.004
483.52	0.003
483.73	0.003
483.93	0.002
484.13	0.003
484.34	0.003
484.54	0.003
484.74	0.003
484.95	0.003
485.15	0.003
485.35	0.003
485.55	0.003
485.76	0.004
485.96	0.003
486.16	0.003
486.37	0.003
486.57	0.002
486.77	0.002
486.97	0.002
487.18	0.003
487.38	0.003
487.58	0.003
487.79	0.004
487.99	0.004
488.19	0.004
488.39	0.005
488.60	0.005
488.80	0.004
489.00	0.004
489.20	0.004
489.41	0.003
489.61	0.003
489.81	0.003
490.02	0.002
490.22	0.003
490.42	0.003
490.62	0.003
490.83	0.003
491.03	0.003
491.23	0.003
491.43	0.004
491.64	0.004
491.84	0.004
492.04	0.004
492.24	0.004
492.45	0.005
492.65	0.005
492.85	0.004
493.05	0.004
493.26	0.004
493.46	0.004
493.66	0.004
493.86	0.004
494.07	0.004
494.27	0.004
494.47	0.004
494.67	0.004
494.87	0.004
495.08	0.004
495.28	0.003
495.48	0.003
495.68	0.003
495.89	0.002
496.09	0.002
496.29	0.002
496.49	0.002
496.69	0.003
496.90	0.003
497.10	0.004
497.30	0.004
497.50	0.004
497.71	0.004
497.91	0.004
498.11	0.004
498.31	0.004
498.51	0.004
498.72	0.003
498.92	0.003
499.12	0.003
499.32	0.003
499.52	0.003
499.73	0.003
499.93	0.003
500.13	0.004
500.33	0.004
500.53	0.004
500.74	0.004
500.94	0.004
501.14	0.004
501.34	0.004
501.54	0.004
501.74	0.004
501.95	0.004
502.15	0.003
502.35	0.004
502.55	0.004
502.75	0.004
502.96	0.004
503.16	0.004
503.36	0.004
503.56	0.004
503.76	0.004
503.96	0.004
504.17	0.003
504.37	0.003
504.57	0.003
504.77	0.003
504.97	0.003
505.17	0.003
505.38	0.003
505.58	0.003
505.78	0.003
505.98	0.003
506.18	0.004
506.38	0.003
506.58	0.003
506.79	0.003
506.99	0.003
507.19	0.003
507.39	0.003
507.59	0.003
507.79	0.003
507.99	0.003
508.20	0.003
508.40	0.003
508.60	0.003
508.80	0.003
509.00	0.003
509.20	0.003
509.40	0.003
509.61	0.003
509.81	0.003
510.01	0.002
510.21	0.002
510.41	0.002
510.61	0.003
510.81	0.003
511.01	0.003
511.22	0.003
511.42	0.003
511.62	0.003
511.82	0.004
512.02	0.004
512.22	0.003
512.42	0.003
512.62	0.003
512.82	0.003
513.03	0.003
513.23	0.003
513.43	0.002
513.63	0.002
513.83	0.002
514.03	0.002
514.23	0.003
514.43	0.003
514.63	0.002
514.83	0.003
515.04	0.003
515.24	0.003
515.44	0.003
515.64	0.004
515.84	0.004
516.04	0.003
516.24	0.003
516.44	0.003
516.64	0.003
516.84	0.003
517.04	0.003
517.24	0.003
517.45	0.002
517.65	0.003
517.85	0.002
518.05	0.003
518.25	0.003
518.45	0.003
518.65	0.003
518.85	0.003
519.05	0.003
519.25	0.003
519.45	0.004
519.65	0.004
519.85	0.004
520.05	0.004
520.25	0.004
520.46	0.004
520.66	0.005
520.86	0.004
521.06	0.004
521.26	0.004
521.46	0.004
521.66	0.004
521.86	0.003
522.06	0.003
522.26	0.003
522.46	0.003
522.66	0.003
522.86	0.004
523.06	0.003
523.26	0.003
523.46	0.003
523.66	0.004
523.86	0.004
524.06	0.003
524.26	0.004
524.46	0.004
524.66	0.003
524.86	0.003
525.06	0.003
525.26	0.003
525.46	0.003
525.66	0.003
525.87	0.003
526.07	0.003
526.27	0.002
526.47	0.002
526.67	0.003
526.87	0.003
527.07	0.003
527.27	0.003
527.47	0.003
527.67	0.003
527.87	0.003
528.07	0.003
528.27	0.003
528.47	0.002
528.67	0.002
528.87	0.002
529.07	0.002
529.27	0.002
529.47	0.002
529.67	0.003
529.87	0.003
530.07	0.003
530.27	0.004
530.47	0.004
530.67	0.005
530.87	0.005
531.06	0.005
531.26	0.005
531.46	0.005
531.66	0.005
531.86	0.005
532.06	0.005
532.26	0.005
532.46	0.005
532.66	0.005
532.86	0.004
533.06	0.004
533.26	0.004
533.46	0.003
533.66	0.003
533.86	0.003
534.06	0.003
534.26	0.003
534.46	0.003
534.66	0.003
534.86	0.004
535.06	0.004
535.26	0.004
535.46	0.004
535.66	0.004
535.86	0.004
536.06	0.004
536.26	0.004
536.45	0.004
536.65	0.003
536.85	0.003
537.05	0.002
537.25	0.002
537.45	0.002
537.65	0.002
537.85	0.002
538.05	0.002
538.25	0.003
538.45	0.003
538.65	0.003
538.85	0.003
539.05	0.004
539.25	0.003
539.44	0.003
539.64	0.003
539.84	0.002
540.04	0.002
540.24	0.002
540.44	0.002
540.64	0.002
540.84	0.002
541.04	0.003
541.24	0.003
541.44	0.002
541.64	0.003
541.83	0.003
542.03	0.002
542.23	0.002
542.43	0.002
542.63	0.003
542.83	0.002
543.03	0.003
543.23	0.003
543.43	0.003
543.63	0.003
543.82	0.004
544.02	0.003
544.22	0.003
544.42	0.003
544.62	0.003
544.82	0.003
545.02	0.002
545.22	0.002
545.42	0.003
545.61	0.002
545.81	0.002
546.01	0.002
546.21	0.002
546.41	0.002
546.61	0.002
546.81	0.002
547.01	0.003
547.20	0.003
547.40	0.003
547.60	0.003
547.80	0.003
548.00	0.002
548.20	0.002
548.40	0.003
548.59	0.003
548.79	0.003
548.99	0.002
549.19	0.002
549.39	0.002
549.59	0.003
549.79	0.003
549.98	0.003
550.18	0.003
550.38	0.003
550.58	0.003
550.78	0.004
550.98	0.004
551.17	0.004
551.37	0.004
551.57	0.004
551.77	0.004
551.97	0.003
552.17	0.003
552.36	0.003
552.56	0.003
552.76	0.002
552.96	0.002
553.16	0.002
553.36	0.002
553.55	0.002
553.75	0.003
553.95	0.003
554.15	0.003
554.35	0.003
554.55	0.004
554.74	0.004
554.94	0.003
555.14	0.003
555.34	0.003
555.54	0.003
555.73	0.003
555.93	0.003
556.13	0.003
556.33	0.003
556.53	0.003
556.72	0.003
556.92	0.003
557.12	0.003
557.32	0.003
557.52	0.003
557.71	0.003
557.91	0.003
558.11	0.003
558.31	0.003
558.51	0.003
558.70	0.003
558.90	0.003
559.10	0.004
559.30	0.003
559.49	0.003
559.69	0.004
559.89	0.003
560.09	0.003
560.29	0.003
560.48	0.003
560.68	0.003
560.88	0.003
561.08	0.003
561.27	0.003
561.47	0.002
561.67	0.003
561.87	0.003
562.06	0.003
562.26	0.003
562.46	0.002
562.66	0.002
562.86	0.003
563.05	0.003
563.25	0.002
563.45	0.003
563.65	0.003
563.84	0.003
564.04	0.003
564.24	0.003
564.44	0.003
564.63	0.003
564.83	0.002
565.03	0.003
565.22	0.002
565.42	0.002
565.62	0.001
565.82	0.002
566.01	0.002
566.21	0.002
566.41	0.002
566.61	0.002
566.80	0.003
567.00	0.003
567.20	0.004
567.40	0.004
567.59	0.004
567.79	0.004
567.99	0.004
568.18	0.004
568.38	0.004
568.58	0.004
568.78	0.004
568.97	0.004
569.17	0.003
569.37	0.003
569.56	0.003
569.76	0.003
569.96	0.003
570.16	0.003
570.35	0.004
570.55	0.004
570.75	0.004
570.94	0.004
571.14	0.004
571.34	0.003
571.53	0.003
571.73	0.004
571.93	0.003
572.12	0.003
572.32	0.003
572.52	0.003
572.72	0.003
572.91	0.003
573.11	0.004
573.31	0.003
573.50	0.003
573.70	0.003
573.90	0.003
574.09	0.003
574.29	0.003
574.49	0.003
574.68	0.003
574.88	0.002
575.08	0.003
575.27	0.003
575.47	0.003
575.67	0.003
575.86	0.003
576.06	0.003
576.26	0.004
576.45	0.004
576.65	0.004
576.85	0.003
577.04	0.003
577.24	0.003
577.44	0.003
577.63	0.003
577.83	0.003
578.02	0.002
578.22	0.002
578.42	0.002
578.61	0.003
578.81	0.003
579.01	0.003
579.20	0.003
579.40	0.003
579.60	0.003
579.79	0.004
579.99	0.005
580.19	0.004
580.38	0.004
580.58	0.003
580.77	0.003
580.97	0.003
581.17	0.003
581.36	0.002
581.56	0.001
581.75	0.001
581.95	0.001
582.15	0.002
582.34	0.002
582.54	0.002
582.74	0.002
582.93	0.002
583.13	0.003
583.32	0.003
583.52	0.003
583.72	0.003
583.91	0.004
584.11	0.003
584.30	0.003
584.50	0.002
584.70	0.003
584.89	0.002
585.09	0.002
585.28	0.002
585.48	0.002
585.68	0.003
585.87	0.003
586.07	0.003
586.26	0.003
586.46	0.003
586.66	0.003
586.85	0.003
587.05	0.003
587.24	0.003
587.44	0.003
587.63	0.002
587.83	0.002
588.03	0.002
588.22	0.003
588.42	0.003
588.61	0.002
588.81	0.003
589.00	0.003
589.20	0.002
589.40	0.002
589.59	0.002
589.79	0.002
589.98	0.002
590.18	0.002
590.37	0.002
590.57	0.002
590.76	0.003
590.96	0.003
591.16	0.003
591.35	0.003
591.55	0.004
591.74	0.004
591.94	0.004
592.13	0.003
592.33	0.003
592.52	0.003
592.72	0.003
592.91	0.002
593.11	0.002
593.30	0.002
593.50	0.002
593.70	0.002
593.89	0.002
594.09	0.003
594.28	0.003
594.48	0.003
594.67	0.003
594.87	0.003
595.06	0.003
595.26	0.003
595.45	0.003
595.65	0.003
595.84	0.003
596.04	0.003
596.23	0.004
596.43	0.004
596.62	0.004
596.82	0.004
597.01	0.004
597.21	0.004
597.40	0.004
597.60	0.004
597.79	0.005
597.99	0.004
598.18	0.004
598.38	0.003
598.57	0.003
598.77	0.003
598.96	0.002
599.16	0.002
599.35	0.002
599.55	0.002
599.74	0.002
599.94	0.002
600.13	0.001
600.33	0.001
600.52	0.001
600.72	0.001
600.91	0.002
601.11	0.002
601.30	0.002
601.50	0.003
601.69	0.003
601.89	0.003
602.08	0.004
602.27	0.004
602.47	0.003
602.66	0.003
602.86	0.003
603.05	0.003
603.25	0.003
603.44	0.003
603.64	0.003
603.83	0.003
604.03	0.003
604.22	0.002
604.41	0.002
604.61	0.003
604.80	0.003
605.00	0.002
605.19	0.002
605.39	0.002
605.58	0.002
605.78	0.002
605.97	0.002
606.16	0.002
606.36	0.002
606.55	0.002
606.75	0.003
606.94	0.003
607.14	0.003
607.33	0.002
607.52	0.002
607.72	0.002
607.91	0.002
608.11	0.002
608.30	0.002
608.50	0.002
608.69	0.002
608.88	0.002
609.08	0.002
609.27	0.002
609.47	0.002
609.66	0.002
609.85	0.002
610.05	0.002
610.24	0.002
610.44	0.002
610.63	0.002
610.83	0.002
611.02	0.002
611.21	0.002
611.41	0.002
611.60	0.003
611.80	0.002
611.99	0.002
612.18	0.002
612.38	0.003
612.57	0.003
612.76	0.003
612.96	0.003
613.15	0.003
613.35	0.003
613.54	0.003
613.73	0.004
613.93	0.003
614.12	0.003
614.32	0.003
614.51	0.003
614.70	0.003
614.90	0.003
615.09	0.003
615.28	0.003
615.48	0.002
615.67	0.003
615.86	0.003
616.06	0.003
616.25	0.003
616.45	0.003
616.64	0.003
616.83	0.004
617.03	0.004
617.22	0.004
617.41	0.003
617.61	0.003
617.80	0.004
617.99	0.004
618.19	0.003
618.38	0.003
618.57	0.003
618.77	0.003
618.96	0.003
619.15	0.003
619.35	0.003
619.54	0.002
619.73	0.002
619.93	0.002
620.12	0.002
620.31	0.003
620.51	0.003
620.70	0.003
620.89	0.003
621.09	0.003
621.28	0.003
621.47	0.003
621.67	0.003
621.86	0.003
622.05	0.003
622.25	0.003
622.44	0.003
622.63	0.003
622.83	0.003
623.02	0.003
623.21	0.002
623.41	0.002
623.60	0.002
623.79	0.002
623.98	0.002
624.18	0.002
624.37	0.002
624.56	0.002
624.76	0.002
624.95	0.002
625.14	0.003
625.33	0.003
625.53	0.003
625.72	0.003
625.91	0.004
626.11	0.004
626.30	0.004
626.49	0.003
626.68	0.004
626.88	0.003
627.07	0.003
627.26	0.003
627.46	0.003
627.65	0.003
627.84	0.003
628.03	0.003
628.23	0.003
628.42	0.003
628.61	0.004
628.80	0.004
629.00	0.004
629.19	0.004
629.38	0.003
629.58	0.003
629.77	0.003
629.96	0.003
630.15	0.003
630.35	0.003
630.54	0.002
630.73	0.002
630.92	0.002
631.12	0.003
631.31	0.003
631.50	0.003
631.69	0.003
631.89	0.002
632.08	0.003
632.27	0.003
632.46	0.003
632.65	0.003
632.85	0.003
633.04	0.002
633.23	0.002
633.42	0.002
633.62	0.002
633.81	0.002
634.00	0.002
634.19	0.002
634.39	0.003
634.58	0.003
634.77	0.003
634.96	0.003
635.15	0.004
635.35	0.004
635.54	0.004
635.73	0.003
635.92	0.003
636.11	0.003
636.31	0.002
636.50	0.002
636.69	0.002
636.88	0.002
637.07	0.001
637.27	0.001
637.46	0.001
637.65	0.002
637.84	0.002
638.03	0.002
638.23	0.002
638.42	0.002
638.61	0.002
638.80	0.002
638.99	0.002
639.19	0.002
639.38	0.002
639.57	0.002
639.76	0.002
639.95	0.003
640.14	0.003
640.34	0.003
640.53	0.003
640.72	0.003
640.91	0.003
641.10	0.004
641.30	0.004
641.49	0.005
641.68	0.005
641.87	0.004
642.06	0.004
642.25	0.004
642.44	0.004
642.64	0.004
642.83	0.004
643.02	0.004
643.21	0.003
643.40	0.003
643.59	0.003
643.79	0.003
643.98	0.003
644.17	0.003
644.36	0.002
644.55	0.002
644.74	0.002
644.93	0.002
645.13	0.002
645.32	0.003
645.51	0.003
645.70	0.002
645.89	0.002
646.08	0.002
646.27	0.002
646.46	0.002
646.66	0.002
646.85	0.002
647.04	0.002
647.23	0.002
647.42	0.002
647.61	0.002
647.80	0.002
647.99	0.002
648.19	0.002
648.38	0.002
648.57	0.002
648.76	0.002
648.95	0.002
649.14	0.002
649.33	0.002
649.52	0.002
649.71	0.002
649.91	0.002
650.10	0.002
650.29	0.002
650.48	0.002
650.67	0.002
650.86	0.003
651.05	0.002
651.24	0.002
651.43	0.003
651.62	0.003
651.81	0.003
652.01	0.003
652.20	0.003
652.39	0.003
652.58	0.003
652.77	0.003
652.96	0.003
653.15	0.003
653.34	0.003
653.53	0.003
653.72	0.003
653.91	0.003
654.10	0.004
654.29	0.004
654.48	0.004
654.68	0.004
654.87	0.003
655.06	0.003
655.25	0.003
655.44	0.002
655.63	0.002
655.82	0.001
656.01	0.001
656.20	0.001
656.39	0.000
656.58	0.001
656.77	0.001
656.96	0.002
657.15	0.002
657.34	0.002
657.53	0.002
657.72	0.002
657.91	0.002
658.10	0.003
658.29	0.003
658.48	0.004
658.68	0.003
658.87	0.003
659.06	0.003
659.25	0.003
659.44	0.003
659.63	0.003
659.82	0.003
660.01	0.002
660.20	0.002
660.39	0.002
660.58	0.002
660.77	0.003
660.96	0.003
661.15	0.003
661.34	0.003
661.53	0.004
661.72	0.004
661.91	0.003
662.10	0.003
662.29	0.003
662.48	0.003
662.67	0.003
662.86	0.003
663.05	0.003
663.24	0.002
663.43	0.002
663.62	0.003
663.81	0.003
664.00	0.003
664.19	0.003
664.38	0.003
664.57	0.003
664.76	0.003
664.95	0.003
665.14	0.004
665.33	0.003
665.52	0.003
665.71	0.003
665.90	0.003
666.09	0.003
666.28	0.003
666.46	0.003
666.65	0.003
666.84	0.002
667.03	0.002
667.22	0.002
667.41	0.003
667.60	0.002
667.79	0.003
667.98	0.003
668.17	0.003
668.36	0.003
668.55	0.003
668.74	0.003
668.93	0.003
669.12	0.003
669.31	0.003
669.50	0.003
669.69	0.003
669.88	0.002
670.07	0.002
670.26	0.003
670.44	0.003
670.63	0.003
670.82	0.002
671.01	0.003
671.20	0.002
671.39	0.002
671.58	0.003
671.77	0.002
671.96	0.002
672.15	0.002
672.34	0.002
672.53	0.002
672.72	0.002
672.91	0.002
673.09	0.002
673.28	0.002
673.47	0.002
673.66	0.002
673.85	0.002
674.04	0.002
674.23	0.002
674.42	0.002
674.61	0.002
674.80	0.002
674.98	0.003
675.17	0.003
675.36	0.003
675.55	0.003
675.74	0.002
675.93	0.002
676.12	0.002
676.31	0.002
676.50	0.002
676.69	0.002
676.87	0.002
677.06	0.002
677.25	0.002
677.44	0.003
677.63	0.003
677.82	0.003
678.01	0.002
678.20	0.003
678.38	0.002
678.57	0.002
678.76	0.002
678.95	0.003
679.14	0.002
679.33	0.003
679.52	0.003
679.71	0.003
679.89	0.003
680.08	0.003
680.27	0.003
680.46	0.003
680.65	0.003
680.84	0.003
681.02	0.003
681.21	0.003
681.40	0.003
681.59	0.002
681.78	0.002
681.97	0.002
682.16	0.001
682.34	0.001
682.53	0.001
682.72	0.001
682.91	0.001
683.10	0.001
683.29	0.002
683.47	0.001
683.66	0.001
683.85	0.002
684.04	0.002
684.23	0.002
684.42	0.001
684.60	0.001
684.79	0.001
684.98	0.001
685.17	0.001
685.36	0.001
685.54	0.001
685.73	0.001
685.92	0.002
686.11	0.002
686.30	0.002
686.49	0.002
686.67	0.003
686.86	0.003
687.05	0.003
687.24	0.003
687.43	0.003
687.61	0.003
687.80	0.003
687.99	0.003
688.18	0.003
688.36	0.003
688.55	0.003
688.74	0.003
688.93	0.003
689.12	0.002
689.30	0.003
689.49	0.003
689.68	0.003
689.87	0.002
690.06	0.002
690.24	0.002
690.43	0.002
690.62	0.002
690.81	0.002
690.99	0.002
691.18	0.002
691.37	0.002
691.56	0.002
691.74	0.002
691.93	0.002
692.12	0.002
692.31	0.002
692.50	0.002
692.68	0.002
692.87	0.002
693.06	0.002
693.25	0.002
693.43	0.003
693.62	0.002
693.81	0.002
694.00	0.003
694.18	0.002
694.37	0.002
694.56	0.002
694.74	0.002
694.93	0.002
695.12	0.002
695.31	0.002
695.49	0.002
695.68	0.002
695.87	0.002
696.06	0.002
696.24	0.003
696.43	0.003
696.62	0.003
696.80	0.003
696.99	0.003
697.18	0.003
697.37	0.003
697.55	0.003
697.74	0.003
697.93	0.003
698.12	0.003
698.30	0.002
698.49	0.003
698.68	0.002
698.86	0.002
699.05	0.002
699.24	0.002
699.42	0.002
699.61	0.002
699.80	0.002
699.99	0.002
700.17	0.002
700.36	0.002
700.55	0.002
700.73	0.002
700.92	0.002
701.11	0.002
701.29	0.001
701.48	0.002
701.67	0.002
701.85	0.002
702.04	0.002
702.23	0.002
702.41	0.003
702.60	0.003
702.79	0.003
702.97	0.003
703.16	0.003
703.35	0.003
703.53	0.003
703.72	0.002
703.91	0.003
704.09	0.002
704.28	0.002
704.47	0.002
704.65	0.003
704.84	0.003
705.03	0.003
705.21	0.003
705.40	0.003
705.59	0.003
705.77	0.004
705.96	0.004
706.15	0.003
706.33	0.003
706.52	0.003
706.71	0.003
706.89	0.002
707.08	0.002
707.26	0.002
707.45	0.002
707.64	0.002
707.82	0.001
708.01	0.001
708.20	0.001
708.38	0.001
708.57	0.001
708.75	0.001
708.94	0.001
709.13	0.001
709.31	0.001
709.50	0.002
709.69	0.001
709.87	0.001
710.06	0.001
710.24	0.001
710.43	0.001
710.62	0.001
710.80	0.001
710.99	0.002
711.17	0.001
711.36	0.002
711.55	0.002
711.73	0.002
711.92	0.003
712.10	0.003
712.29	0.003
712.48	0.003
712.66	0.003
712.85	0.002
713.03	0.002
713.22	0.002
713.40	0.002
713.59	0.002
713.78	0.002
713.96	0.002
714.15	0.002
714.33	0.002
714.52	0.002
714.71	0.003
714.89	0.002
715.08	0.003
715.26	0.003
715.45	0.002
715.63	0.002
715.82	0.002
716.00	0.002
716.19	0.002
716.38	0.002
716.56	0.002
716.75	0.002
716.93	0.002
717.12	0.003
717.30	0.002
717.49	0.002
717.67	0.002
717.86	0.002
718.05	0.002
718.23	0.002
718.42	0.002
718.60	0.002
718.79	0.002
718.97	0.002
719.16	0.001
719.34	0.001
719.53	0.001
719.71	0.002
719.90	0.002
720.08	0.002
720.27	0.002
720.45	0.002
720.64	0.003
720.83	0.003
721.01	0.004
721.20	0.003
721.38	0.003
721.57	0.003
721.75	0.003
721.94	0.003
722.12	0.003
722.31	0.003
722.49	0.003
722.68	0.002
722.86	0.003
723.05	0.003
723.23	0.003
723.42	0.002
723.60	0.002
723.79	0.003
723.97	0.002
724.16	0.002
724.34	0.002
724.53	0.002
724.71	0.002
724.90	0.002
725.08	0.002
725.27	0.002
725.45	0.002
725.64	0.002
725.82	0.002
726.00	0.002
726.19	0.002
726.37	0.002
726.56	0.002
726.74	0.003
726.93	0.002
727.11	0.003
727.30	0.003
727.48	0.003
727.67	0.003
727.85	0.002
728.04	0.002
728.22	0.002
728.40	0.002
728.59	0.002
728.77	0.002
728.96	0.002
729.14	0.002
729.33	0.002
729.51	0.002
729.70	0.002
729.88	0.002
730.07	0.002
730.25	0.002
730.43	0.002
730.62	0.002
730.80	0.003
730.99	0.003
731.17	0.003
731.36	0.003
731.54	0.002
731.72	0.002
731.91	0.002
732.09	0.002
732.28	0.002
732.46	0.002
732.65	0.002
732.83	0.002
733.01	0.002
733.20	0.002
733.38	0.003
733.57	0.003
733.75	0.003
733.93	0.003
734.12	0.003
734.30	0.003
734.49	0.002
734.67	0.002
734.85	0.002
735.04	0.002
735.22	0.002
735.41	0.002
735.59	0.002
735.77	0.002
735.96	0.002
736.14	0.002
736.33	0.002
736.51	0.002
736.69	0.002
736.88	0.002
737.06	0.002
737.25	0.002
737.43	0.002
737.61	0.002
737.80	0.002
737.98	0.002
738.16	0.001
738.35	0.002
738.53	0.002
738.71	0.002
738.90	0.002
739.08	0.002
739.27	0.002
739.45	0.001
739.63	0.001
739.82	0.002
740.00	0.002
740.18	0.002
740.37	0.002
740.55	0.002
740.73	0.002
740.92	0.002
741.10	0.002
741.28	0.002
741.47	0.002
741.65	0.002
741.83	0.002
742.02	0.002
742.20	0.002
742.38	0.002
742.57	0.002
742.75	0.003
742.93	0.003
743.12	0.002
743.30	0.003
743.48	0.002
743.67	0.003
743.85	0.003
744.03	0.003
744.22	0.002
744.40	0.002
744.58	0.002
744.77	0.002
744.95	0.002
745.13	0.001
745.32	0.001
745.50	0.001
745.68	0.001
745.87	0.001
746.05	0.001
746.23	0.001
746.41	0.002
746.60	0.002
746.78	0.002
746.96	0.002
747.15	0.002
747.33	0.003
747.51	0.003
747.70	0.003
747.88	0.002
748.06	0.002
748.24	0.002
748.43	0.002
748.61	0.002
748.79	0.002
748.97	0.002
749.16	0.002
749.34	0.003
749.52	0.003
749.71	0.003
749.89	0.003
750.07	0.002
750.25	0.002
750.44	0.003
750.62	0.003
750.80	0.002
750.98	0.002
751.17	0.002
751.35	0.002
751.53	0.002
751.71	0.002
751.90	0.002
752.08	0.002
752.26	0.002
752.44	0.002
752.63	0.002
752.81	0.002
752.99	0.001
753.17	0.002
753.36	0.001
753.54	0.002
753.72	0.002
753.90	0.002
754.09	0.002
754.27	0.002
754.45	0.003
754.63	0.002
754.82	0.003
755.00	0.003
755.18	0.003
755.36	0.003
755.54	0.002
755.73	0.002
755.91	0.002
756.09	0.002
756.27	0.002
756.45	0.002
756.64	0.002
756.82	0.002
757.00	0.002
757.18	0.002
757.37	0.002
757.55	0.002
757.73	0.002
757.91	0.001
758.09	0.001
758.27	0.002
758.46	0.001
758.64	0.002
758.82	0.002
759.00	0.002
759.18	0.002
759.37	0.002
759.55	0.003
759.73	0.002
759.91	0.002
760.09	0.003
760.28	0.002
760.46	0.002
760.64	0.002
760.82	0.002
761.00	0.002
761.18	0.002
761.37	0.002
761.55	0.002
761.73	0.002
761.91	0.002
762.09	0.001
762.27	0.001
762.46	0.001
762.64	0.001
762.82	0.001
763.00	0.001
763.18	0.001
763.36	0.001
763.54	0.001
763.73	0.001
763.91	0.002
764.09	0.002
764.27	0.002
764.45	0.002
764.63	0.001
764.81	0.001
765.00	0.002
765.18	0.002
765.36	0.002
765.54	0.002
765.72	0.002
765.90	0.002
766.08	0.002
766.27	0.003
766.45	0.002
766.63	0.002
766.81	0.002
766.99	0.002
767.17	0.002
767.35	0.002
767.53	0.001
767.71	0.002
767.90	0.001
768.08	0.001
768.26	0.001
768.44	0.002
768.62	0.002
768.80	0.002
768.98	0.002
769.16	0.002
769.34	0.002
769.52	0.003
769.71	0.002
769.89	0.002
770.07	0.002
770.25	0.002
770.43	0.002
770.61	0.002
770.79	0.002
770.97	0.002
771.15	0.002
771.33	0.002
771.51	0.002
771.69	0.001
771.88	0.001
772.06	0.001
772.24	0.001
772.42	0.002
772.60	0.002
772.78	0.002
772.96	0.002
773.14	0.002
773.32	0.002
773.50	0.002
773.68	0.002
773.86	0.002
774.04	0.002
774.22	0.002
774.40	0.001
774.58	0.001
774.77	0.001
774.95	0.002
775.13	0.001
775.31	0.002
775.49	0.002
775.67	0.002
775.85	0.001
776.03	0.002
776.21	0.002
776.39	0.001
776.57	0.001
776.75	0.001
776.93	0.001
777.11	0.001
777.29	0.002
777.47	0.002
777.65	0.002
777.83	0.002
778.01	0.003
778.19	0.002
778.37	0.002
778.55	0.002
778.73	0.002
778.91	0.001
779.09	0.001
779.27	0.001
779.45	0.001
779.63	0.001
779.81	0.001
779.99	0.001
780.17	0.002
780.35	0.002
780.53	0.002
780.71	0.002
780.89	0.002
781.07	0.002
781.25	0.002
781.43	0.002
781.61	0.002
781.79	0.002
781.97	0.001
782.15	0.001
782.33	0.001
782.51	0.002
782.69	0.002
782.87	0.002
783.05	0.002
783.23	0.001
783.41	0.002
783.59	0.002
783.77	0.001
783.95	0.002
784.13	0.001
784.31	0.001
784.49	0.001
784.67	0.001
784.85	0.001
785.03	0.001
785.21	0.001
785.38	0.002
785.56	0.002
785.74	0.002
785.92	0.002
786.10	0.003
786.28	0.002
786.46	0.002
786.64	0.002
786.82	0.003
787.00	0.002
787.18	0.002
787.36	0.003
787.54	0.002
787.72	0.002
787.90	0.002
788.08	0.002
788.25	0.003
788.43	0.002
788.61	0.003
788.79	0.002
788.97	0.002
789.15	0.002
789.33	0.002
789.51	0.002
789.69	0.001
789.87	0.001
790.05	0.001
790.23	0.001
790.40	0.001
790.58	0.001
790.76	0.001
790.94	0.001
791.12	0.002
791.30	0.002
791.48	0.002
791.66	0.002
791.84	0.002
792.02	0.002
792.19	0.002
792.37	0.002
792.55	0.002
792.73	0.002
792.91	0.002
793.09	0.002
793.27	0.002
793.45	0.002
793.63	0.002
793.80	0.002
793.98	0.002
794.16	0.002
794.34	0.002
794.52	0.002
794.70	0.002
794.88	0.002
795.05	0.003
795.23	0.003
795.41	0.003
795.59	0.002
795.77	0.002
795.95	0.002
796.13	0.001
796.30	0.001
796.48	0.001
796.66	0.001
796.84	0.001
797.02	0.001
797.20	0.001
797.38	0.001
797.55	0.001
797.73	0.001
797.91	0.002
798.09	0.001
798.27	0.001
798.45	0.002
798.62	0.002
798.80	0.002
798.98	0.002
799.16	0.002
799.34	0.002
799.52	0.002
799.69	0.002
799.87	0.002
800.05	0.002
800.23	0.002
800.41	0.002
800.58	0.002
800.76	0.002
800.94	0.002
801.12	0.002
801.30	0.002
801.47	0.002
801.65	0.002
801.83	0.001
802.01	0.001
802.19	0.001
802.36	0.001
802.54	0.001
802.72	0.001
802.90	0.002
803.08	0.002
803.25	0.002
803.43	0.002
803.61	0.002
803.79	0.002
803.97	0.003
804.14	0.003
804.32	0.003
804.50	0.002
804.68	0.002
804.85	0.002
805.03	0.002
805.21	0.002
805.39	0.002
805.56	0.002
805.74	0.001
805.92	0.002
806.10	0.001
806.28	0.002
806.45	0.001
806.63	0.001
806.81	0.002
806.99	0.002
807.16	0.002
807.34	0.002
807.52	0.002
807.70	0.002
807.87	0.002
808.05	0.003
808.23	0.003
808.41	0.002
808.58	0.002
808.76	0.002
808.94	0.002
809.11	0.002
809.29	0.002
809.47	0.002
809.65	0.002
809.82	0.001
810.00	0.001
810.18	0.001
810.36	0.001
810.53	0.002
810.71	0.002
810.89	0.002
811.06	0.002
811.24	0.002
811.42	0.002
811.60	0.003
811.77	0.002
811.95	0.002
812.13	0.002
812.30	0.002
812.48	0.002
812.66	0.002
812.83	0.002
813.01	0.002
813.19	0.002
813.37	0.002
813.54	0.002
813.72	0.002
813.90	0.002
814.07	0.002
814.25	0.002
814.43	0.002
814.60	0.002
814.78	0.003
814.96	0.002
815.13	0.002
815.31	0.002
815.49	0.002
815.66	0.002
815.84	0.002
816.02	0.003
816.19	0.002
816.37	0.002
816.55	0.003
816.72	0.003
816.90	0.003
817.08	0.003
817.25	0.003
817.43	0.002
817.61	0.002
817.78	0.001
817.96	0.001
818.14	0.001
818.31	0.001
818.49	0.001
818.67	0.001
818.84	0.001
819.02	0.001
819.19	0.001
819.37	0.001
819.55	0.001
819.72	0.001
819.90	0.001
820.08	0.001
820.25	0.001
820.43	0.001
820.60	0.001
820.78	0.001
820.96	0.001
821.13	0.001
821.31	0.001
821.49	0.001
821.66	0.001
821.84	0.001
822.01	0.002
822.19	0.002
822.37	0.002
822.54	0.002
822.72	0.002
822.89	0.002
823.07	0.002
823.25	0.002
823.42	0.002
823.60	0.002
823.77	0.002
823.95	0.002
824.13	0.001
824.30	0.001
824.48	0.001
824.65	0.001
824.83	0.001
825.01	0.001
825.18	0.002
825.36	0.002
825.53	0.002
825.71	0.002
825.88	0.003
826.06	0.003
826.24	0.003
826.41	0.003
826.59	0.003
826.76	0.003
826.94	0.002
827.11	0.002
827.29	0.002
827.47	0.002
827.64	0.002
827.82	0.002
827.99	0.002
828.17	0.002
828.34	0.003
828.52	0.003
828.69	0.003
828.87	0.003
829.04	0.003
829.22	0.003
829.40	0.003
829.57	0.003
829.75	0.002
829.92	0.002
830.10	0.002
830.27	0.002
830.45	0.002
830.62	0.002
830.80	0.002
830.97	0.003
831.15	0.003
831.32	0.002
831.50	0.002
831.67	0.002
831.85	0.001
832.02	0.001
832.20	0.001
832.37	0.001
832.55	0.001
832.73	0.000
832.90	0.001
833.08	0.000
833.25	0.001
833.43	0.001
833.60	0.001
833.78	0.001
833.95	0.001
834.13	0.002
834.30	0.002
834.48	0.002
834.65	0.002
834.82	0.001
835.00	0.002
835.17	0.001
835.35	0.001
835.52	0.000
835.70	-0.000
835.87	-0.000
836.05	-0.000
836.22	-0.001
836.40	0.000
836.57	-0.000
836.75	0.000
836.92	0.000
837.10	0.001
837.27	0.001
837.45	0.001
837.62	0.001
837.80	0.001
837.97	0.001
838.14	0.002
838.32	0.001
838.49	0.001
838.67	0.002
838.84	0.002
839.02	0.001
839.19	0.002
839.37	0.002
839.54	0.002
839.71	0.002
839.89	0.002
840.06	0.002
840.24	0.002
840.41	0.002
840.59	0.002
840.76	0.002
840.94	0.002
841.11	0.002
841.28	0.002
841.46	0.002
841.63	0.002
841.81	0.001
841.98	0.001
842.15	0.001
842.33	0.001
842.50	0.002
842.68	0.002
842.85	0.002
843.03	0.001
843.20	0.001
843.37	0.001
843.55	0.002
843.72	0.002
843.90	0.002
844.07	0.001
844.24	0.001
844.42	0.001
844.59	0.001
844.77	0.001
844.94	0.001
845.11	0.001
845.29	0.001
845.46	0.000
845.63	0.001
845.81	0.001
845.98	0.001
846.16	0.001
846.33	0.001
846.50	0.001
846.68	0.001
846.85	0.001
847.02	0.001
847.20	0.001
847.37	0.002
847.55	0.002
847.72	0.002
847.89	0.002
848.07	0.003
848.24	0.002
848.41	0.002
848.59	0.002
848.76	0.002
848.93	0.002
849.11	0.001
849.28	0.002
849.45	0.001
849.63	0.000
849.80	0.001
849.97	0.001
850.15	0.001
850.32	0.001
850.49	0.000
850.67	0.000
850.84	-0.000
851.01	-0.000
851.19	0.001
851.36	0.001
851.53	0.001
851.71	0.001
851.88	0.001
852.05	0.001
852.23	0.002
852.40	0.002
852.57	0.002
852.75	0.001
852.92	0.001
853.09	0.001
853.27	0.001
853.44	0.001
853.61	0.001
853.79	0.002
853.96	0.002
854.13	0.002
854.30	0.002
854.48	0.003
854.65	0.003
854.82	0.003
855.00	0.003
855.17	0.002
855.34	0.002
855.51	0.002
855.69	0.002
855.86	0.002
856.03	0.001
856.21	0.001
856.38	0.001
856.55	0.001
856.72	0.001
856.90	0.001
857.07	0.000
857.24	0.000
857.42	0.000
857.59	-0.000
857.76	-0.000
857.93	0.000
858.11	-0.000
858.28	-0.000
858.45	-0.000
858.62	-0.000
858.80	-0.000
858.97	0.000
859.14	0.001
859.31	0.001
859.49	0.001
859.66	0.001
859.83	0.002
860.00	0.002
860.18	0.002
860.35	0.002
860.52	0.001
860.69	0.001
860.86	0.001
861.04	-0.000
861.21	-0.000
861.38	-0.001
861.55	-0.001
861.73	-0.001
861.90	-0.001
862.07	-0.001
862.24	-0.001
862.42	-0.000
862.59	-0.000
862.76	0.000
862.93	0.000
863.10	0.000
863.28	0.000
863.45	0.000
863.62	-0.000
863.79	0.000
863.96	-0.001
864.14	0.000
864.31	0.000
864.48	-0.001
864.65	-0.001
864.82	-0.001
865.00	-0.001
865.17	-0.001
865.34	-0.002
865.51	-0.002
865.68	-0.002
865.86	-0.002
866.03	-0.002
866.20	-0.002
866.37	-0.002
866.54	-0.002
866.71	-0.002
866.89	-0.002
867.06	-0.002
867.23	-0.002
867.40	-0.002
867.57	-0.002
867.74	-0.002
867.92	-0.002
868.09	-0.002
868.26	-0.001
868.43	-0.001
868.60	-0.001
868.77	-0.001
868.95	-0.001
869.12	-0.001
869.29	-0.001
869.46	-0.001
869.63	-0.001
869.80	-0.001
869.97	-0.001
870.15	-0.002
870.32	-0.002
870.49	-0.001
870.66	0.000
870.83	-0.001
871.00	-0.001
871.17	-0.001
871.34	0.000
871.52	0.000
871.69	-0.000
871.86	-0.000
872.03	-0.000
872.20	-0.001
872.37	-0.001
872.54	-0.001
872.71	-0.001
872.89	-0.002
873.06	-0.002
873.23	-0.002
873.40	-0.002
873.57	-0.002
873.74	-0.002
873.91	-0.001
874.08	-0.001
874.25	-0.002
874.42	-0.002
874.60	-0.002
874.77	-0.002
874.94	-0.001
875.11	-0.001
875.28	-0.002
875.45	-0.002
875.62	-0.003
875.79	-0.002
875.96	-0.002
876.13	-0.001
876.30	-0.001
876.47	-0.001
876.65	-0.002
876.82	-0.002
876.99	-0.002
877.16	-0.001
877.33	-0.002
877.50	-0.002
877.67	-0.002
877.84	-0.002
878.01	-0.002
878.18	-0.001
878.35	-0.001
878.52	-0.000
878.69	-0.002
878.86	-0.002
879.03	-0.002
879.20	-0.002
879.38	-0.003
879.55	-0.003
879.72	-0.003
879.89	-0.003
880.06	-0.003
880.23	-0.003
880.40	-0.003
880.57	-0.004
880.74	-0.004
880.91	-0.003
881.08	-0.003
881.25	-0.003
881.42	-0.003
881.59	-0.004
881.76	-0.004
881.93	-0.004
882.10	-0.003
882.27	-0.004
882.44	-0.005
882.61	-0.004
882.78	-0.004
882.95	-0.004
883.12	-0.003
883.29	-0.003
883.46	-0.002
883.63	-0.002
883.80	-0.001
883.97	-0.002
884.14	-0.002
884.31	-0.003
884.48	-0.002
884.65	-0.002
884.82	-0.002
884.99	-0.003
885.16	-0.003
885.33	-0.003
885.50	-0.003
885.67	-0.002
885.84	-0.002
886.01	-0.002
886.18	-0.001
886.35	-0.002
886.52	-0.003
886.69	-0.002
886.86	-0.002
887.03	-0.003
887.20	-0.003
887.37	-0.002
887.54	-0.003
887.71	-0.004
887.88	-0.003
888.05	-0.003
888.22	-0.004
888.39	-0.004
888.55	-0.004
888.72	-0.003
888.89	-0.003
889.06	-0.003
889.23	-0.002
889.40	-0.003
889.57	-0.003
889.74	-0.002
889.91	-0.002
890.08	-0.001
890.25	-0.002
890.42	-0.002
890.59	-0.001
890.76	-0.002
890.93	-0.002
891.10	-0.000
891.26	0.000
891.43	-0.001
891.60	-0.002
891.77	-0.004
891.94	-0.002
892.11	-0.003
892.28	-0.003
892.45	-0.003
892.62	-0.003
892.79	-0.003
892.96	-0.004
893.13	-0.002
893.29	-0.001
893.46	-0.002
893.63	-0.002
893.80	-0.003
893.97	-0.002
894.14	-0.003
894.31	-0.004
894.48	-0.005
894.65	0.002
894.81	-0.003
894.98	-0.005
