177.34	-0.068
177.56	-0.068
177.78	-0.068
178.00	-0.000
178.22	-0.000
178.44	-0.000
178.66	-0.000
178.89	-0.000
179.11	-1.194
179.33	-1.121
179.55	-0.000
179.77	-0.000
179.99	-0.000
180.21	0.323
180.43	0.079
180.65	0.219
180.87	0.044
181.09	0.079
181.31	0.211
181.53	0.193
181.75	0.181
181.97	0.153
182.19	0.156
182.41	0.140
182.63	0.136
182.85	0.169
183.07	0.161
183.30	0.180
183.52	0.170
183.74	0.166
183.96	0.190
184.18	0.204
184.40	0.217
184.62	0.214
184.84	0.231
185.06	0.232
185.28	0.229
185.50	0.280
185.72	0.278
185.94	0.263
186.16	0.272
186.38	0.313
186.60	0.335
186.82	0.348
187.04	0.386
187.26	0.420
187.48	0.439
187.70	0.471
187.92	0.508
188.14	0.544
188.36	0.564
188.58	0.606
188.80	0.591
189.02	0.642
189.24	0.661
189.46	0.688
189.68	0.742
189.90	0.747
190.12	0.728
190.34	0.755
190.56	0.744
190.78	0.784
191.00	0.779
191.22	0.789
191.44	0.803
191.66	0.781
191.88	0.801
192.10	0.839
192.32	0.848
192.54	0.885
192.76	0.934
192.98	0.943
193.20	0.965
193.42	0.972
193.64	0.996
193.86	1.039
194.08	1.039
194.30	1.039
194.52	1.054
194.74	1.022
194.96	1.042
195.18	1.042
195.40	1.044
195.62	1.072
195.84	1.070
196.06	1.083
196.28	1.089
196.50	1.094
196.72	1.084
196.94	1.088
197.16	1.083
197.38	1.126
197.60	1.129
197.82	1.129
198.04	1.142
198.26	1.153
198.48	1.145
198.70	1.191
198.92	1.197
199.13	1.209
199.35	1.182
199.57	1.196
199.79	1.220
200.01	1.212
200.23	1.217
200.45	1.239
200.67	1.251
200.89	1.253
201.11	1.290
201.33	1.317
201.55	1.336
201.77	1.342
201.99	1.362
202.21	1.380
202.43	1.384
202.65	1.342
202.87	1.352
203.09	1.345
203.31	1.338
203.52	1.334
203.74	1.322
203.96	1.324
204.18	1.336
204.40	1.348
204.62	1.384
204.84	1.382
205.06	1.382
205.28	1.389
205.50	1.383
205.72	1.407
205.94	1.425
206.16	1.422
206.38	1.401
206.59	1.402
206.81	1.438
207.03	1.462
207.25	1.463
207.47	1.465
207.69	1.477
207.91	1.493
208.13	1.505
208.35	1.556
208.57	1.579
208.79	1.555
209.01	1.556
209.22	1.574
209.44	1.575
209.66	1.585
209.88	1.557
210.10	1.559
210.32	1.528
210.54	1.520
210.76	1.533
210.98	1.530
211.20	1.545
211.42	1.578
211.63	1.563
211.85	1.599
212.07	1.610
212.29	1.624
212.51	1.620
212.73	1.651
212.95	1.657
213.17	1.630
213.39	1.631
213.60	1.617
213.82	1.606
214.04	1.616
214.26	1.623
214.48	1.638
214.70	1.630
214.92	1.625
215.14	1.634
215.35	1.636
215.57	1.651
215.79	1.648
216.01	1.638
216.23	1.645
216.45	1.638
216.67	1.633
216.89	1.645
217.10	1.665
217.32	1.660
217.54	1.678
217.76	1.687
217.98	1.696
218.20	1.686
218.42	1.690
218.64	1.677
218.85	1.666
219.07	1.660
219.29	1.645
219.51	1.631
219.73	1.623
219.95	1.606
220.17	1.601
220.38	1.583
220.60	1.569
220.82	1.546
221.04	1.521
221.26	1.508
221.48	1.488
221.69	1.458
221.91	1.438
222.13	1.421
222.35	1.404
222.57	1.385
222.79	1.370
223.00	1.348
223.22	1.329
223.44	1.303
223.66	1.283
223.88	1.261
224.10	1.235
224.32	1.211
224.53	1.187
224.75	1.161
224.97	1.137
225.19	1.113
225.41	1.093
225.62	1.071
225.84	1.051
226.06	1.029
226.28	1.009
226.50	0.989
226.72	0.968
226.93	0.948
227.15	0.928
227.37	0.907
227.59	0.887
227.81	0.867
228.02	0.846
228.24	0.826
228.46	0.808
228.68	0.790
228.90	0.773
229.12	0.754
229.33	0.736
229.55	0.719
229.77	0.702
229.99	0.687
230.21	0.672
230.42	0.656
230.64	0.642
230.86	0.628
231.08	0.613
231.30	0.600
231.51	0.587
231.73	0.574
231.95	0.560
232.17	0.547
232.38	0.534
232.60	0.522
232.82	0.509
233.04	0.498
233.26	0.488
233.47	0.477
233.69	0.466
233.91	0.456
234.13	0.446
234.35	0.436
234.56	0.428
234.78	0.419
235.00	0.410
235.22	0.401
235.43	0.393
235.65	0.385
235.87	0.377
236.09	0.369
236.30	0.362
236.52	0.353
236.74	0.346
236.96	0.338
237.18	0.331
237.39	0.324
237.61	0.317
237.83	0.311
238.05	0.305
238.26	0.299
238.48	0.294
238.70	0.287
238.92	0.282
239.13	0.277
239.35	0.272
239.57	0.266
239.79	0.261
240.00	0.256
240.22	0.251
240.44	0.246
240.66	0.242
240.87	0.237
241.09	0.233
241.31	0.230
241.53	0.227
241.74	0.222
241.96	0.219
242.18	0.215
242.40	0.212
242.61	0.208
242.83	0.205
243.05	0.202
243.27	0.199
243.48	0.196
243.70	0.193
243.92	0.191
244.13	0.189
244.35	0.187
244.57	0.185
244.79	0.182
245.00	0.180
245.22	0.178
245.44	0.175
245.65	0.173
245.87	0.171
246.09	0.169
246.31	0.167
246.52	0.165
246.74	0.164
246.96	0.162
247.18	0.161
247.39	0.159
247.61	0.158
247.83	0.156
248.04	0.155
248.26	0.153
248.48	0.152
248.69	0.149
248.91	0.148
249.13	0.147
249.35	0.146
249.56	0.145
249.78	0.144
250.00	0.142
250.21	0.141
250.43	0.140
250.65	0.139
250.86	0.139
251.08	0.138
251.30	0.137
251.51	0.136
251.73	0.135
251.95	0.134
252.17	0.133
252.38	0.133
252.60	0.132
252.82	0.132
253.03	0.130
253.25	0.129
253.47	0.129
253.68	0.128
253.90	0.127
254.12	0.127
254.33	0.126
254.55	0.125
254.77	0.124
254.98	0.123
255.20	0.122
255.42	0.122
255.63	0.121
255.85	0.120
256.07	0.120
256.28	0.119
256.50	0.119
256.72	0.118
256.93	0.118
257.15	0.117
257.37	0.117
257.58	0.116
257.80	0.116
258.02	0.115
258.23	0.115
258.45	0.114
258.67	0.114
258.88	0.113
259.10	0.113
259.32	0.113
259.53	0.113
259.75	0.113
259.96	0.113
260.18	0.113
260.40	0.113
260.61	0.112
260.83	0.112
261.05	0.111
261.26	0.111
261.48	0.110
261.70	0.110
261.91	0.109
262.13	0.109
262.34	0.109
262.56	0.109
262.78	0.109
262.99	0.109
263.21	0.108
263.43	0.108
263.64	0.108
263.86	0.108
264.07	0.108
264.29	0.107
264.51	0.107
264.72	0.106
264.94	0.106
265.16	0.105
265.37	0.105
265.59	0.104
265.80	0.104
266.02	0.103
266.24	0.103
266.45	0.103
266.67	0.103
266.88	0.103
267.10	0.103
267.32	0.103
267.53	0.103
267.75	0.104
267.96	0.104
268.18	0.104
268.40	0.104
268.61	0.104
268.83	0.103
269.04	0.103
269.26	0.102
269.48	0.102
269.69	0.102
269.91	0.101
270.12	0.101
270.34	0.101
270.56	0.100
270.77	0.100
270.99	0.100
271.20	0.100
271.42	0.100
271.64	0.099
271.85	0.099
272.07	0.098
272.28	0.098
272.50	0.099
272.71	0.098
272.93	0.098
273.15	0.097
273.36	0.097
273.58	0.097
273.79	0.097
274.01	0.097
274.22	0.096
274.44	0.095
274.66	0.095
274.87	0.095
275.09	0.094
275.30	0.094
275.52	0.094
275.73	0.093
275.95	0.093
276.16	0.092
276.38	0.092
276.60	0.092
276.81	0.091
277.03	0.091
277.24	0.091
277.46	0.091
277.67	0.091
277.89	0.090
278.10	0.090
278.32	0.090
278.53	0.089
278.75	0.089
278.97	0.088
279.18	0.088
279.40	0.088
279.61	0.088
279.83	0.088
280.04	0.087
280.26	0.086
280.47	0.086
280.69	0.086
280.90	0.086
281.12	0.085
281.33	0.085
281.55	0.084
281.76	0.083
281.98	0.083
282.20	0.083
282.41	0.082
282.63	0.082
282.84	0.081
283.06	0.081
283.27	0.080
283.49	0.080
283.70	0.080
283.92	0.080
284.13	0.079
284.35	0.078
284.56	0.078
284.78	0.078
284.99	0.077
285.21	0.077
285.42	0.077
285.64	0.076
285.85	0.076
286.07	0.076
286.28	0.076
286.50	0.075
286.71	0.075
286.93	0.075
287.14	0.074
287.36	0.074
287.57	0.073
287.79	0.073
288.00	0.072
288.22	0.071
288.43	0.072
288.65	0.071
288.86	0.071
289.08	0.071
289.29	0.070
289.51	0.070
289.72	0.070
289.94	0.070
290.15	0.069
290.37	0.069
290.58	0.069
290.80	0.068
291.01	0.068
291.22	0.067
291.44	0.067
291.65	0.067
291.87	0.066
292.08	0.066
292.30	0.065
292.51	0.065
292.73	0.065
292.94	0.065
293.16	0.065
293.37	0.065
293.59	0.065
293.80	0.065
294.02	0.064
294.23	0.065
294.44	0.065
294.66	0.064
294.87	0.063
295.09	0.063
295.30	0.063
295.52	0.063
295.73	0.062
295.95	0.062
296.16	0.061
296.37	0.061
296.59	0.061
296.80	0.061
297.02	0.061
297.23	0.060
297.45	0.060
297.66	0.059
297.88	0.060
298.09	0.060
298.30	0.060
298.52	0.059
298.73	0.058
298.95	0.058
299.16	0.058
299.38	0.057
299.59	0.057
299.80	0.057
300.02	0.056
300.23	0.056
300.45	0.056
300.66	0.056
300.88	0.055
301.09	0.055
301.30	0.055
301.52	0.055
301.73	0.055
301.95	0.055
302.16	0.055
302.37	0.055
302.59	0.055
302.80	0.055
303.02	0.055
303.23	0.055
303.45	0.055
303.66	0.055
303.87	0.055
304.09	0.054
304.30	0.054
304.52	0.053
304.73	0.053
304.94	0.052
305.16	0.052
305.37	0.051
305.59	0.051
305.80	0.051
306.01	0.051
306.23	0.050
306.44	0.050
306.65	0.050
306.87	0.050
307.08	0.050
307.30	0.050
307.51	0.050
307.72	0.049
307.94	0.049
308.15	0.050
308.37	0.049
308.58	0.049
308.79	0.049
309.01	0.048
309.22	0.048
309.43	0.047
309.65	0.046
309.86	0.046
310.07	0.046
310.29	0.045
310.50	0.045
310.72	0.045
310.93	0.045
311.14	0.045
311.36	0.045
311.57	0.045
311.78	0.044
312.00	0.044
312.21	0.044
312.42	0.044
312.64	0.044
312.85	0.044
313.07	0.043
313.28	0.044
313.49	0.044
313.71	0.044
313.92	0.044
314.13	0.044
314.35	0.044
314.56	0.044
314.77	0.044
314.99	0.043
315.20	0.043
315.41	0.043
315.63	0.042
315.84	0.042
316.05	0.042
316.27	0.042
316.48	0.041
316.69	0.041
316.91	0.041
317.12	0.041
317.33	0.041
317.55	0.041
317.76	0.041
317.97	0.041
318.19	0.041
318.40	0.041
318.61	0.041
318.83	0.041
319.04	0.040
319.25	0.041
319.47	0.040
319.68	0.041
319.89	0.041
320.10	0.040
320.32	0.039
320.53	0.039
320.74	0.039
320.96	0.039
321.17	0.039
321.38	0.039
321.60	0.039
321.81	0.038
322.02	0.039
322.24	0.039
322.45	0.039
322.66	0.039
322.87	0.040
323.09	0.040
323.30	0.040
323.51	0.040
323.73	0.040
323.94	0.039
324.15	0.040
324.36	0.039
324.58	0.039
324.79	0.039
325.00	0.038
325.22	0.038
325.43	0.038
325.64	0.038
325.85	0.038
326.07	0.037
326.28	0.037
326.49	0.037
326.71	0.037
326.92	0.037
327.13	0.037
327.34	0.037
327.56	0.037
327.77	0.037
327.98	0.037
328.19	0.037
328.41	0.037
328.62	0.036
328.83	0.036
329.04	0.036
329.26	0.037
329.47	0.036
329.68	0.036
329.90	0.036
330.11	0.036
330.32	0.036
330.53	0.036
330.75	0.036
330.96	0.036
331.17	0.036
331.38	0.036
331.60	0.036
331.81	0.036
332.02	0.036
332.23	0.036
332.44	0.035
332.66	0.036
332.87	0.035
333.08	0.034
333.29	0.034
333.51	0.034
333.72	0.034
333.93	0.034
334.14	0.035
334.36	0.035
334.57	0.035
334.78	0.035
334.99	0.036
335.21	0.036
335.42	0.036
335.63	0.036
335.84	0.035
336.05	0.035
336.27	0.035
336.48	0.035
336.69	0.035
336.90	0.034
337.11	0.033
337.33	0.033
337.54	0.033
337.75	0.033
337.96	0.033
338.18	0.033
338.39	0.033
338.60	0.033
338.81	0.033
339.02	0.033
339.24	0.033
339.45	0.034
339.66	0.033
339.87	0.034
340.08	0.033
340.30	0.033
340.51	0.032
340.72	0.032
340.93	0.033
341.14	0.033
341.36	0.033
341.57	0.033
341.78	0.032
341.99	0.032
342.20	0.032
342.41	0.032
342.63	0.031
342.84	0.031
343.05	0.031
343.26	0.030
343.47	0.030
343.69	0.030
343.90	0.030
344.11	0.031
344.32	0.031
344.53	0.031
344.74	0.030
344.96	0.030
345.17	0.030
345.38	0.030
345.59	0.030
345.80	0.030
346.01	0.029
346.23	0.029
346.44	0.029
346.65	0.030
346.86	0.030
347.07	0.030
347.28	0.029
347.50	0.029
347.71	0.029
347.92	0.030
348.13	0.030
348.34	0.030
348.55	0.029
348.76	0.029
348.98	0.029
349.19	0.029
349.40	0.029
349.61	0.028
349.82	0.028
350.03	0.028
350.24	0.028
350.46	0.028
350.67	0.028
350.88	0.027
351.09	0.026
351.30	0.026
351.51	0.026
351.72	0.026
351.93	0.026
352.15	0.026
352.36	0.026
352.57	0.025
352.78	0.025
352.99	0.025
353.20	0.025
353.41	0.024
353.62	0.024
353.84	0.024
354.05	0.023
354.26	0.023
354.47	0.024
354.68	0.024
354.89	0.024
355.10	0.024
355.31	0.024
355.52	0.024
355.74	0.024
355.95	0.024
356.16	0.023
356.37	0.023
356.58	0.022
356.79	0.022
357.00	0.021
357.21	0.022
357.42	0.021
357.63	0.021
357.85	0.022
358.06	0.022
358.27	0.022
358.48	0.023
358.69	0.022
358.90	0.023
359.11	0.022
359.32	0.022
359.53	0.023
359.74	0.022
359.95	0.022
360.17	0.022
360.38	0.022
360.59	0.021
360.80	0.021
361.01	0.021
361.22	0.021
361.43	0.020
361.64	0.020
361.85	0.020
362.06	0.020
362.27	0.019
362.48	0.019
362.69	0.019
362.90	0.019
363.12	0.019
363.33	0.020
363.54	0.019
363.75	0.019
363.96	0.019
364.17	0.019
364.38	0.020
364.59	0.020
364.80	0.020
365.01	0.019
365.22	0.019
365.43	0.019
365.64	0.019
365.85	0.018
366.06	0.018
366.27	0.017
366.48	0.016
366.69	0.016
366.90	0.016
367.11	0.016
367.32	0.016
367.54	0.015
367.75	0.016
367.96	0.016
368.17	0.016
368.38	0.015
368.59	0.016
368.80	0.016
369.01	0.016
369.22	0.016
369.43	0.016
369.64	0.016
369.85	0.015
370.06	0.015
370.27	0.016
370.48	0.015
370.69	0.015
370.90	0.015
371.11	0.016
371.32	0.016
371.53	0.015
371.74	0.015
371.95	0.014
372.16	0.014
372.37	0.014
372.58	0.014
372.79	0.014
373.00	0.013
373.21	0.013
373.42	0.013
373.63	0.013
373.84	0.013
374.05	0.013
374.26	0.013
374.47	0.013
374.68	0.013
374.89	0.013
375.10	0.012
375.31	0.012
375.52	0.013
375.73	0.013
375.94	0.013
376.15	0.012
376.36	0.012
376.57	0.013
376.78	0.013
376.99	0.013
377.20	0.013
377.41	0.013
377.62	0.013
377.83	0.013
378.04	0.013
378.25	0.013
378.46	0.012
378.67	0.012
378.88	0.013
379.09	0.013
379.30	0.012
379.51	0.012
379.72	0.012
379.92	0.012
380.13	0.012
380.34	0.012
380.55	0.012
380.76	0.011
380.97	0.011
381.18	0.011
381.39	0.012
381.60	0.011
381.81	0.011
382.02	0.011
382.23	0.010
382.44	0.010
382.65	0.011
382.86	0.011
383.07	0.011
383.28	0.011
383.49	0.011
383.70	0.011
383.91	0.011
384.11	0.011
384.32	0.012
384.53	0.012
384.74	0.012
384.95	0.012
385.16	0.011
385.37	0.011
385.58	0.010
385.79	0.011
386.00	0.010
386.21	0.010
386.42	0.010
386.63	0.010
386.84	0.010
387.04	0.011
387.25	0.011
387.46	0.011
387.67	0.011
387.88	0.011
388.09	0.010
388.30	0.010
388.51	0.010
388.72	0.010
388.93	0.009
389.14	0.009
389.34	0.009
389.55	0.009
389.76	0.009
389.97	0.009
390.18	0.009
390.39	0.009
390.60	0.009
390.81	0.009
391.02	0.008
391.23	0.009
391.43	0.009
391.64	0.008
391.85	0.009
392.06	0.008
392.27	0.008
392.48	0.008
392.69	0.008
392.90	0.008
393.11	0.008
393.31	0.007
393.52	0.007
393.73	0.007
393.94	0.006
394.15	0.006
394.36	0.007
394.57	0.007
394.78	0.007
394.98	0.007
395.19	0.007
395.40	0.007
395.61	0.008
395.82	0.008
396.03	0.008
396.24	0.008
396.44	0.008
396.65	0.008
396.86	0.009
397.07	0.008
397.28	0.009
397.49	0.009
397.70	0.009
397.90	0.008
398.11	0.008
398.32	0.008
398.53	0.008
398.74	0.007
398.95	0.007
399.16	0.006
399.36	0.005
399.57	0.005
399.78	0.006
399.99	0.006
400.20	0.006
400.41	0.006
400.61	0.006
400.82	0.007
401.03	0.007
401.24	0.008
401.45	0.007
401.66	0.007
401.86	0.007
402.07	0.006
402.28	0.006
402.49	0.006
402.70	0.006
402.91	0.006
403.11	0.006
403.32	0.006
403.53	0.006
403.74	0.006
403.95	0.006
404.15	0.007
404.36	0.007
404.57	0.007
404.78	0.007
404.99	0.007
405.20	0.006
405.40	0.006
405.61	0.006
405.82	0.005
406.03	0.005
406.24	0.005
406.44	0.005
406.65	0.005
406.86	0.005
407.07	0.005
407.28	0.006
407.48	0.006
407.69	0.006
407.90	0.006
408.11	0.005
408.32	0.006
408.52	0.007
408.73	0.006
408.94	0.006
409.15	0.006
409.35	0.006
409.56	0.005
409.77	0.006
409.98	0.007
410.19	0.006
410.39	0.006
410.60	0.007
410.81	0.006
411.02	0.006
411.22	0.007
411.43	0.007
411.64	0.007
411.85	0.006
412.05	0.006
412.26	0.006
412.47	0.005
412.68	0.005
412.89	0.005
413.09	0.004
413.30	0.004
413.51	0.004
413.72	0.004
413.92	0.004
414.13	0.004
414.34	0.005
414.55	0.005
414.75	0.005
414.96	0.005
415.17	0.006
415.38	0.006
415.58	0.006
415.79	0.006
416.00	0.007
416.21	0.007
416.41	0.007
416.62	0.007
416.83	0.007
417.03	0.006
417.24	0.007
417.45	0.006
417.66	0.006
417.86	0.006
418.07	0.006
418.28	0.005
418.49	0.005
418.69	0.005
418.90	0.005
419.11	0.005
419.31	0.005
419.52	0.006
419.73	0.006
419.94	0.005
420.14	0.005
420.35	0.006
420.56	0.006
420.76	0.006
420.97	0.005
421.18	0.004
421.39	0.004
421.59	0.004
421.80	0.005
422.01	0.005
422.21	0.005
422.42	0.005
422.63	0.005
422.84	0.006
423.04	0.006
423.25	0.005
423.46	0.006
423.66	0.006
423.87	0.006
424.08	0.005
424.28	0.005
424.49	0.005
424.70	0.005
424.90	0.005
425.11	0.006
425.32	0.005
425.52	0.005
425.73	0.004
425.94	0.004
426.15	0.005
426.35	0.005
426.56	0.005
426.77	0.004
426.97	0.004
427.18	0.004
427.39	0.004
427.59	0.004
427.80	0.004
428.01	0.004
428.21	0.004
428.42	0.004
428.63	0.005
428.83	0.005
429.04	0.005
429.25	0.005
429.45	0.005
429.66	0.005
429.87	0.006
430.07	0.005
430.28	0.006
430.48	0.006
430.69	0.006
430.90	0.006
431.10	0.005
431.31	0.005
431.52	0.005
431.72	0.005
431.93	0.005
432.14	0.004
432.34	0.004
432.55	0.004
432.76	0.005
432.96	0.005
433.17	0.005
433.37	0.005
433.58	0.005
433.79	0.005
433.99	0.005
434.20	0.004
434.41	0.005
434.61	0.005
434.82	0.005
435.02	0.005
435.23	0.005
435.44	0.005
435.64	0.005
435.85	0.006
436.06	0.005
436.26	0.005
436.47	0.005
436.67	0.005
436.88	0.005
437.09	0.005
437.29	0.004
437.50	0.005
437.70	0.005
437.91	0.005
438.12	0.005
438.32	0.005
438.53	0.005
438.73	0.005
438.94	0.006
439.15	0.006
439.35	0.006
439.56	0.005
439.76	0.005
439.97	0.005
440.18	0.005
440.38	0.004
440.59	0.004
440.79	0.004
441.00	0.003
441.20	0.003
441.41	0.004
441.62	0.004
441.82	0.005
442.03	0.005
442.23	0.005
442.44	0.005
442.65	0.005
442.85	0.005
443.06	0.006
443.26	0.006
443.47	0.005
443.67	0.005
443.88	0.005
444.09	0.005
444.29	0.005
444.50	0.005
444.70	0.006
444.91	0.005
445.11	0.005
445.32	0.005
445.52	0.005
445.73	0.006
445.94	0.006
446.14	0.006
446.35	0.006
446.55	0.006
446.76	0.005
446.96	0.006
447.17	0.006
447.37	0.005
447.58	0.005
447.78	0.005
447.99	0.004
448.20	0.004
448.40	0.004
448.61	0.004
448.81	0.004
449.02	0.004
449.22	0.004
449.43	0.004
449.63	0.004
449.84	0.004
450.04	0.003
450.25	0.003
450.45	0.003
450.66	0.003
450.86	0.003
451.07	0.002
451.27	0.003
451.48	0.002
451.68	0.002
451.89	0.003
452.09	0.003
452.30	0.004
452.50	0.003
452.71	0.003
452.91	0.003
453.12	0.003
453.33	0.003
453.53	0.003
453.74	0.004
453.94	0.003
454.15	0.003
454.35	0.003
454.56	0.004
454.76	0.003
454.96	0.003
455.17	0.004
455.37	0.003
455.58	0.004
455.78	0.003
455.99	0.004
456.19	0.004
456.40	0.004
456.60	0.004
456.81	0.003
457.01	0.003
457.22	0.003
457.42	0.003
457.63	0.003
457.83	0.003
458.04	0.003
458.24	0.003
458.45	0.003
458.65	0.004
458.86	0.004
459.06	0.004
459.27	0.004
459.47	0.004
459.67	0.004
459.88	0.003
460.08	0.003
460.29	0.003
460.49	0.004
460.70	0.003
460.90	0.003
461.11	0.003
461.31	0.003
461.52	0.004
461.72	0.004
461.92	0.004
462.13	0.004
462.33	0.004
462.54	0.004
462.74	0.004
462.95	0.004
463.15	0.004
463.36	0.004
463.56	0.004
463.76	0.005
463.97	0.004
464.17	0.005
464.38	0.004
464.58	0.005
464.79	0.005
464.99	0.004
465.19	0.004
465.40	0.004
465.60	0.003
465.81	0.004
466.01	0.003
466.22	0.003
466.42	0.002
466.62	0.003
466.83	0.003
467.03	0.003
467.24	0.003
467.44	0.002
467.65	0.002
467.85	0.003
468.05	0.003
468.26	0.003
468.46	0.003
468.67	0.003
468.87	0.003
469.07	0.003
469.28	0.004
469.48	0.004
469.69	0.004
469.89	0.004
470.09	0.004
470.30	0.005
470.50	0.004
470.71	0.005
470.91	0.004
471.11	0.004
471.32	0.004
471.52	0.004
471.72	0.004
471.93	0.004
472.13	0.004
472.34	0.004
472.54	0.004
472.74	0.004
472.95	0.003
473.15	0.003
473.35	0.003
473.56	0.003
473.76	0.004
473.97	0.004
474.17	0.003
474.37	0.003
474.58	0.003
474.78	0.004
474.98	0.004
475.19	0.003
475.39	0.003
475.60	0.003
475.80	0.003
476.00	0.003
476.21	0.003
476.41	0.003
476.61	0.003
476.82	0.003
477.02	0.003
477.22	0.003
477.43	0.003
477.63	0.003
477.83	0.004
478.04	0.004
478.24	0.004
478.44	0.004
478.65	0.004
478.85	0.004
479.05	0.004
479.26	0.004
479.46	0.004
479.66	0.004
479.87	0.004
480.07	0.004
480.27	0.004
480.48	0.004
480.68	0.003
480.88	0.003
481.09	0.003
481.29	0.002
481.49	0.003
481.70	0.003
481.90	0.003
482.10	0.004
482.31	0.004
482.51	0.004
482.71	0.003
482.92	0.004
483.12	0.004
483.32	0.003
483.52	0.003
483.73	0.002
483.93	0.002
484.13	0.002
484.34	0.002
484.54	0.003
484.74	0.003
484.95	0.002
485.15	0.003
485.35	0.003
485.55	0.003
485.76	0.003
485.96	0.003
486.16	0.003
486.37	0.002
486.57	0.003
486.77	0.003
486.97	0.003
487.18	0.003
487.38	0.003
487.58	0.003
487.79	0.003
487.99	0.003
488.19	0.003
488.39	0.003
488.60	0.002
488.80	0.002
489.00	0.003
489.20	0.003
489.41	0.003
489.61	0.003
489.81	0.003
490.02	0.003
490.22	0.003
490.42	0.004
490.62	0.004
490.83	0.004
491.03	0.004
491.23	0.003
491.43	0.003
491.64	0.003
491.84	0.003
492.04	0.003
492.24	0.003
492.45	0.002
492.65	0.002
492.85	0.002
493.05	0.002
493.26	0.002
493.46	0.002
493.66	0.002
493.86	0.002
494.07	0.002
494.27	0.002
494.47	0.002
494.67	0.002
494.87	0.002
495.08	0.002
495.28	0.002
495.48	0.002
495.68	0.002
495.89	0.002
496.09	0.002
496.29	0.002
496.49	0.002
496.69	0.002
496.90	0.002
497.10	0.002
497.30	0.002
497.50	0.002
497.71	0.002
497.91	0.002
498.11	0.002
498.31	0.002
498.51	0.002
498.72	0.002
498.92	0.002
499.12	0.002
499.32	0.002
499.52	0.002
499.73	0.002
499.93	0.002
500.13	0.003
500.33	0.004
500.53	0.004
500.74	0.004
500.94	0.004
501.14	0.003
501.34	0.003
501.54	0.003
501.74	0.003
501.95	0.002
502.15	0.002
502.35	0.002
502.55	0.002
502.75	0.002
502.96	0.003
503.16	0.003
503.36	0.003
503.56	0.003
503.76	0.003
503.96	0.003
504.17	0.003
504.37	0.003
504.57	0.003
504.77	0.003
504.97	0.003
505.17	0.003
505.38	0.002
505.58	0.002
505.78	0.002
505.98	0.003
506.18	0.002
506.38	0.003
506.58	0.002
506.79	0.002
506.99	0.003
507.19	0.003
507.39	0.003
507.59	0.003
507.79	0.003
507.99	0.003
508.20	0.002
508.40	0.002
508.60	0.002
508.80	0.002
509.00	0.002
509.20	0.001
509.40	0.001
509.61	0.001
509.81	0.001
510.01	0.001
510.21	0.002
510.41	0.001
510.61	0.002
510.81	0.002
511.01	0.002
511.22	0.002
511.42	0.002
511.62	0.002
511.82	0.002
512.02	0.002
512.22	0.002
512.42	0.001
512.62	0.001
512.82	0.001
513.03	0.001
513.23	0.001
513.43	0.001
513.63	0.001
513.83	0.001
514.03	0.001
514.23	0.001
514.43	0.001
514.63	0.001
514.83	0.002
515.04	0.002
515.24	0.002
515.44	0.002
515.64	0.002
515.84	0.003
516.04	0.002
516.24	0.002
516.44	0.002
516.64	0.001
516.84	0.001
517.04	0.002
517.24	0.002
517.45	0.001
517.65	0.002
517.85	0.002
518.05	0.002
518.25	0.001
518.45	0.002
518.65	0.001
518.85	0.001
519.05	0.001
519.25	0.001
519.45	0.001
519.65	0.000
519.85	0.000
520.05	-0.000
520.25	-0.000
520.46	-0.000
520.66	-0.000
520.86	-0.000
521.06	-0.000
521.26	-0.000
521.46	0.000
521.66	0.001
521.86	0.001
522.06	0.001
522.26	0.001
522.46	0.001
522.66	0.001
522.86	0.001
523.06	0.001
523.26	0.001
523.46	0.000
523.66	-0.000
523.86	0.000
524.06	0.000
524.26	0.000
524.46	0.000
524.66	0.000
524.86	0.001
525.06	0.000
525.26	0.001
525.46	0.001
525.66	0.001
525.87	0.001
526.07	0.001
526.27	0.001
526.47	0.001
526.67	0.001
526.87	0.001
527.07	0.000
527.27	-0.000
527.47	-0.000
527.67	-0.000
527.87	-0.000
528.07	-0.000
528.27	-0.001
528.47	-0.001
528.67	-0.001
528.87	-0.000
529.07	-0.000
529.27	-0.000
529.47	-0.000
529.67	-0.000
529.87	-0.000
530.07	0.000
530.27	0.001
530.47	0.001
530.67	0.001
530.87	0.000
531.06	0.001
531.26	0.000
531.46	0.000
531.66	0.001
531.86	0.000
532.06	-0.000
532.26	0.000
532.46	0.000
532.66	0.000
532.86	0.000
533.06	0.001
533.26	0.001
533.46	0.000
533.66	0.000
533.86	0.000
534.06	-0.000
534.26	-0.000
534.46	0.000
534.66	0.000
534.86	0.000
535.06	0.000
535.26	0.001
535.46	0.001
535.66	0.001
535.86	0.001
536.06	0.001
536.26	0.001
536.45	0.001
536.65	0.001
536.85	0.001
537.05	0.001
537.25	0.001
537.45	0.001
537.65	0.002
537.85	0.001
538.05	0.001
538.25	0.001
538.45	0.001
538.65	0.001
538.85	0.000
539.05	0.000
539.25	0.000
539.44	0.000
539.64	0.000
539.84	0.001
540.04	0.001
540.24	0.001
540.44	0.001
540.64	0.001
540.84	0.001
541.04	0.001
541.24	0.000
541.44	-0.000
541.64	-0.001
541.83	-0.001
542.03	-0.001
542.23	-0.001
542.43	-0.001
542.63	-0.001
542.83	-0.001
543.03	-0.000
543.23	-0.000
543.43	-0.000
543.63	-0.001
543.82	-0.000
544.02	0.000
544.22	0.001
544.42	0.000
544.62	-0.000
544.82	0.000
545.02	0.001
545.22	0.001
545.42	0.001
545.61	0.001
545.81	0.001
546.01	0.001
546.21	0.001
546.41	0.001
546.61	0.001
546.81	0.000
547.01	0.000
547.20	0.000
547.40	0.001
547.60	0.000
547.80	-0.000
548.00	-0.000
548.20	-0.000
548.40	-0.001
548.59	-0.000
548.79	-0.000
548.99	-0.000
549.19	-0.001
549.39	-0.000
549.59	-0.000
549.79	-0.001
549.98	-0.000
550.18	-0.001
550.38	-0.001
550.58	-0.001
550.78	-0.001
550.98	-0.001
551.17	-0.001
551.37	-0.000
551.57	-0.000
551.77	-0.000
551.97	-0.000
552.17	0.000
552.36	0.001
552.56	0.000
552.76	-0.000
552.96	0.000
553.16	0.000
553.36	0.001
553.55	0.000
553.75	0.000
553.95	-0.000
554.15	-0.000
554.35	-0.000
554.55	0.000
554.74	-0.001
554.94	-0.001
555.14	-0.001
555.34	-0.001
555.54	-0.002
555.73	-0.001
555.93	-0.001
556.13	-0.002
556.33	-0.002
556.53	-0.001
556.72	-0.002
556.92	-0.001
557.12	-0.001
557.32	-0.000
557.52	0.000
557.71	0.000
557.91	0.000
558.11	0.001
558.31	0.001
558.51	0.001
558.70	0.001
558.90	0.001
559.10	0.001
559.30	0.000
559.49	0.000
559.69	0.001
559.89	0.001
560.09	0.001
560.29	0.001
560.48	0.001
560.68	0.001
560.88	0.001
561.08	0.002
561.27	0.001
561.47	0.001
561.67	0.001
561.87	0.001
562.06	0.000
562.26	0.000
562.46	0.000
562.66	-0.000
562.86	-0.001
563.05	-0.001
563.25	-0.001
563.45	-0.001
563.65	-0.001
563.84	-0.001
564.04	-0.001
564.24	-0.001
564.44	-0.000
564.63	-0.000
564.83	0.000
565.03	0.000
565.22	0.000
565.42	0.001
565.62	0.001
565.82	0.001
566.01	0.001
566.21	0.001
566.41	0.001
566.61	0.000
566.80	0.000
567.00	0.001
567.20	0.000
567.40	0.000
567.59	0.000
567.79	0.001
567.99	0.000
568.18	0.000
568.38	0.000
568.58	0.000
568.78	0.000
568.97	-0.001
569.17	-0.001
569.37	-0.001
569.56	-0.001
569.76	-0.001
569.96	-0.000
570.16	-0.001
570.35	-0.001
570.55	-0.000
570.75	0.000
570.94	0.000
571.14	0.001
571.34	0.001
571.53	0.000
571.73	0.000
571.93	0.000
572.12	0.001
572.32	0.001
572.52	0.001
572.72	0.001
572.91	0.001
573.11	0.000
573.31	0.000
573.50	0.000
573.70	-0.000
573.90	-0.000
574.09	-0.001
574.29	-0.001
574.49	-0.001
574.68	-0.001
574.88	-0.001
575.08	-0.000
575.27	0.000
575.47	0.000
575.67	-0.000
575.86	0.000
576.06	0.001
576.26	0.001
576.45	0.001
576.65	0.001
576.85	0.001
577.04	0.001
577.24	0.001
577.44	0.001
577.63	0.001
577.83	0.000
578.02	0.000
578.22	0.000
578.42	-0.000
578.61	-0.000
578.81	-0.000
579.01	-0.000
579.20	0.000
579.40	0.001
579.60	0.001
579.79	0.001
579.99	0.001
580.19	0.002
580.38	0.002
580.58	0.002
580.77	0.002
580.97	0.002
581.17	0.001
581.36	0.001
581.56	0.001
581.75	0.000
581.95	0.000
582.15	-0.000
582.34	-0.000
582.54	-0.000
582.74	0.000
582.93	0.000
583.13	0.000
583.32	0.001
583.52	0.001
583.72	0.001
583.91	0.001
584.11	0.000
584.30	0.001
584.50	0.000
584.70	0.000
584.89	-0.000
585.09	-0.001
585.28	-0.000
585.48	-0.000
585.68	0.000
585.87	0.000
586.07	0.000
586.26	0.000
586.46	0.000
586.66	0.001
586.85	0.000
587.05	0.000
587.24	-0.000
587.44	-0.000
587.63	-0.000
587.83	0.000
588.03	0.000
588.22	-0.000
588.42	-0.000
588.61	-0.000
588.81	-0.000
589.00	-0.000
589.20	-0.001
589.40	-0.001
589.59	-0.001
589.79	-0.001
589.98	-0.001
590.18	-0.001
590.37	-0.001
590.57	-0.001
590.76	-0.000
590.96	-0.000
591.16	-0.000
591.35	-0.000
591.55	-0.000
591.74	-0.000
591.94	-0.001
592.13	-0.001
592.33	-0.001
592.52	-0.001
592.72	-0.001
592.91	-0.001
593.11	-0.001
593.30	-0.001
593.50	-0.001
593.70	-0.001
593.89	-0.000
594.09	-0.000
594.28	-0.001
594.48	-0.000
594.67	-0.000
594.87	-0.001
595.06	-0.000
595.26	-0.000
595.45	-0.000
595.65	-0.001
595.84	-0.001
596.04	-0.000
596.23	-0.000
596.43	-0.000
596.62	0.000
596.82	0.000
597.01	0.000
597.21	0.000
597.40	-0.000
597.60	-0.000
597.79	-0.000
597.99	-0.000
598.18	-0.000
598.38	-0.000
598.57	0.000
598.77	0.000
598.96	0.000
599.16	0.001
599.35	0.000
599.55	0.001
599.74	0.001
599.94	0.001
600.13	0.000
600.33	0.000
600.52	0.000
600.72	-0.000
600.91	-0.001
601.11	-0.000
601.30	-0.001
601.50	-0.000
601.69	-0.000
601.89	-0.000
602.08	-0.000
602.27	-0.000
602.47	0.001
602.66	0.001
602.86	0.001
603.05	0.001
603.25	0.001
603.44	0.001
603.64	0.001
603.83	0.001
604.03	0.001
604.22	0.001
604.41	0.001
604.61	0.001
604.80	0.001
605.00	0.001
605.19	0.001
605.39	0.001
605.58	0.001
605.78	0.001
605.97	0.000
606.16	0.001
606.36	0.000
606.55	0.000
606.75	-0.000
606.94	-0.000
607.14	-0.000
607.33	-0.000
607.52	0.000
607.72	-0.000
607.91	-0.001
608.11	-0.000
608.30	-0.001
608.50	-0.001
608.69	-0.001
608.88	-0.001
609.08	-0.001
609.27	-0.001
609.47	-0.001
609.66	-0.001
609.85	-0.001
610.05	-0.001
610.24	-0.001
610.44	-0.001
610.63	-0.001
610.83	-0.000
611.02	-0.001
611.21	-0.001
611.41	-0.001
611.60	-0.001
611.80	-0.001
611.99	-0.001
612.18	-0.001
612.38	-0.001
612.57	-0.001
612.76	-0.000
612.96	-0.000
613.15	-0.000
613.35	-0.000
613.54	-0.000
613.73	0.000
613.93	-0.000
614.12	-0.000
614.32	-0.000
614.51	-0.001
614.70	-0.001
614.90	-0.001
615.09	-0.001
615.28	-0.001
615.48	-0.001
615.67	-0.001
615.86	-0.001
616.06	-0.001
616.25	-0.001
616.45	-0.001
616.64	-0.001
616.83	-0.001
617.03	-0.000
617.22	-0.000
617.41	-0.000
617.61	-0.001
617.80	-0.001
617.99	-0.001
618.19	-0.001
618.38	-0.001
618.57	-0.001
618.77	-0.002
618.96	-0.002
619.15	-0.002
619.35	-0.001
619.54	-0.002
619.73	-0.002
619.93	-0.002
620.12	-0.002
620.31	-0.002
620.51	-0.001
620.70	-0.001
620.89	-0.001
621.09	-0.001
621.28	-0.001
621.47	-0.001
621.67	-0.001
621.86	-0.001
622.05	-0.001
622.25	-0.001
622.44	-0.001
622.63	-0.002
622.83	-0.002
623.02	-0.001
623.21	-0.001
623.41	-0.001
623.60	-0.001
623.79	-0.001
623.98	-0.001
624.18	-0.001
624.37	-0.001
624.56	-0.001
624.76	-0.001
624.95	-0.001
625.14	-0.001
625.33	-0.001
625.53	-0.001
625.72	-0.001
625.91	-0.001
626.11	-0.001
626.30	-0.000
626.49	-0.001
626.68	-0.000
626.88	-0.000
627.07	-0.000
627.26	-0.000
627.46	-0.001
627.65	-0.001
627.84	-0.001
628.03	-0.002
628.23	-0.002
628.42	-0.002
628.61	-0.002
628.80	-0.002
629.00	-0.002
629.19	-0.002
629.38	-0.001
629.58	-0.002
629.77	-0.002
629.96	-0.001
630.15	-0.002
630.35	-0.002
630.54	-0.002
630.73	-0.002
630.92	-0.001
631.12	-0.002
631.31	-0.002
631.50	-0.001
631.69	-0.002
631.89	-0.002
632.08	-0.002
632.27	-0.002
632.46	-0.002
632.65	-0.002
632.85	-0.002
633.04	-0.002
633.23	-0.002
633.42	-0.002
633.62	-0.002
633.81	-0.002
634.00	-0.003
634.19	-0.003
634.39	-0.003
634.58	-0.003
634.77	-0.003
634.96	-0.003
635.15	-0.003
635.35	-0.003
635.54	-0.003
635.73	-0.002
635.92	-0.002
636.11	-0.002
636.31	-0.002
636.50	-0.001
636.69	-0.001
636.88	-0.001
637.07	-0.001
637.27	-0.001
637.46	-0.001
637.65	-0.000
637.84	-0.001
638.03	-0.001
638.23	-0.001
638.42	-0.001
638.61	-0.001
638.80	-0.001
638.99	-0.002
639.19	-0.002
639.38	-0.002
639.57	-0.002
639.76	-0.002
639.95	-0.002
640.14	-0.002
640.34	-0.002
640.53	-0.002
640.72	-0.002
640.91	-0.002
641.10	-0.002
641.30	-0.002
641.49	-0.001
641.68	-0.002
641.87	-0.002
642.06	-0.002
642.25	-0.001
642.44	-0.002
642.64	-0.001
642.83	-0.001
643.02	-0.001
643.21	-0.002
643.40	-0.001
643.59	-0.001
643.79	-0.002
643.98	-0.002
644.17	-0.001
644.36	-0.002
644.55	-0.002
644.74	-0.002
644.93	-0.002
645.13	-0.002
645.32	-0.001
645.51	-0.001
645.70	-0.002
645.89	-0.003
646.08	-0.003
646.27	-0.003
646.46	-0.002
646.66	-0.003
646.85	-0.002
647.04	-0.003
647.23	-0.002
647.42	-0.002
647.61	-0.001
647.80	-0.001
647.99	-0.001
648.19	-0.001
648.38	-0.001
648.57	-0.001
648.76	-0.001
648.95	-0.001
649.14	-0.001
649.33	-0.002
649.52	-0.002
649.71	-0.003
649.91	-0.003
650.10	-0.003
650.29	-0.003
650.48	-0.003
650.67	-0.002
650.86	-0.003
651.05	-0.002
651.24	-0.002
651.43	-0.002
651.62	-0.002
651.81	-0.002
652.01	-0.002
652.20	-0.001
652.39	-0.002
652.58	-0.002
652.77	-0.002
652.96	-0.002
653.15	-0.002
653.34	-0.001
653.53	-0.001
653.72	-0.001
653.91	-0.001
654.10	-0.001
654.29	-0.001
654.48	-0.000
654.68	-0.001
654.87	-0.000
655.06	-0.000
655.25	-0.000
655.44	-0.001
655.63	-0.000
655.82	-0.000
656.01	-0.001
656.20	-0.001
656.39	-0.001
656.58	-0.001
656.77	-0.001
656.96	-0.001
657.15	-0.001
657.34	-0.001
657.53	-0.001
657.72	-0.000
657.91	-0.001
658.10	-0.001
658.29	-0.001
658.48	-0.001
658.68	-0.001
658.87	-0.001
659.06	-0.001
659.25	-0.002
659.44	-0.002
659.63	-0.002
659.82	-0.001
660.01	-0.001
660.20	-0.001
660.39	-0.001
660.58	-0.001
660.77	-0.002
660.96	-0.001
661.15	-0.002
661.34	-0.002
661.53	-0.002
661.72	-0.003
661.91	-0.003
662.10	-0.003
662.29	-0.003
662.48	-0.003
662.67	-0.003
662.86	-0.003
663.05	-0.002
663.24	-0.002
663.43	-0.001
663.62	-0.001
663.81	-0.001
664.00	-0.001
664.19	-0.001
664.38	-0.001
664.57	-0.002
664.76	-0.002
664.95	-0.002
665.14	-0.003
665.33	-0.003
665.52	-0.003
665.71	-0.003
665.90	-0.003
666.09	-0.003
666.28	-0.002
666.46	-0.002
666.65	-0.003
666.84	-0.002
667.03	-0.002
667.22	-0.002
667.41	-0.003
667.60	-0.003
667.79	-0.002
667.98	-0.002
668.17	-0.002
668.36	-0.002
668.55	-0.002
668.74	-0.002
668.93	-0.003
669.12	-0.003
669.31	-0.003
669.50	-0.003
669.69	-0.003
669.88	-0.003
670.07	-0.003
670.26	-0.003
670.44	-0.003
670.63	-0.003
670.82	-0.003
671.01	-0.003
671.20	-0.002
671.39	-0.002
671.58	-0.003
671.77	-0.003
671.96	-0.002
672.15	-0.002
672.34	-0.002
672.53	-0.002
672.72	-0.002
672.91	-0.002
673.09	-0.001
673.28	-0.001
673.47	-0.001
673.66	-0.002
673.85	-0.002
674.04	-0.002
674.23	-0.002
674.42	-0.002
674.61	-0.002
674.80	-0.002
674.98	-0.002
675.17	-0.002
675.36	-0.002
675.55	-0.002
675.74	-0.002
675.93	-0.002
676.12	-0.002
676.31	-0.002
676.50	-0.002
676.69	-0.002
676.87	-0.001
677.06	-0.001
677.25	-0.001
677.44	-0.001
677.63	-0.001
677.82	-0.001
678.01	-0.002
678.20	-0.002
678.38	-0.002
678.57	-0.002
678.76	-0.003
678.95	-0.003
679.14	-0.003
679.33	-0.003
679.52	-0.003
679.71	-0.003
679.89	-0.003
680.08	-0.003
680.27	-0.003
680.46	-0.003
680.65	-0.002
680.84	-0.002
681.02	-0.002
681.21	-0.002
681.40	-0.002
681.59	-0.002
681.78	-0.002
681.97	-0.002
682.16	-0.002
682.34	-0.001
682.53	-0.001
682.72	-0.001
682.91	-0.001
683.10	-0.001
683.29	-0.001
683.47	-0.001
683.66	-0.001
683.85	-0.001
684.04	-0.002
684.23	-0.002
684.42	-0.002
684.60	-0.002
684.79	-0.002
684.98	-0.002
685.17	-0.003
685.36	-0.003
685.54	-0.003
685.73	-0.003
685.92	-0.003
686.11	-0.003
686.30	-0.003
686.49	-0.003
686.67	-0.002
686.86	-0.002
687.05	-0.002
687.24	-0.001
687.43	-0.001
687.61	-0.001
687.80	-0.001
687.99	-0.001
688.18	-0.001
688.36	-0.001
688.55	-0.001
688.74	-0.002
688.93	-0.002
689.12	-0.001
689.30	-0.002
689.49	-0.002
689.68	-0.002
689.87	-0.002
690.06	-0.002
690.24	-0.003
690.43	-0.002
690.62	-0.002
690.81	-0.003
690.99	-0.003
691.18	-0.003
691.37	-0.003
691.56	-0.003
691.74	-0.003
691.93	-0.002
692.12	-0.002
692.31	-0.002
692.50	-0.002
692.68	-0.002
692.87	-0.002
693.06	-0.002
693.25	-0.002
693.43	-0.002
693.62	-0.002
693.81	-0.002
694.00	-0.001
694.18	-0.001
694.37	-0.002
694.56	-0.002
694.74	-0.002
694.93	-0.002
695.12	-0.002
695.31	-0.002
695.49	-0.002
695.68	-0.002
695.87	-0.003
696.06	-0.002
696.24	-0.003
696.43	-0.002
696.62	-0.002
696.80	-0.002
696.99	-0.002
697.18	-0.002
697.37	-0.002
697.55	-0.002
697.74	-0.002
697.93	-0.002
698.12	-0.002
698.30	-0.002
698.49	-0.002
698.68	-0.002
698.86	-0.002
699.05	-0.002
699.24	-0.002
699.42	-0.002
699.61	-0.003
699.80	-0.003
699.99	-0.003
700.17	-0.003
700.36	-0.003
700.55	-0.003
700.73	-0.003
700.92	-0.003
701.11	-0.003
701.29	-0.002
701.48	-0.002
701.67	-0.002
701.85	-0.002
702.04	-0.002
702.23	-0.002
702.41	-0.002
702.60	-0.002
702.79	-0.002
702.97	-0.002
703.16	-0.002
703.35	-0.002
703.53	-0.002
703.72	-0.002
703.91	-0.001
704.09	-0.002
704.28	-0.002
704.47	-0.002
704.65	-0.002
704.84	-0.002
705.03	-0.002
705.21	-0.002
705.40	-0.002
705.59	-0.002
705.77	-0.002
705.96	-0.002
706.15	-0.002
706.33	-0.002
706.52	-0.002
706.71	-0.001
706.89	-0.002
707.08	-0.002
707.26	-0.002
707.45	-0.002
707.64	-0.001
707.82	-0.001
708.01	-0.001
708.20	-0.001
708.38	-0.001
708.57	-0.001
708.75	-0.001
708.94	-0.001
709.13	-0.001
709.31	-0.002
709.50	-0.002
709.69	-0.002
709.87	-0.002
710.06	-0.002
710.24	-0.002
710.43	-0.003
710.62	-0.002
710.80	-0.003
710.99	-0.003
711.17	-0.003
711.36	-0.002
711.55	-0.002
711.73	-0.002
711.92	-0.002
712.10	-0.002
712.29	-0.002
712.48	-0.001
712.66	-0.001
712.85	-0.001
713.03	-0.001
713.22	-0.001
713.40	-0.001
713.59	-0.001
713.78	-0.001
713.96	-0.001
714.15	-0.002
714.33	-0.001
714.52	-0.001
714.71	-0.002
714.89	-0.002
715.08	-0.003
715.26	-0.002
715.45	-0.002
715.63	-0.002
715.82	-0.002
716.00	-0.002
716.19	-0.002
716.38	-0.002
716.56	-0.002
716.75	-0.002
716.93	-0.002
717.12	-0.002
717.30	-0.002
717.49	-0.002
717.67	-0.001
717.86	-0.002
718.05	-0.001
718.23	-0.001
718.42	-0.001
718.60	-0.001
718.79	-0.001
718.97	-0.001
719.16	-0.001
719.34	-0.002
719.53	-0.002
719.71	-0.002
719.90	-0.002
720.08	-0.002
720.27	-0.003
720.45	-0.003
720.64	-0.003
720.83	-0.003
721.01	-0.003
721.20	-0.003
721.38	-0.003
721.57	-0.003
721.75	-0.003
721.94	-0.003
722.12	-0.002
722.31	-0.002
722.49	-0.002
722.68	-0.003
722.86	-0.002
723.05	-0.002
723.23	-0.002
723.42	-0.002
723.60	-0.002
723.79	-0.002
723.97	-0.002
724.16	-0.002
724.34	-0.001
724.53	-0.001
724.71	-0.001
724.90	-0.001
725.08	-0.002
725.27	-0.002
725.45	-0.001
725.64	-0.002
725.82	-0.002
726.00	-0.002
726.19	-0.002
726.37	-0.002
726.56	-0.002
726.74	-0.002
726.93	-0.002
727.11	-0.002
727.30	-0.002
727.48	-0.002
727.67	-0.002
727.85	-0.002
728.04	-0.002
728.22	-0.002
728.40	-0.002
728.59	-0.002
728.77	-0.002
728.96	-0.002
729.14	-0.002
729.33	-0.002
729.51	-0.002
729.70	-0.002
729.88	-0.002
730.07	-0.002
730.25	-0.002
730.43	-0.002
730.62	-0.002
730.80	-0.002
730.99	-0.002
731.17	-0.002
731.36	-0.002
731.54	-0.001
731.72	-0.002
731.91	-0.002
732.09	-0.001
732.28	-0.002
732.46	-0.002
732.65	-0.001
732.83	-0.002
733.01	-0.002
733.20	-0.002
733.38	-0.002
733.57	-0.002
733.75	-0.003
733.93	-0.002
734.12	-0.002
734.30	-0.002
734.49	-0.002
734.67	-0.002
734.85	-0.002
735.04	-0.002
735.22	-0.001
735.41	-0.001
735.59	-0.002
735.77	-0.001
735.96	-0.001
736.14	-0.001
736.33	-0.001
736.51	-0.002
736.69	-0.001
736.88	-0.002
737.06	-0.001
737.25	-0.001
737.43	-0.002
737.61	-0.002
737.80	-0.002
737.98	-0.002
738.16	-0.001
738.35	-0.002
738.53	-0.002
738.71	-0.002
738.90	-0.003
739.08	-0.002
739.27	-0.002
739.45	-0.002
739.63	-0.002
739.82	-0.002
740.00	-0.003
740.18	-0.003
740.37	-0.003
740.55	-0.003
740.73	-0.003
740.92	-0.003
741.10	-0.003
741.28	-0.003
741.47	-0.002
741.65	-0.001
741.83	-0.001
742.02	-0.001
742.20	-0.001
742.38	-0.001
742.57	-0.002
742.75	-0.002
742.93	-0.002
743.12	-0.003
743.30	-0.004
743.48	-0.003
743.67	-0.003
743.85	-0.003
744.03	-0.003
744.22	-0.003
744.40	-0.002
744.58	-0.002
744.77	-0.001
744.95	-0.001
745.13	-0.002
745.32	-0.002
745.50	-0.002
745.68	-0.002
745.87	-0.002
746.05	-0.002
746.23	-0.002
746.41	-0.002
746.60	-0.002
746.78	-0.002
746.96	-0.002
747.15	-0.002
747.33	-0.002
747.51	-0.002
747.70	-0.002
747.88	-0.003
748.06	-0.003
748.24	-0.002
748.43	-0.002
748.61	-0.002
748.79	-0.002
748.97	-0.002
749.16	-0.002
749.34	-0.002
749.52	-0.002
749.71	-0.002
749.89	-0.002
750.07	-0.003
750.25	-0.003
750.44	-0.003
750.62	-0.003
750.80	-0.003
750.98	-0.003
751.17	-0.003
751.35	-0.003
751.53	-0.003
751.71	-0.003
751.90	-0.003
752.08	-0.003
752.26	-0.003
752.44	-0.003
752.63	-0.003
752.81	-0.003
752.99	-0.004
753.17	-0.004
753.36	-0.004
753.54	-0.004
753.72	-0.004
753.90	-0.004
754.09	-0.004
754.27	-0.004
754.45	-0.003
754.63	-0.003
754.82	-0.003
755.00	-0.003
755.18	-0.003
755.36	-0.002
755.54	-0.002
755.73	-0.002
755.91	-0.002
756.09	-0.002
756.27	-0.002
756.45	-0.002
756.64	-0.002
756.82	-0.002
757.00	-0.002
757.18	-0.002
757.37	-0.002
757.55	-0.002
757.73	-0.003
757.91	-0.002
758.09	-0.003
758.27	-0.003
758.46	-0.003
758.64	-0.003
758.82	-0.003
759.00	-0.003
759.18	-0.003
759.37	-0.002
759.55	-0.002
759.73	-0.002
759.91	-0.001
760.09	-0.002
760.28	-0.002
760.46	-0.002
760.64	-0.002
760.82	-0.002
761.00	-0.002
761.18	-0.002
761.37	-0.002
761.55	-0.003
761.73	-0.002
761.91	-0.002
762.09	-0.002
762.27	-0.002
762.46	-0.002
762.64	-0.002
762.82	-0.002
763.00	-0.002
763.18	-0.001
763.36	-0.001
763.54	-0.002
763.73	-0.002
763.91	-0.002
764.09	-0.002
764.27	-0.002
764.45	-0.002
764.63	-0.003
764.81	-0.003
765.00	-0.003
765.18	-0.003
765.36	-0.003
765.54	-0.003
765.72	-0.002
765.90	-0.003
766.08	-0.003
766.27	-0.002
766.45	-0.002
766.63	-0.002
766.81	-0.002
766.99	-0.002
767.17	-0.002
767.35	-0.002
767.53	-0.002
767.71	-0.002
767.90	-0.002
768.08	-0.002
768.26	-0.002
768.44	-0.003
768.62	-0.003
768.80	-0.002
768.98	-0.002
769.16	-0.002
769.34	-0.003
769.52	-0.003
769.71	-0.002
769.89	-0.002
770.07	-0.002
770.25	-0.002
770.43	-0.002
770.61	-0.002
770.79	-0.002
770.97	-0.002
771.15	-0.002
771.33	-0.003
771.51	-0.003
771.69	-0.003
771.88	-0.003
772.06	-0.003
772.24	-0.003
772.42	-0.003
772.60	-0.003
772.78	-0.003
772.96	-0.003
773.14	-0.003
773.32	-0.003
773.50	-0.003
773.68	-0.002
773.86	-0.002
774.04	-0.002
774.22	-0.002
774.40	-0.002
774.58	-0.002
774.77	-0.003
774.95	-0.003
775.13	-0.002
775.31	-0.002
775.49	-0.002
775.67	-0.002
775.85	-0.002
776.03	-0.002
776.21	-0.003
776.39	-0.003
776.57	-0.003
776.75	-0.003
776.93	-0.003
777.11	-0.003
777.29	-0.003
777.47	-0.003
777.65	-0.003
777.83	-0.003
778.01	-0.003
778.19	-0.003
778.37	-0.002
778.55	-0.003
778.73	-0.003
778.91	-0.003
779.09	-0.003
779.27	-0.003
779.45	-0.003
779.63	-0.002
779.81	-0.003
779.99	-0.003
780.17	-0.003
780.35	-0.002
780.53	-0.002
780.71	-0.002
780.89	-0.002
781.07	-0.002
781.25	-0.002
781.43	-0.002
781.61	-0.002
781.79	-0.002
781.97	-0.002
782.15	-0.002
782.33	-0.002
782.51	-0.002
782.69	-0.003
782.87	-0.002
783.05	-0.003
783.23	-0.003
783.41	-0.003
783.59	-0.003
783.77	-0.003
783.95	-0.003
784.13	-0.003
784.31	-0.003
784.49	-0.003
784.67	-0.003
784.85	-0.002
785.03	-0.002
785.21	-0.002
785.38	-0.002
785.56	-0.002
785.74	-0.002
785.92	-0.002
786.10	-0.002
786.28	-0.003
786.46	-0.003
786.64	-0.003
786.82	-0.003
787.00	-0.003
787.18	-0.003
787.36	-0.003
787.54	-0.003
787.72	-0.003
787.90	-0.003
788.08	-0.003
788.25	-0.003
788.43	-0.003
788.61	-0.003
788.79	-0.003
788.97	-0.002
789.15	-0.002
789.33	-0.002
789.51	-0.001
789.69	-0.001
789.87	-0.001
790.05	-0.002
790.23	-0.001
790.40	-0.001
790.58	-0.001
790.76	-0.002
790.94	-0.002
791.12	-0.002
791.30	-0.002
791.48	-0.002
791.66	-0.002
791.84	-0.002
792.02	-0.002
792.19	-0.002
792.37	-0.002
792.55	-0.002
792.73	-0.002
792.91	-0.002
793.09	-0.002
793.27	-0.002
793.45	-0.002
793.63	-0.002
793.80	-0.002
793.98	-0.001
794.16	-0.002
794.34	-0.002
794.52	-0.002
794.70	-0.002
794.88	-0.002
795.05	-0.002
795.23	-0.002
795.41	-0.002
795.59	-0.002
795.77	-0.002
795.95	-0.002
796.13	-0.002
796.30	-0.002
796.48	-0.003
796.66	-0.003
796.84	-0.002
797.02	-0.002
797.20	-0.002
797.38	-0.003
797.55	-0.002
797.73	-0.002
797.91	-0.003
798.09	-0.003
798.27	-0.002
798.45	-0.002
798.62	-0.002
798.80	-0.002
798.98	-0.002
799.16	-0.002
799.34	-0.002
799.52	-0.002
799.69	-0.002
799.87	-0.002
800.05	-0.002
800.23	-0.002
800.41	-0.002
800.58	-0.002
800.76	-0.002
800.94	-0.001
801.12	-0.002
801.30	-0.001
801.47	-0.001
801.65	-0.002
801.83	-0.002
802.01	-0.002
802.19	-0.002
802.36	-0.002
802.54	-0.003
802.72	-0.002
802.90	-0.002
803.08	-0.003
803.25	-0.002
803.43	-0.002
803.61	-0.002
803.79	-0.002
803.97	-0.002
804.14	-0.002
804.32	-0.002
804.50	-0.002
804.68	-0.002
804.85	-0.002
805.03	-0.002
805.21	-0.002
805.39	-0.003
805.56	-0.003
805.74	-0.003
805.92	-0.004
806.10	-0.004
806.28	-0.003
806.45	-0.003
806.63	-0.004
806.81	-0.003
806.99	-0.003
807.16	-0.003
807.34	-0.003
807.52	-0.003
807.70	-0.002
807.87	-0.003
808.05	-0.003
808.23	-0.003
808.41	-0.003
808.58	-0.003
808.76	-0.003
808.94	-0.003
809.11	-0.004
809.29	-0.004
809.47	-0.004
809.65	-0.004
809.82	-0.003
810.00	-0.003
810.18	-0.003
810.36	-0.003
810.53	-0.003
810.71	-0.003
810.89	-0.002
811.06	-0.003
811.24	-0.003
811.42	-0.003
811.60	-0.002
811.77	-0.003
811.95	-0.003
812.13	-0.002
812.30	-0.002
812.48	-0.002
812.66	-0.002
812.83	-0.002
813.01	-0.002
813.19	-0.002
813.37	-0.002
813.54	-0.003
813.72	-0.003
813.90	-0.003
814.07	-0.003
814.25	-0.004
814.43	-0.004
814.60	-0.003
814.78	-0.003
814.96	-0.003
815.13	-0.003
815.31	-0.003
815.49	-0.003
815.66	-0.003
815.84	-0.003
816.02	-0.003
816.19	-0.003
816.37	-0.004
816.55	-0.003
816.72	-0.003
816.90	-0.004
817.08	-0.003
817.25	-0.003
817.43	-0.004
817.61	-0.004
817.78	-0.003
817.96	-0.003
818.14	-0.003
818.31	-0.003
818.49	-0.003
818.67	-0.004
818.84	-0.003
819.02	-0.003
819.19	-0.003
819.37	-0.004
819.55	-0.004
819.72	-0.004
819.90	-0.004
820.08	-0.003
820.25	-0.003
820.43	-0.003
820.60	-0.003
820.78	-0.003
820.96	-0.002
821.13	-0.002
821.31	-0.002
821.49	-0.002
821.66	-0.002
821.84	-0.003
822.01	-0.003
822.19	-0.003
822.37	-0.003
822.54	-0.003
822.72	-0.003
822.89	-0.003
823.07	-0.003
823.25	-0.003
823.42	-0.003
823.60	-0.004
823.77	-0.003
823.95	-0.003
824.13	-0.002
824.30	-0.002
824.48	-0.002
824.65	-0.002
824.83	-0.002
825.01	-0.001
825.18	-0.001
825.36	-0.002
825.53	-0.002
825.71	-0.002
825.88	-0.002
826.06	-0.002
826.24	-0.002
826.41	-0.002
826.59	-0.002
826.76	-0.002
826.94	-0.002
827.11	-0.002
827.29	-0.002
827.47	-0.003
827.64	-0.003
827.82	-0.002
827.99	-0.002
828.17	-0.003
828.34	-0.003
828.52	-0.003
828.69	-0.002
828.87	-0.002
829.04	-0.002
829.22	-0.003
829.40	-0.003
829.57	-0.003
829.75	-0.002
829.92	-0.003
830.10	-0.003
830.27	-0.003
830.45	-0.003
830.62	-0.003
830.80	-0.003
830.97	-0.003
831.15	-0.003
831.32	-0.003
831.50	-0.003
831.67	-0.003
831.85	-0.003
832.02	-0.004
832.20	-0.004
832.37	-0.004
832.55	-0.003
832.73	-0.003
832.90	-0.003
833.08	-0.004
833.25	-0.004
833.43	-0.003
833.60	-0.002
833.78	-0.002
833.95	-0.002
834.13	-0.002
834.30	-0.002
834.48	-0.002
834.65	-0.002
834.82	-0.002
835.00	-0.002
835.17	-0.003
835.35	-0.003
835.52	-0.003
835.70	-0.002
835.87	-0.003
836.05	-0.003
836.22	-0.003
836.40	-0.004
836.57	-0.004
836.75	-0.004
836.92	-0.004
837.10	-0.005
837.27	-0.005
837.45	-0.004
837.62	-0.004
837.80	-0.004
837.97	-0.003
838.14	-0.004
838.32	-0.003
838.49	-0.003
838.67	-0.003
838.84	-0.004
839.02	-0.004
839.19	-0.004
839.37	-0.004
839.54	-0.004
839.71	-0.004
839.89	-0.005
840.06	-0.004
840.24	-0.004
840.41	-0.003
840.59	-0.003
840.76	-0.003
840.94	-0.002
841.11	-0.001
841.28	-0.001
841.46	-0.002
841.63	-0.002
841.81	-0.002
841.98	-0.003
842.15	-0.002
842.33	-0.003
842.50	-0.003
842.68	-0.003
842.85	-0.003
843.03	-0.003
843.20	-0.002
843.37	-0.002
843.55	-0.002
843.72	-0.002
843.90	-0.002
844.07	-0.002
844.24	-0.002
844.42	-0.002
844.59	-0.002
844.77	-0.002
844.94	-0.002
845.11	-0.002
845.29	-0.002
845.46	-0.002
845.63	-0.002
845.81	-0.002
845.98	-0.002
846.16	-0.002
846.33	-0.002
846.50	-0.002
846.68	-0.002
846.85	-0.003
847.02	-0.003
847.20	-0.002
847.37	-0.002
847.55	-0.002
847.72	-0.002
847.89	-0.003
848.07	-0.003
848.24	-0.003
848.41	-0.003
848.59	-0.003
848.76	-0.003
848.93	-0.003
849.11	-0.003
849.28	-0.003
849.45	-0.002
849.63	-0.002
849.80	-0.002
849.97	-0.002
850.15	-0.002
850.32	-0.002
850.49	-0.002
850.67	-0.002
850.84	-0.002
851.01	-0.003
851.19	-0.003
851.36	-0.003
851.53	-0.003
851.71	-0.003
851.88	-0.003
852.05	-0.003
852.23	-0.003
852.40	-0.003
852.57	-0.003
852.75	-0.003
852.92	-0.003
853.09	-0.003
853.27	-0.003
853.44	-0.002
853.61	-0.003
853.79	-0.003
853.96	-0.003
854.13	-0.004
854.30	-0.004
854.48	-0.004
854.65	-0.003
854.82	-0.003
855.00	-0.004
855.17	-0.004
855.34	-0.004
855.51	-0.004
855.69	-0.004
855.86	-0.004
856.03	-0.005
856.21	-0.005
856.38	-0.006
856.55	-0.005
856.72	-0.005
856.90	-0.004
857.07	-0.004
857.24	-0.004
857.42	-0.003
857.59	-0.003
857.76	-0.003
857.93	-0.002
858.11	-0.002
858.28	-0.003
858.45	-0.003
858.62	-0.003
858.80	-0.003
858.97	-0.003
859.14	-0.002
859.31	-0.002
859.49	-0.003
859.66	-0.003
859.83	-0.003
860.00	-0.004
860.18	-0.003
860.35	-0.004
860.52	-0.003
860.69	-0.003
860.86	-0.003
861.04	-0.003
861.21	-0.003
861.38	-0.002
861.55	-0.002
861.73	-0.003
861.90	-0.003
862.07	-0.004
862.24	-0.004
862.42	-0.003
862.59	-0.003
862.76	-0.003
862.93	-0.003
863.10	-0.003
863.28	-0.002
863.45	-0.002
863.62	-0.001
863.79	-0.002
863.96	-0.002
864.14	-0.003
864.31	-0.003
864.48	-0.004
864.65	-0.003
864.82	-0.003
865.00	-0.002
865.17	-0.003
865.34	-0.003
865.51	-0.004
865.68	-0.003
865.86	-0.003
866.03	-0.003
866.20	-0.003
866.37	-0.004
866.54	-0.004
866.71	-0.004
866.89	-0.004
867.06	-0.003
867.23	-0.004
867.40	-0.003
867.57	-0.003
867.74	-0.003
867.92	-0.004
868.09	-0.003
868.26	-0.003
868.43	-0.004
868.60	-0.004
868.77	-0.004
868.95	-0.004
869.12	-0.005
869.29	-0.005
869.46	-0.005
869.63	-0.005
869.80	-0.004
869.97	-0.004
870.15	-0.004
870.32	-0.003
870.49	-0.003
870.66	-0.002
870.83	-0.002
871.00	-0.002
871.17	-0.002
871.34	-0.002
871.52	-0.001
871.69	-0.001
871.86	-0.001
872.03	-0.002
872.20	-0.002
872.37	-0.003
872.54	-0.002
872.71	-0.002
872.89	-0.003
873.06	-0.004
873.23	-0.005
873.40	-0.005
873.57	-0.005
873.74	-0.006
873.91	-0.006
874.08	-0.006
874.25	-0.006
874.42	-0.005
874.60	-0.004
874.77	-0.004
874.94	-0.003
875.11	-0.003
875.28	-0.003
875.45	-0.002
875.62	-0.001
875.79	-0.002
875.96	-0.003
876.13	-0.004
876.30	-0.003
876.47	-0.004
876.65	-0.004
876.82	-0.004
876.99	-0.004
877.16	-0.005
877.33	-0.005
877.50	-0.006
877.67	-0.005
877.84	-0.005
878.01	-0.005
878.18	-0.004
878.35	-0.005
878.52	-0.005
878.69	-0.005
878.86	-0.005
879.03	-0.004
879.20	-0.004
879.38	-0.004
879.55	-0.004
879.72	-0.004
879.89	-0.004
880.06	-0.004
880.23	-0.005
880.40	-0.005
880.57	-0.005
880.74	-0.005
880.91	-0.006
881.08	-0.005
881.25	-0.006
881.42	-0.006
881.59	-0.005
881.76	-0.004
881.93	-0.003
882.10	-0.004
882.27	-0.003
882.44	-0.003
882.61	-0.003
882.78	-0.003
882.95	-0.003
883.12	-0.004
883.29	-0.004
883.46	-0.005
883.63	-0.004
883.80	-0.004
883.97	-0.004
884.14	-0.003
884.31	-0.004
884.48	-0.004
884.65	-0.003
884.82	-0.004
884.99	-0.004
885.16	-0.004
885.33	-0.005
885.50	-0.005
885.67	-0.005
885.84	-0.004
886.01	-0.004
886.18	-0.004
886.35	-0.003
886.52	-0.003
886.69	-0.002
886.86	-0.003
887.03	-0.003
887.20	-0.004
887.37	-0.005
887.54	-0.004
887.71	-0.005
887.88	-0.005
888.05	-0.005
888.22	-0.006
888.39	-0.006
888.55	-0.006
888.72	-0.006
888.89	-0.005
889.06	-0.006
889.23	-0.006
889.40	-0.006
889.57	-0.005
889.74	-0.005
889.91	-0.005
890.08	-0.005
890.25	-0.005
890.42	-0.005
890.59	-0.005
890.76	-0.005
890.93	-0.006
891.10	-0.007
891.26	-0.006
891.43	-0.007
891.60	-0.007
891.77	-0.007
891.94	-0.007
892.11	-0.006
892.28	-0.007
892.45	-0.007
892.62	-0.006
892.79	-0.006
892.96	-0.005
893.13	-0.005
893.29	-0.005
893.46	-0.005
893.63	-0.006
893.80	-0.004
893.97	-0.004
894.14	-0.004
894.31	-0.004
894.48	-0.000
894.65	-0.010
894.81	0.005
894.98	-0.006
