177.34	-0.000
177.56	-0.000
177.78	-0.000
178.00	-0.000
178.22	-0.000
178.44	-0.110
178.66	0.113
178.89	0.226
179.11	-0.027
179.33	-0.032
179.55	0.034
179.77	0.068
179.99	0.105
180.21	0.098
180.43	0.194
180.65	0.114
180.87	0.148
181.09	0.251
181.31	0.220
181.53	0.233
181.75	0.251
181.97	0.267
182.19	0.268
182.41	0.263
182.63	0.302
182.85	0.360
183.07	0.328
183.30	0.390
183.52	0.400
183.74	0.365
183.96	0.344
184.18	0.370
184.40	0.326
184.62	0.330
184.84	0.301
185.06	0.289
185.28	0.283
185.50	0.297
185.72	0.314
185.94	0.318
186.16	0.344
186.38	0.400
186.60	0.470
186.82	0.470
187.04	0.561
187.26	0.577
187.48	0.609
187.70	0.628
187.92	0.689
188.14	0.750
188.36	0.760
188.58	0.764
188.80	0.847
189.02	0.933
189.24	0.950
189.46	0.978
189.68	1.019
189.90	1.077
190.12	1.059
190.34	1.120
190.56	1.135
190.78	1.160
191.00	1.072
191.22	1.095
191.44	1.087
191.66	1.090
191.88	1.125
192.10	1.171
192.32	1.204
192.54	1.173
192.76	1.183
192.98	1.168
193.20	1.176
193.42	1.206
193.64	1.217
193.86	1.189
194.08	1.180
194.30	1.219
194.52	1.265
194.74	1.251
194.96	1.283
195.18	1.339
195.40	1.341
195.62	1.335
195.84	1.360
196.06	1.372
196.28	1.343
196.50	1.362
196.72	1.305
196.94	1.303
197.16	1.295
197.38	1.310
197.60	1.361
197.82	1.357
198.04	1.352
198.26	1.393
198.48	1.401
198.70	1.555
198.92	1.639
199.13	1.663
199.35	1.693
199.57	1.744
199.79	1.717
200.01	1.704
200.23	1.686
200.45	1.664
200.67	1.708
200.89	1.626
201.11	1.608
201.33	1.602
201.55	1.555
201.77	1.571
201.99	1.608
202.21	1.590
202.43	1.600
202.65	1.520
202.87	1.538
203.09	1.556
203.31	1.560
203.52	1.579
203.74	1.597
203.96	1.624
204.18	1.668
204.40	1.685
204.62	1.754
204.84	1.825
205.06	1.847
205.28	1.871
205.50	1.922
205.72	1.909
205.94	1.846
206.16	1.864
206.38	1.850
206.59	1.856
206.81	1.850
207.03	1.912
207.25	1.923
207.47	1.891
207.69	1.917
207.91	1.949
208.13	1.862
208.35	1.910
208.57	1.882
208.79	1.871
209.01	1.845
209.22	1.851
209.44	1.833
209.66	1.819
209.88	1.847
210.10	1.877
210.32	1.907
210.54	1.935
210.76	1.951
210.98	1.968
211.20	1.953
211.42	1.969
211.63	2.024
211.85	1.979
212.07	2.013
212.29	1.965
212.51	1.965
212.73	1.983
212.95	1.980
213.17	2.001
213.39	2.056
213.60	2.015
213.82	1.996
214.04	1.998
214.26	2.060
214.48	2.076
214.70	2.075
214.92	2.049
215.14	2.032
215.35	2.019
215.57	2.052
215.79	2.096
216.01	2.086
216.23	2.059
216.45	2.026
216.67	2.008
216.89	2.050
217.10	2.080
217.32	2.075
217.54	2.073
217.76	2.091
217.98	2.132
218.20	2.142
218.42	2.180
218.64	2.215
218.85	2.139
219.07	2.129
219.29	2.154
219.51	2.174
219.73	2.175
219.95	2.176
220.17	2.155
220.38	2.154
220.60	2.142
220.82	2.190
221.04	2.246
221.26	2.265
221.48	2.243
221.69	2.253
221.91	2.239
222.13	2.226
222.35	2.254
222.57	2.280
222.79	2.284
223.00	2.237
223.22	2.188
223.44	2.195
223.66	2.176
223.88	2.203
224.10	2.249
224.32	2.209
224.53	2.206
224.75	2.203
224.97	2.262
225.19	2.282
225.41	2.276
225.62	2.326
225.84	2.312
226.06	2.308
226.28	2.324
226.50	2.375
226.72	2.397
226.93	2.318
227.15	2.340
227.37	2.363
227.59	2.367
227.81	2.349
228.02	2.359
228.24	2.398
228.46	2.432
228.68	2.424
228.90	2.437
229.12	2.465
229.33	2.469
229.55	2.452
229.77	2.454
229.99	2.482
230.21	2.433
230.42	2.336
230.64	2.343
230.86	2.395
231.08	2.381
231.30	2.371
231.51	2.343
231.73	2.343
231.95	2.341
232.17	2.353
232.38	2.396
232.60	2.439
232.82	2.415
233.04	2.388
233.26	2.378
233.47	2.395
233.69	2.370
233.91	2.341
234.13	2.352
234.35	2.338
234.56	2.316
234.78	2.325
235.00	2.345
235.22	2.348
235.43	2.361
235.65	2.394
235.87	2.394
236.09	2.386
236.30	2.407
236.52	2.386
236.74	2.339
236.96	2.330
237.18	2.329
237.39	2.322
237.61	2.315
237.83	2.308
238.05	2.304
238.26	2.273
238.48	2.253
238.70	2.278
238.92	2.281
239.13	2.269
239.35	2.256
239.57	2.244
239.79	2.231
240.00	2.220
240.22	2.207
240.44	2.194
240.66	2.158
240.87	2.146
241.09	2.156
241.31	2.151
241.53	2.149
241.74	2.156
241.96	2.148
242.18	2.161
242.40	2.171
242.61	2.181
242.83	2.175
243.05	2.163
243.27	2.160
243.48	2.143
243.70	2.132
243.92	2.127
244.13	2.120
244.35	2.114
244.57	2.114
244.79	2.117
245.00	2.109
245.22	2.110
245.44	2.111
245.65	2.110
245.87	2.114
246.09	2.101
246.31	2.094
246.52	2.088
246.74	2.078
246.96	2.080
247.18	2.070
247.39	2.068
247.61	2.061
247.83	2.049
248.04	2.049
248.26	2.046
248.48	2.051
248.69	2.040
248.91	2.034
249.13	2.025
249.35	2.027
249.56	2.025
249.78	2.027
250.00	2.019
250.21	2.021
250.43	2.009
250.65	2.023
250.86	2.016
251.08	2.023
251.30	2.025
251.51	2.026
251.73	2.015
251.95	2.024
252.17	2.021
252.38	2.018
252.60	2.004
252.82	2.002
253.03	1.996
253.25	1.982
253.47	1.983
253.68	1.982
253.90	1.975
254.12	1.973
254.33	1.965
254.55	1.967
254.77	1.965
254.98	1.961
255.20	1.962
255.42	1.952
255.63	1.962
255.85	1.962
256.07	1.961
256.28	1.967
256.50	1.963
256.72	1.972
256.93	1.978
257.15	1.976
257.37	1.973
257.58	1.966
257.80	1.972
258.02	1.976
258.23	1.969
258.45	1.967
258.67	1.958
258.88	1.949
259.10	1.951
259.32	1.956
259.53	1.959
259.75	1.950
259.96	1.939
260.18	1.942
260.40	1.938
260.61	1.933
260.83	1.935
261.05	1.927
261.26	1.918
261.48	1.907
261.70	1.908
261.91	1.909
262.13	1.906
262.34	1.907
262.56	1.911
262.78	1.906
262.99	1.911
263.21	1.915
263.43	1.917
263.64	1.916
263.86	1.921
264.07	1.914
264.29	1.908
264.51	1.900
264.72	1.900
264.94	1.903
265.16	1.903
265.37	1.902
265.59	1.899
265.80	1.889
266.02	1.890
266.24	1.899
266.45	1.899
266.67	1.897
266.88	1.886
267.10	1.877
267.32	1.873
267.53	1.872
267.75	1.871
267.96	1.867
268.18	1.859
268.40	1.859
268.61	1.855
268.83	1.854
269.04	1.853
269.26	1.850
269.48	1.842
269.69	1.840
269.91	1.843
270.12	1.843
270.34	1.838
270.56	1.837
270.77	1.833
270.99	1.832
271.20	1.828
271.42	1.822
271.64	1.819
271.85	1.811
272.07	1.804
272.28	1.797
272.50	1.794
272.71	1.794
272.93	1.789
273.15	1.790
273.36	1.788
273.58	1.780
273.79	1.781
274.01	1.777
274.22	1.772
274.44	1.768
274.66	1.765
274.87	1.755
275.09	1.746
275.30	1.748
275.52	1.744
275.73	1.736
275.95	1.733
276.16	1.726
276.38	1.719
276.60	1.711
276.81	1.706
277.03	1.703
277.24	1.695
277.46	1.689
277.67	1.684
277.89	1.677
278.10	1.677
278.32	1.668
278.53	1.661
278.75	1.661
278.97	1.659
279.18	1.653
279.40	1.651
279.61	1.645
279.83	1.640
280.04	1.637
280.26	1.632
280.47	1.629
280.69	1.623
280.90	1.618
281.12	1.609
281.33	1.601
281.55	1.596
281.76	1.592
281.98	1.583
282.20	1.579
282.41	1.573
282.63	1.565
282.84	1.555
283.06	1.553
283.27	1.544
283.49	1.535
283.70	1.531
283.92	1.523
284.13	1.517
284.35	1.509
284.56	1.500
284.78	1.490
284.99	1.479
285.21	1.474
285.42	1.468
285.64	1.459
285.85	1.448
286.07	1.440
286.28	1.431
286.50	1.425
286.71	1.418
286.93	1.412
287.14	1.401
287.36	1.391
287.57	1.380
287.79	1.374
288.00	1.366
288.22	1.358
288.43	1.349
288.65	1.341
288.86	1.334
289.08	1.324
289.29	1.315
289.51	1.308
289.72	1.301
289.94	1.293
290.15	1.285
290.37	1.277
290.58	1.270
290.80	1.262
291.01	1.257
291.22	1.252
291.44	1.244
291.65	1.234
291.87	1.226
292.08	1.218
292.30	1.212
292.51	1.204
292.73	1.196
292.94	1.188
293.16	1.181
293.37	1.174
293.59	1.166
293.80	1.160
294.02	1.151
294.23	1.143
294.44	1.134
294.66	1.129
294.87	1.121
295.09	1.115
295.30	1.109
295.52	1.102
295.73	1.095
295.95	1.091
296.16	1.086
296.37	1.080
296.59	1.072
296.80	1.067
297.02	1.060
297.23	1.054
297.45	1.048
297.66	1.041
297.88	1.036
298.09	1.030
298.30	1.025
298.52	1.019
298.73	1.013
298.95	1.007
299.16	1.000
299.38	0.995
299.59	0.991
299.80	0.983
300.02	0.978
300.23	0.973
300.45	0.968
300.66	0.963
300.88	0.958
301.09	0.954
301.30	0.949
301.52	0.942
301.73	0.937
301.95	0.931
302.16	0.925
302.37	0.920
302.59	0.916
302.80	0.909
303.02	0.904
303.23	0.899
303.45	0.895
303.66	0.891
303.87	0.886
304.09	0.883
304.30	0.879
304.52	0.874
304.73	0.870
304.94	0.866
305.16	0.863
305.37	0.858
305.59	0.854
305.80	0.850
306.01	0.845
306.23	0.840
306.44	0.835
306.65	0.830
306.87	0.826
307.08	0.821
307.30	0.817
307.51	0.814
307.72	0.811
307.94	0.807
308.15	0.803
308.37	0.801
308.58	0.797
308.79	0.794
309.01	0.790
309.22	0.786
309.43	0.782
309.65	0.777
309.86	0.774
310.07	0.770
310.29	0.765
310.50	0.761
310.72	0.757
310.93	0.754
311.14	0.749
311.36	0.746
311.57	0.742
311.78	0.738
312.00	0.735
312.21	0.731
312.42	0.728
312.64	0.725
312.85	0.720
313.07	0.718
313.28	0.714
313.49	0.711
313.71	0.707
313.92	0.704
314.13	0.701
314.35	0.697
314.56	0.694
314.77	0.691
314.99	0.688
315.20	0.684
315.41	0.682
315.63	0.678
315.84	0.674
316.05	0.672
316.27	0.668
316.48	0.665
316.69	0.661
316.91	0.659
317.12	0.656
317.33	0.652
317.55	0.649
317.76	0.647
317.97	0.645
318.19	0.642
318.40	0.639
318.61	0.636
318.83	0.632
319.04	0.629
319.25	0.626
319.47	0.623
319.68	0.620
319.89	0.616
320.10	0.612
320.32	0.609
320.53	0.606
320.74	0.604
320.96	0.601
321.17	0.599
321.38	0.596
321.60	0.593
321.81	0.591
322.02	0.588
322.24	0.585
322.45	0.583
322.66	0.580
322.87	0.578
323.09	0.575
323.30	0.572
323.51	0.569
323.73	0.566
323.94	0.565
324.15	0.562
324.36	0.559
324.58	0.556
324.79	0.554
325.00	0.552
325.22	0.550
325.43	0.548
325.64	0.545
325.85	0.542
326.07	0.540
326.28	0.537
326.49	0.533
326.71	0.530
326.92	0.527
327.13	0.525
327.34	0.522
327.56	0.520
327.77	0.517
327.98	0.514
328.19	0.511
328.41	0.509
328.62	0.507
328.83	0.505
329.04	0.501
329.26	0.499
329.47	0.496
329.68	0.493
329.90	0.492
330.11	0.489
330.32	0.487
330.53	0.484
330.75	0.482
330.96	0.480
331.17	0.478
331.38	0.476
331.60	0.475
331.81	0.472
332.02	0.469
332.23	0.467
332.44	0.465
332.66	0.462
332.87	0.460
333.08	0.457
333.29	0.456
333.51	0.452
333.72	0.451
333.93	0.449
334.14	0.447
334.36	0.445
334.57	0.443
334.78	0.441
334.99	0.439
335.21	0.438
335.42	0.436
335.63	0.432
335.84	0.431
336.05	0.429
336.27	0.427
336.48	0.424
336.69	0.422
336.90	0.420
337.11	0.417
337.33	0.416
337.54	0.414
337.75	0.412
337.96	0.410
338.18	0.408
338.39	0.406
338.60	0.404
338.81	0.402
339.02	0.401
339.24	0.399
339.45	0.398
339.66	0.395
339.87	0.393
340.08	0.391
340.30	0.389
340.51	0.387
340.72	0.386
340.93	0.384
341.14	0.382
341.36	0.380
341.57	0.379
341.78	0.377
341.99	0.376
342.20	0.374
342.41	0.371
342.63	0.369
342.84	0.368
343.05	0.366
343.26	0.363
343.47	0.362
343.69	0.360
343.90	0.359
344.11	0.358
344.32	0.356
344.53	0.354
344.74	0.352
344.96	0.351
345.17	0.350
345.38	0.348
345.59	0.345
345.80	0.343
346.01	0.342
346.23	0.340
346.44	0.338
346.65	0.337
346.86	0.335
347.07	0.334
347.28	0.333
347.50	0.331
347.71	0.330
347.92	0.328
348.13	0.327
348.34	0.326
348.55	0.325
348.76	0.323
348.98	0.322
349.19	0.320
349.40	0.318
349.61	0.317
349.82	0.315
350.03	0.314
350.24	0.312
350.46	0.310
350.67	0.308
350.88	0.306
351.09	0.305
351.30	0.304
351.51	0.301
351.72	0.300
351.93	0.298
352.15	0.297
352.36	0.295
352.57	0.294
352.78	0.293
352.99	0.292
353.20	0.290
353.41	0.289
353.62	0.287
353.84	0.286
354.05	0.285
354.26	0.284
354.47	0.282
354.68	0.281
354.89	0.279
355.10	0.278
355.31	0.277
355.52	0.276
355.74	0.275
355.95	0.272
356.16	0.271
356.37	0.271
356.58	0.270
356.79	0.269
357.00	0.267
357.21	0.265
357.42	0.264
357.63	0.263
357.85	0.262
358.06	0.260
358.27	0.259
358.48	0.257
358.69	0.256
358.90	0.255
359.11	0.254
359.32	0.253
359.53	0.251
359.74	0.251
359.95	0.249
360.17	0.248
360.38	0.246
360.59	0.245
360.80	0.244
361.01	0.244
361.22	0.242
361.43	0.241
361.64	0.240
361.85	0.238
362.06	0.237
362.27	0.236
362.48	0.235
362.69	0.233
362.90	0.231
363.12	0.230
363.33	0.229
363.54	0.227
363.75	0.227
363.96	0.226
364.17	0.224
364.38	0.223
364.59	0.223
364.80	0.222
365.01	0.221
365.22	0.220
365.43	0.218
365.64	0.217
365.85	0.216
366.06	0.216
366.27	0.215
366.48	0.213
366.69	0.211
366.90	0.210
367.11	0.208
367.32	0.208
367.54	0.206
367.75	0.205
367.96	0.204
368.17	0.203
368.38	0.203
368.59	0.203
368.80	0.202
369.01	0.201
369.22	0.201
369.43	0.200
369.64	0.199
369.85	0.198
370.06	0.197
370.27	0.196
370.48	0.194
370.69	0.194
370.90	0.192
371.11	0.191
371.32	0.189
371.53	0.188
371.74	0.187
371.95	0.186
372.16	0.185
372.37	0.184
372.58	0.183
372.79	0.182
373.00	0.181
373.21	0.180
373.42	0.180
373.63	0.180
373.84	0.179
374.05	0.179
374.26	0.178
374.47	0.177
374.68	0.176
374.89	0.175
375.10	0.174
375.31	0.173
375.52	0.171
375.73	0.171
375.94	0.170
376.15	0.169
376.36	0.169
376.57	0.168
376.78	0.167
376.99	0.166
377.20	0.165
377.41	0.165
377.62	0.163
377.83	0.162
378.04	0.161
378.25	0.160
378.46	0.160
378.67	0.159
378.88	0.158
379.09	0.158
379.30	0.157
379.51	0.157
379.72	0.156
379.92	0.156
380.13	0.154
380.34	0.154
380.55	0.153
380.76	0.152
380.97	0.151
381.18	0.150
381.39	0.149
381.60	0.148
381.81	0.148
382.02	0.148
382.23	0.146
382.44	0.145
382.65	0.145
382.86	0.144
383.07	0.143
383.28	0.143
383.49	0.142
383.70	0.141
383.91	0.140
384.11	0.140
384.32	0.139
384.53	0.138
384.74	0.138
384.95	0.138
385.16	0.137
385.37	0.136
385.58	0.136
385.79	0.135
386.00	0.135
386.21	0.135
386.42	0.135
386.63	0.133
386.84	0.132
387.04	0.132
387.25	0.131
387.46	0.130
387.67	0.129
387.88	0.128
388.09	0.128
388.30	0.127
388.51	0.127
388.72	0.126
388.93	0.125
389.14	0.125
389.34	0.124
389.55	0.124
389.76	0.123
389.97	0.122
390.18	0.121
390.39	0.121
390.60	0.121
390.81	0.121
391.02	0.121
391.23	0.120
391.43	0.120
391.64	0.120
391.85	0.119
392.06	0.119
392.27	0.118
392.48	0.117
392.69	0.116
392.90	0.115
393.11	0.114
393.31	0.114
393.52	0.113
393.73	0.113
393.94	0.112
394.15	0.111
394.36	0.112
394.57	0.111
394.78	0.111
394.98	0.111
395.19	0.111
395.40	0.110
395.61	0.110
395.82	0.109
396.03	0.109
396.24	0.108
396.44	0.108
396.65	0.108
396.86	0.107
397.07	0.106
397.28	0.105
397.49	0.104
397.70	0.104
397.90	0.103
398.11	0.102
398.32	0.102
398.53	0.101
398.74	0.100
398.95	0.101
399.16	0.100
399.36	0.100
399.57	0.100
399.78	0.100
399.99	0.099
400.20	0.099
400.41	0.099
400.61	0.099
400.82	0.098
401.03	0.098
401.24	0.097
401.45	0.096
401.66	0.096
401.86	0.096
402.07	0.096
402.28	0.096
402.49	0.095
402.70	0.094
402.91	0.094
403.11	0.094
403.32	0.094
403.53	0.094
403.74	0.093
403.95	0.093
404.15	0.092
404.36	0.092
404.57	0.091
404.78	0.091
404.99	0.091
405.20	0.090
405.40	0.090
405.61	0.090
405.82	0.090
406.03	0.089
406.24	0.089
406.44	0.089
406.65	0.088
406.86	0.088
407.07	0.088
407.28	0.087
407.48	0.087
407.69	0.086
407.90	0.086
408.11	0.086
408.32	0.085
408.52	0.085
408.73	0.084
408.94	0.084
409.15	0.083
409.35	0.083
409.56	0.083
409.77	0.083
409.98	0.082
410.19	0.083
410.39	0.082
410.60	0.082
410.81	0.081
411.02	0.081
411.22	0.080
411.43	0.080
411.64	0.079
411.85	0.079
412.05	0.078
412.26	0.079
412.47	0.078
412.68	0.078
412.89	0.078
413.09	0.078
413.30	0.078
413.51	0.078
413.72	0.078
413.92	0.077
414.13	0.076
414.34	0.076
414.55	0.076
414.75	0.076
414.96	0.075
415.17	0.074
415.38	0.074
415.58	0.074
415.79	0.073
416.00	0.073
416.21	0.073
416.41	0.072
416.62	0.072
416.83	0.072
417.03	0.071
417.24	0.071
417.45	0.070
417.66	0.070
417.86	0.069
418.07	0.069
418.28	0.069
418.49	0.068
418.69	0.068
418.90	0.069
419.11	0.068
419.31	0.068
419.52	0.069
419.73	0.069
419.94	0.069
420.14	0.069
420.35	0.068
420.56	0.068
420.76	0.067
420.97	0.067
421.18	0.067
421.39	0.067
421.59	0.066
421.80	0.066
422.01	0.066
422.21	0.066
422.42	0.066
422.63	0.066
422.84	0.066
423.04	0.065
423.25	0.065
423.46	0.065
423.66	0.064
423.87	0.064
424.08	0.064
424.28	0.064
424.49	0.063
424.70	0.063
424.90	0.063
425.11	0.063
425.32	0.063
425.52	0.063
425.73	0.063
425.94	0.064
426.15	0.064
426.35	0.064
426.56	0.064
426.77	0.063
426.97	0.063
427.18	0.063
427.39	0.063
427.59	0.062
427.80	0.062
428.01	0.062
428.21	0.061
428.42	0.061
428.63	0.061
428.83	0.061
429.04	0.060
429.25	0.060
429.45	0.060
429.66	0.059
429.87	0.058
430.07	0.058
430.28	0.058
430.48	0.058
430.69	0.057
430.90	0.057
431.10	0.056
431.31	0.056
431.52	0.056
431.72	0.056
431.93	0.057
432.14	0.057
432.34	0.057
432.55	0.057
432.76	0.058
432.96	0.057
433.17	0.057
433.37	0.056
433.58	0.056
433.79	0.056
433.99	0.055
434.20	0.055
434.41	0.055
434.61	0.054
434.82	0.054
435.02	0.054
435.23	0.054
435.44	0.054
435.64	0.053
435.85	0.054
436.06	0.054
436.26	0.054
436.47	0.054
436.67	0.054
436.88	0.054
437.09	0.053
437.29	0.053
437.50	0.053
437.70	0.052
437.91	0.052
438.12	0.052
438.32	0.051
438.53	0.051
438.73	0.051
438.94	0.051
439.15	0.051
439.35	0.051
439.56	0.051
439.76	0.051
439.97	0.051
440.18	0.050
440.38	0.050
440.59	0.050
440.79	0.050
441.00	0.050
441.20	0.049
441.41	0.050
441.62	0.049
441.82	0.049
442.03	0.050
442.23	0.049
442.44	0.049
442.65	0.049
442.85	0.048
443.06	0.048
443.26	0.047
443.47	0.047
443.67	0.047
443.88	0.046
444.09	0.046
444.29	0.046
444.50	0.046
444.70	0.046
444.91	0.046
445.11	0.046
445.32	0.045
445.52	0.045
445.73	0.045
445.94	0.045
446.14	0.045
446.35	0.045
446.55	0.045
446.76	0.044
446.96	0.044
447.17	0.044
447.37	0.043
447.58	0.043
447.78	0.043
447.99	0.044
448.20	0.044
448.40	0.044
448.61	0.044
448.81	0.044
449.02	0.044
449.22	0.044
449.43	0.044
449.63	0.044
449.84	0.044
450.04	0.043
450.25	0.042
450.45	0.042
450.66	0.042
450.86	0.042
451.07	0.042
451.27	0.042
451.48	0.042
451.68	0.042
451.89	0.042
452.09	0.042
452.30	0.042
452.50	0.041
452.71	0.042
452.91	0.042
453.12	0.042
453.33	0.042
453.53	0.042
453.74	0.042
453.94	0.042
454.15	0.042
454.35	0.041
454.56	0.040
454.76	0.040
454.96	0.040
455.17	0.039
455.37	0.039
455.58	0.039
455.78	0.039
455.99	0.039
456.19	0.039
456.40	0.040
456.60	0.040
456.81	0.040
457.01	0.040
457.22	0.041
457.42	0.040
457.63	0.040
457.83	0.040
458.04	0.040
458.24	0.039
458.45	0.039
458.65	0.039
458.86	0.039
459.06	0.038
459.27	0.038
459.47	0.038
459.67	0.038
459.88	0.039
460.08	0.039
460.29	0.039
460.49	0.039
460.70	0.039
460.90	0.040
461.11	0.040
461.31	0.039
461.52	0.039
461.72	0.038
461.92	0.039
462.13	0.038
462.33	0.038
462.54	0.037
462.74	0.037
462.95	0.037
463.15	0.037
463.36	0.037
463.56	0.037
463.76	0.036
463.97	0.037
464.17	0.037
464.38	0.037
464.58	0.037
464.79	0.037
464.99	0.036
465.19	0.036
465.40	0.036
465.60	0.036
465.81	0.036
466.01	0.036
466.22	0.035
466.42	0.035
466.62	0.035
466.83	0.036
467.03	0.036
467.24	0.036
467.44	0.035
467.65	0.035
467.85	0.034
468.05	0.035
468.26	0.035
468.46	0.034
468.67	0.034
468.87	0.033
469.07	0.034
469.28	0.033
469.48	0.034
469.69	0.034
469.89	0.034
470.09	0.034
470.30	0.034
470.50	0.035
470.71	0.035
470.91	0.035
471.11	0.035
471.32	0.034
471.52	0.034
471.72	0.034
471.93	0.034
472.13	0.034
472.34	0.033
472.54	0.033
472.74	0.033
472.95	0.033
473.15	0.033
473.35	0.033
473.56	0.033
473.76	0.033
473.97	0.033
474.17	0.033
474.37	0.033
474.58	0.033
474.78	0.033
474.98	0.033
475.19	0.033
475.39	0.033
475.60	0.033
475.80	0.033
476.00	0.032
476.21	0.032
476.41	0.032
476.61	0.032
476.82	0.032
477.02	0.031
477.22	0.032
477.43	0.031
477.63	0.030
477.83	0.031
478.04	0.030
478.24	0.030
478.44	0.030
478.65	0.030
478.85	0.031
479.05	0.030
479.26	0.030
479.46	0.030
479.66	0.030
479.87	0.030
480.07	0.030
480.27	0.030
480.48	0.030
480.68	0.029
480.88	0.029
481.09	0.029
481.29	0.029
481.49	0.029
481.70	0.029
481.90	0.029
482.10	0.029
482.31	0.030
482.51	0.030
482.71	0.030
482.92	0.030
483.12	0.030
483.32	0.030
483.52	0.030
483.73	0.029
483.93	0.029
484.13	0.029
484.34	0.028
484.54	0.028
484.74	0.028
484.95	0.028
485.15	0.028
485.35	0.027
485.55	0.028
485.76	0.028
485.96	0.027
486.16	0.027
486.37	0.027
486.57	0.027
486.77	0.027
486.97	0.027
487.18	0.028
487.38	0.028
487.58	0.029
487.79	0.029
487.99	0.030
488.19	0.030
488.39	0.030
488.60	0.030
488.80	0.030
489.00	0.029
489.20	0.028
489.41	0.028
489.61	0.027
489.81	0.026
490.02	0.027
490.22	0.026
490.42	0.026
490.62	0.026
490.83	0.027
491.03	0.027
491.23	0.027
491.43	0.028
491.64	0.028
491.84	0.028
492.04	0.028
492.24	0.028
492.45	0.028
492.65	0.028
492.85	0.028
493.05	0.028
493.26	0.028
493.46	0.027
493.66	0.027
493.86	0.027
494.07	0.028
494.27	0.028
494.47	0.028
494.67	0.028
494.87	0.027
495.08	0.027
495.28	0.026
495.48	0.026
495.68	0.026
495.89	0.025
496.09	0.025
496.29	0.025
496.49	0.025
496.69	0.025
496.90	0.025
497.10	0.025
497.30	0.025
497.50	0.026
497.71	0.026
497.91	0.026
498.11	0.026
498.31	0.025
498.51	0.025
498.72	0.024
498.92	0.024
499.12	0.025
499.32	0.024
499.52	0.025
499.73	0.025
499.93	0.025
500.13	0.025
500.33	0.025
500.53	0.025
500.74	0.025
500.94	0.026
501.14	0.025
501.34	0.025
501.54	0.025
501.74	0.025
501.95	0.025
502.15	0.025
502.35	0.025
502.55	0.025
502.75	0.025
502.96	0.025
503.16	0.025
503.36	0.024
503.56	0.024
503.76	0.024
503.96	0.024
504.17	0.024
504.37	0.024
504.57	0.024
504.77	0.024
504.97	0.023
505.17	0.024
505.38	0.024
505.58	0.024
505.78	0.024
505.98	0.024
506.18	0.023
506.38	0.023
506.58	0.023
506.79	0.023
506.99	0.023
507.19	0.023
507.39	0.023
507.59	0.022
507.79	0.022
507.99	0.023
508.20	0.023
508.40	0.023
508.60	0.023
508.80	0.023
509.00	0.023
509.20	0.023
509.40	0.023
509.61	0.024
509.81	0.023
510.01	0.023
510.21	0.023
510.41	0.022
510.61	0.023
510.81	0.023
511.01	0.023
511.22	0.023
511.42	0.022
511.62	0.022
511.82	0.022
512.02	0.022
512.22	0.023
512.42	0.022
512.62	0.022
512.82	0.022
513.03	0.023
513.23	0.023
513.43	0.023
513.63	0.023
513.83	0.023
514.03	0.023
514.23	0.023
514.43	0.022
514.63	0.022
514.83	0.022
515.04	0.023
515.24	0.023
515.44	0.022
515.64	0.023
515.84	0.022
516.04	0.022
516.24	0.022
516.44	0.021
516.64	0.021
516.84	0.021
517.04	0.021
517.24	0.021
517.45	0.021
517.65	0.021
517.85	0.021
518.05	0.021
518.25	0.021
518.45	0.021
518.65	0.020
518.85	0.020
519.05	0.020
519.25	0.021
519.45	0.021
519.65	0.021
519.85	0.021
520.05	0.022
520.25	0.022
520.46	0.022
520.66	0.023
520.86	0.023
521.06	0.022
521.26	0.022
521.46	0.022
521.66	0.022
521.86	0.021
522.06	0.021
522.26	0.021
522.46	0.021
522.66	0.021
522.86	0.021
523.06	0.021
523.26	0.022
523.46	0.021
523.66	0.021
523.86	0.021
524.06	0.021
524.26	0.021
524.46	0.021
524.66	0.020
524.86	0.020
525.06	0.020
525.26	0.020
525.46	0.020
525.66	0.019
525.87	0.020
526.07	0.019
526.27	0.019
526.47	0.019
526.67	0.019
526.87	0.019
527.07	0.019
527.27	0.019
527.47	0.019
527.67	0.020
527.87	0.019
528.07	0.019
528.27	0.019
528.47	0.019
528.67	0.018
528.87	0.018
529.07	0.018
529.27	0.019
529.47	0.019
529.67	0.019
529.87	0.019
530.07	0.020
530.27	0.020
530.47	0.021
530.67	0.021
530.87	0.021
531.06	0.021
531.26	0.021
531.46	0.021
531.66	0.021
531.86	0.021
532.06	0.021
532.26	0.020
532.46	0.020
532.66	0.021
532.86	0.021
533.06	0.020
533.26	0.020
533.46	0.019
533.66	0.019
533.86	0.019
534.06	0.019
534.26	0.019
534.46	0.019
534.66	0.018
534.86	0.019
535.06	0.019
535.26	0.019
535.46	0.019
535.66	0.019
535.86	0.019
536.06	0.019
536.26	0.019
536.45	0.019
536.65	0.019
536.85	0.019
537.05	0.019
537.25	0.018
537.45	0.018
537.65	0.018
537.85	0.018
538.05	0.018
538.25	0.018
538.45	0.018
538.65	0.018
538.85	0.018
539.05	0.018
539.25	0.018
539.44	0.018
539.64	0.017
539.84	0.017
540.04	0.016
540.24	0.016
540.44	0.016
540.64	0.016
540.84	0.016
541.04	0.016
541.24	0.017
541.44	0.017
541.64	0.017
541.83	0.018
542.03	0.017
542.23	0.018
542.43	0.017
542.63	0.017
542.83	0.017
543.03	0.017
543.23	0.017
543.43	0.017
543.63	0.017
543.82	0.017
544.02	0.017
544.22	0.017
544.42	0.016
544.62	0.017
544.82	0.016
545.02	0.016
545.22	0.016
545.42	0.017
545.61	0.017
545.81	0.017
546.01	0.017
546.21	0.017
546.41	0.017
546.61	0.016
546.81	0.016
547.01	0.016
547.20	0.016
547.40	0.016
547.60	0.015
547.80	0.015
548.00	0.015
548.20	0.015
548.40	0.016
548.59	0.016
548.79	0.016
548.99	0.016
549.19	0.017
549.39	0.016
549.59	0.017
549.79	0.017
549.98	0.017
550.18	0.017
550.38	0.017
550.58	0.017
550.78	0.017
550.98	0.017
551.17	0.018
551.37	0.017
551.57	0.017
551.77	0.017
551.97	0.016
552.17	0.016
552.36	0.017
552.56	0.016
552.76	0.016
552.96	0.016
553.16	0.016
553.36	0.016
553.55	0.016
553.75	0.016
553.95	0.016
554.15	0.016
554.35	0.015
554.55	0.016
554.74	0.016
554.94	0.015
555.14	0.015
555.34	0.015
555.54	0.015
555.73	0.015
555.93	0.015
556.13	0.016
556.33	0.016
556.53	0.016
556.72	0.016
556.92	0.016
557.12	0.016
557.32	0.016
557.52	0.016
557.71	0.017
557.91	0.016
558.11	0.016
558.31	0.016
558.51	0.016
558.70	0.016
558.90	0.016
559.10	0.016
559.30	0.016
559.49	0.016
559.69	0.016
559.89	0.016
560.09	0.016
560.29	0.016
560.48	0.016
560.68	0.016
560.88	0.016
561.08	0.016
561.27	0.016
561.47	0.016
561.67	0.016
561.87	0.016
562.06	0.016
562.26	0.016
562.46	0.016
562.66	0.016
562.86	0.016
563.05	0.016
563.25	0.016
563.45	0.016
563.65	0.015
563.84	0.015
564.04	0.015
564.24	0.015
564.44	0.015
564.63	0.015
564.83	0.015
565.03	0.015
565.22	0.015
565.42	0.014
565.62	0.014
565.82	0.014
566.01	0.014
566.21	0.013
566.41	0.013
566.61	0.013
566.80	0.013
567.00	0.013
567.20	0.014
567.40	0.015
567.59	0.015
567.79	0.015
567.99	0.016
568.18	0.016
568.38	0.016
568.58	0.015
568.78	0.015
568.97	0.015
569.17	0.015
569.37	0.015
569.56	0.015
569.76	0.015
569.96	0.014
570.16	0.015
570.35	0.015
570.55	0.015
570.75	0.014
570.94	0.014
571.14	0.014
571.34	0.014
571.53	0.014
571.73	0.014
571.93	0.013
572.12	0.014
572.32	0.014
572.52	0.014
572.72	0.014
572.91	0.015
573.11	0.014
573.31	0.014
573.50	0.014
573.70	0.014
573.90	0.014
574.09	0.014
574.29	0.014
574.49	0.014
574.68	0.014
574.88	0.014
575.08	0.014
575.27	0.014
575.47	0.014
575.67	0.014
575.86	0.014
576.06	0.014
576.26	0.015
576.45	0.015
576.65	0.015
576.85	0.014
577.04	0.014
577.24	0.014
577.44	0.013
577.63	0.013
577.83	0.013
578.02	0.012
578.22	0.012
578.42	0.012
578.61	0.012
578.81	0.013
579.01	0.013
579.20	0.014
579.40	0.015
579.60	0.015
579.79	0.015
579.99	0.016
580.19	0.015
580.38	0.015
580.58	0.014
580.77	0.014
580.97	0.013
581.17	0.013
581.36	0.012
581.56	0.011
581.75	0.011
581.95	0.011
582.15	0.012
582.34	0.012
582.54	0.013
582.74	0.013
582.93	0.013
583.13	0.014
583.32	0.014
583.52	0.014
583.72	0.014
583.91	0.014
584.11	0.013
584.30	0.013
584.50	0.013
584.70	0.013
584.89	0.012
585.09	0.012
585.28	0.012
585.48	0.012
585.68	0.012
585.87	0.012
586.07	0.012
586.26	0.012
586.46	0.013
586.66	0.013
586.85	0.013
587.05	0.013
587.24	0.012
587.44	0.012
587.63	0.012
587.83	0.012
588.03	0.013
588.22	0.012
588.42	0.012
588.61	0.012
588.81	0.012
589.00	0.013
589.20	0.012
589.40	0.013
589.59	0.013
589.79	0.012
589.98	0.013
590.18	0.012
590.37	0.013
590.57	0.013
590.76	0.013
590.96	0.013
591.16	0.013
591.35	0.013
591.55	0.013
591.74	0.013
591.94	0.013
592.13	0.013
592.33	0.013
592.52	0.012
592.72	0.012
592.91	0.012
593.11	0.012
593.30	0.012
593.50	0.012
593.70	0.012
593.89	0.012
594.09	0.013
594.28	0.013
594.48	0.013
594.67	0.013
594.87	0.013
595.06	0.013
595.26	0.013
595.45	0.013
595.65	0.013
595.84	0.013
596.04	0.013
596.23	0.013
596.43	0.013
596.62	0.013
596.82	0.012
597.01	0.013
597.21	0.013
597.40	0.013
597.60	0.013
597.79	0.013
597.99	0.013
598.18	0.013
598.38	0.013
598.57	0.012
598.77	0.012
598.96	0.012
599.16	0.012
599.35	0.011
599.55	0.011
599.74	0.011
599.94	0.011
600.13	0.011
600.33	0.011
600.52	0.011
600.72	0.011
600.91	0.011
601.11	0.011
601.30	0.012
601.50	0.012
601.69	0.012
601.89	0.012
602.08	0.013
602.27	0.013
602.47	0.013
602.66	0.013
602.86	0.012
603.05	0.012
603.25	0.012
603.44	0.012
603.64	0.012
603.83	0.012
604.03	0.012
604.22	0.012
604.41	0.012
604.61	0.012
604.80	0.012
605.00	0.012
605.19	0.012
605.39	0.012
605.58	0.013
605.78	0.012
605.97	0.013
606.16	0.013
606.36	0.013
606.55	0.013
606.75	0.013
606.94	0.013
607.14	0.012
607.33	0.012
607.52	0.012
607.72	0.011
607.91	0.011
608.11	0.011
608.30	0.011
608.50	0.011
608.69	0.011
608.88	0.011
609.08	0.011
609.27	0.011
609.47	0.011
609.66	0.011
609.85	0.011
610.05	0.012
610.24	0.011
610.44	0.011
610.63	0.011
610.83	0.011
611.02	0.011
611.21	0.011
611.41	0.011
611.60	0.011
611.80	0.011
611.99	0.010
612.18	0.010
612.38	0.010
612.57	0.010
612.76	0.010
612.96	0.011
613.15	0.011
613.35	0.011
613.54	0.011
613.73	0.012
613.93	0.012
614.12	0.012
614.32	0.012
614.51	0.012
614.70	0.011
614.90	0.011
615.09	0.011
615.28	0.011
615.48	0.011
615.67	0.011
615.86	0.012
616.06	0.011
616.25	0.012
616.45	0.011
616.64	0.011
616.83	0.011
617.03	0.011
617.22	0.011
617.41	0.011
617.61	0.010
617.80	0.011
617.99	0.010
618.19	0.011
618.38	0.011
618.57	0.011
618.77	0.011
618.96	0.010
619.15	0.010
619.35	0.010
619.54	0.010
619.73	0.010
619.93	0.010
620.12	0.010
620.31	0.010
620.51	0.011
620.70	0.011
620.89	0.011
621.09	0.011
621.28	0.011
621.47	0.011
621.67	0.010
621.86	0.010
622.05	0.010
622.25	0.010
622.44	0.009
622.63	0.010
622.83	0.010
623.02	0.010
623.21	0.009
623.41	0.009
623.60	0.009
623.79	0.009
623.98	0.009
624.18	0.009
624.37	0.009
624.56	0.009
624.76	0.010
624.95	0.010
625.14	0.011
625.33	0.011
625.53	0.011
625.72	0.011
625.91	0.011
626.11	0.011
626.30	0.011
626.49	0.011
626.68	0.011
626.88	0.010
627.07	0.010
627.26	0.011
627.46	0.011
627.65	0.011
627.84	0.011
628.03	0.011
628.23	0.010
628.42	0.010
628.61	0.010
628.80	0.010
629.00	0.011
629.19	0.011
629.38	0.011
629.58	0.011
629.77	0.011
629.96	0.011
630.15	0.011
630.35	0.011
630.54	0.011
630.73	0.010
630.92	0.010
631.12	0.010
631.31	0.010
631.50	0.010
631.69	0.010
631.89	0.010
632.08	0.009
632.27	0.010
632.46	0.010
632.65	0.010
632.85	0.010
633.04	0.010
633.23	0.010
633.42	0.010
633.62	0.010
633.81	0.010
634.00	0.010
634.19	0.010
634.39	0.010
634.58	0.010
634.77	0.010
634.96	0.010
635.15	0.010
635.35	0.010
635.54	0.010
635.73	0.010
635.92	0.009
636.11	0.009
636.31	0.009
636.50	0.009
636.69	0.009
636.88	0.009
637.07	0.009
637.27	0.009
637.46	0.009
637.65	0.009
637.84	0.010
638.03	0.010
638.23	0.010
638.42	0.010
638.61	0.010
638.80	0.010
638.99	0.009
639.19	0.009
639.38	0.010
639.57	0.009
639.76	0.009
639.95	0.010
640.14	0.010
640.34	0.010
640.53	0.010
640.72	0.009
640.91	0.010
641.10	0.010
641.30	0.010
641.49	0.010
641.68	0.010
641.87	0.010
642.06	0.010
642.25	0.010
642.44	0.011
642.64	0.011
642.83	0.011
643.02	0.011
643.21	0.011
643.40	0.011
643.59	0.010
643.79	0.010
643.98	0.010
644.17	0.010
644.36	0.010
644.55	0.010
644.74	0.009
644.93	0.009
645.13	0.009
645.32	0.009
645.51	0.009
645.70	0.009
645.89	0.009
646.08	0.009
646.27	0.009
646.46	0.010
646.66	0.010
646.85	0.010
647.04	0.010
647.23	0.010
647.42	0.010
647.61	0.010
647.80	0.009
647.99	0.009
648.19	0.009
648.38	0.009
648.57	0.009
648.76	0.009
648.95	0.009
649.14	0.008
649.33	0.009
649.52	0.009
649.71	0.009
649.91	0.009
650.10	0.008
650.29	0.008
650.48	0.008
650.67	0.009
650.86	0.009
651.05	0.009
651.24	0.009
651.43	0.009
651.62	0.009
651.81	0.009
652.01	0.009
652.20	0.009
652.39	0.009
652.58	0.010
652.77	0.009
652.96	0.010
653.15	0.010
653.34	0.009
653.53	0.010
653.72	0.010
653.91	0.010
654.10	0.011
654.29	0.010
654.48	0.011
654.68	0.011
654.87	0.010
655.06	0.009
655.25	0.008
655.44	0.008
655.63	0.008
655.82	0.008
656.01	0.008
656.20	0.007
656.39	0.007
656.58	0.008
656.77	0.009
656.96	0.009
657.15	0.009
657.34	0.009
657.53	0.009
657.72	0.009
657.91	0.008
658.10	0.009
658.29	0.009
658.48	0.009
658.68	0.010
658.87	0.010
659.06	0.010
659.25	0.009
659.44	0.009
659.63	0.010
659.82	0.009
660.01	0.009
660.20	0.009
660.39	0.009
660.58	0.009
660.77	0.009
660.96	0.009
661.15	0.010
661.34	0.009
661.53	0.010
661.72	0.010
661.91	0.009
662.10	0.009
662.29	0.009
662.48	0.009
662.67	0.009
662.86	0.009
663.05	0.008
663.24	0.008
663.43	0.008
663.62	0.008
663.81	0.009
664.00	0.009
664.19	0.009
664.38	0.008
664.57	0.008
664.76	0.009
664.95	0.009
665.14	0.009
665.33	0.009
665.52	0.009
665.71	0.009
665.90	0.009
666.09	0.009
666.28	0.010
666.46	0.010
666.65	0.010
666.84	0.010
667.03	0.009
667.22	0.009
667.41	0.009
667.60	0.009
667.79	0.009
667.98	0.009
668.17	0.009
668.36	0.009
668.55	0.008
668.74	0.008
668.93	0.009
669.12	0.009
669.31	0.009
669.50	0.009
669.69	0.009
669.88	0.009
670.07	0.009
670.26	0.010
670.44	0.010
670.63	0.009
670.82	0.009
671.01	0.009
671.20	0.008
671.39	0.009
671.58	0.009
671.77	0.008
671.96	0.008
672.15	0.008
672.34	0.008
672.53	0.008
672.72	0.009
672.91	0.009
673.09	0.009
673.28	0.008
673.47	0.008
673.66	0.009
673.85	0.008
674.04	0.008
674.23	0.008
674.42	0.008
674.61	0.008
674.80	0.008
674.98	0.008
675.17	0.008
675.36	0.008
675.55	0.008
675.74	0.008
675.93	0.008
676.12	0.008
676.31	0.008
676.50	0.008
676.69	0.008
676.87	0.008
677.06	0.008
677.25	0.008
677.44	0.009
677.63	0.009
677.82	0.009
678.01	0.008
678.20	0.008
678.38	0.008
678.57	0.008
678.76	0.008
678.95	0.008
679.14	0.008
679.33	0.008
679.52	0.008
679.71	0.008
679.89	0.008
680.08	0.009
680.27	0.009
680.46	0.009
680.65	0.009
680.84	0.009
681.02	0.009
681.21	0.008
681.40	0.009
681.59	0.008
681.78	0.008
681.97	0.008
682.16	0.008
682.34	0.007
682.53	0.007
682.72	0.007
682.91	0.008
683.10	0.007
683.29	0.007
683.47	0.008
683.66	0.008
683.85	0.008
684.04	0.009
684.23	0.008
684.42	0.008
684.60	0.008
684.79	0.008
684.98	0.008
685.17	0.008
685.36	0.008
685.54	0.008
685.73	0.008
685.92	0.008
686.11	0.008
686.30	0.008
686.49	0.008
686.67	0.008
686.86	0.008
687.05	0.009
687.24	0.009
687.43	0.009
687.61	0.009
687.80	0.009
687.99	0.009
688.18	0.009
688.36	0.009
688.55	0.009
688.74	0.008
688.93	0.008
689.12	0.008
689.30	0.008
689.49	0.008
689.68	0.008
689.87	0.007
690.06	0.007
690.24	0.007
690.43	0.007
690.62	0.007
690.81	0.008
690.99	0.008
691.18	0.008
691.37	0.008
691.56	0.008
691.74	0.008
691.93	0.008
692.12	0.008
692.31	0.008
692.50	0.007
692.68	0.007
692.87	0.007
693.06	0.007
693.25	0.007
693.43	0.008
693.62	0.008
693.81	0.007
694.00	0.007
694.18	0.007
694.37	0.007
694.56	0.007
694.74	0.007
694.93	0.007
695.12	0.007
695.31	0.007
695.49	0.008
695.68	0.008
695.87	0.008
696.06	0.009
696.24	0.009
696.43	0.008
696.62	0.008
696.80	0.008
696.99	0.008
697.18	0.008
697.37	0.008
697.55	0.008
697.74	0.008
697.93	0.008
698.12	0.009
698.30	0.009
698.49	0.009
698.68	0.009
698.86	0.009
699.05	0.009
699.24	0.008
699.42	0.008
699.61	0.008
699.80	0.009
699.99	0.008
700.17	0.008
700.36	0.008
700.55	0.008
700.73	0.008
700.92	0.007
701.11	0.007
701.29	0.007
701.48	0.007
701.67	0.007
701.85	0.007
702.04	0.008
702.23	0.008
702.41	0.008
702.60	0.009
702.79	0.009
702.97	0.009
703.16	0.009
703.35	0.009
703.53	0.009
703.72	0.008
703.91	0.008
704.09	0.008
704.28	0.008
704.47	0.008
704.65	0.008
704.84	0.008
705.03	0.008
705.21	0.008
705.40	0.008
705.59	0.007
705.77	0.007
705.96	0.007
706.15	0.007
706.33	0.007
706.52	0.007
706.71	0.006
706.89	0.006
707.08	0.006
707.26	0.007
707.45	0.006
707.64	0.006
707.82	0.006
708.01	0.006
708.20	0.006
708.38	0.006
708.57	0.006
708.75	0.006
708.94	0.007
709.13	0.007
709.31	0.007
709.50	0.007
709.69	0.007
709.87	0.007
710.06	0.007
710.24	0.007
710.43	0.007
710.62	0.007
710.80	0.006
710.99	0.007
711.17	0.007
711.36	0.008
711.55	0.008
711.73	0.008
711.92	0.008
712.10	0.008
712.29	0.008
712.48	0.009
712.66	0.008
712.85	0.008
713.03	0.008
713.22	0.008
713.40	0.008
713.59	0.008
713.78	0.008
713.96	0.008
714.15	0.008
714.33	0.008
714.52	0.008
714.71	0.008
714.89	0.008
715.08	0.008
715.26	0.008
715.45	0.008
715.63	0.008
715.82	0.007
716.00	0.007
716.19	0.007
716.38	0.007
716.56	0.007
716.75	0.007
716.93	0.007
717.12	0.007
717.30	0.007
717.49	0.007
717.67	0.007
717.86	0.007
718.05	0.007
718.23	0.007
718.42	0.006
718.60	0.006
718.79	0.006
718.97	0.007
719.16	0.007
719.34	0.007
719.53	0.007
719.71	0.007
719.90	0.007
720.08	0.008
720.27	0.008
720.45	0.008
720.64	0.008
720.83	0.008
721.01	0.008
721.20	0.007
721.38	0.007
721.57	0.007
721.75	0.007
721.94	0.007
722.12	0.007
722.31	0.007
722.49	0.007
722.68	0.007
722.86	0.007
723.05	0.007
723.23	0.008
723.42	0.007
723.60	0.007
723.79	0.007
723.97	0.007
724.16	0.006
724.34	0.006
724.53	0.006
724.71	0.006
724.90	0.006
725.08	0.006
725.27	0.007
725.45	0.007
725.64	0.007
725.82	0.008
726.00	0.008
726.19	0.008
726.37	0.008
726.56	0.008
726.74	0.008
726.93	0.008
727.11	0.008
727.30	0.007
727.48	0.008
727.67	0.008
727.85	0.007
728.04	0.007
728.22	0.007
728.40	0.007
728.59	0.007
728.77	0.007
728.96	0.007
729.14	0.006
729.33	0.007
729.51	0.007
729.70	0.007
729.88	0.007
730.07	0.007
730.25	0.007
730.43	0.007
730.62	0.007
730.80	0.007
730.99	0.007
731.17	0.008
731.36	0.007
731.54	0.007
731.72	0.007
731.91	0.007
732.09	0.007
732.28	0.007
732.46	0.007
732.65	0.007
732.83	0.007
733.01	0.007
733.20	0.007
733.38	0.007
733.57	0.008
733.75	0.008
733.93	0.008
734.12	0.008
734.30	0.007
734.49	0.007
734.67	0.006
734.85	0.006
735.04	0.007
735.22	0.006
735.41	0.006
735.59	0.006
735.77	0.006
735.96	0.007
736.14	0.006
736.33	0.007
736.51	0.007
736.69	0.007
736.88	0.007
737.06	0.007
737.25	0.007
737.43	0.007
737.61	0.007
737.80	0.007
737.98	0.007
738.16	0.007
738.35	0.006
738.53	0.006
738.71	0.006
738.90	0.006
739.08	0.006
739.27	0.006
739.45	0.006
739.63	0.006
739.82	0.006
740.00	0.006
740.18	0.006
740.37	0.006
740.55	0.006
740.73	0.006
740.92	0.007
741.10	0.006
741.28	0.006
741.47	0.006
741.65	0.006
741.83	0.006
742.02	0.006
742.20	0.006
742.38	0.006
742.57	0.007
742.75	0.007
742.93	0.007
743.12	0.007
743.30	0.007
743.48	0.007
743.67	0.007
743.85	0.007
744.03	0.007
744.22	0.006
744.40	0.006
744.58	0.006
744.77	0.006
744.95	0.006
745.13	0.006
745.32	0.005
745.50	0.005
745.68	0.005
745.87	0.005
746.05	0.006
746.23	0.006
746.41	0.006
746.60	0.006
746.78	0.006
746.96	0.006
747.15	0.006
747.33	0.006
747.51	0.007
747.70	0.006
747.88	0.006
748.06	0.006
748.24	0.006
748.43	0.006
748.61	0.006
748.79	0.006
748.97	0.006
749.16	0.006
749.34	0.007
749.52	0.007
749.71	0.007
749.89	0.007
750.07	0.007
750.25	0.007
750.44	0.007
750.62	0.007
750.80	0.006
750.98	0.006
751.17	0.006
751.35	0.006
751.53	0.006
751.71	0.006
751.90	0.006
752.08	0.006
752.26	0.006
752.44	0.006
752.63	0.006
752.81	0.006
752.99	0.005
753.17	0.006
753.36	0.005
753.54	0.005
753.72	0.006
753.90	0.006
754.09	0.006
754.27	0.006
754.45	0.006
754.63	0.006
754.82	0.006
755.00	0.006
755.18	0.006
755.36	0.006
755.54	0.006
755.73	0.006
755.91	0.006
756.09	0.006
756.27	0.007
756.45	0.007
756.64	0.007
756.82	0.006
757.00	0.006
757.18	0.007
757.37	0.006
757.55	0.006
757.73	0.006
757.91	0.006
758.09	0.007
758.27	0.007
758.46	0.007
758.64	0.007
758.82	0.007
759.00	0.007
759.18	0.006
759.37	0.006
759.55	0.006
759.73	0.006
759.91	0.006
760.09	0.006
760.28	0.006
760.46	0.006
760.64	0.006
760.82	0.006
761.00	0.006
761.18	0.006
761.37	0.006
761.55	0.006
761.73	0.006
761.91	0.006
762.09	0.005
762.27	0.005
762.46	0.005
762.64	0.005
762.82	0.005
763.00	0.006
763.18	0.006
763.36	0.006
763.54	0.006
763.73	0.006
763.91	0.006
764.09	0.006
764.27	0.007
764.45	0.006
764.63	0.006
764.81	0.006
765.00	0.006
765.18	0.005
765.36	0.006
765.54	0.005
765.72	0.005
765.90	0.005
766.08	0.006
766.27	0.006
766.45	0.006
766.63	0.006
766.81	0.006
766.99	0.005
767.17	0.005
767.35	0.005
767.53	0.005
767.71	0.005
767.90	0.005
768.08	0.005
768.26	0.005
768.44	0.006
768.62	0.006
768.80	0.006
768.98	0.006
769.16	0.005
769.34	0.006
769.52	0.006
769.71	0.006
769.89	0.006
770.07	0.006
770.25	0.006
770.43	0.006
770.61	0.007
770.79	0.007
770.97	0.007
771.15	0.006
771.33	0.006
771.51	0.006
771.69	0.006
771.88	0.006
772.06	0.005
772.24	0.006
772.42	0.006
772.60	0.006
772.78	0.006
772.96	0.006
773.14	0.006
773.32	0.006
773.50	0.006
773.68	0.006
773.86	0.006
774.04	0.005
774.22	0.005
774.40	0.005
774.58	0.005
774.77	0.005
774.95	0.005
775.13	0.005
775.31	0.006
775.49	0.005
775.67	0.005
775.85	0.005
776.03	0.005
776.21	0.005
776.39	0.005
776.57	0.005
776.75	0.005
776.93	0.004
777.11	0.004
777.29	0.005
777.47	0.005
777.65	0.005
777.83	0.005
778.01	0.006
778.19	0.006
778.37	0.006
778.55	0.006
778.73	0.005
778.91	0.005
779.09	0.005
779.27	0.005
779.45	0.005
779.63	0.005
779.81	0.004
779.99	0.005
780.17	0.005
780.35	0.005
780.53	0.005
780.71	0.005
780.89	0.005
781.07	0.005
781.25	0.005
781.43	0.005
781.61	0.005
781.79	0.005
781.97	0.005
782.15	0.005
782.33	0.005
782.51	0.005
782.69	0.005
782.87	0.005
783.05	0.006
783.23	0.006
783.41	0.006
783.59	0.006
783.77	0.006
783.95	0.006
784.13	0.005
784.31	0.005
784.49	0.005
784.67	0.005
784.85	0.005
785.03	0.005
785.21	0.005
785.38	0.005
785.56	0.006
785.74	0.005
785.92	0.005
786.10	0.005
786.28	0.005
786.46	0.005
786.64	0.005
786.82	0.005
787.00	0.005
787.18	0.005
787.36	0.006
787.54	0.006
787.72	0.005
787.90	0.005
788.08	0.006
788.25	0.006
788.43	0.006
788.61	0.007
788.79	0.007
788.97	0.006
789.15	0.006
789.33	0.006
789.51	0.006
789.69	0.005
789.87	0.005
790.05	0.004
790.23	0.004
790.40	0.003
790.58	0.003
790.76	0.003
790.94	0.004
791.12	0.003
791.30	0.004
791.48	0.004
791.66	0.004
791.84	0.004
792.02	0.005
792.19	0.005
792.37	0.005
792.55	0.005
792.73	0.005
792.91	0.005
793.09	0.005
793.27	0.005
793.45	0.005
793.63	0.005
793.80	0.005
793.98	0.005
794.16	0.005
794.34	0.006
794.52	0.005
794.70	0.006
794.88	0.006
795.05	0.006
795.23	0.006
795.41	0.006
795.59	0.006
795.77	0.005
795.95	0.004
796.13	0.004
796.30	0.004
796.48	0.004
796.66	0.003
796.84	0.004
797.02	0.003
797.20	0.004
797.38	0.004
797.55	0.004
797.73	0.005
797.91	0.005
798.09	0.005
798.27	0.005
798.45	0.005
798.62	0.005
798.80	0.005
798.98	0.006
799.16	0.006
799.34	0.006
799.52	0.006
799.69	0.006
799.87	0.006
800.05	0.005
800.23	0.005
800.41	0.006
800.58	0.005
800.76	0.006
800.94	0.006
801.12	0.006
801.30	0.005
801.47	0.005
801.65	0.006
801.83	0.006
802.01	0.006
802.19	0.006
802.36	0.005
802.54	0.005
802.72	0.005
802.90	0.005
803.08	0.005
803.25	0.005
803.43	0.005
803.61	0.005
803.79	0.005
803.97	0.006
804.14	0.006
804.32	0.006
804.50	0.006
804.68	0.006
804.85	0.006
805.03	0.006
805.21	0.006
805.39	0.006
805.56	0.006
805.74	0.006
805.92	0.006
806.10	0.006
806.28	0.006
806.45	0.006
806.63	0.006
806.81	0.006
806.99	0.006
807.16	0.006
807.34	0.006
807.52	0.005
807.70	0.005
807.87	0.005
808.05	0.006
808.23	0.006
808.41	0.006
808.58	0.005
808.76	0.005
808.94	0.005
809.11	0.005
809.29	0.005
809.47	0.005
809.65	0.005
809.82	0.005
810.00	0.004
810.18	0.005
810.36	0.004
810.53	0.005
810.71	0.005
810.89	0.005
811.06	0.005
811.24	0.005
811.42	0.005
811.60	0.005
811.77	0.005
811.95	0.006
812.13	0.005
812.30	0.005
812.48	0.005
812.66	0.005
812.83	0.005
813.01	0.005
813.19	0.005
813.37	0.005
813.54	0.005
813.72	0.005
813.90	0.006
814.07	0.006
814.25	0.006
814.43	0.006
814.60	0.006
814.78	0.006
814.96	0.006
815.13	0.005
815.31	0.005
815.49	0.005
815.66	0.005
815.84	0.005
816.02	0.005
816.19	0.005
816.37	0.005
816.55	0.005
816.72	0.005
816.90	0.006
817.08	0.005
817.25	0.006
817.43	0.005
817.61	0.005
817.78	0.005
817.96	0.005
818.14	0.005
818.31	0.005
818.49	0.004
818.67	0.004
818.84	0.004
819.02	0.004
819.19	0.004
819.37	0.004
819.55	0.005
819.72	0.005
819.90	0.005
820.08	0.005
820.25	0.005
820.43	0.005
820.60	0.005
820.78	0.005
820.96	0.004
821.13	0.004
821.31	0.003
821.49	0.003
821.66	0.003
821.84	0.003
822.01	0.004
822.19	0.004
822.37	0.005
822.54	0.006
822.72	0.006
822.89	0.006
823.07	0.006
823.25	0.005
823.42	0.005
823.60	0.004
823.77	0.004
823.95	0.004
824.13	0.004
824.30	0.003
824.48	0.003
824.65	0.003
824.83	0.004
825.01	0.004
825.18	0.004
825.36	0.004
825.53	0.005
825.71	0.004
825.88	0.004
826.06	0.004
826.24	0.004
826.41	0.004
826.59	0.005
826.76	0.005
826.94	0.005
827.11	0.004
827.29	0.005
827.47	0.005
827.64	0.005
827.82	0.005
827.99	0.005
828.17	0.005
828.34	0.005
828.52	0.005
828.69	0.006
828.87	0.005
829.04	0.005
829.22	0.005
829.40	0.005
829.57	0.006
829.75	0.005
829.92	0.005
830.10	0.005
830.27	0.005
830.45	0.006
830.62	0.005
830.80	0.005
830.97	0.006
831.15	0.006
831.32	0.006
831.50	0.006
831.67	0.005
831.85	0.005
832.02	0.004
832.20	0.005
832.37	0.005
832.55	0.005
832.73	0.005
832.90	0.005
833.08	0.005
833.25	0.006
833.43	0.006
833.60	0.006
833.78	0.006
833.95	0.005
834.13	0.005
834.30	0.006
834.48	0.005
834.65	0.005
834.82	0.005
835.00	0.005
835.17	0.005
835.35	0.005
835.52	0.004
835.70	0.003
835.87	0.003
836.05	0.003
836.22	0.003
836.40	0.003
836.57	0.003
836.75	0.004
836.92	0.004
837.10	0.004
837.27	0.004
837.45	0.005
837.62	0.005
837.80	0.005
837.97	0.005
838.14	0.005
838.32	0.004
838.49	0.004
838.67	0.004
838.84	0.004
839.02	0.004
839.19	0.004
839.37	0.005
839.54	0.005
839.71	0.006
839.89	0.006
840.06	0.006
840.24	0.006
840.41	0.006
840.59	0.006
840.76	0.006
840.94	0.006
841.11	0.005
841.28	0.005
841.46	0.005
841.63	0.005
841.81	0.005
841.98	0.004
842.15	0.004
842.33	0.004
842.50	0.004
842.68	0.005
842.85	0.004
843.03	0.004
843.20	0.004
843.37	0.004
843.55	0.005
843.72	0.006
843.90	0.005
844.07	0.004
844.24	0.004
844.42	0.004
844.59	0.004
844.77	0.004
844.94	0.005
845.11	0.005
845.29	0.004
845.46	0.004
845.63	0.004
845.81	0.004
845.98	0.004
846.16	0.005
846.33	0.004
846.50	0.004
846.68	0.004
846.85	0.004
847.02	0.005
847.20	0.005
847.37	0.005
847.55	0.005
847.72	0.005
847.89	0.006
848.07	0.006
848.24	0.006
848.41	0.006
848.59	0.005
848.76	0.005
848.93	0.005
849.11	0.005
849.28	0.005
849.45	0.005
849.63	0.004
849.80	0.004
849.97	0.004
850.15	0.004
850.32	0.003
850.49	0.003
850.67	0.003
850.84	0.003
851.01	0.003
851.19	0.004
851.36	0.004
851.53	0.004
851.71	0.004
851.88	0.004
852.05	0.004
852.23	0.004
852.40	0.004
852.57	0.004
852.75	0.003
852.92	0.004
853.09	0.004
853.27	0.004
853.44	0.004
853.61	0.005
853.79	0.005
853.96	0.005
854.13	0.005
854.30	0.005
854.48	0.005
854.65	0.005
854.82	0.005
855.00	0.005
855.17	0.004
855.34	0.004
855.51	0.004
855.69	0.004
855.86	0.004
856.03	0.004
856.21	0.004
856.38	0.004
856.55	0.004
856.72	0.004
856.90	0.003
857.07	0.003
857.24	0.003
857.42	0.003
857.59	0.002
857.76	0.002
857.93	0.002
858.11	0.002
858.28	0.002
858.45	0.002
858.62	0.002
858.80	0.002
858.97	0.002
859.14	0.003
859.31	0.003
859.49	0.003
859.66	0.003
859.83	0.003
860.00	0.004
860.18	0.003
860.35	0.003
860.52	0.003
860.69	0.003
860.86	0.003
861.04	0.003
861.21	0.002
861.38	0.002
861.55	0.001
861.73	0.002
861.90	0.002
862.07	0.001
862.24	0.001
862.42	0.000
862.59	-0.000
862.76	0.000
862.93	0.001
863.10	0.001
863.28	0.001
863.45	0.001
863.62	0.001
863.79	0.001
863.96	0.001
864.14	0.002
864.31	0.001
864.48	0.000
864.65	-0.000
864.82	-0.000
865.00	0.000
865.17	-0.000
865.34	-0.000
865.51	-0.001
865.68	-0.000
865.86	-0.000
866.03	0.000
866.20	0.001
866.37	0.001
866.54	0.001
866.71	0.001
866.89	0.001
867.06	0.001
867.23	0.000
867.40	0.000
867.57	-0.000
867.74	-0.001
867.92	-0.002
868.09	-0.002
868.26	-0.001
868.43	-0.001
868.60	-0.001
868.77	-0.000
868.95	-0.001
869.12	-0.001
869.29	-0.000
869.46	0.000
869.63	0.000
869.80	-0.000
869.97	-0.000
870.15	-0.001
870.32	-0.002
870.49	-0.001
870.66	-0.000
870.83	-0.001
871.00	-0.001
871.17	-0.001
871.34	-0.001
871.52	-0.001
871.69	-0.001
871.86	-0.001
872.03	-0.001
872.20	-0.001
872.37	-0.001
872.54	-0.001
872.71	-0.002
872.89	-0.002
873.06	-0.002
873.23	-0.001
873.40	-0.002
873.57	-0.001
873.74	-0.001
873.91	-0.001
874.08	-0.002
874.25	-0.002
874.42	-0.002
874.60	-0.002
874.77	-0.002
874.94	-0.002
875.11	-0.002
875.28	-0.002
875.45	-0.003
875.62	-0.002
875.79	-0.002
875.96	-0.001
876.13	-0.001
876.30	-0.001
876.47	-0.000
876.65	-0.001
876.82	-0.002
876.99	-0.000
877.16	-0.001
877.33	-0.001
877.50	-0.001
877.67	-0.002
877.84	-0.003
878.01	-0.003
878.18	-0.003
878.35	-0.003
878.52	-0.004
878.69	-0.005
878.86	-0.005
879.03	-0.005
879.20	-0.005
879.38	-0.005
879.55	-0.006
879.72	-0.005
879.89	-0.005
880.06	-0.005
880.23	-0.003
880.40	-0.003
880.57	-0.004
880.74	-0.003
880.91	-0.003
881.08	-0.003
881.25	-0.003
881.42	-0.002
881.59	-0.002
881.76	-0.002
881.93	-0.002
882.10	-0.001
882.27	-0.001
882.44	-0.003
882.61	-0.002
882.78	-0.002
882.95	-0.003
883.12	-0.003
883.29	-0.003
883.46	-0.003
883.63	-0.003
883.80	-0.002
883.97	-0.002
884.14	-0.002
884.31	-0.003
884.48	-0.002
884.65	-0.003
884.82	-0.002
884.99	-0.002
885.16	-0.003
885.33	-0.004
885.50	-0.003
885.67	-0.003
885.84	-0.003
886.01	-0.003
886.18	-0.004
886.35	-0.004
886.52	-0.004
886.69	-0.004
886.86	-0.004
887.03	-0.004
887.20	-0.005
887.37	-0.005
887.54	-0.005
887.71	-0.004
887.88	-0.003
888.05	-0.003
888.22	-0.004
888.39	-0.004
888.55	-0.003
888.72	-0.003
888.89	-0.003
889.06	-0.002
889.23	-0.002
889.40	-0.004
889.57	-0.003
889.74	-0.002
889.91	-0.002
890.08	-0.002
890.25	-0.002
890.42	-0.002
890.59	-0.001
890.76	-0.001
890.93	-0.000
891.10	0.001
891.26	0.001
891.43	0.001
891.60	0.001
891.77	0.000
891.94	0.001
892.11	0.001
892.28	0.001
892.45	0.000
892.62	-0.001
892.79	-0.001
892.96	-0.001
893.13	-0.001
893.29	-0.001
893.46	-0.002
893.63	-0.002
893.80	-0.002
893.97	-0.001
894.14	0.000
894.31	-0.000
894.48	-0.000
894.65	-0.002
894.81	0.007
894.98	-0.004
