177.34	-0.027
177.56	-0.027
177.78	-0.027
178.00	-0.000
178.22	-0.000
178.44	-0.000
178.66	0.876
178.89	-0.000
179.11	-0.000
179.33	-0.521
179.55	-0.000
179.77	-0.000
179.99	-0.000
180.21	-0.000
180.43	-0.000
180.65	0.998
180.87	0.368
181.09	0.954
181.31	1.657
181.53	2.409
181.75	1.397
181.97	-0.000
182.19	-0.000
182.41	-0.000
182.63	0.975
182.85	1.077
183.07	0.772
183.30	0.808
183.52	0.760
183.74	0.583
183.96	0.515
184.18	0.568
184.40	0.602
184.62	0.596
184.84	0.663
185.06	0.772
185.28	0.824
185.50	0.799
185.72	1.019
185.94	0.981
186.16	0.918
186.38	0.927
186.60	1.005
186.82	1.035
187.04	0.987
187.26	1.028
187.48	1.147
187.70	1.225
187.92	1.262
188.14	1.416
188.36	1.396
188.58	1.520
188.80	1.365
189.02	1.376
189.24	1.418
189.46	1.500
189.68	1.453
189.90	1.604
190.12	1.468
190.34	1.410
190.56	1.384
190.78	1.425
191.00	1.344
191.22	1.262
191.44	1.229
191.66	1.228
191.88	1.208
192.10	1.241
192.32	1.286
192.54	1.307
192.76	1.401
192.98	1.527
193.20	1.832
193.42	1.583
193.64	1.664
193.86	1.787
194.08	1.725
194.30	1.864
194.52	1.895
194.74	1.612
194.96	1.676
195.18	1.553
195.40	1.634
195.62	1.637
195.84	1.632
196.06	1.630
196.28	1.624
196.50	1.641
196.72	1.701
196.94	1.635
197.16	1.584
197.38	1.666
197.60	1.700
197.82	1.674
198.04	1.727
198.26	1.783
198.48	1.770
198.70	1.788
198.92	1.902
199.13	1.971
199.35	2.028
199.57	2.016
199.79	2.442
200.01	2.259
200.23	2.114
200.45	2.146
200.67	2.436
200.89	2.140
201.11	2.321
201.33	2.350
201.55	2.511
201.77	2.391
201.99	2.743
202.21	-0.000
202.43	-0.000
202.65	3.140
202.87	-0.000
203.09	-0.000
203.31	-0.000
203.52	2.732
203.74	3.135
203.96	2.825
204.18	2.568
204.40	2.366
204.62	2.743
204.84	2.391
205.06	2.119
205.28	2.164
205.50	2.341
205.72	2.205
205.94	2.267
206.16	2.330
206.38	2.225
206.59	2.099
206.81	2.278
207.03	2.451
207.25	2.351
207.47	2.225
207.69	2.204
207.91	2.164
208.13	2.119
208.35	2.323
208.57	2.562
208.79	2.475
209.01	2.536
209.22	2.777
209.44	2.521
209.66	2.632
209.88	2.538
210.10	2.586
210.32	2.337
210.54	2.322
210.76	2.334
210.98	2.250
211.20	2.220
211.42	2.455
211.63	2.434
211.85	2.526
212.07	2.749
212.29	2.945
212.51	2.645
212.73	2.662
212.95	2.740
213.17	2.672
213.39	2.569
213.60	2.542
213.82	2.501
214.04	2.502
214.26	2.497
214.48	2.768
214.70	2.700
214.92	2.677
215.14	2.586
215.35	2.558
215.57	2.564
215.79	2.514
216.01	2.372
216.23	2.356
216.45	2.276
216.67	2.318
216.89	2.318
217.10	2.441
217.32	2.467
217.54	2.553
217.76	2.587
217.98	2.700
218.20	2.775
218.42	2.767
218.64	2.594
218.85	2.544
219.07	2.490
219.29	2.426
219.51	2.420
219.73	2.521
219.95	2.438
220.17	2.537
220.38	2.485
220.60	2.571
220.82	2.659
221.04	2.669
221.26	2.747
221.48	2.635
221.69	2.514
221.91	2.570
222.13	2.490
222.35	2.545
222.57	2.536
222.79	2.578
223.00	2.585
223.22	2.642
223.44	2.645
223.66	2.822
223.88	2.848
224.10	2.977
224.32	2.946
224.53	2.965
224.75	2.848
224.97	2.802
225.19	2.622
225.41	2.723
225.62	2.629
225.84	2.696
226.06	2.649
226.28	2.712
226.50	2.687
226.72	2.733
226.93	2.905
227.15	3.250
227.37	3.238
227.59	3.175
227.81	3.033
228.02	3.022
228.24	2.861
228.46	3.033
228.68	2.892
228.90	2.797
229.12	2.778
229.33	2.734
229.55	2.716
229.77	2.704
229.99	2.724
230.21	2.822
230.42	2.743
230.64	2.795
230.86	2.842
231.08	2.819
231.30	2.803
231.51	2.898
231.73	2.945
231.95	2.858
232.17	2.926
232.38	3.022
232.60	3.122
232.82	2.940
233.04	2.878
233.26	2.937
233.47	2.979
233.69	2.915
233.91	2.968
234.13	2.897
234.35	2.829
234.56	2.840
234.78	2.975
235.00	3.332
235.22	3.417
235.43	3.219
235.65	3.562
235.87	3.497
236.09	3.208
236.30	3.227
236.52	3.119
236.74	2.954
236.96	2.896
237.18	2.908
237.39	3.044
237.61	3.009
237.83	3.054
238.05	3.081
238.26	3.073
238.48	3.111
238.70	3.177
238.92	2.998
239.13	2.970
239.35	2.844
239.57	2.838
239.79	2.824
240.00	2.942
240.22	3.013
240.44	2.986
240.66	3.063
240.87	3.183
241.09	2.987
241.31	3.029
241.53	2.955
241.74	2.931
241.96	2.801
242.18	2.750
242.40	2.776
242.61	2.724
242.83	2.710
243.05	2.803
243.27	2.840
243.48	2.877
243.70	2.928
243.92	3.045
244.13	3.121
244.35	3.065
244.57	3.119
244.79	3.116
245.00	3.112
245.22	3.103
245.44	3.067
245.65	3.048
245.87	3.023
246.09	3.024
246.31	3.081
246.52	3.095
246.74	3.114
246.96	3.165
247.18	3.324
247.39	3.395
247.61	3.253
247.83	3.279
248.04	3.330
248.26	3.206
248.48	3.159
248.69	3.121
248.91	2.970
249.13	2.873
249.35	2.869
249.56	2.947
249.78	3.002
250.00	2.976
250.21	3.062
250.43	3.153
250.65	3.202
250.86	3.343
251.08	3.464
251.30	3.386
251.51	3.304
251.73	3.202
251.95	3.073
252.17	3.097
252.38	3.074
252.60	3.084
252.82	3.152
253.03	3.071
253.25	3.109
253.47	3.169
253.68	3.147
253.90	3.294
254.12	3.138
254.33	3.090
254.55	3.101
254.77	3.034
254.98	2.960
255.20	2.944
255.42	2.936
255.63	2.990
255.85	3.000
256.07	3.136
256.28	3.289
256.50	3.309
256.72	3.418
256.93	-0.000
257.15	-0.000
257.37	-0.000
257.58	5.019
257.80	4.930
258.02	3.642
258.23	3.709
258.45	3.870
258.67	4.315
258.88	3.402
259.10	3.480
259.32	3.543
259.53	3.477
259.75	3.501
259.96	3.805
260.18	3.477
260.40	3.410
260.61	3.250
260.83	3.312
261.05	3.228
261.26	3.226
261.48	3.163
261.70	3.127
261.91	3.029
262.13	3.006
262.34	3.069
262.56	3.060
262.78	2.986
262.99	2.988
263.21	2.998
263.43	3.014
263.64	2.946
263.86	2.966
264.07	2.955
264.29	2.876
264.51	2.884
264.72	2.935
264.94	2.926
265.16	2.931
265.37	3.021
265.59	3.020
265.80	2.981
266.02	3.020
266.24	2.975
266.45	3.020
266.67	3.043
266.88	3.070
267.10	2.999
267.32	2.945
267.53	3.039
267.75	3.139
267.96	3.090
268.18	3.154
268.40	3.008
268.61	2.899
268.83	2.966
269.04	3.059
269.26	3.112
269.48	3.109
269.69	3.056
269.91	3.140
270.12	3.122
270.34	3.194
270.56	3.557
270.77	3.266
270.99	3.235
271.20	3.176
271.42	3.071
271.64	3.009
271.85	2.945
272.07	2.927
272.28	2.909
272.50	2.795
272.71	2.777
272.93	2.732
273.15	2.723
273.36	2.725
273.58	2.738
273.79	2.758
274.01	2.812
274.22	2.830
274.44	2.933
274.66	3.016
274.87	2.969
275.09	2.975
275.30	3.022
275.52	3.052
275.73	2.937
275.95	2.907
276.16	2.925
276.38	2.909
276.60	2.850
276.81	2.923
277.03	2.864
277.24	2.879
277.46	2.849
277.67	2.887
277.89	2.878
278.10	2.822
278.32	2.817
278.53	2.854
278.75	2.889
278.97	2.913
279.18	2.925
279.40	2.985
279.61	3.034
279.83	3.050
280.04	3.117
280.26	3.096
280.47	3.032
280.69	2.884
280.90	2.849
281.12	2.806
281.33	2.736
281.55	2.731
281.76	2.701
281.98	2.667
282.20	2.676
282.41	2.683
282.63	2.719
282.84	2.793
283.06	2.782
283.27	2.844
283.49	2.835
283.70	2.833
283.92	2.951
284.13	2.927
284.35	2.926
284.56	2.930
284.78	2.887
284.99	2.851
285.21	2.799
285.42	2.787
285.64	2.800
285.85	2.732
286.07	2.701
286.28	2.705
286.50	2.685
286.71	2.674
286.93	2.655
287.14	2.679
287.36	2.690
287.57	2.650
287.79	2.620
288.00	2.652
288.22	2.608
288.43	2.617
288.65	2.600
288.86	2.655
289.08	2.620
289.29	2.579
289.51	2.579
289.72	2.601
289.94	2.569
290.15	2.582
290.37	2.568
290.58	2.550
290.80	2.515
291.01	2.497
291.22	2.498
291.44	2.481
291.65	2.469
291.87	2.495
292.08	2.500
292.30	2.454
292.51	2.458
292.73	2.432
292.94	2.424
293.16	2.405
293.37	2.414
293.59	2.393
293.80	2.350
294.02	2.335
294.23	2.337
294.44	2.323
294.66	2.314
294.87	2.317
295.09	2.317
295.30	2.295
295.52	2.299
295.73	2.311
295.95	2.308
296.16	2.297
296.37	2.290
296.59	2.297
296.80	2.275
297.02	2.257
297.23	2.259
297.45	2.253
297.66	2.241
297.88	2.221
298.09	2.225
298.30	2.217
298.52	2.190
298.73	2.194
298.95	2.184
299.16	2.180
299.38	2.172
299.59	2.152
299.80	2.143
300.02	2.136
300.23	2.120
300.45	2.129
300.66	2.123
300.88	2.119
301.09	2.111
301.30	2.106
301.52	2.102
301.73	2.099
301.95	2.082
302.16	2.080
302.37	2.068
302.59	2.054
302.80	2.050
303.02	2.039
303.23	2.021
303.45	2.015
303.66	2.009
303.87	2.017
304.09	2.018
304.30	2.013
304.52	2.024
304.73	2.019
304.94	2.015
305.16	2.015
305.37	2.004
305.59	1.994
305.80	1.987
306.01	1.976
306.23	1.969
306.44	1.949
306.65	1.938
306.87	1.931
307.08	1.925
307.30	1.934
307.51	1.932
307.72	1.915
307.94	1.906
308.15	1.906
308.37	1.903
308.58	1.901
308.79	1.897
309.01	1.892
309.22	1.879
309.43	1.876
309.65	1.877
309.86	1.877
310.07	1.876
310.29	1.874
310.50	1.875
310.72	1.871
310.93	1.868
311.14	1.863
311.36	1.850
311.57	1.844
311.78	1.837
312.00	1.828
312.21	1.816
312.42	1.808
312.64	1.796
312.85	1.793
313.07	1.792
313.28	1.794
313.49	1.786
313.71	1.784
313.92	1.773
314.13	1.774
314.35	1.766
314.56	1.766
314.77	1.755
314.99	1.745
315.20	1.742
315.41	1.735
315.63	1.730
315.84	1.733
316.05	1.727
316.27	1.724
316.48	1.719
316.69	1.715
316.91	1.711
317.12	1.706
317.33	1.703
317.55	1.699
317.76	1.692
317.97	1.690
318.19	1.690
318.40	1.683
318.61	1.681
318.83	1.678
319.04	1.669
319.25	1.665
319.47	1.659
319.68	1.655
319.89	1.653
320.10	1.646
320.32	1.645
320.53	1.638
320.74	1.633
320.96	1.631
321.17	1.628
321.38	1.624
321.60	1.620
321.81	1.613
322.02	1.609
322.24	1.605
322.45	1.603
322.66	1.604
322.87	1.602
323.09	1.600
323.30	1.597
323.51	1.590
323.73	1.590
323.94	1.585
324.15	1.581
324.36	1.575
324.58	1.565
324.79	1.558
325.00	1.554
325.22	1.552
325.43	1.547
325.64	1.539
325.85	1.533
326.07	1.529
326.28	1.532
326.49	1.529
326.71	1.525
326.92	1.520
327.13	1.516
327.34	1.515
327.56	1.514
327.77	1.514
327.98	1.511
328.19	1.502
328.41	1.497
328.62	1.493
328.83	1.488
329.04	1.482
329.26	1.482
329.47	1.479
329.68	1.476
329.90	1.473
330.11	1.469
330.32	1.468
330.53	1.468
330.75	1.464
330.96	1.462
331.17	1.456
331.38	1.451
331.60	1.445
331.81	1.443
332.02	1.441
332.23	1.438
332.44	1.435
332.66	1.436
332.87	1.432
333.08	1.426
333.29	1.423
333.51	1.419
333.72	1.414
333.93	1.413
334.14	1.405
334.36	1.401
334.57	1.398
334.78	1.392
334.99	1.393
335.21	1.390
335.42	1.385
335.63	1.381
335.84	1.378
336.05	1.383
336.27	1.379
336.48	1.378
336.69	1.375
336.90	1.369
337.11	1.366
337.33	1.369
337.54	1.367
337.75	1.364
337.96	1.360
338.18	1.358
338.39	1.351
338.60	1.347
338.81	1.348
339.02	1.344
339.24	1.341
339.45	1.338
339.66	1.332
339.87	1.325
340.08	1.321
340.30	1.319
340.51	1.317
340.72	1.312
340.93	1.310
341.14	1.305
341.36	1.302
341.57	1.301
341.78	1.299
341.99	1.295
342.20	1.291
342.41	1.289
342.63	1.285
342.84	1.282
343.05	1.280
343.26	1.278
343.47	1.275
343.69	1.276
343.90	1.275
344.11	1.274
344.32	1.271
344.53	1.269
344.74	1.268
344.96	1.266
345.17	1.261
345.38	1.260
345.59	1.256
345.80	1.251
346.01	1.247
346.23	1.244
346.44	1.242
346.65	1.237
346.86	1.236
347.07	1.234
347.28	1.230
347.50	1.227
347.71	1.226
347.92	1.226
348.13	1.223
348.34	1.221
348.55	1.220
348.76	1.218
348.98	1.213
349.19	1.212
349.40	1.209
349.61	1.207
349.82	1.203
350.03	1.203
350.24	1.198
350.46	1.193
350.67	1.189
350.88	1.188
351.09	1.186
351.30	1.182
351.51	1.181
351.72	1.180
351.93	1.177
352.15	1.177
352.36	1.176
352.57	1.172
352.78	1.170
352.99	1.166
353.20	1.164
353.41	1.162
353.62	1.161
353.84	1.157
354.05	1.154
354.26	1.152
354.47	1.150
354.68	1.150
354.89	1.149
355.10	1.149
355.31	1.144
355.52	1.143
355.74	1.142
355.95	1.141
356.16	1.139
356.37	1.137
356.58	1.135
356.79	1.133
357.00	1.129
357.21	1.130
357.42	1.126
357.63	1.123
357.85	1.120
358.06	1.118
358.27	1.119
358.48	1.117
358.69	1.113
358.90	1.111
359.11	1.108
359.32	1.105
359.53	1.105
359.74	1.103
359.95	1.100
360.17	1.097
360.38	1.095
360.59	1.094
360.80	1.092
361.01	1.089
361.22	1.088
361.43	1.086
361.64	1.085
361.85	1.084
362.06	1.081
362.27	1.078
362.48	1.078
362.69	1.077
362.90	1.077
363.12	1.072
363.33	1.069
363.54	1.068
363.75	1.063
363.96	1.060
364.17	1.058
364.38	1.056
364.59	1.053
364.80	1.050
365.01	1.050
365.22	1.048
365.43	1.044
365.64	1.044
365.85	1.043
366.06	1.041
366.27	1.038
366.48	1.036
366.69	1.033
366.90	1.034
367.11	1.033
367.32	1.033
367.54	1.031
367.75	1.029
367.96	1.028
368.17	1.025
368.38	1.024
368.59	1.025
368.80	1.023
369.01	1.021
369.22	1.021
369.43	1.019
369.64	1.017
369.85	1.015
370.06	1.016
370.27	1.013
370.48	1.010
370.69	1.007
370.90	1.005
371.11	1.003
371.32	1.002
371.53	1.000
371.74	0.999
371.95	0.997
372.16	0.995
372.37	0.994
372.58	0.993
372.79	0.992
373.00	0.989
373.21	0.987
373.42	0.986
373.63	0.985
373.84	0.984
374.05	0.984
374.26	0.984
374.47	0.982
374.68	0.979
374.89	0.979
375.10	0.978
375.31	0.976
375.52	0.974
375.73	0.970
375.94	0.968
376.15	0.966
376.36	0.965
376.57	0.964
376.78	0.961
376.99	0.959
377.20	0.958
377.41	0.957
377.62	0.956
377.83	0.955
378.04	0.953
378.25	0.951
378.46	0.950
378.67	0.950
378.88	0.948
379.09	0.947
379.30	0.946
379.51	0.946
379.72	0.945
379.92	0.943
380.13	0.943
380.34	0.941
380.55	0.939
380.76	0.938
380.97	0.936
381.18	0.935
381.39	0.932
381.60	0.929
381.81	0.928
382.02	0.927
382.23	0.925
382.44	0.924
382.65	0.924
382.86	0.923
383.07	0.921
383.28	0.922
383.49	0.921
383.70	0.920
383.91	0.920
384.11	0.919
384.32	0.917
384.53	0.916
384.74	0.915
384.95	0.914
385.16	0.912
385.37	0.911
385.58	0.908
385.79	0.906
386.00	0.905
386.21	0.905
386.42	0.903
386.63	0.899
386.84	0.898
387.04	0.896
387.25	0.896
387.46	0.894
387.67	0.894
387.88	0.893
388.09	0.890
388.30	0.889
388.51	0.888
388.72	0.887
388.93	0.886
389.14	0.884
389.34	0.884
389.55	0.883
389.76	0.882
389.97	0.882
390.18	0.881
390.39	0.881
390.60	0.879
390.81	0.879
391.02	0.879
391.23	0.877
391.43	0.876
391.64	0.875
391.85	0.875
392.06	0.874
392.27	0.873
392.48	0.872
392.69	0.871
392.90	0.870
393.11	0.870
393.31	0.868
393.52	0.867
393.73	0.865
393.94	0.862
394.15	0.860
394.36	0.859
394.57	0.858
394.78	0.856
394.98	0.856
395.19	0.855
395.40	0.853
395.61	0.855
395.82	0.857
396.03	0.856
396.24	0.856
396.44	0.856
396.65	0.856
396.86	0.854
397.07	0.854
397.28	0.853
397.49	0.850
397.70	0.848
397.90	0.848
398.11	0.847
398.32	0.845
398.53	0.843
398.74	0.842
398.95	0.839
399.16	0.837
399.36	0.837
399.57	0.836
399.78	0.835
399.99	0.833
400.20	0.834
400.41	0.833
400.61	0.831
400.82	0.832
401.03	0.833
401.24	0.831
401.45	0.830
401.66	0.829
401.86	0.829
402.07	0.828
402.28	0.828
402.49	0.828
402.70	0.827
402.91	0.826
403.11	0.825
403.32	0.824
403.53	0.822
403.74	0.823
403.95	0.821
404.15	0.822
404.36	0.820
404.57	0.819
404.78	0.818
404.99	0.818
405.20	0.817
405.40	0.817
405.61	0.814
405.82	0.814
406.03	0.812
406.24	0.812
406.44	0.811
406.65	0.811
406.86	0.810
407.07	0.808
407.28	0.807
407.48	0.806
407.69	0.804
407.90	0.804
408.11	0.802
408.32	0.802
408.52	0.801
408.73	0.801
408.94	0.802
409.15	0.803
409.35	0.802
409.56	0.803
409.77	0.803
409.98	0.802
410.19	0.801
410.39	0.799
410.60	0.798
410.81	0.796
411.02	0.794
411.22	0.793
411.43	0.791
411.64	0.791
411.85	0.790
412.05	0.788
412.26	0.787
412.47	0.787
412.68	0.787
412.89	0.787
413.09	0.787
413.30	0.787
413.51	0.785
413.72	0.785
413.92	0.785
414.13	0.785
414.34	0.784
414.55	0.783
414.75	0.783
414.96	0.782
415.17	0.781
415.38	0.783
415.58	0.783
415.79	0.784
416.00	0.785
416.21	0.784
416.41	0.784
416.62	0.783
416.83	0.782
417.03	0.782
417.24	0.781
417.45	0.778
417.66	0.775
417.86	0.774
418.07	0.774
418.28	0.771
418.49	0.770
418.69	0.770
418.90	0.767
419.11	0.766
419.31	0.767
419.52	0.767
419.73	0.767
419.94	0.766
420.14	0.766
420.35	0.766
420.56	0.766
420.76	0.767
420.97	0.765
421.18	0.764
421.39	0.763
421.59	0.761
421.80	0.760
422.01	0.761
422.21	0.761
422.42	0.760
422.63	0.760
422.84	0.760
423.04	0.759
423.25	0.759
423.46	0.759
423.66	0.759
423.87	0.758
424.08	0.757
424.28	0.756
424.49	0.756
424.70	0.754
424.90	0.753
425.11	0.753
425.32	0.752
425.52	0.751
425.73	0.750
425.94	0.751
426.15	0.750
426.35	0.750
426.56	0.751
426.77	0.750
426.97	0.749
427.18	0.748
427.39	0.746
427.59	0.746
427.80	0.746
428.01	0.745
428.21	0.744
428.42	0.746
428.63	0.745
428.83	0.744
429.04	0.744
429.25	0.745
429.45	0.743
429.66	0.742
429.87	0.741
430.07	0.739
430.28	0.737
430.48	0.737
430.69	0.737
430.90	0.737
431.10	0.736
431.31	0.737
431.52	0.736
431.72	0.736
431.93	0.736
432.14	0.735
432.34	0.735
432.55	0.734
432.76	0.735
432.96	0.734
433.17	0.733
433.37	0.733
433.58	0.732
433.79	0.732
433.99	0.732
434.20	0.731
434.41	0.731
434.61	0.728
434.82	0.726
435.02	0.726
435.23	0.725
435.44	0.725
435.64	0.723
435.85	0.723
436.06	0.722
436.26	0.721
436.47	0.722
436.67	0.722
436.88	0.722
437.09	0.721
437.29	0.719
437.50	0.720
437.70	0.720
437.91	0.720
438.12	0.720
438.32	0.720
438.53	0.719
438.73	0.719
438.94	0.718
439.15	0.718
439.35	0.717
439.56	0.716
439.76	0.716
439.97	0.716
440.18	0.714
440.38	0.714
440.59	0.713
440.79	0.713
441.00	0.712
441.20	0.712
441.41	0.712
441.62	0.710
441.82	0.710
442.03	0.709
442.23	0.709
442.44	0.709
442.65	0.708
442.85	0.709
443.06	0.708
443.26	0.708
443.47	0.710
443.67	0.709
443.88	0.709
444.09	0.707
444.29	0.707
444.50	0.707
444.70	0.706
444.91	0.704
445.11	0.704
445.32	0.703
445.52	0.703
445.73	0.704
445.94	0.704
446.14	0.704
446.35	0.703
446.55	0.702
446.76	0.701
446.96	0.701
447.17	0.701
447.37	0.700
447.58	0.699
447.78	0.699
447.99	0.698
448.20	0.698
448.40	0.699
448.61	0.699
448.81	0.698
449.02	0.698
449.22	0.698
449.43	0.698
449.63	0.697
449.84	0.696
450.04	0.695
450.25	0.695
450.45	0.695
450.66	0.696
450.86	0.695
451.07	0.694
451.27	0.693
451.48	0.692
451.68	0.692
451.89	0.691
452.09	0.691
452.30	0.692
452.50	0.691
452.71	0.690
452.91	0.689
453.12	0.688
453.33	0.687
453.53	0.688
453.74	0.687
453.94	0.686
454.15	0.684
454.35	0.683
454.56	0.684
454.76	0.684
454.96	0.684
455.17	0.685
455.37	0.684
455.58	0.684
455.78	0.683
455.99	0.684
456.19	0.684
456.40	0.683
456.60	0.683
456.81	0.683
457.01	0.682
457.22	0.682
457.42	0.681
457.63	0.681
457.83	0.680
458.04	0.679
458.24	0.678
458.45	0.679
458.65	0.678
458.86	0.677
459.06	0.677
459.27	0.677
459.47	0.678
459.67	0.678
459.88	0.678
460.08	0.678
460.29	0.677
460.49	0.678
460.70	0.679
460.90	0.678
461.11	0.677
461.31	0.676
461.52	0.675
461.72	0.675
461.92	0.675
462.13	0.674
462.33	0.673
462.54	0.673
462.74	0.672
462.95	0.671
463.15	0.671
463.36	0.670
463.56	0.669
463.76	0.669
463.97	0.668
464.17	0.669
464.38	0.666
464.58	0.666
464.79	0.667
464.99	0.667
465.19	0.668
465.40	0.667
465.60	0.667
465.81	0.667
466.01	0.666
466.22	0.667
466.42	0.667
466.62	0.667
466.83	0.666
467.03	0.666
467.24	0.666
467.44	0.666
467.65	0.666
467.85	0.665
468.05	0.664
468.26	0.663
468.46	0.662
468.67	0.661
468.87	0.660
469.07	0.660
469.28	0.659
469.48	0.659
469.69	0.659
469.89	0.660
470.09	0.661
470.30	0.661
470.50	0.660
470.71	0.661
470.91	0.660
471.11	0.660
471.32	0.660
471.52	0.659
471.72	0.658
471.93	0.658
472.13	0.657
472.34	0.657
472.54	0.657
472.74	0.657
472.95	0.656
473.15	0.656
473.35	0.657
473.56	0.655
473.76	0.655
473.97	0.654
474.17	0.654
474.37	0.653
474.58	0.653
474.78	0.653
474.98	0.653
475.19	0.652
475.39	0.652
475.60	0.651
475.80	0.650
476.00	0.650
476.21	0.649
476.41	0.648
476.61	0.648
476.82	0.647
477.02	0.647
477.22	0.647
477.43	0.648
477.63	0.649
477.83	0.650
478.04	0.651
478.24	0.650
478.44	0.650
478.65	0.649
478.85	0.649
479.05	0.648
479.26	0.647
479.46	0.647
479.66	0.645
479.87	0.644
480.07	0.643
480.27	0.643
480.48	0.643
480.68	0.643
480.88	0.644
481.09	0.643
481.29	0.641
481.49	0.640
481.70	0.640
481.90	0.640
482.10	0.640
482.31	0.639
482.51	0.638
482.71	0.638
482.92	0.639
483.12	0.640
483.32	0.640
483.52	0.639
483.73	0.640
483.93	0.640
484.13	0.639
484.34	0.640
484.54	0.640
484.74	0.639
484.95	0.637
485.15	0.638
485.35	0.638
485.55	0.637
485.76	0.637
485.96	0.637
486.16	0.637
486.37	0.637
486.57	0.638
486.77	0.638
486.97	0.637
487.18	0.636
487.38	0.636
487.58	0.635
487.79	0.635
487.99	0.634
488.19	0.633
488.39	0.633
488.60	0.632
488.80	0.632
489.00	0.633
489.20	0.633
489.41	0.632
489.61	0.632
489.81	0.632
490.02	0.632
490.22	0.632
490.42	0.631
490.62	0.631
490.83	0.631
491.03	0.629
491.23	0.629
491.43	0.629
491.64	0.629
491.84	0.628
492.04	0.627
492.24	0.627
492.45	0.627
492.65	0.626
492.85	0.625
493.05	0.625
493.26	0.625
493.46	0.625
493.66	0.625
493.86	0.625
494.07	0.626
494.27	0.625
494.47	0.625
494.67	0.626
494.87	0.625
495.08	0.625
495.28	0.625
495.48	0.624
495.68	0.624
495.89	0.624
496.09	0.625
496.29	0.624
496.49	0.624
496.69	0.624
496.90	0.624
497.10	0.623
497.30	0.622
497.50	0.621
497.71	0.621
497.91	0.620
498.11	0.620
498.31	0.620
498.51	0.620
498.72	0.619
498.92	0.620
499.12	0.620
499.32	0.621
499.52	0.619
499.73	0.619
499.93	0.620
500.13	0.618
500.33	0.618
500.53	0.618
500.74	0.618
500.94	0.617
501.14	0.616
501.34	0.616
501.54	0.616
501.74	0.615
501.95	0.616
502.15	0.615
502.35	0.614
502.55	0.614
502.75	0.615
502.96	0.616
503.16	0.616
503.36	0.615
503.56	0.615
503.76	0.614
503.96	0.614
504.17	0.614
504.37	0.614
504.57	0.614
504.77	0.613
504.97	0.613
505.17	0.613
505.38	0.612
505.58	0.612
505.78	0.612
505.98	0.611
506.18	0.611
506.38	0.610
506.58	0.609
506.79	0.608
506.99	0.608
507.19	0.608
507.39	0.608
507.59	0.607
507.79	0.606
507.99	0.606
508.20	0.606
508.40	0.607
508.60	0.607
508.80	0.605
509.00	0.605
509.20	0.604
509.40	0.604
509.61	0.604
509.81	0.603
510.01	0.603
510.21	0.603
510.41	0.602
510.61	0.604
510.81	0.604
511.01	0.604
511.22	0.605
511.42	0.604
511.62	0.605
511.82	0.603
512.02	0.603
512.22	0.604
512.42	0.604
512.62	0.603
512.82	0.603
513.03	0.602
513.23	0.602
513.43	0.601
513.63	0.601
513.83	0.600
514.03	0.600
514.23	0.601
514.43	0.601
514.63	0.601
514.83	0.602
515.04	0.602
515.24	0.603
515.44	0.603
515.64	0.603
515.84	0.603
516.04	0.601
516.24	0.601
516.44	0.600
516.64	0.599
516.84	0.598
517.04	0.598
517.24	0.598
517.45	0.597
517.65	0.596
517.85	0.597
518.05	0.597
518.25	0.596
518.45	0.596
518.65	0.596
518.85	0.596
519.05	0.595
519.25	0.595
519.45	0.595
519.65	0.594
519.85	0.593
520.05	0.593
520.25	0.593
520.46	0.592
520.66	0.592
520.86	0.592
521.06	0.592
521.26	0.592
521.46	0.592
521.66	0.592
521.86	0.593
522.06	0.592
522.26	0.591
522.46	0.591
522.66	0.590
522.86	0.590
523.06	0.590
523.26	0.590
523.46	0.589
523.66	0.588
523.86	0.588
524.06	0.588
524.26	0.588
524.46	0.588
524.66	0.587
524.86	0.586
525.06	0.586
525.26	0.586
525.46	0.587
525.66	0.586
525.87	0.586
526.07	0.585
526.27	0.584
526.47	0.585
526.67	0.585
526.87	0.585
527.07	0.585
527.27	0.584
527.47	0.584
527.67	0.585
527.87	0.584
528.07	0.584
528.27	0.583
528.47	0.582
528.67	0.582
528.87	0.581
529.07	0.582
529.27	0.581
529.47	0.581
529.67	0.580
529.87	0.580
530.07	0.581
530.27	0.581
530.47	0.582
530.67	0.582
530.87	0.582
531.06	0.582
531.26	0.581
531.46	0.581
531.66	0.581
531.86	0.580
532.06	0.579
532.26	0.579
532.46	0.580
532.66	0.578
532.86	0.578
533.06	0.578
533.26	0.578
533.46	0.579
533.66	0.579
533.86	0.579
534.06	0.578
534.26	0.578
534.46	0.578
534.66	0.578
534.86	0.578
535.06	0.577
535.26	0.577
535.46	0.576
535.66	0.577
535.86	0.576
536.06	0.576
536.26	0.576
536.45	0.577
536.65	0.577
536.85	0.576
537.05	0.576
537.25	0.575
537.45	0.574
537.65	0.574
537.85	0.573
538.05	0.573
538.25	0.572
538.45	0.572
538.65	0.572
538.85	0.572
539.05	0.572
539.25	0.573
539.44	0.573
539.64	0.573
539.84	0.574
540.04	0.574
540.24	0.574
540.44	0.574
540.64	0.574
540.84	0.574
541.04	0.574
541.24	0.574
541.44	0.574
541.64	0.573
541.83	0.573
542.03	0.572
542.23	0.571
542.43	0.571
542.63	0.570
542.83	0.570
543.03	0.570
543.23	0.569
543.43	0.569
543.63	0.569
543.82	0.569
544.02	0.569
544.22	0.569
544.42	0.568
544.62	0.567
544.82	0.567
545.02	0.568
545.22	0.567
545.42	0.567
545.61	0.567
545.81	0.566
546.01	0.566
546.21	0.567
546.41	0.567
546.61	0.567
546.81	0.565
547.01	0.565
547.20	0.565
547.40	0.563
547.60	0.563
547.80	0.563
548.00	0.563
548.20	0.563
548.40	0.562
548.59	0.564
548.79	0.564
548.99	0.563
549.19	0.564
549.39	0.565
549.59	0.564
549.79	0.564
549.98	0.563
550.18	0.563
550.38	0.563
550.58	0.564
550.78	0.564
550.98	0.564
551.17	0.563
551.37	0.563
551.57	0.563
551.77	0.562
551.97	0.563
552.17	0.562
552.36	0.562
552.56	0.561
552.76	0.560
552.96	0.562
553.16	0.561
553.36	0.561
553.55	0.561
553.75	0.560
553.95	0.560
554.15	0.559
554.35	0.559
554.55	0.559
554.74	0.558
554.94	0.558
555.14	0.557
555.34	0.557
555.54	0.556
555.73	0.556
555.93	0.557
556.13	0.557
556.33	0.557
556.53	0.556
556.72	0.557
556.92	0.557
557.12	0.557
557.32	0.557
557.52	0.557
557.71	0.556
557.91	0.555
558.11	0.554
558.31	0.555
558.51	0.554
558.70	0.553
558.90	0.554
559.10	0.555
559.30	0.555
559.49	0.555
559.69	0.555
559.89	0.556
560.09	0.555
560.29	0.555
560.48	0.555
560.68	0.554
560.88	0.554
561.08	0.554
561.27	0.554
561.47	0.554
561.67	0.554
561.87	0.554
562.06	0.554
562.26	0.554
562.46	0.553
562.66	0.552
562.86	0.552
563.05	0.551
563.25	0.551
563.45	0.551
563.65	0.552
563.84	0.551
564.04	0.551
564.24	0.552
564.44	0.553
564.63	0.553
564.83	0.553
565.03	0.552
565.22	0.552
565.42	0.551
565.62	0.551
565.82	0.550
566.01	0.549
566.21	0.549
566.41	0.548
566.61	0.548
566.80	0.548
567.00	0.548
567.20	0.549
567.40	0.549
567.59	0.550
567.79	0.551
567.99	0.551
568.18	0.551
568.38	0.551
568.58	0.551
568.78	0.551
568.97	0.550
569.17	0.549
569.37	0.548
569.56	0.548
569.76	0.548
569.96	0.549
570.16	0.548
570.35	0.549
570.55	0.549
570.75	0.549
570.94	0.549
571.14	0.549
571.34	0.549
571.53	0.548
571.73	0.548
571.93	0.549
572.12	0.549
572.32	0.549
572.52	0.549
572.72	0.549
572.91	0.549
573.11	0.550
573.31	0.549
573.50	0.549
573.70	0.548
573.90	0.548
574.09	0.547
574.29	0.547
574.49	0.547
574.68	0.547
574.88	0.546
575.08	0.546
575.27	0.546
575.47	0.546
575.67	0.546
575.86	0.546
576.06	0.545
576.26	0.545
576.45	0.545
576.65	0.545
576.85	0.544
577.04	0.544
577.24	0.543
577.44	0.543
577.63	0.543
577.83	0.542
578.02	0.543
578.22	0.543
578.42	0.542
578.61	0.542
578.81	0.542
579.01	0.542
579.20	0.542
579.40	0.542
579.60	0.542
579.79	0.541
579.99	0.542
580.19	0.542
580.38	0.542
580.58	0.542
580.77	0.542
580.97	0.542
581.17	0.541
581.36	0.541
581.56	0.540
581.75	0.540
581.95	0.540
582.15	0.540
582.34	0.540
582.54	0.540
582.74	0.540
582.93	0.540
583.13	0.540
583.32	0.541
583.52	0.541
583.72	0.540
583.91	0.540
584.11	0.540
584.30	0.539
584.50	0.539
584.70	0.538
584.89	0.538
585.09	0.536
585.28	0.537
585.48	0.536
585.68	0.536
585.87	0.536
586.07	0.535
586.26	0.535
586.46	0.535
586.66	0.536
586.85	0.536
587.05	0.535
587.24	0.535
587.44	0.535
587.63	0.535
587.83	0.536
588.03	0.535
588.22	0.534
588.42	0.534
588.61	0.534
588.81	0.534
589.00	0.533
589.20	0.533
589.40	0.533
589.59	0.532
589.79	0.532
589.98	0.532
590.18	0.532
590.37	0.532
590.57	0.533
590.76	0.533
590.96	0.533
591.16	0.532
591.35	0.533
591.55	0.533
591.74	0.533
591.94	0.533
592.13	0.533
592.33	0.533
592.52	0.533
592.72	0.532
592.91	0.532
593.11	0.532
593.30	0.532
593.50	0.531
593.70	0.531
593.89	0.532
594.09	0.531
594.28	0.531
594.48	0.531
594.67	0.531
594.87	0.530
595.06	0.531
595.26	0.531
595.45	0.531
595.65	0.530
595.84	0.530
596.04	0.530
596.23	0.530
596.43	0.529
596.62	0.530
596.82	0.529
597.01	0.529
597.21	0.529
597.40	0.529
597.60	0.529
597.79	0.529
597.99	0.529
598.18	0.529
598.38	0.529
598.57	0.529
598.77	0.528
598.96	0.528
599.16	0.528
599.35	0.527
599.55	0.527
599.74	0.527
599.94	0.527
600.13	0.526
600.33	0.526
600.52	0.526
600.72	0.526
600.91	0.525
601.11	0.525
601.30	0.525
601.50	0.525
601.69	0.526
601.89	0.526
602.08	0.526
602.27	0.526
602.47	0.527
602.66	0.527
602.86	0.527
603.05	0.527
603.25	0.527
603.44	0.526
603.64	0.526
603.83	0.526
604.03	0.525
604.22	0.525
604.41	0.525
604.61	0.525
604.80	0.526
605.00	0.526
605.19	0.526
605.39	0.526
605.58	0.525
605.78	0.525
605.97	0.525
606.16	0.525
606.36	0.524
606.55	0.523
606.75	0.522
606.94	0.522
607.14	0.522
607.33	0.521
607.52	0.522
607.72	0.521
607.91	0.521
608.11	0.521
608.30	0.521
608.50	0.521
608.69	0.521
608.88	0.521
609.08	0.520
609.27	0.519
609.47	0.520
609.66	0.519
609.85	0.519
610.05	0.519
610.24	0.519
610.44	0.518
610.63	0.519
610.83	0.519
611.02	0.519
611.21	0.519
611.41	0.519
611.60	0.519
611.80	0.519
611.99	0.519
612.18	0.519
612.38	0.519
612.57	0.519
612.76	0.519
612.96	0.519
613.15	0.518
613.35	0.518
613.54	0.518
613.73	0.517
613.93	0.517
614.12	0.517
614.32	0.516
614.51	0.516
614.70	0.516
614.90	0.515
615.09	0.516
615.28	0.516
615.48	0.515
615.67	0.515
615.86	0.515
616.06	0.516
616.25	0.515
616.45	0.516
616.64	0.515
616.83	0.515
617.03	0.515
617.22	0.514
617.41	0.515
617.61	0.514
617.80	0.514
617.99	0.514
618.19	0.513
618.38	0.513
618.57	0.512
618.77	0.512
618.96	0.512
619.15	0.511
619.35	0.511
619.54	0.511
619.73	0.511
619.93	0.511
620.12	0.512
620.31	0.511
620.51	0.511
620.70	0.511
620.89	0.511
621.09	0.511
621.28	0.511
621.47	0.511
621.67	0.512
621.86	0.511
622.05	0.511
622.25	0.511
622.44	0.511
622.63	0.511
622.83	0.511
623.02	0.510
623.21	0.510
623.41	0.510
623.60	0.510
623.79	0.511
623.98	0.510
624.18	0.511
624.37	0.510
624.56	0.510
624.76	0.510
624.95	0.510
625.14	0.509
625.33	0.509
625.53	0.509
625.72	0.510
625.91	0.510
626.11	0.510
626.30	0.510
626.49	0.510
626.68	0.510
626.88	0.511
627.07	0.510
627.26	0.509
627.46	0.508
627.65	0.508
627.84	0.506
628.03	0.506
628.23	0.506
628.42	0.507
628.61	0.507
628.80	0.507
629.00	0.508
629.19	0.508
629.38	0.508
629.58	0.509
629.77	0.509
629.96	0.509
630.15	0.508
630.35	0.508
630.54	0.507
630.73	0.506
630.92	0.506
631.12	0.506
631.31	0.506
631.50	0.506
631.69	0.505
631.89	0.505
632.08	0.505
632.27	0.505
632.46	0.505
632.65	0.505
632.85	0.505
633.04	0.505
633.23	0.504
633.42	0.504
633.62	0.503
633.81	0.503
634.00	0.503
634.19	0.503
634.39	0.502
634.58	0.502
634.77	0.502
634.96	0.502
635.15	0.502
635.35	0.502
635.54	0.502
635.73	0.503
635.92	0.502
636.11	0.503
636.31	0.503
636.50	0.502
636.69	0.502
636.88	0.502
637.07	0.503
637.27	0.503
637.46	0.503
637.65	0.502
637.84	0.501
638.03	0.501
638.23	0.502
638.42	0.502
638.61	0.502
638.80	0.501
638.99	0.500
639.19	0.500
639.38	0.500
639.57	0.500
639.76	0.501
639.95	0.500
640.14	0.500
640.34	0.500
640.53	0.500
640.72	0.500
640.91	0.500
641.10	0.500
641.30	0.500
641.49	0.500
641.68	0.500
641.87	0.500
642.06	0.500
642.25	0.500
642.44	0.499
642.64	0.499
642.83	0.499
643.02	0.499
643.21	0.499
643.40	0.499
643.59	0.499
643.79	0.500
643.98	0.499
644.17	0.500
644.36	0.500
644.55	0.500
644.74	0.499
644.93	0.499
645.13	0.500
645.32	0.499
645.51	0.499
645.70	0.499
645.89	0.498
646.08	0.498
646.27	0.498
646.46	0.498
646.66	0.498
646.85	0.498
647.04	0.497
647.23	0.497
647.42	0.497
647.61	0.498
647.80	0.498
647.99	0.499
648.19	0.499
648.38	0.498
648.57	0.498
648.76	0.498
648.95	0.499
649.14	0.498
649.33	0.497
649.52	0.497
649.71	0.496
649.91	0.495
650.10	0.496
650.29	0.496
650.48	0.496
650.67	0.495
650.86	0.495
651.05	0.496
651.24	0.496
651.43	0.496
651.62	0.496
651.81	0.496
652.01	0.495
652.20	0.495
652.39	0.495
652.58	0.495
652.77	0.495
652.96	0.495
653.15	0.496
653.34	0.495
653.53	0.494
653.72	0.494
653.91	0.495
654.10	0.494
654.29	0.495
654.48	0.495
654.68	0.494
654.87	0.493
655.06	0.492
655.25	0.492
655.44	0.492
655.63	0.492
655.82	0.492
656.01	0.491
656.20	0.491
656.39	0.491
656.58	0.492
656.77	0.492
656.96	0.493
657.15	0.493
657.34	0.493
657.53	0.493
657.72	0.494
657.91	0.493
658.10	0.493
658.29	0.494
658.48	0.493
658.68	0.493
658.87	0.493
659.06	0.493
659.25	0.492
659.44	0.491
659.63	0.491
659.82	0.491
660.01	0.491
660.20	0.491
660.39	0.491
660.58	0.490
660.77	0.490
660.96	0.490
661.15	0.490
661.34	0.490
661.53	0.489
661.72	0.489
661.91	0.489
662.10	0.489
662.29	0.489
662.48	0.489
662.67	0.489
662.86	0.489
663.05	0.489
663.24	0.490
663.43	0.490
663.62	0.490
663.81	0.489
664.00	0.489
664.19	0.489
664.38	0.489
664.57	0.489
664.76	0.489
664.95	0.489
665.14	0.489
665.33	0.488
665.52	0.489
665.71	0.489
665.90	0.488
666.09	0.488
666.28	0.488
666.46	0.487
666.65	0.487
666.84	0.487
667.03	0.488
667.22	0.487
667.41	0.487
667.60	0.487
667.79	0.488
667.98	0.487
668.17	0.488
668.36	0.488
668.55	0.488
668.74	0.487
668.93	0.487
669.12	0.487
669.31	0.486
669.50	0.486
669.69	0.487
669.88	0.486
670.07	0.486
670.26	0.486
670.44	0.486
670.63	0.486
670.82	0.485
671.01	0.485
671.20	0.485
671.39	0.485
671.58	0.485
671.77	0.485
671.96	0.485
672.15	0.485
672.34	0.485
672.53	0.485
672.72	0.485
672.91	0.485
673.09	0.486
673.28	0.485
673.47	0.485
673.66	0.485
673.85	0.485
674.04	0.485
674.23	0.485
674.42	0.484
674.61	0.485
674.80	0.485
674.98	0.485
675.17	0.485
675.36	0.485
675.55	0.485
675.74	0.484
675.93	0.484
676.12	0.484
676.31	0.484
676.50	0.484
676.69	0.484
676.87	0.484
677.06	0.484
677.25	0.484
677.44	0.484
677.63	0.484
677.82	0.484
678.01	0.484
678.20	0.484
678.38	0.484
678.57	0.483
678.76	0.483
678.95	0.482
679.14	0.482
679.33	0.482
679.52	0.482
679.71	0.481
679.89	0.481
680.08	0.481
680.27	0.481
680.46	0.482
680.65	0.481
680.84	0.481
681.02	0.481
681.21	0.481
681.40	0.481
681.59	0.481
681.78	0.481
681.97	0.482
682.16	0.481
682.34	0.481
682.53	0.482
682.72	0.482
682.91	0.482
683.10	0.482
683.29	0.482
683.47	0.482
683.66	0.481
683.85	0.481
684.04	0.482
684.23	0.481
684.42	0.481
684.60	0.480
684.79	0.481
684.98	0.481
685.17	0.481
685.36	0.480
685.54	0.480
685.73	0.479
685.92	0.479
686.11	0.479
686.30	0.480
686.49	0.479
686.67	0.479
686.86	0.479
687.05	0.479
687.24	0.479
687.43	0.479
687.61	0.479
687.80	0.478
687.99	0.478
688.18	0.479
688.36	0.479
688.55	0.478
688.74	0.479
688.93	0.479
689.12	0.479
689.30	0.479
689.49	0.479
689.68	0.479
689.87	0.478
690.06	0.478
690.24	0.478
690.43	0.478
690.62	0.477
690.81	0.478
690.99	0.478
691.18	0.478
691.37	0.478
691.56	0.478
691.74	0.478
691.93	0.478
692.12	0.478
692.31	0.477
692.50	0.477
692.68	0.477
692.87	0.477
693.06	0.476
693.25	0.476
693.43	0.476
693.62	0.476
693.81	0.477
694.00	0.477
694.18	0.477
694.37	0.477
694.56	0.477
694.74	0.477
694.93	0.477
695.12	0.477
695.31	0.477
695.49	0.476
695.68	0.476
695.87	0.477
696.06	0.476
696.24	0.476
696.43	0.476
696.62	0.476
696.80	0.476
696.99	0.475
697.18	0.475
697.37	0.475
697.55	0.475
697.74	0.475
697.93	0.475
698.12	0.476
698.30	0.475
698.49	0.476
698.68	0.476
698.86	0.476
699.05	0.475
699.24	0.476
699.42	0.476
699.61	0.475
699.80	0.474
699.99	0.473
700.17	0.473
700.36	0.473
700.55	0.473
700.73	0.474
700.92	0.473
701.11	0.473
701.29	0.473
701.48	0.473
701.67	0.474
701.85	0.474
702.04	0.474
702.23	0.474
702.41	0.474
702.60	0.474
702.79	0.474
702.97	0.473
703.16	0.474
703.35	0.474
703.53	0.473
703.72	0.473
703.91	0.474
704.09	0.474
704.28	0.473
704.47	0.472
704.65	0.473
704.84	0.472
705.03	0.472
705.21	0.471
705.40	0.472
705.59	0.471
705.77	0.472
705.96	0.472
706.15	0.472
706.33	0.472
706.52	0.473
706.71	0.473
706.89	0.474
707.08	0.473
707.26	0.473
707.45	0.473
707.64	0.473
707.82	0.473
708.01	0.473
708.20	0.473
708.38	0.474
708.57	0.473
708.75	0.473
708.94	0.473
709.13	0.473
709.31	0.472
709.50	0.472
709.69	0.471
709.87	0.471
710.06	0.470
710.24	0.470
710.43	0.470
710.62	0.470
710.80	0.470
710.99	0.471
711.17	0.471
711.36	0.470
711.55	0.470
711.73	0.470
711.92	0.471
712.10	0.470
712.29	0.471
712.48	0.471
712.66	0.470
712.85	0.470
713.03	0.470
713.22	0.470
713.40	0.470
713.59	0.469
713.78	0.469
713.96	0.468
714.15	0.468
714.33	0.468
714.52	0.468
714.71	0.468
714.89	0.467
715.08	0.468
715.26	0.468
715.45	0.468
715.63	0.468
715.82	0.468
716.00	0.468
716.19	0.467
716.38	0.467
716.56	0.467
716.75	0.467
716.93	0.467
717.12	0.467
717.30	0.467
717.49	0.466
717.67	0.467
717.86	0.467
718.05	0.467
718.23	0.468
718.42	0.468
718.60	0.468
718.79	0.469
718.97	0.469
719.16	0.469
719.34	0.468
719.53	0.468
719.71	0.468
719.90	0.468
720.08	0.467
720.27	0.468
720.45	0.467
720.64	0.467
720.83	0.467
721.01	0.468
721.20	0.468
721.38	0.468
721.57	0.467
721.75	0.467
721.94	0.467
722.12	0.467
722.31	0.468
722.49	0.468
722.68	0.468
722.86	0.467
723.05	0.467
723.23	0.468
723.42	0.468
723.60	0.467
723.79	0.466
723.97	0.466
724.16	0.466
724.34	0.466
724.53	0.466
724.71	0.467
724.90	0.466
725.08	0.466
725.27	0.467
725.45	0.466
725.64	0.466
725.82	0.466
726.00	0.466
726.19	0.466
726.37	0.466
726.56	0.465
726.74	0.465
726.93	0.466
727.11	0.465
727.30	0.465
727.48	0.465
727.67	0.466
727.85	0.466
728.04	0.465
728.22	0.465
728.40	0.465
728.59	0.464
728.77	0.464
728.96	0.464
729.14	0.464
729.33	0.463
729.51	0.463
729.70	0.463
729.88	0.463
730.07	0.464
730.25	0.464
730.43	0.464
730.62	0.464
730.80	0.464
730.99	0.464
731.17	0.464
731.36	0.464
731.54	0.464
731.72	0.463
731.91	0.463
732.09	0.463
732.28	0.463
732.46	0.463
732.65	0.462
732.83	0.462
733.01	0.462
733.20	0.462
733.38	0.462
733.57	0.462
733.75	0.461
733.93	0.461
734.12	0.462
734.30	0.462
734.49	0.462
734.67	0.462
734.85	0.462
735.04	0.462
735.22	0.462
735.41	0.462
735.59	0.462
735.77	0.461
735.96	0.462
736.14	0.462
736.33	0.462
736.51	0.461
736.69	0.461
736.88	0.461
737.06	0.461
737.25	0.461
737.43	0.461
737.61	0.461
737.80	0.460
737.98	0.461
738.16	0.461
738.35	0.461
738.53	0.461
738.71	0.462
738.90	0.462
739.08	0.461
739.27	0.461
739.45	0.461
739.63	0.461
739.82	0.460
740.00	0.460
740.18	0.460
740.37	0.459
740.55	0.459
740.73	0.459
740.92	0.459
741.10	0.459
741.28	0.459
741.47	0.459
741.65	0.459
741.83	0.460
742.02	0.460
742.20	0.460
742.38	0.459
742.57	0.459
742.75	0.459
742.93	0.459
743.12	0.459
743.30	0.458
743.48	0.458
743.67	0.458
743.85	0.458
744.03	0.459
744.22	0.459
744.40	0.459
744.58	0.459
744.77	0.459
744.95	0.459
745.13	0.459
745.32	0.459
745.50	0.459
745.68	0.459
745.87	0.459
746.05	0.460
746.23	0.460
746.41	0.460
746.60	0.460
746.78	0.460
746.96	0.460
747.15	0.460
747.33	0.459
747.51	0.459
747.70	0.458
747.88	0.458
748.06	0.457
748.24	0.458
748.43	0.457
748.61	0.457
748.79	0.457
748.97	0.456
749.16	0.457
749.34	0.456
749.52	0.456
749.71	0.456
749.89	0.456
750.07	0.456
750.25	0.456
750.44	0.456
750.62	0.456
750.80	0.456
750.98	0.456
751.17	0.456
751.35	0.456
751.53	0.456
751.71	0.456
751.90	0.457
752.08	0.457
752.26	0.457
752.44	0.456
752.63	0.457
752.81	0.458
752.99	0.458
753.17	0.457
753.36	0.457
753.54	0.456
753.72	0.456
753.90	0.455
754.09	0.455
754.27	0.455
754.45	0.455
754.63	0.455
754.82	0.455
755.00	0.455
755.18	0.455
755.36	0.455
755.54	0.456
755.73	0.456
755.91	0.456
756.09	0.456
756.27	0.456
756.45	0.455
756.64	0.455
756.82	0.456
757.00	0.456
757.18	0.456
757.37	0.456
757.55	0.455
757.73	0.455
757.91	0.455
758.09	0.455
758.27	0.455
758.46	0.454
758.64	0.454
758.82	0.453
759.00	0.453
759.18	0.453
759.37	0.454
759.55	0.453
759.73	0.454
759.91	0.454
760.09	0.454
760.28	0.454
760.46	0.454
760.64	0.454
760.82	0.454
761.00	0.454
761.18	0.454
761.37	0.454
761.55	0.454
761.73	0.454
761.91	0.455
762.09	0.454
762.27	0.454
762.46	0.454
762.64	0.454
762.82	0.454
763.00	0.454
763.18	0.454
763.36	0.453
763.54	0.453
763.73	0.452
763.91	0.452
764.09	0.451
764.27	0.451
764.45	0.451
764.63	0.450
764.81	0.450
765.00	0.450
765.18	0.451
765.36	0.451
765.54	0.452
765.72	0.452
765.90	0.452
766.08	0.452
766.27	0.452
766.45	0.452
766.63	0.452
766.81	0.451
766.99	0.451
767.17	0.450
767.35	0.450
767.53	0.450
767.71	0.449
767.90	0.449
768.08	0.449
768.26	0.449
768.44	0.448
768.62	0.448
768.80	0.448
768.98	0.448
769.16	0.448
769.34	0.448
769.52	0.448
769.71	0.448
769.89	0.448
770.07	0.449
770.25	0.449
770.43	0.449
770.61	0.449
770.79	0.448
770.97	0.448
771.15	0.448
771.33	0.448
771.51	0.448
771.69	0.448
771.88	0.448
772.06	0.448
772.24	0.448
772.42	0.449
772.60	0.448
772.78	0.448
772.96	0.448
773.14	0.448
773.32	0.447
773.50	0.447
773.68	0.447
773.86	0.447
774.04	0.447
774.22	0.448
774.40	0.447
774.58	0.447
774.77	0.447
774.95	0.447
775.13	0.447
775.31	0.447
775.49	0.447
775.67	0.447
775.85	0.447
776.03	0.447
776.21	0.446
776.39	0.446
776.57	0.446
776.75	0.446
776.93	0.446
777.11	0.446
777.29	0.446
777.47	0.446
777.65	0.447
777.83	0.447
778.01	0.447
778.19	0.446
778.37	0.447
778.55	0.447
778.73	0.447
778.91	0.447
779.09	0.447
779.27	0.447
779.45	0.447
779.63	0.447
779.81	0.448
779.99	0.447
780.17	0.447
780.35	0.447
780.53	0.447
780.71	0.447
780.89	0.447
781.07	0.447
781.25	0.447
781.43	0.447
781.61	0.447
781.79	0.446
781.97	0.447
782.15	0.447
782.33	0.447
782.51	0.446
782.69	0.446
782.87	0.446
783.05	0.445
783.23	0.445
783.41	0.445
783.59	0.445
783.77	0.446
783.95	0.446
784.13	0.445
784.31	0.446
784.49	0.446
784.67	0.446
784.85	0.446
785.03	0.446
785.21	0.446
785.38	0.445
785.56	0.445
785.74	0.445
785.92	0.445
786.10	0.445
786.28	0.444
786.46	0.444
786.64	0.445
786.82	0.446
787.00	0.446
787.18	0.446
787.36	0.446
787.54	0.446
787.72	0.446
787.90	0.446
788.08	0.446
788.25	0.446
788.43	0.445
788.61	0.445
788.79	0.445
788.97	0.445
789.15	0.445
789.33	0.445
789.51	0.445
789.69	0.446
789.87	0.446
790.05	0.446
790.23	0.446
790.40	0.446
790.58	0.446
790.76	0.446
790.94	0.445
791.12	0.445
791.30	0.445
791.48	0.445
791.66	0.446
791.84	0.446
792.02	0.446
792.19	0.446
792.37	0.447
792.55	0.447
792.73	0.447
792.91	0.447
793.09	0.447
793.27	0.446
793.45	0.445
793.63	0.445
793.80	0.445
793.98	0.445
794.16	0.445
794.34	0.444
794.52	0.444
794.70	0.444
794.88	0.445
795.05	0.445
795.23	0.445
795.41	0.444
795.59	0.443
795.77	0.444
795.95	0.444
796.13	0.443
796.30	0.444
796.48	0.444
796.66	0.444
796.84	0.445
797.02	0.445
797.20	0.445
797.38	0.444
797.55	0.444
797.73	0.445
797.91	0.445
798.09	0.444
798.27	0.445
798.45	0.444
798.62	0.444
798.80	0.444
798.98	0.444
799.16	0.444
799.34	0.444
799.52	0.444
799.69	0.444
799.87	0.443
800.05	0.444
800.23	0.444
800.41	0.445
800.58	0.444
800.76	0.445
800.94	0.445
801.12	0.445
801.30	0.444
801.47	0.444
801.65	0.444
801.83	0.443
802.01	0.443
802.19	0.444
802.36	0.443
802.54	0.442
802.72	0.443
802.90	0.443
803.08	0.444
803.25	0.444
803.43	0.444
803.61	0.444
803.79	0.444
803.97	0.444
804.14	0.445
804.32	0.445
804.50	0.446
804.68	0.445
804.85	0.445
805.03	0.445
805.21	0.444
805.39	0.444
805.56	0.444
805.74	0.443
805.92	0.443
806.10	0.442
806.28	0.442
806.45	0.441
806.63	0.441
806.81	0.442
806.99	0.442
807.16	0.442
807.34	0.442
807.52	0.443
807.70	0.443
807.87	0.442
808.05	0.443
808.23	0.443
808.41	0.442
808.58	0.441
808.76	0.441
808.94	0.441
809.11	0.441
809.29	0.441
809.47	0.441
809.65	0.440
809.82	0.440
810.00	0.440
810.18	0.442
810.36	0.442
810.53	0.442
810.71	0.442
810.89	0.442
811.06	0.442
811.24	0.442
811.42	0.442
811.60	0.443
811.77	0.442
811.95	0.442
812.13	0.443
812.30	0.442
812.48	0.442
812.66	0.442
812.83	0.442
813.01	0.442
813.19	0.441
813.37	0.441
813.54	0.440
813.72	0.439
813.90	0.440
814.07	0.439
814.25	0.439
814.43	0.439
814.60	0.439
814.78	0.439
814.96	0.439
815.13	0.440
815.31	0.440
815.49	0.439
815.66	0.439
815.84	0.439
816.02	0.438
816.19	0.438
816.37	0.438
816.55	0.438
816.72	0.437
816.90	0.437
817.08	0.438
817.25	0.438
817.43	0.438
817.61	0.438
817.78	0.439
817.96	0.439
818.14	0.440
818.31	0.440
818.49	0.440
818.67	0.440
818.84	0.441
819.02	0.441
819.19	0.441
819.37	0.440
819.55	0.440
819.72	0.440
819.90	0.439
820.08	0.439
820.25	0.439
820.43	0.439
820.60	0.438
820.78	0.439
820.96	0.439
821.13	0.439
821.31	0.439
821.49	0.439
821.66	0.439
821.84	0.439
822.01	0.439
822.19	0.439
822.37	0.439
822.54	0.438
822.72	0.439
822.89	0.439
823.07	0.439
823.25	0.440
823.42	0.439
823.60	0.439
823.77	0.439
823.95	0.439
824.13	0.439
824.30	0.440
824.48	0.439
824.65	0.439
824.83	0.439
825.01	0.439
825.18	0.439
825.36	0.439
825.53	0.439
825.71	0.438
825.88	0.437
826.06	0.437
826.24	0.437
826.41	0.437
826.59	0.438
826.76	0.439
826.94	0.439
827.11	0.439
827.29	0.439
827.47	0.439
827.64	0.439
827.82	0.439
827.99	0.439
828.17	0.438
828.34	0.438
828.52	0.438
828.69	0.437
828.87	0.437
829.04	0.437
829.22	0.437
829.40	0.436
829.57	0.436
829.75	0.436
829.92	0.436
830.10	0.436
830.27	0.436
830.45	0.436
830.62	0.436
830.80	0.436
830.97	0.435
831.15	0.436
831.32	0.436
831.50	0.436
831.67	0.437
831.85	0.436
832.02	0.436
832.20	0.436
832.37	0.436
832.55	0.437
832.73	0.437
832.90	0.435
833.08	0.434
833.25	0.434
833.43	0.434
833.60	0.434
833.78	0.433
833.95	0.433
834.13	0.433
834.30	0.434
834.48	0.434
834.65	0.435
834.82	0.435
835.00	0.435
835.17	0.435
835.35	0.435
835.52	0.436
835.70	0.436
835.87	0.435
836.05	0.435
836.22	0.434
836.40	0.434
836.57	0.434
836.75	0.434
836.92	0.434
837.10	0.433
837.27	0.433
837.45	0.433
837.62	0.433
837.80	0.434
837.97	0.434
838.14	0.434
838.32	0.434
838.49	0.433
838.67	0.434
838.84	0.434
839.02	0.433
839.19	0.433
839.37	0.432
839.54	0.433
839.71	0.433
839.89	0.433
840.06	0.433
840.24	0.433
840.41	0.433
840.59	0.433
840.76	0.433
840.94	0.434
841.11	0.434
841.28	0.435
841.46	0.434
841.63	0.434
841.81	0.435
841.98	0.434
842.15	0.435
842.33	0.435
842.50	0.434
842.68	0.434
842.85	0.433
843.03	0.433
843.20	0.434
843.37	0.434
843.55	0.434
843.72	0.433
843.90	0.434
844.07	0.434
844.24	0.434
844.42	0.434
844.59	0.434
844.77	0.433
844.94	0.433
845.11	0.432
845.29	0.433
845.46	0.432
845.63	0.432
845.81	0.432
845.98	0.432
846.16	0.431
846.33	0.431
846.50	0.431
846.68	0.432
846.85	0.431
847.02	0.431
847.20	0.432
847.37	0.431
847.55	0.431
847.72	0.432
847.89	0.432
848.07	0.432
848.24	0.431
848.41	0.432
848.59	0.433
848.76	0.432
848.93	0.432
849.11	0.431
849.28	0.432
849.45	0.433
849.63	0.432
849.80	0.432
849.97	0.432
850.15	0.430
850.32	0.431
850.49	0.432
850.67	0.432
850.84	0.431
851.01	0.430
851.19	0.431
851.36	0.431
851.53	0.431
851.71	0.432
851.88	0.432
852.05	0.432
852.23	0.433
852.40	0.434
852.57	0.433
852.75	0.433
852.92	0.433
853.09	0.432
853.27	0.432
853.44	0.432
853.61	0.431
853.79	0.431
853.96	0.430
854.13	0.429
854.30	0.430
854.48	0.429
854.65	0.429
854.82	0.429
855.00	0.429
855.17	0.430
855.34	0.430
855.51	0.429
855.69	0.431
855.86	0.430
856.03	0.429
856.21	0.430
856.38	0.429
856.55	0.429
856.72	0.428
856.90	0.428
857.07	0.429
857.24	0.428
857.42	0.428
857.59	0.429
857.76	0.429
857.93	0.431
858.11	0.430
858.28	0.430
858.45	0.430
858.62	0.430
858.80	0.430
858.97	0.429
859.14	0.428
859.31	0.428
859.49	0.428
859.66	0.429
859.83	0.429
860.00	0.428
860.18	0.429
860.35	0.429
860.52	0.429
860.69	0.430
860.86	0.429
861.04	0.429
861.21	0.428
861.38	0.428
861.55	0.428
861.73	0.427
861.90	0.427
862.07	0.427
862.24	0.426
862.42	0.427
862.59	0.428
862.76	0.429
862.93	0.430
863.10	0.429
863.28	0.429
863.45	0.429
863.62	0.430
863.79	0.430
863.96	0.429
864.14	0.429
864.31	0.427
864.48	0.426
864.65	0.427
864.82	0.427
865.00	0.428
865.17	0.428
865.34	0.427
865.51	0.427
865.68	0.427
865.86	0.428
866.03	0.428
866.20	0.429
866.37	0.427
866.54	0.427
866.71	0.426
866.89	0.428
867.06	0.429
867.23	0.428
867.40	0.428
867.57	0.428
867.74	0.428
867.92	0.429
868.09	0.429
868.26	0.429
868.43	0.428
868.60	0.427
868.77	0.427
868.95	0.428
869.12	0.427
869.29	0.428
869.46	0.426
869.63	0.426
869.80	0.426
869.97	0.426
870.15	0.426
870.32	0.426
870.49	0.426
870.66	0.426
870.83	0.426
871.00	0.427
871.17	0.427
871.34	0.427
871.52	0.426
871.69	0.426
871.86	0.427
872.03	0.426
872.20	0.426
872.37	0.425
872.54	0.425
872.71	0.424
872.89	0.423
873.06	0.423
873.23	0.424
873.40	0.423
873.57	0.423
873.74	0.423
873.91	0.423
874.08	0.424
874.25	0.425
874.42	0.427
874.60	0.426
874.77	0.426
874.94	0.427
875.11	0.426
875.28	0.427
875.45	0.427
875.62	0.427
875.79	0.427
875.96	0.426
876.13	0.426
876.30	0.426
876.47	0.425
876.65	0.425
876.82	0.425
876.99	0.424
877.16	0.424
877.33	0.422
877.50	0.422
877.67	0.422
877.84	0.422
878.01	0.423
878.18	0.424
878.35	0.422
878.52	0.423
878.69	0.422
878.86	0.423
879.03	0.424
879.20	0.425
879.38	0.425
879.55	0.423
879.72	0.423
879.89	0.422
880.06	0.422
880.23	0.423
880.40	0.424
880.57	0.423
880.74	0.421
880.91	0.419
881.08	0.420
881.25	0.420
881.42	0.421
881.59	0.421
881.76	0.421
881.93	0.421
882.10	0.420
882.27	0.421
882.44	0.422
882.61	0.423
882.78	0.423
882.95	0.422
883.12	0.422
883.29	0.422
883.46	0.423
883.63	0.425
883.80	0.424
883.97	0.425
884.14	0.424
884.31	0.424
884.48	0.424
884.65	0.425
884.82	0.424
884.99	0.423
885.16	0.423
885.33	0.424
885.50	0.423
885.67	0.424
885.84	0.424
886.01	0.423
886.18	0.422
886.35	0.422
886.52	0.422
886.69	0.422
886.86	0.422
887.03	0.421
887.20	0.422
887.37	0.422
887.54	0.423
887.71	0.422
887.88	0.423
888.05	0.422
888.22	0.423
888.39	0.422
888.55	0.422
888.72	0.420
888.89	0.421
889.06	0.421
889.23	0.421
889.40	0.421
889.57	0.422
889.74	0.421
889.91	0.422
890.08	0.422
890.25	0.423
890.42	0.422
890.59	0.420
890.76	0.420
890.93	0.419
891.10	0.418
891.26	0.417
891.43	0.417
891.60	0.417
891.77	0.416
891.94	0.417
892.11	0.420
892.28	0.420
892.45	0.421
892.62	0.421
892.79	0.421
892.96	0.422
893.13	0.422
893.29	0.422
893.46	0.420
893.63	0.419
893.80	0.420
893.97	0.418
894.14	0.418
894.31	0.419
894.48	0.429
894.65	0.408
894.81	0.417
894.98	0.429
