177.34	1.643
177.56	1.643
177.78	1.643
178.00	-0.156
178.22	-0.000
178.44	-0.336
178.66	-0.212
178.89	-0.024
179.11	0.030
179.33	0.151
179.55	0.038
179.77	0.128
179.99	0.118
180.21	0.032
180.43	0.045
180.65	0.194
180.87	0.241
181.09	0.306
181.31	0.298
181.53	0.332
181.75	0.329
181.97	0.380
182.19	0.419
182.41	0.377
182.63	0.353
182.85	0.351
183.07	0.317
183.30	0.389
183.52	0.382
183.74	0.400
183.96	0.378
184.18	0.372
184.40	0.373
184.62	0.372
184.84	0.347
185.06	0.351
185.28	0.336
185.50	0.363
185.72	0.366
185.94	0.379
186.16	0.403
186.38	0.448
186.60	0.515
186.82	0.548
187.04	0.602
187.26	0.588
187.48	0.616
187.70	0.621
187.92	0.634
188.14	0.651
188.36	0.639
188.58	0.669
188.80	0.695
189.02	0.731
189.24	0.779
189.46	0.773
189.68	0.801
189.90	0.845
190.12	0.886
190.34	0.954
190.56	0.944
190.78	0.968
191.00	0.964
191.22	1.013
191.44	1.075
191.66	1.096
191.88	1.098
192.10	1.144
192.32	1.162
192.54	1.126
192.76	1.206
192.98	1.181
193.20	1.156
193.42	1.129
193.64	1.160
193.86	1.199
194.08	1.192
194.30	1.226
194.52	1.290
194.74	1.241
194.96	1.256
195.18	1.281
195.40	1.311
195.62	1.329
195.84	1.315
196.06	1.298
196.28	1.269
196.50	1.287
196.72	1.275
196.94	1.325
197.16	1.329
197.38	1.339
197.60	1.338
197.82	1.350
198.04	1.367
198.26	1.410
198.48	1.466
198.70	1.565
198.92	1.555
199.13	1.567
199.35	1.635
199.57	1.658
199.79	1.662
200.01	1.659
200.23	1.633
200.45	1.597
200.67	1.565
200.89	1.560
201.11	1.526
201.33	1.523
201.55	1.488
201.77	1.496
201.99	1.506
202.21	1.517
202.43	1.540
202.65	1.525
202.87	1.499
203.09	1.530
203.31	1.501
203.52	1.523
203.74	1.555
203.96	1.565
204.18	1.602
204.40	1.577
204.62	1.643
204.84	1.726
205.06	1.770
205.28	1.829
205.50	1.870
205.72	1.845
205.94	1.848
206.16	1.834
206.38	1.820
206.59	1.840
206.81	1.832
207.03	1.807
207.25	1.815
207.47	1.807
207.69	1.808
207.91	1.802
208.13	1.797
208.35	1.843
208.57	1.806
208.79	1.859
209.01	1.899
209.22	1.905
209.44	1.907
209.66	1.917
209.88	1.963
210.10	1.947
210.32	1.952
210.54	1.970
210.76	1.932
210.98	1.908
211.20	1.926
211.42	1.917
211.63	1.929
211.85	1.900
212.07	1.899
212.29	1.908
212.51	1.889
212.73	1.907
212.95	1.911
213.17	1.914
213.39	1.979
213.60	1.971
213.82	1.947
214.04	1.983
214.26	1.992
214.48	2.017
214.70	2.031
214.92	2.053
215.14	2.026
215.35	1.967
215.57	1.972
215.79	2.003
216.01	2.000
216.23	2.010
216.45	2.028
216.67	2.001
216.89	1.996
217.10	2.041
217.32	2.087
217.54	2.122
217.76	2.151
217.98	2.161
218.20	2.130
218.42	2.160
218.64	2.171
218.85	2.146
219.07	2.116
219.29	2.113
219.51	2.097
219.73	2.111
219.95	2.114
220.17	2.152
220.38	2.126
220.60	2.113
220.82	2.146
221.04	2.190
221.26	2.223
221.48	2.253
221.69	2.256
221.91	2.290
222.13	2.268
222.35	2.264
222.57	2.311
222.79	2.290
223.00	2.232
223.22	2.193
223.44	2.198
223.66	2.202
223.88	2.189
224.10	2.190
224.32	2.206
224.53	2.197
224.75	2.185
224.97	2.227
225.19	2.230
225.41	2.215
225.62	2.211
225.84	2.225
226.06	2.235
226.28	2.215
226.50	2.232
226.72	2.276
226.93	2.211
227.15	2.244
227.37	2.262
227.59	2.279
227.81	2.267
228.02	2.282
228.24	2.297
228.46	2.339
228.68	2.318
228.90	2.383
229.12	2.380
229.33	2.353
229.55	2.347
229.77	2.343
229.99	2.361
230.21	2.344
230.42	2.288
230.64	2.300
230.86	2.302
231.08	2.282
231.30	2.293
231.51	2.269
231.73	2.269
231.95	2.254
232.17	2.254
232.38	2.246
232.60	2.244
232.82	2.239
233.04	2.229
233.26	2.215
233.47	2.235
233.69	2.214
233.91	2.192
234.13	2.201
234.35	2.207
234.56	2.205
234.78	2.186
235.00	2.182
235.22	2.192
235.43	2.173
235.65	2.189
235.87	2.192
236.09	2.181
236.30	2.176
236.52	2.164
236.74	2.165
236.96	2.159
237.18	2.145
237.39	2.127
237.61	2.116
237.83	2.099
238.05	2.094
238.26	2.071
238.48	2.063
238.70	2.052
238.92	2.042
239.13	2.022
239.35	2.025
239.57	2.013
239.79	2.007
240.00	1.987
240.22	1.982
240.44	1.966
240.66	1.957
240.87	1.953
241.09	1.959
241.31	1.961
241.53	1.952
241.74	1.955
241.96	1.951
242.18	1.949
242.40	1.952
242.61	1.950
242.83	1.942
243.05	1.941
243.27	1.926
243.48	1.921
243.70	1.908
243.92	1.911
244.13	1.905
244.35	1.889
244.57	1.881
244.79	1.868
245.00	1.856
245.22	1.852
245.44	1.846
245.65	1.839
245.87	1.824
246.09	1.813
246.31	1.815
246.52	1.809
246.74	1.811
246.96	1.809
247.18	1.806
247.39	1.800
247.61	1.799
247.83	1.798
248.04	1.795
248.26	1.792
248.48	1.789
248.69	1.782
248.91	1.778
249.13	1.771
249.35	1.769
249.56	1.764
249.78	1.768
250.00	1.766
250.21	1.758
250.43	1.759
250.65	1.765
250.86	1.760
251.08	1.762
251.30	1.763
251.51	1.762
251.73	1.755
251.95	1.763
252.17	1.766
252.38	1.766
252.60	1.763
252.82	1.765
253.03	1.759
253.25	1.756
253.47	1.756
253.68	1.754
253.90	1.748
254.12	1.746
254.33	1.738
254.55	1.735
254.77	1.731
254.98	1.731
255.20	1.726
255.42	1.726
255.63	1.729
255.85	1.728
256.07	1.731
256.28	1.733
256.50	1.733
256.72	1.734
256.93	1.735
257.15	1.736
257.37	1.731
257.58	1.727
257.80	1.727
258.02	1.725
258.23	1.722
258.45	1.717
258.67	1.713
258.88	1.709
259.10	1.707
259.32	1.709
259.53	1.710
259.75	1.706
259.96	1.701
260.18	1.700
260.40	1.704
260.61	1.699
260.83	1.701
261.05	1.699
261.26	1.694
261.48	1.689
261.70	1.686
261.91	1.682
262.13	1.680
262.34	1.677
262.56	1.682
262.78	1.675
262.99	1.673
263.21	1.673
263.43	1.673
263.64	1.674
263.86	1.675
264.07	1.668
264.29	1.662
264.51	1.657
264.72	1.659
264.94	1.662
265.16	1.662
265.37	1.660
265.59	1.656
265.80	1.653
266.02	1.657
266.24	1.656
266.45	1.653
266.67	1.653
266.88	1.646
267.10	1.642
267.32	1.638
267.53	1.636
267.75	1.631
267.96	1.628
268.18	1.627
268.40	1.627
268.61	1.622
268.83	1.617
269.04	1.614
269.26	1.612
269.48	1.607
269.69	1.607
269.91	1.603
270.12	1.600
270.34	1.597
270.56	1.594
270.77	1.592
270.99	1.592
271.20	1.586
271.42	1.579
271.64	1.577
271.85	1.573
272.07	1.569
272.28	1.564
272.50	1.559
272.71	1.555
272.93	1.552
273.15	1.551
273.36	1.552
273.58	1.548
273.79	1.549
274.01	1.545
274.22	1.541
274.44	1.541
274.66	1.539
274.87	1.533
275.09	1.530
275.30	1.529
275.52	1.525
275.73	1.518
275.95	1.515
276.16	1.512
276.38	1.507
276.60	1.500
276.81	1.493
277.03	1.487
277.24	1.480
277.46	1.476
277.67	1.471
277.89	1.465
278.10	1.460
278.32	1.456
278.53	1.451
278.75	1.447
278.97	1.444
279.18	1.440
279.40	1.437
279.61	1.430
279.83	1.426
280.04	1.421
280.26	1.416
280.47	1.413
280.69	1.410
280.90	1.403
281.12	1.393
281.33	1.385
281.55	1.382
281.76	1.374
281.98	1.369
282.20	1.363
282.41	1.357
282.63	1.351
282.84	1.348
283.06	1.346
283.27	1.342
283.49	1.334
283.70	1.331
283.92	1.323
284.13	1.317
284.35	1.308
284.56	1.303
284.78	1.294
284.99	1.286
285.21	1.278
285.42	1.272
285.64	1.263
285.85	1.257
286.07	1.251
286.28	1.243
286.50	1.234
286.71	1.227
286.93	1.220
287.14	1.213
287.36	1.206
287.57	1.198
287.79	1.192
288.00	1.184
288.22	1.178
288.43	1.169
288.65	1.162
288.86	1.154
289.08	1.146
289.29	1.138
289.51	1.133
289.72	1.126
289.94	1.118
290.15	1.111
290.37	1.105
290.58	1.098
290.80	1.092
291.01	1.087
291.22	1.081
291.44	1.072
291.65	1.066
291.87	1.060
292.08	1.054
292.30	1.048
292.51	1.040
292.73	1.033
292.94	1.026
293.16	1.021
293.37	1.014
293.59	1.007
293.80	1.001
294.02	0.995
294.23	0.989
294.44	0.983
294.66	0.976
294.87	0.971
295.09	0.965
295.30	0.959
295.52	0.954
295.73	0.947
295.95	0.941
296.16	0.935
296.37	0.929
296.59	0.924
296.80	0.919
297.02	0.912
297.23	0.906
297.45	0.901
297.66	0.895
297.88	0.890
298.09	0.885
298.30	0.880
298.52	0.874
298.73	0.868
298.95	0.864
299.16	0.859
299.38	0.854
299.59	0.850
299.80	0.845
300.02	0.841
300.23	0.837
300.45	0.832
300.66	0.827
300.88	0.822
301.09	0.817
301.30	0.813
301.52	0.809
301.73	0.804
301.95	0.799
302.16	0.794
302.37	0.790
302.59	0.785
302.80	0.781
303.02	0.777
303.23	0.771
303.45	0.766
303.66	0.761
303.87	0.758
304.09	0.755
304.30	0.750
304.52	0.747
304.73	0.743
304.94	0.739
305.16	0.736
305.37	0.734
305.59	0.731
305.80	0.727
306.01	0.722
306.23	0.719
306.44	0.715
306.65	0.712
306.87	0.709
307.08	0.706
307.30	0.701
307.51	0.700
307.72	0.697
307.94	0.695
308.15	0.692
308.37	0.689
308.58	0.686
308.79	0.682
309.01	0.678
309.22	0.674
309.43	0.670
309.65	0.666
309.86	0.662
310.07	0.659
310.29	0.655
310.50	0.651
310.72	0.647
310.93	0.645
311.14	0.642
311.36	0.639
311.57	0.635
311.78	0.632
312.00	0.629
312.21	0.625
312.42	0.622
312.64	0.619
312.85	0.615
313.07	0.611
313.28	0.608
313.49	0.606
313.71	0.603
313.92	0.601
314.13	0.599
314.35	0.596
314.56	0.593
314.77	0.590
314.99	0.588
315.20	0.586
315.41	0.582
315.63	0.579
315.84	0.576
316.05	0.574
316.27	0.571
316.48	0.567
316.69	0.565
316.91	0.562
317.12	0.559
317.33	0.557
317.55	0.553
317.76	0.551
317.97	0.548
318.19	0.544
318.40	0.542
318.61	0.539
318.83	0.536
319.04	0.534
319.25	0.532
319.47	0.529
319.68	0.527
319.89	0.524
320.10	0.522
320.32	0.520
320.53	0.517
320.74	0.514
320.96	0.512
321.17	0.509
321.38	0.507
321.60	0.504
321.81	0.502
322.02	0.499
322.24	0.496
322.45	0.494
322.66	0.492
322.87	0.490
323.09	0.487
323.30	0.485
323.51	0.482
323.73	0.480
323.94	0.478
324.15	0.476
324.36	0.474
324.58	0.471
324.79	0.470
325.00	0.468
325.22	0.465
325.43	0.463
325.64	0.461
325.85	0.458
326.07	0.456
326.28	0.453
326.49	0.451
326.71	0.449
326.92	0.446
327.13	0.445
327.34	0.443
327.56	0.441
327.77	0.439
327.98	0.437
328.19	0.435
328.41	0.433
328.62	0.430
328.83	0.428
329.04	0.425
329.26	0.423
329.47	0.421
329.68	0.419
329.90	0.416
330.11	0.414
330.32	0.412
330.53	0.409
330.75	0.407
330.96	0.406
331.17	0.404
331.38	0.402
331.60	0.400
331.81	0.399
332.02	0.397
332.23	0.396
332.44	0.394
332.66	0.391
332.87	0.389
333.08	0.388
333.29	0.386
333.51	0.384
333.72	0.382
333.93	0.380
334.14	0.378
334.36	0.376
334.57	0.375
334.78	0.373
334.99	0.371
335.21	0.370
335.42	0.368
335.63	0.366
335.84	0.364
336.05	0.362
336.27	0.361
336.48	0.359
336.69	0.357
336.90	0.355
337.11	0.352
337.33	0.350
337.54	0.349
337.75	0.348
337.96	0.346
338.18	0.344
338.39	0.343
338.60	0.341
338.81	0.340
339.02	0.338
339.24	0.337
339.45	0.336
339.66	0.333
339.87	0.331
340.08	0.330
340.30	0.329
340.51	0.327
340.72	0.325
340.93	0.325
341.14	0.322
341.36	0.320
341.57	0.319
341.78	0.318
341.99	0.316
342.20	0.315
342.41	0.314
342.63	0.312
342.84	0.310
343.05	0.309
343.26	0.307
343.47	0.306
343.69	0.305
343.90	0.304
344.11	0.302
344.32	0.300
344.53	0.299
344.74	0.297
344.96	0.296
345.17	0.295
345.38	0.294
345.59	0.292
345.80	0.291
346.01	0.289
346.23	0.287
346.44	0.286
346.65	0.285
346.86	0.284
347.07	0.282
347.28	0.281
347.50	0.279
347.71	0.278
347.92	0.278
348.13	0.277
348.34	0.275
348.55	0.274
348.76	0.273
348.98	0.271
349.19	0.270
349.40	0.268
349.61	0.266
349.82	0.265
350.03	0.264
350.24	0.263
350.46	0.261
350.67	0.260
350.88	0.259
351.09	0.257
351.30	0.257
351.51	0.255
351.72	0.254
351.93	0.252
352.15	0.251
352.36	0.249
352.57	0.248
352.78	0.247
352.99	0.246
353.20	0.244
353.41	0.243
353.62	0.242
353.84	0.241
354.05	0.239
354.26	0.239
354.47	0.237
354.68	0.236
354.89	0.235
355.10	0.234
355.31	0.233
355.52	0.232
355.74	0.231
355.95	0.229
356.16	0.228
356.37	0.228
356.58	0.227
356.79	0.226
357.00	0.225
357.21	0.223
357.42	0.222
357.63	0.222
357.85	0.221
358.06	0.220
358.27	0.218
358.48	0.216
358.69	0.215
358.90	0.213
359.11	0.213
359.32	0.212
359.53	0.210
359.74	0.209
359.95	0.208
360.17	0.207
360.38	0.206
360.59	0.205
360.80	0.205
361.01	0.204
361.22	0.203
361.43	0.202
361.64	0.201
361.85	0.200
362.06	0.200
362.27	0.199
362.48	0.198
362.69	0.196
362.90	0.195
363.12	0.194
363.33	0.193
363.54	0.191
363.75	0.191
363.96	0.189
364.17	0.188
364.38	0.187
364.59	0.186
364.80	0.185
365.01	0.184
365.22	0.183
365.43	0.182
365.64	0.180
365.85	0.180
366.06	0.179
366.27	0.178
366.48	0.176
366.69	0.176
366.90	0.175
367.11	0.174
367.32	0.173
367.54	0.172
367.75	0.172
367.96	0.171
368.17	0.169
368.38	0.169
368.59	0.168
368.80	0.167
369.01	0.167
369.22	0.166
369.43	0.165
369.64	0.164
369.85	0.164
370.06	0.163
370.27	0.162
370.48	0.161
370.69	0.161
370.90	0.160
371.11	0.159
371.32	0.158
371.53	0.157
371.74	0.156
371.95	0.155
372.16	0.154
372.37	0.154
372.58	0.153
372.79	0.152
373.00	0.151
373.21	0.150
373.42	0.150
373.63	0.149
373.84	0.149
374.05	0.148
374.26	0.148
374.47	0.148
374.68	0.146
374.89	0.145
375.10	0.145
375.31	0.144
375.52	0.143
375.73	0.142
375.94	0.141
376.15	0.140
376.36	0.139
376.57	0.139
376.78	0.138
376.99	0.137
377.20	0.137
377.41	0.137
377.62	0.136
377.83	0.135
378.04	0.134
378.25	0.134
378.46	0.133
378.67	0.132
378.88	0.132
379.09	0.131
379.30	0.130
379.51	0.130
379.72	0.129
379.92	0.128
380.13	0.127
380.34	0.127
380.55	0.127
380.76	0.126
380.97	0.126
381.18	0.125
381.39	0.124
381.60	0.123
381.81	0.123
382.02	0.122
382.23	0.121
382.44	0.121
382.65	0.119
382.86	0.119
383.07	0.118
383.28	0.118
383.49	0.118
383.70	0.117
383.91	0.118
384.11	0.117
384.32	0.116
384.53	0.116
384.74	0.115
384.95	0.115
385.16	0.115
385.37	0.114
385.58	0.114
385.79	0.113
386.00	0.113
386.21	0.113
386.42	0.112
386.63	0.111
386.84	0.111
387.04	0.110
387.25	0.110
387.46	0.109
387.67	0.107
387.88	0.106
388.09	0.106
388.30	0.106
388.51	0.105
388.72	0.104
388.93	0.104
389.14	0.103
389.34	0.103
389.55	0.103
389.76	0.102
389.97	0.101
390.18	0.101
390.39	0.102
390.60	0.102
390.81	0.101
391.02	0.101
391.23	0.101
391.43	0.100
391.64	0.100
391.85	0.099
392.06	0.098
392.27	0.097
392.48	0.096
392.69	0.095
392.90	0.095
393.11	0.094
393.31	0.094
393.52	0.094
393.73	0.093
393.94	0.093
394.15	0.093
394.36	0.092
394.57	0.092
394.78	0.092
394.98	0.091
395.19	0.091
395.40	0.090
395.61	0.090
395.82	0.089
396.03	0.090
396.24	0.090
396.44	0.089
396.65	0.088
396.86	0.089
397.07	0.088
397.28	0.088
397.49	0.087
397.70	0.087
397.90	0.086
398.11	0.086
398.32	0.085
398.53	0.085
398.74	0.083
398.95	0.084
399.16	0.083
399.36	0.083
399.57	0.083
399.78	0.083
399.99	0.083
400.20	0.082
400.41	0.082
400.61	0.082
400.82	0.080
401.03	0.080
401.24	0.080
401.45	0.079
401.66	0.079
401.86	0.078
402.07	0.078
402.28	0.079
402.49	0.078
402.70	0.078
402.91	0.078
403.11	0.077
403.32	0.077
403.53	0.076
403.74	0.076
403.95	0.076
404.15	0.075
404.36	0.074
404.57	0.074
404.78	0.074
404.99	0.073
405.20	0.073
405.40	0.073
405.61	0.073
405.82	0.072
406.03	0.072
406.24	0.072
406.44	0.072
406.65	0.072
406.86	0.072
407.07	0.072
407.28	0.072
407.48	0.072
407.69	0.071
407.90	0.071
408.11	0.070
408.32	0.070
408.52	0.069
408.73	0.068
408.94	0.068
409.15	0.067
409.35	0.067
409.56	0.066
409.77	0.066
409.98	0.066
410.19	0.066
410.39	0.065
410.60	0.065
410.81	0.065
411.02	0.065
411.22	0.065
411.43	0.065
411.64	0.065
411.85	0.065
412.05	0.065
412.26	0.065
412.47	0.065
412.68	0.065
412.89	0.064
413.09	0.065
413.30	0.064
413.51	0.064
413.72	0.063
413.92	0.063
414.13	0.062
414.34	0.062
414.55	0.062
414.75	0.062
414.96	0.061
415.17	0.061
415.38	0.061
415.58	0.061
415.79	0.059
416.00	0.060
416.21	0.059
416.41	0.059
416.62	0.059
416.83	0.059
417.03	0.058
417.24	0.058
417.45	0.059
417.66	0.059
417.86	0.058
418.07	0.059
418.28	0.059
418.49	0.058
418.69	0.058
418.90	0.058
419.11	0.057
419.31	0.057
419.52	0.057
419.73	0.057
419.94	0.057
420.14	0.056
420.35	0.056
420.56	0.055
420.76	0.055
420.97	0.055
421.18	0.054
421.39	0.054
421.59	0.053
421.80	0.052
422.01	0.053
422.21	0.053
422.42	0.053
422.63	0.052
422.84	0.052
423.04	0.052
423.25	0.052
423.46	0.052
423.66	0.053
423.87	0.053
424.08	0.052
424.28	0.052
424.49	0.052
424.70	0.052
424.90	0.051
425.11	0.051
425.32	0.051
425.52	0.051
425.73	0.051
425.94	0.051
426.15	0.052
426.35	0.051
426.56	0.051
426.77	0.051
426.97	0.051
427.18	0.051
427.39	0.050
427.59	0.050
427.80	0.049
428.01	0.049
428.21	0.049
428.42	0.049
428.63	0.049
428.83	0.049
429.04	0.048
429.25	0.049
429.45	0.048
429.66	0.048
429.87	0.047
430.07	0.046
430.28	0.046
430.48	0.046
430.69	0.046
430.90	0.046
431.10	0.045
431.31	0.045
431.52	0.045
431.72	0.046
431.93	0.047
432.14	0.046
432.34	0.046
432.55	0.046
432.76	0.046
432.96	0.046
433.17	0.046
433.37	0.046
433.58	0.046
433.79	0.045
433.99	0.045
434.20	0.045
434.41	0.045
434.61	0.045
434.82	0.045
435.02	0.045
435.23	0.045
435.44	0.044
435.64	0.044
435.85	0.044
436.06	0.044
436.26	0.043
436.47	0.043
436.67	0.043
436.88	0.042
437.09	0.042
437.29	0.042
437.50	0.042
437.70	0.042
437.91	0.042
438.12	0.042
438.32	0.042
438.53	0.042
438.73	0.042
438.94	0.043
439.15	0.043
439.35	0.042
439.56	0.042
439.76	0.042
439.97	0.042
440.18	0.042
440.38	0.041
440.59	0.041
440.79	0.041
441.00	0.041
441.20	0.041
441.41	0.041
441.62	0.040
441.82	0.040
442.03	0.040
442.23	0.040
442.44	0.040
442.65	0.039
442.85	0.039
443.06	0.039
443.26	0.039
443.47	0.039
443.67	0.039
443.88	0.039
444.09	0.038
444.29	0.039
444.50	0.039
444.70	0.039
444.91	0.040
445.11	0.039
445.32	0.038
445.52	0.038
445.73	0.037
445.94	0.037
446.14	0.036
446.35	0.036
446.55	0.036
446.76	0.036
446.96	0.036
447.17	0.035
447.37	0.035
447.58	0.035
447.78	0.035
447.99	0.035
448.20	0.036
448.40	0.036
448.61	0.035
448.81	0.035
449.02	0.036
449.22	0.036
449.43	0.036
449.63	0.035
449.84	0.036
450.04	0.035
450.25	0.035
450.45	0.035
450.66	0.035
450.86	0.035
451.07	0.035
451.27	0.034
451.48	0.035
451.68	0.034
451.89	0.034
452.09	0.034
452.30	0.034
452.50	0.035
452.71	0.035
452.91	0.034
453.12	0.035
453.33	0.035
453.53	0.036
453.74	0.036
453.94	0.036
454.15	0.036
454.35	0.035
454.56	0.034
454.76	0.034
454.96	0.033
455.17	0.033
455.37	0.033
455.58	0.032
455.78	0.032
455.99	0.032
456.19	0.031
456.40	0.031
456.60	0.032
456.81	0.032
457.01	0.032
457.22	0.032
457.42	0.032
457.63	0.032
457.83	0.031
458.04	0.032
458.24	0.031
458.45	0.031
458.65	0.031
458.86	0.031
459.06	0.031
459.27	0.031
459.47	0.031
459.67	0.032
459.88	0.032
460.08	0.032
460.29	0.032
460.49	0.032
460.70	0.031
460.90	0.031
461.11	0.031
461.31	0.030
461.52	0.030
461.72	0.030
461.92	0.030
462.13	0.030
462.33	0.030
462.54	0.031
462.74	0.031
462.95	0.030
463.15	0.031
463.36	0.031
463.56	0.030
463.76	0.030
463.97	0.030
464.17	0.031
464.38	0.031
464.58	0.030
464.79	0.031
464.99	0.030
465.19	0.030
465.40	0.030
465.60	0.030
465.81	0.030
466.01	0.029
466.22	0.028
466.42	0.028
466.62	0.028
466.83	0.028
467.03	0.028
467.24	0.028
467.44	0.028
467.65	0.027
467.85	0.027
468.05	0.027
468.26	0.027
468.46	0.027
468.67	0.027
468.87	0.027
469.07	0.028
469.28	0.027
469.48	0.028
469.69	0.028
469.89	0.028
470.09	0.028
470.30	0.028
470.50	0.028
470.71	0.028
470.91	0.028
471.11	0.029
471.32	0.029
471.52	0.029
471.72	0.029
471.93	0.028
472.13	0.029
472.34	0.028
472.54	0.028
472.74	0.028
472.95	0.027
473.15	0.027
473.35	0.026
473.56	0.026
473.76	0.027
473.97	0.027
474.17	0.027
474.37	0.027
474.58	0.027
474.78	0.027
474.98	0.027
475.19	0.027
475.39	0.027
475.60	0.026
475.80	0.026
476.00	0.026
476.21	0.026
476.41	0.026
476.61	0.026
476.82	0.026
477.02	0.025
477.22	0.026
477.43	0.026
477.63	0.025
477.83	0.026
478.04	0.026
478.24	0.026
478.44	0.025
478.65	0.025
478.85	0.026
479.05	0.025
479.26	0.025
479.46	0.026
479.66	0.026
479.87	0.026
480.07	0.026
480.27	0.026
480.48	0.026
480.68	0.026
480.88	0.026
481.09	0.026
481.29	0.025
481.49	0.025
481.70	0.025
481.90	0.024
482.10	0.025
482.31	0.024
482.51	0.024
482.71	0.024
482.92	0.024
483.12	0.024
483.32	0.024
483.52	0.024
483.73	0.024
483.93	0.024
484.13	0.024
484.34	0.024
484.54	0.024
484.74	0.024
484.95	0.024
485.15	0.023
485.35	0.023
485.55	0.023
485.76	0.022
485.96	0.021
486.16	0.021
486.37	0.022
486.57	0.021
486.77	0.021
486.97	0.021
487.18	0.022
487.38	0.021
487.58	0.022
487.79	0.022
487.99	0.022
488.19	0.023
488.39	0.023
488.60	0.023
488.80	0.023
489.00	0.022
489.20	0.023
489.41	0.022
489.61	0.022
489.81	0.023
490.02	0.022
490.22	0.022
490.42	0.022
490.62	0.022
490.83	0.022
491.03	0.022
491.23	0.022
491.43	0.022
491.64	0.021
491.84	0.021
492.04	0.022
492.24	0.022
492.45	0.022
492.65	0.022
492.85	0.022
493.05	0.022
493.26	0.022
493.46	0.023
493.66	0.022
493.86	0.022
494.07	0.022
494.27	0.022
494.47	0.022
494.67	0.022
494.87	0.022
495.08	0.021
495.28	0.021
495.48	0.020
495.68	0.020
495.89	0.020
496.09	0.020
496.29	0.020
496.49	0.020
496.69	0.019
496.90	0.020
497.10	0.020
497.30	0.020
497.50	0.021
497.71	0.021
497.91	0.022
498.11	0.022
498.31	0.021
498.51	0.021
498.72	0.021
498.92	0.021
499.12	0.021
499.32	0.021
499.52	0.021
499.73	0.021
499.93	0.021
500.13	0.021
500.33	0.022
500.53	0.021
500.74	0.021
500.94	0.021
501.14	0.021
501.34	0.021
501.54	0.020
501.74	0.021
501.95	0.020
502.15	0.020
502.35	0.020
502.55	0.020
502.75	0.020
502.96	0.021
503.16	0.021
503.36	0.020
503.56	0.020
503.76	0.020
503.96	0.020
504.17	0.020
504.37	0.019
504.57	0.019
504.77	0.018
504.97	0.018
505.17	0.019
505.38	0.019
505.58	0.019
505.78	0.019
505.98	0.019
506.18	0.019
506.38	0.020
506.58	0.020
506.79	0.020
506.99	0.020
507.19	0.020
507.39	0.020
507.59	0.020
507.79	0.020
507.99	0.019
508.20	0.019
508.40	0.019
508.60	0.019
508.80	0.019
509.00	0.019
509.20	0.019
509.40	0.019
509.61	0.019
509.81	0.019
510.01	0.018
510.21	0.019
510.41	0.018
510.61	0.018
510.81	0.018
511.01	0.019
511.22	0.018
511.42	0.018
511.62	0.018
511.82	0.018
512.02	0.018
512.22	0.018
512.42	0.018
512.62	0.018
512.82	0.018
513.03	0.018
513.23	0.017
513.43	0.017
513.63	0.017
513.83	0.018
514.03	0.018
514.23	0.018
514.43	0.018
514.63	0.018
514.83	0.019
515.04	0.019
515.24	0.020
515.44	0.019
515.64	0.019
515.84	0.019
516.04	0.019
516.24	0.019
516.44	0.019
516.64	0.018
516.84	0.018
517.04	0.018
517.24	0.018
517.45	0.019
517.65	0.018
517.85	0.018
518.05	0.018
518.25	0.018
518.45	0.018
518.65	0.017
518.85	0.017
519.05	0.017
519.25	0.017
519.45	0.018
519.65	0.018
519.85	0.018
520.05	0.018
520.25	0.018
520.46	0.019
520.66	0.019
520.86	0.019
521.06	0.019
521.26	0.019
521.46	0.019
521.66	0.018
521.86	0.017
522.06	0.018
522.26	0.017
522.46	0.017
522.66	0.017
522.86	0.017
523.06	0.017
523.26	0.018
523.46	0.018
523.66	0.018
523.86	0.018
524.06	0.018
524.26	0.018
524.46	0.018
524.66	0.017
524.86	0.017
525.06	0.016
525.26	0.017
525.46	0.017
525.66	0.017
525.87	0.017
526.07	0.016
526.27	0.016
526.47	0.016
526.67	0.017
526.87	0.017
527.07	0.017
527.27	0.017
527.47	0.017
527.67	0.017
527.87	0.017
528.07	0.017
528.27	0.018
528.47	0.017
528.67	0.017
528.87	0.017
529.07	0.017
529.27	0.017
529.47	0.017
529.67	0.017
529.87	0.017
530.07	0.016
530.27	0.016
530.47	0.017
530.67	0.017
530.87	0.018
531.06	0.018
531.26	0.018
531.46	0.018
531.66	0.019
531.86	0.019
532.06	0.019
532.26	0.018
532.46	0.018
532.66	0.018
532.86	0.018
533.06	0.018
533.26	0.017
533.46	0.017
533.66	0.017
533.86	0.017
534.06	0.016
534.26	0.016
534.46	0.016
534.66	0.016
534.86	0.016
535.06	0.016
535.26	0.016
535.46	0.015
535.66	0.015
535.86	0.015
536.06	0.016
536.26	0.016
536.45	0.016
536.65	0.016
536.85	0.016
537.05	0.016
537.25	0.016
537.45	0.016
537.65	0.016
537.85	0.016
538.05	0.016
538.25	0.016
538.45	0.016
538.65	0.016
538.85	0.016
539.05	0.016
539.25	0.016
539.44	0.016
539.64	0.015
539.84	0.015
540.04	0.014
540.24	0.014
540.44	0.015
540.64	0.015
540.84	0.015
541.04	0.015
541.24	0.015
541.44	0.015
541.64	0.015
541.83	0.015
542.03	0.015
542.23	0.015
542.43	0.015
542.63	0.015
542.83	0.014
543.03	0.015
543.23	0.015
543.43	0.015
543.63	0.015
543.82	0.015
544.02	0.014
544.22	0.015
544.42	0.015
544.62	0.015
544.82	0.014
545.02	0.014
545.22	0.014
545.42	0.015
545.61	0.014
545.81	0.014
546.01	0.013
546.21	0.014
546.41	0.014
546.61	0.013
546.81	0.013
547.01	0.014
547.20	0.013
547.40	0.013
547.60	0.014
547.80	0.014
548.00	0.013
548.20	0.014
548.40	0.015
548.59	0.015
548.79	0.014
548.99	0.014
549.19	0.014
549.39	0.014
549.59	0.015
549.79	0.015
549.98	0.014
550.18	0.014
550.38	0.014
550.58	0.014
550.78	0.015
550.98	0.015
551.17	0.014
551.37	0.014
551.57	0.014
551.77	0.014
551.97	0.014
552.17	0.014
552.36	0.014
552.56	0.013
552.76	0.014
552.96	0.013
553.16	0.013
553.36	0.013
553.55	0.014
553.75	0.014
553.95	0.014
554.15	0.014
554.35	0.014
554.55	0.015
554.74	0.015
554.94	0.015
555.14	0.015
555.34	0.014
555.54	0.014
555.73	0.014
555.93	0.014
556.13	0.015
556.33	0.014
556.53	0.014
556.72	0.014
556.92	0.014
557.12	0.014
557.32	0.014
557.52	0.014
557.71	0.014
557.91	0.014
558.11	0.013
558.31	0.014
558.51	0.014
558.70	0.014
558.90	0.014
559.10	0.014
559.30	0.014
559.49	0.014
559.69	0.015
559.89	0.015
560.09	0.015
560.29	0.015
560.48	0.014
560.68	0.014
560.88	0.014
561.08	0.013
561.27	0.013
561.47	0.013
561.67	0.013
561.87	0.013
562.06	0.013
562.26	0.013
562.46	0.013
562.66	0.013
562.86	0.013
563.05	0.013
563.25	0.013
563.45	0.013
563.65	0.013
563.84	0.013
564.04	0.013
564.24	0.013
564.44	0.013
564.63	0.013
564.83	0.013
565.03	0.013
565.22	0.013
565.42	0.013
565.62	0.013
565.82	0.012
566.01	0.012
566.21	0.012
566.41	0.012
566.61	0.012
566.80	0.012
567.00	0.012
567.20	0.012
567.40	0.013
567.59	0.013
567.79	0.013
567.99	0.014
568.18	0.014
568.38	0.014
568.58	0.014
568.78	0.014
568.97	0.015
569.17	0.014
569.37	0.014
569.56	0.014
569.76	0.014
569.96	0.014
570.16	0.013
570.35	0.013
570.55	0.013
570.75	0.012
570.94	0.013
571.14	0.012
571.34	0.012
571.53	0.012
571.73	0.012
571.93	0.012
572.12	0.012
572.32	0.012
572.52	0.012
572.72	0.012
572.91	0.013
573.11	0.013
573.31	0.013
573.50	0.012
573.70	0.012
573.90	0.013
574.09	0.012
574.29	0.012
574.49	0.012
574.68	0.012
574.88	0.012
575.08	0.012
575.27	0.012
575.47	0.012
575.67	0.012
575.86	0.013
576.06	0.013
576.26	0.014
576.45	0.014
576.65	0.014
576.85	0.013
577.04	0.013
577.24	0.012
577.44	0.012
577.63	0.012
577.83	0.011
578.02	0.011
578.22	0.010
578.42	0.010
578.61	0.011
578.81	0.011
579.01	0.011
579.20	0.011
579.40	0.011
579.60	0.012
579.79	0.013
579.99	0.013
580.19	0.013
580.38	0.012
580.58	0.012
580.77	0.012
580.97	0.011
581.17	0.011
581.36	0.010
581.56	0.009
581.75	0.008
581.95	0.008
582.15	0.009
582.34	0.009
582.54	0.009
582.74	0.009
582.93	0.010
583.13	0.010
583.32	0.011
583.52	0.011
583.72	0.012
583.91	0.012
584.11	0.011
584.30	0.011
584.50	0.011
584.70	0.010
584.89	0.009
585.09	0.009
585.28	0.009
585.48	0.009
585.68	0.009
585.87	0.009
586.07	0.010
586.26	0.010
586.46	0.010
586.66	0.011
586.85	0.011
587.05	0.011
587.24	0.010
587.44	0.010
587.63	0.010
587.83	0.010
588.03	0.010
588.22	0.010
588.42	0.010
588.61	0.010
588.81	0.010
589.00	0.011
589.20	0.011
589.40	0.011
589.59	0.011
589.79	0.011
589.98	0.011
590.18	0.011
590.37	0.011
590.57	0.011
590.76	0.011
590.96	0.012
591.16	0.012
591.35	0.012
591.55	0.012
591.74	0.012
591.94	0.012
592.13	0.012
592.33	0.011
592.52	0.010
592.72	0.010
592.91	0.010
593.11	0.010
593.30	0.010
593.50	0.010
593.70	0.010
593.89	0.010
594.09	0.011
594.28	0.011
594.48	0.011
594.67	0.011
594.87	0.010
595.06	0.010
595.26	0.010
595.45	0.010
595.65	0.010
595.84	0.011
596.04	0.011
596.23	0.012
596.43	0.012
596.62	0.011
596.82	0.011
597.01	0.012
597.21	0.012
597.40	0.012
597.60	0.012
597.79	0.012
597.99	0.011
598.18	0.011
598.38	0.011
598.57	0.011
598.77	0.011
598.96	0.011
599.16	0.010
599.35	0.010
599.55	0.010
599.74	0.010
599.94	0.010
600.13	0.010
600.33	0.010
600.52	0.010
600.72	0.010
600.91	0.010
601.11	0.010
601.30	0.011
601.50	0.010
601.69	0.011
601.89	0.010
602.08	0.011
602.27	0.011
602.47	0.011
602.66	0.010
602.86	0.010
603.05	0.010
603.25	0.010
603.44	0.010
603.64	0.010
603.83	0.010
604.03	0.010
604.22	0.010
604.41	0.010
604.61	0.011
604.80	0.011
605.00	0.010
605.19	0.010
605.39	0.010
605.58	0.010
605.78	0.010
605.97	0.010
606.16	0.010
606.36	0.010
606.55	0.010
606.75	0.010
606.94	0.010
607.14	0.010
607.33	0.009
607.52	0.009
607.72	0.009
607.91	0.009
608.11	0.009
608.30	0.010
608.50	0.010
608.69	0.010
608.88	0.010
609.08	0.010
609.27	0.010
609.47	0.010
609.66	0.010
609.85	0.010
610.05	0.010
610.24	0.010
610.44	0.010
610.63	0.009
610.83	0.010
611.02	0.009
611.21	0.009
611.41	0.009
611.60	0.010
611.80	0.009
611.99	0.009
612.18	0.010
612.38	0.010
612.57	0.010
612.76	0.010
612.96	0.011
613.15	0.011
613.35	0.011
613.54	0.011
613.73	0.011
613.93	0.011
614.12	0.011
614.32	0.010
614.51	0.010
614.70	0.009
614.90	0.009
615.09	0.009
615.28	0.010
615.48	0.010
615.67	0.010
615.86	0.010
616.06	0.011
616.25	0.011
616.45	0.011
616.64	0.011
616.83	0.011
617.03	0.011
617.22	0.011
617.41	0.010
617.61	0.010
617.80	0.010
617.99	0.010
618.19	0.010
618.38	0.010
618.57	0.010
618.77	0.010
618.96	0.009
619.15	0.009
619.35	0.009
619.54	0.009
619.73	0.009
619.93	0.009
620.12	0.009
620.31	0.009
620.51	0.009
620.70	0.010
620.89	0.010
621.09	0.009
621.28	0.009
621.47	0.009
621.67	0.009
621.86	0.009
622.05	0.008
622.25	0.008
622.44	0.008
622.63	0.008
622.83	0.009
623.02	0.009
623.21	0.009
623.41	0.009
623.60	0.009
623.79	0.009
623.98	0.009
624.18	0.009
624.37	0.009
624.56	0.008
624.76	0.009
624.95	0.009
625.14	0.009
625.33	0.010
625.53	0.009
625.72	0.010
625.91	0.010
626.11	0.010
626.30	0.010
626.49	0.010
626.68	0.009
626.88	0.009
627.07	0.009
627.26	0.009
627.46	0.009
627.65	0.009
627.84	0.010
628.03	0.009
628.23	0.009
628.42	0.010
628.61	0.010
628.80	0.010
629.00	0.010
629.19	0.010
629.38	0.009
629.58	0.009
629.77	0.009
629.96	0.009
630.15	0.010
630.35	0.010
630.54	0.010
630.73	0.009
630.92	0.009
631.12	0.009
631.31	0.009
631.50	0.010
631.69	0.010
631.89	0.009
632.08	0.009
632.27	0.009
632.46	0.009
632.65	0.009
632.85	0.009
633.04	0.009
633.23	0.009
633.42	0.009
633.62	0.009
633.81	0.009
634.00	0.010
634.19	0.010
634.39	0.011
634.58	0.011
634.77	0.011
634.96	0.011
635.15	0.010
635.35	0.010
635.54	0.010
635.73	0.009
635.92	0.008
636.11	0.008
636.31	0.008
636.50	0.008
636.69	0.008
636.88	0.008
637.07	0.008
637.27	0.008
637.46	0.008
637.65	0.008
637.84	0.009
638.03	0.009
638.23	0.009
638.42	0.009
638.61	0.008
638.80	0.008
638.99	0.009
639.19	0.008
639.38	0.008
639.57	0.008
639.76	0.008
639.95	0.009
640.14	0.009
640.34	0.010
640.53	0.010
640.72	0.009
640.91	0.009
641.10	0.010
641.30	0.010
641.49	0.010
641.68	0.010
641.87	0.010
642.06	0.010
642.25	0.009
642.44	0.009
642.64	0.010
642.83	0.010
643.02	0.010
643.21	0.010
643.40	0.009
643.59	0.009
643.79	0.009
643.98	0.009
644.17	0.009
644.36	0.009
644.55	0.009
644.74	0.009
644.93	0.008
645.13	0.009
645.32	0.009
645.51	0.009
645.70	0.009
645.89	0.009
646.08	0.009
646.27	0.009
646.46	0.010
646.66	0.010
646.85	0.010
647.04	0.010
647.23	0.009
647.42	0.009
647.61	0.009
647.80	0.009
647.99	0.009
648.19	0.009
648.38	0.009
648.57	0.008
648.76	0.008
648.95	0.009
649.14	0.009
649.33	0.009
649.52	0.008
649.71	0.008
649.91	0.009
650.10	0.008
650.29	0.009
650.48	0.009
650.67	0.009
650.86	0.009
651.05	0.008
651.24	0.008
651.43	0.008
651.62	0.008
651.81	0.008
652.01	0.008
652.20	0.009
652.39	0.008
652.58	0.008
652.77	0.008
652.96	0.009
653.15	0.009
653.34	0.008
653.53	0.008
653.72	0.009
653.91	0.009
654.10	0.010
654.29	0.010
654.48	0.010
654.68	0.010
654.87	0.009
655.06	0.009
655.25	0.008
655.44	0.007
655.63	0.006
655.82	0.006
656.01	0.006
656.20	0.006
656.39	0.006
656.58	0.006
656.77	0.006
656.96	0.007
657.15	0.007
657.34	0.008
657.53	0.007
657.72	0.008
657.91	0.008
658.10	0.008
658.29	0.009
658.48	0.009
658.68	0.009
658.87	0.009
659.06	0.009
659.25	0.009
659.44	0.009
659.63	0.010
659.82	0.009
660.01	0.008
660.20	0.008
660.39	0.008
660.58	0.008
660.77	0.009
660.96	0.009
661.15	0.009
661.34	0.009
661.53	0.009
661.72	0.009
661.91	0.009
662.10	0.009
662.29	0.009
662.48	0.009
662.67	0.009
662.86	0.009
663.05	0.009
663.24	0.008
663.43	0.008
663.62	0.009
663.81	0.008
664.00	0.008
664.19	0.008
664.38	0.008
664.57	0.008
664.76	0.008
664.95	0.009
665.14	0.008
665.33	0.008
665.52	0.008
665.71	0.008
665.90	0.008
666.09	0.008
666.28	0.008
666.46	0.008
666.65	0.008
666.84	0.008
667.03	0.008
667.22	0.008
667.41	0.008
667.60	0.008
667.79	0.008
667.98	0.007
668.17	0.008
668.36	0.008
668.55	0.008
668.74	0.008
668.93	0.008
669.12	0.008
669.31	0.008
669.50	0.008
669.69	0.009
669.88	0.009
670.07	0.008
670.26	0.008
670.44	0.008
670.63	0.008
670.82	0.007
671.01	0.007
671.20	0.007
671.39	0.007
671.58	0.007
671.77	0.008
671.96	0.007
672.15	0.008
672.34	0.008
672.53	0.008
672.72	0.008
672.91	0.008
673.09	0.008
673.28	0.008
673.47	0.007
673.66	0.007
673.85	0.008
674.04	0.008
674.23	0.008
674.42	0.008
674.61	0.008
674.80	0.008
674.98	0.008
675.17	0.008
675.36	0.008
675.55	0.008
675.74	0.008
675.93	0.007
676.12	0.007
676.31	0.008
676.50	0.007
676.69	0.008
676.87	0.008
677.06	0.008
677.25	0.009
677.44	0.009
677.63	0.009
677.82	0.008
678.01	0.008
678.20	0.009
678.38	0.008
678.57	0.008
678.76	0.007
678.95	0.007
679.14	0.007
679.33	0.007
679.52	0.007
679.71	0.007
679.89	0.008
680.08	0.008
680.27	0.008
680.46	0.008
680.65	0.008
680.84	0.008
681.02	0.008
681.21	0.008
681.40	0.008
681.59	0.008
681.78	0.008
681.97	0.008
682.16	0.008
682.34	0.007
682.53	0.008
682.72	0.007
682.91	0.007
683.10	0.007
683.29	0.007
683.47	0.007
683.66	0.006
683.85	0.007
684.04	0.007
684.23	0.006
684.42	0.006
684.60	0.006
684.79	0.006
684.98	0.006
685.17	0.006
685.36	0.006
685.54	0.007
685.73	0.007
685.92	0.007
686.11	0.007
686.30	0.007
686.49	0.007
686.67	0.007
686.86	0.007
687.05	0.007
687.24	0.007
687.43	0.007
687.61	0.007
687.80	0.008
687.99	0.008
688.18	0.008
688.36	0.008
688.55	0.008
688.74	0.008
688.93	0.008
689.12	0.008
689.30	0.008
689.49	0.008
689.68	0.008
689.87	0.007
690.06	0.007
690.24	0.007
690.43	0.007
690.62	0.007
690.81	0.007
690.99	0.007
691.18	0.007
691.37	0.007
691.56	0.007
691.74	0.007
691.93	0.007
692.12	0.007
692.31	0.007
692.50	0.007
692.68	0.007
692.87	0.007
693.06	0.007
693.25	0.007
693.43	0.007
693.62	0.007
693.81	0.007
694.00	0.007
694.18	0.007
694.37	0.007
694.56	0.007
694.74	0.007
694.93	0.007
695.12	0.007
695.31	0.007
695.49	0.007
695.68	0.007
695.87	0.007
696.06	0.008
696.24	0.008
696.43	0.008
696.62	0.008
696.80	0.007
696.99	0.007
697.18	0.007
697.37	0.007
697.55	0.007
697.74	0.007
697.93	0.007
698.12	0.007
698.30	0.007
698.49	0.007
698.68	0.007
698.86	0.008
699.05	0.008
699.24	0.008
699.42	0.008
699.61	0.008
699.80	0.008
699.99	0.008
700.17	0.007
700.36	0.007
700.55	0.007
700.73	0.007
700.92	0.007
701.11	0.007
701.29	0.006
701.48	0.006
701.67	0.007
701.85	0.007
702.04	0.007
702.23	0.007
702.41	0.007
702.60	0.007
702.79	0.007
702.97	0.008
703.16	0.007
703.35	0.007
703.53	0.007
703.72	0.007
703.91	0.007
704.09	0.007
704.28	0.007
704.47	0.007
704.65	0.007
704.84	0.007
705.03	0.007
705.21	0.007
705.40	0.007
705.59	0.007
705.77	0.007
705.96	0.007
706.15	0.007
706.33	0.006
706.52	0.006
706.71	0.006
706.89	0.006
707.08	0.005
707.26	0.006
707.45	0.006
707.64	0.006
707.82	0.006
708.01	0.006
708.20	0.006
708.38	0.007
708.57	0.007
708.75	0.007
708.94	0.007
709.13	0.007
709.31	0.007
709.50	0.006
709.69	0.006
709.87	0.006
710.06	0.006
710.24	0.006
710.43	0.006
710.62	0.005
710.80	0.005
710.99	0.006
711.17	0.006
711.36	0.006
711.55	0.007
711.73	0.007
711.92	0.007
712.10	0.007
712.29	0.008
712.48	0.008
712.66	0.007
712.85	0.007
713.03	0.007
713.22	0.007
713.40	0.007
713.59	0.007
713.78	0.007
713.96	0.007
714.15	0.007
714.33	0.007
714.52	0.007
714.71	0.007
714.89	0.008
715.08	0.008
715.26	0.007
715.45	0.007
715.63	0.007
715.82	0.007
716.00	0.008
716.19	0.008
716.38	0.007
716.56	0.007
716.75	0.007
716.93	0.007
717.12	0.007
717.30	0.006
717.49	0.006
717.67	0.006
717.86	0.006
718.05	0.006
718.23	0.007
718.42	0.007
718.60	0.007
718.79	0.007
718.97	0.007
719.16	0.007
719.34	0.007
719.53	0.007
719.71	0.006
719.90	0.006
720.08	0.006
720.27	0.006
720.45	0.006
720.64	0.007
720.83	0.007
721.01	0.007
721.20	0.007
721.38	0.007
721.57	0.007
721.75	0.006
721.94	0.006
722.12	0.006
722.31	0.006
722.49	0.006
722.68	0.006
722.86	0.006
723.05	0.006
723.23	0.007
723.42	0.007
723.60	0.006
723.79	0.006
723.97	0.006
724.16	0.006
724.34	0.006
724.53	0.006
724.71	0.006
724.90	0.006
725.08	0.006
725.27	0.007
725.45	0.007
725.64	0.007
725.82	0.007
726.00	0.007
726.19	0.007
726.37	0.007
726.56	0.007
726.74	0.007
726.93	0.006
727.11	0.006
727.30	0.007
727.48	0.007
727.67	0.007
727.85	0.007
728.04	0.007
728.22	0.007
728.40	0.007
728.59	0.007
728.77	0.008
728.96	0.007
729.14	0.007
729.33	0.007
729.51	0.008
729.70	0.008
729.88	0.008
730.07	0.008
730.25	0.007
730.43	0.008
730.62	0.007
730.80	0.008
730.99	0.008
731.17	0.007
731.36	0.007
731.54	0.006
731.72	0.006
731.91	0.006
732.09	0.005
732.28	0.006
732.46	0.006
732.65	0.005
732.83	0.006
733.01	0.006
733.20	0.006
733.38	0.006
733.57	0.006
733.75	0.007
733.93	0.007
734.12	0.007
734.30	0.007
734.49	0.007
734.67	0.007
734.85	0.007
735.04	0.007
735.22	0.007
735.41	0.006
735.59	0.006
735.77	0.006
735.96	0.006
736.14	0.005
736.33	0.005
736.51	0.005
736.69	0.006
736.88	0.005
737.06	0.006
737.25	0.006
737.43	0.006
737.61	0.006
737.80	0.007
737.98	0.007
738.16	0.006
738.35	0.006
738.53	0.006
738.71	0.006
738.90	0.006
739.08	0.006
739.27	0.005
739.45	0.005
739.63	0.005
739.82	0.006
740.00	0.006
740.18	0.006
740.37	0.006
740.55	0.006
740.73	0.006
740.92	0.007
741.10	0.007
741.28	0.007
741.47	0.007
741.65	0.006
741.83	0.007
742.02	0.006
742.20	0.006
742.38	0.006
742.57	0.006
742.75	0.006
742.93	0.006
743.12	0.005
743.30	0.005
743.48	0.005
743.67	0.005
743.85	0.005
744.03	0.005
744.22	0.005
744.40	0.005
744.58	0.005
744.77	0.005
744.95	0.006
745.13	0.006
745.32	0.006
745.50	0.006
745.68	0.006
745.87	0.005
746.05	0.006
746.23	0.006
746.41	0.006
746.60	0.006
746.78	0.006
746.96	0.006
747.15	0.006
747.33	0.006
747.51	0.006
747.70	0.006
747.88	0.006
748.06	0.006
748.24	0.006
748.43	0.006
748.61	0.006
748.79	0.007
748.97	0.007
749.16	0.007
749.34	0.007
749.52	0.007
749.71	0.007
749.89	0.007
750.07	0.006
750.25	0.006
750.44	0.006
750.62	0.006
750.80	0.006
750.98	0.005
751.17	0.005
751.35	0.006
751.53	0.005
751.71	0.006
751.90	0.006
752.08	0.006
752.26	0.006
752.44	0.006
752.63	0.006
752.81	0.006
752.99	0.006
753.17	0.006
753.36	0.006
753.54	0.005
753.72	0.006
753.90	0.006
754.09	0.006
754.27	0.006
754.45	0.006
754.63	0.006
754.82	0.006
755.00	0.006
755.18	0.006
755.36	0.005
755.54	0.005
755.73	0.005
755.91	0.005
756.09	0.006
756.27	0.006
756.45	0.006
756.64	0.006
756.82	0.006
757.00	0.006
757.18	0.006
757.37	0.006
757.55	0.006
757.73	0.005
757.91	0.005
758.09	0.006
758.27	0.006
758.46	0.005
758.64	0.005
758.82	0.006
759.00	0.006
759.18	0.005
759.37	0.005
759.55	0.005
759.73	0.004
759.91	0.004
760.09	0.005
760.28	0.005
760.46	0.005
760.64	0.005
760.82	0.005
761.00	0.006
761.18	0.005
761.37	0.005
761.55	0.005
761.73	0.005
761.91	0.005
762.09	0.004
762.27	0.003
762.46	0.003
762.64	0.003
762.82	0.003
763.00	0.003
763.18	0.003
763.36	0.004
763.54	0.004
763.73	0.004
763.91	0.005
764.09	0.005
764.27	0.005
764.45	0.005
764.63	0.005
764.81	0.005
765.00	0.005
765.18	0.005
765.36	0.005
765.54	0.005
765.72	0.005
765.90	0.005
766.08	0.005
766.27	0.006
766.45	0.005
766.63	0.005
766.81	0.005
766.99	0.005
767.17	0.005
767.35	0.005
767.53	0.005
767.71	0.005
767.90	0.004
768.08	0.004
768.26	0.004
768.44	0.004
768.62	0.004
768.80	0.004
768.98	0.004
769.16	0.004
769.34	0.004
769.52	0.005
769.71	0.004
769.89	0.005
770.07	0.005
770.25	0.005
770.43	0.005
770.61	0.005
770.79	0.005
770.97	0.005
771.15	0.005
771.33	0.005
771.51	0.004
771.69	0.004
771.88	0.004
772.06	0.004
772.24	0.004
772.42	0.004
772.60	0.004
772.78	0.004
772.96	0.004
773.14	0.004
773.32	0.005
773.50	0.005
773.68	0.005
773.86	0.005
774.04	0.004
774.22	0.004
774.40	0.004
774.58	0.005
774.77	0.005
774.95	0.005
775.13	0.004
775.31	0.004
775.49	0.004
775.67	0.004
775.85	0.004
776.03	0.004
776.21	0.004
776.39	0.004
776.57	0.004
776.75	0.005
776.93	0.005
777.11	0.004
777.29	0.005
777.47	0.004
777.65	0.004
777.83	0.004
778.01	0.004
778.19	0.004
778.37	0.004
778.55	0.004
778.73	0.004
778.91	0.004
779.09	0.004
779.27	0.005
779.45	0.005
779.63	0.004
779.81	0.004
779.99	0.004
780.17	0.004
780.35	0.004
780.53	0.005
780.71	0.005
780.89	0.005
781.07	0.005
781.25	0.005
781.43	0.005
781.61	0.005
781.79	0.005
781.97	0.005
782.15	0.004
782.33	0.004
782.51	0.004
782.69	0.005
782.87	0.005
783.05	0.005
783.23	0.004
783.41	0.004
783.59	0.004
783.77	0.005
783.95	0.005
784.13	0.004
784.31	0.004
784.49	0.004
784.67	0.004
784.85	0.004
785.03	0.004
785.21	0.004
785.38	0.004
785.56	0.004
785.74	0.004
785.92	0.004
786.10	0.005
786.28	0.004
786.46	0.005
786.64	0.005
786.82	0.005
787.00	0.005
787.18	0.005
787.36	0.005
787.54	0.004
787.72	0.004
787.90	0.004
788.08	0.005
788.25	0.005
788.43	0.005
788.61	0.005
788.79	0.005
788.97	0.005
789.15	0.005
789.33	0.005
789.51	0.005
789.69	0.005
789.87	0.004
790.05	0.004
790.23	0.004
790.40	0.004
790.58	0.004
790.76	0.004
790.94	0.004
791.12	0.004
791.30	0.004
791.48	0.005
791.66	0.005
791.84	0.005
792.02	0.005
792.19	0.005
792.37	0.005
792.55	0.005
792.73	0.006
792.91	0.005
793.09	0.005
793.27	0.005
793.45	0.005
793.63	0.004
793.80	0.005
793.98	0.005
794.16	0.005
794.34	0.005
794.52	0.004
794.70	0.005
794.88	0.005
795.05	0.005
795.23	0.005
795.41	0.005
795.59	0.005
795.77	0.005
795.95	0.004
796.13	0.004
796.30	0.004
796.48	0.004
796.66	0.004
796.84	0.004
797.02	0.004
797.20	0.004
797.38	0.004
797.55	0.004
797.73	0.005
797.91	0.004
798.09	0.004
798.27	0.005
798.45	0.005
798.62	0.005
798.80	0.005
798.98	0.005
799.16	0.005
799.34	0.005
799.52	0.005
799.69	0.005
799.87	0.005
800.05	0.004
800.23	0.004
800.41	0.004
800.58	0.004
800.76	0.005
800.94	0.005
801.12	0.005
801.30	0.004
801.47	0.005
801.65	0.005
801.83	0.005
802.01	0.005
802.19	0.005
802.36	0.004
802.54	0.004
802.72	0.004
802.90	0.005
803.08	0.005
803.25	0.004
803.43	0.004
803.61	0.005
803.79	0.005
803.97	0.006
804.14	0.006
804.32	0.006
804.50	0.005
804.68	0.005
804.85	0.005
805.03	0.005
805.21	0.005
805.39	0.005
805.56	0.004
805.74	0.004
805.92	0.004
806.10	0.004
806.28	0.004
806.45	0.004
806.63	0.004
806.81	0.004
806.99	0.005
807.16	0.005
807.34	0.004
807.52	0.005
807.70	0.005
807.87	0.005
808.05	0.005
808.23	0.005
808.41	0.005
808.58	0.004
808.76	0.004
808.94	0.005
809.11	0.004
809.29	0.004
809.47	0.004
809.65	0.004
809.82	0.003
810.00	0.004
810.18	0.004
810.36	0.004
810.53	0.004
810.71	0.004
810.89	0.004
811.06	0.004
811.24	0.004
811.42	0.004
811.60	0.004
811.77	0.004
811.95	0.004
812.13	0.004
812.30	0.004
812.48	0.005
812.66	0.005
812.83	0.005
813.01	0.004
813.19	0.004
813.37	0.005
813.54	0.005
813.72	0.006
813.90	0.006
814.07	0.005
814.25	0.005
814.43	0.005
814.60	0.005
814.78	0.005
814.96	0.005
815.13	0.005
815.31	0.004
815.49	0.004
815.66	0.004
815.84	0.004
816.02	0.004
816.19	0.004
816.37	0.005
816.55	0.005
816.72	0.006
816.90	0.006
817.08	0.005
817.25	0.005
817.43	0.005
817.61	0.004
817.78	0.004
817.96	0.004
818.14	0.003
818.31	0.003
818.49	0.003
818.67	0.003
818.84	0.003
819.02	0.003
819.19	0.003
819.37	0.003
819.55	0.004
819.72	0.004
819.90	0.004
820.08	0.004
820.25	0.004
820.43	0.003
820.60	0.003
820.78	0.003
820.96	0.003
821.13	0.003
821.31	0.003
821.49	0.003
821.66	0.003
821.84	0.003
822.01	0.003
822.19	0.004
822.37	0.004
822.54	0.005
822.72	0.004
822.89	0.005
823.07	0.004
823.25	0.004
823.42	0.003
823.60	0.003
823.77	0.003
823.95	0.002
824.13	0.002
824.30	0.002
824.48	0.002
824.65	0.003
824.83	0.003
825.01	0.003
825.18	0.004
825.36	0.004
825.53	0.005
825.71	0.005
825.88	0.005
826.06	0.005
826.24	0.005
826.41	0.005
826.59	0.006
826.76	0.006
826.94	0.006
827.11	0.006
827.29	0.006
827.47	0.006
827.64	0.006
827.82	0.006
827.99	0.004
828.17	0.004
828.34	0.004
828.52	0.004
828.69	0.004
828.87	0.003
829.04	0.003
829.22	0.003
829.40	0.003
829.57	0.004
829.75	0.003
829.92	0.003
830.10	0.004
830.27	0.004
830.45	0.004
830.62	0.005
830.80	0.005
830.97	0.005
831.15	0.005
831.32	0.005
831.50	0.005
831.67	0.004
831.85	0.005
832.02	0.004
832.20	0.004
832.37	0.004
832.55	0.004
832.73	0.004
832.90	0.004
833.08	0.004
833.25	0.004
833.43	0.004
833.60	0.005
833.78	0.005
833.95	0.004
834.13	0.004
834.30	0.004
834.48	0.005
834.65	0.005
834.82	0.005
835.00	0.004
835.17	0.004
835.35	0.004
835.52	0.004
835.70	0.004
835.87	0.003
836.05	0.003
836.22	0.003
836.40	0.003
836.57	0.003
836.75	0.003
836.92	0.002
837.10	0.003
837.27	0.003
837.45	0.003
837.62	0.003
837.80	0.003
837.97	0.003
838.14	0.003
838.32	0.003
838.49	0.003
838.67	0.003
838.84	0.003
839.02	0.004
839.19	0.004
839.37	0.004
839.54	0.004
839.71	0.004
839.89	0.004
840.06	0.004
840.24	0.004
840.41	0.004
840.59	0.004
840.76	0.005
840.94	0.004
841.11	0.004
841.28	0.004
841.46	0.004
841.63	0.004
841.81	0.003
841.98	0.003
842.15	0.003
842.33	0.003
842.50	0.003
842.68	0.003
842.85	0.003
843.03	0.003
843.20	0.003
843.37	0.003
843.55	0.003
843.72	0.004
843.90	0.004
844.07	0.004
844.24	0.004
844.42	0.004
844.59	0.004
844.77	0.004
844.94	0.004
845.11	0.004
845.29	0.003
845.46	0.003
845.63	0.004
845.81	0.004
845.98	0.004
846.16	0.004
846.33	0.004
846.50	0.003
846.68	0.003
846.85	0.003
847.02	0.003
847.20	0.003
847.37	0.003
847.55	0.003
847.72	0.003
847.89	0.003
848.07	0.003
848.24	0.003
848.41	0.003
848.59	0.003
848.76	0.003
848.93	0.003
849.11	0.003
849.28	0.004
849.45	0.003
849.63	0.003
849.80	0.004
849.97	0.004
850.15	0.003
850.32	0.003
850.49	0.002
850.67	0.002
850.84	0.002
851.01	0.002
851.19	0.002
851.36	0.002
851.53	0.002
851.71	0.002
851.88	0.002
852.05	0.002
852.23	0.002
852.40	0.002
852.57	0.002
852.75	0.002
852.92	0.002
853.09	0.002
853.27	0.002
853.44	0.002
853.61	0.002
853.79	0.002
853.96	0.002
854.13	0.002
854.30	0.003
854.48	0.003
854.65	0.004
854.82	0.003
855.00	0.003
855.17	0.003
855.34	0.003
855.51	0.003
855.69	0.003
855.86	0.003
856.03	0.002
856.21	0.002
856.38	0.002
856.55	0.002
856.72	0.002
856.90	0.002
857.07	0.002
857.24	0.002
857.42	0.002
857.59	0.001
857.76	0.001
857.93	0.001
858.11	0.001
858.28	0.001
858.45	0.001
858.62	0.001
858.80	0.001
858.97	0.001
859.14	0.002
859.31	0.002
859.49	0.002
859.66	0.001
859.83	0.002
860.00	0.002
860.18	0.002
860.35	0.002
860.52	0.001
860.69	0.001
860.86	0.001
861.04	0.001
861.21	0.000
861.38	-0.001
861.55	-0.001
861.73	-0.001
861.90	-0.001
862.07	-0.001
862.24	-0.002
862.42	-0.002
862.59	-0.002
862.76	-0.002
862.93	-0.001
863.10	-0.001
863.28	-0.001
863.45	-0.001
863.62	-0.001
863.79	-0.001
863.96	-0.002
864.14	-0.002
864.31	-0.002
864.48	-0.003
864.65	-0.003
864.82	-0.003
865.00	-0.002
865.17	-0.003
865.34	-0.003
865.51	-0.003
865.68	-0.002
865.86	-0.002
866.03	-0.002
866.20	-0.001
866.37	-0.001
866.54	-0.002
866.71	-0.002
866.89	-0.002
867.06	-0.002
867.23	-0.003
867.40	-0.003
867.57	-0.003
867.74	-0.003
867.92	-0.005
868.09	-0.005
868.26	-0.004
868.43	-0.004
868.60	-0.003
868.77	-0.003
868.95	-0.004
869.12	-0.003
869.29	-0.003
869.46	-0.001
869.63	-0.001
869.80	-0.002
869.97	-0.001
870.15	-0.002
870.32	-0.003
870.49	-0.003
870.66	-0.003
870.83	-0.003
871.00	-0.004
871.17	-0.003
871.34	-0.003
871.52	-0.003
871.69	-0.003
871.86	-0.003
872.03	-0.003
872.20	-0.003
872.37	-0.004
872.54	-0.005
872.71	-0.005
872.89	-0.006
873.06	-0.006
873.23	-0.005
873.40	-0.005
873.57	-0.005
873.74	-0.005
873.91	-0.005
874.08	-0.004
874.25	-0.004
874.42	-0.004
874.60	-0.004
874.77	-0.005
874.94	-0.005
875.11	-0.005
875.28	-0.005
875.45	-0.005
875.62	-0.004
875.79	-0.005
875.96	-0.005
876.13	-0.005
876.30	-0.004
876.47	-0.004
876.65	-0.005
876.82	-0.005
876.99	-0.005
877.16	-0.006
877.33	-0.006
877.50	-0.006
877.67	-0.006
877.84	-0.007
878.01	-0.007
878.18	-0.006
878.35	-0.006
878.52	-0.006
878.69	-0.007
878.86	-0.007
879.03	-0.007
879.20	-0.007
879.38	-0.008
879.55	-0.008
879.72	-0.008
879.89	-0.009
880.06	-0.009
880.23	-0.008
880.40	-0.008
880.57	-0.008
880.74	-0.008
880.91	-0.008
881.08	-0.008
881.25	-0.008
881.42	-0.007
881.59	-0.008
881.76	-0.007
881.93	-0.007
882.10	-0.007
882.27	-0.007
882.44	-0.007
882.61	-0.007
882.78	-0.007
882.95	-0.008
883.12	-0.007
883.29	-0.008
883.46	-0.008
883.63	-0.007
883.80	-0.006
883.97	-0.007
884.14	-0.008
884.31	-0.008
884.48	-0.009
884.65	-0.009
884.82	-0.009
884.99	-0.008
885.16	-0.008
885.33	-0.009
885.50	-0.009
885.67	-0.008
885.84	-0.008
886.01	-0.007
886.18	-0.007
886.35	-0.006
886.52	-0.007
886.69	-0.007
886.86	-0.007
887.03	-0.007
887.20	-0.008
887.37	-0.008
887.54	-0.008
887.71	-0.008
887.88	-0.008
888.05	-0.007
888.22	-0.008
888.39	-0.008
888.55	-0.008
888.72	-0.008
888.89	-0.007
889.06	-0.007
889.23	-0.007
889.40	-0.009
889.57	-0.009
889.74	-0.009
889.91	-0.009
890.08	-0.009
890.25	-0.008
890.42	-0.009
890.59	-0.008
890.76	-0.008
890.93	-0.007
891.10	-0.006
891.26	-0.005
891.43	-0.006
891.60	-0.006
891.77	-0.007
891.94	-0.006
892.11	-0.005
892.28	-0.006
892.45	-0.006
892.62	-0.007
892.79	-0.007
892.96	-0.007
893.13	-0.005
893.29	-0.006
893.46	-0.006
893.63	-0.007
893.80	-0.007
893.97	-0.006
894.14	-0.006
894.31	-0.007
894.48	-0.013
894.65	0.004
894.81	-0.004
894.98	-0.010
