177.34	-0.176
177.56	-0.176
177.78	-0.176
178.00	0.442
178.22	-0.165
178.44	-0.000
178.66	-0.000
178.89	-0.000
179.11	-0.784
179.33	-0.747
179.55	-0.000
179.77	-0.000
179.99	-0.000
180.21	-0.000
180.43	-0.000
180.65	-0.000
180.87	-0.000
181.09	-0.000
181.31	-0.000
181.53	-0.000
181.75	1.850
181.97	-0.000
182.19	-0.000
182.41	-0.000
182.63	2.075
182.85	1.111
183.07	1.003
183.30	1.026
183.52	1.025
183.74	0.879
183.96	0.731
184.18	0.744
184.40	0.721
184.62	0.688
184.84	0.754
185.06	0.779
185.28	1.023
185.50	0.959
185.72	1.278
185.94	1.426
186.16	0.986
186.38	0.961
186.60	1.162
186.82	1.083
187.04	1.113
187.26	0.996
187.48	1.023
187.70	0.996
187.92	0.983
188.14	1.199
188.36	1.245
188.58	1.280
188.80	1.268
189.02	1.247
189.24	1.388
189.46	1.504
189.68	1.608
189.90	1.780
190.12	1.738
190.34	1.537
190.56	1.369
190.78	1.501
191.00	1.572
191.22	1.311
191.44	1.291
191.66	1.251
191.88	1.183
192.10	1.193
192.32	1.248
192.54	1.353
192.76	1.387
192.98	1.440
193.20	1.785
193.42	1.662
193.64	1.645
193.86	1.921
194.08	2.094
194.30	2.316
194.52	2.579
194.74	1.861
194.96	1.855
195.18	1.715
195.40	1.685
195.62	1.783
195.84	1.698
196.06	1.668
196.28	1.620
196.50	1.610
196.72	1.784
196.94	1.709
197.16	1.648
197.38	1.813
197.60	1.848
197.82	1.941
198.04	1.920
198.26	2.049
198.48	2.170
198.70	2.020
198.92	2.281
199.13	2.318
199.35	2.080
199.57	2.141
199.79	2.442
200.01	2.241
200.23	2.132
200.45	2.022
200.67	2.422
200.89	2.447
201.11	-0.000
201.33	-0.000
201.55	-0.000
201.77	-0.000
201.99	-0.000
202.21	-0.000
202.43	-0.000
202.65	2.693
202.87	2.322
203.09	2.176
203.31	2.177
203.52	2.077
203.74	2.050
203.96	2.021
204.18	2.072
204.40	2.154
204.62	2.399
204.84	2.202
205.06	2.212
205.28	2.218
205.50	2.311
205.72	2.246
205.94	2.314
206.16	2.383
206.38	2.188
206.59	2.064
206.81	2.238
207.03	2.349
207.25	2.242
207.47	2.150
207.69	2.262
207.91	2.282
208.13	2.237
208.35	2.421
208.57	2.859
208.79	2.495
209.01	2.352
209.22	2.365
209.44	2.366
209.66	2.272
209.88	2.106
210.10	2.128
210.32	2.051
210.54	2.003
210.76	2.064
210.98	2.068
211.20	2.134
211.42	2.180
211.63	2.167
211.85	2.272
212.07	2.355
212.29	2.540
212.51	2.409
212.73	2.493
212.95	2.584
213.17	2.486
213.39	2.495
213.60	2.457
213.82	2.485
214.04	2.484
214.26	2.348
214.48	2.487
214.70	2.441
214.92	2.456
215.14	2.384
215.35	2.374
215.57	2.465
215.79	2.473
216.01	2.356
216.23	2.399
216.45	2.446
216.67	2.511
216.89	2.512
217.10	2.677
217.32	2.720
217.54	2.743
217.76	2.955
217.98	3.095
218.20	3.471
218.42	3.137
218.64	2.771
218.85	2.860
219.07	2.988
219.29	3.034
219.51	3.054
219.73	2.927
219.95	2.720
220.17	2.802
220.38	2.818
220.60	2.913
220.82	2.855
221.04	2.944
221.26	2.795
221.48	2.848
221.69	2.742
221.91	3.003
222.13	2.851
222.35	2.741
222.57	2.768
222.79	2.747
223.00	2.667
223.22	2.806
223.44	2.692
223.66	2.807
223.88	2.680
224.10	2.704
224.32	2.755
224.53	2.679
224.75	2.721
224.97	2.685
225.19	2.628
225.41	2.649
225.62	2.574
225.84	2.631
226.06	2.655
226.28	2.690
226.50	2.820
226.72	2.777
226.93	2.859
227.15	2.901
227.37	2.934
227.59	3.100
227.81	2.988
228.02	2.917
228.24	2.861
228.46	2.827
228.68	2.869
228.90	2.849
229.12	2.763
229.33	2.862
229.55	2.833
229.77	2.888
229.99	2.826
230.21	2.845
230.42	2.763
230.64	2.711
230.86	2.691
231.08	2.691
231.30	2.609
231.51	2.626
231.73	2.610
231.95	2.669
232.17	2.680
232.38	2.765
232.60	2.867
232.82	2.858
233.04	2.909
233.26	2.950
233.47	2.972
233.69	3.050
233.91	2.991
234.13	2.975
234.35	2.968
234.56	2.901
234.78	3.020
235.00	3.155
235.22	3.385
235.43	3.263
235.65	3.230
235.87	3.251
236.09	3.390
236.30	3.301
236.52	3.124
236.74	2.918
236.96	2.947
237.18	2.838
237.39	2.922
237.61	2.987
237.83	2.960
238.05	2.909
238.26	2.914
238.48	2.991
238.70	3.170
238.92	2.993
239.13	3.055
239.35	2.951
239.57	2.986
239.79	3.129
240.00	3.065
240.22	3.213
240.44	3.094
240.66	3.075
240.87	3.112
241.09	2.995
241.31	3.070
241.53	2.948
241.74	2.901
241.96	2.928
242.18	2.872
242.40	2.843
242.61	2.794
242.83	2.798
243.05	2.868
243.27	2.841
243.48	2.875
243.70	2.898
243.92	2.928
244.13	2.878
244.35	2.946
244.57	2.963
244.79	2.963
245.00	3.059
245.22	3.105
245.44	3.133
245.65	3.024
245.87	2.994
246.09	2.972
246.31	3.043
246.52	3.026
246.74	3.077
246.96	2.974
247.18	2.995
247.39	2.974
247.61	3.007
247.83	3.004
248.04	3.160
248.26	3.018
248.48	3.016
248.69	3.046
248.91	3.047
249.13	3.050
249.35	3.079
249.56	3.082
249.78	3.205
250.00	3.131
250.21	3.336
250.43	3.603
250.65	3.542
250.86	3.461
251.08	3.362
251.30	3.266
251.51	3.352
251.73	3.173
251.95	3.016
252.17	2.947
252.38	2.892
252.60	2.849
252.82	2.916
253.03	2.888
253.25	2.879
253.47	2.825
253.68	2.847
253.90	2.922
254.12	2.931
254.33	2.900
254.55	2.934
254.77	2.920
254.98	2.954
255.20	2.950
255.42	2.960
255.63	3.009
255.85	3.050
256.07	3.100
256.28	3.235
256.50	3.174
256.72	3.022
256.93	3.035
257.15	3.053
257.37	3.099
257.58	3.125
257.80	3.055
258.02	2.998
258.23	3.015
258.45	3.079
258.67	3.205
258.88	3.100
259.10	3.126
259.32	3.103
259.53	3.002
259.75	3.033
259.96	3.176
260.18	3.194
260.40	3.125
260.61	3.070
260.83	3.059
261.05	2.965
261.26	3.091
261.48	3.119
261.70	3.060
261.91	3.005
262.13	2.926
262.34	2.993
262.56	3.081
262.78	3.146
262.99	3.133
263.21	3.002
263.43	3.070
263.64	3.087
263.86	3.091
264.07	3.125
264.29	3.071
264.51	3.010
264.72	2.966
264.94	3.072
265.16	3.017
265.37	3.027
265.59	3.037
265.80	3.017
266.02	2.993
266.24	2.996
266.45	3.065
266.67	3.094
266.88	3.089
267.10	3.161
267.32	3.119
267.53	3.104
267.75	3.073
267.96	3.065
268.18	3.083
268.40	2.968
268.61	2.931
268.83	2.955
269.04	2.951
269.26	2.975
269.48	2.996
269.69	2.992
269.91	3.030
270.12	2.955
270.34	2.969
270.56	2.954
270.77	2.862
270.99	2.841
271.20	2.799
271.42	2.763
271.64	2.740
271.85	2.684
272.07	2.681
272.28	2.701
272.50	2.707
272.71	2.754
272.93	2.755
273.15	2.739
273.36	2.798
273.58	2.807
273.79	2.859
274.01	2.857
274.22	2.848
274.44	2.850
274.66	2.853
274.87	2.811
275.09	2.813
275.30	2.843
275.52	2.872
275.73	2.833
275.95	2.878
276.16	2.864
276.38	2.904
276.60	2.875
276.81	2.912
277.03	2.867
277.24	2.841
277.46	2.802
277.67	2.786
277.89	2.770
278.10	2.745
278.32	2.735
278.53	2.715
278.75	2.710
278.97	2.729
279.18	2.727
279.40	2.745
279.61	2.810
279.83	2.840
280.04	2.855
280.26	2.843
280.47	2.836
280.69	2.743
280.90	2.752
281.12	2.727
281.33	2.735
281.55	2.698
281.76	2.659
281.98	2.680
282.20	2.674
282.41	2.686
282.63	2.749
282.84	2.771
283.06	2.770
283.27	2.736
283.49	2.729
283.70	2.723
283.92	2.707
284.13	2.680
284.35	2.628
284.56	2.639
284.78	2.607
284.99	2.584
285.21	2.573
285.42	2.561
285.64	2.526
285.85	2.542
286.07	2.547
286.28	2.580
286.50	2.567
286.71	2.560
286.93	2.567
287.14	2.553
287.36	2.562
287.57	2.615
287.79	2.564
288.00	2.561
288.22	2.508
288.43	2.505
288.65	2.515
288.86	2.496
289.08	2.479
289.29	2.468
289.51	2.437
289.72	2.433
289.94	2.422
290.15	2.431
290.37	2.409
290.58	2.384
290.80	2.366
291.01	2.353
291.22	2.346
291.44	2.331
291.65	2.329
291.87	2.321
292.08	2.313
292.30	2.295
292.51	2.276
292.73	2.254
292.94	2.251
293.16	2.225
293.37	2.197
293.59	2.182
293.80	2.162
294.02	2.148
294.23	2.148
294.44	2.145
294.66	2.143
294.87	2.134
295.09	2.136
295.30	2.155
295.52	2.150
295.73	2.151
295.95	2.156
296.16	2.144
296.37	2.145
296.59	2.133
296.80	2.130
297.02	2.118
297.23	2.109
297.45	2.099
297.66	2.092
297.88	2.076
298.09	2.072
298.30	2.063
298.52	2.059
298.73	2.048
298.95	2.043
299.16	2.034
299.38	2.019
299.59	2.005
299.80	2.003
300.02	2.001
300.23	1.990
300.45	1.984
300.66	1.985
300.88	1.973
301.09	1.960
301.30	1.964
301.52	1.957
301.73	1.942
301.95	1.925
302.16	1.915
302.37	1.908
302.59	1.896
302.80	1.892
303.02	1.887
303.23	1.876
303.45	1.866
303.66	1.858
303.87	1.859
304.09	1.864
304.30	1.860
304.52	1.857
304.73	1.849
304.94	1.844
305.16	1.838
305.37	1.834
305.59	1.827
305.80	1.817
306.01	1.801
306.23	1.795
306.44	1.781
306.65	1.770
306.87	1.765
307.08	1.761
307.30	1.763
307.51	1.764
307.72	1.757
307.94	1.752
308.15	1.744
308.37	1.746
308.58	1.749
308.79	1.739
309.01	1.733
309.22	1.719
309.43	1.717
309.65	1.711
309.86	1.710
310.07	1.704
310.29	1.698
310.50	1.691
310.72	1.684
310.93	1.679
311.14	1.676
311.36	1.666
311.57	1.662
311.78	1.649
312.00	1.644
312.21	1.634
312.42	1.628
312.64	1.623
312.85	1.614
313.07	1.611
313.28	1.610
313.49	1.605
313.71	1.606
313.92	1.598
314.13	1.595
314.35	1.595
314.56	1.595
314.77	1.589
314.99	1.587
315.20	1.578
315.41	1.572
315.63	1.570
315.84	1.567
316.05	1.561
316.27	1.556
316.48	1.551
316.69	1.547
316.91	1.538
317.12	1.535
317.33	1.531
317.55	1.522
317.76	1.518
317.97	1.515
318.19	1.511
318.40	1.504
318.61	1.501
318.83	1.497
319.04	1.493
319.25	1.486
319.47	1.482
319.68	1.483
319.89	1.479
320.10	1.473
320.32	1.469
320.53	1.468
320.74	1.468
320.96	1.464
321.17	1.465
321.38	1.461
321.60	1.454
321.81	1.454
322.02	1.450
322.24	1.448
322.45	1.445
322.66	1.440
322.87	1.437
323.09	1.431
323.30	1.426
323.51	1.422
323.73	1.412
323.94	1.406
324.15	1.403
324.36	1.395
324.58	1.393
324.79	1.387
325.00	1.384
325.22	1.383
325.43	1.380
325.64	1.378
325.85	1.376
326.07	1.371
326.28	1.368
326.49	1.361
326.71	1.358
326.92	1.355
327.13	1.350
327.34	1.345
327.56	1.341
327.77	1.338
327.98	1.338
328.19	1.335
328.41	1.330
328.62	1.327
328.83	1.325
329.04	1.322
329.26	1.322
329.47	1.320
329.68	1.316
329.90	1.311
330.11	1.305
330.32	1.306
330.53	1.303
330.75	1.297
330.96	1.295
331.17	1.287
331.38	1.283
331.60	1.277
331.81	1.275
332.02	1.271
332.23	1.267
332.44	1.262
332.66	1.259
332.87	1.254
333.08	1.252
333.29	1.251
333.51	1.252
333.72	1.248
333.93	1.246
334.14	1.239
334.36	1.238
334.57	1.236
334.78	1.235
334.99	1.233
335.21	1.231
335.42	1.225
335.63	1.223
335.84	1.220
336.05	1.221
336.27	1.218
336.48	1.216
336.69	1.212
336.90	1.209
337.11	1.202
337.33	1.200
337.54	1.196
337.75	1.196
337.96	1.194
338.18	1.194
338.39	1.190
338.60	1.187
338.81	1.184
339.02	1.182
339.24	1.181
339.45	1.180
339.66	1.175
339.87	1.171
340.08	1.164
340.30	1.163
340.51	1.159
340.72	1.157
340.93	1.155
341.14	1.151
341.36	1.145
341.57	1.142
341.78	1.139
341.99	1.137
342.20	1.133
342.41	1.131
342.63	1.128
342.84	1.125
343.05	1.124
343.26	1.123
343.47	1.121
343.69	1.121
343.90	1.119
344.11	1.116
344.32	1.114
344.53	1.112
344.74	1.109
344.96	1.104
345.17	1.101
345.38	1.099
345.59	1.095
345.80	1.094
346.01	1.092
346.23	1.089
346.44	1.088
346.65	1.087
346.86	1.084
347.07	1.082
347.28	1.081
347.50	1.080
347.71	1.076
347.92	1.075
348.13	1.073
348.34	1.071
348.55	1.068
348.76	1.067
348.98	1.066
349.19	1.062
349.40	1.060
349.61	1.058
349.82	1.055
350.03	1.053
350.24	1.048
350.46	1.046
350.67	1.044
350.88	1.042
351.09	1.042
351.30	1.039
351.51	1.035
351.72	1.034
351.93	1.032
352.15	1.032
352.36	1.028
352.57	1.026
352.78	1.023
352.99	1.018
353.20	1.016
353.41	1.015
353.62	1.013
353.84	1.010
354.05	1.006
354.26	1.006
354.47	1.004
354.68	1.002
354.89	1.002
355.10	1.000
355.31	0.999
355.52	0.997
355.74	0.997
355.95	0.996
356.16	0.993
356.37	0.992
356.58	0.991
356.79	0.988
357.00	0.986
357.21	0.985
357.42	0.982
357.63	0.979
357.85	0.978
358.06	0.975
358.27	0.973
358.48	0.972
358.69	0.971
358.90	0.970
359.11	0.967
359.32	0.963
359.53	0.963
359.74	0.960
359.95	0.959
360.17	0.957
360.38	0.956
360.59	0.954
360.80	0.952
361.01	0.949
361.22	0.949
361.43	0.947
361.64	0.945
361.85	0.943
362.06	0.940
362.27	0.936
362.48	0.935
362.69	0.933
362.90	0.933
363.12	0.930
363.33	0.928
363.54	0.926
363.75	0.926
363.96	0.926
364.17	0.924
364.38	0.923
364.59	0.922
364.80	0.919
365.01	0.918
365.22	0.915
365.43	0.913
365.64	0.909
365.85	0.907
366.06	0.905
366.27	0.903
366.48	0.900
366.69	0.897
366.90	0.897
367.11	0.896
367.32	0.895
367.54	0.895
367.75	0.893
367.96	0.892
368.17	0.890
368.38	0.890
368.59	0.889
368.80	0.888
369.01	0.887
369.22	0.885
369.43	0.883
369.64	0.882
369.85	0.880
370.06	0.880
370.27	0.877
370.48	0.875
370.69	0.872
370.90	0.870
371.11	0.868
371.32	0.868
371.53	0.866
371.74	0.865
371.95	0.862
372.16	0.862
372.37	0.860
372.58	0.859
372.79	0.859
373.00	0.857
373.21	0.854
373.42	0.854
373.63	0.852
373.84	0.850
374.05	0.848
374.26	0.849
374.47	0.847
374.68	0.845
374.89	0.844
375.10	0.844
375.31	0.842
375.52	0.841
375.73	0.840
375.94	0.840
376.15	0.839
376.36	0.838
376.57	0.837
376.78	0.837
376.99	0.835
377.20	0.833
377.41	0.833
377.62	0.832
377.83	0.830
378.04	0.828
378.25	0.827
378.46	0.825
378.67	0.825
378.88	0.823
379.09	0.823
379.30	0.821
379.51	0.820
379.72	0.819
379.92	0.816
380.13	0.815
380.34	0.814
380.55	0.813
380.76	0.811
380.97	0.810
381.18	0.810
381.39	0.809
381.60	0.806
381.81	0.807
382.02	0.805
382.23	0.803
382.44	0.801
382.65	0.802
382.86	0.801
383.07	0.800
383.28	0.799
383.49	0.799
383.70	0.797
383.91	0.796
384.11	0.795
384.32	0.795
384.53	0.794
384.74	0.794
384.95	0.792
385.16	0.791
385.37	0.790
385.58	0.788
385.79	0.787
386.00	0.786
386.21	0.785
386.42	0.783
386.63	0.781
386.84	0.780
387.04	0.778
387.25	0.778
387.46	0.777
387.67	0.777
387.88	0.776
388.09	0.775
388.30	0.774
388.51	0.773
388.72	0.771
388.93	0.771
389.14	0.768
389.34	0.768
389.55	0.767
389.76	0.765
389.97	0.763
390.18	0.763
390.39	0.763
390.60	0.762
390.81	0.761
391.02	0.762
391.23	0.762
391.43	0.761
391.64	0.760
391.85	0.761
392.06	0.760
392.27	0.759
392.48	0.758
392.69	0.757
392.90	0.757
393.11	0.756
393.31	0.754
393.52	0.754
393.73	0.751
393.94	0.750
394.15	0.749
394.36	0.747
394.57	0.745
394.78	0.745
394.98	0.744
395.19	0.744
395.40	0.743
395.61	0.744
395.82	0.744
396.03	0.742
396.24	0.743
396.44	0.742
396.65	0.741
396.86	0.740
397.07	0.739
397.28	0.739
397.49	0.736
397.70	0.736
397.90	0.735
398.11	0.735
398.32	0.734
398.53	0.733
398.74	0.732
398.95	0.731
399.16	0.729
399.36	0.728
399.57	0.727
399.78	0.727
399.99	0.726
400.20	0.726
400.41	0.725
400.61	0.725
400.82	0.725
401.03	0.725
401.24	0.725
401.45	0.725
401.66	0.724
401.86	0.723
402.07	0.722
402.28	0.722
402.49	0.721
402.70	0.720
402.91	0.719
403.11	0.717
403.32	0.717
403.53	0.716
403.74	0.716
403.95	0.715
404.15	0.716
404.36	0.715
404.57	0.714
404.78	0.712
404.99	0.713
405.20	0.711
405.40	0.711
405.61	0.709
405.82	0.709
406.03	0.707
406.24	0.707
406.44	0.707
406.65	0.707
406.86	0.706
407.07	0.705
407.28	0.703
407.48	0.703
407.69	0.702
407.90	0.701
408.11	0.700
408.32	0.699
408.52	0.699
408.73	0.699
408.94	0.699
409.15	0.700
409.35	0.699
409.56	0.698
409.77	0.697
409.98	0.698
410.19	0.698
410.39	0.696
410.60	0.695
410.81	0.693
411.02	0.692
411.22	0.692
411.43	0.692
411.64	0.692
411.85	0.690
412.05	0.689
412.26	0.689
412.47	0.688
412.68	0.689
412.89	0.689
413.09	0.687
413.30	0.687
413.51	0.685
413.72	0.685
413.92	0.685
414.13	0.685
414.34	0.684
414.55	0.683
414.75	0.682
414.96	0.682
415.17	0.682
415.38	0.683
415.58	0.682
415.79	0.683
416.00	0.684
416.21	0.684
416.41	0.682
416.62	0.682
416.83	0.682
417.03	0.681
417.24	0.680
417.45	0.679
417.66	0.678
417.86	0.676
418.07	0.675
418.28	0.675
418.49	0.673
418.69	0.673
418.90	0.672
419.11	0.672
419.31	0.671
419.52	0.670
419.73	0.670
419.94	0.669
420.14	0.669
420.35	0.668
420.56	0.668
420.76	0.668
420.97	0.667
421.18	0.667
421.39	0.667
421.59	0.665
421.80	0.665
422.01	0.665
422.21	0.665
422.42	0.664
422.63	0.664
422.84	0.664
423.04	0.664
423.25	0.663
423.46	0.664
423.66	0.663
423.87	0.663
424.08	0.662
424.28	0.661
424.49	0.660
424.70	0.658
424.90	0.658
425.11	0.658
425.32	0.657
425.52	0.657
425.73	0.655
425.94	0.656
426.15	0.655
426.35	0.655
426.56	0.655
426.77	0.654
426.97	0.654
427.18	0.654
427.39	0.654
427.59	0.653
427.80	0.654
428.01	0.655
428.21	0.655
428.42	0.656
428.63	0.657
428.83	0.657
429.04	0.655
429.25	0.654
429.45	0.653
429.66	0.652
429.87	0.650
430.07	0.649
430.28	0.648
430.48	0.647
430.69	0.647
430.90	0.647
431.10	0.647
431.31	0.647
431.52	0.646
431.72	0.646
431.93	0.645
432.14	0.643
432.34	0.643
432.55	0.642
432.76	0.642
432.96	0.642
433.17	0.643
433.37	0.643
433.58	0.642
433.79	0.643
433.99	0.643
434.20	0.643
434.41	0.643
434.61	0.642
434.82	0.642
435.02	0.641
435.23	0.642
435.44	0.642
435.64	0.641
435.85	0.640
436.06	0.640
436.26	0.640
436.47	0.639
436.67	0.639
436.88	0.637
437.09	0.635
437.29	0.634
437.50	0.634
437.70	0.634
437.91	0.633
438.12	0.633
438.32	0.633
438.53	0.632
438.73	0.633
438.94	0.632
439.15	0.633
439.35	0.633
439.56	0.632
439.76	0.632
439.97	0.631
440.18	0.632
440.38	0.632
440.59	0.630
440.79	0.631
441.00	0.631
441.20	0.632
441.41	0.632
441.62	0.632
441.82	0.633
442.03	0.631
442.23	0.631
442.44	0.630
442.65	0.630
442.85	0.629
443.06	0.628
443.26	0.627
443.47	0.627
443.67	0.627
443.88	0.627
444.09	0.627
444.29	0.627
444.50	0.626
444.70	0.626
444.91	0.627
445.11	0.627
445.32	0.625
445.52	0.626
445.73	0.626
445.94	0.626
446.14	0.626
446.35	0.626
446.55	0.627
446.76	0.624
446.96	0.625
447.17	0.624
447.37	0.623
447.58	0.622
447.78	0.621
447.99	0.620
448.20	0.620
448.40	0.619
448.61	0.619
448.81	0.617
449.02	0.617
449.22	0.617
449.43	0.618
449.63	0.617
449.84	0.616
450.04	0.614
450.25	0.614
450.45	0.614
450.66	0.614
450.86	0.613
451.07	0.614
451.27	0.613
451.48	0.612
451.68	0.612
451.89	0.613
452.09	0.612
452.30	0.612
452.50	0.611
452.71	0.610
452.91	0.610
453.12	0.609
453.33	0.609
453.53	0.609
453.74	0.609
453.94	0.609
454.15	0.609
454.35	0.611
454.56	0.611
454.76	0.611
454.96	0.611
455.17	0.612
455.37	0.611
455.58	0.611
455.78	0.610
455.99	0.610
456.19	0.608
456.40	0.607
456.60	0.607
456.81	0.606
457.01	0.605
457.22	0.605
457.42	0.605
457.63	0.605
457.83	0.604
458.04	0.604
458.24	0.603
458.45	0.605
458.65	0.605
458.86	0.605
459.06	0.605
459.27	0.603
459.47	0.605
459.67	0.604
459.88	0.603
460.08	0.605
460.29	0.603
460.49	0.603
460.70	0.602
460.90	0.601
461.11	0.601
461.31	0.600
461.52	0.602
461.72	0.602
461.92	0.600
462.13	0.601
462.33	0.600
462.54	0.600
462.74	0.600
462.95	0.600
463.15	0.601
463.36	0.600
463.56	0.600
463.76	0.600
463.97	0.598
464.17	0.599
464.38	0.598
464.58	0.599
464.79	0.598
464.99	0.597
465.19	0.596
465.40	0.596
465.60	0.595
465.81	0.594
466.01	0.593
466.22	0.594
466.42	0.593
466.62	0.593
466.83	0.593
467.03	0.592
467.24	0.592
467.44	0.593
467.65	0.593
467.85	0.592
468.05	0.592
468.26	0.591
468.46	0.591
468.67	0.591
468.87	0.592
469.07	0.592
469.28	0.591
469.48	0.591
469.69	0.593
469.89	0.592
470.09	0.592
470.30	0.593
470.50	0.593
470.71	0.591
470.91	0.591
471.11	0.590
471.32	0.591
471.52	0.590
471.72	0.590
471.93	0.590
472.13	0.589
472.34	0.589
472.54	0.589
472.74	0.588
472.95	0.589
473.15	0.588
473.35	0.588
473.56	0.588
473.76	0.588
473.97	0.589
474.17	0.588
474.37	0.588
474.58	0.587
474.78	0.585
474.98	0.585
475.19	0.584
475.39	0.583
475.60	0.583
475.80	0.581
476.00	0.581
476.21	0.581
476.41	0.581
476.61	0.582
476.82	0.581
477.02	0.582
477.22	0.581
477.43	0.580
477.63	0.581
477.83	0.581
478.04	0.581
478.24	0.581
478.44	0.580
478.65	0.580
478.85	0.580
479.05	0.580
479.26	0.580
479.46	0.579
479.66	0.579
479.87	0.578
480.07	0.578
480.27	0.578
480.48	0.577
480.68	0.576
480.88	0.577
481.09	0.577
481.29	0.576
481.49	0.576
481.70	0.576
481.90	0.577
482.10	0.577
482.31	0.577
482.51	0.577
482.71	0.577
482.92	0.576
483.12	0.576
483.32	0.576
483.52	0.575
483.73	0.574
483.93	0.573
484.13	0.574
484.34	0.574
484.54	0.574
484.74	0.574
484.95	0.572
485.15	0.573
485.35	0.574
485.55	0.575
485.76	0.574
485.96	0.574
486.16	0.574
486.37	0.573
486.57	0.573
486.77	0.574
486.97	0.573
487.18	0.572
487.38	0.571
487.58	0.570
487.79	0.571
487.99	0.570
488.19	0.570
488.39	0.570
488.60	0.569
488.80	0.570
489.00	0.570
489.20	0.571
489.41	0.571
489.61	0.570
489.81	0.568
490.02	0.568
490.22	0.568
490.42	0.568
490.62	0.568
490.83	0.567
491.03	0.566
491.23	0.565
491.43	0.564
491.64	0.566
491.84	0.566
492.04	0.566
492.24	0.565
492.45	0.564
492.65	0.565
492.85	0.565
493.05	0.565
493.26	0.566
493.46	0.564
493.66	0.564
493.86	0.563
494.07	0.564
494.27	0.564
494.47	0.562
494.67	0.563
494.87	0.563
495.08	0.562
495.28	0.562
495.48	0.562
495.68	0.562
495.89	0.562
496.09	0.562
496.29	0.563
496.49	0.562
496.69	0.562
496.90	0.562
497.10	0.561
497.30	0.561
497.50	0.561
497.71	0.561
497.91	0.560
498.11	0.560
498.31	0.559
498.51	0.560
498.72	0.560
498.92	0.560
499.12	0.559
499.32	0.559
499.52	0.558
499.73	0.558
499.93	0.558
500.13	0.559
500.33	0.558
500.53	0.558
500.74	0.557
500.94	0.558
501.14	0.558
501.34	0.557
501.54	0.557
501.74	0.557
501.95	0.556
502.15	0.556
502.35	0.556
502.55	0.556
502.75	0.555
502.96	0.556
503.16	0.557
503.36	0.557
503.56	0.555
503.76	0.555
503.96	0.555
504.17	0.555
504.37	0.554
504.57	0.554
504.77	0.553
504.97	0.552
505.17	0.552
505.38	0.552
505.58	0.552
505.78	0.551
505.98	0.552
506.18	0.552
506.38	0.552
506.58	0.551
506.79	0.552
506.99	0.551
507.19	0.551
507.39	0.550
507.59	0.550
507.79	0.550
507.99	0.550
508.20	0.549
508.40	0.549
508.60	0.549
508.80	0.549
509.00	0.549
509.20	0.548
509.40	0.548
509.61	0.548
509.81	0.548
510.01	0.548
510.21	0.548
510.41	0.547
510.61	0.547
510.81	0.546
511.01	0.546
511.22	0.546
511.42	0.547
511.62	0.546
511.82	0.546
512.02	0.545
512.22	0.545
512.42	0.545
512.62	0.544
512.82	0.545
513.03	0.545
513.23	0.544
513.43	0.543
513.63	0.544
513.83	0.544
514.03	0.543
514.23	0.544
514.43	0.543
514.63	0.543
514.83	0.543
515.04	0.542
515.24	0.543
515.44	0.543
515.64	0.543
515.84	0.545
516.04	0.543
516.24	0.545
516.44	0.545
516.64	0.544
516.84	0.544
517.04	0.543
517.24	0.542
517.45	0.542
517.65	0.541
517.85	0.541
518.05	0.540
518.25	0.540
518.45	0.541
518.65	0.540
518.85	0.540
519.05	0.539
519.25	0.539
519.45	0.538
519.65	0.538
519.85	0.538
520.05	0.537
520.25	0.536
520.46	0.536
520.66	0.536
520.86	0.537
521.06	0.536
521.26	0.535
521.46	0.535
521.66	0.535
521.86	0.536
522.06	0.536
522.26	0.535
522.46	0.535
522.66	0.535
522.86	0.534
523.06	0.535
523.26	0.535
523.46	0.535
523.66	0.534
523.86	0.534
524.06	0.534
524.26	0.533
524.46	0.532
524.66	0.532
524.86	0.532
525.06	0.532
525.26	0.532
525.46	0.532
525.66	0.532
525.87	0.532
526.07	0.532
526.27	0.533
526.47	0.533
526.67	0.532
526.87	0.533
527.07	0.532
527.27	0.532
527.47	0.532
527.67	0.532
527.87	0.532
528.07	0.531
528.27	0.530
528.47	0.530
528.67	0.529
528.87	0.530
529.07	0.530
529.27	0.528
529.47	0.528
529.67	0.527
529.87	0.528
530.07	0.528
530.27	0.528
530.47	0.528
530.67	0.528
530.87	0.528
531.06	0.529
531.26	0.527
531.46	0.527
531.66	0.527
531.86	0.527
532.06	0.528
532.26	0.527
532.46	0.527
532.66	0.527
532.86	0.526
533.06	0.527
533.26	0.527
533.46	0.527
533.66	0.526
533.86	0.526
534.06	0.526
534.26	0.526
534.46	0.525
534.66	0.526
534.86	0.526
535.06	0.526
535.26	0.525
535.46	0.526
535.66	0.525
535.86	0.525
536.06	0.525
536.26	0.525
536.45	0.526
536.65	0.526
536.85	0.526
537.05	0.526
537.25	0.524
537.45	0.524
537.65	0.524
537.85	0.524
538.05	0.523
538.25	0.522
538.45	0.523
538.65	0.523
538.85	0.523
539.05	0.523
539.25	0.522
539.44	0.522
539.64	0.523
539.84	0.523
540.04	0.523
540.24	0.522
540.44	0.521
540.64	0.521
540.84	0.522
541.04	0.522
541.24	0.522
541.44	0.521
541.64	0.521
541.83	0.521
542.03	0.522
542.23	0.522
542.43	0.521
542.63	0.520
542.83	0.521
543.03	0.520
543.23	0.520
543.43	0.519
543.63	0.518
543.82	0.518
544.02	0.518
544.22	0.518
544.42	0.518
544.62	0.518
544.82	0.518
545.02	0.518
545.22	0.519
545.42	0.519
545.61	0.518
545.81	0.519
546.01	0.519
546.21	0.519
546.41	0.519
546.61	0.519
546.81	0.518
547.01	0.518
547.20	0.518
547.40	0.518
547.60	0.517
547.80	0.516
548.00	0.515
548.20	0.515
548.40	0.513
548.59	0.514
548.79	0.514
548.99	0.514
549.19	0.514
549.39	0.514
549.59	0.515
549.79	0.515
549.98	0.515
550.18	0.516
550.38	0.517
550.58	0.516
550.78	0.516
550.98	0.517
551.17	0.517
551.37	0.517
551.57	0.517
551.77	0.517
551.97	0.516
552.17	0.516
552.36	0.516
552.56	0.516
552.76	0.514
552.96	0.514
553.16	0.514
553.36	0.514
553.55	0.514
553.75	0.514
553.95	0.513
554.15	0.513
554.35	0.513
554.55	0.514
554.74	0.513
554.94	0.513
555.14	0.512
555.34	0.512
555.54	0.511
555.73	0.512
555.93	0.511
556.13	0.510
556.33	0.510
556.53	0.511
556.72	0.510
556.92	0.510
557.12	0.511
557.32	0.511
557.52	0.511
557.71	0.511
557.91	0.511
558.11	0.511
558.31	0.511
558.51	0.511
558.70	0.512
558.90	0.511
559.10	0.511
559.30	0.511
559.49	0.511
559.69	0.510
559.89	0.510
560.09	0.509
560.29	0.509
560.48	0.508
560.68	0.509
560.88	0.509
561.08	0.509
561.27	0.509
561.47	0.509
561.67	0.509
561.87	0.508
562.06	0.508
562.26	0.509
562.46	0.508
562.66	0.507
562.86	0.508
563.05	0.507
563.25	0.507
563.45	0.507
563.65	0.507
563.84	0.506
564.04	0.506
564.24	0.505
564.44	0.506
564.63	0.506
564.83	0.505
565.03	0.505
565.22	0.506
565.42	0.505
565.62	0.506
565.82	0.506
566.01	0.506
566.21	0.506
566.41	0.505
566.61	0.505
566.80	0.505
567.00	0.505
567.20	0.505
567.40	0.505
567.59	0.505
567.79	0.505
567.99	0.505
568.18	0.505
568.38	0.505
568.58	0.506
568.78	0.505
568.97	0.504
569.17	0.505
569.37	0.505
569.56	0.505
569.76	0.505
569.96	0.506
570.16	0.506
570.35	0.506
570.55	0.506
570.75	0.506
570.94	0.505
571.14	0.505
571.34	0.505
571.53	0.504
571.73	0.503
571.93	0.504
572.12	0.503
572.32	0.504
572.52	0.505
572.72	0.505
572.91	0.506
573.11	0.506
573.31	0.506
573.50	0.506
573.70	0.506
573.90	0.506
574.09	0.505
574.29	0.504
574.49	0.504
574.68	0.504
574.88	0.503
575.08	0.502
575.27	0.503
575.47	0.503
575.67	0.503
575.86	0.503
576.06	0.503
576.26	0.503
576.45	0.504
576.65	0.504
576.85	0.504
577.04	0.503
577.24	0.503
577.44	0.502
577.63	0.502
577.83	0.502
578.02	0.502
578.22	0.501
578.42	0.501
578.61	0.501
578.81	0.501
579.01	0.501
579.20	0.501
579.40	0.502
579.60	0.501
579.79	0.502
579.99	0.502
580.19	0.502
580.38	0.502
580.58	0.503
580.77	0.502
580.97	0.502
581.17	0.502
581.36	0.502
581.56	0.501
581.75	0.500
581.95	0.500
582.15	0.500
582.34	0.500
582.54	0.499
582.74	0.499
582.93	0.499
583.13	0.499
583.32	0.499
583.52	0.500
583.72	0.499
583.91	0.499
584.11	0.498
584.30	0.499
584.50	0.498
584.70	0.498
584.89	0.497
585.09	0.496
585.28	0.496
585.48	0.496
585.68	0.496
585.87	0.496
586.07	0.495
586.26	0.495
586.46	0.496
586.66	0.496
586.85	0.496
587.05	0.495
587.24	0.496
587.44	0.496
587.63	0.496
587.83	0.496
588.03	0.496
588.22	0.495
588.42	0.495
588.61	0.494
588.81	0.495
589.00	0.494
589.20	0.494
589.40	0.494
589.59	0.494
589.79	0.494
589.98	0.495
590.18	0.495
590.37	0.495
590.57	0.495
590.76	0.495
590.96	0.495
591.16	0.496
591.35	0.495
591.55	0.495
591.74	0.495
591.94	0.495
592.13	0.495
592.33	0.495
592.52	0.495
592.72	0.495
592.91	0.494
593.11	0.495
593.30	0.494
593.50	0.494
593.70	0.494
593.89	0.494
594.09	0.494
594.28	0.493
594.48	0.493
594.67	0.492
594.87	0.491
595.06	0.491
595.26	0.491
595.45	0.490
595.65	0.490
595.84	0.490
596.04	0.489
596.23	0.489
596.43	0.489
596.62	0.490
596.82	0.490
597.01	0.490
597.21	0.490
597.40	0.490
597.60	0.491
597.79	0.491
597.99	0.492
598.18	0.492
598.38	0.492
598.57	0.492
598.77	0.491
598.96	0.491
599.16	0.491
599.35	0.490
599.55	0.491
599.74	0.490
599.94	0.490
600.13	0.490
600.33	0.490
600.52	0.490
600.72	0.489
600.91	0.489
601.11	0.488
601.30	0.488
601.50	0.487
601.69	0.487
601.89	0.487
602.08	0.487
602.27	0.487
602.47	0.487
602.66	0.488
602.86	0.488
603.05	0.488
603.25	0.488
603.44	0.488
603.64	0.488
603.83	0.488
604.03	0.489
604.22	0.489
604.41	0.488
604.61	0.488
604.80	0.489
605.00	0.489
605.19	0.488
605.39	0.488
605.58	0.488
605.78	0.487
605.97	0.487
606.16	0.487
606.36	0.487
606.55	0.486
606.75	0.486
606.94	0.486
607.14	0.486
607.33	0.486
607.52	0.486
607.72	0.486
607.91	0.486
608.11	0.485
608.30	0.485
608.50	0.485
608.69	0.484
608.88	0.483
609.08	0.483
609.27	0.483
609.47	0.483
609.66	0.482
609.85	0.482
610.05	0.482
610.24	0.482
610.44	0.482
610.63	0.483
610.83	0.482
611.02	0.483
611.21	0.482
611.41	0.482
611.60	0.483
611.80	0.483
611.99	0.483
612.18	0.483
612.38	0.483
612.57	0.483
612.76	0.483
612.96	0.484
613.15	0.483
613.35	0.483
613.54	0.483
613.73	0.483
613.93	0.483
614.12	0.483
614.32	0.482
614.51	0.482
614.70	0.481
614.90	0.481
615.09	0.480
615.28	0.479
615.48	0.479
615.67	0.479
615.86	0.478
616.06	0.479
616.25	0.478
616.45	0.478
616.64	0.479
616.83	0.479
617.03	0.479
617.22	0.479
617.41	0.479
617.61	0.478
617.80	0.478
617.99	0.478
618.19	0.478
618.38	0.478
618.57	0.477
618.77	0.477
618.96	0.476
619.15	0.476
619.35	0.476
619.54	0.476
619.73	0.476
619.93	0.476
620.12	0.476
620.31	0.475
620.51	0.476
620.70	0.476
620.89	0.476
621.09	0.476
621.28	0.476
621.47	0.476
621.67	0.476
621.86	0.476
622.05	0.476
622.25	0.475
622.44	0.476
622.63	0.475
622.83	0.475
623.02	0.476
623.21	0.475
623.41	0.475
623.60	0.475
623.79	0.475
623.98	0.475
624.18	0.475
624.37	0.475
624.56	0.474
624.76	0.474
624.95	0.473
625.14	0.473
625.33	0.473
625.53	0.473
625.72	0.473
625.91	0.473
626.11	0.474
626.30	0.474
626.49	0.474
626.68	0.474
626.88	0.474
627.07	0.474
627.26	0.474
627.46	0.473
627.65	0.473
627.84	0.472
628.03	0.472
628.23	0.472
628.42	0.472
628.61	0.473
628.80	0.473
629.00	0.473
629.19	0.473
629.38	0.472
629.58	0.473
629.77	0.472
629.96	0.472
630.15	0.473
630.35	0.472
630.54	0.471
630.73	0.471
630.92	0.472
631.12	0.471
631.31	0.471
631.50	0.471
631.69	0.470
631.89	0.470
632.08	0.470
632.27	0.471
632.46	0.471
632.65	0.471
632.85	0.471
633.04	0.470
633.23	0.470
633.42	0.470
633.62	0.470
633.81	0.469
634.00	0.468
634.19	0.468
634.39	0.467
634.58	0.468
634.77	0.467
634.96	0.468
635.15	0.468
635.35	0.468
635.54	0.468
635.73	0.469
635.92	0.469
636.11	0.469
636.31	0.468
636.50	0.469
636.69	0.468
636.88	0.469
637.07	0.470
637.27	0.470
637.46	0.469
637.65	0.470
637.84	0.469
638.03	0.469
638.23	0.469
638.42	0.468
638.61	0.468
638.80	0.467
638.99	0.467
639.19	0.467
639.38	0.466
639.57	0.466
639.76	0.466
639.95	0.466
640.14	0.466
640.34	0.466
640.53	0.466
640.72	0.466
640.91	0.466
641.10	0.466
641.30	0.467
641.49	0.467
641.68	0.468
641.87	0.468
642.06	0.468
642.25	0.467
642.44	0.466
642.64	0.466
642.83	0.466
643.02	0.466
643.21	0.466
643.40	0.466
643.59	0.466
643.79	0.467
643.98	0.467
644.17	0.467
644.36	0.466
644.55	0.466
644.74	0.466
644.93	0.466
645.13	0.465
645.32	0.465
645.51	0.465
645.70	0.465
645.89	0.464
646.08	0.464
646.27	0.464
646.46	0.463
646.66	0.463
646.85	0.463
647.04	0.463
647.23	0.463
647.42	0.464
647.61	0.465
647.80	0.466
647.99	0.466
648.19	0.467
648.38	0.467
648.57	0.467
648.76	0.466
648.95	0.466
649.14	0.466
649.33	0.465
649.52	0.465
649.71	0.464
649.91	0.463
650.10	0.463
650.29	0.464
650.48	0.464
650.67	0.463
650.86	0.463
651.05	0.463
651.24	0.464
651.43	0.464
651.62	0.464
651.81	0.464
652.01	0.463
652.20	0.463
652.39	0.463
652.58	0.462
652.77	0.462
652.96	0.462
653.15	0.462
653.34	0.462
653.53	0.462
653.72	0.462
653.91	0.463
654.10	0.463
654.29	0.464
654.48	0.465
654.68	0.466
654.87	0.466
655.06	0.466
655.25	0.465
655.44	0.466
655.63	0.465
655.82	0.466
656.01	0.465
656.20	0.465
656.39	0.464
656.58	0.464
656.77	0.463
656.96	0.463
657.15	0.463
657.34	0.463
657.53	0.462
657.72	0.463
657.91	0.462
658.10	0.461
658.29	0.461
658.48	0.461
658.68	0.461
658.87	0.461
659.06	0.462
659.25	0.462
659.44	0.461
659.63	0.461
659.82	0.461
660.01	0.461
660.20	0.461
660.39	0.460
660.58	0.460
660.77	0.460
660.96	0.460
661.15	0.459
661.34	0.459
661.53	0.459
661.72	0.459
661.91	0.459
662.10	0.460
662.29	0.460
662.48	0.460
662.67	0.459
662.86	0.460
663.05	0.460
663.24	0.461
663.43	0.461
663.62	0.461
663.81	0.461
664.00	0.460
664.19	0.460
664.38	0.460
664.57	0.460
664.76	0.460
664.95	0.459
665.14	0.459
665.33	0.459
665.52	0.459
665.71	0.459
665.90	0.458
666.09	0.458
666.28	0.458
666.46	0.457
666.65	0.457
666.84	0.457
667.03	0.458
667.22	0.458
667.41	0.457
667.60	0.458
667.79	0.458
667.98	0.458
668.17	0.458
668.36	0.458
668.55	0.457
668.74	0.457
668.93	0.456
669.12	0.456
669.31	0.456
669.50	0.456
669.69	0.456
669.88	0.456
670.07	0.456
670.26	0.456
670.44	0.457
670.63	0.457
670.82	0.457
671.01	0.457
671.20	0.457
671.39	0.457
671.58	0.457
671.77	0.457
671.96	0.457
672.15	0.456
672.34	0.456
672.53	0.456
672.72	0.456
672.91	0.456
673.09	0.456
673.28	0.455
673.47	0.455
673.66	0.455
673.85	0.456
674.04	0.455
674.23	0.455
674.42	0.455
674.61	0.455
674.80	0.455
674.98	0.455
675.17	0.455
675.36	0.455
675.55	0.455
675.74	0.455
675.93	0.454
676.12	0.454
676.31	0.455
676.50	0.455
676.69	0.455
676.87	0.455
677.06	0.455
677.25	0.455
677.44	0.455
677.63	0.455
677.82	0.455
678.01	0.455
678.20	0.455
678.38	0.455
678.57	0.455
678.76	0.455
678.95	0.454
679.14	0.454
679.33	0.454
679.52	0.455
679.71	0.454
679.89	0.454
680.08	0.454
680.27	0.454
680.46	0.454
680.65	0.455
680.84	0.455
681.02	0.455
681.21	0.455
681.40	0.455
681.59	0.456
681.78	0.455
681.97	0.455
682.16	0.454
682.34	0.455
682.53	0.455
682.72	0.454
682.91	0.455
683.10	0.454
683.29	0.454
683.47	0.455
683.66	0.455
683.85	0.455
684.04	0.455
684.23	0.455
684.42	0.455
684.60	0.454
684.79	0.454
684.98	0.454
685.17	0.453
685.36	0.452
685.54	0.452
685.73	0.452
685.92	0.452
686.11	0.452
686.30	0.453
686.49	0.452
686.67	0.453
686.86	0.453
687.05	0.453
687.24	0.453
687.43	0.453
687.61	0.452
687.80	0.452
687.99	0.451
688.18	0.452
688.36	0.452
688.55	0.452
688.74	0.452
688.93	0.452
689.12	0.452
689.30	0.452
689.49	0.452
689.68	0.452
689.87	0.452
690.06	0.452
690.24	0.452
690.43	0.452
690.62	0.452
690.81	0.451
690.99	0.452
691.18	0.452
691.37	0.451
691.56	0.451
691.74	0.451
691.93	0.452
692.12	0.451
692.31	0.451
692.50	0.451
692.68	0.451
692.87	0.451
693.06	0.451
693.25	0.451
693.43	0.451
693.62	0.451
693.81	0.451
694.00	0.452
694.18	0.451
694.37	0.451
694.56	0.451
694.74	0.450
694.93	0.451
695.12	0.450
695.31	0.451
695.49	0.450
695.68	0.450
695.87	0.451
696.06	0.451
696.24	0.451
696.43	0.451
696.62	0.451
696.80	0.451
696.99	0.450
697.18	0.450
697.37	0.450
697.55	0.450
697.74	0.449
697.93	0.449
698.12	0.449
698.30	0.448
698.49	0.449
698.68	0.449
698.86	0.449
699.05	0.449
699.24	0.449
699.42	0.450
699.61	0.450
699.80	0.450
699.99	0.450
700.17	0.449
700.36	0.450
700.55	0.449
700.73	0.449
700.92	0.449
701.11	0.449
701.29	0.449
701.48	0.449
701.67	0.449
701.85	0.450
702.04	0.449
702.23	0.450
702.41	0.450
702.60	0.450
702.79	0.449
702.97	0.449
703.16	0.449
703.35	0.449
703.53	0.449
703.72	0.449
703.91	0.448
704.09	0.448
704.28	0.448
704.47	0.448
704.65	0.448
704.84	0.447
705.03	0.447
705.21	0.446
705.40	0.447
705.59	0.447
705.77	0.447
705.96	0.447
706.15	0.447
706.33	0.448
706.52	0.448
706.71	0.449
706.89	0.448
707.08	0.448
707.26	0.448
707.45	0.448
707.64	0.448
707.82	0.448
708.01	0.447
708.20	0.447
708.38	0.447
708.57	0.447
708.75	0.447
708.94	0.447
709.13	0.447
709.31	0.447
709.50	0.447
709.69	0.447
709.87	0.447
710.06	0.447
710.24	0.447
710.43	0.446
710.62	0.446
710.80	0.446
710.99	0.446
711.17	0.446
711.36	0.447
711.55	0.447
711.73	0.447
711.92	0.447
712.10	0.447
712.29	0.447
712.48	0.447
712.66	0.447
712.85	0.447
713.03	0.446
713.22	0.447
713.40	0.447
713.59	0.447
713.78	0.447
713.96	0.446
714.15	0.446
714.33	0.445
714.52	0.446
714.71	0.446
714.89	0.444
715.08	0.444
715.26	0.443
715.45	0.443
715.63	0.444
715.82	0.444
716.00	0.445
716.19	0.444
716.38	0.444
716.56	0.444
716.75	0.446
716.93	0.446
717.12	0.445
717.30	0.444
717.49	0.444
717.67	0.444
717.86	0.445
718.05	0.446
718.23	0.445
718.42	0.445
718.60	0.444
718.79	0.445
718.97	0.446
719.16	0.445
719.34	0.444
719.53	0.444
719.71	0.443
719.90	0.444
720.08	0.443
720.27	0.443
720.45	0.443
720.64	0.443
720.83	0.444
721.01	0.444
721.20	0.444
721.38	0.444
721.57	0.445
721.75	0.445
721.94	0.445
722.12	0.446
722.31	0.445
722.49	0.445
722.68	0.444
722.86	0.445
723.05	0.445
723.23	0.444
723.42	0.444
723.60	0.444
723.79	0.444
723.97	0.443
724.16	0.443
724.34	0.443
724.53	0.443
724.71	0.443
724.90	0.443
725.08	0.442
725.27	0.442
725.45	0.443
725.64	0.442
725.82	0.443
726.00	0.442
726.19	0.442
726.37	0.442
726.56	0.442
726.74	0.442
726.93	0.442
727.11	0.442
727.30	0.442
727.48	0.442
727.67	0.443
727.85	0.443
728.04	0.443
728.22	0.443
728.40	0.443
728.59	0.443
728.77	0.443
728.96	0.443
729.14	0.442
729.33	0.443
729.51	0.443
729.70	0.443
729.88	0.443
730.07	0.443
730.25	0.443
730.43	0.443
730.62	0.442
730.80	0.443
730.99	0.442
731.17	0.442
731.36	0.442
731.54	0.442
731.72	0.441
731.91	0.441
732.09	0.441
732.28	0.442
732.46	0.441
732.65	0.441
732.83	0.441
733.01	0.441
733.20	0.442
733.38	0.442
733.57	0.442
733.75	0.442
733.93	0.442
734.12	0.442
734.30	0.442
734.49	0.442
734.67	0.442
734.85	0.442
735.04	0.442
735.22	0.443
735.41	0.442
735.59	0.442
735.77	0.442
735.96	0.442
736.14	0.442
736.33	0.442
736.51	0.442
736.69	0.441
736.88	0.441
737.06	0.441
737.25	0.441
737.43	0.441
737.61	0.440
737.80	0.440
737.98	0.440
738.16	0.441
738.35	0.440
738.53	0.441
738.71	0.441
738.90	0.441
739.08	0.441
739.27	0.441
739.45	0.441
739.63	0.441
739.82	0.441
740.00	0.441
740.18	0.440
740.37	0.440
740.55	0.440
740.73	0.440
740.92	0.440
741.10	0.440
741.28	0.439
741.47	0.439
741.65	0.439
741.83	0.440
742.02	0.440
742.20	0.440
742.38	0.439
742.57	0.439
742.75	0.440
742.93	0.440
743.12	0.440
743.30	0.439
743.48	0.439
743.67	0.439
743.85	0.439
744.03	0.439
744.22	0.439
744.40	0.438
744.58	0.438
744.77	0.439
744.95	0.439
745.13	0.439
745.32	0.439
745.50	0.439
745.68	0.440
745.87	0.440
746.05	0.439
746.23	0.439
746.41	0.439
746.60	0.439
746.78	0.439
746.96	0.439
747.15	0.438
747.33	0.438
747.51	0.438
747.70	0.438
747.88	0.438
748.06	0.437
748.24	0.438
748.43	0.438
748.61	0.438
748.79	0.438
748.97	0.438
749.16	0.438
749.34	0.438
749.52	0.439
749.71	0.439
749.89	0.439
750.07	0.438
750.25	0.439
750.44	0.439
750.62	0.439
750.80	0.439
750.98	0.438
751.17	0.437
751.35	0.438
751.53	0.438
751.71	0.437
751.90	0.437
752.08	0.437
752.26	0.436
752.44	0.436
752.63	0.436
752.81	0.437
752.99	0.437
753.17	0.436
753.36	0.436
753.54	0.437
753.72	0.436
753.90	0.437
754.09	0.437
754.27	0.437
754.45	0.437
754.63	0.437
754.82	0.437
755.00	0.437
755.18	0.437
755.36	0.438
755.54	0.438
755.73	0.438
755.91	0.438
756.09	0.438
756.27	0.438
756.45	0.439
756.64	0.438
756.82	0.438
757.00	0.439
757.18	0.439
757.37	0.439
757.55	0.439
757.73	0.438
757.91	0.438
758.09	0.437
758.27	0.437
758.46	0.437
758.64	0.437
758.82	0.437
759.00	0.437
759.18	0.437
759.37	0.438
759.55	0.438
759.73	0.438
759.91	0.439
760.09	0.439
760.28	0.438
760.46	0.438
760.64	0.437
760.82	0.437
761.00	0.436
761.18	0.436
761.37	0.436
761.55	0.435
761.73	0.436
761.91	0.436
762.09	0.436
762.27	0.436
762.46	0.436
762.64	0.437
762.82	0.436
763.00	0.436
763.18	0.437
763.36	0.436
763.54	0.436
763.73	0.435
763.91	0.435
764.09	0.435
764.27	0.435
764.45	0.435
764.63	0.434
764.81	0.434
765.00	0.434
765.18	0.435
765.36	0.435
765.54	0.435
765.72	0.435
765.90	0.434
766.08	0.434
766.27	0.434
766.45	0.434
766.63	0.434
766.81	0.433
766.99	0.433
767.17	0.433
767.35	0.433
767.53	0.433
767.71	0.433
767.90	0.433
768.08	0.433
768.26	0.433
768.44	0.432
768.62	0.433
768.80	0.433
768.98	0.433
769.16	0.433
769.34	0.432
769.52	0.433
769.71	0.433
769.89	0.433
770.07	0.433
770.25	0.433
770.43	0.433
770.61	0.433
770.79	0.433
770.97	0.433
771.15	0.433
771.33	0.432
771.51	0.433
771.69	0.433
771.88	0.432
772.06	0.432
772.24	0.432
772.42	0.432
772.60	0.433
772.78	0.433
772.96	0.433
773.14	0.432
773.32	0.432
773.50	0.432
773.68	0.432
773.86	0.432
774.04	0.432
774.22	0.432
774.40	0.432
774.58	0.431
774.77	0.431
774.95	0.431
775.13	0.431
775.31	0.431
775.49	0.431
775.67	0.431
775.85	0.431
776.03	0.431
776.21	0.431
776.39	0.431
776.57	0.431
776.75	0.431
776.93	0.431
777.11	0.431
777.29	0.431
777.47	0.431
777.65	0.431
777.83	0.431
778.01	0.431
778.19	0.431
778.37	0.431
778.55	0.432
778.73	0.431
778.91	0.430
779.09	0.431
779.27	0.431
779.45	0.431
779.63	0.431
779.81	0.431
779.99	0.431
780.17	0.431
780.35	0.432
780.53	0.432
780.71	0.432
780.89	0.433
781.07	0.433
781.25	0.432
781.43	0.433
781.61	0.433
781.79	0.433
781.97	0.433
782.15	0.432
782.33	0.432
782.51	0.432
782.69	0.432
782.87	0.431
783.05	0.431
783.23	0.431
783.41	0.431
783.59	0.431
783.77	0.432
783.95	0.432
784.13	0.432
784.31	0.432
784.49	0.432
784.67	0.432
784.85	0.432
785.03	0.433
785.21	0.433
785.38	0.433
785.56	0.433
785.74	0.433
785.92	0.433
786.10	0.434
786.28	0.433
786.46	0.433
786.64	0.433
786.82	0.433
787.00	0.433
787.18	0.432
787.36	0.432
787.54	0.432
787.72	0.432
787.90	0.432
788.08	0.432
788.25	0.432
788.43	0.432
788.61	0.432
788.79	0.433
788.97	0.432
789.15	0.432
789.33	0.433
789.51	0.433
789.69	0.434
789.87	0.433
790.05	0.433
790.23	0.434
790.40	0.434
790.58	0.434
790.76	0.435
790.94	0.434
791.12	0.433
791.30	0.433
791.48	0.433
791.66	0.433
791.84	0.432
792.02	0.432
792.19	0.432
792.37	0.432
792.55	0.432
792.73	0.432
792.91	0.432
793.09	0.432
793.27	0.432
793.45	0.432
793.63	0.432
793.80	0.432
793.98	0.433
794.16	0.432
794.34	0.433
794.52	0.433
794.70	0.432
794.88	0.433
795.05	0.433
795.23	0.433
795.41	0.433
795.59	0.433
795.77	0.433
795.95	0.433
796.13	0.432
796.30	0.433
796.48	0.432
796.66	0.432
796.84	0.431
797.02	0.431
797.20	0.431
797.38	0.431
797.55	0.431
797.73	0.431
797.91	0.431
798.09	0.431
798.27	0.432
798.45	0.432
798.62	0.432
798.80	0.431
798.98	0.432
799.16	0.432
799.34	0.432
799.52	0.432
799.69	0.432
799.87	0.431
800.05	0.431
800.23	0.431
800.41	0.431
800.58	0.431
800.76	0.431
800.94	0.431
801.12	0.431
801.30	0.431
801.47	0.430
801.65	0.431
801.83	0.431
802.01	0.431
802.19	0.431
802.36	0.431
802.54	0.431
802.72	0.431
802.90	0.432
803.08	0.432
803.25	0.433
803.43	0.433
803.61	0.432
803.79	0.432
803.97	0.432
804.14	0.432
804.32	0.432
804.50	0.433
804.68	0.432
804.85	0.431
805.03	0.431
805.21	0.431
805.39	0.431
805.56	0.432
805.74	0.431
805.92	0.430
806.10	0.429
806.28	0.429
806.45	0.429
806.63	0.429
806.81	0.430
806.99	0.430
807.16	0.429
807.34	0.430
807.52	0.430
807.70	0.431
807.87	0.431
808.05	0.431
808.23	0.431
808.41	0.431
808.58	0.430
808.76	0.430
808.94	0.430
809.11	0.430
809.29	0.430
809.47	0.430
809.65	0.430
809.82	0.431
810.00	0.430
810.18	0.432
810.36	0.432
810.53	0.432
810.71	0.432
810.89	0.432
811.06	0.431
811.24	0.431
811.42	0.430
811.60	0.430
811.77	0.429
811.95	0.429
812.13	0.429
812.30	0.428
812.48	0.428
812.66	0.428
812.83	0.430
813.01	0.430
813.19	0.430
813.37	0.430
813.54	0.431
813.72	0.430
813.90	0.431
814.07	0.431
814.25	0.431
814.43	0.431
814.60	0.431
814.78	0.430
814.96	0.429
815.13	0.430
815.31	0.430
815.49	0.430
815.66	0.429
815.84	0.429
816.02	0.429
816.19	0.429
816.37	0.429
816.55	0.429
816.72	0.429
816.90	0.428
817.08	0.429
817.25	0.429
817.43	0.429
817.61	0.429
817.78	0.429
817.96	0.430
818.14	0.429
818.31	0.429
818.49	0.430
818.67	0.429
818.84	0.429
819.02	0.430
819.19	0.429
819.37	0.429
819.55	0.429
819.72	0.429
819.90	0.430
820.08	0.430
820.25	0.431
820.43	0.431
820.60	0.430
820.78	0.430
820.96	0.431
821.13	0.431
821.31	0.430
821.49	0.429
821.66	0.429
821.84	0.428
822.01	0.429
822.19	0.429
822.37	0.430
822.54	0.429
822.72	0.430
822.89	0.430
823.07	0.430
823.25	0.431
823.42	0.431
823.60	0.430
823.77	0.430
823.95	0.430
824.13	0.430
824.30	0.430
824.48	0.430
824.65	0.431
824.83	0.431
825.01	0.431
825.18	0.432
825.36	0.432
825.53	0.432
825.71	0.432
825.88	0.432
826.06	0.431
826.24	0.431
826.41	0.430
826.59	0.430
826.76	0.430
826.94	0.430
827.11	0.430
827.29	0.430
827.47	0.429
827.64	0.430
827.82	0.430
827.99	0.430
828.17	0.429
828.34	0.430
828.52	0.429
828.69	0.429
828.87	0.429
829.04	0.430
829.22	0.430
829.40	0.429
829.57	0.429
829.75	0.430
829.92	0.430
830.10	0.430
830.27	0.430
830.45	0.430
830.62	0.429
830.80	0.429
830.97	0.429
831.15	0.429
831.32	0.429
831.50	0.430
831.67	0.430
831.85	0.429
832.02	0.430
832.20	0.430
832.37	0.429
832.55	0.429
832.73	0.428
832.90	0.428
833.08	0.427
833.25	0.427
833.43	0.427
833.60	0.427
833.78	0.426
833.95	0.426
834.13	0.427
834.30	0.427
834.48	0.427
834.65	0.426
834.82	0.426
835.00	0.427
835.17	0.426
835.35	0.427
835.52	0.427
835.70	0.428
835.87	0.427
836.05	0.427
836.22	0.428
836.40	0.427
836.57	0.427
836.75	0.427
836.92	0.426
837.10	0.426
837.27	0.426
837.45	0.426
837.62	0.426
837.80	0.426
837.97	0.427
838.14	0.427
838.32	0.427
838.49	0.428
838.67	0.428
838.84	0.428
839.02	0.428
839.19	0.428
839.37	0.428
839.54	0.428
839.71	0.428
839.89	0.429
840.06	0.429
840.24	0.429
840.41	0.429
840.59	0.429
840.76	0.429
840.94	0.429
841.11	0.430
841.28	0.430
841.46	0.428
841.63	0.428
841.81	0.428
841.98	0.428
842.15	0.427
842.33	0.426
842.50	0.427
842.68	0.426
842.85	0.426
843.03	0.427
843.20	0.427
843.37	0.427
843.55	0.427
843.72	0.427
843.90	0.428
844.07	0.428
844.24	0.428
844.42	0.427
844.59	0.427
844.77	0.427
844.94	0.427
845.11	0.427
845.29	0.427
845.46	0.427
845.63	0.428
845.81	0.428
845.98	0.429
846.16	0.429
846.33	0.428
846.50	0.429
846.68	0.429
846.85	0.429
847.02	0.429
847.20	0.429
847.37	0.428
847.55	0.428
847.72	0.427
847.89	0.427
848.07	0.428
848.24	0.427
848.41	0.427
848.59	0.428
848.76	0.427
848.93	0.427
849.11	0.427
849.28	0.428
849.45	0.429
849.63	0.428
849.80	0.429
849.97	0.429
850.15	0.428
850.32	0.429
850.49	0.429
850.67	0.429
850.84	0.428
851.01	0.429
851.19	0.430
851.36	0.429
851.53	0.429
851.71	0.430
851.88	0.429
852.05	0.430
852.23	0.430
852.40	0.429
852.57	0.429
852.75	0.429
852.92	0.429
853.09	0.429
853.27	0.430
853.44	0.429
853.61	0.429
853.79	0.429
853.96	0.430
854.13	0.428
854.30	0.428
854.48	0.428
854.65	0.428
854.82	0.428
855.00	0.429
855.17	0.429
855.34	0.430
855.51	0.429
855.69	0.430
855.86	0.429
856.03	0.429
856.21	0.428
856.38	0.428
856.55	0.427
856.72	0.427
856.90	0.427
857.07	0.427
857.24	0.427
857.42	0.427
857.59	0.428
857.76	0.427
857.93	0.427
858.11	0.428
858.28	0.428
858.45	0.428
858.62	0.429
858.80	0.429
858.97	0.428
859.14	0.428
859.31	0.429
859.49	0.429
859.66	0.429
859.83	0.429
860.00	0.429
860.18	0.430
860.35	0.430
860.52	0.432
860.69	0.431
860.86	0.432
861.04	0.431
861.21	0.432
861.38	0.431
861.55	0.431
861.73	0.430
861.90	0.430
862.07	0.429
862.24	0.429
862.42	0.430
862.59	0.430
862.76	0.430
862.93	0.430
863.10	0.430
863.28	0.430
863.45	0.431
863.62	0.432
863.79	0.432
863.96	0.431
864.14	0.430
864.31	0.430
864.48	0.431
864.65	0.431
864.82	0.431
865.00	0.431
865.17	0.431
865.34	0.431
865.51	0.432
865.68	0.433
865.86	0.433
866.03	0.432
866.20	0.432
866.37	0.432
866.54	0.432
866.71	0.432
866.89	0.432
867.06	0.431
867.23	0.431
867.40	0.430
867.57	0.431
867.74	0.431
867.92	0.431
868.09	0.431
868.26	0.430
868.43	0.430
868.60	0.431
868.77	0.431
868.95	0.432
869.12	0.432
869.29	0.434
869.46	0.434
869.63	0.433
869.80	0.435
869.97	0.436
870.15	0.435
870.32	0.435
870.49	0.434
870.66	0.434
870.83	0.433
871.00	0.433
871.17	0.434
871.34	0.434
871.52	0.434
871.69	0.434
871.86	0.434
872.03	0.434
872.20	0.434
872.37	0.433
872.54	0.433
872.71	0.432
872.89	0.432
873.06	0.431
873.23	0.431
873.40	0.430
873.57	0.431
873.74	0.431
873.91	0.432
874.08	0.431
874.25	0.431
874.42	0.432
874.60	0.432
874.77	0.432
874.94	0.432
875.11	0.432
875.28	0.432
875.45	0.433
875.62	0.434
875.79	0.434
875.96	0.433
876.13	0.433
876.30	0.434
876.47	0.433
876.65	0.433
876.82	0.433
876.99	0.432
877.16	0.432
877.33	0.432
877.50	0.432
877.67	0.432
877.84	0.432
878.01	0.434
878.18	0.434
878.35	0.433
878.52	0.433
878.69	0.432
878.86	0.432
879.03	0.433
879.20	0.433
879.38	0.433
879.55	0.432
879.72	0.433
879.89	0.433
880.06	0.433
880.23	0.434
880.40	0.433
880.57	0.433
880.74	0.432
880.91	0.430
881.08	0.429
881.25	0.428
881.42	0.427
881.59	0.427
881.76	0.427
881.93	0.428
882.10	0.428
882.27	0.428
882.44	0.428
882.61	0.428
882.78	0.430
882.95	0.430
883.12	0.430
883.29	0.429
883.46	0.430
883.63	0.431
883.80	0.432
883.97	0.433
884.14	0.435
884.31	0.434
884.48	0.435
884.65	0.435
884.82	0.436
884.99	0.434
885.16	0.434
885.33	0.434
885.50	0.432
885.67	0.431
885.84	0.431
886.01	0.431
886.18	0.430
886.35	0.431
886.52	0.432
886.69	0.432
886.86	0.431
887.03	0.432
887.20	0.433
887.37	0.433
887.54	0.433
887.71	0.433
887.88	0.432
888.05	0.431
888.22	0.432
888.39	0.434
888.55	0.433
888.72	0.432
888.89	0.433
889.06	0.432
889.23	0.432
889.40	0.431
889.57	0.431
889.74	0.430
889.91	0.427
890.08	0.427
890.25	0.426
890.42	0.425
890.59	0.423
890.76	0.422
890.93	0.422
891.10	0.421
891.26	0.421
891.43	0.422
891.60	0.422
891.77	0.422
891.94	0.423
892.11	0.425
892.28	0.427
892.45	0.428
892.62	0.428
892.79	0.426
892.96	0.426
893.13	0.426
893.29	0.426
893.46	0.424
893.63	0.422
893.80	0.422
893.97	0.421
894.14	0.422
894.31	0.423
894.48	0.428
894.65	0.416
894.81	0.431
894.98	0.434
