177.34	0.252
177.56	0.252
177.78	0.252
178.00	-0.982
178.22	0.208
178.44	0.119
178.66	0.228
178.89	-0.402
179.11	-0.818
179.33	-0.539
179.55	-0.879
179.77	-0.117
179.99	-0.122
180.21	-0.241
180.43	-0.034
180.65	0.174
180.87	0.293
181.09	0.309
181.31	0.244
181.53	0.291
181.75	0.346
181.97	0.347
182.19	0.353
182.41	0.373
182.63	0.380
182.85	0.394
183.07	0.400
183.30	0.435
183.52	0.409
183.74	0.379
183.96	0.395
184.18	0.372
184.40	0.395
184.62	0.374
184.84	0.396
185.06	0.430
185.28	0.448
185.50	0.457
185.72	0.466
185.94	0.507
186.16	0.584
186.38	0.608
186.60	0.666
186.82	0.751
187.04	0.757
187.26	0.781
187.48	0.825
187.70	0.845
187.92	0.923
188.14	0.949
188.36	0.983
188.58	1.034
188.80	1.004
189.02	1.069
189.24	1.095
189.46	1.126
189.68	1.176
189.90	1.139
190.12	1.159
190.34	1.158
190.56	1.137
190.78	1.106
191.00	1.122
191.22	1.159
191.44	1.183
191.66	1.194
191.88	1.188
192.10	1.208
192.32	1.200
192.54	1.224
192.76	1.275
192.98	1.238
193.20	1.204
193.42	1.244
193.64	1.257
193.86	1.284
194.08	1.279
194.30	1.313
194.52	1.363
194.74	1.367
194.96	1.417
195.18	1.502
195.40	1.438
195.62	1.490
195.84	1.464
196.06	1.444
196.28	1.450
196.50	1.436
196.72	1.438
196.94	1.481
197.16	1.461
197.38	1.501
197.60	1.492
197.82	1.507
198.04	1.531
198.26	1.578
198.48	1.609
198.70	1.627
198.92	1.578
199.13	1.621
199.35	1.623
199.57	1.611
199.79	1.644
200.01	1.668
200.23	1.652
200.45	1.618
200.67	1.602
200.89	1.620
201.11	1.572
201.33	1.596
201.55	1.612
201.77	1.641
201.99	1.667
202.21	1.683
202.43	1.709
202.65	1.801
202.87	1.823
203.09	1.846
203.31	1.868
203.52	1.852
203.74	1.815
203.96	1.789
204.18	1.818
204.40	1.839
204.62	1.760
204.84	1.746
205.06	1.772
205.28	1.777
205.50	1.742
205.72	1.735
205.94	1.763
206.16	1.746
206.38	1.742
206.59	1.766
206.81	1.772
207.03	1.750
207.25	1.745
207.47	1.812
207.69	1.868
207.91	1.888
208.13	1.909
208.35	1.901
208.57	1.942
208.79	1.958
209.01	2.005
209.22	1.992
209.44	2.009
209.66	1.986
209.88	1.955
210.10	1.946
210.32	1.975
210.54	2.003
210.76	2.020
210.98	2.017
211.20	2.013
211.42	2.004
211.63	2.003
211.85	2.035
212.07	2.037
212.29	2.050
212.51	2.000
212.73	2.007
212.95	1.975
213.17	1.967
213.39	1.955
213.60	1.982
213.82	1.994
214.04	2.010
214.26	2.038
214.48	2.080
214.70	2.104
214.92	2.191
215.14	2.223
215.35	2.213
215.57	2.215
215.79	2.216
216.01	2.256
216.23	2.200
216.45	2.183
216.67	2.145
216.89	2.145
217.10	2.191
217.32	2.198
217.54	2.206
217.76	2.193
217.98	2.174
218.20	2.179
218.42	2.158
218.64	2.194
218.85	2.222
219.07	2.201
219.29	2.243
219.51	2.253
219.73	2.269
219.95	2.265
220.17	2.262
220.38	2.282
220.60	2.273
220.82	2.233
221.04	2.240
221.26	2.212
221.48	2.200
221.69	2.184
221.91	2.199
222.13	2.194
222.35	2.197
222.57	2.187
222.79	2.194
223.00	2.183
223.22	2.211
223.44	2.224
223.66	2.242
223.88	2.257
224.10	2.309
224.32	2.338
224.53	2.340
224.75	2.370
224.97	2.447
225.19	2.440
225.41	2.437
225.62	2.464
225.84	2.426
226.06	2.414
226.28	2.400
226.50	2.408
226.72	2.374
226.93	2.344
227.15	2.357
227.37	2.350
227.59	2.336
227.81	2.353
228.02	2.360
228.24	2.337
228.46	2.355
228.68	2.345
228.90	2.325
229.12	2.302
229.33	2.292
229.55	2.289
229.77	2.269
229.99	2.254
230.21	2.271
230.42	2.265
230.64	2.262
230.86	2.255
231.08	2.252
231.30	2.228
231.51	2.193
231.73	2.182
231.95	2.151
232.17	2.125
232.38	2.101
232.60	2.073
232.82	2.058
233.04	2.049
233.26	2.044
233.47	2.036
233.69	2.030
233.91	2.021
234.13	1.998
234.35	1.984
234.56	1.975
234.78	1.956
235.00	1.930
235.22	1.903
235.43	1.891
235.65	1.861
235.87	1.840
236.09	1.832
236.30	1.813
236.52	1.797
236.74	1.787
236.96	1.773
237.18	1.758
237.39	1.743
237.61	1.728
237.83	1.715
238.05	1.695
238.26	1.679
238.48	1.667
238.70	1.650
238.92	1.639
239.13	1.625
239.35	1.606
239.57	1.596
239.79	1.584
240.00	1.571
240.22	1.555
240.44	1.541
240.66	1.526
240.87	1.511
241.09	1.497
241.31	1.484
241.53	1.470
241.74	1.454
241.96	1.440
242.18	1.429
242.40	1.416
242.61	1.401
242.83	1.390
243.05	1.380
243.27	1.370
243.48	1.359
243.70	1.348
243.92	1.340
244.13	1.331
244.35	1.322
244.57	1.312
244.79	1.301
245.00	1.290
245.22	1.281
245.44	1.272
245.65	1.263
245.87	1.254
246.09	1.244
246.31	1.234
246.52	1.228
246.74	1.220
246.96	1.212
247.18	1.204
247.39	1.196
247.61	1.189
247.83	1.182
248.04	1.173
248.26	1.166
248.48	1.160
248.69	1.152
248.91	1.146
249.13	1.138
249.35	1.133
249.56	1.127
249.78	1.120
250.00	1.116
250.21	1.110
250.43	1.104
250.65	1.098
250.86	1.092
251.08	1.087
251.30	1.081
251.51	1.074
251.73	1.068
251.95	1.064
252.17	1.059
252.38	1.055
252.60	1.050
252.82	1.047
253.03	1.043
253.25	1.038
253.47	1.035
253.68	1.033
253.90	1.029
254.12	1.026
254.33	1.022
254.55	1.017
254.77	1.015
254.98	1.011
255.20	1.008
255.42	1.005
255.63	1.002
255.85	0.999
256.07	0.995
256.28	0.992
256.50	0.990
256.72	0.987
256.93	0.984
257.15	0.982
257.37	0.979
257.58	0.977
257.80	0.974
258.02	0.972
258.23	0.970
258.45	0.967
258.67	0.964
258.88	0.963
259.10	0.961
259.32	0.958
259.53	0.955
259.75	0.953
259.96	0.951
260.18	0.947
260.40	0.947
260.61	0.944
260.83	0.942
261.05	0.940
261.26	0.939
261.48	0.938
261.70	0.937
261.91	0.936
262.13	0.936
262.34	0.934
262.56	0.932
262.78	0.931
262.99	0.929
263.21	0.927
263.43	0.924
263.64	0.923
263.86	0.920
264.07	0.918
264.29	0.918
264.51	0.916
264.72	0.914
264.94	0.913
265.16	0.911
265.37	0.910
265.59	0.908
265.80	0.907
266.02	0.906
266.24	0.903
266.45	0.903
266.67	0.901
266.88	0.899
267.10	0.897
267.32	0.897
267.53	0.896
267.75	0.894
267.96	0.893
268.18	0.892
268.40	0.890
268.61	0.890
268.83	0.888
269.04	0.886
269.26	0.883
269.48	0.881
269.69	0.880
269.91	0.876
270.12	0.876
270.34	0.874
270.56	0.871
270.77	0.869
270.99	0.868
271.20	0.866
271.42	0.864
271.64	0.861
271.85	0.860
272.07	0.857
272.28	0.854
272.50	0.852
272.71	0.849
272.93	0.846
273.15	0.844
273.36	0.842
273.58	0.840
273.79	0.837
274.01	0.835
274.22	0.832
274.44	0.829
274.66	0.826
274.87	0.824
275.09	0.819
275.30	0.816
275.52	0.813
275.73	0.811
275.95	0.807
276.16	0.805
276.38	0.802
276.60	0.799
276.81	0.797
277.03	0.795
277.24	0.791
277.46	0.787
277.67	0.784
277.89	0.780
278.10	0.777
278.32	0.774
278.53	0.770
278.75	0.767
278.97	0.763
279.18	0.761
279.40	0.757
279.61	0.754
279.83	0.750
280.04	0.746
280.26	0.743
280.47	0.739
280.69	0.734
280.90	0.731
281.12	0.727
281.33	0.723
281.55	0.719
281.76	0.715
281.98	0.712
282.20	0.709
282.41	0.706
282.63	0.703
282.84	0.699
283.06	0.694
283.27	0.691
283.49	0.687
283.70	0.683
283.92	0.679
284.13	0.674
284.35	0.669
284.56	0.665
284.78	0.661
284.99	0.657
285.21	0.653
285.42	0.648
285.64	0.644
285.85	0.640
286.07	0.636
286.28	0.632
286.50	0.627
286.71	0.623
286.93	0.619
287.14	0.616
287.36	0.612
287.57	0.608
287.79	0.604
288.00	0.601
288.22	0.597
288.43	0.592
288.65	0.588
288.86	0.584
289.08	0.579
289.29	0.575
289.51	0.571
289.72	0.567
289.94	0.562
290.15	0.559
290.37	0.555
290.58	0.552
290.80	0.548
291.01	0.544
291.22	0.540
291.44	0.536
291.65	0.532
291.87	0.527
292.08	0.524
292.30	0.520
292.51	0.516
292.73	0.513
292.94	0.509
293.16	0.505
293.37	0.502
293.59	0.498
293.80	0.495
294.02	0.492
294.23	0.488
294.44	0.484
294.66	0.481
294.87	0.478
295.09	0.474
295.30	0.471
295.52	0.467
295.73	0.463
295.95	0.460
296.16	0.456
296.37	0.453
296.59	0.449
296.80	0.446
297.02	0.443
297.23	0.440
297.45	0.437
297.66	0.434
297.88	0.430
298.09	0.428
298.30	0.425
298.52	0.422
298.73	0.419
298.95	0.415
299.16	0.413
299.38	0.410
299.59	0.407
299.80	0.405
300.02	0.401
300.23	0.398
300.45	0.395
300.66	0.392
300.88	0.390
301.09	0.387
301.30	0.384
301.52	0.381
301.73	0.378
301.95	0.375
302.16	0.373
302.37	0.370
302.59	0.367
302.80	0.364
303.02	0.361
303.23	0.358
303.45	0.355
303.66	0.353
303.87	0.351
304.09	0.348
304.30	0.345
304.52	0.344
304.73	0.341
304.94	0.339
305.16	0.336
305.37	0.334
305.59	0.332
305.80	0.329
306.01	0.327
306.23	0.325
306.44	0.322
306.65	0.320
306.87	0.318
307.08	0.316
307.30	0.313
307.51	0.311
307.72	0.308
307.94	0.306
308.15	0.304
308.37	0.302
308.58	0.300
308.79	0.298
309.01	0.296
309.22	0.294
309.43	0.292
309.65	0.289
309.86	0.287
310.07	0.285
310.29	0.282
310.50	0.280
310.72	0.277
310.93	0.275
311.14	0.273
311.36	0.270
311.57	0.269
311.78	0.266
312.00	0.264
312.21	0.263
312.42	0.261
312.64	0.259
312.85	0.258
313.07	0.256
313.28	0.256
313.49	0.254
313.71	0.252
313.92	0.251
314.13	0.249
314.35	0.247
314.56	0.246
314.77	0.244
314.99	0.242
315.20	0.240
315.41	0.239
315.63	0.238
315.84	0.236
316.05	0.235
316.27	0.234
316.48	0.232
316.69	0.230
316.91	0.229
317.12	0.227
317.33	0.226
317.55	0.224
317.76	0.223
317.97	0.221
318.19	0.220
318.40	0.219
318.61	0.218
318.83	0.217
319.04	0.215
319.25	0.214
319.47	0.214
319.68	0.212
319.89	0.211
320.10	0.210
320.32	0.209
320.53	0.208
320.74	0.206
320.96	0.205
321.17	0.204
321.38	0.202
321.60	0.201
321.81	0.200
322.02	0.199
322.24	0.198
322.45	0.196
322.66	0.196
322.87	0.195
323.09	0.195
323.30	0.194
323.51	0.193
323.73	0.191
323.94	0.191
324.15	0.190
324.36	0.190
324.58	0.188
324.79	0.187
325.00	0.186
325.22	0.185
325.43	0.184
325.64	0.184
325.85	0.183
326.07	0.182
326.28	0.181
326.49	0.181
326.71	0.179
326.92	0.179
327.13	0.177
327.34	0.177
327.56	0.176
327.77	0.175
327.98	0.173
328.19	0.173
328.41	0.172
328.62	0.171
328.83	0.171
329.04	0.170
329.26	0.169
329.47	0.168
329.68	0.167
329.90	0.167
330.11	0.166
330.32	0.165
330.53	0.165
330.75	0.164
330.96	0.164
331.17	0.164
331.38	0.163
331.60	0.163
331.81	0.162
332.02	0.162
332.23	0.161
332.44	0.160
332.66	0.159
332.87	0.158
333.08	0.157
333.29	0.157
333.51	0.156
333.72	0.156
333.93	0.156
334.14	0.156
334.36	0.155
334.57	0.155
334.78	0.154
334.99	0.154
335.21	0.153
335.42	0.153
335.63	0.152
335.84	0.151
336.05	0.150
336.27	0.150
336.48	0.149
336.69	0.149
336.90	0.148
337.11	0.148
337.33	0.148
337.54	0.148
337.75	0.147
337.96	0.147
338.18	0.146
338.39	0.146
338.60	0.145
338.81	0.144
339.02	0.143
339.24	0.142
339.45	0.141
339.66	0.141
339.87	0.140
340.08	0.140
340.30	0.139
340.51	0.139
340.72	0.139
340.93	0.139
341.14	0.139
341.36	0.138
341.57	0.138
341.78	0.138
341.99	0.137
342.20	0.137
342.41	0.137
342.63	0.136
342.84	0.136
343.05	0.135
343.26	0.134
343.47	0.134
343.69	0.134
343.90	0.133
344.11	0.133
344.32	0.133
344.53	0.132
344.74	0.131
344.96	0.131
345.17	0.131
345.38	0.131
345.59	0.130
345.80	0.130
346.01	0.129
346.23	0.128
346.44	0.127
346.65	0.127
346.86	0.126
347.07	0.126
347.28	0.125
347.50	0.125
347.71	0.125
347.92	0.125
348.13	0.124
348.34	0.124
348.55	0.123
348.76	0.124
348.98	0.123
349.19	0.123
349.40	0.123
349.61	0.122
349.82	0.122
350.03	0.122
350.24	0.121
350.46	0.121
350.67	0.121
350.88	0.120
351.09	0.120
351.30	0.119
351.51	0.119
351.72	0.118
351.93	0.118
352.15	0.118
352.36	0.118
352.57	0.117
352.78	0.118
352.99	0.118
353.20	0.117
353.41	0.117
353.62	0.117
353.84	0.117
354.05	0.116
354.26	0.115
354.47	0.115
354.68	0.114
354.89	0.114
355.10	0.114
355.31	0.113
355.52	0.113
355.74	0.113
355.95	0.112
356.16	0.112
356.37	0.112
356.58	0.111
356.79	0.111
357.00	0.111
357.21	0.111
357.42	0.110
357.63	0.109
357.85	0.109
358.06	0.109
358.27	0.108
358.48	0.108
358.69	0.107
358.90	0.107
359.11	0.107
359.32	0.106
359.53	0.106
359.74	0.106
359.95	0.106
360.17	0.106
360.38	0.105
360.59	0.105
360.80	0.105
361.01	0.105
361.22	0.104
361.43	0.104
361.64	0.104
361.85	0.104
362.06	0.103
362.27	0.103
362.48	0.103
362.69	0.102
362.90	0.102
363.12	0.102
363.33	0.101
363.54	0.101
363.75	0.101
363.96	0.101
364.17	0.100
364.38	0.099
364.59	0.099
364.80	0.098
365.01	0.099
365.22	0.099
365.43	0.099
365.64	0.099
365.85	0.098
366.06	0.099
366.27	0.099
366.48	0.099
366.69	0.098
366.90	0.098
367.11	0.097
367.32	0.097
367.54	0.097
367.75	0.096
367.96	0.095
368.17	0.095
368.38	0.094
368.59	0.094
368.80	0.094
369.01	0.093
369.22	0.093
369.43	0.093
369.64	0.092
369.85	0.092
370.06	0.092
370.27	0.092
370.48	0.092
370.69	0.092
370.90	0.092
371.11	0.092
371.32	0.091
371.53	0.091
371.74	0.091
371.95	0.091
372.16	0.091
372.37	0.091
372.58	0.091
372.79	0.090
373.00	0.091
373.21	0.091
373.42	0.091
373.63	0.090
373.84	0.090
374.05	0.090
374.26	0.090
374.47	0.089
374.68	0.089
374.89	0.089
375.10	0.088
375.31	0.088
375.52	0.088
375.73	0.088
375.94	0.088
376.15	0.087
376.36	0.087
376.57	0.088
376.78	0.088
376.99	0.087
377.20	0.087
377.41	0.086
377.62	0.086
377.83	0.085
378.04	0.085
378.25	0.085
378.46	0.084
378.67	0.084
378.88	0.084
379.09	0.084
379.30	0.083
379.51	0.083
379.72	0.083
379.92	0.083
380.13	0.082
380.34	0.083
380.55	0.083
380.76	0.083
380.97	0.083
381.18	0.083
381.39	0.083
381.60	0.084
381.81	0.084
382.02	0.084
382.23	0.083
382.44	0.082
382.65	0.082
382.86	0.082
383.07	0.082
383.28	0.081
383.49	0.081
383.70	0.081
383.91	0.081
384.11	0.082
384.32	0.082
384.53	0.082
384.74	0.082
384.95	0.081
385.16	0.081
385.37	0.081
385.58	0.080
385.79	0.080
386.00	0.079
386.21	0.079
386.42	0.080
386.63	0.080
386.84	0.080
387.04	0.080
387.25	0.080
387.46	0.080
387.67	0.079
387.88	0.079
388.09	0.079
388.30	0.079
388.51	0.078
388.72	0.078
388.93	0.078
389.14	0.077
389.34	0.078
389.55	0.078
389.76	0.077
389.97	0.077
390.18	0.077
390.39	0.077
390.60	0.077
390.81	0.077
391.02	0.076
391.23	0.076
391.43	0.076
391.64	0.076
391.85	0.076
392.06	0.075
392.27	0.076
392.48	0.076
392.69	0.076
392.90	0.075
393.11	0.075
393.31	0.075
393.52	0.074
393.73	0.074
393.94	0.075
394.15	0.074
394.36	0.074
394.57	0.074
394.78	0.074
394.98	0.074
395.19	0.074
395.40	0.074
395.61	0.074
395.82	0.074
396.03	0.073
396.24	0.073
396.44	0.073
396.65	0.074
396.86	0.073
397.07	0.073
397.28	0.074
397.49	0.073
397.70	0.073
397.90	0.073
398.11	0.073
398.32	0.073
398.53	0.073
398.74	0.073
398.95	0.073
399.16	0.073
399.36	0.074
399.57	0.073
399.78	0.073
399.99	0.073
400.20	0.073
400.41	0.072
400.61	0.072
400.82	0.072
401.03	0.072
401.24	0.072
401.45	0.072
401.66	0.072
401.86	0.072
402.07	0.072
402.28	0.071
402.49	0.071
402.70	0.072
402.91	0.071
403.11	0.070
403.32	0.070
403.53	0.070
403.74	0.070
403.95	0.070
404.15	0.070
404.36	0.070
404.57	0.070
404.78	0.070
404.99	0.071
405.20	0.071
405.40	0.071
405.61	0.071
405.82	0.071
406.03	0.070
406.24	0.071
406.44	0.070
406.65	0.070
406.86	0.070
407.07	0.070
407.28	0.071
407.48	0.071
407.69	0.071
407.90	0.072
408.11	0.071
408.32	0.071
408.52	0.071
408.73	0.071
408.94	0.071
409.15	0.070
409.35	0.071
409.56	0.071
409.77	0.071
409.98	0.071
410.19	0.071
410.39	0.071
410.60	0.070
410.81	0.070
411.02	0.070
411.22	0.070
411.43	0.070
411.64	0.070
411.85	0.070
412.05	0.069
412.26	0.069
412.47	0.069
412.68	0.069
412.89	0.069
413.09	0.069
413.30	0.068
413.51	0.068
413.72	0.068
413.92	0.069
414.13	0.069
414.34	0.069
414.55	0.068
414.75	0.068
414.96	0.068
415.17	0.068
415.38	0.069
415.58	0.069
415.79	0.069
416.00	0.068
416.21	0.068
416.41	0.069
416.62	0.069
416.83	0.069
417.03	0.069
417.24	0.068
417.45	0.068
417.66	0.069
417.86	0.069
418.07	0.069
418.28	0.068
418.49	0.068
418.69	0.067
418.90	0.067
419.11	0.068
419.31	0.068
419.52	0.067
419.73	0.067
419.94	0.066
420.14	0.067
420.35	0.067
420.56	0.067
420.76	0.067
420.97	0.067
421.18	0.067
421.39	0.067
421.59	0.067
421.80	0.067
422.01	0.066
422.21	0.066
422.42	0.067
422.63	0.067
422.84	0.067
423.04	0.067
423.25	0.067
423.46	0.067
423.66	0.067
423.87	0.068
424.08	0.068
424.28	0.068
424.49	0.067
424.70	0.067
424.90	0.067
425.11	0.067
425.32	0.067
425.52	0.067
425.73	0.066
425.94	0.066
426.15	0.066
426.35	0.067
426.56	0.067
426.77	0.067
426.97	0.067
427.18	0.067
427.39	0.067
427.59	0.067
427.80	0.067
428.01	0.068
428.21	0.067
428.42	0.067
428.63	0.067
428.83	0.067
429.04	0.066
429.25	0.066
429.45	0.065
429.66	0.065
429.87	0.065
430.07	0.065
430.28	0.065
430.48	0.065
430.69	0.064
430.90	0.064
431.10	0.064
431.31	0.064
431.52	0.064
431.72	0.065
431.93	0.064
432.14	0.065
432.34	0.065
432.55	0.065
432.76	0.065
432.96	0.066
433.17	0.065
433.37	0.065
433.58	0.065
433.79	0.065
433.99	0.065
434.20	0.065
434.41	0.065
434.61	0.065
434.82	0.065
435.02	0.065
435.23	0.065
435.44	0.065
435.64	0.065
435.85	0.064
436.06	0.064
436.26	0.064
436.47	0.064
436.67	0.064
436.88	0.064
437.09	0.064
437.29	0.064
437.50	0.064
437.70	0.064
437.91	0.064
438.12	0.064
438.32	0.064
438.53	0.064
438.73	0.064
438.94	0.064
439.15	0.064
439.35	0.064
439.56	0.064
439.76	0.064
439.97	0.064
440.18	0.064
440.38	0.064
440.59	0.064
440.79	0.064
441.00	0.064
441.20	0.064
441.41	0.063
441.62	0.064
441.82	0.063
442.03	0.064
442.23	0.063
442.44	0.063
442.65	0.062
442.85	0.063
443.06	0.063
443.26	0.063
443.47	0.063
443.67	0.063
443.88	0.064
444.09	0.063
444.29	0.063
444.50	0.064
444.70	0.063
444.91	0.063
445.11	0.063
445.32	0.062
445.52	0.062
445.73	0.063
445.94	0.063
446.14	0.063
446.35	0.063
446.55	0.063
446.76	0.063
446.96	0.063
447.17	0.063
447.37	0.063
447.58	0.063
447.78	0.063
447.99	0.063
448.20	0.062
448.40	0.062
448.61	0.062
448.81	0.062
449.02	0.062
449.22	0.062
449.43	0.062
449.63	0.062
449.84	0.062
450.04	0.062
450.25	0.062
450.45	0.062
450.66	0.062
450.86	0.062
451.07	0.062
451.27	0.061
451.48	0.062
451.68	0.061
451.89	0.061
452.09	0.061
452.30	0.061
452.50	0.061
452.71	0.061
452.91	0.061
453.12	0.061
453.33	0.061
453.53	0.061
453.74	0.062
453.94	0.061
454.15	0.061
454.35	0.062
454.56	0.062
454.76	0.062
454.96	0.062
455.17	0.062
455.37	0.061
455.58	0.061
455.78	0.061
455.99	0.062
456.19	0.061
456.40	0.061
456.60	0.061
456.81	0.061
457.01	0.061
457.22	0.062
457.42	0.061
457.63	0.061
457.83	0.061
458.04	0.061
458.24	0.061
458.45	0.061
458.65	0.061
458.86	0.061
459.06	0.061
459.27	0.061
459.47	0.062
459.67	0.061
459.88	0.062
460.08	0.061
460.29	0.061
460.49	0.061
460.70	0.060
460.90	0.060
461.11	0.059
461.31	0.060
461.52	0.060
461.72	0.059
461.92	0.059
462.13	0.060
462.33	0.060
462.54	0.060
462.74	0.060
462.95	0.061
463.15	0.060
463.36	0.060
463.56	0.060
463.76	0.061
463.97	0.061
464.17	0.061
464.38	0.062
464.58	0.061
464.79	0.061
464.99	0.061
465.19	0.061
465.40	0.061
465.60	0.061
465.81	0.061
466.01	0.060
466.22	0.060
466.42	0.061
466.62	0.061
466.83	0.061
467.03	0.061
467.24	0.061
467.44	0.061
467.65	0.061
467.85	0.061
468.05	0.061
468.26	0.061
468.46	0.062
468.67	0.061
468.87	0.062
469.07	0.062
469.28	0.062
469.48	0.062
469.69	0.062
469.89	0.062
470.09	0.062
470.30	0.062
470.50	0.061
470.71	0.061
470.91	0.060
471.11	0.060
471.32	0.060
471.52	0.060
471.72	0.060
471.93	0.059
472.13	0.059
472.34	0.059
472.54	0.059
472.74	0.060
472.95	0.060
473.15	0.060
473.35	0.060
473.56	0.060
473.76	0.060
473.97	0.060
474.17	0.060
474.37	0.060
474.58	0.060
474.78	0.060
474.98	0.059
475.19	0.059
475.39	0.059
475.60	0.059
475.80	0.059
476.00	0.058
476.21	0.058
476.41	0.059
476.61	0.058
476.82	0.059
477.02	0.059
477.22	0.059
477.43	0.059
477.63	0.059
477.83	0.060
478.04	0.060
478.24	0.060
478.44	0.060
478.65	0.060
478.85	0.060
479.05	0.060
479.26	0.060
479.46	0.058
479.66	0.058
479.87	0.058
480.07	0.058
480.27	0.058
480.48	0.058
480.68	0.058
480.88	0.057
481.09	0.058
481.29	0.058
481.49	0.059
481.70	0.059
481.90	0.058
482.10	0.058
482.31	0.058
482.51	0.058
482.71	0.059
482.92	0.058
483.12	0.058
483.32	0.058
483.52	0.058
483.73	0.058
483.93	0.057
484.13	0.057
484.34	0.057
484.54	0.057
484.74	0.056
484.95	0.057
485.15	0.057
485.35	0.057
485.55	0.057
485.76	0.058
485.96	0.058
486.16	0.058
486.37	0.059
486.57	0.059
486.77	0.059
486.97	0.059
487.18	0.059
487.38	0.059
487.58	0.059
487.79	0.059
487.99	0.059
488.19	0.058
488.39	0.058
488.60	0.058
488.80	0.058
489.00	0.058
489.20	0.058
489.41	0.057
489.61	0.057
489.81	0.058
490.02	0.058
490.22	0.058
490.42	0.057
490.62	0.057
490.83	0.058
491.03	0.058
491.23	0.058
491.43	0.058
491.64	0.058
491.84	0.058
492.04	0.058
492.24	0.058
492.45	0.058
492.65	0.057
492.85	0.057
493.05	0.056
493.26	0.056
493.46	0.056
493.66	0.056
493.86	0.056
494.07	0.056
494.27	0.056
494.47	0.056
494.67	0.056
494.87	0.057
495.08	0.056
495.28	0.056
495.48	0.056
495.68	0.056
495.89	0.056
496.09	0.056
496.29	0.056
496.49	0.056
496.69	0.055
496.90	0.055
497.10	0.056
497.30	0.056
497.50	0.057
497.71	0.057
497.91	0.056
498.11	0.056
498.31	0.056
498.51	0.057
498.72	0.057
498.92	0.057
499.12	0.056
499.32	0.055
499.52	0.056
499.73	0.056
499.93	0.057
500.13	0.057
500.33	0.056
500.53	0.056
500.74	0.056
500.94	0.056
501.14	0.057
501.34	0.057
501.54	0.057
501.74	0.056
501.95	0.056
502.15	0.056
502.35	0.056
502.55	0.056
502.75	0.056
502.96	0.056
503.16	0.055
503.36	0.055
503.56	0.055
503.76	0.055
503.96	0.055
504.17	0.056
504.37	0.056
504.57	0.056
504.77	0.056
504.97	0.056
505.17	0.056
505.38	0.056
505.58	0.056
505.78	0.056
505.98	0.056
506.18	0.056
506.38	0.056
506.58	0.056
506.79	0.056
506.99	0.056
507.19	0.057
507.39	0.056
507.59	0.056
507.79	0.056
507.99	0.055
508.20	0.055
508.40	0.054
508.60	0.054
508.80	0.053
509.00	0.053
509.20	0.054
509.40	0.054
509.61	0.054
509.81	0.055
510.01	0.055
510.21	0.055
510.41	0.055
510.61	0.055
510.81	0.055
511.01	0.055
511.22	0.055
511.42	0.054
511.62	0.053
511.82	0.053
512.02	0.053
512.22	0.053
512.42	0.053
512.62	0.053
512.82	0.053
513.03	0.053
513.23	0.053
513.43	0.053
513.63	0.054
513.83	0.053
514.03	0.053
514.23	0.054
514.43	0.054
514.63	0.054
514.83	0.054
515.04	0.055
515.24	0.055
515.44	0.054
515.64	0.055
515.84	0.055
516.04	0.054
516.24	0.054
516.44	0.054
516.64	0.054
516.84	0.053
517.04	0.053
517.24	0.053
517.45	0.053
517.65	0.053
517.85	0.054
518.05	0.054
518.25	0.054
518.45	0.054
518.65	0.054
518.85	0.054
519.05	0.054
519.25	0.054
519.45	0.053
519.65	0.053
519.85	0.053
520.05	0.053
520.25	0.053
520.46	0.053
520.66	0.053
520.86	0.053
521.06	0.053
521.26	0.053
521.46	0.053
521.66	0.053
521.86	0.054
522.06	0.054
522.26	0.054
522.46	0.054
522.66	0.054
522.86	0.054
523.06	0.053
523.26	0.053
523.46	0.053
523.66	0.053
523.86	0.053
524.06	0.052
524.26	0.053
524.46	0.052
524.66	0.052
524.86	0.052
525.06	0.052
525.26	0.052
525.46	0.052
525.66	0.052
525.87	0.053
526.07	0.052
526.27	0.053
526.47	0.053
526.67	0.053
526.87	0.053
527.07	0.053
527.27	0.053
527.47	0.053
527.67	0.052
527.87	0.052
528.07	0.052
528.27	0.052
528.47	0.052
528.67	0.051
528.87	0.052
529.07	0.051
529.27	0.051
529.47	0.051
529.67	0.051
529.87	0.051
530.07	0.051
530.27	0.052
530.47	0.051
530.67	0.051
530.87	0.051
531.06	0.052
531.26	0.052
531.46	0.052
531.66	0.051
531.86	0.051
532.06	0.051
532.26	0.051
532.46	0.051
532.66	0.051
532.86	0.050
533.06	0.051
533.26	0.051
533.46	0.051
533.66	0.051
533.86	0.051
534.06	0.051
534.26	0.051
534.46	0.052
534.66	0.052
534.86	0.052
535.06	0.052
535.26	0.052
535.46	0.052
535.66	0.052
535.86	0.051
536.06	0.051
536.26	0.051
536.45	0.051
536.65	0.051
536.85	0.050
537.05	0.050
537.25	0.050
537.45	0.050
537.65	0.050
537.85	0.051
538.05	0.051
538.25	0.050
538.45	0.050
538.65	0.051
538.85	0.051
539.05	0.050
539.25	0.050
539.44	0.050
539.64	0.049
539.84	0.049
540.04	0.049
540.24	0.049
540.44	0.049
540.64	0.048
540.84	0.049
541.04	0.049
541.24	0.049
541.44	0.049
541.64	0.050
541.83	0.049
542.03	0.049
542.23	0.050
542.43	0.050
542.63	0.050
542.83	0.051
543.03	0.050
543.23	0.051
543.43	0.051
543.63	0.051
543.82	0.051
544.02	0.051
544.22	0.051
544.42	0.050
544.62	0.050
544.82	0.050
545.02	0.050
545.22	0.050
545.42	0.049
545.61	0.049
545.81	0.049
546.01	0.049
546.21	0.049
546.41	0.049
546.61	0.050
546.81	0.050
547.01	0.049
547.20	0.049
547.40	0.049
547.60	0.049
547.80	0.049
548.00	0.049
548.20	0.049
548.40	0.048
548.59	0.048
548.79	0.049
548.99	0.049
549.19	0.050
549.39	0.050
549.59	0.050
549.79	0.050
549.98	0.051
550.18	0.050
550.38	0.050
550.58	0.050
550.78	0.050
550.98	0.050
551.17	0.050
551.37	0.049
551.57	0.049
551.77	0.050
551.97	0.050
552.17	0.050
552.36	0.050
552.56	0.050
552.76	0.050
552.96	0.050
553.16	0.050
553.36	0.049
553.55	0.049
553.75	0.048
553.95	0.049
554.15	0.049
554.35	0.049
554.55	0.049
554.74	0.050
554.94	0.050
555.14	0.050
555.34	0.050
555.54	0.050
555.73	0.050
555.93	0.049
556.13	0.049
556.33	0.049
556.53	0.049
556.72	0.049
556.92	0.049
557.12	0.049
557.32	0.049
557.52	0.049
557.71	0.049
557.91	0.049
558.11	0.049
558.31	0.049
558.51	0.049
558.70	0.049
558.90	0.049
559.10	0.049
559.30	0.049
559.49	0.050
559.69	0.050
559.89	0.050
560.09	0.050
560.29	0.050
560.48	0.050
560.68	0.050
560.88	0.050
561.08	0.050
561.27	0.049
561.47	0.049
561.67	0.049
561.87	0.049
562.06	0.049
562.26	0.049
562.46	0.049
562.66	0.049
562.86	0.049
563.05	0.049
563.25	0.049
563.45	0.049
563.65	0.049
563.84	0.048
564.04	0.048
564.24	0.049
564.44	0.049
564.63	0.048
564.83	0.049
565.03	0.049
565.22	0.049
565.42	0.049
565.62	0.049
565.82	0.049
566.01	0.049
566.21	0.049
566.41	0.049
566.61	0.049
566.80	0.049
567.00	0.049
567.20	0.049
567.40	0.050
567.59	0.050
567.79	0.049
567.99	0.049
568.18	0.049
568.38	0.049
568.58	0.049
568.78	0.049
568.97	0.049
569.17	0.049
569.37	0.048
569.56	0.048
569.76	0.048
569.96	0.049
570.16	0.049
570.35	0.050
570.55	0.050
570.75	0.049
570.94	0.049
571.14	0.050
571.34	0.050
571.53	0.050
571.73	0.050
571.93	0.049
572.12	0.049
572.32	0.049
572.52	0.049
572.72	0.049
572.91	0.049
573.11	0.049
573.31	0.050
573.50	0.050
573.70	0.050
573.90	0.049
574.09	0.049
574.29	0.050
574.49	0.050
574.68	0.050
574.88	0.050
575.08	0.050
575.27	0.050
575.47	0.050
575.67	0.050
575.86	0.050
576.06	0.050
576.26	0.050
576.45	0.050
576.65	0.050
576.85	0.050
577.04	0.051
577.24	0.051
577.44	0.050
577.63	0.050
577.83	0.050
578.02	0.049
578.22	0.049
578.42	0.048
578.61	0.048
578.81	0.048
579.01	0.048
579.20	0.048
579.40	0.048
579.60	0.048
579.79	0.049
579.99	0.049
580.19	0.050
580.38	0.050
580.58	0.050
580.77	0.050
580.97	0.050
581.17	0.050
581.36	0.050
581.56	0.050
581.75	0.050
581.95	0.049
582.15	0.049
582.34	0.049
582.54	0.049
582.74	0.049
582.93	0.049
583.13	0.049
583.32	0.049
583.52	0.049
583.72	0.048
583.91	0.049
584.11	0.049
584.30	0.048
584.50	0.049
584.70	0.049
584.89	0.049
585.09	0.049
585.28	0.049
585.48	0.049
585.68	0.049
585.87	0.049
586.07	0.050
586.26	0.049
586.46	0.049
586.66	0.049
586.85	0.049
587.05	0.049
587.24	0.049
587.44	0.049
587.63	0.049
587.83	0.049
588.03	0.049
588.22	0.049
588.42	0.049
588.61	0.049
588.81	0.049
589.00	0.048
589.20	0.048
589.40	0.048
589.59	0.047
589.79	0.048
589.98	0.048
590.18	0.048
590.37	0.048
590.57	0.048
590.76	0.048
590.96	0.048
591.16	0.049
591.35	0.049
591.55	0.049
591.74	0.048
591.94	0.048
592.13	0.049
592.33	0.049
592.52	0.049
592.72	0.049
592.91	0.049
593.11	0.049
593.30	0.049
593.50	0.049
593.70	0.049
593.89	0.049
594.09	0.049
594.28	0.049
594.48	0.048
594.67	0.048
594.87	0.048
595.06	0.048
595.26	0.048
595.45	0.048
595.65	0.048
595.84	0.047
596.04	0.047
596.23	0.047
596.43	0.047
596.62	0.047
596.82	0.047
597.01	0.047
597.21	0.047
597.40	0.047
597.60	0.047
597.79	0.047
597.99	0.047
598.18	0.047
598.38	0.047
598.57	0.047
598.77	0.047
598.96	0.047
599.16	0.048
599.35	0.047
599.55	0.047
599.74	0.047
599.94	0.047
600.13	0.047
600.33	0.047
600.52	0.047
600.72	0.047
600.91	0.047
601.11	0.047
601.30	0.046
601.50	0.047
601.69	0.047
601.89	0.047
602.08	0.047
602.27	0.047
602.47	0.047
602.66	0.047
602.86	0.047
603.05	0.047
603.25	0.048
603.44	0.048
603.64	0.048
603.83	0.048
604.03	0.047
604.22	0.047
604.41	0.047
604.61	0.048
604.80	0.047
605.00	0.047
605.19	0.047
605.39	0.047
605.58	0.047
605.78	0.047
605.97	0.047
606.16	0.047
606.36	0.047
606.55	0.047
606.75	0.048
606.94	0.047
607.14	0.047
607.33	0.047
607.52	0.047
607.72	0.047
607.91	0.047
608.11	0.047
608.30	0.047
608.50	0.047
608.69	0.046
608.88	0.047
609.08	0.047
609.27	0.046
609.47	0.047
609.66	0.047
609.85	0.046
610.05	0.046
610.24	0.046
610.44	0.047
610.63	0.046
610.83	0.046
611.02	0.046
611.21	0.045
611.41	0.045
611.60	0.045
611.80	0.046
611.99	0.045
612.18	0.045
612.38	0.045
612.57	0.045
612.76	0.046
612.96	0.046
613.15	0.046
613.35	0.046
613.54	0.046
613.73	0.047
613.93	0.047
614.12	0.046
614.32	0.046
614.51	0.046
614.70	0.046
614.90	0.046
615.09	0.046
615.28	0.046
615.48	0.046
615.67	0.045
615.86	0.046
616.06	0.046
616.25	0.046
616.45	0.045
616.64	0.045
616.83	0.045
617.03	0.045
617.22	0.045
617.41	0.045
617.61	0.045
617.80	0.045
617.99	0.045
618.19	0.045
618.38	0.045
618.57	0.045
618.77	0.044
618.96	0.044
619.15	0.044
619.35	0.044
619.54	0.044
619.73	0.044
619.93	0.044
620.12	0.044
620.31	0.044
620.51	0.045
620.70	0.045
620.89	0.045
621.09	0.046
621.28	0.046
621.47	0.046
621.67	0.045
621.86	0.045
622.05	0.045
622.25	0.045
622.44	0.045
622.63	0.045
622.83	0.045
623.02	0.045
623.21	0.045
623.41	0.045
623.60	0.045
623.79	0.045
623.98	0.045
624.18	0.046
624.37	0.046
624.56	0.045
624.76	0.045
624.95	0.045
625.14	0.045
625.33	0.045
625.53	0.045
625.72	0.045
625.91	0.044
626.11	0.044
626.30	0.045
626.49	0.045
626.68	0.045
626.88	0.044
627.07	0.045
627.26	0.044
627.46	0.044
627.65	0.044
627.84	0.044
628.03	0.044
628.23	0.044
628.42	0.044
628.61	0.045
628.80	0.045
629.00	0.045
629.19	0.045
629.38	0.045
629.58	0.045
629.77	0.045
629.96	0.045
630.15	0.045
630.35	0.044
630.54	0.044
630.73	0.044
630.92	0.044
631.12	0.044
631.31	0.044
631.50	0.044
631.69	0.044
631.89	0.043
632.08	0.044
632.27	0.044
632.46	0.044
632.65	0.044
632.85	0.044
633.04	0.043
633.23	0.043
633.42	0.043
633.62	0.043
633.81	0.043
634.00	0.043
634.19	0.042
634.39	0.043
634.58	0.043
634.77	0.043
634.96	0.043
635.15	0.043
635.35	0.043
635.54	0.043
635.73	0.043
635.92	0.043
636.11	0.043
636.31	0.043
636.50	0.043
636.69	0.043
636.88	0.044
637.07	0.044
637.27	0.044
637.46	0.043
637.65	0.043
637.84	0.043
638.03	0.043
638.23	0.043
638.42	0.042
638.61	0.042
638.80	0.043
638.99	0.043
639.19	0.043
639.38	0.043
639.57	0.043
639.76	0.043
639.95	0.042
640.14	0.042
640.34	0.043
640.53	0.043
640.72	0.043
640.91	0.042
641.10	0.042
641.30	0.042
641.49	0.043
641.68	0.043
641.87	0.043
642.06	0.043
642.25	0.043
642.44	0.043
642.64	0.043
642.83	0.043
643.02	0.044
643.21	0.043
643.40	0.043
643.59	0.042
643.79	0.042
643.98	0.042
644.17	0.043
644.36	0.043
644.55	0.043
644.74	0.042
644.93	0.043
645.13	0.043
645.32	0.043
645.51	0.043
645.70	0.043
645.89	0.043
646.08	0.042
646.27	0.043
646.46	0.043
646.66	0.043
646.85	0.043
647.04	0.043
647.23	0.043
647.42	0.043
647.61	0.043
647.80	0.043
647.99	0.043
648.19	0.043
648.38	0.043
648.57	0.043
648.76	0.043
648.95	0.044
649.14	0.043
649.33	0.043
649.52	0.044
649.71	0.043
649.91	0.044
650.10	0.043
650.29	0.043
650.48	0.043
650.67	0.043
650.86	0.043
651.05	0.043
651.24	0.043
651.43	0.043
651.62	0.043
651.81	0.043
652.01	0.043
652.20	0.043
652.39	0.044
652.58	0.043
652.77	0.043
652.96	0.043
653.15	0.043
653.34	0.043
653.53	0.043
653.72	0.043
653.91	0.044
654.10	0.044
654.29	0.044
654.48	0.045
654.68	0.044
654.87	0.045
655.06	0.044
655.25	0.045
655.44	0.045
655.63	0.045
655.82	0.044
656.01	0.044
656.20	0.043
656.39	0.043
656.58	0.043
656.77	0.043
656.96	0.043
657.15	0.042
657.34	0.042
657.53	0.042
657.72	0.042
657.91	0.042
658.10	0.042
658.29	0.042
658.48	0.042
658.68	0.042
658.87	0.043
659.06	0.043
659.25	0.043
659.44	0.043
659.63	0.043
659.82	0.043
660.01	0.043
660.20	0.043
660.39	0.043
660.58	0.043
660.77	0.042
660.96	0.042
661.15	0.042
661.34	0.042
661.53	0.043
661.72	0.042
661.91	0.042
662.10	0.042
662.29	0.042
662.48	0.042
662.67	0.042
662.86	0.042
663.05	0.043
663.24	0.043
663.43	0.043
663.62	0.042
663.81	0.042
664.00	0.042
664.19	0.042
664.38	0.042
664.57	0.043
664.76	0.042
664.95	0.042
665.14	0.042
665.33	0.042
665.52	0.043
665.71	0.043
665.90	0.042
666.09	0.043
666.28	0.043
666.46	0.043
666.65	0.043
666.84	0.043
667.03	0.044
667.22	0.044
667.41	0.044
667.60	0.043
667.79	0.043
667.98	0.043
668.17	0.043
668.36	0.042
668.55	0.042
668.74	0.042
668.93	0.042
669.12	0.042
669.31	0.042
669.50	0.042
669.69	0.042
669.88	0.042
670.07	0.042
670.26	0.042
670.44	0.042
670.63	0.042
670.82	0.043
671.01	0.043
671.20	0.043
671.39	0.043
671.58	0.043
671.77	0.043
671.96	0.043
672.15	0.042
672.34	0.042
672.53	0.042
672.72	0.041
672.91	0.041
673.09	0.042
673.28	0.041
673.47	0.041
673.66	0.042
673.85	0.042
674.04	0.042
674.23	0.042
674.42	0.042
674.61	0.042
674.80	0.042
674.98	0.042
675.17	0.042
675.36	0.042
675.55	0.042
675.74	0.042
675.93	0.042
676.12	0.042
676.31	0.042
676.50	0.043
676.69	0.043
676.87	0.043
677.06	0.043
677.25	0.043
677.44	0.043
677.63	0.042
677.82	0.042
678.01	0.042
678.20	0.042
678.38	0.042
678.57	0.042
678.76	0.042
678.95	0.042
679.14	0.042
679.33	0.042
679.52	0.042
679.71	0.042
679.89	0.042
680.08	0.042
680.27	0.041
680.46	0.042
680.65	0.042
680.84	0.042
681.02	0.042
681.21	0.042
681.40	0.042
681.59	0.042
681.78	0.042
681.97	0.043
682.16	0.042
682.34	0.042
682.53	0.043
682.72	0.043
682.91	0.043
683.10	0.043
683.29	0.043
683.47	0.043
683.66	0.043
683.85	0.044
684.04	0.044
684.23	0.043
684.42	0.044
684.60	0.044
684.79	0.044
684.98	0.044
685.17	0.044
685.36	0.044
685.54	0.044
685.73	0.044
685.92	0.044
686.11	0.044
686.30	0.043
686.49	0.043
686.67	0.042
686.86	0.042
687.05	0.042
687.24	0.041
687.43	0.041
687.61	0.041
687.80	0.041
687.99	0.041
688.18	0.041
688.36	0.042
688.55	0.042
688.74	0.041
688.93	0.042
689.12	0.042
689.30	0.042
689.49	0.041
689.68	0.042
689.87	0.042
690.06	0.042
690.24	0.042
690.43	0.042
690.62	0.042
690.81	0.043
690.99	0.043
691.18	0.043
691.37	0.043
691.56	0.043
691.74	0.043
691.93	0.042
692.12	0.042
692.31	0.042
692.50	0.042
692.68	0.042
692.87	0.042
693.06	0.042
693.25	0.042
693.43	0.042
693.62	0.043
693.81	0.043
694.00	0.043
694.18	0.043
694.37	0.043
694.56	0.043
694.74	0.043
694.93	0.043
695.12	0.043
695.31	0.042
695.49	0.042
695.68	0.043
695.87	0.043
696.06	0.042
696.24	0.042
696.43	0.043
696.62	0.042
696.80	0.043
696.99	0.043
697.18	0.043
697.37	0.042
697.55	0.042
697.74	0.042
697.93	0.043
698.12	0.043
698.30	0.042
698.49	0.042
698.68	0.042
698.86	0.042
699.05	0.042
699.24	0.042
699.42	0.042
699.61	0.041
699.80	0.041
699.99	0.041
700.17	0.040
700.36	0.041
700.55	0.041
700.73	0.040
700.92	0.040
701.11	0.041
701.29	0.042
701.48	0.042
701.67	0.042
701.85	0.043
702.04	0.042
702.23	0.042
702.41	0.042
702.60	0.043
702.79	0.043
702.97	0.042
703.16	0.042
703.35	0.043
703.53	0.043
703.72	0.043
703.91	0.043
704.09	0.043
704.28	0.043
704.47	0.043
704.65	0.043
704.84	0.042
705.03	0.042
705.21	0.042
705.40	0.042
705.59	0.043
705.77	0.043
705.96	0.043
706.15	0.043
706.33	0.044
706.52	0.044
706.71	0.044
706.89	0.044
707.08	0.043
707.26	0.043
707.45	0.043
707.64	0.042
707.82	0.043
708.01	0.042
708.20	0.042
708.38	0.043
708.57	0.043
708.75	0.043
708.94	0.042
709.13	0.043
709.31	0.043
709.50	0.043
709.69	0.043
709.87	0.043
710.06	0.043
710.24	0.043
710.43	0.042
710.62	0.042
710.80	0.042
710.99	0.042
711.17	0.042
711.36	0.041
711.55	0.042
711.73	0.042
711.92	0.042
712.10	0.042
712.29	0.043
712.48	0.043
712.66	0.043
712.85	0.044
713.03	0.043
713.22	0.043
713.40	0.043
713.59	0.043
713.78	0.043
713.96	0.042
714.15	0.043
714.33	0.043
714.52	0.042
714.71	0.042
714.89	0.042
715.08	0.042
715.26	0.042
715.45	0.042
715.63	0.042
715.82	0.042
716.00	0.042
716.19	0.042
716.38	0.042
716.56	0.042
716.75	0.042
716.93	0.042
717.12	0.042
717.30	0.042
717.49	0.042
717.67	0.043
717.86	0.042
718.05	0.042
718.23	0.043
718.42	0.043
718.60	0.042
718.79	0.042
718.97	0.042
719.16	0.041
719.34	0.041
719.53	0.041
719.71	0.042
719.90	0.042
720.08	0.042
720.27	0.042
720.45	0.043
720.64	0.043
720.83	0.044
721.01	0.044
721.20	0.044
721.38	0.044
721.57	0.044
721.75	0.044
721.94	0.044
722.12	0.044
722.31	0.044
722.49	0.043
722.68	0.043
722.86	0.043
723.05	0.042
723.23	0.042
723.42	0.042
723.60	0.042
723.79	0.042
723.97	0.042
724.16	0.043
724.34	0.043
724.53	0.043
724.71	0.043
724.90	0.043
725.08	0.042
725.27	0.042
725.45	0.043
725.64	0.042
725.82	0.042
726.00	0.041
726.19	0.042
726.37	0.041
726.56	0.041
726.74	0.041
726.93	0.042
727.11	0.042
727.30	0.042
727.48	0.042
727.67	0.042
727.85	0.042
728.04	0.042
728.22	0.042
728.40	0.042
728.59	0.042
728.77	0.042
728.96	0.042
729.14	0.042
729.33	0.042
729.51	0.042
729.70	0.043
729.88	0.043
730.07	0.043
730.25	0.043
730.43	0.043
730.62	0.043
730.80	0.043
730.99	0.043
731.17	0.043
731.36	0.043
731.54	0.042
731.72	0.042
731.91	0.042
732.09	0.042
732.28	0.042
732.46	0.042
732.65	0.042
732.83	0.042
733.01	0.042
733.20	0.042
733.38	0.042
733.57	0.042
733.75	0.042
733.93	0.042
734.12	0.043
734.30	0.043
734.49	0.043
734.67	0.043
734.85	0.043
735.04	0.043
735.22	0.043
735.41	0.043
735.59	0.043
735.77	0.043
735.96	0.043
736.14	0.043
736.33	0.043
736.51	0.043
736.69	0.043
736.88	0.042
737.06	0.042
737.25	0.042
737.43	0.042
737.61	0.042
737.80	0.042
737.98	0.042
738.16	0.042
738.35	0.042
738.53	0.043
738.71	0.043
738.90	0.043
739.08	0.043
739.27	0.043
739.45	0.043
739.63	0.043
739.82	0.043
740.00	0.043
740.18	0.043
740.37	0.043
740.55	0.043
740.73	0.043
740.92	0.042
741.10	0.042
741.28	0.042
741.47	0.042
741.65	0.042
741.83	0.042
742.02	0.042
742.20	0.042
742.38	0.042
742.57	0.042
742.75	0.042
742.93	0.042
743.12	0.043
743.30	0.043
743.48	0.042
743.67	0.042
743.85	0.041
744.03	0.041
744.22	0.042
744.40	0.042
744.58	0.042
744.77	0.042
744.95	0.042
745.13	0.042
745.32	0.042
745.50	0.042
745.68	0.042
745.87	0.042
746.05	0.042
746.23	0.042
746.41	0.042
746.60	0.041
746.78	0.042
746.96	0.042
747.15	0.042
747.33	0.042
747.51	0.042
747.70	0.042
747.88	0.042
748.06	0.043
748.24	0.043
748.43	0.043
748.61	0.043
748.79	0.043
748.97	0.043
749.16	0.043
749.34	0.043
749.52	0.042
749.71	0.042
749.89	0.042
750.07	0.042
750.25	0.042
750.44	0.042
750.62	0.042
750.80	0.042
750.98	0.042
751.17	0.042
751.35	0.042
751.53	0.042
751.71	0.043
751.90	0.043
752.08	0.042
752.26	0.042
752.44	0.042
752.63	0.042
752.81	0.042
752.99	0.042
753.17	0.042
753.36	0.042
753.54	0.043
753.72	0.043
753.90	0.043
754.09	0.043
754.27	0.043
754.45	0.043
754.63	0.043
754.82	0.043
755.00	0.043
755.18	0.043
755.36	0.043
755.54	0.043
755.73	0.043
755.91	0.043
756.09	0.043
756.27	0.043
756.45	0.043
756.64	0.043
756.82	0.043
757.00	0.044
757.18	0.044
757.37	0.044
757.55	0.044
757.73	0.044
757.91	0.043
758.09	0.043
758.27	0.044
758.46	0.044
758.64	0.044
758.82	0.044
759.00	0.044
759.18	0.044
759.37	0.044
759.55	0.044
759.73	0.044
759.91	0.045
760.09	0.044
760.28	0.044
760.46	0.043
760.64	0.044
760.82	0.044
761.00	0.044
761.18	0.044
761.37	0.044
761.55	0.043
761.73	0.043
761.91	0.043
762.09	0.044
762.27	0.043
762.46	0.043
762.64	0.043
762.82	0.043
763.00	0.043
763.18	0.043
763.36	0.043
763.54	0.043
763.73	0.043
763.91	0.043
764.09	0.043
764.27	0.043
764.45	0.043
764.63	0.043
764.81	0.043
765.00	0.043
765.18	0.043
765.36	0.043
765.54	0.043
765.72	0.043
765.90	0.043
766.08	0.043
766.27	0.044
766.45	0.044
766.63	0.044
766.81	0.044
766.99	0.044
767.17	0.043
767.35	0.043
767.53	0.044
767.71	0.044
767.90	0.043
768.08	0.043
768.26	0.043
768.44	0.043
768.62	0.043
768.80	0.043
768.98	0.043
769.16	0.042
769.34	0.042
769.52	0.042
769.71	0.042
769.89	0.042
770.07	0.042
770.25	0.042
770.43	0.043
770.61	0.043
770.79	0.042
770.97	0.042
771.15	0.042
771.33	0.042
771.51	0.042
771.69	0.042
771.88	0.042
772.06	0.041
772.24	0.042
772.42	0.042
772.60	0.042
772.78	0.042
772.96	0.043
773.14	0.043
773.32	0.043
773.50	0.043
773.68	0.043
773.86	0.043
774.04	0.043
774.22	0.042
774.40	0.042
774.58	0.042
774.77	0.043
774.95	0.043
775.13	0.043
775.31	0.042
775.49	0.042
775.67	0.042
775.85	0.042
776.03	0.043
776.21	0.042
776.39	0.042
776.57	0.042
776.75	0.042
776.93	0.042
777.11	0.042
777.29	0.042
777.47	0.042
777.65	0.042
777.83	0.042
778.01	0.042
778.19	0.043
778.37	0.043
778.55	0.043
778.73	0.042
778.91	0.042
779.09	0.042
779.27	0.042
779.45	0.042
779.63	0.042
779.81	0.042
779.99	0.042
780.17	0.042
780.35	0.043
780.53	0.043
780.71	0.043
780.89	0.043
781.07	0.043
781.25	0.043
781.43	0.044
781.61	0.043
781.79	0.044
781.97	0.043
782.15	0.043
782.33	0.044
782.51	0.043
782.69	0.043
782.87	0.043
783.05	0.043
783.23	0.044
783.41	0.043
783.59	0.043
783.77	0.043
783.95	0.043
784.13	0.043
784.31	0.043
784.49	0.043
784.67	0.043
784.85	0.043
785.03	0.043
785.21	0.043
785.38	0.043
785.56	0.043
785.74	0.043
785.92	0.043
786.10	0.043
786.28	0.043
786.46	0.043
786.64	0.042
786.82	0.042
787.00	0.042
787.18	0.043
787.36	0.042
787.54	0.043
787.72	0.043
787.90	0.043
788.08	0.043
788.25	0.043
788.43	0.043
788.61	0.043
788.79	0.043
788.97	0.042
789.15	0.043
789.33	0.043
789.51	0.042
789.69	0.042
789.87	0.043
790.05	0.042
790.23	0.042
790.40	0.043
790.58	0.043
790.76	0.042
790.94	0.043
791.12	0.042
791.30	0.042
791.48	0.042
791.66	0.042
791.84	0.043
792.02	0.043
792.19	0.042
792.37	0.043
792.55	0.043
792.73	0.043
792.91	0.043
793.09	0.043
793.27	0.043
793.45	0.043
793.63	0.043
793.80	0.043
793.98	0.044
794.16	0.044
794.34	0.044
794.52	0.044
794.70	0.044
794.88	0.044
795.05	0.044
795.23	0.044
795.41	0.044
795.59	0.044
795.77	0.043
795.95	0.043
796.13	0.043
796.30	0.042
796.48	0.042
796.66	0.042
796.84	0.042
797.02	0.041
797.20	0.042
797.38	0.042
797.55	0.042
797.73	0.042
797.91	0.043
798.09	0.043
798.27	0.043
798.45	0.043
798.62	0.044
798.80	0.043
798.98	0.043
799.16	0.043
799.34	0.043
799.52	0.043
799.69	0.042
799.87	0.043
800.05	0.043
800.23	0.043
800.41	0.043
800.58	0.043
800.76	0.043
800.94	0.043
801.12	0.042
801.30	0.043
801.47	0.042
801.65	0.042
801.83	0.042
802.01	0.042
802.19	0.042
802.36	0.042
802.54	0.042
802.72	0.042
802.90	0.042
803.08	0.042
803.25	0.042
803.43	0.042
803.61	0.042
803.79	0.042
803.97	0.042
804.14	0.042
804.32	0.042
804.50	0.043
804.68	0.043
804.85	0.043
805.03	0.043
805.21	0.043
805.39	0.043
805.56	0.043
805.74	0.043
805.92	0.044
806.10	0.043
806.28	0.043
806.45	0.043
806.63	0.043
806.81	0.043
806.99	0.043
807.16	0.043
807.34	0.043
807.52	0.043
807.70	0.043
807.87	0.044
808.05	0.043
808.23	0.043
808.41	0.043
808.58	0.043
808.76	0.043
808.94	0.042
809.11	0.042
809.29	0.042
809.47	0.043
809.65	0.043
809.82	0.042
810.00	0.043
810.18	0.043
810.36	0.043
810.53	0.043
810.71	0.043
810.89	0.043
811.06	0.042
811.24	0.043
811.42	0.043
811.60	0.043
811.77	0.043
811.95	0.043
812.13	0.043
812.30	0.043
812.48	0.043
812.66	0.043
812.83	0.043
813.01	0.043
813.19	0.043
813.37	0.042
813.54	0.042
813.72	0.043
813.90	0.042
814.07	0.043
814.25	0.043
814.43	0.043
814.60	0.042
814.78	0.043
814.96	0.043
815.13	0.044
815.31	0.044
815.49	0.043
815.66	0.043
815.84	0.043
816.02	0.043
816.19	0.044
816.37	0.044
816.55	0.044
816.72	0.043
816.90	0.043
817.08	0.043
817.25	0.043
817.43	0.042
817.61	0.042
817.78	0.042
817.96	0.042
818.14	0.042
818.31	0.042
818.49	0.042
818.67	0.043
818.84	0.043
819.02	0.044
819.19	0.044
819.37	0.044
819.55	0.044
819.72	0.044
819.90	0.045
820.08	0.045
820.25	0.044
820.43	0.044
820.60	0.044
820.78	0.044
820.96	0.044
821.13	0.044
821.31	0.043
821.49	0.043
821.66	0.043
821.84	0.043
822.01	0.044
822.19	0.043
822.37	0.043
822.54	0.043
822.72	0.044
822.89	0.044
823.07	0.045
823.25	0.044
823.42	0.044
823.60	0.044
823.77	0.044
823.95	0.044
824.13	0.044
824.30	0.044
824.48	0.043
824.65	0.043
824.83	0.043
825.01	0.043
825.18	0.043
825.36	0.043
825.53	0.043
825.71	0.043
825.88	0.043
826.06	0.043
826.24	0.043
826.41	0.044
826.59	0.044
826.76	0.044
826.94	0.044
827.11	0.043
827.29	0.044
827.47	0.044
827.64	0.043
827.82	0.043
827.99	0.043
828.17	0.043
828.34	0.043
828.52	0.043
828.69	0.043
828.87	0.043
829.04	0.043
829.22	0.043
829.40	0.043
829.57	0.043
829.75	0.042
829.92	0.042
830.10	0.042
830.27	0.042
830.45	0.042
830.62	0.042
830.80	0.042
830.97	0.041
831.15	0.041
831.32	0.042
831.50	0.042
831.67	0.042
831.85	0.041
832.02	0.041
832.20	0.042
832.37	0.041
832.55	0.042
832.73	0.042
832.90	0.041
833.08	0.042
833.25	0.042
833.43	0.042
833.60	0.042
833.78	0.041
833.95	0.042
834.13	0.042
834.30	0.042
834.48	0.041
834.65	0.042
834.82	0.042
835.00	0.041
835.17	0.042
835.35	0.042
835.52	0.042
835.70	0.042
835.87	0.043
836.05	0.043
836.22	0.043
836.40	0.042
836.57	0.042
836.75	0.042
836.92	0.042
837.10	0.041
837.27	0.041
837.45	0.041
837.62	0.041
837.80	0.041
837.97	0.042
838.14	0.042
838.32	0.042
838.49	0.043
838.67	0.043
838.84	0.044
839.02	0.044
839.19	0.044
839.37	0.044
839.54	0.043
839.71	0.043
839.89	0.043
840.06	0.043
840.24	0.043
840.41	0.043
840.59	0.042
840.76	0.042
840.94	0.043
841.11	0.043
841.28	0.043
841.46	0.043
841.63	0.042
841.81	0.042
841.98	0.043
842.15	0.043
842.33	0.043
842.50	0.042
842.68	0.043
842.85	0.043
843.03	0.043
843.20	0.043
843.37	0.043
843.55	0.043
843.72	0.043
843.90	0.043
844.07	0.042
844.24	0.042
844.42	0.042
844.59	0.042
844.77	0.042
844.94	0.042
845.11	0.042
845.29	0.042
845.46	0.042
845.63	0.042
845.81	0.042
845.98	0.042
846.16	0.041
846.33	0.041
846.50	0.041
846.68	0.040
846.85	0.040
847.02	0.040
847.20	0.040
847.37	0.040
847.55	0.041
847.72	0.041
847.89	0.041
848.07	0.041
848.24	0.042
848.41	0.042
848.59	0.042
848.76	0.043
848.93	0.043
849.11	0.043
849.28	0.043
849.45	0.042
849.63	0.043
849.80	0.042
849.97	0.042
850.15	0.041
850.32	0.042
850.49	0.041
850.67	0.041
850.84	0.041
851.01	0.042
851.19	0.042
851.36	0.041
851.53	0.042
851.71	0.042
851.88	0.042
852.05	0.042
852.23	0.042
852.40	0.043
852.57	0.043
852.75	0.043
852.92	0.043
853.09	0.043
853.27	0.044
853.44	0.044
853.61	0.044
853.79	0.044
853.96	0.044
854.13	0.043
854.30	0.044
854.48	0.044
854.65	0.044
854.82	0.044
855.00	0.044
855.17	0.044
855.34	0.044
855.51	0.044
855.69	0.045
855.86	0.044
856.03	0.043
856.21	0.043
856.38	0.043
856.55	0.043
856.72	0.044
856.90	0.044
857.07	0.044
857.24	0.044
857.42	0.044
857.59	0.044
857.76	0.044
857.93	0.045
858.11	0.045
858.28	0.044
858.45	0.044
858.62	0.044
858.80	0.044
858.97	0.045
859.14	0.045
859.31	0.045
859.49	0.044
859.66	0.044
859.83	0.044
860.00	0.044
860.18	0.044
860.35	0.044
860.52	0.044
860.69	0.044
860.86	0.044
861.04	0.045
861.21	0.045
861.38	0.045
861.55	0.045
861.73	0.045
861.90	0.045
862.07	0.045
862.24	0.045
862.42	0.046
862.59	0.046
862.76	0.046
862.93	0.046
863.10	0.045
863.28	0.045
863.45	0.046
863.62	0.046
863.79	0.046
863.96	0.046
864.14	0.046
864.31	0.047
864.48	0.047
864.65	0.047
864.82	0.048
865.00	0.048
865.17	0.048
865.34	0.048
865.51	0.047
865.68	0.047
865.86	0.047
866.03	0.048
866.20	0.047
866.37	0.047
866.54	0.047
866.71	0.048
866.89	0.049
867.06	0.050
867.23	0.050
867.40	0.050
867.57	0.049
867.74	0.049
867.92	0.049
868.09	0.049
868.26	0.048
868.43	0.047
868.60	0.047
868.77	0.047
868.95	0.047
869.12	0.049
869.29	0.049
869.46	0.049
869.63	0.049
869.80	0.048
869.97	0.049
870.15	0.048
870.32	0.048
870.49	0.048
870.66	0.049
870.83	0.049
871.00	0.050
871.17	0.050
871.34	0.051
871.52	0.050
871.69	0.051
871.86	0.052
872.03	0.052
872.20	0.051
872.37	0.051
872.54	0.051
872.71	0.050
872.89	0.050
873.06	0.050
873.23	0.050
873.40	0.050
873.57	0.050
873.74	0.051
873.91	0.052
874.08	0.051
874.25	0.052
874.42	0.052
874.60	0.052
874.77	0.052
874.94	0.052
875.11	0.052
875.28	0.051
875.45	0.052
875.62	0.052
875.79	0.052
875.96	0.052
876.13	0.052
876.30	0.052
876.47	0.052
876.65	0.053
876.82	0.052
876.99	0.052
877.16	0.053
877.33	0.053
877.50	0.054
877.67	0.055
877.84	0.054
878.01	0.055
878.18	0.054
878.35	0.055
878.52	0.054
878.69	0.054
878.86	0.053
879.03	0.053
879.20	0.052
879.38	0.053
879.55	0.053
879.72	0.053
879.89	0.052
880.06	0.052
880.23	0.053
880.40	0.053
880.57	0.053
880.74	0.053
880.91	0.053
881.08	0.054
881.25	0.054
881.42	0.054
881.59	0.054
881.76	0.053
881.93	0.053
882.10	0.054
882.27	0.054
882.44	0.054
882.61	0.053
882.78	0.054
882.95	0.055
883.12	0.055
883.29	0.055
883.46	0.055
883.63	0.055
883.80	0.054
883.97	0.055
884.14	0.054
884.31	0.054
884.48	0.054
884.65	0.054
884.82	0.054
884.99	0.054
885.16	0.055
885.33	0.056
885.50	0.056
885.67	0.057
885.84	0.058
886.01	0.058
886.18	0.057
886.35	0.058
886.52	0.058
886.69	0.057
886.86	0.057
887.03	0.056
887.20	0.056
887.37	0.056
887.54	0.056
887.71	0.056
887.88	0.055
888.05	0.054
888.22	0.055
888.39	0.055
888.55	0.055
888.72	0.055
888.89	0.055
889.06	0.055
889.23	0.055
889.40	0.056
889.57	0.056
889.74	0.056
889.91	0.055
890.08	0.055
890.25	0.055
890.42	0.054
890.59	0.055
890.76	0.055
890.93	0.055
891.10	0.056
891.26	0.056
891.43	0.055
891.60	0.056
891.77	0.056
891.94	0.055
892.11	0.057
892.28	0.057
892.45	0.057
892.62	0.057
892.79	0.056
892.96	0.058
893.13	0.057
893.29	0.058
893.46	0.058
893.63	0.057
893.80	0.056
893.97	0.057
894.14	0.056
894.31	0.056
894.48	0.057
894.65	0.064
894.81	0.046
894.98	0.062
