177.34	-0.395
177.56	-0.395
177.78	-0.395
178.00	-0.247
178.22	-0.000
178.44	-0.000
178.66	-0.000
178.89	0.974
179.11	-0.000
179.33	1.302
179.55	-0.000
179.77	-0.689
179.99	-0.855
180.21	-0.471
180.43	-0.000
180.65	-0.000
180.87	-0.000
181.09	0.836
181.31	0.903
181.53	0.647
181.75	0.585
181.97	0.593
182.19	0.544
182.41	0.567
182.63	0.550
182.85	0.550
183.07	0.497
183.30	0.470
183.52	0.474
183.74	0.491
183.96	0.456
184.18	0.493
184.40	0.517
184.62	0.490
184.84	0.486
185.06	0.536
185.28	0.546
185.50	0.613
185.72	0.655
185.94	0.685
186.16	0.676
186.38	0.606
186.60	0.691
186.82	0.707
187.04	0.707
187.26	0.758
187.48	0.796
187.70	0.846
187.92	0.842
188.14	0.901
188.36	0.989
188.58	0.975
188.80	0.968
189.02	0.993
189.24	1.051
189.46	1.015
189.68	0.996
189.90	1.047
190.12	1.064
190.34	1.028
190.56	1.052
190.78	1.077
191.00	1.104
191.22	1.114
191.44	1.124
191.66	1.153
191.88	1.156
192.10	1.135
192.32	1.204
192.54	1.224
192.76	1.221
192.98	1.199
193.20	1.215
193.42	1.224
193.64	1.213
193.86	1.239
194.08	1.232
194.30	1.261
194.52	1.289
194.74	1.334
194.96	1.368
195.18	1.343
195.40	1.381
195.62	1.446
195.84	1.435
196.06	1.491
196.28	1.465
196.50	1.465
196.72	1.445
196.94	1.442
197.16	1.496
197.38	1.458
197.60	1.440
197.82	1.484
198.04	1.497
198.26	1.555
198.48	1.538
198.70	1.580
198.92	1.600
199.13	1.580
199.35	1.627
199.57	1.638
199.79	1.574
200.01	1.577
200.23	1.550
200.45	1.574
200.67	1.584
200.89	1.623
201.11	1.680
201.33	1.689
201.55	1.694
201.77	1.739
201.99	1.742
202.21	1.745
202.43	1.767
202.65	1.794
202.87	1.786
203.09	1.778
203.31	1.803
203.52	1.816
203.74	1.895
203.96	1.906
204.18	1.919
204.40	1.910
204.62	1.884
204.84	1.901
205.06	1.872
205.28	1.865
205.50	1.883
205.72	1.848
205.94	1.833
206.16	1.867
206.38	1.828
206.59	1.836
206.81	1.853
207.03	1.881
207.25	1.873
207.47	1.917
207.69	1.965
207.91	1.968
208.13	1.917
208.35	1.937
208.57	1.959
208.79	1.939
209.01	1.914
209.22	1.947
209.44	1.893
209.66	1.868
209.88	1.915
210.10	1.989
210.32	2.023
210.54	2.019
210.76	2.027
210.98	2.087
211.20	2.113
211.42	2.097
211.63	2.112
211.85	2.061
212.07	2.061
212.29	2.045
212.51	2.070
212.73	2.042
212.95	2.019
213.17	1.975
213.39	1.997
213.60	1.985
213.82	2.024
214.04	2.002
214.26	2.027
214.48	2.015
214.70	2.050
214.92	2.076
215.14	2.086
215.35	2.087
215.57	2.117
215.79	2.117
216.01	2.122
216.23	2.149
216.45	2.135
216.67	2.123
216.89	2.107
217.10	2.138
217.32	2.128
217.54	2.138
217.76	2.125
217.98	2.129
218.20	2.126
218.42	2.138
218.64	2.128
218.85	2.157
219.07	2.166
219.29	2.214
219.51	2.215
219.73	2.201
219.95	2.189
220.17	2.222
220.38	2.284
220.60	2.329
220.82	2.335
221.04	2.348
221.26	2.304
221.48	2.314
221.69	2.391
221.91	2.422
222.13	2.345
222.35	2.321
222.57	2.331
222.79	2.317
223.00	2.298
223.22	2.316
223.44	2.335
223.66	2.290
223.88	2.295
224.10	2.309
224.32	2.304
224.53	2.330
224.75	2.361
224.97	2.399
225.19	2.400
225.41	2.379
225.62	2.415
225.84	2.436
226.06	2.464
226.28	2.465
226.50	2.410
226.72	2.395
226.93	2.370
227.15	2.381
227.37	2.365
227.59	2.356
227.81	2.364
228.02	2.359
228.24	2.380
228.46	2.398
228.68	2.416
228.90	2.433
229.12	2.457
229.33	2.482
229.55	2.488
229.77	2.452
229.99	2.469
230.21	2.464
230.42	2.463
230.64	2.456
230.86	2.443
231.08	2.427
231.30	2.428
231.51	2.421
231.73	2.408
231.95	2.393
232.17	2.424
232.38	2.421
232.60	2.395
232.82	2.387
233.04	2.378
233.26	2.363
233.47	2.368
233.69	2.381
233.91	2.377
234.13	2.337
234.35	2.341
234.56	2.344
234.78	2.335
235.00	2.322
235.22	2.313
235.43	2.287
235.65	2.261
235.87	2.238
236.09	2.220
236.30	2.194
236.52	2.175
236.74	2.168
236.96	2.160
237.18	2.147
237.39	2.133
237.61	2.110
237.83	2.098
238.05	2.073
238.26	2.061
238.48	2.047
238.70	2.029
238.92	2.006
239.13	1.987
239.35	1.973
239.57	1.965
239.79	1.953
240.00	1.944
240.22	1.925
240.44	1.910
240.66	1.889
240.87	1.877
241.09	1.854
241.31	1.834
241.53	1.817
241.74	1.796
241.96	1.775
242.18	1.760
242.40	1.740
242.61	1.727
242.83	1.713
243.05	1.703
243.27	1.695
243.48	1.681
243.70	1.673
243.92	1.661
244.13	1.650
244.35	1.638
244.57	1.625
244.79	1.612
245.00	1.600
245.22	1.587
245.44	1.578
245.65	1.564
245.87	1.553
246.09	1.540
246.31	1.531
246.52	1.523
246.74	1.512
246.96	1.502
247.18	1.490
247.39	1.481
247.61	1.470
247.83	1.460
248.04	1.452
248.26	1.445
248.48	1.434
248.69	1.425
248.91	1.418
249.13	1.410
249.35	1.403
249.56	1.397
249.78	1.390
250.00	1.383
250.21	1.376
250.43	1.371
250.65	1.363
250.86	1.354
251.08	1.348
251.30	1.340
251.51	1.334
251.73	1.327
251.95	1.320
252.17	1.312
252.38	1.306
252.60	1.302
252.82	1.300
253.03	1.293
253.25	1.289
253.47	1.285
253.68	1.280
253.90	1.277
254.12	1.272
254.33	1.268
254.55	1.263
254.77	1.260
254.98	1.256
255.20	1.253
255.42	1.249
255.63	1.245
255.85	1.240
256.07	1.237
256.28	1.233
256.50	1.229
256.72	1.223
256.93	1.220
257.15	1.216
257.37	1.212
257.58	1.210
257.80	1.211
258.02	1.210
258.23	1.208
258.45	1.206
258.67	1.205
258.88	1.203
259.10	1.200
259.32	1.197
259.53	1.193
259.75	1.188
259.96	1.184
260.18	1.182
260.40	1.178
260.61	1.176
260.83	1.173
261.05	1.172
261.26	1.171
261.48	1.168
261.70	1.168
261.91	1.166
262.13	1.163
262.34	1.161
262.56	1.160
262.78	1.158
262.99	1.155
263.21	1.152
263.43	1.151
263.64	1.148
263.86	1.146
264.07	1.144
264.29	1.143
264.51	1.139
264.72	1.138
264.94	1.136
265.16	1.136
265.37	1.136
265.59	1.135
265.80	1.133
266.02	1.132
266.24	1.129
266.45	1.127
266.67	1.125
266.88	1.123
267.10	1.121
267.32	1.119
267.53	1.116
267.75	1.115
267.96	1.113
268.18	1.112
268.40	1.110
268.61	1.109
268.83	1.107
269.04	1.105
269.26	1.102
269.48	1.100
269.69	1.097
269.91	1.094
270.12	1.092
270.34	1.090
270.56	1.087
270.77	1.084
270.99	1.081
271.20	1.079
271.42	1.078
271.64	1.075
271.85	1.072
272.07	1.070
272.28	1.068
272.50	1.065
272.71	1.061
272.93	1.058
273.15	1.055
273.36	1.050
273.58	1.047
273.79	1.043
274.01	1.038
274.22	1.034
274.44	1.031
274.66	1.027
274.87	1.023
275.09	1.020
275.30	1.017
275.52	1.012
275.73	1.008
275.95	1.005
276.16	1.002
276.38	0.997
276.60	0.994
276.81	0.991
277.03	0.986
277.24	0.982
277.46	0.980
277.67	0.976
277.89	0.973
278.10	0.969
278.32	0.965
278.53	0.961
278.75	0.956
278.97	0.952
279.18	0.947
279.40	0.941
279.61	0.937
279.83	0.932
280.04	0.926
280.26	0.920
280.47	0.915
280.69	0.912
280.90	0.907
281.12	0.902
281.33	0.896
281.55	0.891
281.76	0.886
281.98	0.883
282.20	0.879
282.41	0.873
282.63	0.868
282.84	0.863
283.06	0.859
283.27	0.854
283.49	0.849
283.70	0.844
283.92	0.839
284.13	0.833
284.35	0.829
284.56	0.823
284.78	0.818
284.99	0.812
285.21	0.807
285.42	0.802
285.64	0.797
285.85	0.792
286.07	0.787
286.28	0.781
286.50	0.775
286.71	0.770
286.93	0.765
287.14	0.760
287.36	0.754
287.57	0.749
287.79	0.743
288.00	0.738
288.22	0.733
288.43	0.728
288.65	0.723
288.86	0.717
289.08	0.712
289.29	0.707
289.51	0.702
289.72	0.697
289.94	0.691
290.15	0.686
290.37	0.680
290.58	0.676
290.80	0.670
291.01	0.666
291.22	0.661
291.44	0.656
291.65	0.651
291.87	0.648
292.08	0.644
292.30	0.640
292.51	0.635
292.73	0.631
292.94	0.627
293.16	0.621
293.37	0.616
293.59	0.612
293.80	0.607
294.02	0.602
294.23	0.598
294.44	0.594
294.66	0.589
294.87	0.584
295.09	0.580
295.30	0.576
295.52	0.571
295.73	0.567
295.95	0.562
296.16	0.558
296.37	0.553
296.59	0.549
296.80	0.544
297.02	0.540
297.23	0.536
297.45	0.532
297.66	0.528
297.88	0.525
298.09	0.521
298.30	0.517
298.52	0.513
298.73	0.509
298.95	0.505
299.16	0.501
299.38	0.496
299.59	0.492
299.80	0.488
300.02	0.485
300.23	0.481
300.45	0.477
300.66	0.473
300.88	0.470
301.09	0.467
301.30	0.464
301.52	0.461
301.73	0.457
301.95	0.454
302.16	0.450
302.37	0.447
302.59	0.444
302.80	0.439
303.02	0.436
303.23	0.432
303.45	0.428
303.66	0.424
303.87	0.421
304.09	0.417
304.30	0.414
304.52	0.411
304.73	0.408
304.94	0.405
305.16	0.402
305.37	0.399
305.59	0.397
305.80	0.393
306.01	0.391
306.23	0.388
306.44	0.386
306.65	0.382
306.87	0.379
307.08	0.376
307.30	0.373
307.51	0.370
307.72	0.367
307.94	0.364
308.15	0.361
308.37	0.358
308.58	0.356
308.79	0.353
309.01	0.350
309.22	0.346
309.43	0.343
309.65	0.340
309.86	0.337
310.07	0.334
310.29	0.331
310.50	0.328
310.72	0.325
310.93	0.323
311.14	0.321
311.36	0.319
311.57	0.316
311.78	0.314
312.00	0.311
312.21	0.309
312.42	0.307
312.64	0.305
312.85	0.303
313.07	0.301
313.28	0.298
313.49	0.296
313.71	0.294
313.92	0.292
314.13	0.290
314.35	0.287
314.56	0.286
314.77	0.283
314.99	0.281
315.20	0.280
315.41	0.278
315.63	0.276
315.84	0.274
316.05	0.272
316.27	0.270
316.48	0.268
316.69	0.266
316.91	0.265
317.12	0.263
317.33	0.260
317.55	0.259
317.76	0.258
317.97	0.256
318.19	0.254
318.40	0.253
318.61	0.251
318.83	0.249
319.04	0.248
319.25	0.246
319.47	0.245
319.68	0.243
319.89	0.241
320.10	0.240
320.32	0.238
320.53	0.237
320.74	0.235
320.96	0.234
321.17	0.232
321.38	0.230
321.60	0.230
321.81	0.228
322.02	0.227
322.24	0.225
322.45	0.224
322.66	0.223
322.87	0.222
323.09	0.221
323.30	0.220
323.51	0.218
323.73	0.217
323.94	0.215
324.15	0.214
324.36	0.213
324.58	0.212
324.79	0.211
325.00	0.209
325.22	0.208
325.43	0.207
325.64	0.206
325.85	0.204
326.07	0.204
326.28	0.203
326.49	0.202
326.71	0.201
326.92	0.200
327.13	0.199
327.34	0.198
327.56	0.197
327.77	0.196
327.98	0.195
328.19	0.194
328.41	0.193
328.62	0.191
328.83	0.190
329.04	0.190
329.26	0.189
329.47	0.189
329.68	0.188
329.90	0.187
330.11	0.186
330.32	0.185
330.53	0.185
330.75	0.184
330.96	0.183
331.17	0.182
331.38	0.181
331.60	0.180
331.81	0.179
332.02	0.178
332.23	0.178
332.44	0.177
332.66	0.176
332.87	0.176
333.08	0.175
333.29	0.174
333.51	0.173
333.72	0.172
333.93	0.171
334.14	0.170
334.36	0.170
334.57	0.169
334.78	0.169
334.99	0.169
335.21	0.168
335.42	0.167
335.63	0.166
335.84	0.166
336.05	0.165
336.27	0.165
336.48	0.164
336.69	0.163
336.90	0.162
337.11	0.161
337.33	0.162
337.54	0.161
337.75	0.161
337.96	0.160
338.18	0.159
338.39	0.159
338.60	0.158
338.81	0.157
339.02	0.156
339.24	0.155
339.45	0.155
339.66	0.154
339.87	0.153
340.08	0.153
340.30	0.152
340.51	0.152
340.72	0.151
340.93	0.151
341.14	0.150
341.36	0.150
341.57	0.149
341.78	0.148
341.99	0.148
342.20	0.148
342.41	0.147
342.63	0.147
342.84	0.147
343.05	0.146
343.26	0.145
343.47	0.145
343.69	0.145
343.90	0.144
344.11	0.143
344.32	0.143
344.53	0.142
344.74	0.141
344.96	0.141
345.17	0.140
345.38	0.140
345.59	0.140
345.80	0.138
346.01	0.138
346.23	0.137
346.44	0.137
346.65	0.136
346.86	0.136
347.07	0.136
347.28	0.135
347.50	0.134
347.71	0.134
347.92	0.133
348.13	0.133
348.34	0.132
348.55	0.132
348.76	0.132
348.98	0.131
349.19	0.131
349.40	0.130
349.61	0.130
349.82	0.130
350.03	0.129
350.24	0.128
350.46	0.127
350.67	0.127
350.88	0.127
351.09	0.126
351.30	0.126
351.51	0.126
351.72	0.125
351.93	0.125
352.15	0.125
352.36	0.124
352.57	0.124
352.78	0.123
352.99	0.123
353.20	0.122
353.41	0.122
353.62	0.122
353.84	0.122
354.05	0.122
354.26	0.121
354.47	0.120
354.68	0.119
354.89	0.120
355.10	0.119
355.31	0.119
355.52	0.119
355.74	0.118
355.95	0.118
356.16	0.117
356.37	0.117
356.58	0.117
356.79	0.116
357.00	0.115
357.21	0.115
357.42	0.114
357.63	0.113
357.85	0.113
358.06	0.113
358.27	0.112
358.48	0.112
358.69	0.112
358.90	0.112
359.11	0.111
359.32	0.111
359.53	0.111
359.74	0.111
359.95	0.110
360.17	0.110
360.38	0.110
360.59	0.109
360.80	0.109
361.01	0.109
361.22	0.108
361.43	0.107
361.64	0.107
361.85	0.107
362.06	0.106
362.27	0.106
362.48	0.106
362.69	0.106
362.90	0.105
363.12	0.104
363.33	0.104
363.54	0.104
363.75	0.103
363.96	0.103
364.17	0.103
364.38	0.102
364.59	0.101
364.80	0.102
365.01	0.102
365.22	0.101
365.43	0.101
365.64	0.100
365.85	0.100
366.06	0.100
366.27	0.100
366.48	0.100
366.69	0.100
366.90	0.099
367.11	0.099
367.32	0.099
367.54	0.099
367.75	0.099
367.96	0.098
368.17	0.098
368.38	0.098
368.59	0.097
368.80	0.097
369.01	0.097
369.22	0.096
369.43	0.096
369.64	0.096
369.85	0.096
370.06	0.095
370.27	0.094
370.48	0.094
370.69	0.094
370.90	0.094
371.11	0.093
371.32	0.093
371.53	0.093
371.74	0.092
371.95	0.092
372.16	0.092
372.37	0.092
372.58	0.091
372.79	0.091
373.00	0.091
373.21	0.090
373.42	0.090
373.63	0.090
373.84	0.091
374.05	0.090
374.26	0.090
374.47	0.089
374.68	0.089
374.89	0.089
375.10	0.089
375.31	0.089
375.52	0.088
375.73	0.087
375.94	0.087
376.15	0.087
376.36	0.087
376.57	0.087
376.78	0.087
376.99	0.087
377.20	0.087
377.41	0.087
377.62	0.087
377.83	0.086
378.04	0.086
378.25	0.086
378.46	0.086
378.67	0.086
378.88	0.085
379.09	0.085
379.30	0.085
379.51	0.084
379.72	0.084
379.92	0.084
380.13	0.084
380.34	0.083
380.55	0.083
380.76	0.083
380.97	0.083
381.18	0.083
381.39	0.083
381.60	0.082
381.81	0.082
382.02	0.081
382.23	0.081
382.44	0.081
382.65	0.081
382.86	0.081
383.07	0.080
383.28	0.080
383.49	0.080
383.70	0.080
383.91	0.079
384.11	0.079
384.32	0.078
384.53	0.078
384.74	0.078
384.95	0.078
385.16	0.078
385.37	0.078
385.58	0.079
385.79	0.079
386.00	0.079
386.21	0.079
386.42	0.079
386.63	0.079
386.84	0.079
387.04	0.078
387.25	0.078
387.46	0.078
387.67	0.077
387.88	0.077
388.09	0.077
388.30	0.077
388.51	0.076
388.72	0.076
388.93	0.076
389.14	0.077
389.34	0.076
389.55	0.076
389.76	0.076
389.97	0.076
390.18	0.075
390.39	0.075
390.60	0.075
390.81	0.074
391.02	0.074
391.23	0.074
391.43	0.074
391.64	0.074
391.85	0.074
392.06	0.073
392.27	0.074
392.48	0.074
392.69	0.074
392.90	0.074
393.11	0.074
393.31	0.074
393.52	0.074
393.73	0.074
393.94	0.073
394.15	0.073
394.36	0.073
394.57	0.073
394.78	0.072
394.98	0.072
395.19	0.072
395.40	0.073
395.61	0.072
395.82	0.072
396.03	0.072
396.24	0.072
396.44	0.072
396.65	0.072
396.86	0.072
397.07	0.071
397.28	0.071
397.49	0.071
397.70	0.071
397.90	0.071
398.11	0.071
398.32	0.071
398.53	0.070
398.74	0.070
398.95	0.070
399.16	0.069
399.36	0.069
399.57	0.069
399.78	0.069
399.99	0.069
400.20	0.069
400.41	0.069
400.61	0.070
400.82	0.070
401.03	0.070
401.24	0.070
401.45	0.070
401.66	0.070
401.86	0.070
402.07	0.070
402.28	0.070
402.49	0.070
402.70	0.070
402.91	0.070
403.11	0.071
403.32	0.070
403.53	0.070
403.74	0.070
403.95	0.070
404.15	0.070
404.36	0.070
404.57	0.070
404.78	0.069
404.99	0.069
405.20	0.070
405.40	0.069
405.61	0.068
405.82	0.068
406.03	0.068
406.24	0.068
406.44	0.068
406.65	0.068
406.86	0.068
407.07	0.068
407.28	0.068
407.48	0.068
407.69	0.068
407.90	0.068
408.11	0.068
408.32	0.068
408.52	0.069
408.73	0.068
408.94	0.068
409.15	0.068
409.35	0.068
409.56	0.068
409.77	0.068
409.98	0.067
410.19	0.067
410.39	0.066
410.60	0.065
410.81	0.065
411.02	0.065
411.22	0.065
411.43	0.065
411.64	0.064
411.85	0.064
412.05	0.064
412.26	0.065
412.47	0.065
412.68	0.064
412.89	0.065
413.09	0.065
413.30	0.066
413.51	0.066
413.72	0.066
413.92	0.065
414.13	0.065
414.34	0.066
414.55	0.066
414.75	0.066
414.96	0.066
415.17	0.066
415.38	0.066
415.58	0.066
415.79	0.066
416.00	0.066
416.21	0.066
416.41	0.066
416.62	0.066
416.83	0.066
417.03	0.066
417.24	0.066
417.45	0.066
417.66	0.066
417.86	0.065
418.07	0.065
418.28	0.065
418.49	0.065
418.69	0.065
418.90	0.065
419.11	0.065
419.31	0.065
419.52	0.065
419.73	0.065
419.94	0.065
420.14	0.065
420.35	0.064
420.56	0.064
420.76	0.063
420.97	0.064
421.18	0.063
421.39	0.064
421.59	0.064
421.80	0.064
422.01	0.063
422.21	0.063
422.42	0.063
422.63	0.063
422.84	0.063
423.04	0.062
423.25	0.062
423.46	0.062
423.66	0.062
423.87	0.062
424.08	0.062
424.28	0.063
424.49	0.063
424.70	0.062
424.90	0.062
425.11	0.063
425.32	0.062
425.52	0.062
425.73	0.062
425.94	0.062
426.15	0.061
426.35	0.061
426.56	0.062
426.77	0.062
426.97	0.062
427.18	0.063
427.39	0.062
427.59	0.062
427.80	0.062
428.01	0.063
428.21	0.064
428.42	0.064
428.63	0.064
428.83	0.063
429.04	0.063
429.25	0.063
429.45	0.063
429.66	0.063
429.87	0.063
430.07	0.062
430.28	0.062
430.48	0.062
430.69	0.062
430.90	0.062
431.10	0.062
431.31	0.062
431.52	0.061
431.72	0.061
431.93	0.061
432.14	0.061
432.34	0.061
432.55	0.061
432.76	0.061
432.96	0.061
433.17	0.061
433.37	0.062
433.58	0.062
433.79	0.062
433.99	0.062
434.20	0.062
434.41	0.062
434.61	0.062
434.82	0.062
435.02	0.061
435.23	0.061
435.44	0.061
435.64	0.061
435.85	0.061
436.06	0.061
436.26	0.061
436.47	0.061
436.67	0.061
436.88	0.061
437.09	0.061
437.29	0.061
437.50	0.061
437.70	0.060
437.91	0.061
438.12	0.061
438.32	0.061
438.53	0.061
438.73	0.060
438.94	0.060
439.15	0.061
439.35	0.061
439.56	0.061
439.76	0.060
439.97	0.060
440.18	0.061
440.38	0.061
440.59	0.061
440.79	0.061
441.00	0.061
441.20	0.061
441.41	0.061
441.62	0.062
441.82	0.062
442.03	0.061
442.23	0.060
442.44	0.061
442.65	0.060
442.85	0.060
443.06	0.060
443.26	0.060
443.47	0.060
443.67	0.060
443.88	0.060
444.09	0.061
444.29	0.060
444.50	0.060
444.70	0.060
444.91	0.060
445.11	0.060
445.32	0.060
445.52	0.060
445.73	0.059
445.94	0.060
446.14	0.060
446.35	0.060
446.55	0.059
446.76	0.059
446.96	0.059
447.17	0.059
447.37	0.059
447.58	0.060
447.78	0.060
447.99	0.060
448.20	0.060
448.40	0.061
448.61	0.061
448.81	0.060
449.02	0.060
449.22	0.060
449.43	0.059
449.63	0.060
449.84	0.060
450.04	0.060
450.25	0.060
450.45	0.060
450.66	0.059
450.86	0.059
451.07	0.059
451.27	0.060
451.48	0.059
451.68	0.059
451.89	0.058
452.09	0.058
452.30	0.058
452.50	0.058
452.71	0.059
452.91	0.059
453.12	0.058
453.33	0.058
453.53	0.058
453.74	0.059
453.94	0.058
454.15	0.058
454.35	0.059
454.56	0.059
454.76	0.059
454.96	0.060
455.17	0.059
455.37	0.060
455.58	0.060
455.78	0.060
455.99	0.060
456.19	0.060
456.40	0.060
456.60	0.061
456.81	0.060
457.01	0.061
457.22	0.060
457.42	0.059
457.63	0.059
457.83	0.059
458.04	0.059
458.24	0.058
458.45	0.058
458.65	0.058
458.86	0.057
459.06	0.058
459.27	0.058
459.47	0.058
459.67	0.058
459.88	0.058
460.08	0.058
460.29	0.057
460.49	0.057
460.70	0.058
460.90	0.058
461.11	0.059
461.31	0.059
461.52	0.058
461.72	0.059
461.92	0.059
462.13	0.059
462.33	0.059
462.54	0.059
462.74	0.059
462.95	0.059
463.15	0.059
463.36	0.059
463.56	0.059
463.76	0.059
463.97	0.059
464.17	0.059
464.38	0.059
464.58	0.059
464.79	0.059
464.99	0.059
465.19	0.058
465.40	0.058
465.60	0.058
465.81	0.058
466.01	0.058
466.22	0.057
466.42	0.057
466.62	0.057
466.83	0.058
467.03	0.059
467.24	0.059
467.44	0.058
467.65	0.058
467.85	0.058
468.05	0.059
468.26	0.059
468.46	0.059
468.67	0.058
468.87	0.058
469.07	0.059
469.28	0.059
469.48	0.060
469.69	0.060
469.89	0.060
470.09	0.059
470.30	0.059
470.50	0.059
470.71	0.058
470.91	0.058
471.11	0.058
471.32	0.058
471.52	0.057
471.72	0.057
471.93	0.058
472.13	0.058
472.34	0.058
472.54	0.058
472.74	0.058
472.95	0.058
473.15	0.058
473.35	0.058
473.56	0.059
473.76	0.059
473.97	0.058
474.17	0.058
474.37	0.058
474.58	0.058
474.78	0.058
474.98	0.058
475.19	0.058
475.39	0.058
475.60	0.057
475.80	0.057
476.00	0.056
476.21	0.057
476.41	0.057
476.61	0.057
476.82	0.057
477.02	0.056
477.22	0.056
477.43	0.056
477.63	0.056
477.83	0.056
478.04	0.057
478.24	0.057
478.44	0.056
478.65	0.057
478.85	0.057
479.05	0.057
479.26	0.057
479.46	0.058
479.66	0.058
479.87	0.058
480.07	0.058
480.27	0.058
480.48	0.057
480.68	0.057
480.88	0.057
481.09	0.057
481.29	0.057
481.49	0.056
481.70	0.056
481.90	0.056
482.10	0.057
482.31	0.057
482.51	0.057
482.71	0.057
482.92	0.057
483.12	0.058
483.32	0.058
483.52	0.057
483.73	0.057
483.93	0.057
484.13	0.057
484.34	0.057
484.54	0.057
484.74	0.057
484.95	0.056
485.15	0.057
485.35	0.056
485.55	0.056
485.76	0.056
485.96	0.057
486.16	0.056
486.37	0.056
486.57	0.057
486.77	0.057
486.97	0.056
487.18	0.057
487.38	0.057
487.58	0.057
487.79	0.057
487.99	0.056
488.19	0.056
488.39	0.055
488.60	0.055
488.80	0.055
489.00	0.055
489.20	0.055
489.41	0.055
489.61	0.056
489.81	0.056
490.02	0.056
490.22	0.057
490.42	0.057
490.62	0.058
490.83	0.058
491.03	0.057
491.23	0.058
491.43	0.058
491.64	0.058
491.84	0.058
492.04	0.058
492.24	0.057
492.45	0.057
492.65	0.057
492.85	0.057
493.05	0.056
493.26	0.055
493.46	0.056
493.66	0.056
493.86	0.056
494.07	0.056
494.27	0.056
494.47	0.056
494.67	0.057
494.87	0.057
495.08	0.056
495.28	0.056
495.48	0.057
495.68	0.056
495.89	0.056
496.09	0.056
496.29	0.056
496.49	0.056
496.69	0.056
496.90	0.056
497.10	0.056
497.30	0.056
497.50	0.056
497.71	0.057
497.91	0.057
498.11	0.057
498.31	0.057
498.51	0.058
498.72	0.057
498.92	0.057
499.12	0.057
499.32	0.057
499.52	0.057
499.73	0.057
499.93	0.056
500.13	0.056
500.33	0.056
500.53	0.056
500.74	0.056
500.94	0.056
501.14	0.057
501.34	0.056
501.54	0.056
501.74	0.056
501.95	0.055
502.15	0.055
502.35	0.055
502.55	0.055
502.75	0.055
502.96	0.055
503.16	0.055
503.36	0.055
503.56	0.055
503.76	0.055
503.96	0.056
504.17	0.056
504.37	0.056
504.57	0.056
504.77	0.056
504.97	0.056
505.17	0.057
505.38	0.056
505.58	0.056
505.78	0.056
505.98	0.056
506.18	0.056
506.38	0.056
506.58	0.055
506.79	0.055
506.99	0.055
507.19	0.055
507.39	0.055
507.59	0.055
507.79	0.055
507.99	0.055
508.20	0.055
508.40	0.056
508.60	0.056
508.80	0.056
509.00	0.056
509.20	0.056
509.40	0.056
509.61	0.056
509.81	0.057
510.01	0.056
510.21	0.056
510.41	0.056
510.61	0.057
510.81	0.057
511.01	0.057
511.22	0.057
511.42	0.057
511.62	0.057
511.82	0.056
512.02	0.056
512.22	0.056
512.42	0.055
512.62	0.055
512.82	0.056
513.03	0.056
513.23	0.055
513.43	0.056
513.63	0.056
513.83	0.056
514.03	0.056
514.23	0.056
514.43	0.057
514.63	0.057
514.83	0.056
515.04	0.057
515.24	0.057
515.44	0.056
515.64	0.057
515.84	0.057
516.04	0.057
516.24	0.056
516.44	0.056
516.64	0.056
516.84	0.056
517.04	0.056
517.24	0.056
517.45	0.057
517.65	0.057
517.85	0.057
518.05	0.056
518.25	0.057
518.45	0.056
518.65	0.056
518.85	0.056
519.05	0.057
519.25	0.056
519.45	0.056
519.65	0.056
519.85	0.056
520.05	0.056
520.25	0.056
520.46	0.056
520.66	0.057
520.86	0.057
521.06	0.057
521.26	0.057
521.46	0.056
521.66	0.056
521.86	0.056
522.06	0.056
522.26	0.056
522.46	0.056
522.66	0.056
522.86	0.056
523.06	0.056
523.26	0.057
523.46	0.057
523.66	0.057
523.86	0.057
524.06	0.057
524.26	0.056
524.46	0.056
524.66	0.056
524.86	0.056
525.06	0.056
525.26	0.056
525.46	0.055
525.66	0.055
525.87	0.055
526.07	0.056
526.27	0.055
526.47	0.055
526.67	0.056
526.87	0.056
527.07	0.056
527.27	0.057
527.47	0.057
527.67	0.056
527.87	0.056
528.07	0.056
528.27	0.056
528.47	0.055
528.67	0.055
528.87	0.055
529.07	0.056
529.27	0.056
529.47	0.056
529.67	0.056
529.87	0.056
530.07	0.056
530.27	0.055
530.47	0.056
530.67	0.056
530.87	0.056
531.06	0.056
531.26	0.056
531.46	0.056
531.66	0.057
531.86	0.056
532.06	0.057
532.26	0.057
532.46	0.057
532.66	0.057
532.86	0.057
533.06	0.057
533.26	0.057
533.46	0.057
533.66	0.058
533.86	0.058
534.06	0.057
534.26	0.057
534.46	0.057
534.66	0.056
534.86	0.056
535.06	0.056
535.26	0.056
535.46	0.056
535.66	0.055
535.86	0.055
536.06	0.056
536.26	0.056
536.45	0.056
536.65	0.057
536.85	0.057
537.05	0.057
537.25	0.057
537.45	0.058
537.65	0.058
537.85	0.057
538.05	0.057
538.25	0.057
538.45	0.057
538.65	0.057
538.85	0.057
539.05	0.056
539.25	0.056
539.44	0.056
539.64	0.056
539.84	0.056
540.04	0.055
540.24	0.055
540.44	0.055
540.64	0.056
540.84	0.056
541.04	0.056
541.24	0.057
541.44	0.056
541.64	0.056
541.83	0.056
542.03	0.056
542.23	0.055
542.43	0.055
542.63	0.054
542.83	0.054
543.03	0.054
543.23	0.054
543.43	0.054
543.63	0.054
543.82	0.054
544.02	0.054
544.22	0.055
544.42	0.054
544.62	0.054
544.82	0.054
545.02	0.054
545.22	0.054
545.42	0.054
545.61	0.054
545.81	0.054
546.01	0.054
546.21	0.055
546.41	0.055
546.61	0.055
546.81	0.055
547.01	0.055
547.20	0.055
547.40	0.055
547.60	0.054
547.80	0.055
548.00	0.055
548.20	0.055
548.40	0.054
548.59	0.054
548.79	0.055
548.99	0.055
549.19	0.055
549.39	0.055
549.59	0.055
549.79	0.055
549.98	0.055
550.18	0.055
550.38	0.055
550.58	0.055
550.78	0.056
550.98	0.056
551.17	0.056
551.37	0.057
551.57	0.056
551.77	0.056
551.97	0.056
552.17	0.056
552.36	0.056
552.56	0.055
552.76	0.055
552.96	0.055
553.16	0.055
553.36	0.055
553.55	0.055
553.75	0.055
553.95	0.055
554.15	0.055
554.35	0.055
554.55	0.055
554.74	0.055
554.94	0.055
555.14	0.055
555.34	0.055
555.54	0.055
555.73	0.055
555.93	0.056
556.13	0.056
556.33	0.056
556.53	0.056
556.72	0.057
556.92	0.057
557.12	0.056
557.32	0.056
557.52	0.056
557.71	0.056
557.91	0.056
558.11	0.055
558.31	0.056
558.51	0.056
558.70	0.056
558.90	0.056
559.10	0.056
559.30	0.056
559.49	0.056
559.69	0.056
559.89	0.057
560.09	0.056
560.29	0.056
560.48	0.056
560.68	0.056
560.88	0.056
561.08	0.055
561.27	0.056
561.47	0.056
561.67	0.055
561.87	0.055
562.06	0.056
562.26	0.056
562.46	0.055
562.66	0.055
562.86	0.055
563.05	0.055
563.25	0.055
563.45	0.055
563.65	0.055
563.84	0.055
564.04	0.056
564.24	0.056
564.44	0.056
564.63	0.055
564.83	0.055
565.03	0.055
565.22	0.055
565.42	0.055
565.62	0.055
565.82	0.054
566.01	0.054
566.21	0.055
566.41	0.055
566.61	0.055
566.80	0.055
567.00	0.056
567.20	0.056
567.40	0.055
567.59	0.056
567.79	0.056
567.99	0.056
568.18	0.056
568.38	0.056
568.58	0.055
568.78	0.055
568.97	0.055
569.17	0.055
569.37	0.055
569.56	0.056
569.76	0.055
569.96	0.055
570.16	0.055
570.35	0.055
570.55	0.056
570.75	0.056
570.94	0.056
571.14	0.056
571.34	0.056
571.53	0.055
571.73	0.055
571.93	0.055
572.12	0.055
572.32	0.055
572.52	0.055
572.72	0.055
572.91	0.055
573.11	0.055
573.31	0.056
573.50	0.056
573.70	0.056
573.90	0.056
574.09	0.056
574.29	0.056
574.49	0.055
574.68	0.055
574.88	0.055
575.08	0.055
575.27	0.055
575.47	0.055
575.67	0.055
575.86	0.056
576.06	0.055
576.26	0.055
576.45	0.055
576.65	0.055
576.85	0.055
577.04	0.055
577.24	0.054
577.44	0.054
577.63	0.054
577.83	0.054
578.02	0.054
578.22	0.054
578.42	0.054
578.61	0.054
578.81	0.054
579.01	0.054
579.20	0.054
579.40	0.054
579.60	0.055
579.79	0.055
579.99	0.055
580.19	0.055
580.38	0.055
580.58	0.055
580.77	0.055
580.97	0.055
581.17	0.054
581.36	0.054
581.56	0.054
581.75	0.053
581.95	0.053
582.15	0.054
582.34	0.054
582.54	0.054
582.74	0.053
582.93	0.054
583.13	0.053
583.32	0.053
583.52	0.054
583.72	0.054
583.91	0.054
584.11	0.054
584.30	0.054
584.50	0.054
584.70	0.053
584.89	0.054
585.09	0.054
585.28	0.053
585.48	0.053
585.68	0.053
585.87	0.053
586.07	0.053
586.26	0.054
586.46	0.054
586.66	0.054
586.85	0.054
587.05	0.054
587.24	0.054
587.44	0.054
587.63	0.054
587.83	0.055
588.03	0.055
588.22	0.055
588.42	0.055
588.61	0.055
588.81	0.055
589.00	0.055
589.20	0.055
589.40	0.055
589.59	0.054
589.79	0.054
589.98	0.054
590.18	0.055
590.37	0.055
590.57	0.054
590.76	0.055
590.96	0.055
591.16	0.055
591.35	0.056
591.55	0.056
591.74	0.055
591.94	0.055
592.13	0.055
592.33	0.055
592.52	0.055
592.72	0.055
592.91	0.055
593.11	0.054
593.30	0.054
593.50	0.055
593.70	0.054
593.89	0.054
594.09	0.054
594.28	0.055
594.48	0.054
594.67	0.054
594.87	0.054
595.06	0.054
595.26	0.054
595.45	0.054
595.65	0.055
595.84	0.055
596.04	0.054
596.23	0.055
596.43	0.055
596.62	0.055
596.82	0.056
597.01	0.055
597.21	0.056
597.40	0.056
597.60	0.056
597.79	0.056
597.99	0.055
598.18	0.055
598.38	0.055
598.57	0.054
598.77	0.054
598.96	0.054
599.16	0.053
599.35	0.053
599.55	0.053
599.74	0.053
599.94	0.054
600.13	0.053
600.33	0.054
600.52	0.054
600.72	0.054
600.91	0.054
601.11	0.054
601.30	0.054
601.50	0.054
601.69	0.054
601.89	0.055
602.08	0.055
602.27	0.055
602.47	0.055
602.66	0.055
602.86	0.055
603.05	0.055
603.25	0.055
603.44	0.054
603.64	0.054
603.83	0.054
604.03	0.054
604.22	0.053
604.41	0.053
604.61	0.053
604.80	0.053
605.00	0.053
605.19	0.053
605.39	0.053
605.58	0.053
605.78	0.053
605.97	0.053
606.16	0.053
606.36	0.053
606.55	0.053
606.75	0.053
606.94	0.053
607.14	0.052
607.33	0.052
607.52	0.052
607.72	0.053
607.91	0.053
608.11	0.053
608.30	0.053
608.50	0.053
608.69	0.054
608.88	0.054
609.08	0.054
609.27	0.054
609.47	0.054
609.66	0.054
609.85	0.055
610.05	0.055
610.24	0.055
610.44	0.055
610.63	0.054
610.83	0.054
611.02	0.055
611.21	0.055
611.41	0.054
611.60	0.054
611.80	0.054
611.99	0.054
612.18	0.053
612.38	0.054
612.57	0.054
612.76	0.053
612.96	0.054
613.15	0.054
613.35	0.054
613.54	0.054
613.73	0.054
613.93	0.054
614.12	0.054
614.32	0.054
614.51	0.054
614.70	0.054
614.90	0.054
615.09	0.053
615.28	0.053
615.48	0.054
615.67	0.054
615.86	0.054
616.06	0.054
616.25	0.054
616.45	0.054
616.64	0.055
616.83	0.055
617.03	0.055
617.22	0.054
617.41	0.054
617.61	0.054
617.80	0.054
617.99	0.055
618.19	0.054
618.38	0.054
618.57	0.054
618.77	0.054
618.96	0.054
619.15	0.054
619.35	0.054
619.54	0.054
619.73	0.054
619.93	0.055
620.12	0.055
620.31	0.055
620.51	0.055
620.70	0.055
620.89	0.055
621.09	0.055
621.28	0.054
621.47	0.055
621.67	0.054
621.86	0.054
622.05	0.054
622.25	0.055
622.44	0.055
622.63	0.055
622.83	0.055
623.02	0.055
623.21	0.055
623.41	0.055
623.60	0.055
623.79	0.055
623.98	0.054
624.18	0.054
624.37	0.054
624.56	0.054
624.76	0.055
624.95	0.055
625.14	0.054
625.33	0.055
625.53	0.055
625.72	0.055
625.91	0.055
626.11	0.055
626.30	0.054
626.49	0.055
626.68	0.055
626.88	0.055
627.07	0.055
627.26	0.055
627.46	0.055
627.65	0.055
627.84	0.055
628.03	0.054
628.23	0.054
628.42	0.054
628.61	0.054
628.80	0.054
629.00	0.054
629.19	0.054
629.38	0.055
629.58	0.055
629.77	0.055
629.96	0.055
630.15	0.055
630.35	0.055
630.54	0.055
630.73	0.055
630.92	0.055
631.12	0.055
631.31	0.055
631.50	0.054
631.69	0.054
631.89	0.053
632.08	0.054
632.27	0.054
632.46	0.054
632.65	0.054
632.85	0.054
633.04	0.054
633.23	0.055
633.42	0.055
633.62	0.055
633.81	0.055
634.00	0.055
634.19	0.055
634.39	0.055
634.58	0.055
634.77	0.055
634.96	0.055
635.15	0.055
635.35	0.055
635.54	0.055
635.73	0.056
635.92	0.056
636.11	0.055
636.31	0.055
636.50	0.055
636.69	0.055
636.88	0.055
637.07	0.056
637.27	0.055
637.46	0.055
637.65	0.055
637.84	0.055
638.03	0.055
638.23	0.055
638.42	0.055
638.61	0.055
638.80	0.054
638.99	0.054
639.19	0.054
639.38	0.054
639.57	0.054
639.76	0.054
639.95	0.054
640.14	0.055
640.34	0.055
640.53	0.055
640.72	0.055
640.91	0.055
641.10	0.055
641.30	0.055
641.49	0.055
641.68	0.055
641.87	0.055
642.06	0.054
642.25	0.054
642.44	0.054
642.64	0.054
642.83	0.054
643.02	0.054
643.21	0.054
643.40	0.055
643.59	0.054
643.79	0.054
643.98	0.055
644.17	0.055
644.36	0.055
644.55	0.055
644.74	0.055
644.93	0.054
645.13	0.055
645.32	0.055
645.51	0.055
645.70	0.055
645.89	0.055
646.08	0.055
646.27	0.055
646.46	0.055
646.66	0.056
646.85	0.056
647.04	0.055
647.23	0.055
647.42	0.055
647.61	0.055
647.80	0.055
647.99	0.055
648.19	0.055
648.38	0.056
648.57	0.055
648.76	0.055
648.95	0.056
649.14	0.056
649.33	0.056
649.52	0.056
649.71	0.056
649.91	0.055
650.10	0.055
650.29	0.056
650.48	0.056
650.67	0.056
650.86	0.056
651.05	0.056
651.24	0.055
651.43	0.056
651.62	0.055
651.81	0.055
652.01	0.055
652.20	0.054
652.39	0.054
652.58	0.054
652.77	0.054
652.96	0.054
653.15	0.054
653.34	0.054
653.53	0.054
653.72	0.054
653.91	0.055
654.10	0.055
654.29	0.055
654.48	0.054
654.68	0.054
654.87	0.054
655.06	0.053
655.25	0.053
655.44	0.053
655.63	0.053
655.82	0.053
656.01	0.052
656.20	0.052
656.39	0.053
656.58	0.053
656.77	0.054
656.96	0.054
657.15	0.054
657.34	0.054
657.53	0.054
657.72	0.055
657.91	0.054
658.10	0.054
658.29	0.054
658.48	0.054
658.68	0.054
658.87	0.055
659.06	0.055
659.25	0.055
659.44	0.055
659.63	0.056
659.82	0.056
660.01	0.056
660.20	0.056
660.39	0.055
660.58	0.055
660.77	0.055
660.96	0.055
661.15	0.055
661.34	0.055
661.53	0.055
661.72	0.054
661.91	0.054
662.10	0.054
662.29	0.054
662.48	0.053
662.67	0.054
662.86	0.053
663.05	0.054
663.24	0.054
663.43	0.054
663.62	0.054
663.81	0.054
664.00	0.055
664.19	0.055
664.38	0.055
664.57	0.054
664.76	0.054
664.95	0.054
665.14	0.054
665.33	0.054
665.52	0.054
665.71	0.054
665.90	0.054
666.09	0.054
666.28	0.054
666.46	0.054
666.65	0.054
666.84	0.054
667.03	0.054
667.22	0.054
667.41	0.054
667.60	0.054
667.79	0.055
667.98	0.055
668.17	0.056
668.36	0.056
668.55	0.056
668.74	0.056
668.93	0.056
669.12	0.056
669.31	0.056
669.50	0.055
669.69	0.055
669.88	0.055
670.07	0.055
670.26	0.055
670.44	0.055
670.63	0.055
670.82	0.054
671.01	0.054
671.20	0.054
671.39	0.053
671.58	0.054
671.77	0.054
671.96	0.053
672.15	0.054
672.34	0.054
672.53	0.054
672.72	0.054
672.91	0.054
673.09	0.054
673.28	0.055
673.47	0.054
673.66	0.054
673.85	0.054
674.04	0.054
674.23	0.054
674.42	0.055
674.61	0.054
674.80	0.054
674.98	0.054
675.17	0.054
675.36	0.054
675.55	0.054
675.74	0.054
675.93	0.053
676.12	0.054
676.31	0.054
676.50	0.054
676.69	0.054
676.87	0.054
677.06	0.054
677.25	0.054
677.44	0.054
677.63	0.054
677.82	0.054
678.01	0.054
678.20	0.054
678.38	0.054
678.57	0.054
678.76	0.054
678.95	0.055
679.14	0.055
679.33	0.054
679.52	0.054
679.71	0.054
679.89	0.053
680.08	0.053
680.27	0.053
680.46	0.052
680.65	0.052
680.84	0.052
681.02	0.052
681.21	0.053
681.40	0.053
681.59	0.053
681.78	0.053
681.97	0.053
682.16	0.053
682.34	0.053
682.53	0.053
682.72	0.054
682.91	0.054
683.10	0.054
683.29	0.054
683.47	0.054
683.66	0.055
683.85	0.054
684.04	0.055
684.23	0.055
684.42	0.055
684.60	0.055
684.79	0.054
684.98	0.054
685.17	0.055
685.36	0.054
685.54	0.055
685.73	0.055
685.92	0.054
686.11	0.054
686.30	0.054
686.49	0.054
686.67	0.054
686.86	0.053
687.05	0.053
687.24	0.053
687.43	0.053
687.61	0.053
687.80	0.053
687.99	0.052
688.18	0.052
688.36	0.053
688.55	0.053
688.74	0.053
688.93	0.053
689.12	0.053
689.30	0.053
689.49	0.054
689.68	0.054
689.87	0.055
690.06	0.054
690.24	0.054
690.43	0.054
690.62	0.054
690.81	0.054
690.99	0.054
691.18	0.054
691.37	0.054
691.56	0.054
691.74	0.054
691.93	0.054
692.12	0.054
692.31	0.054
692.50	0.054
692.68	0.054
692.87	0.054
693.06	0.054
693.25	0.055
693.43	0.054
693.62	0.054
693.81	0.054
694.00	0.054
694.18	0.054
694.37	0.054
694.56	0.054
694.74	0.054
694.93	0.054
695.12	0.054
695.31	0.053
695.49	0.053
695.68	0.053
695.87	0.053
696.06	0.053
696.24	0.053
696.43	0.053
696.62	0.053
696.80	0.053
696.99	0.053
697.18	0.053
697.37	0.053
697.55	0.054
697.74	0.054
697.93	0.053
698.12	0.053
698.30	0.053
698.49	0.053
698.68	0.053
698.86	0.054
699.05	0.054
699.24	0.053
699.42	0.053
699.61	0.053
699.80	0.053
699.99	0.053
700.17	0.053
700.36	0.053
700.55	0.053
700.73	0.053
700.92	0.053
701.11	0.054
701.29	0.054
701.48	0.054
701.67	0.054
701.85	0.054
702.04	0.054
702.23	0.054
702.41	0.054
702.60	0.054
702.79	0.054
702.97	0.054
703.16	0.054
703.35	0.054
703.53	0.054
703.72	0.054
703.91	0.054
704.09	0.054
704.28	0.054
704.47	0.053
704.65	0.054
704.84	0.053
705.03	0.054
705.21	0.054
705.40	0.054
705.59	0.054
705.77	0.054
705.96	0.054
706.15	0.054
706.33	0.054
706.52	0.054
706.71	0.053
706.89	0.053
707.08	0.054
707.26	0.054
707.45	0.054
707.64	0.054
707.82	0.054
708.01	0.054
708.20	0.054
708.38	0.054
708.57	0.054
708.75	0.054
708.94	0.054
709.13	0.054
709.31	0.054
709.50	0.054
709.69	0.054
709.87	0.054
710.06	0.054
710.24	0.054
710.43	0.054
710.62	0.054
710.80	0.054
710.99	0.054
711.17	0.054
711.36	0.054
711.55	0.054
711.73	0.054
711.92	0.053
712.10	0.053
712.29	0.053
712.48	0.053
712.66	0.053
712.85	0.053
713.03	0.053
713.22	0.053
713.40	0.053
713.59	0.053
713.78	0.053
713.96	0.053
714.15	0.053
714.33	0.053
714.52	0.053
714.71	0.053
714.89	0.054
715.08	0.053
715.26	0.054
715.45	0.054
715.63	0.054
715.82	0.054
716.00	0.054
716.19	0.054
716.38	0.054
716.56	0.054
716.75	0.054
716.93	0.055
717.12	0.055
717.30	0.055
717.49	0.055
717.67	0.055
717.86	0.055
718.05	0.055
718.23	0.055
718.42	0.055
718.60	0.055
718.79	0.054
718.97	0.054
719.16	0.054
719.34	0.054
719.53	0.054
719.71	0.055
719.90	0.055
720.08	0.055
720.27	0.055
720.45	0.055
720.64	0.055
720.83	0.055
721.01	0.055
721.20	0.055
721.38	0.054
721.57	0.054
721.75	0.054
721.94	0.054
722.12	0.054
722.31	0.054
722.49	0.054
722.68	0.055
722.86	0.055
723.05	0.054
723.23	0.054
723.42	0.054
723.60	0.054
723.79	0.055
723.97	0.054
724.16	0.054
724.34	0.054
724.53	0.054
724.71	0.054
724.90	0.054
725.08	0.054
725.27	0.054
725.45	0.054
725.64	0.054
725.82	0.055
726.00	0.054
726.19	0.054
726.37	0.054
726.56	0.055
726.74	0.054
726.93	0.054
727.11	0.054
727.30	0.055
727.48	0.054
727.67	0.055
727.85	0.055
728.04	0.055
728.22	0.055
728.40	0.055
728.59	0.054
728.77	0.054
728.96	0.054
729.14	0.055
729.33	0.054
729.51	0.054
729.70	0.054
729.88	0.054
730.07	0.053
730.25	0.053
730.43	0.053
730.62	0.053
730.80	0.053
730.99	0.053
731.17	0.053
731.36	0.054
731.54	0.054
731.72	0.054
731.91	0.055
732.09	0.055
732.28	0.055
732.46	0.055
732.65	0.054
732.83	0.054
733.01	0.053
733.20	0.053
733.38	0.053
733.57	0.053
733.75	0.053
733.93	0.053
734.12	0.053
734.30	0.053
734.49	0.054
734.67	0.054
734.85	0.054
735.04	0.054
735.22	0.054
735.41	0.054
735.59	0.054
735.77	0.054
735.96	0.054
736.14	0.054
736.33	0.054
736.51	0.054
736.69	0.053
736.88	0.053
737.06	0.053
737.25	0.053
737.43	0.053
737.61	0.053
737.80	0.053
737.98	0.053
738.16	0.053
738.35	0.054
738.53	0.054
738.71	0.053
738.90	0.053
739.08	0.053
739.27	0.054
739.45	0.054
739.63	0.053
739.82	0.054
740.00	0.054
740.18	0.054
740.37	0.054
740.55	0.055
740.73	0.055
740.92	0.055
741.10	0.055
741.28	0.055
741.47	0.055
741.65	0.055
741.83	0.055
742.02	0.055
742.20	0.055
742.38	0.055
742.57	0.055
742.75	0.055
742.93	0.054
743.12	0.055
743.30	0.054
743.48	0.054
743.67	0.054
743.85	0.054
744.03	0.054
744.22	0.054
744.40	0.054
744.58	0.054
744.77	0.054
744.95	0.054
745.13	0.054
745.32	0.054
745.50	0.054
745.68	0.054
745.87	0.054
746.05	0.054
746.23	0.054
746.41	0.054
746.60	0.054
746.78	0.055
746.96	0.055
747.15	0.055
747.33	0.055
747.51	0.055
747.70	0.055
747.88	0.055
748.06	0.055
748.24	0.055
748.43	0.055
748.61	0.054
748.79	0.054
748.97	0.054
749.16	0.054
749.34	0.054
749.52	0.054
749.71	0.054
749.89	0.054
750.07	0.054
750.25	0.054
750.44	0.054
750.62	0.053
750.80	0.053
750.98	0.053
751.17	0.053
751.35	0.053
751.53	0.054
751.71	0.054
751.90	0.053
752.08	0.054
752.26	0.054
752.44	0.054
752.63	0.054
752.81	0.054
752.99	0.053
753.17	0.054
753.36	0.054
753.54	0.054
753.72	0.053
753.90	0.054
754.09	0.054
754.27	0.054
754.45	0.054
754.63	0.054
754.82	0.054
755.00	0.054
755.18	0.054
755.36	0.054
755.54	0.054
755.73	0.054
755.91	0.054
756.09	0.054
756.27	0.054
756.45	0.055
756.64	0.055
756.82	0.055
757.00	0.055
757.18	0.054
757.37	0.054
757.55	0.053
757.73	0.053
757.91	0.054
758.09	0.053
758.27	0.053
758.46	0.053
758.64	0.053
758.82	0.053
759.00	0.053
759.18	0.053
759.37	0.053
759.55	0.053
759.73	0.053
759.91	0.053
760.09	0.054
760.28	0.054
760.46	0.054
760.64	0.054
760.82	0.054
761.00	0.054
761.18	0.054
761.37	0.054
761.55	0.054
761.73	0.054
761.91	0.054
762.09	0.053
762.27	0.053
762.46	0.053
762.64	0.053
762.82	0.053
763.00	0.054
763.18	0.054
763.36	0.054
763.54	0.053
763.73	0.054
763.91	0.054
764.09	0.054
764.27	0.054
764.45	0.054
764.63	0.053
764.81	0.054
765.00	0.053
765.18	0.053
765.36	0.053
765.54	0.053
765.72	0.053
765.90	0.053
766.08	0.053
766.27	0.053
766.45	0.053
766.63	0.053
766.81	0.053
766.99	0.053
767.17	0.053
767.35	0.053
767.53	0.053
767.71	0.053
767.90	0.053
768.08	0.053
768.26	0.052
768.44	0.052
768.62	0.053
768.80	0.053
768.98	0.052
769.16	0.053
769.34	0.053
769.52	0.053
769.71	0.053
769.89	0.054
770.07	0.054
770.25	0.054
770.43	0.053
770.61	0.053
770.79	0.053
770.97	0.053
771.15	0.052
771.33	0.052
771.51	0.052
771.69	0.052
771.88	0.052
772.06	0.053
772.24	0.052
772.42	0.052
772.60	0.053
772.78	0.053
772.96	0.053
773.14	0.053
773.32	0.052
773.50	0.052
773.68	0.052
773.86	0.053
774.04	0.053
774.22	0.053
774.40	0.053
774.58	0.053
774.77	0.053
774.95	0.054
775.13	0.053
775.31	0.053
775.49	0.053
775.67	0.053
775.85	0.053
776.03	0.053
776.21	0.053
776.39	0.053
776.57	0.053
776.75	0.052
776.93	0.053
777.11	0.053
777.29	0.053
777.47	0.053
777.65	0.053
777.83	0.053
778.01	0.053
778.19	0.053
778.37	0.053
778.55	0.053
778.73	0.053
778.91	0.053
779.09	0.053
779.27	0.053
779.45	0.053
779.63	0.053
779.81	0.053
779.99	0.053
780.17	0.054
780.35	0.054
780.53	0.053
780.71	0.053
780.89	0.054
781.07	0.053
781.25	0.053
781.43	0.053
781.61	0.053
781.79	0.053
781.97	0.053
782.15	0.053
782.33	0.053
782.51	0.053
782.69	0.053
782.87	0.054
783.05	0.053
783.23	0.054
783.41	0.054
783.59	0.054
783.77	0.054
783.95	0.054
784.13	0.054
784.31	0.054
784.49	0.054
784.67	0.054
784.85	0.054
785.03	0.054
785.21	0.054
785.38	0.053
785.56	0.054
785.74	0.053
785.92	0.053
786.10	0.054
786.28	0.054
786.46	0.054
786.64	0.054
786.82	0.054
787.00	0.054
787.18	0.054
787.36	0.054
787.54	0.054
787.72	0.054
787.90	0.055
788.08	0.055
788.25	0.055
788.43	0.055
788.61	0.055
788.79	0.055
788.97	0.056
789.15	0.056
789.33	0.056
789.51	0.055
789.69	0.055
789.87	0.055
790.05	0.055
790.23	0.054
790.40	0.054
790.58	0.054
790.76	0.054
790.94	0.054
791.12	0.054
791.30	0.054
791.48	0.054
791.66	0.054
791.84	0.054
792.02	0.054
792.19	0.054
792.37	0.054
792.55	0.054
792.73	0.054
792.91	0.053
793.09	0.054
793.27	0.054
793.45	0.054
793.63	0.054
793.80	0.054
793.98	0.054
794.16	0.054
794.34	0.054
794.52	0.054
794.70	0.054
794.88	0.054
795.05	0.054
795.23	0.054
795.41	0.053
795.59	0.054
795.77	0.053
795.95	0.054
796.13	0.054
796.30	0.054
796.48	0.054
796.66	0.055
796.84	0.054
797.02	0.055
797.20	0.055
797.38	0.055
797.55	0.055
797.73	0.055
797.91	0.055
798.09	0.055
798.27	0.055
798.45	0.055
798.62	0.055
798.80	0.055
798.98	0.055
799.16	0.055
799.34	0.054
799.52	0.054
799.69	0.054
799.87	0.055
800.05	0.054
800.23	0.055
800.41	0.055
800.58	0.055
800.76	0.055
800.94	0.055
801.12	0.055
801.30	0.055
801.47	0.055
801.65	0.054
801.83	0.054
802.01	0.054
802.19	0.054
802.36	0.055
802.54	0.055
802.72	0.055
802.90	0.055
803.08	0.055
803.25	0.056
803.43	0.056
803.61	0.056
803.79	0.056
803.97	0.056
804.14	0.056
804.32	0.056
804.50	0.055
804.68	0.055
804.85	0.055
805.03	0.055
805.21	0.055
805.39	0.055
805.56	0.054
805.74	0.054
805.92	0.055
806.10	0.055
806.28	0.055
806.45	0.055
806.63	0.055
806.81	0.055
806.99	0.055
807.16	0.055
807.34	0.055
807.52	0.055
807.70	0.055
807.87	0.054
808.05	0.055
808.23	0.054
808.41	0.055
808.58	0.055
808.76	0.055
808.94	0.056
809.11	0.056
809.29	0.056
809.47	0.056
809.65	0.056
809.82	0.057
810.00	0.057
810.18	0.057
810.36	0.057
810.53	0.057
810.71	0.056
810.89	0.056
811.06	0.056
811.24	0.056
811.42	0.056
811.60	0.056
811.77	0.056
811.95	0.056
812.13	0.056
812.30	0.056
812.48	0.056
812.66	0.055
812.83	0.056
813.01	0.056
813.19	0.055
813.37	0.055
813.54	0.055
813.72	0.055
813.90	0.056
814.07	0.056
814.25	0.056
814.43	0.056
814.60	0.056
814.78	0.056
814.96	0.056
815.13	0.056
815.31	0.056
815.49	0.056
815.66	0.056
815.84	0.057
816.02	0.056
816.19	0.056
816.37	0.056
816.55	0.056
816.72	0.056
816.90	0.056
817.08	0.056
817.25	0.056
817.43	0.055
817.61	0.055
817.78	0.056
817.96	0.056
818.14	0.056
818.31	0.056
818.49	0.056
818.67	0.056
818.84	0.057
819.02	0.057
819.19	0.056
819.37	0.056
819.55	0.056
819.72	0.055
819.90	0.056
820.08	0.055
820.25	0.055
820.43	0.055
820.60	0.055
820.78	0.055
820.96	0.055
821.13	0.056
821.31	0.056
821.49	0.056
821.66	0.056
821.84	0.056
822.01	0.056
822.19	0.056
822.37	0.056
822.54	0.056
822.72	0.056
822.89	0.056
823.07	0.056
823.25	0.056
823.42	0.056
823.60	0.056
823.77	0.056
823.95	0.056
824.13	0.056
824.30	0.056
824.48	0.055
824.65	0.055
824.83	0.055
825.01	0.055
825.18	0.055
825.36	0.055
825.53	0.056
825.71	0.056
825.88	0.056
826.06	0.056
826.24	0.056
826.41	0.056
826.59	0.057
826.76	0.057
826.94	0.057
827.11	0.056
827.29	0.056
827.47	0.056
827.64	0.056
827.82	0.057
827.99	0.057
828.17	0.056
828.34	0.057
828.52	0.057
828.69	0.058
828.87	0.058
829.04	0.057
829.22	0.057
829.40	0.057
829.57	0.057
829.75	0.057
829.92	0.056
830.10	0.056
830.27	0.056
830.45	0.056
830.62	0.056
830.80	0.056
830.97	0.056
831.15	0.055
831.32	0.056
831.50	0.056
831.67	0.055
831.85	0.055
832.02	0.056
832.20	0.055
832.37	0.055
832.55	0.056
832.73	0.056
832.90	0.056
833.08	0.056
833.25	0.056
833.43	0.056
833.60	0.056
833.78	0.055
833.95	0.056
834.13	0.056
834.30	0.056
834.48	0.056
834.65	0.057
834.82	0.057
835.00	0.057
835.17	0.057
835.35	0.057
835.52	0.057
835.70	0.058
835.87	0.058
836.05	0.058
836.22	0.058
836.40	0.057
836.57	0.056
836.75	0.057
836.92	0.057
837.10	0.057
837.27	0.056
837.45	0.056
837.62	0.055
837.80	0.055
837.97	0.055
838.14	0.056
838.32	0.055
838.49	0.055
838.67	0.055
838.84	0.055
839.02	0.056
839.19	0.056
839.37	0.056
839.54	0.056
839.71	0.055
839.89	0.056
840.06	0.056
840.24	0.056
840.41	0.056
840.59	0.056
840.76	0.055
840.94	0.056
841.11	0.056
841.28	0.056
841.46	0.055
841.63	0.055
841.81	0.055
841.98	0.055
842.15	0.055
842.33	0.055
842.50	0.056
842.68	0.056
842.85	0.056
843.03	0.056
843.20	0.057
843.37	0.057
843.55	0.057
843.72	0.057
843.90	0.057
844.07	0.056
844.24	0.057
844.42	0.057
844.59	0.057
844.77	0.057
844.94	0.057
845.11	0.057
845.29	0.058
845.46	0.057
845.63	0.058
845.81	0.058
845.98	0.057
846.16	0.057
846.33	0.057
846.50	0.057
846.68	0.057
846.85	0.057
847.02	0.057
847.20	0.057
847.37	0.057
847.55	0.057
847.72	0.057
847.89	0.056
848.07	0.056
848.24	0.055
848.41	0.056
848.59	0.056
848.76	0.056
848.93	0.056
849.11	0.056
849.28	0.056
849.45	0.057
849.63	0.057
849.80	0.057
849.97	0.057
850.15	0.057
850.32	0.058
850.49	0.058
850.67	0.058
850.84	0.058
851.01	0.058
851.19	0.057
851.36	0.057
851.53	0.057
851.71	0.057
851.88	0.057
852.05	0.057
852.23	0.057
852.40	0.057
852.57	0.058
852.75	0.057
852.92	0.057
853.09	0.057
853.27	0.057
853.44	0.057
853.61	0.057
853.79	0.056
853.96	0.057
854.13	0.057
854.30	0.057
854.48	0.057
854.65	0.058
854.82	0.058
855.00	0.058
855.17	0.057
855.34	0.057
855.51	0.057
855.69	0.056
855.86	0.056
856.03	0.056
856.21	0.056
856.38	0.056
856.55	0.056
856.72	0.056
856.90	0.056
857.07	0.056
857.24	0.057
857.42	0.057
857.59	0.056
857.76	0.056
857.93	0.056
858.11	0.056
858.28	0.056
858.45	0.056
858.62	0.057
858.80	0.057
858.97	0.058
859.14	0.058
859.31	0.058
859.49	0.058
859.66	0.058
859.83	0.057
860.00	0.057
860.18	0.057
860.35	0.057
860.52	0.057
860.69	0.057
860.86	0.057
861.04	0.058
861.21	0.058
861.38	0.058
861.55	0.058
861.73	0.058
861.90	0.058
862.07	0.057
862.24	0.057
862.42	0.057
862.59	0.057
862.76	0.058
862.93	0.057
863.10	0.057
863.28	0.058
863.45	0.057
863.62	0.058
863.79	0.058
863.96	0.058
864.14	0.058
864.31	0.058
864.48	0.059
864.65	0.059
864.82	0.058
865.00	0.058
865.17	0.058
865.34	0.057
865.51	0.057
865.68	0.057
865.86	0.056
866.03	0.056
866.20	0.056
866.37	0.056
866.54	0.057
866.71	0.057
866.89	0.057
867.06	0.058
867.23	0.058
867.40	0.058
867.57	0.058
867.74	0.058
867.92	0.058
868.09	0.058
868.26	0.058
868.43	0.058
868.60	0.058
868.77	0.058
868.95	0.058
869.12	0.058
869.29	0.058
869.46	0.059
869.63	0.058
869.80	0.058
869.97	0.058
870.15	0.058
870.32	0.057
870.49	0.058
870.66	0.058
870.83	0.057
871.00	0.058
871.17	0.058
871.34	0.058
871.52	0.058
871.69	0.058
871.86	0.058
872.03	0.058
872.20	0.058
872.37	0.058
872.54	0.058
872.71	0.057
872.89	0.056
873.06	0.056
873.23	0.057
873.40	0.057
873.57	0.056
873.74	0.056
873.91	0.056
874.08	0.056
874.25	0.057
874.42	0.057
874.60	0.057
874.77	0.057
874.94	0.057
875.11	0.058
875.28	0.058
875.45	0.058
875.62	0.057
875.79	0.056
875.96	0.057
876.13	0.057
876.30	0.057
876.47	0.057
876.65	0.057
876.82	0.057
876.99	0.057
877.16	0.057
877.33	0.058
877.50	0.058
877.67	0.058
877.84	0.058
878.01	0.059
878.18	0.058
878.35	0.058
878.52	0.059
878.69	0.058
878.86	0.058
879.03	0.057
879.20	0.057
879.38	0.056
879.55	0.056
879.72	0.057
879.89	0.056
880.06	0.056
880.23	0.056
880.40	0.056
880.57	0.056
880.74	0.057
880.91	0.058
881.08	0.058
881.25	0.058
881.42	0.058
881.59	0.058
881.76	0.057
881.93	0.057
882.10	0.056
882.27	0.057
882.44	0.056
882.61	0.056
882.78	0.056
882.95	0.055
883.12	0.055
883.29	0.055
883.46	0.056
883.63	0.057
883.80	0.056
883.97	0.055
884.14	0.056
884.31	0.056
884.48	0.057
884.65	0.057
884.82	0.057
884.99	0.057
885.16	0.057
885.33	0.056
885.50	0.057
885.67	0.057
885.84	0.057
886.01	0.056
886.18	0.056
886.35	0.057
886.52	0.057
886.69	0.056
886.86	0.056
887.03	0.057
887.20	0.056
887.37	0.057
887.54	0.057
887.71	0.057
887.88	0.057
888.05	0.057
888.22	0.057
888.39	0.057
888.55	0.056
888.72	0.055
888.89	0.055
889.06	0.055
889.23	0.055
889.40	0.056
889.57	0.056
889.74	0.056
889.91	0.057
890.08	0.057
890.25	0.057
890.42	0.057
890.59	0.058
890.76	0.057
890.93	0.057
891.10	0.057
891.26	0.057
891.43	0.056
891.60	0.058
891.77	0.057
891.94	0.057
892.11	0.056
892.28	0.056
892.45	0.056
892.62	0.056
892.79	0.056
892.96	0.056
893.13	0.054
893.29	0.054
893.46	0.055
893.63	0.055
893.80	0.054
893.97	0.054
894.14	0.053
894.31	0.052
894.48	0.056
894.65	0.052
894.81	0.047
894.98	0.054
