177.34	-0.148
177.56	-0.148
177.78	-0.148
178.00	-0.683
178.22	-0.236
178.44	-0.040
178.66	0.020
178.89	-0.197
179.11	-0.669
179.33	-0.590
179.55	-0.811
179.77	0.222
179.99	-0.092
180.21	-0.401
180.43	0.160
180.65	0.509
180.87	0.550
181.09	0.542
181.31	0.418
181.53	0.398
181.75	0.374
181.97	0.430
182.19	0.428
182.41	0.431
182.63	0.364
182.85	0.353
183.07	0.368
183.30	0.387
183.52	0.412
183.74	0.434
183.96	0.450
184.18	0.482
184.40	0.547
184.62	0.545
184.84	0.556
185.06	0.601
185.28	0.621
185.50	0.600
185.72	0.620
185.94	0.658
186.16	0.633
186.38	0.620
186.60	0.661
186.82	0.726
187.04	0.701
187.26	0.738
187.48	0.767
187.70	0.746
187.92	0.769
188.14	0.801
188.36	0.835
188.58	0.911
188.80	0.885
189.02	0.939
189.24	0.967
189.46	0.995
189.68	1.065
189.90	1.082
190.12	1.106
190.34	1.132
190.56	1.116
190.78	1.132
191.00	1.172
191.22	1.202
191.44	1.229
191.66	1.227
191.88	1.197
192.10	1.215
192.32	1.232
192.54	1.269
192.76	1.346
192.98	1.313
193.20	1.294
193.42	1.307
193.64	1.333
193.86	1.360
194.08	1.358
194.30	1.373
194.52	1.353
194.74	1.333
194.96	1.349
195.18	1.433
195.40	1.386
195.62	1.406
195.84	1.434
196.06	1.425
196.28	1.412
196.50	1.453
196.72	1.476
196.94	1.542
197.16	1.482
197.38	1.547
197.60	1.559
197.82	1.571
198.04	1.565
198.26	1.619
198.48	1.624
198.70	1.625
198.92	1.587
199.13	1.636
199.35	1.634
199.57	1.609
199.79	1.591
200.01	1.640
200.23	1.619
200.45	1.629
200.67	1.639
200.89	1.642
201.11	1.633
201.33	1.660
201.55	1.704
201.77	1.726
201.99	1.743
202.21	1.767
202.43	1.768
202.65	1.793
202.87	1.791
203.09	1.820
203.31	1.846
203.52	1.831
203.74	1.852
203.96	1.843
204.18	1.843
204.40	1.844
204.62	1.862
204.84	1.884
205.06	1.875
205.28	1.856
205.50	1.807
205.72	1.804
205.94	1.847
206.16	1.855
206.38	1.852
206.59	1.828
206.81	1.849
207.03	1.824
207.25	1.849
207.47	1.931
207.69	2.016
207.91	2.009
208.13	1.995
208.35	2.001
208.57	2.029
208.79	2.037
209.01	2.106
209.22	2.094
209.44	2.108
209.66	2.017
209.88	2.011
210.10	2.050
210.32	2.077
210.54	2.113
210.76	2.116
210.98	2.068
211.20	2.031
211.42	2.035
211.63	2.062
211.85	2.053
212.07	2.035
212.29	2.019
212.51	2.010
212.73	2.002
212.95	2.021
213.17	2.046
213.39	2.059
213.60	2.067
213.82	2.111
214.04	2.104
214.26	2.143
214.48	2.135
214.70	2.119
214.92	2.167
215.14	2.177
215.35	2.165
215.57	2.184
215.79	2.146
216.01	2.180
216.23	2.150
216.45	2.167
216.67	2.201
216.89	2.193
217.10	2.233
217.32	2.180
217.54	2.203
217.76	2.216
217.98	2.212
218.20	2.206
218.42	2.151
218.64	2.186
218.85	2.188
219.07	2.166
219.29	2.195
219.51	2.185
219.73	2.189
219.95	2.195
220.17	2.226
220.38	2.253
220.60	2.258
220.82	2.232
221.04	2.239
221.26	2.241
221.48	2.235
221.69	2.243
221.91	2.264
222.13	2.259
222.35	2.256
222.57	2.203
222.79	2.204
223.00	2.196
223.22	2.206
223.44	2.206
223.66	2.214
223.88	2.206
224.10	2.235
224.32	2.275
224.53	2.306
224.75	2.355
224.97	2.426
225.19	2.454
225.41	2.423
225.62	2.448
225.84	2.419
226.06	2.399
226.28	2.375
226.50	2.371
226.72	2.361
226.93	2.331
227.15	2.337
227.37	2.365
227.59	2.357
227.81	2.374
228.02	2.401
228.24	2.410
228.46	2.452
228.68	2.452
228.90	2.463
229.12	2.421
229.33	2.401
229.55	2.401
229.77	2.377
229.99	2.349
230.21	2.347
230.42	2.340
230.64	2.319
230.86	2.280
231.08	2.295
231.30	2.296
231.51	2.273
231.73	2.283
231.95	2.268
232.17	2.248
232.38	2.220
232.60	2.194
232.82	2.197
233.04	2.190
233.26	2.180
233.47	2.164
233.69	2.148
233.91	2.138
234.13	2.118
234.35	2.116
234.56	2.121
234.78	2.097
235.00	2.066
235.22	2.047
235.43	2.038
235.65	2.012
235.87	1.984
236.09	1.977
236.30	1.951
236.52	1.936
236.74	1.919
236.96	1.910
237.18	1.887
237.39	1.871
237.61	1.857
237.83	1.845
238.05	1.826
238.26	1.809
238.48	1.788
238.70	1.774
238.92	1.759
239.13	1.751
239.35	1.732
239.57	1.720
239.79	1.709
240.00	1.695
240.22	1.682
240.44	1.670
240.66	1.657
240.87	1.642
241.09	1.622
241.31	1.611
241.53	1.596
241.74	1.582
241.96	1.566
242.18	1.553
242.40	1.540
242.61	1.528
242.83	1.514
243.05	1.503
243.27	1.492
243.48	1.479
243.70	1.468
243.92	1.458
244.13	1.447
244.35	1.437
244.57	1.425
244.79	1.415
245.00	1.406
245.22	1.395
245.44	1.386
245.65	1.377
245.87	1.367
246.09	1.357
246.31	1.346
246.52	1.337
246.74	1.327
246.96	1.319
247.18	1.309
247.39	1.302
247.61	1.293
247.83	1.286
248.04	1.279
248.26	1.273
248.48	1.267
248.69	1.262
248.91	1.255
249.13	1.248
249.35	1.240
249.56	1.234
249.78	1.228
250.00	1.223
250.21	1.216
250.43	1.211
250.65	1.203
250.86	1.198
251.08	1.195
251.30	1.189
251.51	1.183
251.73	1.179
251.95	1.172
252.17	1.168
252.38	1.162
252.60	1.157
252.82	1.151
253.03	1.147
253.25	1.143
253.47	1.139
253.68	1.134
253.90	1.131
254.12	1.127
254.33	1.125
254.55	1.121
254.77	1.119
254.98	1.115
255.20	1.111
255.42	1.108
255.63	1.105
255.85	1.103
256.07	1.099
256.28	1.095
256.50	1.093
256.72	1.090
256.93	1.084
257.15	1.082
257.37	1.080
257.58	1.077
257.80	1.074
258.02	1.071
258.23	1.070
258.45	1.067
258.67	1.065
258.88	1.064
259.10	1.062
259.32	1.060
259.53	1.059
259.75	1.056
259.96	1.055
260.18	1.053
260.40	1.050
260.61	1.049
260.83	1.048
261.05	1.046
261.26	1.044
261.48	1.042
261.70	1.041
261.91	1.041
262.13	1.039
262.34	1.038
262.56	1.036
262.78	1.034
262.99	1.035
263.21	1.033
263.43	1.031
263.64	1.029
263.86	1.026
264.07	1.025
264.29	1.024
264.51	1.022
264.72	1.020
264.94	1.018
265.16	1.017
265.37	1.016
265.59	1.016
265.80	1.014
266.02	1.014
266.24	1.011
266.45	1.011
266.67	1.009
266.88	1.006
267.10	1.005
267.32	1.002
267.53	1.001
267.75	1.000
267.96	0.997
268.18	0.995
268.40	0.994
268.61	0.993
268.83	0.992
269.04	0.989
269.26	0.988
269.48	0.985
269.69	0.983
269.91	0.981
270.12	0.979
270.34	0.977
270.56	0.974
270.77	0.972
270.99	0.970
271.20	0.967
271.42	0.965
271.64	0.963
271.85	0.961
272.07	0.959
272.28	0.956
272.50	0.953
272.71	0.950
272.93	0.948
273.15	0.945
273.36	0.943
273.58	0.940
273.79	0.938
274.01	0.936
274.22	0.932
274.44	0.929
274.66	0.926
274.87	0.923
275.09	0.920
275.30	0.917
275.52	0.914
275.73	0.910
275.95	0.906
276.16	0.903
276.38	0.900
276.60	0.897
276.81	0.893
277.03	0.890
277.24	0.886
277.46	0.883
277.67	0.878
277.89	0.875
278.10	0.872
278.32	0.868
278.53	0.864
278.75	0.860
278.97	0.857
279.18	0.853
279.40	0.850
279.61	0.847
279.83	0.843
280.04	0.839
280.26	0.835
280.47	0.832
280.69	0.828
280.90	0.824
281.12	0.820
281.33	0.815
281.55	0.811
281.76	0.806
281.98	0.803
282.20	0.799
282.41	0.793
282.63	0.789
282.84	0.784
283.06	0.780
283.27	0.776
283.49	0.772
283.70	0.768
283.92	0.763
284.13	0.759
284.35	0.755
284.56	0.751
284.78	0.747
284.99	0.742
285.21	0.737
285.42	0.733
285.64	0.728
285.85	0.723
286.07	0.719
286.28	0.713
286.50	0.708
286.71	0.703
286.93	0.698
287.14	0.693
287.36	0.688
287.57	0.684
287.79	0.680
288.00	0.676
288.22	0.672
288.43	0.667
288.65	0.663
288.86	0.659
289.08	0.654
289.29	0.650
289.51	0.645
289.72	0.640
289.94	0.635
290.15	0.630
290.37	0.626
290.58	0.622
290.80	0.617
291.01	0.612
291.22	0.608
291.44	0.603
291.65	0.599
291.87	0.595
292.08	0.591
292.30	0.586
292.51	0.582
292.73	0.578
292.94	0.575
293.16	0.571
293.37	0.567
293.59	0.564
293.80	0.560
294.02	0.556
294.23	0.553
294.44	0.549
294.66	0.545
294.87	0.541
295.09	0.537
295.30	0.533
295.52	0.529
295.73	0.525
295.95	0.521
296.16	0.517
296.37	0.513
296.59	0.510
296.80	0.506
297.02	0.503
297.23	0.500
297.45	0.496
297.66	0.492
297.88	0.489
298.09	0.485
298.30	0.482
298.52	0.478
298.73	0.474
298.95	0.471
299.16	0.467
299.38	0.464
299.59	0.461
299.80	0.457
300.02	0.454
300.23	0.451
300.45	0.448
300.66	0.444
300.88	0.441
301.09	0.439
301.30	0.436
301.52	0.432
301.73	0.429
301.95	0.426
302.16	0.423
302.37	0.419
302.59	0.417
302.80	0.414
303.02	0.411
303.23	0.408
303.45	0.405
303.66	0.402
303.87	0.400
304.09	0.397
304.30	0.394
304.52	0.391
304.73	0.388
304.94	0.386
305.16	0.383
305.37	0.380
305.59	0.377
305.80	0.374
306.01	0.371
306.23	0.368
306.44	0.365
306.65	0.362
306.87	0.360
307.08	0.357
307.30	0.355
307.51	0.354
307.72	0.352
307.94	0.350
308.15	0.348
308.37	0.347
308.58	0.344
308.79	0.342
309.01	0.340
309.22	0.337
309.43	0.334
309.65	0.331
309.86	0.329
310.07	0.326
310.29	0.323
310.50	0.320
310.72	0.317
310.93	0.314
311.14	0.311
311.36	0.309
311.57	0.307
311.78	0.304
312.00	0.302
312.21	0.300
312.42	0.299
312.64	0.297
312.85	0.296
313.07	0.294
313.28	0.293
313.49	0.291
313.71	0.289
313.92	0.287
314.13	0.285
314.35	0.283
314.56	0.281
314.77	0.279
314.99	0.277
315.20	0.275
315.41	0.274
315.63	0.273
315.84	0.271
316.05	0.269
316.27	0.268
316.48	0.266
316.69	0.264
316.91	0.262
317.12	0.261
317.33	0.259
317.55	0.257
317.76	0.256
317.97	0.254
318.19	0.252
318.40	0.251
318.61	0.250
318.83	0.248
319.04	0.247
319.25	0.246
319.47	0.245
319.68	0.244
319.89	0.243
320.10	0.242
320.32	0.241
320.53	0.239
320.74	0.238
320.96	0.237
321.17	0.235
321.38	0.233
321.60	0.232
321.81	0.231
322.02	0.229
322.24	0.228
322.45	0.227
322.66	0.226
322.87	0.225
323.09	0.224
323.30	0.223
323.51	0.221
323.73	0.220
323.94	0.219
324.15	0.219
324.36	0.218
324.58	0.216
324.79	0.215
325.00	0.214
325.22	0.213
325.43	0.213
325.64	0.212
325.85	0.211
326.07	0.209
326.28	0.208
326.49	0.208
326.71	0.207
326.92	0.206
327.13	0.205
327.34	0.204
327.56	0.203
327.77	0.202
327.98	0.201
328.19	0.200
328.41	0.199
328.62	0.198
328.83	0.198
329.04	0.197
329.26	0.195
329.47	0.194
329.68	0.194
329.90	0.193
330.11	0.192
330.32	0.192
330.53	0.191
330.75	0.190
330.96	0.190
331.17	0.190
331.38	0.189
331.60	0.189
331.81	0.188
332.02	0.188
332.23	0.187
332.44	0.187
332.66	0.186
332.87	0.185
333.08	0.184
333.29	0.184
333.51	0.182
333.72	0.182
333.93	0.182
334.14	0.181
334.36	0.180
334.57	0.179
334.78	0.178
334.99	0.178
335.21	0.177
335.42	0.177
335.63	0.176
335.84	0.176
336.05	0.175
336.27	0.175
336.48	0.175
336.69	0.174
336.90	0.174
337.11	0.173
337.33	0.173
337.54	0.172
337.75	0.172
337.96	0.171
338.18	0.169
338.39	0.169
338.60	0.168
338.81	0.168
339.02	0.167
339.24	0.167
339.45	0.166
339.66	0.166
339.87	0.165
340.08	0.165
340.30	0.163
340.51	0.163
340.72	0.163
340.93	0.162
341.14	0.161
341.36	0.161
341.57	0.160
341.78	0.160
341.99	0.159
342.20	0.159
342.41	0.158
342.63	0.158
342.84	0.158
343.05	0.158
343.26	0.157
343.47	0.157
343.69	0.157
343.90	0.156
344.11	0.156
344.32	0.155
344.53	0.155
344.74	0.155
344.96	0.154
345.17	0.153
345.38	0.152
345.59	0.152
345.80	0.152
346.01	0.150
346.23	0.150
346.44	0.150
346.65	0.150
346.86	0.149
347.07	0.148
347.28	0.148
347.50	0.148
347.71	0.147
347.92	0.147
348.13	0.147
348.34	0.146
348.55	0.146
348.76	0.146
348.98	0.146
349.19	0.145
349.40	0.145
349.61	0.144
349.82	0.144
350.03	0.144
350.24	0.143
350.46	0.142
350.67	0.142
350.88	0.141
351.09	0.141
351.30	0.141
351.51	0.140
351.72	0.140
351.93	0.140
352.15	0.140
352.36	0.140
352.57	0.139
352.78	0.139
352.99	0.138
353.20	0.138
353.41	0.138
353.62	0.137
353.84	0.137
354.05	0.136
354.26	0.135
354.47	0.135
354.68	0.135
354.89	0.135
355.10	0.134
355.31	0.134
355.52	0.133
355.74	0.133
355.95	0.132
356.16	0.132
356.37	0.132
356.58	0.132
356.79	0.131
357.00	0.132
357.21	0.131
357.42	0.131
357.63	0.130
357.85	0.130
358.06	0.130
358.27	0.129
358.48	0.129
358.69	0.128
358.90	0.127
359.11	0.127
359.32	0.127
359.53	0.127
359.74	0.127
359.95	0.127
360.17	0.126
360.38	0.126
360.59	0.126
360.80	0.126
361.01	0.126
361.22	0.125
361.43	0.125
361.64	0.124
361.85	0.124
362.06	0.124
362.27	0.124
362.48	0.124
362.69	0.124
362.90	0.123
363.12	0.123
363.33	0.122
363.54	0.122
363.75	0.122
363.96	0.121
364.17	0.120
364.38	0.119
364.59	0.119
364.80	0.118
365.01	0.118
365.22	0.119
365.43	0.119
365.64	0.118
365.85	0.119
366.06	0.119
366.27	0.119
366.48	0.119
366.69	0.119
366.90	0.118
367.11	0.118
367.32	0.117
367.54	0.116
367.75	0.116
367.96	0.116
368.17	0.115
368.38	0.115
368.59	0.114
368.80	0.114
369.01	0.114
369.22	0.114
369.43	0.113
369.64	0.113
369.85	0.113
370.06	0.112
370.27	0.112
370.48	0.112
370.69	0.112
370.90	0.112
371.11	0.110
371.32	0.110
371.53	0.110
371.74	0.109
371.95	0.110
372.16	0.110
372.37	0.109
372.58	0.109
372.79	0.109
373.00	0.110
373.21	0.110
373.42	0.109
373.63	0.109
373.84	0.108
374.05	0.108
374.26	0.108
374.47	0.108
374.68	0.108
374.89	0.107
375.10	0.107
375.31	0.107
375.52	0.107
375.73	0.108
375.94	0.107
376.15	0.107
376.36	0.106
376.57	0.106
376.78	0.106
376.99	0.106
377.20	0.106
377.41	0.105
377.62	0.105
377.83	0.104
378.04	0.104
378.25	0.104
378.46	0.103
378.67	0.103
378.88	0.103
379.09	0.103
379.30	0.102
379.51	0.102
379.72	0.102
379.92	0.102
380.13	0.102
380.34	0.102
380.55	0.102
380.76	0.102
380.97	0.102
381.18	0.102
381.39	0.102
381.60	0.102
381.81	0.102
382.02	0.102
382.23	0.101
382.44	0.101
382.65	0.101
382.86	0.101
383.07	0.100
383.28	0.100
383.49	0.100
383.70	0.100
383.91	0.099
384.11	0.099
384.32	0.099
384.53	0.099
384.74	0.098
384.95	0.099
385.16	0.099
385.37	0.098
385.58	0.097
385.79	0.097
386.00	0.096
386.21	0.097
386.42	0.097
386.63	0.096
386.84	0.097
387.04	0.097
387.25	0.097
387.46	0.097
387.67	0.097
387.88	0.097
388.09	0.096
388.30	0.096
388.51	0.096
388.72	0.095
388.93	0.096
389.14	0.095
389.34	0.096
389.55	0.095
389.76	0.096
389.97	0.096
390.18	0.095
390.39	0.095
390.60	0.095
390.81	0.095
391.02	0.095
391.23	0.095
391.43	0.095
391.64	0.094
391.85	0.094
392.06	0.093
392.27	0.094
392.48	0.093
392.69	0.093
392.90	0.093
393.11	0.093
393.31	0.093
393.52	0.093
393.73	0.093
393.94	0.093
394.15	0.093
394.36	0.093
394.57	0.093
394.78	0.092
394.98	0.093
395.19	0.092
395.40	0.092
395.61	0.092
395.82	0.092
396.03	0.092
396.24	0.092
396.44	0.091
396.65	0.091
396.86	0.090
397.07	0.091
397.28	0.091
397.49	0.090
397.70	0.090
397.90	0.090
398.11	0.090
398.32	0.090
398.53	0.090
398.74	0.090
398.95	0.091
399.16	0.090
399.36	0.090
399.57	0.090
399.78	0.090
399.99	0.089
400.20	0.089
400.41	0.088
400.61	0.088
400.82	0.087
401.03	0.088
401.24	0.088
401.45	0.088
401.66	0.088
401.86	0.089
402.07	0.090
402.28	0.089
402.49	0.089
402.70	0.090
402.91	0.089
403.11	0.088
403.32	0.088
403.53	0.088
403.74	0.087
403.95	0.087
404.15	0.087
404.36	0.087
404.57	0.086
404.78	0.087
404.99	0.087
405.20	0.087
405.40	0.087
405.61	0.087
405.82	0.087
406.03	0.088
406.24	0.088
406.44	0.087
406.65	0.088
406.86	0.088
407.07	0.088
407.28	0.088
407.48	0.088
407.69	0.087
407.90	0.088
408.11	0.088
408.32	0.088
408.52	0.088
408.73	0.087
408.94	0.087
409.15	0.087
409.35	0.088
409.56	0.087
409.77	0.087
409.98	0.087
410.19	0.087
410.39	0.086
410.60	0.085
410.81	0.086
411.02	0.086
411.22	0.086
411.43	0.086
411.64	0.086
411.85	0.085
412.05	0.085
412.26	0.086
412.47	0.086
412.68	0.086
412.89	0.086
413.09	0.085
413.30	0.085
413.51	0.085
413.72	0.085
413.92	0.085
414.13	0.085
414.34	0.085
414.55	0.085
414.75	0.085
414.96	0.085
415.17	0.085
415.38	0.085
415.58	0.085
415.79	0.085
416.00	0.085
416.21	0.085
416.41	0.085
416.62	0.086
416.83	0.086
417.03	0.086
417.24	0.085
417.45	0.085
417.66	0.085
417.86	0.086
418.07	0.086
418.28	0.085
418.49	0.086
418.69	0.086
418.90	0.086
419.11	0.086
419.31	0.086
419.52	0.086
419.73	0.086
419.94	0.086
420.14	0.086
420.35	0.085
420.56	0.085
420.76	0.085
420.97	0.085
421.18	0.084
421.39	0.084
421.59	0.084
421.80	0.083
422.01	0.083
422.21	0.082
422.42	0.082
422.63	0.082
422.84	0.082
423.04	0.083
423.25	0.082
423.46	0.082
423.66	0.082
423.87	0.082
424.08	0.083
424.28	0.083
424.49	0.083
424.70	0.082
424.90	0.082
425.11	0.082
425.32	0.082
425.52	0.082
425.73	0.083
425.94	0.083
426.15	0.083
426.35	0.083
426.56	0.083
426.77	0.083
426.97	0.083
427.18	0.084
427.39	0.084
427.59	0.083
427.80	0.083
428.01	0.083
428.21	0.083
428.42	0.083
428.63	0.083
428.83	0.083
429.04	0.082
429.25	0.083
429.45	0.083
429.66	0.082
429.87	0.082
430.07	0.082
430.28	0.082
430.48	0.082
430.69	0.082
430.90	0.082
431.10	0.081
431.31	0.082
431.52	0.081
431.72	0.081
431.93	0.081
432.14	0.081
432.34	0.081
432.55	0.081
432.76	0.081
432.96	0.081
433.17	0.081
433.37	0.081
433.58	0.081
433.79	0.081
433.99	0.081
434.20	0.081
434.41	0.080
434.61	0.080
434.82	0.080
435.02	0.080
435.23	0.080
435.44	0.081
435.64	0.080
435.85	0.080
436.06	0.080
436.26	0.081
436.47	0.081
436.67	0.080
436.88	0.080
437.09	0.080
437.29	0.080
437.50	0.080
437.70	0.080
437.91	0.080
438.12	0.080
438.32	0.080
438.53	0.080
438.73	0.080
438.94	0.080
439.15	0.080
439.35	0.081
439.56	0.081
439.76	0.081
439.97	0.081
440.18	0.081
440.38	0.080
440.59	0.081
440.79	0.081
441.00	0.081
441.20	0.080
441.41	0.079
441.62	0.079
441.82	0.079
442.03	0.079
442.23	0.079
442.44	0.078
442.65	0.078
442.85	0.078
443.06	0.078
443.26	0.079
443.47	0.079
443.67	0.078
443.88	0.079
444.09	0.078
444.29	0.079
444.50	0.079
444.70	0.079
444.91	0.079
445.11	0.079
445.32	0.079
445.52	0.079
445.73	0.079
445.94	0.080
446.14	0.080
446.35	0.079
446.55	0.079
446.76	0.079
446.96	0.079
447.17	0.078
447.37	0.078
447.58	0.079
447.78	0.079
447.99	0.078
448.20	0.078
448.40	0.078
448.61	0.078
448.81	0.078
449.02	0.079
449.22	0.078
449.43	0.077
449.63	0.077
449.84	0.077
450.04	0.078
450.25	0.078
450.45	0.078
450.66	0.078
450.86	0.078
451.07	0.077
451.27	0.078
451.48	0.078
451.68	0.078
451.89	0.077
452.09	0.077
452.30	0.077
452.50	0.077
452.71	0.077
452.91	0.077
453.12	0.077
453.33	0.077
453.53	0.078
453.74	0.078
453.94	0.077
454.15	0.077
454.35	0.077
454.56	0.077
454.76	0.078
454.96	0.078
455.17	0.078
455.37	0.078
455.58	0.077
455.78	0.077
455.99	0.077
456.19	0.077
456.40	0.077
456.60	0.077
456.81	0.078
457.01	0.078
457.22	0.078
457.42	0.078
457.63	0.078
457.83	0.078
458.04	0.078
458.24	0.078
458.45	0.077
458.65	0.076
458.86	0.076
459.06	0.077
459.27	0.077
459.47	0.077
459.67	0.077
459.88	0.077
460.08	0.077
460.29	0.076
460.49	0.076
460.70	0.076
460.90	0.076
461.11	0.076
461.31	0.077
461.52	0.077
461.72	0.077
461.92	0.077
462.13	0.078
462.33	0.078
462.54	0.078
462.74	0.078
462.95	0.078
463.15	0.077
463.36	0.077
463.56	0.077
463.76	0.077
463.97	0.077
464.17	0.077
464.38	0.077
464.58	0.077
464.79	0.077
464.99	0.077
465.19	0.077
465.40	0.077
465.60	0.077
465.81	0.078
466.01	0.077
466.22	0.077
466.42	0.077
466.62	0.077
466.83	0.077
467.03	0.077
467.24	0.077
467.44	0.077
467.65	0.076
467.85	0.077
468.05	0.076
468.26	0.077
468.46	0.077
468.67	0.077
468.87	0.077
469.07	0.077
469.28	0.076
469.48	0.077
469.69	0.077
469.89	0.077
470.09	0.078
470.30	0.077
470.50	0.077
470.71	0.076
470.91	0.076
471.11	0.077
471.32	0.076
471.52	0.076
471.72	0.076
471.93	0.075
472.13	0.075
472.34	0.075
472.54	0.075
472.74	0.075
472.95	0.075
473.15	0.075
473.35	0.075
473.56	0.075
473.76	0.074
473.97	0.075
474.17	0.075
474.37	0.074
474.58	0.074
474.78	0.074
474.98	0.074
475.19	0.073
475.39	0.073
475.60	0.074
475.80	0.074
476.00	0.074
476.21	0.074
476.41	0.075
476.61	0.074
476.82	0.075
477.02	0.075
477.22	0.075
477.43	0.075
477.63	0.075
477.83	0.075
478.04	0.075
478.24	0.075
478.44	0.075
478.65	0.075
478.85	0.075
479.05	0.075
479.26	0.075
479.46	0.074
479.66	0.074
479.87	0.073
480.07	0.073
480.27	0.073
480.48	0.073
480.68	0.073
480.88	0.072
481.09	0.072
481.29	0.073
481.49	0.073
481.70	0.074
481.90	0.073
482.10	0.073
482.31	0.073
482.51	0.073
482.71	0.074
482.92	0.073
483.12	0.073
483.32	0.073
483.52	0.072
483.73	0.073
483.93	0.073
484.13	0.072
484.34	0.073
484.54	0.072
484.74	0.072
484.95	0.073
485.15	0.073
485.35	0.073
485.55	0.073
485.76	0.073
485.96	0.074
486.16	0.074
486.37	0.074
486.57	0.074
486.77	0.074
486.97	0.074
487.18	0.074
487.38	0.074
487.58	0.074
487.79	0.074
487.99	0.073
488.19	0.073
488.39	0.073
488.60	0.074
488.80	0.073
489.00	0.074
489.20	0.073
489.41	0.073
489.61	0.073
489.81	0.073
490.02	0.073
490.22	0.074
490.42	0.073
490.62	0.073
490.83	0.073
491.03	0.073
491.23	0.073
491.43	0.073
491.64	0.073
491.84	0.073
492.04	0.072
492.24	0.072
492.45	0.071
492.65	0.071
492.85	0.071
493.05	0.071
493.26	0.071
493.46	0.071
493.66	0.071
493.86	0.071
494.07	0.071
494.27	0.071
494.47	0.071
494.67	0.071
494.87	0.072
495.08	0.072
495.28	0.072
495.48	0.072
495.68	0.071
495.89	0.071
496.09	0.071
496.29	0.071
496.49	0.071
496.69	0.071
496.90	0.070
497.10	0.070
497.30	0.071
497.50	0.071
497.71	0.071
497.91	0.071
498.11	0.071
498.31	0.071
498.51	0.071
498.72	0.072
498.92	0.072
499.12	0.071
499.32	0.071
499.52	0.071
499.73	0.071
499.93	0.071
500.13	0.071
500.33	0.071
500.53	0.071
500.74	0.071
500.94	0.071
501.14	0.071
501.34	0.072
501.54	0.071
501.74	0.071
501.95	0.071
502.15	0.071
502.35	0.071
502.55	0.071
502.75	0.071
502.96	0.071
503.16	0.070
503.36	0.071
503.56	0.071
503.76	0.071
503.96	0.071
504.17	0.071
504.37	0.071
504.57	0.071
504.77	0.071
504.97	0.071
505.17	0.071
505.38	0.071
505.58	0.070
505.78	0.071
505.98	0.070
506.18	0.070
506.38	0.070
506.58	0.070
506.79	0.070
506.99	0.070
507.19	0.070
507.39	0.070
507.59	0.070
507.79	0.070
507.99	0.070
508.20	0.070
508.40	0.070
508.60	0.070
508.80	0.069
509.00	0.070
509.20	0.070
509.40	0.070
509.61	0.070
509.81	0.070
510.01	0.070
510.21	0.070
510.41	0.070
510.61	0.070
510.81	0.070
511.01	0.070
511.22	0.070
511.42	0.070
511.62	0.069
511.82	0.069
512.02	0.069
512.22	0.069
512.42	0.069
512.62	0.069
512.82	0.069
513.03	0.069
513.23	0.069
513.43	0.069
513.63	0.070
513.83	0.069
514.03	0.070
514.23	0.070
514.43	0.070
514.63	0.070
514.83	0.070
515.04	0.070
515.24	0.070
515.44	0.069
515.64	0.069
515.84	0.069
516.04	0.069
516.24	0.069
516.44	0.068
516.64	0.068
516.84	0.068
517.04	0.068
517.24	0.068
517.45	0.068
517.65	0.068
517.85	0.068
518.05	0.068
518.25	0.068
518.45	0.068
518.65	0.068
518.85	0.069
519.05	0.069
519.25	0.069
519.45	0.069
519.65	0.069
519.85	0.069
520.05	0.069
520.25	0.069
520.46	0.068
520.66	0.068
520.86	0.068
521.06	0.068
521.26	0.068
521.46	0.068
521.66	0.067
521.86	0.068
522.06	0.067
522.26	0.069
522.46	0.068
522.66	0.068
522.86	0.068
523.06	0.067
523.26	0.067
523.46	0.067
523.66	0.066
523.86	0.067
524.06	0.066
524.26	0.066
524.46	0.066
524.66	0.066
524.86	0.067
525.06	0.066
525.26	0.066
525.46	0.067
525.66	0.066
525.87	0.067
526.07	0.067
526.27	0.067
526.47	0.068
526.67	0.067
526.87	0.068
527.07	0.068
527.27	0.068
527.47	0.068
527.67	0.067
527.87	0.067
528.07	0.067
528.27	0.067
528.47	0.067
528.67	0.066
528.87	0.066
529.07	0.066
529.27	0.066
529.47	0.067
529.67	0.066
529.87	0.066
530.07	0.066
530.27	0.066
530.47	0.067
530.67	0.067
530.87	0.067
531.06	0.067
531.26	0.067
531.46	0.067
531.66	0.066
531.86	0.066
532.06	0.066
532.26	0.066
532.46	0.066
532.66	0.066
532.86	0.066
533.06	0.066
533.26	0.066
533.46	0.067
533.66	0.067
533.86	0.067
534.06	0.067
534.26	0.067
534.46	0.067
534.66	0.067
534.86	0.067
535.06	0.066
535.26	0.066
535.46	0.066
535.66	0.066
535.86	0.066
536.06	0.066
536.26	0.066
536.45	0.066
536.65	0.066
536.85	0.066
537.05	0.066
537.25	0.065
537.45	0.065
537.65	0.065
537.85	0.066
538.05	0.066
538.25	0.065
538.45	0.065
538.65	0.066
538.85	0.066
539.05	0.066
539.25	0.065
539.44	0.065
539.64	0.065
539.84	0.065
540.04	0.065
540.24	0.064
540.44	0.064
540.64	0.064
540.84	0.064
541.04	0.064
541.24	0.064
541.44	0.065
541.64	0.065
541.83	0.065
542.03	0.065
542.23	0.065
542.43	0.065
542.63	0.066
542.83	0.066
543.03	0.065
543.23	0.065
543.43	0.065
543.63	0.065
543.82	0.064
544.02	0.064
544.22	0.064
544.42	0.064
544.62	0.063
544.82	0.064
545.02	0.064
545.22	0.064
545.42	0.064
545.61	0.064
545.81	0.064
546.01	0.064
546.21	0.064
546.41	0.064
546.61	0.063
546.81	0.063
547.01	0.063
547.20	0.063
547.40	0.063
547.60	0.063
547.80	0.063
548.00	0.063
548.20	0.062
548.40	0.063
548.59	0.063
548.79	0.063
548.99	0.063
549.19	0.063
549.39	0.063
549.59	0.064
549.79	0.064
549.98	0.065
550.18	0.064
550.38	0.064
550.58	0.065
550.78	0.065
550.98	0.065
551.17	0.065
551.37	0.064
551.57	0.064
551.77	0.064
551.97	0.064
552.17	0.065
552.36	0.064
552.56	0.064
552.76	0.064
552.96	0.064
553.16	0.064
553.36	0.064
553.55	0.064
553.75	0.064
553.95	0.064
554.15	0.064
554.35	0.064
554.55	0.063
554.74	0.064
554.94	0.064
555.14	0.064
555.34	0.063
555.54	0.064
555.73	0.063
555.93	0.063
556.13	0.063
556.33	0.063
556.53	0.063
556.72	0.063
556.92	0.063
557.12	0.063
557.32	0.063
557.52	0.063
557.71	0.063
557.91	0.063
558.11	0.063
558.31	0.063
558.51	0.062
558.70	0.062
558.90	0.063
559.10	0.062
559.30	0.063
559.49	0.063
559.69	0.064
559.89	0.064
560.09	0.064
560.29	0.064
560.48	0.065
560.68	0.065
560.88	0.065
561.08	0.065
561.27	0.065
561.47	0.064
561.67	0.064
561.87	0.064
562.06	0.064
562.26	0.063
562.46	0.063
562.66	0.063
562.86	0.064
563.05	0.063
563.25	0.063
563.45	0.063
563.65	0.062
563.84	0.062
564.04	0.062
564.24	0.062
564.44	0.062
564.63	0.061
564.83	0.061
565.03	0.061
565.22	0.061
565.42	0.062
565.62	0.062
565.82	0.062
566.01	0.062
566.21	0.061
566.41	0.062
566.61	0.062
566.80	0.062
567.00	0.062
567.20	0.063
567.40	0.063
567.59	0.063
567.79	0.063
567.99	0.063
568.18	0.063
568.38	0.063
568.58	0.064
568.78	0.063
568.97	0.063
569.17	0.063
569.37	0.063
569.56	0.063
569.76	0.063
569.96	0.063
570.16	0.064
570.35	0.064
570.55	0.064
570.75	0.064
570.94	0.064
571.14	0.064
571.34	0.064
571.53	0.064
571.73	0.063
571.93	0.063
572.12	0.063
572.32	0.063
572.52	0.064
572.72	0.064
572.91	0.064
573.11	0.064
573.31	0.064
573.50	0.064
573.70	0.064
573.90	0.064
574.09	0.064
574.29	0.064
574.49	0.064
574.68	0.064
574.88	0.064
575.08	0.064
575.27	0.064
575.47	0.064
575.67	0.064
575.86	0.064
576.06	0.064
576.26	0.064
576.45	0.064
576.65	0.064
576.85	0.064
577.04	0.063
577.24	0.064
577.44	0.063
577.63	0.063
577.83	0.063
578.02	0.063
578.22	0.064
578.42	0.063
578.61	0.064
578.81	0.064
579.01	0.064
579.20	0.064
579.40	0.064
579.60	0.065
579.79	0.064
579.99	0.064
580.19	0.065
580.38	0.064
580.58	0.064
580.77	0.064
580.97	0.064
581.17	0.064
581.36	0.064
581.56	0.063
581.75	0.063
581.95	0.063
582.15	0.063
582.34	0.063
582.54	0.063
582.74	0.063
582.93	0.063
583.13	0.063
583.32	0.063
583.52	0.063
583.72	0.063
583.91	0.063
584.11	0.063
584.30	0.062
584.50	0.063
584.70	0.063
584.89	0.063
585.09	0.063
585.28	0.063
585.48	0.064
585.68	0.064
585.87	0.064
586.07	0.064
586.26	0.064
586.46	0.063
586.66	0.063
586.85	0.063
587.05	0.063
587.24	0.062
587.44	0.063
587.63	0.063
587.83	0.063
588.03	0.063
588.22	0.063
588.42	0.063
588.61	0.063
588.81	0.063
589.00	0.063
589.20	0.062
589.40	0.062
589.59	0.062
589.79	0.062
589.98	0.062
590.18	0.062
590.37	0.062
590.57	0.062
590.76	0.062
590.96	0.062
591.16	0.062
591.35	0.062
591.55	0.062
591.74	0.062
591.94	0.062
592.13	0.062
592.33	0.062
592.52	0.062
592.72	0.061
592.91	0.062
593.11	0.062
593.30	0.062
593.50	0.063
593.70	0.062
593.89	0.062
594.09	0.063
594.28	0.063
594.48	0.063
594.67	0.063
594.87	0.062
595.06	0.062
595.26	0.062
595.45	0.061
595.65	0.061
595.84	0.061
596.04	0.061
596.23	0.061
596.43	0.062
596.62	0.062
596.82	0.061
597.01	0.062
597.21	0.062
597.40	0.062
597.60	0.061
597.79	0.061
597.99	0.061
598.18	0.061
598.38	0.061
598.57	0.061
598.77	0.061
598.96	0.061
599.16	0.062
599.35	0.061
599.55	0.062
599.74	0.061
599.94	0.061
600.13	0.062
600.33	0.062
600.52	0.062
600.72	0.062
600.91	0.061
601.11	0.062
601.30	0.061
601.50	0.062
601.69	0.062
601.89	0.062
602.08	0.061
602.27	0.061
602.47	0.061
602.66	0.061
602.86	0.061
603.05	0.061
603.25	0.061
603.44	0.061
603.64	0.061
603.83	0.061
604.03	0.061
604.22	0.061
604.41	0.061
604.61	0.061
604.80	0.061
605.00	0.060
605.19	0.060
605.39	0.060
605.58	0.060
605.78	0.060
605.97	0.060
606.16	0.060
606.36	0.061
606.55	0.060
606.75	0.060
606.94	0.060
607.14	0.060
607.33	0.060
607.52	0.061
607.72	0.061
607.91	0.061
608.11	0.061
608.30	0.062
608.50	0.062
608.69	0.062
608.88	0.062
609.08	0.062
609.27	0.062
609.47	0.062
609.66	0.062
609.85	0.061
610.05	0.061
610.24	0.060
610.44	0.061
610.63	0.060
610.83	0.059
611.02	0.058
611.21	0.058
611.41	0.058
611.60	0.058
611.80	0.058
611.99	0.058
612.18	0.058
612.38	0.058
612.57	0.059
612.76	0.059
612.96	0.060
613.15	0.060
613.35	0.060
613.54	0.060
613.73	0.060
613.93	0.060
614.12	0.060
614.32	0.060
614.51	0.060
614.70	0.060
614.90	0.060
615.09	0.060
615.28	0.059
615.48	0.060
615.67	0.060
615.86	0.060
616.06	0.060
616.25	0.060
616.45	0.059
616.64	0.059
616.83	0.059
617.03	0.058
617.22	0.058
617.41	0.058
617.61	0.058
617.80	0.058
617.99	0.058
618.19	0.058
618.38	0.058
618.57	0.058
618.77	0.058
618.96	0.058
619.15	0.058
619.35	0.058
619.54	0.058
619.73	0.058
619.93	0.058
620.12	0.059
620.31	0.059
620.51	0.059
620.70	0.059
620.89	0.059
621.09	0.059
621.28	0.059
621.47	0.059
621.67	0.059
621.86	0.059
622.05	0.059
622.25	0.059
622.44	0.059
622.63	0.059
622.83	0.059
623.02	0.059
623.21	0.058
623.41	0.059
623.60	0.058
623.79	0.058
623.98	0.058
624.18	0.058
624.37	0.059
624.56	0.058
624.76	0.058
624.95	0.059
625.14	0.058
625.33	0.059
625.53	0.059
625.72	0.059
625.91	0.058
626.11	0.058
626.30	0.059
626.49	0.058
626.68	0.058
626.88	0.058
627.07	0.058
627.26	0.057
627.46	0.057
627.65	0.057
627.84	0.057
628.03	0.057
628.23	0.057
628.42	0.057
628.61	0.058
628.80	0.057
629.00	0.057
629.19	0.057
629.38	0.057
629.58	0.057
629.77	0.057
629.96	0.057
630.15	0.057
630.35	0.056
630.54	0.056
630.73	0.056
630.92	0.057
631.12	0.056
631.31	0.056
631.50	0.056
631.69	0.056
631.89	0.056
632.08	0.056
632.27	0.057
632.46	0.057
632.65	0.057
632.85	0.057
633.04	0.057
633.23	0.056
633.42	0.056
633.62	0.056
633.81	0.056
634.00	0.056
634.19	0.055
634.39	0.056
634.58	0.056
634.77	0.056
634.96	0.056
635.15	0.056
635.35	0.056
635.54	0.056
635.73	0.056
635.92	0.057
636.11	0.056
636.31	0.056
636.50	0.057
636.69	0.057
636.88	0.057
637.07	0.057
637.27	0.057
637.46	0.057
637.65	0.057
637.84	0.056
638.03	0.056
638.23	0.056
638.42	0.056
638.61	0.055
638.80	0.055
638.99	0.055
639.19	0.056
639.38	0.055
639.57	0.056
639.76	0.056
639.95	0.056
640.14	0.056
640.34	0.056
640.53	0.055
640.72	0.055
640.91	0.055
641.10	0.055
641.30	0.055
641.49	0.055
641.68	0.054
641.87	0.055
642.06	0.055
642.25	0.055
642.44	0.055
642.64	0.056
642.83	0.055
643.02	0.055
643.21	0.055
643.40	0.055
643.59	0.054
643.79	0.054
643.98	0.055
644.17	0.055
644.36	0.055
644.55	0.056
644.74	0.056
644.93	0.056
645.13	0.056
645.32	0.056
645.51	0.056
645.70	0.056
645.89	0.056
646.08	0.056
646.27	0.056
646.46	0.055
646.66	0.055
646.85	0.055
647.04	0.055
647.23	0.055
647.42	0.056
647.61	0.055
647.80	0.055
647.99	0.055
648.19	0.056
648.38	0.056
648.57	0.056
648.76	0.056
648.95	0.056
649.14	0.056
649.33	0.056
649.52	0.057
649.71	0.057
649.91	0.057
650.10	0.056
650.29	0.056
650.48	0.056
650.67	0.056
650.86	0.057
651.05	0.057
651.24	0.057
651.43	0.057
651.62	0.057
651.81	0.057
652.01	0.057
652.20	0.057
652.39	0.056
652.58	0.056
652.77	0.056
652.96	0.055
653.15	0.055
653.34	0.055
653.53	0.055
653.72	0.056
653.91	0.057
654.10	0.057
654.29	0.058
654.48	0.058
654.68	0.057
654.87	0.057
655.06	0.057
655.25	0.057
655.44	0.057
655.63	0.057
655.82	0.057
656.01	0.057
656.20	0.057
656.39	0.058
656.58	0.058
656.77	0.058
656.96	0.059
657.15	0.058
657.34	0.058
657.53	0.057
657.72	0.057
657.91	0.057
658.10	0.056
658.29	0.056
658.48	0.056
658.68	0.055
658.87	0.055
659.06	0.056
659.25	0.055
659.44	0.056
659.63	0.056
659.82	0.056
660.01	0.055
660.20	0.056
660.39	0.056
660.58	0.056
660.77	0.056
660.96	0.055
661.15	0.055
661.34	0.055
661.53	0.055
661.72	0.055
661.91	0.055
662.10	0.055
662.29	0.055
662.48	0.054
662.67	0.055
662.86	0.054
663.05	0.055
663.24	0.055
663.43	0.055
663.62	0.055
663.81	0.055
664.00	0.055
664.19	0.055
664.38	0.055
664.57	0.055
664.76	0.055
664.95	0.056
665.14	0.055
665.33	0.056
665.52	0.056
665.71	0.055
665.90	0.056
666.09	0.056
666.28	0.056
666.46	0.056
666.65	0.056
666.84	0.056
667.03	0.056
667.22	0.056
667.41	0.057
667.60	0.056
667.79	0.056
667.98	0.056
668.17	0.055
668.36	0.055
668.55	0.055
668.74	0.055
668.93	0.055
669.12	0.055
669.31	0.055
669.50	0.055
669.69	0.055
669.88	0.055
670.07	0.056
670.26	0.056
670.44	0.056
670.63	0.057
670.82	0.057
671.01	0.057
671.20	0.057
671.39	0.057
671.58	0.057
671.77	0.057
671.96	0.057
672.15	0.056
672.34	0.056
672.53	0.056
672.72	0.056
672.91	0.055
673.09	0.055
673.28	0.055
673.47	0.055
673.66	0.055
673.85	0.055
674.04	0.055
674.23	0.055
674.42	0.055
674.61	0.055
674.80	0.055
674.98	0.055
675.17	0.056
675.36	0.056
675.55	0.056
675.74	0.055
675.93	0.055
676.12	0.055
676.31	0.056
676.50	0.055
676.69	0.056
676.87	0.055
677.06	0.055
677.25	0.055
677.44	0.055
677.63	0.055
677.82	0.055
678.01	0.055
678.20	0.055
678.38	0.055
678.57	0.056
678.76	0.055
678.95	0.055
679.14	0.055
679.33	0.056
679.52	0.055
679.71	0.055
679.89	0.056
680.08	0.055
680.27	0.055
680.46	0.055
680.65	0.055
680.84	0.056
681.02	0.055
681.21	0.055
681.40	0.055
681.59	0.055
681.78	0.055
681.97	0.055
682.16	0.055
682.34	0.055
682.53	0.055
682.72	0.056
682.91	0.056
683.10	0.056
683.29	0.055
683.47	0.055
683.66	0.055
683.85	0.055
684.04	0.055
684.23	0.055
684.42	0.055
684.60	0.055
684.79	0.055
684.98	0.056
685.17	0.056
685.36	0.056
685.54	0.055
685.73	0.056
685.92	0.055
686.11	0.056
686.30	0.056
686.49	0.055
686.67	0.055
686.86	0.055
687.05	0.055
687.24	0.055
687.43	0.055
687.61	0.055
687.80	0.055
687.99	0.055
688.18	0.055
688.36	0.055
688.55	0.055
688.74	0.055
688.93	0.055
689.12	0.056
689.30	0.056
689.49	0.055
689.68	0.055
689.87	0.056
690.06	0.055
690.24	0.056
690.43	0.056
690.62	0.055
690.81	0.055
690.99	0.055
691.18	0.055
691.37	0.055
691.56	0.054
691.74	0.055
691.93	0.054
692.12	0.054
692.31	0.054
692.50	0.054
692.68	0.055
692.87	0.055
693.06	0.055
693.25	0.055
693.43	0.055
693.62	0.055
693.81	0.055
694.00	0.055
694.18	0.055
694.37	0.055
694.56	0.055
694.74	0.055
694.93	0.055
695.12	0.055
695.31	0.055
695.49	0.055
695.68	0.056
695.87	0.056
696.06	0.056
696.24	0.056
696.43	0.055
696.62	0.055
696.80	0.055
696.99	0.055
697.18	0.055
697.37	0.054
697.55	0.054
697.74	0.054
697.93	0.055
698.12	0.055
698.30	0.056
698.49	0.055
698.68	0.055
698.86	0.055
699.05	0.056
699.24	0.056
699.42	0.055
699.61	0.055
699.80	0.054
699.99	0.054
700.17	0.054
700.36	0.054
700.55	0.054
700.73	0.053
700.92	0.053
701.11	0.054
701.29	0.054
701.48	0.055
701.67	0.055
701.85	0.055
702.04	0.055
702.23	0.055
702.41	0.055
702.60	0.055
702.79	0.055
702.97	0.055
703.16	0.056
703.35	0.056
703.53	0.056
703.72	0.056
703.91	0.056
704.09	0.056
704.28	0.056
704.47	0.056
704.65	0.056
704.84	0.055
705.03	0.055
705.21	0.055
705.40	0.055
705.59	0.056
705.77	0.055
705.96	0.056
706.15	0.056
706.33	0.056
706.52	0.056
706.71	0.056
706.89	0.056
707.08	0.056
707.26	0.055
707.45	0.055
707.64	0.055
707.82	0.055
708.01	0.055
708.20	0.055
708.38	0.056
708.57	0.056
708.75	0.055
708.94	0.056
709.13	0.056
709.31	0.056
709.50	0.056
709.69	0.056
709.87	0.056
710.06	0.056
710.24	0.055
710.43	0.055
710.62	0.055
710.80	0.054
710.99	0.054
711.17	0.054
711.36	0.054
711.55	0.054
711.73	0.054
711.92	0.054
712.10	0.054
712.29	0.055
712.48	0.055
712.66	0.055
712.85	0.055
713.03	0.055
713.22	0.055
713.40	0.055
713.59	0.056
713.78	0.056
713.96	0.056
714.15	0.055
714.33	0.055
714.52	0.055
714.71	0.055
714.89	0.055
715.08	0.055
715.26	0.055
715.45	0.055
715.63	0.055
715.82	0.055
716.00	0.055
716.19	0.055
716.38	0.055
716.56	0.055
716.75	0.055
716.93	0.055
717.12	0.055
717.30	0.054
717.49	0.055
717.67	0.055
717.86	0.055
718.05	0.055
718.23	0.055
718.42	0.055
718.60	0.054
718.79	0.054
718.97	0.054
719.16	0.054
719.34	0.054
719.53	0.053
719.71	0.054
719.90	0.054
720.08	0.055
720.27	0.055
720.45	0.055
720.64	0.056
720.83	0.056
721.01	0.056
721.20	0.056
721.38	0.056
721.57	0.056
721.75	0.056
721.94	0.056
722.12	0.055
722.31	0.056
722.49	0.055
722.68	0.055
722.86	0.055
723.05	0.054
723.23	0.054
723.42	0.055
723.60	0.054
723.79	0.054
723.97	0.054
724.16	0.055
724.34	0.054
724.53	0.054
724.71	0.055
724.90	0.054
725.08	0.054
725.27	0.054
725.45	0.054
725.64	0.054
725.82	0.054
726.00	0.054
726.19	0.055
726.37	0.055
726.56	0.055
726.74	0.055
726.93	0.055
727.11	0.056
727.30	0.055
727.48	0.055
727.67	0.055
727.85	0.054
728.04	0.054
728.22	0.054
728.40	0.054
728.59	0.054
728.77	0.054
728.96	0.055
729.14	0.055
729.33	0.055
729.51	0.055
729.70	0.055
729.88	0.055
730.07	0.055
730.25	0.055
730.43	0.055
730.62	0.055
730.80	0.055
730.99	0.055
731.17	0.055
731.36	0.055
731.54	0.055
731.72	0.055
731.91	0.054
732.09	0.054
732.28	0.055
732.46	0.054
732.65	0.055
732.83	0.055
733.01	0.055
733.20	0.054
733.38	0.055
733.57	0.055
733.75	0.055
733.93	0.055
734.12	0.055
734.30	0.055
734.49	0.055
734.67	0.055
734.85	0.056
735.04	0.056
735.22	0.055
735.41	0.055
735.59	0.055
735.77	0.055
735.96	0.055
736.14	0.056
736.33	0.056
736.51	0.056
736.69	0.055
736.88	0.055
737.06	0.055
737.25	0.055
737.43	0.055
737.61	0.055
737.80	0.055
737.98	0.055
738.16	0.055
738.35	0.056
738.53	0.056
738.71	0.056
738.90	0.056
739.08	0.056
739.27	0.056
739.45	0.056
739.63	0.056
739.82	0.055
740.00	0.055
740.18	0.055
740.37	0.055
740.55	0.055
740.73	0.055
740.92	0.054
741.10	0.054
741.28	0.054
741.47	0.055
741.65	0.055
741.83	0.055
742.02	0.055
742.20	0.055
742.38	0.055
742.57	0.055
742.75	0.055
742.93	0.055
743.12	0.055
743.30	0.055
743.48	0.054
743.67	0.054
743.85	0.053
744.03	0.053
744.22	0.054
744.40	0.054
744.58	0.054
744.77	0.054
744.95	0.054
745.13	0.054
745.32	0.055
745.50	0.055
745.68	0.055
745.87	0.055
746.05	0.055
746.23	0.055
746.41	0.054
746.60	0.055
746.78	0.055
746.96	0.054
747.15	0.054
747.33	0.054
747.51	0.054
747.70	0.054
747.88	0.054
748.06	0.054
748.24	0.054
748.43	0.054
748.61	0.054
748.79	0.054
748.97	0.054
749.16	0.054
749.34	0.054
749.52	0.054
749.71	0.054
749.89	0.054
750.07	0.054
750.25	0.054
750.44	0.054
750.62	0.054
750.80	0.055
750.98	0.055
751.17	0.055
751.35	0.055
751.53	0.055
751.71	0.055
751.90	0.055
752.08	0.055
752.26	0.055
752.44	0.055
752.63	0.054
752.81	0.054
752.99	0.055
753.17	0.054
753.36	0.054
753.54	0.054
753.72	0.054
753.90	0.055
754.09	0.055
754.27	0.055
754.45	0.055
754.63	0.055
754.82	0.055
755.00	0.055
755.18	0.055
755.36	0.055
755.54	0.055
755.73	0.055
755.91	0.055
756.09	0.055
756.27	0.055
756.45	0.055
756.64	0.055
756.82	0.055
757.00	0.055
757.18	0.055
757.37	0.055
757.55	0.055
757.73	0.055
757.91	0.055
758.09	0.055
758.27	0.055
758.46	0.055
758.64	0.055
758.82	0.055
759.00	0.054
759.18	0.054
759.37	0.054
759.55	0.055
759.73	0.055
759.91	0.055
760.09	0.054
760.28	0.054
760.46	0.054
760.64	0.055
760.82	0.055
761.00	0.055
761.18	0.055
761.37	0.054
761.55	0.054
761.73	0.055
761.91	0.054
762.09	0.054
762.27	0.054
762.46	0.054
762.64	0.054
762.82	0.053
763.00	0.053
763.18	0.053
763.36	0.052
763.54	0.052
763.73	0.053
763.91	0.053
764.09	0.053
764.27	0.053
764.45	0.053
764.63	0.053
764.81	0.053
765.00	0.053
765.18	0.054
765.36	0.053
765.54	0.053
765.72	0.053
765.90	0.053
766.08	0.053
766.27	0.053
766.45	0.053
766.63	0.053
766.81	0.053
766.99	0.053
767.17	0.053
767.35	0.053
767.53	0.053
767.71	0.053
767.90	0.053
768.08	0.053
768.26	0.053
768.44	0.053
768.62	0.052
768.80	0.052
768.98	0.052
769.16	0.052
769.34	0.052
769.52	0.052
769.71	0.052
769.89	0.052
770.07	0.052
770.25	0.052
770.43	0.052
770.61	0.052
770.79	0.052
770.97	0.052
771.15	0.052
771.33	0.052
771.51	0.052
771.69	0.052
771.88	0.052
772.06	0.052
772.24	0.052
772.42	0.052
772.60	0.052
772.78	0.052
772.96	0.052
773.14	0.052
773.32	0.052
773.50	0.052
773.68	0.052
773.86	0.052
774.04	0.052
774.22	0.052
774.40	0.052
774.58	0.052
774.77	0.052
774.95	0.052
775.13	0.052
775.31	0.052
775.49	0.052
775.67	0.052
775.85	0.052
776.03	0.052
776.21	0.052
776.39	0.052
776.57	0.053
776.75	0.053
776.93	0.053
777.11	0.053
777.29	0.053
777.47	0.052
777.65	0.053
777.83	0.053
778.01	0.053
778.19	0.053
778.37	0.052
778.55	0.052
778.73	0.052
778.91	0.052
779.09	0.052
779.27	0.052
779.45	0.052
779.63	0.053
779.81	0.052
779.99	0.052
780.17	0.052
780.35	0.052
780.53	0.052
780.71	0.053
780.89	0.053
781.07	0.053
781.25	0.053
781.43	0.053
781.61	0.054
781.79	0.054
781.97	0.053
782.15	0.053
782.33	0.053
782.51	0.052
782.69	0.052
782.87	0.053
783.05	0.052
783.23	0.052
783.41	0.052
783.59	0.052
783.77	0.052
783.95	0.051
784.13	0.051
784.31	0.051
784.49	0.052
784.67	0.052
784.85	0.052
785.03	0.052
785.21	0.052
785.38	0.053
785.56	0.053
785.74	0.053
785.92	0.053
786.10	0.052
786.28	0.052
786.46	0.052
786.64	0.052
786.82	0.052
787.00	0.052
787.18	0.052
787.36	0.052
787.54	0.053
787.72	0.053
787.90	0.053
788.08	0.053
788.25	0.053
788.43	0.054
788.61	0.053
788.79	0.053
788.97	0.053
789.15	0.053
789.33	0.053
789.51	0.052
789.69	0.052
789.87	0.052
790.05	0.052
790.23	0.052
790.40	0.052
790.58	0.052
790.76	0.052
790.94	0.052
791.12	0.052
791.30	0.052
791.48	0.052
791.66	0.052
791.84	0.052
792.02	0.052
792.19	0.052
792.37	0.052
792.55	0.052
792.73	0.052
792.91	0.052
793.09	0.052
793.27	0.052
793.45	0.053
793.63	0.053
793.80	0.053
793.98	0.054
794.16	0.054
794.34	0.054
794.52	0.054
794.70	0.054
794.88	0.054
795.05	0.053
795.23	0.053
795.41	0.053
795.59	0.052
795.77	0.052
795.95	0.051
796.13	0.051
796.30	0.050
796.48	0.051
796.66	0.050
796.84	0.050
797.02	0.050
797.20	0.051
797.38	0.051
797.55	0.052
797.73	0.052
797.91	0.052
798.09	0.052
798.27	0.053
798.45	0.053
798.62	0.053
798.80	0.053
798.98	0.052
799.16	0.052
799.34	0.052
799.52	0.052
799.69	0.051
799.87	0.051
800.05	0.051
800.23	0.051
800.41	0.051
800.58	0.051
800.76	0.051
800.94	0.051
801.12	0.051
801.30	0.051
801.47	0.050
801.65	0.050
801.83	0.050
802.01	0.050
802.19	0.050
802.36	0.050
802.54	0.050
802.72	0.050
802.90	0.051
803.08	0.051
803.25	0.051
803.43	0.051
803.61	0.051
803.79	0.051
803.97	0.051
804.14	0.051
804.32	0.051
804.50	0.051
804.68	0.051
804.85	0.051
805.03	0.051
805.21	0.051
805.39	0.051
805.56	0.051
805.74	0.052
805.92	0.052
806.10	0.052
806.28	0.051
806.45	0.051
806.63	0.052
806.81	0.052
806.99	0.051
807.16	0.051
807.34	0.051
807.52	0.051
807.70	0.052
807.87	0.052
808.05	0.051
808.23	0.051
808.41	0.051
808.58	0.051
808.76	0.051
808.94	0.051
809.11	0.050
809.29	0.051
809.47	0.051
809.65	0.051
809.82	0.051
810.00	0.051
810.18	0.051
810.36	0.052
810.53	0.052
810.71	0.052
810.89	0.051
811.06	0.051
811.24	0.051
811.42	0.051
811.60	0.051
811.77	0.051
811.95	0.051
812.13	0.051
812.30	0.051
812.48	0.051
812.66	0.051
812.83	0.051
813.01	0.051
813.19	0.051
813.37	0.050
813.54	0.051
813.72	0.051
813.90	0.050
814.07	0.051
814.25	0.050
814.43	0.050
814.60	0.049
814.78	0.049
814.96	0.050
815.13	0.050
815.31	0.050
815.49	0.051
815.66	0.051
815.84	0.051
816.02	0.051
816.19	0.052
816.37	0.051
816.55	0.051
816.72	0.050
816.90	0.050
817.08	0.049
817.25	0.049
817.43	0.048
817.61	0.048
817.78	0.048
817.96	0.049
818.14	0.049
818.31	0.049
818.49	0.049
818.67	0.049
818.84	0.050
819.02	0.050
819.19	0.051
819.37	0.050
819.55	0.050
819.72	0.050
819.90	0.050
820.08	0.050
820.25	0.050
820.43	0.049
820.60	0.049
820.78	0.050
820.96	0.050
821.13	0.050
821.31	0.050
821.49	0.050
821.66	0.050
821.84	0.050
822.01	0.051
822.19	0.050
822.37	0.050
822.54	0.050
822.72	0.050
822.89	0.050
823.07	0.050
823.25	0.050
823.42	0.050
823.60	0.049
823.77	0.049
823.95	0.049
824.13	0.049
824.30	0.049
824.48	0.049
824.65	0.048
824.83	0.048
825.01	0.048
825.18	0.049
825.36	0.049
825.53	0.049
825.71	0.049
825.88	0.049
826.06	0.050
826.24	0.050
826.41	0.051
826.59	0.052
826.76	0.052
826.94	0.052
827.11	0.052
827.29	0.052
827.47	0.052
827.64	0.051
827.82	0.051
827.99	0.051
828.17	0.051
828.34	0.051
828.52	0.051
828.69	0.050
828.87	0.050
829.04	0.051
829.22	0.050
829.40	0.050
829.57	0.050
829.75	0.050
829.92	0.050
830.10	0.050
830.27	0.050
830.45	0.049
830.62	0.049
830.80	0.049
830.97	0.049
831.15	0.049
831.32	0.049
831.50	0.049
831.67	0.049
831.85	0.049
832.02	0.050
832.20	0.050
832.37	0.050
832.55	0.050
832.73	0.050
832.90	0.049
833.08	0.050
833.25	0.050
833.43	0.049
833.60	0.048
833.78	0.048
833.95	0.049
834.13	0.049
834.30	0.049
834.48	0.049
834.65	0.049
834.82	0.049
835.00	0.050
835.17	0.050
835.35	0.050
835.52	0.050
835.70	0.050
835.87	0.050
836.05	0.050
836.22	0.049
836.40	0.049
836.57	0.048
836.75	0.048
836.92	0.048
837.10	0.048
837.27	0.048
837.45	0.048
837.62	0.049
837.80	0.049
837.97	0.049
838.14	0.050
838.32	0.050
838.49	0.050
838.67	0.050
838.84	0.050
839.02	0.051
839.19	0.050
839.37	0.050
839.54	0.050
839.71	0.050
839.89	0.050
840.06	0.050
840.24	0.050
840.41	0.050
840.59	0.050
840.76	0.050
840.94	0.050
841.11	0.050
841.28	0.050
841.46	0.050
841.63	0.049
841.81	0.050
841.98	0.049
842.15	0.049
842.33	0.049
842.50	0.049
842.68	0.049
842.85	0.049
843.03	0.050
843.20	0.049
843.37	0.049
843.55	0.050
843.72	0.049
843.90	0.050
844.07	0.050
844.24	0.050
844.42	0.049
844.59	0.049
844.77	0.049
844.94	0.050
845.11	0.049
845.29	0.049
845.46	0.049
845.63	0.049
845.81	0.049
845.98	0.049
846.16	0.048
846.33	0.049
846.50	0.048
846.68	0.048
846.85	0.048
847.02	0.048
847.20	0.048
847.37	0.048
847.55	0.048
847.72	0.048
847.89	0.048
848.07	0.048
848.24	0.048
848.41	0.049
848.59	0.049
848.76	0.049
848.93	0.049
849.11	0.049
849.28	0.048
849.45	0.048
849.63	0.048
849.80	0.048
849.97	0.048
850.15	0.048
850.32	0.047
850.49	0.047
850.67	0.048
850.84	0.048
851.01	0.048
851.19	0.048
851.36	0.048
851.53	0.048
851.71	0.048
851.88	0.047
852.05	0.047
852.23	0.046
852.40	0.047
852.57	0.047
852.75	0.047
852.92	0.046
853.09	0.047
853.27	0.047
853.44	0.048
853.61	0.048
853.79	0.048
853.96	0.048
854.13	0.047
854.30	0.046
854.48	0.046
854.65	0.046
854.82	0.046
855.00	0.046
855.17	0.045
855.34	0.046
855.51	0.046
855.69	0.046
855.86	0.046
856.03	0.046
856.21	0.046
856.38	0.046
856.55	0.046
856.72	0.046
856.90	0.046
857.07	0.046
857.24	0.047
857.42	0.047
857.59	0.046
857.76	0.046
857.93	0.046
858.11	0.046
858.28	0.046
858.45	0.045
858.62	0.045
858.80	0.044
858.97	0.045
859.14	0.045
859.31	0.046
859.49	0.045
859.66	0.045
859.83	0.045
860.00	0.044
860.18	0.044
860.35	0.044
860.52	0.043
860.69	0.043
860.86	0.043
861.04	0.043
861.21	0.043
861.38	0.043
861.55	0.044
861.73	0.044
861.90	0.043
862.07	0.044
862.24	0.045
862.42	0.045
862.59	0.044
862.76	0.044
862.93	0.044
863.10	0.044
863.28	0.044
863.45	0.044
863.62	0.044
863.79	0.044
863.96	0.044
864.14	0.045
864.31	0.045
864.48	0.045
864.65	0.046
864.82	0.046
865.00	0.045
865.17	0.045
865.34	0.045
865.51	0.044
865.68	0.042
865.86	0.042
866.03	0.043
866.20	0.042
866.37	0.041
866.54	0.042
866.71	0.042
866.89	0.043
867.06	0.044
867.23	0.044
867.40	0.044
867.57	0.043
867.74	0.043
867.92	0.043
868.09	0.044
868.26	0.044
868.43	0.042
868.60	0.042
868.77	0.043
868.95	0.041
869.12	0.042
869.29	0.042
869.46	0.042
869.63	0.041
869.80	0.040
869.97	0.041
870.15	0.041
870.32	0.041
870.49	0.041
870.66	0.042
870.83	0.042
871.00	0.042
871.17	0.042
871.34	0.042
871.52	0.042
871.69	0.042
871.86	0.042
872.03	0.041
872.20	0.041
872.37	0.041
872.54	0.041
872.71	0.040
872.89	0.041
873.06	0.041
873.23	0.041
873.40	0.041
873.57	0.041
873.74	0.042
873.91	0.041
874.08	0.041
874.25	0.042
874.42	0.041
874.60	0.041
874.77	0.041
874.94	0.041
875.11	0.041
875.28	0.041
875.45	0.041
875.62	0.041
875.79	0.041
875.96	0.040
876.13	0.040
876.30	0.040
876.47	0.040
876.65	0.041
876.82	0.040
876.99	0.040
877.16	0.040
877.33	0.040
877.50	0.041
877.67	0.041
877.84	0.040
878.01	0.040
878.18	0.040
878.35	0.040
878.52	0.040
878.69	0.039
878.86	0.040
879.03	0.039
879.20	0.039
879.38	0.039
879.55	0.039
879.72	0.038
879.89	0.038
880.06	0.039
880.23	0.039
880.40	0.039
880.57	0.039
880.74	0.038
880.91	0.038
881.08	0.038
881.25	0.038
881.42	0.038
881.59	0.037
881.76	0.037
881.93	0.037
882.10	0.037
882.27	0.038
882.44	0.039
882.61	0.039
882.78	0.040
882.95	0.040
883.12	0.040
883.29	0.040
883.46	0.040
883.63	0.040
883.80	0.039
883.97	0.038
884.14	0.039
884.31	0.038
884.48	0.038
884.65	0.038
884.82	0.038
884.99	0.039
885.16	0.039
885.33	0.040
885.50	0.041
885.67	0.041
885.84	0.041
886.01	0.041
886.18	0.041
886.35	0.041
886.52	0.041
886.69	0.041
886.86	0.041
887.03	0.040
887.20	0.040
887.37	0.040
887.54	0.041
887.71	0.041
887.88	0.041
888.05	0.041
888.22	0.040
888.39	0.040
888.55	0.041
888.72	0.040
888.89	0.040
889.06	0.040
889.23	0.040
889.40	0.039
889.57	0.040
889.74	0.041
889.91	0.041
890.08	0.040
890.25	0.040
890.42	0.039
890.59	0.038
890.76	0.039
890.93	0.039
891.10	0.039
891.26	0.039
891.43	0.038
891.60	0.040
891.77	0.040
891.94	0.041
892.11	0.042
892.28	0.042
892.45	0.043
892.62	0.044
892.79	0.043
892.96	0.045
893.13	0.045
893.29	0.044
893.46	0.045
893.63	0.044
893.80	0.045
893.97	0.044
894.14	0.044
894.31	0.044
894.48	0.053
894.65	0.045
894.81	0.040
894.98	0.042
