177.34	-0.142
177.56	-0.142
177.78	-0.142
178.00	-0.401
178.22	0.736
178.44	0.816
178.66	0.348
178.89	0.160
179.11	0.115
179.33	0.205
179.55	-0.000
179.77	-0.363
179.99	-0.837
180.21	-0.435
180.43	-0.000
180.65	-0.000
180.87	-0.000
181.09	-0.000
181.31	1.108
181.53	0.555
181.75	0.492
181.97	0.491
182.19	0.463
182.41	0.479
182.63	0.475
182.85	0.417
183.07	0.391
183.30	0.463
183.52	0.517
183.74	0.550
183.96	0.532
184.18	0.588
184.40	0.552
184.62	0.584
184.84	0.621
185.06	0.740
185.28	0.664
185.50	0.665
185.72	0.697
185.94	0.751
186.16	0.751
186.38	0.738
186.60	0.748
186.82	0.738
187.04	0.690
187.26	0.709
187.48	0.752
187.70	0.770
187.92	0.813
188.14	0.822
188.36	0.888
188.58	0.968
188.80	1.075
189.02	1.157
189.24	1.169
189.46	1.176
189.68	1.155
189.90	1.165
190.12	1.219
190.34	1.196
190.56	1.163
190.78	1.141
191.00	1.169
191.22	1.208
191.44	1.230
191.66	1.292
191.88	1.308
192.10	1.246
192.32	1.278
192.54	1.334
192.76	1.414
192.98	1.418
193.20	1.435
193.42	1.425
193.64	1.411
193.86	1.420
194.08	1.478
194.30	1.491
194.52	1.457
194.74	1.387
194.96	1.380
195.18	1.382
195.40	1.385
195.62	1.389
195.84	1.384
196.06	1.390
196.28	1.391
196.50	1.433
196.72	1.495
196.94	1.523
197.16	1.569
197.38	1.556
197.60	1.627
197.82	1.628
198.04	1.697
198.26	1.828
198.48	1.795
198.70	1.728
198.92	1.755
199.13	1.694
199.35	1.758
199.57	1.755
199.79	1.746
200.01	1.671
200.23	1.626
200.45	1.658
200.67	1.671
200.89	1.693
201.11	1.735
201.33	1.745
201.55	1.710
201.77	1.726
201.99	1.777
202.21	1.765
202.43	1.707
202.65	1.733
202.87	1.748
203.09	1.774
203.31	1.785
203.52	1.774
203.74	1.822
203.96	1.785
204.18	1.806
204.40	1.819
204.62	1.869
204.84	1.833
205.06	1.827
205.28	1.816
205.50	1.815
205.72	1.837
205.94	1.876
206.16	1.936
206.38	1.952
206.59	1.903
206.81	1.929
207.03	1.979
207.25	1.978
207.47	2.063
207.69	2.054
207.91	2.081
208.13	2.040
208.35	2.069
208.57	2.085
208.79	2.022
209.01	1.995
209.22	2.025
209.44	1.997
209.66	1.981
209.88	2.007
210.10	2.032
210.32	2.022
210.54	1.999
210.76	2.029
210.98	2.035
211.20	2.033
211.42	2.034
211.63	2.064
211.85	2.023
212.07	2.024
212.29	2.047
212.51	2.153
212.73	2.174
212.95	2.152
213.17	2.141
213.39	2.141
213.60	2.095
213.82	2.134
214.04	2.122
214.26	2.145
214.48	2.086
214.70	2.127
214.92	2.135
215.14	2.177
215.35	2.178
215.57	2.281
215.79	2.257
216.01	2.291
216.23	2.306
216.45	2.333
216.67	2.310
216.89	2.291
217.10	2.259
217.32	2.272
217.54	2.207
217.76	2.200
217.98	2.224
218.20	2.199
218.42	2.186
218.64	2.166
218.85	2.190
219.07	2.207
219.29	2.227
219.51	2.232
219.73	2.218
219.95	2.179
220.17	2.205
220.38	2.244
220.60	2.270
220.82	2.285
221.04	2.320
221.26	2.330
221.48	2.394
221.69	2.453
221.91	2.484
222.13	2.415
222.35	2.391
222.57	2.427
222.79	2.426
223.00	2.372
223.22	2.368
223.44	2.351
223.66	2.331
223.88	2.345
224.10	2.390
224.32	2.398
224.53	2.407
224.75	2.423
224.97	2.485
225.19	2.474
225.41	2.466
225.62	2.471
225.84	2.463
226.06	2.456
226.28	2.476
226.50	2.439
226.72	2.416
226.93	2.356
227.15	2.372
227.37	2.368
227.59	2.400
227.81	2.415
228.02	2.423
228.24	2.446
228.46	2.465
228.68	2.541
228.90	2.631
229.12	2.635
229.33	2.619
229.55	2.563
229.77	2.546
229.99	2.565
230.21	2.569
230.42	2.576
230.64	2.537
230.86	2.507
231.08	2.477
231.30	2.467
231.51	2.480
231.73	2.483
231.95	2.465
232.17	2.474
232.38	2.473
232.60	2.479
232.82	2.472
233.04	2.502
233.26	2.536
233.47	2.550
233.69	2.546
233.91	2.562
234.13	2.526
234.35	2.517
234.56	2.495
234.78	2.485
235.00	2.475
235.22	2.454
235.43	2.425
235.65	2.401
235.87	2.366
236.09	2.349
236.30	2.340
236.52	2.313
236.74	2.309
236.96	2.297
237.18	2.284
237.39	2.274
237.61	2.261
237.83	2.258
238.05	2.229
238.26	2.217
238.48	2.208
238.70	2.198
238.92	2.173
239.13	2.159
239.35	2.152
239.57	2.144
239.79	2.133
240.00	2.116
240.22	2.100
240.44	2.078
240.66	2.053
240.87	2.041
241.09	2.018
241.31	1.992
241.53	1.974
241.74	1.955
241.96	1.943
242.18	1.926
242.40	1.910
242.61	1.895
242.83	1.879
243.05	1.864
243.27	1.856
243.48	1.843
243.70	1.833
243.92	1.820
244.13	1.805
244.35	1.791
244.57	1.777
244.79	1.767
245.00	1.758
245.22	1.746
245.44	1.731
245.65	1.716
245.87	1.709
246.09	1.700
246.31	1.694
246.52	1.685
246.74	1.676
246.96	1.665
247.18	1.654
247.39	1.649
247.61	1.639
247.83	1.626
248.04	1.616
248.26	1.604
248.48	1.596
248.69	1.583
248.91	1.577
249.13	1.568
249.35	1.558
249.56	1.552
249.78	1.547
250.00	1.539
250.21	1.533
250.43	1.526
250.65	1.519
250.86	1.510
251.08	1.505
251.30	1.500
251.51	1.493
251.73	1.485
251.95	1.479
252.17	1.473
252.38	1.468
252.60	1.463
252.82	1.458
253.03	1.449
253.25	1.444
253.47	1.439
253.68	1.433
253.90	1.429
254.12	1.423
254.33	1.417
254.55	1.413
254.77	1.409
254.98	1.407
255.20	1.402
255.42	1.399
255.63	1.396
255.85	1.392
256.07	1.389
256.28	1.387
256.50	1.386
256.72	1.383
256.93	1.379
257.15	1.376
257.37	1.372
257.58	1.369
257.80	1.368
258.02	1.366
258.23	1.365
258.45	1.362
258.67	1.360
258.88	1.356
259.10	1.354
259.32	1.352
259.53	1.351
259.75	1.346
259.96	1.343
260.18	1.341
260.40	1.339
260.61	1.338
260.83	1.336
261.05	1.335
261.26	1.331
261.48	1.327
261.70	1.326
261.91	1.324
262.13	1.322
262.34	1.321
262.56	1.316
262.78	1.314
262.99	1.312
263.21	1.310
263.43	1.309
263.64	1.307
263.86	1.305
264.07	1.302
264.29	1.298
264.51	1.296
264.72	1.297
264.94	1.295
265.16	1.294
265.37	1.292
265.59	1.289
265.80	1.288
266.02	1.287
266.24	1.288
266.45	1.287
266.67	1.284
266.88	1.282
267.10	1.280
267.32	1.278
267.53	1.276
267.75	1.274
267.96	1.270
268.18	1.268
268.40	1.265
268.61	1.264
268.83	1.262
269.04	1.260
269.26	1.258
269.48	1.256
269.69	1.254
269.91	1.251
270.12	1.248
270.34	1.245
270.56	1.242
270.77	1.238
270.99	1.235
271.20	1.232
271.42	1.231
271.64	1.228
271.85	1.225
272.07	1.222
272.28	1.220
272.50	1.217
272.71	1.215
272.93	1.212
273.15	1.209
273.36	1.205
273.58	1.202
273.79	1.198
274.01	1.194
274.22	1.191
274.44	1.187
274.66	1.183
274.87	1.178
275.09	1.175
275.30	1.171
275.52	1.166
275.73	1.162
275.95	1.159
276.16	1.155
276.38	1.151
276.60	1.146
276.81	1.142
277.03	1.137
277.24	1.131
277.46	1.127
277.67	1.122
277.89	1.117
278.10	1.111
278.32	1.108
278.53	1.105
278.75	1.101
278.97	1.095
279.18	1.092
279.40	1.087
279.61	1.083
279.83	1.078
280.04	1.072
280.26	1.066
280.47	1.060
280.69	1.054
280.90	1.049
281.12	1.043
281.33	1.037
281.55	1.031
281.76	1.027
281.98	1.022
282.20	1.017
282.41	1.012
282.63	1.007
282.84	1.002
283.06	0.997
283.27	0.992
283.49	0.986
283.70	0.981
283.92	0.975
284.13	0.969
284.35	0.964
284.56	0.958
284.78	0.952
284.99	0.947
285.21	0.941
285.42	0.936
285.64	0.931
285.85	0.925
286.07	0.918
286.28	0.911
286.50	0.907
286.71	0.901
286.93	0.895
287.14	0.890
287.36	0.883
287.57	0.877
287.79	0.870
288.00	0.865
288.22	0.859
288.43	0.853
288.65	0.847
288.86	0.841
289.08	0.836
289.29	0.830
289.51	0.825
289.72	0.820
289.94	0.815
290.15	0.809
290.37	0.803
290.58	0.797
290.80	0.792
291.01	0.786
291.22	0.780
291.44	0.775
291.65	0.770
291.87	0.765
292.08	0.761
292.30	0.756
292.51	0.752
292.73	0.746
292.94	0.742
293.16	0.736
293.37	0.730
293.59	0.725
293.80	0.720
294.02	0.715
294.23	0.710
294.44	0.705
294.66	0.700
294.87	0.695
295.09	0.690
295.30	0.684
295.52	0.679
295.73	0.673
295.95	0.668
296.16	0.662
296.37	0.658
296.59	0.653
296.80	0.648
297.02	0.643
297.23	0.639
297.45	0.636
297.66	0.631
297.88	0.627
298.09	0.622
298.30	0.618
298.52	0.612
298.73	0.609
298.95	0.604
299.16	0.600
299.38	0.595
299.59	0.592
299.80	0.588
300.02	0.584
300.23	0.579
300.45	0.575
300.66	0.571
300.88	0.567
301.09	0.562
301.30	0.559
301.52	0.554
301.73	0.550
301.95	0.546
302.16	0.542
302.37	0.540
302.59	0.536
302.80	0.532
303.02	0.528
303.23	0.524
303.45	0.521
303.66	0.516
303.87	0.512
304.09	0.508
304.30	0.504
304.52	0.501
304.73	0.498
304.94	0.494
305.16	0.491
305.37	0.487
305.59	0.485
305.80	0.482
306.01	0.478
306.23	0.475
306.44	0.472
306.65	0.469
306.87	0.466
307.08	0.462
307.30	0.459
307.51	0.455
307.72	0.452
307.94	0.448
308.15	0.445
308.37	0.441
308.58	0.438
308.79	0.435
309.01	0.431
309.22	0.428
309.43	0.425
309.65	0.423
309.86	0.420
310.07	0.417
310.29	0.415
310.50	0.411
310.72	0.409
310.93	0.407
311.14	0.405
311.36	0.402
311.57	0.398
311.78	0.395
312.00	0.392
312.21	0.390
312.42	0.387
312.64	0.384
312.85	0.381
313.07	0.379
313.28	0.376
313.49	0.373
313.71	0.371
313.92	0.369
314.13	0.366
314.35	0.364
314.56	0.361
314.77	0.359
314.99	0.356
315.20	0.354
315.41	0.353
315.63	0.351
315.84	0.349
316.05	0.347
316.27	0.345
316.48	0.343
316.69	0.341
316.91	0.339
317.12	0.337
317.33	0.335
317.55	0.333
317.76	0.331
317.97	0.329
318.19	0.327
318.40	0.326
318.61	0.324
318.83	0.323
319.04	0.321
319.25	0.320
319.47	0.318
319.68	0.316
319.89	0.314
320.10	0.313
320.32	0.311
320.53	0.309
320.74	0.307
320.96	0.305
321.17	0.304
321.38	0.302
321.60	0.301
321.81	0.299
322.02	0.298
322.24	0.296
322.45	0.294
322.66	0.293
322.87	0.291
323.09	0.290
323.30	0.289
323.51	0.288
323.73	0.286
323.94	0.285
324.15	0.284
324.36	0.283
324.58	0.282
324.79	0.281
325.00	0.279
325.22	0.278
325.43	0.276
325.64	0.274
325.85	0.273
326.07	0.272
326.28	0.271
326.49	0.270
326.71	0.269
326.92	0.268
327.13	0.267
327.34	0.266
327.56	0.265
327.77	0.264
327.98	0.263
328.19	0.262
328.41	0.261
328.62	0.260
328.83	0.259
329.04	0.258
329.26	0.257
329.47	0.256
329.68	0.256
329.90	0.255
330.11	0.254
330.32	0.253
330.53	0.252
330.75	0.250
330.96	0.249
331.17	0.249
331.38	0.248
331.60	0.246
331.81	0.245
332.02	0.244
332.23	0.244
332.44	0.244
332.66	0.243
332.87	0.242
333.08	0.242
333.29	0.241
333.51	0.240
333.72	0.240
333.93	0.239
334.14	0.238
334.36	0.237
334.57	0.236
334.78	0.235
334.99	0.234
335.21	0.233
335.42	0.232
335.63	0.232
335.84	0.231
336.05	0.231
336.27	0.230
336.48	0.230
336.69	0.229
336.90	0.228
337.11	0.227
337.33	0.227
337.54	0.226
337.75	0.225
337.96	0.224
338.18	0.224
338.39	0.223
338.60	0.222
338.81	0.221
339.02	0.220
339.24	0.220
339.45	0.219
339.66	0.218
339.87	0.217
340.08	0.217
340.30	0.216
340.51	0.215
340.72	0.215
340.93	0.214
341.14	0.214
341.36	0.213
341.57	0.212
341.78	0.211
341.99	0.211
342.20	0.210
342.41	0.210
342.63	0.210
342.84	0.209
343.05	0.208
343.26	0.208
343.47	0.208
343.69	0.207
343.90	0.207
344.11	0.206
344.32	0.206
344.53	0.205
344.74	0.204
344.96	0.204
345.17	0.203
345.38	0.203
345.59	0.202
345.80	0.202
346.01	0.201
346.23	0.201
346.44	0.201
346.65	0.201
346.86	0.200
347.07	0.200
347.28	0.199
347.50	0.199
347.71	0.198
347.92	0.197
348.13	0.196
348.34	0.195
348.55	0.195
348.76	0.195
348.98	0.194
349.19	0.193
349.40	0.192
349.61	0.192
349.82	0.192
350.03	0.192
350.24	0.191
350.46	0.191
350.67	0.191
350.88	0.190
351.09	0.190
351.30	0.190
351.51	0.189
351.72	0.188
351.93	0.187
352.15	0.187
352.36	0.185
352.57	0.185
352.78	0.185
352.99	0.184
353.20	0.183
353.41	0.184
353.62	0.183
353.84	0.184
354.05	0.183
354.26	0.183
354.47	0.182
354.68	0.182
354.89	0.182
355.10	0.182
355.31	0.182
355.52	0.181
355.74	0.181
355.95	0.181
356.16	0.180
356.37	0.180
356.58	0.179
356.79	0.178
357.00	0.178
357.21	0.177
357.42	0.176
357.63	0.176
357.85	0.174
358.06	0.174
358.27	0.174
358.48	0.173
358.69	0.173
358.90	0.172
359.11	0.172
359.32	0.173
359.53	0.172
359.74	0.172
359.95	0.172
360.17	0.172
360.38	0.172
360.59	0.171
360.80	0.171
361.01	0.171
361.22	0.170
361.43	0.170
361.64	0.170
361.85	0.170
362.06	0.169
362.27	0.169
362.48	0.169
362.69	0.168
362.90	0.167
363.12	0.167
363.33	0.168
363.54	0.167
363.75	0.166
363.96	0.165
364.17	0.165
364.38	0.164
364.59	0.163
364.80	0.164
365.01	0.163
365.22	0.162
365.43	0.162
365.64	0.161
365.85	0.161
366.06	0.161
366.27	0.160
366.48	0.161
366.69	0.160
366.90	0.159
367.11	0.160
367.32	0.160
367.54	0.160
367.75	0.160
367.96	0.159
368.17	0.159
368.38	0.158
368.59	0.158
368.80	0.158
369.01	0.157
369.22	0.157
369.43	0.156
369.64	0.156
369.85	0.155
370.06	0.155
370.27	0.155
370.48	0.155
370.69	0.155
370.90	0.154
371.11	0.154
371.32	0.154
371.53	0.154
371.74	0.153
371.95	0.153
372.16	0.152
372.37	0.152
372.58	0.152
372.79	0.152
373.00	0.152
373.21	0.152
373.42	0.152
373.63	0.151
373.84	0.151
374.05	0.151
374.26	0.151
374.47	0.150
374.68	0.150
374.89	0.149
375.10	0.149
375.31	0.148
375.52	0.149
375.73	0.148
375.94	0.148
376.15	0.148
376.36	0.148
376.57	0.148
376.78	0.148
376.99	0.148
377.20	0.148
377.41	0.147
377.62	0.148
377.83	0.147
378.04	0.147
378.25	0.147
378.46	0.146
378.67	0.146
378.88	0.146
379.09	0.146
379.30	0.146
379.51	0.146
379.72	0.146
379.92	0.146
380.13	0.145
380.34	0.145
380.55	0.145
380.76	0.144
380.97	0.144
381.18	0.143
381.39	0.142
381.60	0.142
381.81	0.142
382.02	0.142
382.23	0.142
382.44	0.141
382.65	0.142
382.86	0.141
383.07	0.141
383.28	0.141
383.49	0.141
383.70	0.140
383.91	0.140
384.11	0.139
384.32	0.139
384.53	0.139
384.74	0.139
384.95	0.139
385.16	0.139
385.37	0.139
385.58	0.140
385.79	0.139
386.00	0.140
386.21	0.139
386.42	0.139
386.63	0.139
386.84	0.139
387.04	0.138
387.25	0.138
387.46	0.137
387.67	0.138
387.88	0.138
388.09	0.137
388.30	0.137
388.51	0.137
388.72	0.137
388.93	0.136
389.14	0.136
389.34	0.136
389.55	0.136
389.76	0.135
389.97	0.136
390.18	0.135
390.39	0.135
390.60	0.135
390.81	0.136
391.02	0.136
391.23	0.135
391.43	0.135
391.64	0.135
391.85	0.135
392.06	0.134
392.27	0.134
392.48	0.134
392.69	0.133
392.90	0.133
393.11	0.132
393.31	0.132
393.52	0.132
393.73	0.132
393.94	0.132
394.15	0.132
394.36	0.132
394.57	0.133
394.78	0.133
394.98	0.133
395.19	0.133
395.40	0.134
395.61	0.134
395.82	0.134
396.03	0.133
396.24	0.133
396.44	0.133
396.65	0.133
396.86	0.132
397.07	0.132
397.28	0.131
397.49	0.131
397.70	0.131
397.90	0.131
398.11	0.131
398.32	0.130
398.53	0.130
398.74	0.130
398.95	0.129
399.16	0.129
399.36	0.129
399.57	0.129
399.78	0.129
399.99	0.129
400.20	0.130
400.41	0.130
400.61	0.130
400.82	0.131
401.03	0.131
401.24	0.131
401.45	0.130
401.66	0.130
401.86	0.130
402.07	0.130
402.28	0.130
402.49	0.129
402.70	0.129
402.91	0.129
403.11	0.129
403.32	0.129
403.53	0.129
403.74	0.128
403.95	0.128
404.15	0.127
404.36	0.128
404.57	0.128
404.78	0.127
404.99	0.127
405.20	0.127
405.40	0.127
405.61	0.127
405.82	0.127
406.03	0.127
406.24	0.127
406.44	0.128
406.65	0.128
406.86	0.128
407.07	0.128
407.28	0.128
407.48	0.127
407.69	0.127
407.90	0.127
408.11	0.127
408.32	0.127
408.52	0.128
408.73	0.127
408.94	0.127
409.15	0.127
409.35	0.127
409.56	0.127
409.77	0.127
409.98	0.127
410.19	0.127
410.39	0.126
410.60	0.126
410.81	0.126
411.02	0.126
411.22	0.125
411.43	0.125
411.64	0.125
411.85	0.124
412.05	0.125
412.26	0.125
412.47	0.125
412.68	0.124
412.89	0.125
413.09	0.124
413.30	0.124
413.51	0.124
413.72	0.125
413.92	0.124
414.13	0.124
414.34	0.124
414.55	0.125
414.75	0.125
414.96	0.125
415.17	0.126
415.38	0.125
415.58	0.125
415.79	0.126
416.00	0.125
416.21	0.125
416.41	0.125
416.62	0.125
416.83	0.125
417.03	0.124
417.24	0.124
417.45	0.124
417.66	0.124
417.86	0.124
418.07	0.124
418.28	0.124
418.49	0.124
418.69	0.124
418.90	0.124
419.11	0.124
419.31	0.124
419.52	0.124
419.73	0.124
419.94	0.124
420.14	0.124
420.35	0.123
420.56	0.123
420.76	0.123
420.97	0.123
421.18	0.123
421.39	0.123
421.59	0.123
421.80	0.122
422.01	0.123
422.21	0.123
422.42	0.123
422.63	0.123
422.84	0.123
423.04	0.123
423.25	0.122
423.46	0.122
423.66	0.123
423.87	0.123
424.08	0.123
424.28	0.123
424.49	0.123
424.70	0.122
424.90	0.122
425.11	0.123
425.32	0.122
425.52	0.122
425.73	0.121
425.94	0.121
426.15	0.120
426.35	0.120
426.56	0.121
426.77	0.121
426.97	0.121
427.18	0.122
427.39	0.122
427.59	0.123
427.80	0.123
428.01	0.124
428.21	0.124
428.42	0.124
428.63	0.124
428.83	0.123
429.04	0.122
429.25	0.122
429.45	0.122
429.66	0.122
429.87	0.122
430.07	0.121
430.28	0.121
430.48	0.121
430.69	0.121
430.90	0.121
431.10	0.121
431.31	0.121
431.52	0.121
431.72	0.120
431.93	0.121
432.14	0.120
432.34	0.121
432.55	0.120
432.76	0.120
432.96	0.120
433.17	0.120
433.37	0.120
433.58	0.121
433.79	0.120
433.99	0.120
434.20	0.120
434.41	0.120
434.61	0.119
434.82	0.118
435.02	0.118
435.23	0.119
435.44	0.119
435.64	0.119
435.85	0.119
436.06	0.119
436.26	0.120
436.47	0.120
436.67	0.120
436.88	0.120
437.09	0.120
437.29	0.120
437.50	0.120
437.70	0.120
437.91	0.120
438.12	0.120
438.32	0.120
438.53	0.120
438.73	0.121
438.94	0.120
439.15	0.120
439.35	0.120
439.56	0.120
439.76	0.121
439.97	0.121
440.18	0.121
440.38	0.121
440.59	0.121
440.79	0.121
441.00	0.121
441.20	0.121
441.41	0.122
441.62	0.122
441.82	0.121
442.03	0.121
442.23	0.120
442.44	0.121
442.65	0.120
442.85	0.120
443.06	0.120
443.26	0.120
443.47	0.120
443.67	0.120
443.88	0.120
444.09	0.120
444.29	0.120
444.50	0.120
444.70	0.120
444.91	0.119
445.11	0.119
445.32	0.119
445.52	0.118
445.73	0.119
445.94	0.119
446.14	0.120
446.35	0.120
446.55	0.120
446.76	0.120
446.96	0.119
447.17	0.119
447.37	0.119
447.58	0.119
447.78	0.119
447.99	0.118
448.20	0.118
448.40	0.119
448.61	0.119
448.81	0.119
449.02	0.120
449.22	0.120
449.43	0.119
449.63	0.119
449.84	0.120
450.04	0.119
450.25	0.119
450.45	0.119
450.66	0.119
450.86	0.119
451.07	0.119
451.27	0.119
451.48	0.119
451.68	0.118
451.89	0.118
452.09	0.119
452.30	0.118
452.50	0.118
452.71	0.118
452.91	0.117
453.12	0.117
453.33	0.117
453.53	0.117
453.74	0.117
453.94	0.117
454.15	0.117
454.35	0.118
454.56	0.118
454.76	0.119
454.96	0.119
455.17	0.118
455.37	0.118
455.58	0.119
455.78	0.119
455.99	0.119
456.19	0.119
456.40	0.119
456.60	0.119
456.81	0.119
457.01	0.119
457.22	0.119
457.42	0.118
457.63	0.118
457.83	0.118
458.04	0.117
458.24	0.118
458.45	0.117
458.65	0.117
458.86	0.117
459.06	0.117
459.27	0.117
459.47	0.117
459.67	0.118
459.88	0.118
460.08	0.117
460.29	0.118
460.49	0.118
460.70	0.119
460.90	0.119
461.11	0.119
461.31	0.120
461.52	0.119
461.72	0.120
461.92	0.120
462.13	0.120
462.33	0.120
462.54	0.119
462.74	0.119
462.95	0.119
463.15	0.119
463.36	0.119
463.56	0.118
463.76	0.118
463.97	0.117
464.17	0.117
464.38	0.117
464.58	0.118
464.79	0.117
464.99	0.116
465.19	0.116
465.40	0.116
465.60	0.116
465.81	0.116
466.01	0.116
466.22	0.116
466.42	0.116
466.62	0.117
466.83	0.117
467.03	0.119
467.24	0.118
467.44	0.118
467.65	0.118
467.85	0.118
468.05	0.118
468.26	0.118
468.46	0.117
468.67	0.117
468.87	0.116
469.07	0.117
469.28	0.116
469.48	0.117
469.69	0.117
469.89	0.117
470.09	0.117
470.30	0.117
470.50	0.117
470.71	0.117
470.91	0.117
471.11	0.117
471.32	0.118
471.52	0.117
471.72	0.117
471.93	0.117
472.13	0.117
472.34	0.117
472.54	0.117
472.74	0.116
472.95	0.117
473.15	0.116
473.35	0.116
473.56	0.116
473.76	0.117
473.97	0.116
474.17	0.116
474.37	0.116
474.58	0.116
474.78	0.116
474.98	0.116
475.19	0.116
475.39	0.116
475.60	0.116
475.80	0.115
476.00	0.116
476.21	0.115
476.41	0.115
476.61	0.115
476.82	0.115
477.02	0.114
477.22	0.114
477.43	0.114
477.63	0.114
477.83	0.114
478.04	0.115
478.24	0.115
478.44	0.115
478.65	0.115
478.85	0.115
479.05	0.115
479.26	0.115
479.46	0.115
479.66	0.115
479.87	0.115
480.07	0.115
480.27	0.116
480.48	0.116
480.68	0.116
480.88	0.116
481.09	0.116
481.29	0.116
481.49	0.115
481.70	0.115
481.90	0.116
482.10	0.116
482.31	0.115
482.51	0.116
482.71	0.116
482.92	0.116
483.12	0.117
483.32	0.117
483.52	0.116
483.73	0.116
483.93	0.116
484.13	0.116
484.34	0.116
484.54	0.116
484.74	0.116
484.95	0.116
485.15	0.116
485.35	0.116
485.55	0.116
485.76	0.115
485.96	0.115
486.16	0.115
486.37	0.115
486.57	0.115
486.77	0.114
486.97	0.114
487.18	0.114
487.38	0.114
487.58	0.115
487.79	0.115
487.99	0.114
488.19	0.115
488.39	0.114
488.60	0.114
488.80	0.114
489.00	0.114
489.20	0.114
489.41	0.114
489.61	0.114
489.81	0.114
490.02	0.114
490.22	0.114
490.42	0.114
490.62	0.115
490.83	0.114
491.03	0.114
491.23	0.114
491.43	0.114
491.64	0.114
491.84	0.114
492.04	0.114
492.24	0.114
492.45	0.114
492.65	0.115
492.85	0.115
493.05	0.115
493.26	0.114
493.46	0.114
493.66	0.114
493.86	0.114
494.07	0.114
494.27	0.114
494.47	0.113
494.67	0.113
494.87	0.114
495.08	0.113
495.28	0.114
495.48	0.114
495.68	0.113
495.89	0.113
496.09	0.113
496.29	0.113
496.49	0.113
496.69	0.112
496.90	0.113
497.10	0.113
497.30	0.113
497.50	0.114
497.71	0.113
497.91	0.113
498.11	0.114
498.31	0.114
498.51	0.115
498.72	0.115
498.92	0.115
499.12	0.114
499.32	0.114
499.52	0.115
499.73	0.115
499.93	0.114
500.13	0.114
500.33	0.114
500.53	0.114
500.74	0.114
500.94	0.114
501.14	0.115
501.34	0.114
501.54	0.114
501.74	0.114
501.95	0.113
502.15	0.113
502.35	0.113
502.55	0.113
502.75	0.113
502.96	0.114
503.16	0.113
503.36	0.113
503.56	0.113
503.76	0.114
503.96	0.114
504.17	0.114
504.37	0.114
504.57	0.114
504.77	0.114
504.97	0.114
505.17	0.114
505.38	0.114
505.58	0.114
505.78	0.114
505.98	0.114
506.18	0.113
506.38	0.113
506.58	0.113
506.79	0.113
506.99	0.113
507.19	0.113
507.39	0.114
507.59	0.114
507.79	0.114
507.99	0.115
508.20	0.115
508.40	0.115
508.60	0.115
508.80	0.115
509.00	0.115
509.20	0.114
509.40	0.113
509.61	0.114
509.81	0.114
510.01	0.114
510.21	0.114
510.41	0.114
510.61	0.114
510.81	0.114
511.01	0.114
511.22	0.114
511.42	0.114
511.62	0.114
511.82	0.113
512.02	0.113
512.22	0.113
512.42	0.113
512.62	0.112
512.82	0.113
513.03	0.113
513.23	0.113
513.43	0.113
513.63	0.113
513.83	0.114
514.03	0.114
514.23	0.114
514.43	0.115
514.63	0.115
514.83	0.115
515.04	0.115
515.24	0.115
515.44	0.115
515.64	0.114
515.84	0.114
516.04	0.114
516.24	0.114
516.44	0.113
516.64	0.113
516.84	0.113
517.04	0.113
517.24	0.113
517.45	0.113
517.65	0.113
517.85	0.113
518.05	0.113
518.25	0.113
518.45	0.112
518.65	0.112
518.85	0.113
519.05	0.112
519.25	0.112
519.45	0.112
519.65	0.112
519.85	0.112
520.05	0.113
520.25	0.113
520.46	0.113
520.66	0.113
520.86	0.113
521.06	0.113
521.26	0.113
521.46	0.113
521.66	0.113
521.86	0.112
522.06	0.113
522.26	0.113
522.46	0.113
522.66	0.113
522.86	0.113
523.06	0.113
523.26	0.113
523.46	0.113
523.66	0.113
523.86	0.113
524.06	0.113
524.26	0.113
524.46	0.113
524.66	0.113
524.86	0.113
525.06	0.112
525.26	0.112
525.46	0.112
525.66	0.112
525.87	0.112
526.07	0.112
526.27	0.111
526.47	0.112
526.67	0.112
526.87	0.113
527.07	0.113
527.27	0.112
527.47	0.112
527.67	0.112
527.87	0.112
528.07	0.112
528.27	0.111
528.47	0.111
528.67	0.111
528.87	0.111
529.07	0.112
529.27	0.111
529.47	0.111
529.67	0.112
529.87	0.112
530.07	0.112
530.27	0.112
530.47	0.112
530.67	0.113
530.87	0.113
531.06	0.113
531.26	0.113
531.46	0.113
531.66	0.113
531.86	0.112
532.06	0.113
532.26	0.113
532.46	0.112
532.66	0.112
532.86	0.112
533.06	0.111
533.26	0.112
533.46	0.111
533.66	0.112
533.86	0.111
534.06	0.111
534.26	0.111
534.46	0.111
534.66	0.111
534.86	0.112
535.06	0.111
535.26	0.112
535.46	0.112
535.66	0.111
535.86	0.112
536.06	0.112
536.26	0.111
536.45	0.112
536.65	0.112
536.85	0.112
537.05	0.112
537.25	0.112
537.45	0.112
537.65	0.112
537.85	0.112
538.05	0.112
538.25	0.112
538.45	0.111
538.65	0.111
538.85	0.111
539.05	0.110
539.25	0.110
539.44	0.110
539.64	0.110
539.84	0.110
540.04	0.109
540.24	0.109
540.44	0.109
540.64	0.110
540.84	0.111
541.04	0.111
541.24	0.111
541.44	0.110
541.64	0.111
541.83	0.111
542.03	0.111
542.23	0.111
542.43	0.110
542.63	0.110
542.83	0.110
543.03	0.110
543.23	0.110
543.43	0.110
543.63	0.110
543.82	0.110
544.02	0.110
544.22	0.110
544.42	0.109
544.62	0.109
544.82	0.109
545.02	0.109
545.22	0.108
545.42	0.109
545.61	0.108
545.81	0.108
546.01	0.109
546.21	0.110
546.41	0.110
546.61	0.110
546.81	0.110
547.01	0.110
547.20	0.110
547.40	0.110
547.60	0.110
547.80	0.110
548.00	0.110
548.20	0.110
548.40	0.110
548.59	0.110
548.79	0.111
548.99	0.110
549.19	0.110
549.39	0.111
549.59	0.111
549.79	0.111
549.98	0.110
550.18	0.110
550.38	0.110
550.58	0.111
550.78	0.111
550.98	0.112
551.17	0.112
551.37	0.112
551.57	0.112
551.77	0.112
551.97	0.112
552.17	0.111
552.36	0.111
552.56	0.111
552.76	0.110
552.96	0.111
553.16	0.110
553.36	0.111
553.55	0.111
553.75	0.111
553.95	0.112
554.15	0.112
554.35	0.111
554.55	0.112
554.74	0.111
554.94	0.112
555.14	0.112
555.34	0.111
555.54	0.111
555.73	0.111
555.93	0.111
556.13	0.112
556.33	0.111
556.53	0.112
556.72	0.112
556.92	0.111
557.12	0.111
557.32	0.111
557.52	0.111
557.71	0.111
557.91	0.111
558.11	0.111
558.31	0.111
558.51	0.111
558.70	0.111
558.90	0.112
559.10	0.112
559.30	0.112
559.49	0.112
559.69	0.112
559.89	0.112
560.09	0.112
560.29	0.111
560.48	0.111
560.68	0.111
560.88	0.111
561.08	0.111
561.27	0.111
561.47	0.111
561.67	0.111
561.87	0.111
562.06	0.111
562.26	0.111
562.46	0.110
562.66	0.110
562.86	0.111
563.05	0.111
563.25	0.110
563.45	0.110
563.65	0.110
563.84	0.110
564.04	0.111
564.24	0.111
564.44	0.111
564.63	0.111
564.83	0.111
565.03	0.110
565.22	0.110
565.42	0.111
565.62	0.110
565.82	0.110
566.01	0.110
566.21	0.110
566.41	0.111
566.61	0.110
566.80	0.111
567.00	0.111
567.20	0.111
567.40	0.111
567.59	0.111
567.79	0.111
567.99	0.111
568.18	0.112
568.38	0.112
568.58	0.112
568.78	0.112
568.97	0.111
569.17	0.112
569.37	0.112
569.56	0.112
569.76	0.112
569.96	0.112
570.16	0.111
570.35	0.111
570.55	0.111
570.75	0.112
570.94	0.111
571.14	0.111
571.34	0.110
571.53	0.110
571.73	0.110
571.93	0.111
572.12	0.111
572.32	0.111
572.52	0.111
572.72	0.111
572.91	0.111
573.11	0.112
573.31	0.112
573.50	0.113
573.70	0.113
573.90	0.112
574.09	0.112
574.29	0.112
574.49	0.111
574.68	0.111
574.88	0.111
575.08	0.110
575.27	0.110
575.47	0.110
575.67	0.110
575.86	0.111
576.06	0.111
576.26	0.111
576.45	0.111
576.65	0.112
576.85	0.111
577.04	0.111
577.24	0.111
577.44	0.110
577.63	0.110
577.83	0.110
578.02	0.110
578.22	0.110
578.42	0.110
578.61	0.110
578.81	0.110
579.01	0.110
579.20	0.111
579.40	0.111
579.60	0.111
579.79	0.111
579.99	0.111
580.19	0.111
580.38	0.111
580.58	0.111
580.77	0.111
580.97	0.110
581.17	0.110
581.36	0.110
581.56	0.109
581.75	0.109
581.95	0.109
582.15	0.109
582.34	0.109
582.54	0.109
582.74	0.109
582.93	0.110
583.13	0.110
583.32	0.110
583.52	0.110
583.72	0.111
583.91	0.111
584.11	0.111
584.30	0.111
584.50	0.110
584.70	0.110
584.89	0.110
585.09	0.109
585.28	0.109
585.48	0.109
585.68	0.108
585.87	0.108
586.07	0.109
586.26	0.109
586.46	0.109
586.66	0.110
586.85	0.110
587.05	0.110
587.24	0.110
587.44	0.110
587.63	0.110
587.83	0.110
588.03	0.110
588.22	0.110
588.42	0.110
588.61	0.110
588.81	0.110
589.00	0.110
589.20	0.110
589.40	0.110
589.59	0.109
589.79	0.110
589.98	0.110
590.18	0.110
590.37	0.109
590.57	0.109
590.76	0.110
590.96	0.110
591.16	0.110
591.35	0.110
591.55	0.111
591.74	0.111
591.94	0.111
592.13	0.111
592.33	0.111
592.52	0.110
592.72	0.110
592.91	0.110
593.11	0.109
593.30	0.109
593.50	0.109
593.70	0.108
593.89	0.108
594.09	0.108
594.28	0.109
594.48	0.108
594.67	0.108
594.87	0.109
595.06	0.109
595.26	0.109
595.45	0.109
595.65	0.110
595.84	0.110
596.04	0.110
596.23	0.110
596.43	0.111
596.62	0.111
596.82	0.111
597.01	0.112
597.21	0.112
597.40	0.112
597.60	0.111
597.79	0.112
597.99	0.111
598.18	0.111
598.38	0.111
598.57	0.111
598.77	0.111
598.96	0.110
599.16	0.110
599.35	0.110
599.55	0.110
599.74	0.109
599.94	0.109
600.13	0.109
600.33	0.109
600.52	0.109
600.72	0.109
600.91	0.109
601.11	0.109
601.30	0.109
601.50	0.109
601.69	0.109
601.89	0.110
602.08	0.110
602.27	0.110
602.47	0.110
602.66	0.110
602.86	0.110
603.05	0.110
603.25	0.110
603.44	0.110
603.64	0.110
603.83	0.110
604.03	0.110
604.22	0.110
604.41	0.110
604.61	0.110
604.80	0.110
605.00	0.110
605.19	0.110
605.39	0.110
605.58	0.110
605.78	0.110
605.97	0.110
606.16	0.110
606.36	0.110
606.55	0.110
606.75	0.110
606.94	0.110
607.14	0.109
607.33	0.109
607.52	0.109
607.72	0.108
607.91	0.108
608.11	0.108
608.30	0.108
608.50	0.108
608.69	0.108
608.88	0.109
609.08	0.109
609.27	0.109
609.47	0.108
609.66	0.108
609.85	0.109
610.05	0.109
610.24	0.109
610.44	0.108
610.63	0.108
610.83	0.108
611.02	0.109
611.21	0.109
611.41	0.109
611.60	0.109
611.80	0.108
611.99	0.109
612.18	0.109
612.38	0.109
612.57	0.109
612.76	0.109
612.96	0.108
613.15	0.109
613.35	0.109
613.54	0.110
613.73	0.110
613.93	0.110
614.12	0.110
614.32	0.110
614.51	0.110
614.70	0.110
614.90	0.109
615.09	0.109
615.28	0.108
615.48	0.108
615.67	0.108
615.86	0.109
616.06	0.109
616.25	0.109
616.45	0.109
616.64	0.109
616.83	0.110
617.03	0.110
617.22	0.109
617.41	0.109
617.61	0.108
617.80	0.108
617.99	0.108
618.19	0.108
618.38	0.107
618.57	0.108
618.77	0.108
618.96	0.108
619.15	0.108
619.35	0.108
619.54	0.108
619.73	0.108
619.93	0.108
620.12	0.108
620.31	0.108
620.51	0.108
620.70	0.108
620.89	0.108
621.09	0.109
621.28	0.108
621.47	0.108
621.67	0.109
621.86	0.108
622.05	0.109
622.25	0.109
622.44	0.109
622.63	0.109
622.83	0.109
623.02	0.110
623.21	0.110
623.41	0.109
623.60	0.109
623.79	0.109
623.98	0.109
624.18	0.109
624.37	0.108
624.56	0.108
624.76	0.108
624.95	0.108
625.14	0.108
625.33	0.108
625.53	0.108
625.72	0.109
625.91	0.109
626.11	0.109
626.30	0.109
626.49	0.110
626.68	0.110
626.88	0.110
627.07	0.110
627.26	0.110
627.46	0.110
627.65	0.110
627.84	0.110
628.03	0.110
628.23	0.110
628.42	0.110
628.61	0.110
628.80	0.110
629.00	0.109
629.19	0.109
629.38	0.109
629.58	0.109
629.77	0.109
629.96	0.108
630.15	0.109
630.35	0.108
630.54	0.109
630.73	0.109
630.92	0.109
631.12	0.108
631.31	0.109
631.50	0.109
631.69	0.109
631.89	0.109
632.08	0.109
632.27	0.109
632.46	0.109
632.65	0.109
632.85	0.109
633.04	0.108
633.23	0.109
633.42	0.108
633.62	0.109
633.81	0.108
634.00	0.108
634.19	0.109
634.39	0.109
634.58	0.109
634.77	0.109
634.96	0.110
635.15	0.110
635.35	0.110
635.54	0.110
635.73	0.110
635.92	0.110
636.11	0.110
636.31	0.110
636.50	0.109
636.69	0.109
636.88	0.109
637.07	0.109
637.27	0.109
637.46	0.109
637.65	0.109
637.84	0.109
638.03	0.109
638.23	0.109
638.42	0.109
638.61	0.109
638.80	0.109
638.99	0.109
639.19	0.109
639.38	0.109
639.57	0.109
639.76	0.109
639.95	0.109
640.14	0.109
640.34	0.109
640.53	0.109
640.72	0.109
640.91	0.109
641.10	0.109
641.30	0.109
641.49	0.109
641.68	0.109
641.87	0.109
642.06	0.108
642.25	0.108
642.44	0.108
642.64	0.108
642.83	0.108
643.02	0.108
643.21	0.108
643.40	0.108
643.59	0.108
643.79	0.109
643.98	0.109
644.17	0.108
644.36	0.108
644.55	0.109
644.74	0.109
644.93	0.109
645.13	0.109
645.32	0.109
645.51	0.109
645.70	0.109
645.89	0.110
646.08	0.110
646.27	0.109
646.46	0.109
646.66	0.109
646.85	0.109
647.04	0.110
647.23	0.110
647.42	0.109
647.61	0.109
647.80	0.110
647.99	0.109
648.19	0.109
648.38	0.109
648.57	0.109
648.76	0.109
648.95	0.109
649.14	0.109
649.33	0.109
649.52	0.109
649.71	0.108
649.91	0.108
650.10	0.108
650.29	0.108
650.48	0.108
650.67	0.108
650.86	0.108
651.05	0.108
651.24	0.108
651.43	0.108
651.62	0.108
651.81	0.107
652.01	0.108
652.20	0.107
652.39	0.108
652.58	0.108
652.77	0.108
652.96	0.108
653.15	0.108
653.34	0.108
653.53	0.108
653.72	0.108
653.91	0.109
654.10	0.109
654.29	0.110
654.48	0.110
654.68	0.111
654.87	0.111
655.06	0.111
655.25	0.110
655.44	0.110
655.63	0.109
655.82	0.108
656.01	0.108
656.20	0.107
656.39	0.107
656.58	0.107
656.77	0.107
656.96	0.107
657.15	0.107
657.34	0.108
657.53	0.108
657.72	0.109
657.91	0.109
658.10	0.108
658.29	0.107
658.48	0.108
658.68	0.108
658.87	0.108
659.06	0.108
659.25	0.108
659.44	0.107
659.63	0.108
659.82	0.108
660.01	0.109
660.20	0.109
660.39	0.108
660.58	0.108
660.77	0.108
660.96	0.108
661.15	0.108
661.34	0.108
661.53	0.108
661.72	0.108
661.91	0.108
662.10	0.108
662.29	0.108
662.48	0.108
662.67	0.108
662.86	0.108
663.05	0.108
663.24	0.108
663.43	0.108
663.62	0.109
663.81	0.109
664.00	0.109
664.19	0.109
664.38	0.110
664.57	0.109
664.76	0.108
664.95	0.109
665.14	0.108
665.33	0.108
665.52	0.108
665.71	0.107
665.90	0.107
666.09	0.107
666.28	0.107
666.46	0.108
666.65	0.108
666.84	0.108
667.03	0.108
667.22	0.108
667.41	0.108
667.60	0.108
667.79	0.108
667.98	0.108
668.17	0.108
668.36	0.109
668.55	0.109
668.74	0.109
668.93	0.109
669.12	0.109
669.31	0.109
669.50	0.109
669.69	0.109
669.88	0.109
670.07	0.109
670.26	0.109
670.44	0.109
670.63	0.109
670.82	0.109
671.01	0.109
671.20	0.109
671.39	0.109
671.58	0.108
671.77	0.108
671.96	0.108
672.15	0.108
672.34	0.107
672.53	0.108
672.72	0.108
672.91	0.108
673.09	0.108
673.28	0.108
673.47	0.108
673.66	0.108
673.85	0.108
674.04	0.108
674.23	0.108
674.42	0.108
674.61	0.108
674.80	0.107
674.98	0.107
675.17	0.107
675.36	0.108
675.55	0.107
675.74	0.107
675.93	0.108
676.12	0.108
676.31	0.107
676.50	0.108
676.69	0.108
676.87	0.108
677.06	0.107
677.25	0.107
677.44	0.107
677.63	0.108
677.82	0.108
678.01	0.108
678.20	0.108
678.38	0.108
678.57	0.108
678.76	0.109
678.95	0.109
679.14	0.109
679.33	0.109
679.52	0.108
679.71	0.108
679.89	0.108
680.08	0.107
680.27	0.107
680.46	0.107
680.65	0.107
680.84	0.107
681.02	0.107
681.21	0.107
681.40	0.107
681.59	0.107
681.78	0.107
681.97	0.107
682.16	0.108
682.34	0.108
682.53	0.108
682.72	0.108
682.91	0.108
683.10	0.108
683.29	0.109
683.47	0.109
683.66	0.110
683.85	0.110
684.04	0.110
684.23	0.110
684.42	0.110
684.60	0.110
684.79	0.110
684.98	0.110
685.17	0.110
685.36	0.110
685.54	0.110
685.73	0.109
685.92	0.109
686.11	0.109
686.30	0.108
686.49	0.108
686.67	0.108
686.86	0.107
687.05	0.107
687.24	0.106
687.43	0.106
687.61	0.106
687.80	0.106
687.99	0.107
688.18	0.107
688.36	0.107
688.55	0.108
688.74	0.108
688.93	0.108
689.12	0.109
689.30	0.109
689.49	0.109
689.68	0.109
689.87	0.109
690.06	0.109
690.24	0.108
690.43	0.108
690.62	0.108
690.81	0.108
690.99	0.108
691.18	0.108
691.37	0.108
691.56	0.107
691.74	0.108
691.93	0.108
692.12	0.108
692.31	0.108
692.50	0.108
692.68	0.108
692.87	0.108
693.06	0.108
693.25	0.108
693.43	0.108
693.62	0.108
693.81	0.108
694.00	0.108
694.18	0.108
694.37	0.108
694.56	0.109
694.74	0.109
694.93	0.109
695.12	0.109
695.31	0.109
695.49	0.109
695.68	0.109
695.87	0.109
696.06	0.108
696.24	0.108
696.43	0.108
696.62	0.108
696.80	0.108
696.99	0.108
697.18	0.108
697.37	0.108
697.55	0.109
697.74	0.109
697.93	0.108
698.12	0.108
698.30	0.108
698.49	0.109
698.68	0.108
698.86	0.109
699.05	0.108
699.24	0.108
699.42	0.108
699.61	0.107
699.80	0.107
699.99	0.107
700.17	0.107
700.36	0.107
700.55	0.108
700.73	0.108
700.92	0.108
701.11	0.108
701.29	0.108
701.48	0.109
701.67	0.109
701.85	0.108
702.04	0.108
702.23	0.108
702.41	0.108
702.60	0.108
702.79	0.108
702.97	0.107
703.16	0.108
703.35	0.108
703.53	0.108
703.72	0.108
703.91	0.108
704.09	0.108
704.28	0.108
704.47	0.108
704.65	0.108
704.84	0.108
705.03	0.108
705.21	0.108
705.40	0.108
705.59	0.108
705.77	0.108
705.96	0.108
706.15	0.108
706.33	0.108
706.52	0.108
706.71	0.108
706.89	0.107
707.08	0.107
707.26	0.107
707.45	0.107
707.64	0.107
707.82	0.107
708.01	0.107
708.20	0.108
708.38	0.107
708.57	0.107
708.75	0.108
708.94	0.108
709.13	0.108
709.31	0.107
709.50	0.108
709.69	0.108
709.87	0.108
710.06	0.108
710.24	0.108
710.43	0.108
710.62	0.107
710.80	0.108
710.99	0.108
711.17	0.108
711.36	0.107
711.55	0.107
711.73	0.108
711.92	0.107
712.10	0.107
712.29	0.108
712.48	0.108
712.66	0.108
712.85	0.108
713.03	0.108
713.22	0.108
713.40	0.108
713.59	0.108
713.78	0.108
713.96	0.108
714.15	0.108
714.33	0.107
714.52	0.108
714.71	0.108
714.89	0.108
715.08	0.109
715.26	0.109
715.45	0.108
715.63	0.109
715.82	0.109
716.00	0.109
716.19	0.109
716.38	0.108
716.56	0.109
716.75	0.108
716.93	0.109
717.12	0.109
717.30	0.109
717.49	0.109
717.67	0.109
717.86	0.109
718.05	0.109
718.23	0.108
718.42	0.108
718.60	0.108
718.79	0.107
718.97	0.108
719.16	0.107
719.34	0.107
719.53	0.108
719.71	0.108
719.90	0.108
720.08	0.108
720.27	0.109
720.45	0.109
720.64	0.108
720.83	0.109
721.01	0.109
721.20	0.108
721.38	0.108
721.57	0.108
721.75	0.108
721.94	0.108
722.12	0.108
722.31	0.108
722.49	0.108
722.68	0.109
722.86	0.109
723.05	0.109
723.23	0.109
723.42	0.109
723.60	0.109
723.79	0.109
723.97	0.109
724.16	0.109
724.34	0.108
724.53	0.108
724.71	0.108
724.90	0.108
725.08	0.108
725.27	0.108
725.45	0.109
725.64	0.108
725.82	0.108
726.00	0.108
726.19	0.108
726.37	0.108
726.56	0.108
726.74	0.108
726.93	0.109
727.11	0.108
727.30	0.109
727.48	0.109
727.67	0.109
727.85	0.110
728.04	0.110
728.22	0.109
728.40	0.109
728.59	0.109
728.77	0.109
728.96	0.109
729.14	0.109
729.33	0.109
729.51	0.108
729.70	0.108
729.88	0.108
730.07	0.108
730.25	0.108
730.43	0.108
730.62	0.108
730.80	0.108
730.99	0.108
731.17	0.108
731.36	0.108
731.54	0.108
731.72	0.109
731.91	0.108
732.09	0.108
732.28	0.108
732.46	0.108
732.65	0.108
732.83	0.108
733.01	0.108
733.20	0.108
733.38	0.108
733.57	0.108
733.75	0.108
733.93	0.108
734.12	0.108
734.30	0.108
734.49	0.107
734.67	0.108
734.85	0.108
735.04	0.108
735.22	0.108
735.41	0.108
735.59	0.108
735.77	0.109
735.96	0.108
736.14	0.108
736.33	0.109
736.51	0.109
736.69	0.109
736.88	0.109
737.06	0.109
737.25	0.109
737.43	0.109
737.61	0.108
737.80	0.109
737.98	0.109
738.16	0.108
738.35	0.108
738.53	0.109
738.71	0.109
738.90	0.108
739.08	0.108
739.27	0.108
739.45	0.108
739.63	0.108
739.82	0.108
740.00	0.108
740.18	0.108
740.37	0.108
740.55	0.109
740.73	0.109
740.92	0.109
741.10	0.109
741.28	0.110
741.47	0.110
741.65	0.110
741.83	0.110
742.02	0.110
742.20	0.110
742.38	0.110
742.57	0.109
742.75	0.110
742.93	0.109
743.12	0.109
743.30	0.108
743.48	0.108
743.67	0.108
743.85	0.108
744.03	0.108
744.22	0.108
744.40	0.108
744.58	0.108
744.77	0.108
744.95	0.108
745.13	0.108
745.32	0.108
745.50	0.108
745.68	0.108
745.87	0.109
746.05	0.109
746.23	0.108
746.41	0.109
746.60	0.109
746.78	0.109
746.96	0.109
747.15	0.109
747.33	0.109
747.51	0.109
747.70	0.109
747.88	0.109
748.06	0.108
748.24	0.109
748.43	0.108
748.61	0.108
748.79	0.108
748.97	0.108
749.16	0.108
749.34	0.108
749.52	0.108
749.71	0.108
749.89	0.108
750.07	0.108
750.25	0.108
750.44	0.109
750.62	0.109
750.80	0.109
750.98	0.109
751.17	0.110
751.35	0.110
751.53	0.110
751.71	0.111
751.90	0.110
752.08	0.110
752.26	0.110
752.44	0.110
752.63	0.110
752.81	0.109
752.99	0.109
753.17	0.109
753.36	0.109
753.54	0.108
753.72	0.108
753.90	0.109
754.09	0.108
754.27	0.108
754.45	0.108
754.63	0.109
754.82	0.109
755.00	0.109
755.18	0.109
755.36	0.110
755.54	0.109
755.73	0.109
755.91	0.109
756.09	0.110
756.27	0.110
756.45	0.110
756.64	0.110
756.82	0.111
757.00	0.110
757.18	0.110
757.37	0.110
757.55	0.110
757.73	0.110
757.91	0.109
758.09	0.109
758.27	0.108
758.46	0.108
758.64	0.108
758.82	0.108
759.00	0.108
759.18	0.108
759.37	0.108
759.55	0.109
759.73	0.108
759.91	0.109
760.09	0.109
760.28	0.109
760.46	0.109
760.64	0.109
760.82	0.108
761.00	0.108
761.18	0.109
761.37	0.109
761.55	0.109
761.73	0.109
761.91	0.109
762.09	0.109
762.27	0.109
762.46	0.109
762.64	0.110
762.82	0.110
763.00	0.110
763.18	0.110
763.36	0.109
763.54	0.109
763.73	0.109
763.91	0.109
764.09	0.109
764.27	0.109
764.45	0.109
764.63	0.108
764.81	0.108
765.00	0.108
765.18	0.108
765.36	0.108
765.54	0.108
765.72	0.108
765.90	0.107
766.08	0.107
766.27	0.107
766.45	0.107
766.63	0.108
766.81	0.108
766.99	0.107
767.17	0.108
767.35	0.108
767.53	0.107
767.71	0.108
767.90	0.108
768.08	0.107
768.26	0.107
768.44	0.107
768.62	0.107
768.80	0.107
768.98	0.107
769.16	0.107
769.34	0.108
769.52	0.108
769.71	0.109
769.89	0.109
770.07	0.109
770.25	0.109
770.43	0.109
770.61	0.109
770.79	0.109
770.97	0.109
771.15	0.108
771.33	0.108
771.51	0.108
771.69	0.108
771.88	0.108
772.06	0.108
772.24	0.108
772.42	0.108
772.60	0.108
772.78	0.108
772.96	0.109
773.14	0.108
773.32	0.107
773.50	0.107
773.68	0.108
773.86	0.108
774.04	0.108
774.22	0.108
774.40	0.108
774.58	0.107
774.77	0.108
774.95	0.108
775.13	0.108
775.31	0.108
775.49	0.108
775.67	0.108
775.85	0.108
776.03	0.108
776.21	0.108
776.39	0.108
776.57	0.108
776.75	0.108
776.93	0.108
777.11	0.108
777.29	0.108
777.47	0.108
777.65	0.108
777.83	0.108
778.01	0.108
778.19	0.108
778.37	0.109
778.55	0.108
778.73	0.108
778.91	0.108
779.09	0.108
779.27	0.108
779.45	0.109
779.63	0.109
779.81	0.108
779.99	0.108
780.17	0.109
780.35	0.109
780.53	0.109
780.71	0.110
780.89	0.110
781.07	0.110
781.25	0.110
781.43	0.110
781.61	0.110
781.79	0.110
781.97	0.110
782.15	0.110
782.33	0.109
782.51	0.109
782.69	0.110
782.87	0.110
783.05	0.110
783.23	0.110
783.41	0.110
783.59	0.110
783.77	0.110
783.95	0.110
784.13	0.111
784.31	0.110
784.49	0.110
784.67	0.109
784.85	0.110
785.03	0.110
785.21	0.110
785.38	0.110
785.56	0.109
785.74	0.109
785.92	0.109
786.10	0.110
786.28	0.110
786.46	0.110
786.64	0.111
786.82	0.111
787.00	0.111
787.18	0.111
787.36	0.111
787.54	0.111
787.72	0.111
787.90	0.111
788.08	0.111
788.25	0.111
788.43	0.111
788.61	0.111
788.79	0.111
788.97	0.111
789.15	0.111
789.33	0.111
789.51	0.111
789.69	0.111
789.87	0.112
790.05	0.111
790.23	0.111
790.40	0.111
790.58	0.111
790.76	0.111
790.94	0.111
791.12	0.111
791.30	0.111
791.48	0.111
791.66	0.111
791.84	0.112
792.02	0.112
792.19	0.112
792.37	0.112
792.55	0.112
792.73	0.112
792.91	0.111
793.09	0.112
793.27	0.112
793.45	0.111
793.63	0.112
793.80	0.112
793.98	0.111
794.16	0.111
794.34	0.111
794.52	0.111
794.70	0.111
794.88	0.111
795.05	0.111
795.23	0.110
795.41	0.110
795.59	0.111
795.77	0.111
795.95	0.111
796.13	0.111
796.30	0.111
796.48	0.111
796.66	0.112
796.84	0.111
797.02	0.111
797.20	0.111
797.38	0.112
797.55	0.112
797.73	0.112
797.91	0.111
798.09	0.111
798.27	0.111
798.45	0.112
798.62	0.112
798.80	0.111
798.98	0.111
799.16	0.111
799.34	0.111
799.52	0.111
799.69	0.111
799.87	0.111
800.05	0.111
800.23	0.111
800.41	0.112
800.58	0.112
800.76	0.113
800.94	0.112
801.12	0.113
801.30	0.113
801.47	0.113
801.65	0.113
801.83	0.112
802.01	0.112
802.19	0.112
802.36	0.112
802.54	0.113
802.72	0.112
802.90	0.112
803.08	0.112
803.25	0.112
803.43	0.113
803.61	0.112
803.79	0.112
803.97	0.112
804.14	0.113
804.32	0.113
804.50	0.113
804.68	0.113
804.85	0.113
805.03	0.113
805.21	0.113
805.39	0.113
805.56	0.113
805.74	0.112
805.92	0.112
806.10	0.113
806.28	0.113
806.45	0.112
806.63	0.113
806.81	0.113
806.99	0.113
807.16	0.113
807.34	0.113
807.52	0.112
807.70	0.112
807.87	0.112
808.05	0.112
808.23	0.112
808.41	0.113
808.58	0.113
808.76	0.113
808.94	0.113
809.11	0.113
809.29	0.113
809.47	0.113
809.65	0.113
809.82	0.113
810.00	0.112
810.18	0.113
810.36	0.113
810.53	0.113
810.71	0.113
810.89	0.113
811.06	0.112
811.24	0.112
811.42	0.113
811.60	0.113
811.77	0.112
811.95	0.113
812.13	0.113
812.30	0.113
812.48	0.113
812.66	0.113
812.83	0.113
813.01	0.112
813.19	0.113
813.37	0.112
813.54	0.112
813.72	0.111
813.90	0.112
814.07	0.112
814.25	0.113
814.43	0.113
814.60	0.113
814.78	0.113
814.96	0.113
815.13	0.113
815.31	0.114
815.49	0.114
815.66	0.114
815.84	0.114
816.02	0.114
816.19	0.114
816.37	0.114
816.55	0.114
816.72	0.114
816.90	0.114
817.08	0.114
817.25	0.113
817.43	0.113
817.61	0.113
817.78	0.113
817.96	0.113
818.14	0.113
818.31	0.113
818.49	0.113
818.67	0.114
818.84	0.114
819.02	0.114
819.19	0.114
819.37	0.114
819.55	0.114
819.72	0.114
819.90	0.114
820.08	0.114
820.25	0.114
820.43	0.114
820.60	0.114
820.78	0.114
820.96	0.114
821.13	0.114
821.31	0.114
821.49	0.115
821.66	0.114
821.84	0.114
822.01	0.114
822.19	0.114
822.37	0.114
822.54	0.114
822.72	0.115
822.89	0.115
823.07	0.115
823.25	0.116
823.42	0.115
823.60	0.115
823.77	0.115
823.95	0.115
824.13	0.115
824.30	0.115
824.48	0.114
824.65	0.114
824.83	0.114
825.01	0.114
825.18	0.115
825.36	0.115
825.53	0.115
825.71	0.115
825.88	0.115
826.06	0.115
826.24	0.115
826.41	0.115
826.59	0.116
826.76	0.115
826.94	0.115
827.11	0.115
827.29	0.116
827.47	0.115
827.64	0.115
827.82	0.115
827.99	0.115
828.17	0.115
828.34	0.116
828.52	0.116
828.69	0.116
828.87	0.115
829.04	0.115
829.22	0.116
829.40	0.115
829.57	0.115
829.75	0.115
829.92	0.115
830.10	0.115
830.27	0.114
830.45	0.115
830.62	0.115
830.80	0.115
830.97	0.115
831.15	0.115
831.32	0.115
831.50	0.115
831.67	0.114
831.85	0.114
832.02	0.115
832.20	0.114
832.37	0.115
832.55	0.116
832.73	0.115
832.90	0.115
833.08	0.116
833.25	0.116
833.43	0.116
833.60	0.115
833.78	0.116
833.95	0.116
834.13	0.116
834.30	0.116
834.48	0.116
834.65	0.116
834.82	0.116
835.00	0.116
835.17	0.116
835.35	0.116
835.52	0.116
835.70	0.116
835.87	0.115
836.05	0.115
836.22	0.115
836.40	0.114
836.57	0.115
836.75	0.115
836.92	0.115
837.10	0.114
837.27	0.114
837.45	0.114
837.62	0.114
837.80	0.114
837.97	0.115
838.14	0.115
838.32	0.114
838.49	0.114
838.67	0.115
838.84	0.115
839.02	0.115
839.19	0.116
839.37	0.116
839.54	0.115
839.71	0.115
839.89	0.115
840.06	0.116
840.24	0.115
840.41	0.115
840.59	0.115
840.76	0.114
840.94	0.115
841.11	0.115
841.28	0.115
841.46	0.115
841.63	0.114
841.81	0.114
841.98	0.115
842.15	0.115
842.33	0.115
842.50	0.115
842.68	0.115
842.85	0.116
843.03	0.116
843.20	0.117
843.37	0.117
843.55	0.117
843.72	0.117
843.90	0.117
844.07	0.117
844.24	0.117
844.42	0.116
844.59	0.115
844.77	0.115
844.94	0.115
845.11	0.115
845.29	0.115
845.46	0.115
845.63	0.116
845.81	0.117
845.98	0.116
846.16	0.116
846.33	0.117
846.50	0.116
846.68	0.116
846.85	0.116
847.02	0.116
847.20	0.116
847.37	0.115
847.55	0.116
847.72	0.115
847.89	0.115
848.07	0.115
848.24	0.115
848.41	0.116
848.59	0.116
848.76	0.116
848.93	0.116
849.11	0.115
849.28	0.116
849.45	0.116
849.63	0.116
849.80	0.117
849.97	0.117
850.15	0.117
850.32	0.117
850.49	0.117
850.67	0.118
850.84	0.118
851.01	0.117
851.19	0.117
851.36	0.116
851.53	0.115
851.71	0.115
851.88	0.115
852.05	0.115
852.23	0.115
852.40	0.115
852.57	0.115
852.75	0.115
852.92	0.116
853.09	0.116
853.27	0.116
853.44	0.116
853.61	0.116
853.79	0.115
853.96	0.116
854.13	0.116
854.30	0.117
854.48	0.116
854.65	0.116
854.82	0.117
855.00	0.117
855.17	0.117
855.34	0.118
855.51	0.117
855.69	0.117
855.86	0.118
856.03	0.118
856.21	0.118
856.38	0.117
856.55	0.117
856.72	0.117
856.90	0.116
857.07	0.117
857.24	0.117
857.42	0.117
857.59	0.117
857.76	0.117
857.93	0.117
858.11	0.117
858.28	0.118
858.45	0.118
858.62	0.118
858.80	0.118
858.97	0.118
859.14	0.118
859.31	0.119
859.49	0.118
859.66	0.118
859.83	0.117
860.00	0.117
860.18	0.117
860.35	0.117
860.52	0.117
860.69	0.116
860.86	0.116
861.04	0.116
861.21	0.116
861.38	0.117
861.55	0.117
861.73	0.117
861.90	0.117
862.07	0.118
862.24	0.118
862.42	0.118
862.59	0.118
862.76	0.118
862.93	0.118
863.10	0.117
863.28	0.118
863.45	0.118
863.62	0.118
863.79	0.118
863.96	0.118
864.14	0.118
864.31	0.118
864.48	0.119
864.65	0.119
864.82	0.118
865.00	0.118
865.17	0.118
865.34	0.118
865.51	0.118
865.68	0.118
865.86	0.118
866.03	0.118
866.20	0.118
866.37	0.118
866.54	0.119
866.71	0.119
866.89	0.119
867.06	0.119
867.23	0.120
867.40	0.119
867.57	0.119
867.74	0.119
867.92	0.118
868.09	0.118
868.26	0.117
868.43	0.118
868.60	0.118
868.77	0.118
868.95	0.118
869.12	0.119
869.29	0.119
869.46	0.120
869.63	0.120
869.80	0.119
869.97	0.119
870.15	0.118
870.32	0.118
870.49	0.118
870.66	0.118
870.83	0.118
871.00	0.118
871.17	0.118
871.34	0.119
871.52	0.120
871.69	0.120
871.86	0.120
872.03	0.120
872.20	0.120
872.37	0.119
872.54	0.119
872.71	0.118
872.89	0.117
873.06	0.117
873.23	0.117
873.40	0.117
873.57	0.117
873.74	0.117
873.91	0.117
874.08	0.118
874.25	0.118
874.42	0.118
874.60	0.118
874.77	0.118
874.94	0.118
875.11	0.118
875.28	0.118
875.45	0.117
875.62	0.117
875.79	0.117
875.96	0.116
876.13	0.117
876.30	0.118
876.47	0.117
876.65	0.118
876.82	0.119
876.99	0.118
877.16	0.118
877.33	0.119
877.50	0.120
877.67	0.120
877.84	0.119
878.01	0.120
878.18	0.119
878.35	0.119
878.52	0.119
878.69	0.119
878.86	0.120
879.03	0.119
879.20	0.118
879.38	0.118
879.55	0.119
879.72	0.119
879.89	0.118
880.06	0.119
880.23	0.118
880.40	0.117
880.57	0.118
880.74	0.119
880.91	0.118
881.08	0.118
881.25	0.118
881.42	0.118
881.59	0.119
881.76	0.119
881.93	0.119
882.10	0.119
882.27	0.118
882.44	0.118
882.61	0.117
882.78	0.118
882.95	0.117
883.12	0.117
883.29	0.117
883.46	0.117
883.63	0.117
883.80	0.117
883.97	0.116
884.14	0.117
884.31	0.117
884.48	0.117
884.65	0.116
884.82	0.116
884.99	0.116
885.16	0.116
885.33	0.115
885.50	0.117
885.67	0.117
885.84	0.117
886.01	0.116
886.18	0.116
886.35	0.116
886.52	0.115
886.69	0.115
886.86	0.115
887.03	0.116
887.20	0.116
887.37	0.116
887.54	0.116
887.71	0.116
887.88	0.117
888.05	0.118
888.22	0.117
888.39	0.117
888.55	0.116
888.72	0.115
888.89	0.115
889.06	0.114
889.23	0.114
889.40	0.115
889.57	0.114
889.74	0.114
889.91	0.114
890.08	0.114
890.25	0.114
890.42	0.114
890.59	0.115
890.76	0.114
890.93	0.113
891.10	0.114
891.26	0.114
891.43	0.113
891.60	0.113
891.77	0.113
891.94	0.112
892.11	0.112
892.28	0.112
892.45	0.112
892.62	0.112
892.79	0.111
892.96	0.111
893.13	0.110
893.29	0.110
893.46	0.110
893.63	0.111
893.80	0.111
893.97	0.110
894.14	0.109
894.31	0.109
894.48	0.115
894.65	0.104
894.81	0.102
894.98	0.114
