177.34	0.301
177.56	0.301
177.78	0.301
178.00	-0.000
178.22	0.053
178.44	0.085
178.66	0.850
178.89	-0.555
179.11	-0.853
179.33	-1.026
179.55	-1.222
179.77	-0.610
179.99	-0.524
180.21	-0.741
180.43	-0.203
180.65	0.112
180.87	0.319
181.09	0.307
181.31	0.298
181.53	0.326
181.75	0.385
181.97	0.428
182.19	0.440
182.41	0.433
182.63	0.419
182.85	0.417
183.07	0.466
183.30	0.481
183.52	0.455
183.74	0.452
183.96	0.475
184.18	0.453
184.40	0.463
184.62	0.442
184.84	0.451
185.06	0.444
185.28	0.473
185.50	0.483
185.72	0.504
185.94	0.490
186.16	0.524
186.38	0.565
186.60	0.614
186.82	0.690
187.04	0.717
187.26	0.752
187.48	0.774
187.70	0.778
187.92	0.855
188.14	0.885
188.36	0.928
188.58	0.949
188.80	0.904
189.02	0.929
189.24	0.946
189.46	0.992
189.68	1.048
189.90	1.035
190.12	1.026
190.34	1.035
190.56	1.056
190.78	1.059
191.00	1.100
191.22	1.152
191.44	1.157
191.66	1.148
191.88	1.166
192.10	1.200
192.32	1.206
192.54	1.281
192.76	1.342
192.98	1.343
193.20	1.296
193.42	1.301
193.64	1.332
193.86	1.332
194.08	1.366
194.30	1.380
194.52	1.358
194.74	1.358
194.96	1.372
195.18	1.412
195.40	1.421
195.62	1.443
195.84	1.456
196.06	1.432
196.28	1.460
196.50	1.462
196.72	1.440
196.94	1.506
197.16	1.546
197.38	1.566
197.60	1.544
197.82	1.596
198.04	1.581
198.26	1.596
198.48	1.592
198.70	1.634
198.92	1.577
199.13	1.557
199.35	1.580
199.57	1.564
199.79	1.543
200.01	1.593
200.23	1.590
200.45	1.605
200.67	1.597
200.89	1.604
201.11	1.608
201.33	1.615
201.55	1.651
201.77	1.681
201.99	1.701
202.21	1.693
202.43	1.734
202.65	1.778
202.87	1.769
203.09	1.763
203.31	1.797
203.52	1.813
203.74	1.797
203.96	1.746
204.18	1.801
204.40	1.805
204.62	1.761
204.84	1.775
205.06	1.788
205.28	1.766
205.50	1.731
205.72	1.749
205.94	1.809
206.16	1.769
206.38	1.732
206.59	1.761
206.81	1.774
207.03	1.766
207.25	1.783
207.47	1.835
207.69	1.856
207.91	1.839
208.13	1.867
208.35	1.867
208.57	1.881
208.79	1.894
209.01	1.926
209.22	1.923
209.44	1.946
209.66	1.938
209.88	1.954
210.10	1.976
210.32	2.026
210.54	2.089
210.76	2.125
210.98	2.134
211.20	2.125
211.42	2.090
211.63	2.104
211.85	2.124
212.07	2.087
212.29	2.072
212.51	2.017
212.73	2.000
212.95	2.007
213.17	2.010
213.39	2.026
213.60	2.007
213.82	2.007
214.04	2.015
214.26	2.041
214.48	2.072
214.70	2.076
214.92	2.090
215.14	2.105
215.35	2.127
215.57	2.160
215.79	2.153
216.01	2.187
216.23	2.174
216.45	2.148
216.67	2.151
216.89	2.146
217.10	2.180
217.32	2.153
217.54	2.187
217.76	2.196
217.98	2.170
218.20	2.172
218.42	2.181
218.64	2.199
218.85	2.212
219.07	2.193
219.29	2.209
219.51	2.186
219.73	2.208
219.95	2.222
220.17	2.232
220.38	2.220
220.60	2.204
220.82	2.209
221.04	2.214
221.26	2.204
221.48	2.213
221.69	2.205
221.91	2.224
222.13	2.209
222.35	2.234
222.57	2.249
222.79	2.217
223.00	2.201
223.22	2.225
223.44	2.223
223.66	2.231
223.88	2.220
224.10	2.238
224.32	2.238
224.53	2.238
224.75	2.285
224.97	2.325
225.19	2.315
225.41	2.305
225.62	2.294
225.84	2.271
226.06	2.271
226.28	2.236
226.50	2.227
226.72	2.210
226.93	2.189
227.15	2.186
227.37	2.170
227.59	2.148
227.81	2.140
228.02	2.121
228.24	2.115
228.46	2.114
228.68	2.092
228.90	2.083
229.12	2.064
229.33	2.058
229.55	2.050
229.77	2.029
229.99	2.032
230.21	2.034
230.42	2.018
230.64	1.997
230.86	1.974
231.08	1.961
231.30	1.948
231.51	1.936
231.73	1.932
231.95	1.907
232.17	1.889
232.38	1.874
232.60	1.862
232.82	1.845
233.04	1.835
233.26	1.818
233.47	1.802
233.69	1.789
233.91	1.775
234.13	1.755
234.35	1.742
234.56	1.729
234.78	1.715
235.00	1.694
235.22	1.678
235.43	1.665
235.65	1.647
235.87	1.631
236.09	1.623
236.30	1.607
236.52	1.592
236.74	1.580
236.96	1.569
237.18	1.554
237.39	1.543
237.61	1.531
237.83	1.519
238.05	1.503
238.26	1.492
238.48	1.480
238.70	1.470
238.92	1.463
239.13	1.454
239.35	1.439
239.57	1.430
239.79	1.423
240.00	1.414
240.22	1.406
240.44	1.399
240.66	1.391
240.87	1.380
241.09	1.371
241.31	1.366
241.53	1.358
241.74	1.348
241.96	1.340
242.18	1.331
242.40	1.324
242.61	1.316
242.83	1.309
243.05	1.303
243.27	1.296
243.48	1.290
243.70	1.284
243.92	1.278
244.13	1.275
244.35	1.269
244.57	1.264
244.79	1.260
245.00	1.256
245.22	1.251
245.44	1.247
245.65	1.242
245.87	1.237
246.09	1.233
246.31	1.229
246.52	1.226
246.74	1.221
246.96	1.217
247.18	1.215
247.39	1.213
247.61	1.212
247.83	1.211
248.04	1.207
248.26	1.204
248.48	1.201
248.69	1.198
248.91	1.196
249.13	1.192
249.35	1.187
249.56	1.184
249.78	1.181
250.00	1.177
250.21	1.174
250.43	1.172
250.65	1.171
250.86	1.169
251.08	1.168
251.30	1.168
251.51	1.165
251.73	1.165
251.95	1.163
252.17	1.162
252.38	1.160
252.60	1.159
252.82	1.157
253.03	1.155
253.25	1.154
253.47	1.152
253.68	1.151
253.90	1.149
254.12	1.149
254.33	1.147
254.55	1.144
254.77	1.143
254.98	1.142
255.20	1.141
255.42	1.140
255.63	1.139
255.85	1.139
256.07	1.137
256.28	1.136
256.50	1.137
256.72	1.135
256.93	1.133
257.15	1.131
257.37	1.130
257.58	1.128
257.80	1.126
258.02	1.126
258.23	1.124
258.45	1.123
258.67	1.123
258.88	1.122
259.10	1.121
259.32	1.119
259.53	1.119
259.75	1.118
259.96	1.117
260.18	1.116
260.40	1.116
260.61	1.114
260.83	1.113
261.05	1.113
261.26	1.112
261.48	1.110
261.70	1.111
261.91	1.110
262.13	1.111
262.34	1.110
262.56	1.110
262.78	1.110
262.99	1.109
263.21	1.108
263.43	1.106
263.64	1.104
263.86	1.101
264.07	1.101
264.29	1.099
264.51	1.097
264.72	1.095
264.94	1.095
265.16	1.094
265.37	1.094
265.59	1.092
265.80	1.092
266.02	1.091
266.24	1.089
266.45	1.089
266.67	1.087
266.88	1.084
267.10	1.082
267.32	1.079
267.53	1.079
267.75	1.078
267.96	1.077
268.18	1.075
268.40	1.073
268.61	1.072
268.83	1.070
269.04	1.068
269.26	1.067
269.48	1.066
269.69	1.063
269.91	1.059
270.12	1.059
270.34	1.058
270.56	1.054
270.77	1.054
270.99	1.052
271.20	1.050
271.42	1.050
271.64	1.048
271.85	1.047
272.07	1.044
272.28	1.042
272.50	1.041
272.71	1.038
272.93	1.037
273.15	1.035
273.36	1.031
273.58	1.029
273.79	1.028
274.01	1.025
274.22	1.022
274.44	1.019
274.66	1.017
274.87	1.014
275.09	1.011
275.30	1.009
275.52	1.006
275.73	1.002
275.95	1.000
276.16	0.997
276.38	0.995
276.60	0.991
276.81	0.988
277.03	0.986
277.24	0.982
277.46	0.979
277.67	0.976
277.89	0.972
278.10	0.968
278.32	0.964
278.53	0.961
278.75	0.957
278.97	0.953
279.18	0.948
279.40	0.945
279.61	0.942
279.83	0.939
280.04	0.935
280.26	0.931
280.47	0.928
280.69	0.924
280.90	0.920
281.12	0.917
281.33	0.912
281.55	0.908
281.76	0.904
281.98	0.901
282.20	0.898
282.41	0.894
282.63	0.890
282.84	0.886
283.06	0.881
283.27	0.877
283.49	0.872
283.70	0.868
283.92	0.863
284.13	0.859
284.35	0.854
284.56	0.849
284.78	0.845
284.99	0.840
285.21	0.835
285.42	0.831
285.64	0.826
285.85	0.820
286.07	0.815
286.28	0.809
286.50	0.804
286.71	0.798
286.93	0.793
287.14	0.787
287.36	0.781
287.57	0.777
287.79	0.772
288.00	0.767
288.22	0.763
288.43	0.757
288.65	0.752
288.86	0.747
289.08	0.742
289.29	0.738
289.51	0.733
289.72	0.728
289.94	0.721
290.15	0.716
290.37	0.711
290.58	0.706
290.80	0.701
291.01	0.696
291.22	0.691
291.44	0.686
291.65	0.680
291.87	0.675
292.08	0.672
292.30	0.667
292.51	0.663
292.73	0.658
292.94	0.654
293.16	0.649
293.37	0.646
293.59	0.642
293.80	0.639
294.02	0.635
294.23	0.631
294.44	0.627
294.66	0.623
294.87	0.619
295.09	0.615
295.30	0.610
295.52	0.606
295.73	0.601
295.95	0.597
296.16	0.594
296.37	0.589
296.59	0.585
296.80	0.582
297.02	0.578
297.23	0.574
297.45	0.571
297.66	0.568
297.88	0.564
298.09	0.560
298.30	0.557
298.52	0.554
298.73	0.550
298.95	0.547
299.16	0.544
299.38	0.541
299.59	0.538
299.80	0.534
300.02	0.531
300.23	0.527
300.45	0.524
300.66	0.520
300.88	0.518
301.09	0.514
301.30	0.511
301.52	0.508
301.73	0.506
301.95	0.503
302.16	0.500
302.37	0.497
302.59	0.495
302.80	0.492
303.02	0.490
303.23	0.487
303.45	0.484
303.66	0.482
303.87	0.479
304.09	0.477
304.30	0.474
304.52	0.472
304.73	0.469
304.94	0.465
305.16	0.463
305.37	0.461
305.59	0.459
305.80	0.456
306.01	0.454
306.23	0.452
306.44	0.450
306.65	0.447
306.87	0.446
307.08	0.443
307.30	0.441
307.51	0.438
307.72	0.436
307.94	0.434
308.15	0.432
308.37	0.430
308.58	0.427
308.79	0.425
309.01	0.423
309.22	0.421
309.43	0.419
309.65	0.417
309.86	0.415
310.07	0.413
310.29	0.410
310.50	0.408
310.72	0.406
310.93	0.403
311.14	0.401
311.36	0.398
311.57	0.396
311.78	0.394
312.00	0.392
312.21	0.390
312.42	0.388
312.64	0.387
312.85	0.385
313.07	0.384
313.28	0.382
313.49	0.380
313.71	0.378
313.92	0.376
314.13	0.375
314.35	0.372
314.56	0.371
314.77	0.368
314.99	0.366
315.20	0.364
315.41	0.364
315.63	0.362
315.84	0.360
316.05	0.358
316.27	0.357
316.48	0.355
316.69	0.354
316.91	0.352
317.12	0.350
317.33	0.348
317.55	0.346
317.76	0.344
317.97	0.342
318.19	0.340
318.40	0.339
318.61	0.337
318.83	0.336
319.04	0.334
319.25	0.333
319.47	0.332
319.68	0.331
319.89	0.330
320.10	0.328
320.32	0.327
320.53	0.325
320.74	0.323
320.96	0.322
321.17	0.321
321.38	0.319
321.60	0.317
321.81	0.316
322.02	0.314
322.24	0.313
322.45	0.311
322.66	0.310
322.87	0.308
323.09	0.307
323.30	0.305
323.51	0.303
323.73	0.301
323.94	0.300
324.15	0.299
324.36	0.298
324.58	0.296
324.79	0.295
325.00	0.294
325.22	0.293
325.43	0.292
325.64	0.291
325.85	0.290
326.07	0.288
326.28	0.286
326.49	0.285
326.71	0.284
326.92	0.282
327.13	0.281
327.34	0.280
327.56	0.278
327.77	0.277
327.98	0.275
328.19	0.274
328.41	0.273
328.62	0.272
328.83	0.270
329.04	0.269
329.26	0.267
329.47	0.266
329.68	0.265
329.90	0.264
330.11	0.263
330.32	0.261
330.53	0.260
330.75	0.259
330.96	0.259
331.17	0.258
331.38	0.256
331.60	0.256
331.81	0.254
332.02	0.253
332.23	0.252
332.44	0.251
332.66	0.250
332.87	0.248
333.08	0.247
333.29	0.246
333.51	0.245
333.72	0.243
333.93	0.242
334.14	0.242
334.36	0.240
334.57	0.239
334.78	0.237
334.99	0.237
335.21	0.235
335.42	0.235
335.63	0.234
335.84	0.233
336.05	0.232
336.27	0.230
336.48	0.230
336.69	0.229
336.90	0.228
337.11	0.227
337.33	0.226
337.54	0.225
337.75	0.224
337.96	0.223
338.18	0.222
338.39	0.221
338.60	0.220
338.81	0.218
339.02	0.218
339.24	0.217
339.45	0.215
339.66	0.214
339.87	0.213
340.08	0.212
340.30	0.211
340.51	0.210
340.72	0.209
340.93	0.208
341.14	0.207
341.36	0.207
341.57	0.205
341.78	0.205
341.99	0.204
342.20	0.204
342.41	0.202
342.63	0.202
342.84	0.200
343.05	0.200
343.26	0.199
343.47	0.198
343.69	0.197
343.90	0.196
344.11	0.195
344.32	0.194
344.53	0.192
344.74	0.192
344.96	0.190
345.17	0.189
345.38	0.189
345.59	0.187
345.80	0.187
346.01	0.185
346.23	0.185
346.44	0.185
346.65	0.185
346.86	0.184
347.07	0.182
347.28	0.182
347.50	0.181
347.71	0.180
347.92	0.179
348.13	0.178
348.34	0.177
348.55	0.175
348.76	0.175
348.98	0.174
349.19	0.174
349.40	0.173
349.61	0.172
349.82	0.172
350.03	0.171
350.24	0.170
350.46	0.170
350.67	0.168
350.88	0.167
351.09	0.166
351.30	0.165
351.51	0.165
351.72	0.164
351.93	0.164
352.15	0.163
352.36	0.162
352.57	0.161
352.78	0.161
352.99	0.161
353.20	0.159
353.41	0.158
353.62	0.157
353.84	0.156
354.05	0.155
354.26	0.154
354.47	0.154
354.68	0.154
354.89	0.153
355.10	0.152
355.31	0.151
355.52	0.151
355.74	0.150
355.95	0.150
356.16	0.149
356.37	0.148
356.58	0.147
356.79	0.146
357.00	0.145
357.21	0.145
357.42	0.144
357.63	0.143
357.85	0.142
358.06	0.142
358.27	0.141
358.48	0.140
358.69	0.139
358.90	0.139
359.11	0.138
359.32	0.137
359.53	0.137
359.74	0.137
359.95	0.136
360.17	0.135
360.38	0.134
360.59	0.134
360.80	0.133
361.01	0.133
361.22	0.132
361.43	0.131
361.64	0.130
361.85	0.130
362.06	0.129
362.27	0.128
362.48	0.128
362.69	0.127
362.90	0.127
363.12	0.126
363.33	0.125
363.54	0.125
363.75	0.124
363.96	0.123
364.17	0.123
364.38	0.122
364.59	0.121
364.80	0.120
365.01	0.120
365.22	0.120
365.43	0.119
365.64	0.118
365.85	0.117
366.06	0.117
366.27	0.116
366.48	0.116
366.69	0.115
366.90	0.114
367.11	0.113
367.32	0.113
367.54	0.113
367.75	0.112
367.96	0.111
368.17	0.110
368.38	0.110
368.59	0.109
368.80	0.108
369.01	0.108
369.22	0.107
369.43	0.106
369.64	0.106
369.85	0.105
370.06	0.105
370.27	0.104
370.48	0.104
370.69	0.103
370.90	0.103
371.11	0.103
371.32	0.102
371.53	0.102
371.74	0.101
371.95	0.101
372.16	0.100
372.37	0.100
372.58	0.100
372.79	0.099
373.00	0.099
373.21	0.098
373.42	0.097
373.63	0.097
373.84	0.096
374.05	0.096
374.26	0.096
374.47	0.095
374.68	0.095
374.89	0.094
375.10	0.094
375.31	0.094
375.52	0.093
375.73	0.093
375.94	0.092
376.15	0.091
376.36	0.090
376.57	0.090
376.78	0.090
376.99	0.089
377.20	0.089
377.41	0.088
377.62	0.087
377.83	0.086
378.04	0.086
378.25	0.086
378.46	0.086
378.67	0.085
378.88	0.085
379.09	0.084
379.30	0.083
379.51	0.083
379.72	0.083
379.92	0.082
380.13	0.082
380.34	0.082
380.55	0.081
380.76	0.081
380.97	0.081
381.18	0.081
381.39	0.081
381.60	0.081
381.81	0.081
382.02	0.081
382.23	0.080
382.44	0.079
382.65	0.079
382.86	0.078
383.07	0.077
383.28	0.076
383.49	0.075
383.70	0.075
383.91	0.074
384.11	0.074
384.32	0.074
384.53	0.074
384.74	0.074
384.95	0.074
385.16	0.074
385.37	0.074
385.58	0.073
385.79	0.072
386.00	0.071
386.21	0.070
386.42	0.070
386.63	0.070
386.84	0.069
387.04	0.069
387.25	0.069
387.46	0.069
387.67	0.069
387.88	0.069
388.09	0.068
388.30	0.068
388.51	0.068
388.72	0.067
388.93	0.067
389.14	0.067
389.34	0.067
389.55	0.067
389.76	0.066
389.97	0.066
390.18	0.065
390.39	0.065
390.60	0.064
390.81	0.064
391.02	0.064
391.23	0.064
391.43	0.064
391.64	0.064
391.85	0.063
392.06	0.063
392.27	0.063
392.48	0.063
392.69	0.063
392.90	0.062
393.11	0.062
393.31	0.061
393.52	0.060
393.73	0.060
393.94	0.059
394.15	0.059
394.36	0.059
394.57	0.058
394.78	0.058
394.98	0.058
395.19	0.058
395.40	0.059
395.61	0.059
395.82	0.059
396.03	0.059
396.24	0.059
396.44	0.058
396.65	0.058
396.86	0.058
397.07	0.058
397.28	0.058
397.49	0.057
397.70	0.056
397.90	0.056
398.11	0.056
398.32	0.056
398.53	0.055
398.74	0.054
398.95	0.054
399.16	0.053
399.36	0.053
399.57	0.053
399.78	0.053
399.99	0.052
400.20	0.052
400.41	0.052
400.61	0.052
400.82	0.051
401.03	0.051
401.24	0.051
401.45	0.051
401.66	0.051
401.86	0.051
402.07	0.050
402.28	0.050
402.49	0.049
402.70	0.050
402.91	0.049
403.11	0.049
403.32	0.048
403.53	0.049
403.74	0.049
403.95	0.048
404.15	0.049
404.36	0.049
404.57	0.048
404.78	0.048
404.99	0.048
405.20	0.048
405.40	0.047
405.61	0.047
405.82	0.046
406.03	0.046
406.24	0.046
406.44	0.046
406.65	0.046
406.86	0.046
407.07	0.046
407.28	0.046
407.48	0.046
407.69	0.046
407.90	0.046
408.11	0.046
408.32	0.046
408.52	0.045
408.73	0.045
408.94	0.045
409.15	0.045
409.35	0.045
409.56	0.045
409.77	0.045
409.98	0.045
410.19	0.044
410.39	0.044
410.60	0.044
410.81	0.044
411.02	0.043
411.22	0.043
411.43	0.042
411.64	0.042
411.85	0.041
412.05	0.041
412.26	0.042
412.47	0.041
412.68	0.041
412.89	0.041
413.09	0.040
413.30	0.040
413.51	0.040
413.72	0.040
413.92	0.040
414.13	0.039
414.34	0.040
414.55	0.039
414.75	0.039
414.96	0.039
415.17	0.039
415.38	0.040
415.58	0.039
415.79	0.039
416.00	0.039
416.21	0.038
416.41	0.039
416.62	0.039
416.83	0.039
417.03	0.039
417.24	0.038
417.45	0.038
417.66	0.039
417.86	0.039
418.07	0.039
418.28	0.038
418.49	0.038
418.69	0.038
418.90	0.038
419.11	0.039
419.31	0.038
419.52	0.038
419.73	0.037
419.94	0.037
420.14	0.037
420.35	0.037
420.56	0.037
420.76	0.036
420.97	0.036
421.18	0.036
421.39	0.036
421.59	0.036
421.80	0.036
422.01	0.035
422.21	0.035
422.42	0.035
422.63	0.035
422.84	0.035
423.04	0.035
423.25	0.035
423.46	0.035
423.66	0.035
423.87	0.035
424.08	0.035
424.28	0.036
424.49	0.036
424.70	0.035
424.90	0.035
425.11	0.035
425.32	0.035
425.52	0.034
425.73	0.034
425.94	0.034
426.15	0.034
426.35	0.033
426.56	0.033
426.77	0.034
426.97	0.034
427.18	0.034
427.39	0.034
427.59	0.034
427.80	0.034
428.01	0.034
428.21	0.034
428.42	0.033
428.63	0.033
428.83	0.033
429.04	0.033
429.25	0.033
429.45	0.032
429.66	0.032
429.87	0.032
430.07	0.032
430.28	0.032
430.48	0.031
430.69	0.031
430.90	0.030
431.10	0.030
431.31	0.031
431.52	0.031
431.72	0.031
431.93	0.031
432.14	0.031
432.34	0.031
432.55	0.030
432.76	0.031
432.96	0.031
433.17	0.030
433.37	0.030
433.58	0.029
433.79	0.029
433.99	0.030
434.20	0.030
434.41	0.030
434.61	0.030
434.82	0.030
435.02	0.030
435.23	0.030
435.44	0.030
435.64	0.030
435.85	0.029
436.06	0.029
436.26	0.029
436.47	0.029
436.67	0.029
436.88	0.029
437.09	0.029
437.29	0.029
437.50	0.028
437.70	0.028
437.91	0.028
438.12	0.028
438.32	0.028
438.53	0.027
438.73	0.027
438.94	0.027
439.15	0.027
439.35	0.028
439.56	0.028
439.76	0.028
439.97	0.028
440.18	0.027
440.38	0.027
440.59	0.027
440.79	0.027
441.00	0.027
441.20	0.026
441.41	0.025
441.62	0.025
441.82	0.025
442.03	0.025
442.23	0.026
442.44	0.025
442.65	0.025
442.85	0.025
443.06	0.026
443.26	0.026
443.47	0.026
443.67	0.026
443.88	0.026
444.09	0.026
444.29	0.026
444.50	0.026
444.70	0.026
444.91	0.025
445.11	0.025
445.32	0.025
445.52	0.026
445.73	0.026
445.94	0.026
446.14	0.026
446.35	0.026
446.55	0.026
446.76	0.026
446.96	0.026
447.17	0.025
447.37	0.024
447.58	0.024
447.78	0.024
447.99	0.024
448.20	0.024
448.40	0.023
448.61	0.022
448.81	0.022
449.02	0.023
449.22	0.023
449.43	0.023
449.63	0.023
449.84	0.023
450.04	0.023
450.25	0.024
450.45	0.024
450.66	0.024
450.86	0.024
451.07	0.023
451.27	0.023
451.48	0.023
451.68	0.023
451.89	0.022
452.09	0.022
452.30	0.022
452.50	0.022
452.71	0.022
452.91	0.023
453.12	0.022
453.33	0.022
453.53	0.023
453.74	0.023
453.94	0.022
454.15	0.022
454.35	0.022
454.56	0.022
454.76	0.022
454.96	0.022
455.17	0.022
455.37	0.022
455.58	0.021
455.78	0.022
455.99	0.022
456.19	0.022
456.40	0.022
456.60	0.022
456.81	0.022
457.01	0.022
457.22	0.022
457.42	0.022
457.63	0.022
457.83	0.022
458.04	0.022
458.24	0.022
458.45	0.022
458.65	0.022
458.86	0.022
459.06	0.023
459.27	0.023
459.47	0.023
459.67	0.022
459.88	0.022
460.08	0.022
460.29	0.021
460.49	0.020
460.70	0.020
460.90	0.019
461.11	0.019
461.31	0.020
461.52	0.020
461.72	0.020
461.92	0.021
462.13	0.021
462.33	0.022
462.54	0.022
462.74	0.022
462.95	0.022
463.15	0.022
463.36	0.022
463.56	0.021
463.76	0.021
463.97	0.021
464.17	0.021
464.38	0.021
464.58	0.020
464.79	0.020
464.99	0.020
465.19	0.020
465.40	0.020
465.60	0.020
465.81	0.020
466.01	0.019
466.22	0.020
466.42	0.019
466.62	0.019
466.83	0.019
467.03	0.019
467.24	0.020
467.44	0.020
467.65	0.020
467.85	0.020
468.05	0.019
468.26	0.019
468.46	0.020
468.67	0.020
468.87	0.020
469.07	0.020
469.28	0.018
469.48	0.018
469.69	0.019
469.89	0.020
470.09	0.020
470.30	0.019
470.50	0.019
470.71	0.019
470.91	0.019
471.11	0.020
471.32	0.020
471.52	0.019
471.72	0.019
471.93	0.019
472.13	0.018
472.34	0.019
472.54	0.019
472.74	0.019
472.95	0.019
473.15	0.019
473.35	0.019
473.56	0.019
473.76	0.019
473.97	0.019
474.17	0.019
474.37	0.019
474.58	0.018
474.78	0.018
474.98	0.018
475.19	0.018
475.39	0.018
475.60	0.018
475.80	0.018
476.00	0.018
476.21	0.017
476.41	0.018
476.61	0.017
476.82	0.018
477.02	0.018
477.22	0.018
477.43	0.017
477.63	0.018
477.83	0.018
478.04	0.018
478.24	0.018
478.44	0.018
478.65	0.018
478.85	0.018
479.05	0.017
479.26	0.018
479.46	0.017
479.66	0.017
479.87	0.016
480.07	0.016
480.27	0.017
480.48	0.017
480.68	0.017
480.88	0.017
481.09	0.017
481.29	0.018
481.49	0.017
481.70	0.017
481.90	0.017
482.10	0.017
482.31	0.017
482.51	0.017
482.71	0.017
482.92	0.017
483.12	0.017
483.32	0.017
483.52	0.017
483.73	0.017
483.93	0.017
484.13	0.016
484.34	0.016
484.54	0.016
484.74	0.016
484.95	0.016
485.15	0.015
485.35	0.015
485.55	0.016
485.76	0.016
485.96	0.016
486.16	0.017
486.37	0.017
486.57	0.017
486.77	0.017
486.97	0.017
487.18	0.017
487.38	0.017
487.58	0.017
487.79	0.017
487.99	0.017
488.19	0.017
488.39	0.017
488.60	0.018
488.80	0.018
489.00	0.018
489.20	0.018
489.41	0.017
489.61	0.017
489.81	0.017
490.02	0.017
490.22	0.017
490.42	0.017
490.62	0.017
490.83	0.017
491.03	0.017
491.23	0.017
491.43	0.016
491.64	0.016
491.84	0.017
492.04	0.016
492.24	0.015
492.45	0.015
492.65	0.015
492.85	0.015
493.05	0.015
493.26	0.015
493.46	0.015
493.66	0.014
493.86	0.014
494.07	0.015
494.27	0.015
494.47	0.015
494.67	0.015
494.87	0.015
495.08	0.015
495.28	0.015
495.48	0.014
495.68	0.014
495.89	0.014
496.09	0.014
496.29	0.014
496.49	0.014
496.69	0.014
496.90	0.014
497.10	0.014
497.30	0.014
497.50	0.015
497.71	0.015
497.91	0.015
498.11	0.015
498.31	0.015
498.51	0.015
498.72	0.015
498.92	0.015
499.12	0.014
499.32	0.014
499.52	0.014
499.73	0.014
499.93	0.014
500.13	0.014
500.33	0.014
500.53	0.014
500.74	0.014
500.94	0.015
501.14	0.015
501.34	0.015
501.54	0.015
501.74	0.015
501.95	0.015
502.15	0.015
502.35	0.015
502.55	0.015
502.75	0.014
502.96	0.014
503.16	0.013
503.36	0.013
503.56	0.013
503.76	0.013
503.96	0.013
504.17	0.013
504.37	0.013
504.57	0.013
504.77	0.013
504.97	0.013
505.17	0.013
505.38	0.013
505.58	0.013
505.78	0.013
505.98	0.013
506.18	0.013
506.38	0.013
506.58	0.014
506.79	0.014
506.99	0.014
507.19	0.014
507.39	0.015
507.59	0.014
507.79	0.014
507.99	0.014
508.20	0.014
508.40	0.013
508.60	0.013
508.80	0.012
509.00	0.013
509.20	0.013
509.40	0.013
509.61	0.013
509.81	0.014
510.01	0.014
510.21	0.014
510.41	0.014
510.61	0.014
510.81	0.014
511.01	0.013
511.22	0.014
511.42	0.014
511.62	0.013
511.82	0.013
512.02	0.013
512.22	0.013
512.42	0.013
512.62	0.014
512.82	0.014
513.03	0.014
513.23	0.013
513.43	0.014
513.63	0.014
513.83	0.014
514.03	0.014
514.23	0.014
514.43	0.014
514.63	0.015
514.83	0.015
515.04	0.015
515.24	0.015
515.44	0.015
515.64	0.015
515.84	0.015
516.04	0.014
516.24	0.014
516.44	0.013
516.64	0.013
516.84	0.013
517.04	0.013
517.24	0.013
517.45	0.013
517.65	0.013
517.85	0.014
518.05	0.014
518.25	0.014
518.45	0.014
518.65	0.013
518.85	0.013
519.05	0.013
519.25	0.013
519.45	0.013
519.65	0.013
519.85	0.014
520.05	0.014
520.25	0.014
520.46	0.013
520.66	0.013
520.86	0.013
521.06	0.013
521.26	0.013
521.46	0.013
521.66	0.013
521.86	0.013
522.06	0.013
522.26	0.014
522.46	0.014
522.66	0.014
522.86	0.014
523.06	0.013
523.26	0.013
523.46	0.013
523.66	0.013
523.86	0.013
524.06	0.013
524.26	0.012
524.46	0.012
524.66	0.013
524.86	0.013
525.06	0.013
525.26	0.012
525.46	0.012
525.66	0.012
525.87	0.013
526.07	0.013
526.27	0.013
526.47	0.013
526.67	0.013
526.87	0.013
527.07	0.014
527.27	0.014
527.47	0.014
527.67	0.013
527.87	0.013
528.07	0.013
528.27	0.013
528.47	0.013
528.67	0.013
528.87	0.013
529.07	0.012
529.27	0.012
529.47	0.012
529.67	0.013
529.87	0.012
530.07	0.013
530.27	0.013
530.47	0.013
530.67	0.013
530.87	0.013
531.06	0.013
531.26	0.013
531.46	0.013
531.66	0.013
531.86	0.013
532.06	0.012
532.26	0.012
532.46	0.012
532.66	0.012
532.86	0.012
533.06	0.012
533.26	0.012
533.46	0.013
533.66	0.013
533.86	0.013
534.06	0.014
534.26	0.014
534.46	0.013
534.66	0.014
534.86	0.014
535.06	0.014
535.26	0.014
535.46	0.014
535.66	0.014
535.86	0.013
536.06	0.013
536.26	0.013
536.45	0.013
536.65	0.013
536.85	0.012
537.05	0.011
537.25	0.011
537.45	0.011
537.65	0.011
537.85	0.011
538.05	0.011
538.25	0.011
538.45	0.011
538.65	0.011
538.85	0.011
539.05	0.012
539.25	0.012
539.44	0.011
539.64	0.012
539.84	0.012
540.04	0.012
540.24	0.012
540.44	0.012
540.64	0.012
540.84	0.012
541.04	0.012
541.24	0.012
541.44	0.012
541.64	0.012
541.83	0.012
542.03	0.012
542.23	0.012
542.43	0.012
542.63	0.012
542.83	0.012
543.03	0.012
543.23	0.012
543.43	0.012
543.63	0.012
543.82	0.012
544.02	0.012
544.22	0.012
544.42	0.012
544.62	0.012
544.82	0.013
545.02	0.012
545.22	0.013
545.42	0.012
545.61	0.012
545.81	0.012
546.01	0.012
546.21	0.012
546.41	0.012
546.61	0.011
546.81	0.011
547.01	0.011
547.20	0.011
547.40	0.010
547.60	0.011
547.80	0.010
548.00	0.010
548.20	0.010
548.40	0.011
548.59	0.011
548.79	0.010
548.99	0.011
549.19	0.012
549.39	0.012
549.59	0.012
549.79	0.012
549.98	0.013
550.18	0.012
550.38	0.013
550.58	0.013
550.78	0.013
550.98	0.013
551.17	0.013
551.37	0.012
551.57	0.012
551.77	0.011
551.97	0.012
552.17	0.011
552.36	0.011
552.56	0.011
552.76	0.011
552.96	0.011
553.16	0.011
553.36	0.011
553.55	0.012
553.75	0.012
553.95	0.012
554.15	0.012
554.35	0.012
554.55	0.012
554.74	0.012
554.94	0.012
555.14	0.012
555.34	0.011
555.54	0.011
555.73	0.010
555.93	0.010
556.13	0.011
556.33	0.011
556.53	0.011
556.72	0.011
556.92	0.012
557.12	0.012
557.32	0.012
557.52	0.013
557.71	0.013
557.91	0.013
558.11	0.013
558.31	0.013
558.51	0.013
558.70	0.013
558.90	0.013
559.10	0.013
559.30	0.012
559.49	0.012
559.69	0.012
559.89	0.012
560.09	0.012
560.29	0.012
560.48	0.013
560.68	0.013
560.88	0.013
561.08	0.012
561.27	0.012
561.47	0.012
561.67	0.011
561.87	0.011
562.06	0.012
562.26	0.012
562.46	0.011
562.66	0.011
562.86	0.012
563.05	0.011
563.25	0.011
563.45	0.011
563.65	0.011
563.84	0.011
564.04	0.011
564.24	0.011
564.44	0.011
564.63	0.010
564.83	0.011
565.03	0.011
565.22	0.012
565.42	0.012
565.62	0.012
565.82	0.012
566.01	0.013
566.21	0.013
566.41	0.013
566.61	0.013
566.80	0.013
567.00	0.013
567.20	0.012
567.40	0.012
567.59	0.012
567.79	0.011
567.99	0.011
568.18	0.011
568.38	0.011
568.58	0.011
568.78	0.011
568.97	0.011
569.17	0.011
569.37	0.011
569.56	0.011
569.76	0.011
569.96	0.011
570.16	0.011
570.35	0.011
570.55	0.010
570.75	0.010
570.94	0.010
571.14	0.010
571.34	0.010
571.53	0.010
571.73	0.010
571.93	0.010
572.12	0.010
572.32	0.010
572.52	0.010
572.72	0.010
572.91	0.010
573.11	0.010
573.31	0.011
573.50	0.010
573.70	0.010
573.90	0.010
574.09	0.010
574.29	0.010
574.49	0.010
574.68	0.010
574.88	0.010
575.08	0.009
575.27	0.010
575.47	0.010
575.67	0.010
575.86	0.011
576.06	0.011
576.26	0.011
576.45	0.011
576.65	0.011
576.85	0.010
577.04	0.010
577.24	0.010
577.44	0.010
577.63	0.010
577.83	0.009
578.02	0.009
578.22	0.008
578.42	0.008
578.61	0.009
578.81	0.008
579.01	0.009
579.20	0.009
579.40	0.009
579.60	0.010
579.79	0.010
579.99	0.010
580.19	0.011
580.38	0.011
580.58	0.011
580.77	0.010
580.97	0.010
581.17	0.010
581.36	0.010
581.56	0.010
581.75	0.009
581.95	0.009
582.15	0.009
582.34	0.010
582.54	0.010
582.74	0.010
582.93	0.009
583.13	0.009
583.32	0.010
583.52	0.009
583.72	0.009
583.91	0.009
584.11	0.009
584.30	0.009
584.50	0.009
584.70	0.009
584.89	0.009
585.09	0.009
585.28	0.009
585.48	0.010
585.68	0.009
585.87	0.010
586.07	0.010
586.26	0.010
586.46	0.010
586.66	0.010
586.85	0.010
587.05	0.010
587.24	0.009
587.44	0.009
587.63	0.010
587.83	0.009
588.03	0.009
588.22	0.009
588.42	0.008
588.61	0.009
588.81	0.008
589.00	0.009
589.20	0.009
589.40	0.009
589.59	0.009
589.79	0.010
589.98	0.010
590.18	0.011
590.37	0.011
590.57	0.011
590.76	0.011
590.96	0.011
591.16	0.011
591.35	0.011
591.55	0.011
591.74	0.011
591.94	0.011
592.13	0.010
592.33	0.010
592.52	0.010
592.72	0.010
592.91	0.010
593.11	0.010
593.30	0.010
593.50	0.010
593.70	0.010
593.89	0.010
594.09	0.010
594.28	0.010
594.48	0.010
594.67	0.010
594.87	0.010
595.06	0.010
595.26	0.010
595.45	0.010
595.65	0.010
595.84	0.010
596.04	0.010
596.23	0.010
596.43	0.011
596.62	0.011
596.82	0.010
597.01	0.010
597.21	0.010
597.40	0.010
597.60	0.010
597.79	0.010
597.99	0.010
598.18	0.009
598.38	0.009
598.57	0.009
598.77	0.008
598.96	0.008
599.16	0.008
599.35	0.008
599.55	0.009
599.74	0.008
599.94	0.008
600.13	0.009
600.33	0.009
600.52	0.009
600.72	0.010
600.91	0.010
601.11	0.010
601.30	0.010
601.50	0.010
601.69	0.011
601.89	0.011
602.08	0.010
602.27	0.010
602.47	0.010
602.66	0.010
602.86	0.009
603.05	0.009
603.25	0.010
603.44	0.010
603.64	0.009
603.83	0.009
604.03	0.009
604.22	0.009
604.41	0.009
604.61	0.009
604.80	0.010
605.00	0.009
605.19	0.009
605.39	0.009
605.58	0.009
605.78	0.009
605.97	0.009
606.16	0.009
606.36	0.009
606.55	0.008
606.75	0.009
606.94	0.009
607.14	0.009
607.33	0.009
607.52	0.009
607.72	0.009
607.91	0.009
608.11	0.010
608.30	0.010
608.50	0.010
608.69	0.010
608.88	0.010
609.08	0.010
609.27	0.010
609.47	0.010
609.66	0.011
609.85	0.010
610.05	0.010
610.24	0.010
610.44	0.010
610.63	0.010
610.83	0.010
611.02	0.009
611.21	0.009
611.41	0.009
611.60	0.009
611.80	0.009
611.99	0.009
612.18	0.008
612.38	0.009
612.57	0.008
612.76	0.009
612.96	0.009
613.15	0.009
613.35	0.009
613.54	0.009
613.73	0.009
613.93	0.009
614.12	0.009
614.32	0.009
614.51	0.009
614.70	0.009
614.90	0.009
615.09	0.009
615.28	0.009
615.48	0.009
615.67	0.009
615.86	0.009
616.06	0.010
616.25	0.010
616.45	0.009
616.64	0.010
616.83	0.009
617.03	0.009
617.22	0.009
617.41	0.009
617.61	0.010
617.80	0.009
617.99	0.009
618.19	0.009
618.38	0.008
618.57	0.009
618.77	0.009
618.96	0.009
619.15	0.009
619.35	0.009
619.54	0.009
619.73	0.009
619.93	0.010
620.12	0.011
620.31	0.010
620.51	0.011
620.70	0.011
620.89	0.011
621.09	0.011
621.28	0.011
621.47	0.011
621.67	0.010
621.86	0.010
622.05	0.010
622.25	0.010
622.44	0.010
622.63	0.009
622.83	0.009
623.02	0.010
623.21	0.010
623.41	0.010
623.60	0.010
623.79	0.009
623.98	0.010
624.18	0.010
624.37	0.010
624.56	0.010
624.76	0.010
624.95	0.010
625.14	0.010
625.33	0.010
625.53	0.010
625.72	0.010
625.91	0.010
626.11	0.009
626.30	0.010
626.49	0.010
626.68	0.010
626.88	0.009
627.07	0.009
627.26	0.009
627.46	0.009
627.65	0.009
627.84	0.009
628.03	0.009
628.23	0.009
628.42	0.009
628.61	0.010
628.80	0.010
629.00	0.010
629.19	0.009
629.38	0.009
629.58	0.010
629.77	0.010
629.96	0.010
630.15	0.010
630.35	0.009
630.54	0.009
630.73	0.009
630.92	0.010
631.12	0.010
631.31	0.010
631.50	0.009
631.69	0.009
631.89	0.010
632.08	0.010
632.27	0.010
632.46	0.010
632.65	0.010
632.85	0.011
633.04	0.011
633.23	0.011
633.42	0.011
633.62	0.010
633.81	0.010
634.00	0.010
634.19	0.009
634.39	0.010
634.58	0.009
634.77	0.010
634.96	0.010
635.15	0.010
635.35	0.010
635.54	0.009
635.73	0.009
635.92	0.009
636.11	0.009
636.31	0.009
636.50	0.010
636.69	0.010
636.88	0.010
637.07	0.010
637.27	0.010
637.46	0.009
637.65	0.010
637.84	0.009
638.03	0.009
638.23	0.009
638.42	0.009
638.61	0.009
638.80	0.010
638.99	0.010
639.19	0.011
639.38	0.011
639.57	0.010
639.76	0.010
639.95	0.010
640.14	0.010
640.34	0.010
640.53	0.009
640.72	0.009
640.91	0.009
641.10	0.009
641.30	0.010
641.49	0.010
641.68	0.010
641.87	0.010
642.06	0.010
642.25	0.011
642.44	0.010
642.64	0.010
642.83	0.010
643.02	0.011
643.21	0.010
643.40	0.010
643.59	0.009
643.79	0.009
643.98	0.009
644.17	0.009
644.36	0.009
644.55	0.009
644.74	0.009
644.93	0.008
645.13	0.009
645.32	0.010
645.51	0.010
645.70	0.010
645.89	0.010
646.08	0.009
646.27	0.010
646.46	0.010
646.66	0.010
646.85	0.009
647.04	0.010
647.23	0.009
647.42	0.009
647.61	0.009
647.80	0.009
647.99	0.009
648.19	0.009
648.38	0.009
648.57	0.010
648.76	0.009
648.95	0.010
649.14	0.010
649.33	0.010
649.52	0.010
649.71	0.009
649.91	0.009
650.10	0.009
650.29	0.009
650.48	0.009
650.67	0.009
650.86	0.010
651.05	0.010
651.24	0.010
651.43	0.010
651.62	0.010
651.81	0.010
652.01	0.010
652.20	0.010
652.39	0.010
652.58	0.010
652.77	0.010
652.96	0.010
653.15	0.010
653.34	0.010
653.53	0.010
653.72	0.010
653.91	0.010
654.10	0.011
654.29	0.011
654.48	0.010
654.68	0.010
654.87	0.009
655.06	0.008
655.25	0.008
655.44	0.007
655.63	0.007
655.82	0.006
656.01	0.006
656.20	0.006
656.39	0.006
656.58	0.006
656.77	0.007
656.96	0.008
657.15	0.008
657.34	0.008
657.53	0.009
657.72	0.009
657.91	0.009
658.10	0.009
658.29	0.009
658.48	0.009
658.68	0.009
658.87	0.009
659.06	0.010
659.25	0.009
659.44	0.010
659.63	0.009
659.82	0.009
660.01	0.009
660.20	0.009
660.39	0.009
660.58	0.009
660.77	0.009
660.96	0.009
661.15	0.009
661.34	0.009
661.53	0.010
661.72	0.009
661.91	0.009
662.10	0.009
662.29	0.009
662.48	0.009
662.67	0.009
662.86	0.009
663.05	0.009
663.24	0.009
663.43	0.009
663.62	0.009
663.81	0.009
664.00	0.009
664.19	0.009
664.38	0.010
664.57	0.010
664.76	0.010
664.95	0.009
665.14	0.010
665.33	0.009
665.52	0.010
665.71	0.009
665.90	0.010
666.09	0.009
666.28	0.009
666.46	0.010
666.65	0.010
666.84	0.010
667.03	0.010
667.22	0.010
667.41	0.010
667.60	0.010
667.79	0.009
667.98	0.009
668.17	0.009
668.36	0.009
668.55	0.008
668.74	0.008
668.93	0.008
669.12	0.008
669.31	0.008
669.50	0.008
669.69	0.009
669.88	0.009
670.07	0.009
670.26	0.009
670.44	0.009
670.63	0.009
670.82	0.009
671.01	0.009
671.20	0.009
671.39	0.009
671.58	0.009
671.77	0.009
671.96	0.009
672.15	0.008
672.34	0.008
672.53	0.008
672.72	0.008
672.91	0.008
673.09	0.008
673.28	0.009
673.47	0.009
673.66	0.009
673.85	0.009
674.04	0.009
674.23	0.009
674.42	0.009
674.61	0.009
674.80	0.009
674.98	0.009
675.17	0.009
675.36	0.008
675.55	0.009
675.74	0.008
675.93	0.008
676.12	0.008
676.31	0.008
676.50	0.008
676.69	0.008
676.87	0.008
677.06	0.008
677.25	0.008
677.44	0.008
677.63	0.008
677.82	0.008
678.01	0.009
678.20	0.009
678.38	0.009
678.57	0.009
678.76	0.009
678.95	0.009
679.14	0.009
679.33	0.009
679.52	0.008
679.71	0.008
679.89	0.008
680.08	0.008
680.27	0.008
680.46	0.008
680.65	0.009
680.84	0.009
681.02	0.008
681.21	0.008
681.40	0.008
681.59	0.008
681.78	0.008
681.97	0.009
682.16	0.009
682.34	0.009
682.53	0.009
682.72	0.009
682.91	0.009
683.10	0.009
683.29	0.009
683.47	0.009
683.66	0.008
683.85	0.008
684.04	0.008
684.23	0.008
684.42	0.008
684.60	0.008
684.79	0.008
684.98	0.008
685.17	0.008
685.36	0.008
685.54	0.008
685.73	0.008
685.92	0.008
686.11	0.009
686.30	0.009
686.49	0.009
686.67	0.009
686.86	0.009
687.05	0.008
687.24	0.008
687.43	0.008
687.61	0.008
687.80	0.008
687.99	0.008
688.18	0.008
688.36	0.009
688.55	0.009
688.74	0.009
688.93	0.008
689.12	0.009
689.30	0.009
689.49	0.008
689.68	0.008
689.87	0.008
690.06	0.008
690.24	0.008
690.43	0.008
690.62	0.007
690.81	0.007
690.99	0.008
691.18	0.007
691.37	0.008
691.56	0.008
691.74	0.008
691.93	0.008
692.12	0.008
692.31	0.008
692.50	0.008
692.68	0.008
692.87	0.008
693.06	0.008
693.25	0.008
693.43	0.008
693.62	0.008
693.81	0.009
694.00	0.009
694.18	0.009
694.37	0.009
694.56	0.009
694.74	0.009
694.93	0.008
695.12	0.009
695.31	0.009
695.49	0.009
695.68	0.009
695.87	0.009
696.06	0.008
696.24	0.008
696.43	0.008
696.62	0.008
696.80	0.008
696.99	0.008
697.18	0.008
697.37	0.007
697.55	0.007
697.74	0.007
697.93	0.008
698.12	0.008
698.30	0.008
698.49	0.008
698.68	0.008
698.86	0.008
699.05	0.009
699.24	0.009
699.42	0.009
699.61	0.008
699.80	0.008
699.99	0.008
700.17	0.007
700.36	0.007
700.55	0.007
700.73	0.007
700.92	0.007
701.11	0.008
701.29	0.008
701.48	0.008
701.67	0.008
701.85	0.009
702.04	0.008
702.23	0.009
702.41	0.009
702.60	0.009
702.79	0.009
702.97	0.009
703.16	0.009
703.35	0.009
703.53	0.009
703.72	0.009
703.91	0.009
704.09	0.010
704.28	0.010
704.47	0.010
704.65	0.009
704.84	0.009
705.03	0.008
705.21	0.009
705.40	0.008
705.59	0.009
705.77	0.008
705.96	0.008
706.15	0.008
706.33	0.009
706.52	0.009
706.71	0.009
706.89	0.009
707.08	0.009
707.26	0.008
707.45	0.008
707.64	0.008
707.82	0.008
708.01	0.008
708.20	0.008
708.38	0.009
708.57	0.009
708.75	0.009
708.94	0.009
709.13	0.010
709.31	0.010
709.50	0.010
709.69	0.010
709.87	0.010
710.06	0.009
710.24	0.009
710.43	0.008
710.62	0.008
710.80	0.008
710.99	0.008
711.17	0.008
711.36	0.007
711.55	0.007
711.73	0.007
711.92	0.007
712.10	0.008
712.29	0.008
712.48	0.008
712.66	0.008
712.85	0.008
713.03	0.009
713.22	0.008
713.40	0.009
713.59	0.009
713.78	0.009
713.96	0.008
714.15	0.008
714.33	0.008
714.52	0.008
714.71	0.008
714.89	0.007
715.08	0.007
715.26	0.007
715.45	0.007
715.63	0.007
715.82	0.008
716.00	0.008
716.19	0.008
716.38	0.008
716.56	0.008
716.75	0.008
716.93	0.008
717.12	0.008
717.30	0.008
717.49	0.008
717.67	0.008
717.86	0.008
718.05	0.008
718.23	0.008
718.42	0.008
718.60	0.008
718.79	0.007
718.97	0.007
719.16	0.006
719.34	0.006
719.53	0.006
719.71	0.007
719.90	0.007
720.08	0.008
720.27	0.008
720.45	0.008
720.64	0.008
720.83	0.009
721.01	0.008
721.20	0.009
721.38	0.008
721.57	0.008
721.75	0.008
721.94	0.008
722.12	0.008
722.31	0.009
722.49	0.008
722.68	0.008
722.86	0.008
723.05	0.008
723.23	0.008
723.42	0.008
723.60	0.008
723.79	0.008
723.97	0.008
724.16	0.009
724.34	0.009
724.53	0.009
724.71	0.008
724.90	0.008
725.08	0.008
725.27	0.008
725.45	0.008
725.64	0.008
725.82	0.007
726.00	0.007
726.19	0.007
726.37	0.007
726.56	0.007
726.74	0.007
726.93	0.007
727.11	0.008
727.30	0.008
727.48	0.008
727.67	0.007
727.85	0.007
728.04	0.007
728.22	0.007
728.40	0.007
728.59	0.007
728.77	0.007
728.96	0.007
729.14	0.007
729.33	0.007
729.51	0.007
729.70	0.007
729.88	0.007
730.07	0.007
730.25	0.007
730.43	0.007
730.62	0.007
730.80	0.007
730.99	0.007
731.17	0.007
731.36	0.007
731.54	0.007
731.72	0.007
731.91	0.006
732.09	0.007
732.28	0.007
732.46	0.006
732.65	0.007
732.83	0.006
733.01	0.006
733.20	0.006
733.38	0.006
733.57	0.006
733.75	0.006
733.93	0.007
734.12	0.007
734.30	0.007
734.49	0.007
734.67	0.008
734.85	0.008
735.04	0.008
735.22	0.008
735.41	0.008
735.59	0.008
735.77	0.007
735.96	0.007
736.14	0.007
736.33	0.007
736.51	0.007
736.69	0.007
736.88	0.006
737.06	0.006
737.25	0.006
737.43	0.006
737.61	0.006
737.80	0.006
737.98	0.007
738.16	0.007
738.35	0.007
738.53	0.007
738.71	0.007
738.90	0.007
739.08	0.007
739.27	0.007
739.45	0.007
739.63	0.007
739.82	0.007
740.00	0.007
740.18	0.007
740.37	0.007
740.55	0.007
740.73	0.008
740.92	0.008
741.10	0.008
741.28	0.007
741.47	0.007
741.65	0.007
741.83	0.007
742.02	0.007
742.20	0.007
742.38	0.007
742.57	0.007
742.75	0.007
742.93	0.007
743.12	0.008
743.30	0.008
743.48	0.008
743.67	0.008
743.85	0.007
744.03	0.007
744.22	0.008
744.40	0.008
744.58	0.008
744.77	0.008
744.95	0.007
745.13	0.008
745.32	0.008
745.50	0.008
745.68	0.008
745.87	0.008
746.05	0.008
746.23	0.008
746.41	0.007
746.60	0.007
746.78	0.007
746.96	0.007
747.15	0.007
747.33	0.007
747.51	0.007
747.70	0.007
747.88	0.007
748.06	0.008
748.24	0.008
748.43	0.008
748.61	0.008
748.79	0.008
748.97	0.008
749.16	0.008
749.34	0.008
749.52	0.008
749.71	0.007
749.89	0.008
750.07	0.008
750.25	0.008
750.44	0.008
750.62	0.008
750.80	0.008
750.98	0.008
751.17	0.008
751.35	0.008
751.53	0.008
751.71	0.008
751.90	0.008
752.08	0.008
752.26	0.007
752.44	0.007
752.63	0.007
752.81	0.007
752.99	0.007
753.17	0.007
753.36	0.007
753.54	0.008
753.72	0.007
753.90	0.008
754.09	0.008
754.27	0.008
754.45	0.008
754.63	0.008
754.82	0.008
755.00	0.008
755.18	0.007
755.36	0.008
755.54	0.007
755.73	0.007
755.91	0.007
756.09	0.006
756.27	0.007
756.45	0.006
756.64	0.007
756.82	0.007
757.00	0.007
757.18	0.007
757.37	0.007
757.55	0.007
757.73	0.007
757.91	0.007
758.09	0.007
758.27	0.007
758.46	0.007
758.64	0.007
758.82	0.008
759.00	0.007
759.18	0.007
759.37	0.007
759.55	0.007
759.73	0.007
759.91	0.007
760.09	0.006
760.28	0.006
760.46	0.006
760.64	0.007
760.82	0.007
761.00	0.007
761.18	0.007
761.37	0.007
761.55	0.006
761.73	0.006
761.91	0.006
762.09	0.006
762.27	0.006
762.46	0.006
762.64	0.006
762.82	0.006
763.00	0.006
763.18	0.007
763.36	0.007
763.54	0.006
763.73	0.006
763.91	0.006
764.09	0.006
764.27	0.006
764.45	0.006
764.63	0.006
764.81	0.006
765.00	0.006
765.18	0.006
765.36	0.006
765.54	0.006
765.72	0.006
765.90	0.006
766.08	0.006
766.27	0.006
766.45	0.006
766.63	0.006
766.81	0.006
766.99	0.007
767.17	0.007
767.35	0.006
767.53	0.006
767.71	0.007
767.90	0.007
768.08	0.007
768.26	0.007
768.44	0.007
768.62	0.007
768.80	0.007
768.98	0.007
769.16	0.007
769.34	0.007
769.52	0.007
769.71	0.006
769.89	0.006
770.07	0.006
770.25	0.007
770.43	0.006
770.61	0.006
770.79	0.006
770.97	0.007
771.15	0.007
771.33	0.007
771.51	0.007
771.69	0.007
771.88	0.007
772.06	0.007
772.24	0.007
772.42	0.007
772.60	0.007
772.78	0.007
772.96	0.007
773.14	0.007
773.32	0.007
773.50	0.007
773.68	0.007
773.86	0.007
774.04	0.007
774.22	0.006
774.40	0.006
774.58	0.006
774.77	0.006
774.95	0.007
775.13	0.007
775.31	0.007
775.49	0.007
775.67	0.007
775.85	0.007
776.03	0.007
776.21	0.007
776.39	0.007
776.57	0.007
776.75	0.006
776.93	0.006
777.11	0.007
777.29	0.007
777.47	0.007
777.65	0.007
777.83	0.007
778.01	0.007
778.19	0.007
778.37	0.008
778.55	0.008
778.73	0.007
778.91	0.007
779.09	0.007
779.27	0.007
779.45	0.007
779.63	0.007
779.81	0.007
779.99	0.007
780.17	0.007
780.35	0.007
780.53	0.007
780.71	0.007
780.89	0.007
781.07	0.007
781.25	0.007
781.43	0.007
781.61	0.007
781.79	0.007
781.97	0.007
782.15	0.007
782.33	0.007
782.51	0.006
782.69	0.006
782.87	0.007
783.05	0.007
783.23	0.007
783.41	0.007
783.59	0.007
783.77	0.007
783.95	0.007
784.13	0.007
784.31	0.007
784.49	0.007
784.67	0.007
784.85	0.007
785.03	0.006
785.21	0.007
785.38	0.007
785.56	0.006
785.74	0.007
785.92	0.007
786.10	0.007
786.28	0.007
786.46	0.007
786.64	0.007
786.82	0.007
787.00	0.007
787.18	0.007
787.36	0.007
787.54	0.007
787.72	0.007
787.90	0.007
788.08	0.007
788.25	0.007
788.43	0.007
788.61	0.007
788.79	0.007
788.97	0.007
789.15	0.007
789.33	0.007
789.51	0.006
789.69	0.006
789.87	0.006
790.05	0.006
790.23	0.006
790.40	0.006
790.58	0.006
790.76	0.006
790.94	0.006
791.12	0.006
791.30	0.006
791.48	0.007
791.66	0.006
791.84	0.006
792.02	0.007
792.19	0.007
792.37	0.007
792.55	0.006
792.73	0.007
792.91	0.007
793.09	0.007
793.27	0.007
793.45	0.007
793.63	0.007
793.80	0.007
793.98	0.007
794.16	0.007
794.34	0.007
794.52	0.006
794.70	0.006
794.88	0.007
795.05	0.007
795.23	0.008
795.41	0.007
795.59	0.007
795.77	0.007
795.95	0.007
796.13	0.007
796.30	0.007
796.48	0.006
796.66	0.006
796.84	0.006
797.02	0.006
797.20	0.006
797.38	0.007
797.55	0.007
797.73	0.007
797.91	0.007
798.09	0.007
798.27	0.007
798.45	0.007
798.62	0.008
798.80	0.007
798.98	0.007
799.16	0.007
799.34	0.007
799.52	0.007
799.69	0.006
799.87	0.007
800.05	0.007
800.23	0.007
800.41	0.007
800.58	0.007
800.76	0.006
800.94	0.007
801.12	0.007
801.30	0.007
801.47	0.007
801.65	0.007
801.83	0.007
802.01	0.007
802.19	0.007
802.36	0.007
802.54	0.007
802.72	0.007
802.90	0.008
803.08	0.008
803.25	0.008
803.43	0.008
803.61	0.007
803.79	0.008
803.97	0.008
804.14	0.007
804.32	0.007
804.50	0.007
804.68	0.007
804.85	0.007
805.03	0.006
805.21	0.007
805.39	0.007
805.56	0.007
805.74	0.007
805.92	0.007
806.10	0.007
806.28	0.007
806.45	0.007
806.63	0.007
806.81	0.007
806.99	0.007
807.16	0.007
807.34	0.007
807.52	0.007
807.70	0.006
807.87	0.006
808.05	0.006
808.23	0.006
808.41	0.006
808.58	0.006
808.76	0.006
808.94	0.006
809.11	0.006
809.29	0.007
809.47	0.007
809.65	0.007
809.82	0.007
810.00	0.007
810.18	0.008
810.36	0.007
810.53	0.007
810.71	0.007
810.89	0.007
811.06	0.007
811.24	0.008
811.42	0.008
811.60	0.008
811.77	0.008
811.95	0.008
812.13	0.008
812.30	0.008
812.48	0.008
812.66	0.008
812.83	0.008
813.01	0.008
813.19	0.008
813.37	0.007
813.54	0.007
813.72	0.007
813.90	0.007
814.07	0.007
814.25	0.006
814.43	0.006
814.60	0.006
814.78	0.006
814.96	0.006
815.13	0.006
815.31	0.006
815.49	0.007
815.66	0.007
815.84	0.007
816.02	0.007
816.19	0.008
816.37	0.008
816.55	0.008
816.72	0.008
816.90	0.007
817.08	0.007
817.25	0.007
817.43	0.007
817.61	0.007
817.78	0.007
817.96	0.007
818.14	0.007
818.31	0.006
818.49	0.007
818.67	0.007
818.84	0.007
819.02	0.007
819.19	0.007
819.37	0.006
819.55	0.007
819.72	0.007
819.90	0.007
820.08	0.007
820.25	0.006
820.43	0.006
820.60	0.006
820.78	0.007
820.96	0.008
821.13	0.008
821.31	0.007
821.49	0.007
821.66	0.008
821.84	0.008
822.01	0.008
822.19	0.007
822.37	0.007
822.54	0.007
822.72	0.007
822.89	0.008
823.07	0.008
823.25	0.008
823.42	0.008
823.60	0.008
823.77	0.008
823.95	0.007
824.13	0.007
824.30	0.007
824.48	0.007
824.65	0.007
824.83	0.007
825.01	0.007
825.18	0.007
825.36	0.007
825.53	0.007
825.71	0.008
825.88	0.008
826.06	0.008
826.24	0.009
826.41	0.008
826.59	0.008
826.76	0.008
826.94	0.008
827.11	0.008
827.29	0.008
827.47	0.007
827.64	0.007
827.82	0.007
827.99	0.006
828.17	0.007
828.34	0.007
828.52	0.007
828.69	0.007
828.87	0.007
829.04	0.008
829.22	0.008
829.40	0.008
829.57	0.008
829.75	0.008
829.92	0.008
830.10	0.007
830.27	0.007
830.45	0.007
830.62	0.006
830.80	0.007
830.97	0.006
831.15	0.006
831.32	0.006
831.50	0.006
831.67	0.006
831.85	0.007
832.02	0.007
832.20	0.007
832.37	0.007
832.55	0.007
832.73	0.007
832.90	0.007
833.08	0.007
833.25	0.007
833.43	0.007
833.60	0.006
833.78	0.006
833.95	0.006
834.13	0.006
834.30	0.006
834.48	0.006
834.65	0.006
834.82	0.006
835.00	0.006
835.17	0.006
835.35	0.007
835.52	0.006
835.70	0.007
835.87	0.006
836.05	0.006
836.22	0.007
836.40	0.007
836.57	0.007
836.75	0.007
836.92	0.007
837.10	0.007
837.27	0.007
837.45	0.008
837.62	0.008
837.80	0.008
837.97	0.008
838.14	0.008
838.32	0.009
838.49	0.009
838.67	0.009
838.84	0.009
839.02	0.009
839.19	0.009
839.37	0.008
839.54	0.008
839.71	0.008
839.89	0.007
840.06	0.008
840.24	0.007
840.41	0.008
840.59	0.008
840.76	0.008
840.94	0.008
841.11	0.008
841.28	0.009
841.46	0.009
841.63	0.008
841.81	0.008
841.98	0.008
842.15	0.008
842.33	0.008
842.50	0.008
842.68	0.008
842.85	0.007
843.03	0.007
843.20	0.008
843.37	0.008
843.55	0.008
843.72	0.007
843.90	0.007
844.07	0.007
844.24	0.007
844.42	0.007
844.59	0.007
844.77	0.007
844.94	0.007
845.11	0.008
845.29	0.008
845.46	0.008
845.63	0.008
845.81	0.008
845.98	0.008
846.16	0.008
846.33	0.007
846.50	0.007
846.68	0.007
846.85	0.006
847.02	0.006
847.20	0.006
847.37	0.007
847.55	0.007
847.72	0.007
847.89	0.007
848.07	0.007
848.24	0.007
848.41	0.008
848.59	0.008
848.76	0.008
848.93	0.007
849.11	0.007
849.28	0.007
849.45	0.007
849.63	0.008
849.80	0.007
849.97	0.007
850.15	0.007
850.32	0.008
850.49	0.008
850.67	0.007
850.84	0.008
851.01	0.008
851.19	0.008
851.36	0.008
851.53	0.008
851.71	0.008
851.88	0.007
852.05	0.007
852.23	0.007
852.40	0.007
852.57	0.007
852.75	0.006
852.92	0.006
853.09	0.006
853.27	0.006
853.44	0.007
853.61	0.008
853.79	0.008
853.96	0.007
854.13	0.007
854.30	0.007
854.48	0.008
854.65	0.008
854.82	0.008
855.00	0.008
855.17	0.007
855.34	0.007
855.51	0.007
855.69	0.007
855.86	0.007
856.03	0.006
856.21	0.006
856.38	0.006
856.55	0.006
856.72	0.007
856.90	0.007
857.07	0.008
857.24	0.008
857.42	0.007
857.59	0.007
857.76	0.007
857.93	0.008
858.11	0.008
858.28	0.007
858.45	0.006
858.62	0.006
858.80	0.006
858.97	0.006
859.14	0.006
859.31	0.006
859.49	0.006
859.66	0.006
859.83	0.007
860.00	0.007
860.18	0.007
860.35	0.007
860.52	0.006
860.69	0.006
860.86	0.006
861.04	0.006
861.21	0.006
861.38	0.006
861.55	0.005
861.73	0.005
861.90	0.005
862.07	0.005
862.24	0.005
862.42	0.006
862.59	0.006
862.76	0.006
862.93	0.007
863.10	0.007
863.28	0.007
863.45	0.007
863.62	0.007
863.79	0.007
863.96	0.007
864.14	0.006
864.31	0.006
864.48	0.006
864.65	0.006
864.82	0.007
865.00	0.007
865.17	0.007
865.34	0.007
865.51	0.006
865.68	0.006
865.86	0.006
866.03	0.006
866.20	0.006
866.37	0.005
866.54	0.004
866.71	0.004
866.89	0.005
867.06	0.005
867.23	0.006
867.40	0.007
867.57	0.006
867.74	0.005
867.92	0.006
868.09	0.006
868.26	0.005
868.43	0.005
868.60	0.004
868.77	0.004
868.95	0.004
869.12	0.005
869.29	0.005
869.46	0.005
869.63	0.005
869.80	0.005
869.97	0.005
870.15	0.005
870.32	0.005
870.49	0.005
870.66	0.005
870.83	0.005
871.00	0.005
871.17	0.006
871.34	0.006
871.52	0.006
871.69	0.006
871.86	0.006
872.03	0.005
872.20	0.005
872.37	0.005
872.54	0.005
872.71	0.005
872.89	0.005
873.06	0.006
873.23	0.005
873.40	0.005
873.57	0.005
873.74	0.006
873.91	0.005
874.08	0.005
874.25	0.006
874.42	0.006
874.60	0.005
874.77	0.006
874.94	0.006
875.11	0.006
875.28	0.005
875.45	0.006
875.62	0.006
875.79	0.006
875.96	0.006
876.13	0.006
876.30	0.006
876.47	0.004
876.65	0.005
876.82	0.005
876.99	0.005
877.16	0.004
877.33	0.004
877.50	0.004
877.67	0.004
877.84	0.004
878.01	0.005
878.18	0.004
878.35	0.004
878.52	0.003
878.69	0.003
878.86	0.003
879.03	0.003
879.20	0.002
879.38	0.002
879.55	0.002
879.72	0.002
879.89	0.002
880.06	0.002
880.23	0.002
880.40	0.002
880.57	0.001
880.74	0.002
880.91	0.001
881.08	0.002
881.25	0.002
881.42	0.001
881.59	0.002
881.76	0.001
881.93	0.001
882.10	0.002
882.27	0.002
882.44	0.002
882.61	0.002
882.78	0.003
882.95	0.004
883.12	0.004
883.29	0.004
883.46	0.003
883.63	0.003
883.80	0.002
883.97	0.002
884.14	0.002
884.31	0.001
884.48	0.001
884.65	0.000
884.82	0.001
884.99	0.001
885.16	0.002
885.33	0.002
885.50	0.002
885.67	0.002
885.84	0.003
886.01	0.003
886.18	0.004
886.35	0.004
886.52	0.004
886.69	0.003
886.86	0.002
887.03	0.002
887.20	0.001
887.37	0.002
887.54	0.001
887.71	-0.000
887.88	-0.000
888.05	0.000
888.22	-0.000
888.39	-0.000
888.55	0.000
888.72	0.001
888.89	0.000
889.06	0.001
889.23	0.001
889.40	0.001
889.57	0.001
889.74	0.001
889.91	0.001
890.08	0.001
890.25	-0.000
890.42	-0.001
890.59	-0.001
890.76	-0.001
890.93	-0.001
891.10	-0.001
891.26	-0.001
891.43	-0.001
891.60	-0.001
891.77	-0.001
891.94	-0.001
892.11	0.000
892.28	0.001
892.45	0.000
892.62	-0.000
892.79	-0.001
892.96	-0.001
893.13	-0.001
893.29	-0.001
893.46	-0.000
893.63	-0.001
893.80	-0.000
893.97	-0.000
894.14	0.000
894.31	-0.000
894.48	0.001
894.65	0.006
894.81	-0.001
894.98	-0.003
