177.34	0.297
177.56	0.297
177.78	0.297
178.00	-0.480
178.22	0.525
178.44	0.717
178.66	0.454
178.89	0.211
179.11	0.201
179.33	0.326
179.55	-0.000
179.77	-0.220
179.99	-0.000
180.21	-0.000
180.43	-0.201
180.65	0.093
180.87	0.271
181.09	0.281
181.31	0.341
181.53	0.358
181.75	0.355
181.97	0.374
182.19	0.393
182.41	0.383
182.63	0.405
182.85	0.439
183.07	0.430
183.30	0.410
183.52	0.396
183.74	0.392
183.96	0.410
184.18	0.456
184.40	0.496
184.62	0.529
184.84	0.499
185.06	0.555
185.28	0.565
185.50	0.619
185.72	0.678
185.94	0.703
186.16	0.679
186.38	0.633
186.60	0.664
186.82	0.709
187.04	0.691
187.26	0.711
187.48	0.753
187.70	0.761
187.92	0.790
188.14	0.849
188.36	0.885
188.58	0.905
188.80	0.966
189.02	0.992
189.24	1.081
189.46	1.053
189.68	1.004
189.90	1.002
190.12	1.030
190.34	1.021
190.56	1.028
190.78	1.044
191.00	1.091
191.22	1.115
191.44	1.174
191.66	1.267
191.88	1.329
192.10	1.305
192.32	1.340
192.54	1.361
192.76	1.340
192.98	1.343
193.20	1.340
193.42	1.299
193.64	1.310
193.86	1.313
194.08	1.342
194.30	1.389
194.52	1.430
194.74	1.444
194.96	1.429
195.18	1.401
195.40	1.466
195.62	1.512
195.84	1.537
196.06	1.564
196.28	1.559
196.50	1.526
196.72	1.545
196.94	1.592
197.16	1.657
197.38	1.584
197.60	1.574
197.82	1.549
198.04	1.558
198.26	1.595
198.48	1.579
198.70	1.613
198.92	1.600
199.13	1.579
199.35	1.627
199.57	1.645
199.79	1.671
200.01	1.694
200.23	1.667
200.45	1.697
200.67	1.699
200.89	1.726
201.11	1.756
201.33	1.742
201.55	1.721
201.77	1.727
201.99	1.718
202.21	1.744
202.43	1.772
202.65	1.768
202.87	1.788
203.09	1.825
203.31	1.869
203.52	1.901
203.74	1.972
203.96	1.947
204.18	1.927
204.40	1.896
204.62	1.965
204.84	1.931
205.06	1.940
205.28	1.953
205.50	1.974
205.72	1.954
205.94	1.948
206.16	1.971
206.38	1.949
206.59	1.925
206.81	1.957
207.03	1.987
207.25	1.969
207.47	1.972
207.69	1.958
207.91	1.961
208.13	2.006
208.35	2.077
208.57	2.061
208.79	2.056
209.01	2.008
209.22	2.056
209.44	2.055
209.66	2.050
209.88	2.110
210.10	2.087
210.32	2.110
210.54	2.084
210.76	2.050
210.98	2.096
211.20	2.106
211.42	2.105
211.63	2.162
211.85	2.174
212.07	2.196
212.29	2.184
212.51	2.263
212.73	2.355
212.95	2.321
213.17	2.273
213.39	2.292
213.60	2.242
213.82	2.270
214.04	2.220
214.26	2.257
214.48	2.225
214.70	2.236
214.92	2.226
215.14	2.211
215.35	2.230
215.57	2.262
215.79	2.237
216.01	2.283
216.23	2.261
216.45	2.272
216.67	2.272
216.89	2.264
217.10	2.280
217.32	2.202
217.54	2.191
217.76	2.202
217.98	2.242
218.20	2.245
218.42	2.238
218.64	2.217
218.85	2.235
219.07	2.236
219.29	2.324
219.51	2.341
219.73	2.286
219.95	2.204
220.17	2.215
220.38	2.237
220.60	2.249
220.82	2.240
221.04	2.262
221.26	2.226
221.48	2.239
221.69	2.312
221.91	2.338
222.13	2.319
222.35	2.331
222.57	2.362
222.79	2.426
223.00	2.411
223.22	2.445
223.44	2.473
223.66	2.422
223.88	2.491
224.10	2.500
224.32	2.494
224.53	2.536
224.75	2.507
224.97	2.556
225.19	2.546
225.41	2.511
225.62	2.499
225.84	2.446
226.06	2.479
226.28	2.484
226.50	2.404
226.72	2.415
226.93	2.390
227.15	2.410
227.37	2.407
227.59	2.405
227.81	2.461
228.02	2.440
228.24	2.447
228.46	2.484
228.68	2.507
228.90	2.522
229.12	2.528
229.33	2.557
229.55	2.597
229.77	2.529
229.99	2.555
230.21	2.588
230.42	2.569
230.64	2.574
230.86	2.574
231.08	2.547
231.30	2.514
231.51	2.514
231.73	2.525
231.95	2.517
232.17	2.538
232.38	2.526
232.60	2.510
232.82	2.518
233.04	2.556
233.26	2.564
233.47	2.568
233.69	2.587
233.91	2.622
234.13	2.574
234.35	2.615
234.56	2.614
234.78	2.617
235.00	2.598
235.22	2.620
235.43	2.607
235.65	2.589
235.87	2.552
236.09	2.556
236.30	2.543
236.52	2.530
236.74	2.522
236.96	2.514
237.18	2.489
237.39	2.479
237.61	2.460
237.83	2.465
238.05	2.437
238.26	2.418
238.48	2.399
238.70	2.387
238.92	2.379
239.13	2.388
239.35	2.368
239.57	2.362
239.79	2.353
240.00	2.355
240.22	2.344
240.44	2.338
240.66	2.317
240.87	2.312
241.09	2.297
241.31	2.282
241.53	2.273
241.74	2.264
241.96	2.251
242.18	2.242
242.40	2.228
242.61	2.223
242.83	2.211
243.05	2.190
243.27	2.197
243.48	2.186
243.70	2.171
243.92	2.158
244.13	2.153
244.35	2.138
244.57	2.129
244.79	2.127
245.00	2.130
245.22	2.126
245.44	2.112
245.65	2.106
245.87	2.109
246.09	2.108
246.31	2.118
246.52	2.124
246.74	2.112
246.96	2.097
247.18	2.087
247.39	2.090
247.61	2.082
247.83	2.068
248.04	2.056
248.26	2.045
248.48	2.028
248.69	2.020
248.91	2.017
249.13	2.011
249.35	2.008
249.56	2.001
249.78	2.004
250.00	2.001
250.21	2.002
250.43	2.008
250.65	2.001
250.86	2.002
251.08	2.005
251.30	2.008
251.51	2.019
251.73	2.014
251.95	2.012
252.17	2.000
252.38	1.994
252.60	2.000
252.82	1.998
253.03	1.988
253.25	1.982
253.47	1.975
253.68	1.974
253.90	1.971
254.12	1.970
254.33	1.969
254.55	1.965
254.77	1.967
254.98	1.968
255.20	1.967
255.42	1.968
255.63	1.971
255.85	1.978
256.07	1.982
256.28	1.983
256.50	1.982
256.72	1.981
256.93	1.980
257.15	1.978
257.37	1.969
257.58	1.961
257.80	1.957
258.02	1.961
258.23	1.962
258.45	1.963
258.67	1.963
258.88	1.962
259.10	1.962
259.32	1.972
259.53	1.976
259.75	1.969
259.96	1.963
260.18	1.961
260.40	1.956
260.61	1.957
260.83	1.955
261.05	1.955
261.26	1.950
261.48	1.947
261.70	1.951
261.91	1.952
262.13	1.952
262.34	1.955
262.56	1.950
262.78	1.953
262.99	1.950
263.21	1.949
263.43	1.946
263.64	1.945
263.86	1.945
264.07	1.943
264.29	1.939
264.51	1.935
264.72	1.935
264.94	1.935
265.16	1.930
265.37	1.933
265.59	1.928
265.80	1.925
266.02	1.921
266.24	1.918
266.45	1.920
266.67	1.917
266.88	1.914
267.10	1.913
267.32	1.912
267.53	1.911
267.75	1.910
267.96	1.910
268.18	1.912
268.40	1.910
268.61	1.910
268.83	1.911
269.04	1.911
269.26	1.907
269.48	1.907
269.69	1.903
269.91	1.897
270.12	1.897
270.34	1.891
270.56	1.886
270.77	1.879
270.99	1.875
271.20	1.873
271.42	1.870
271.64	1.874
271.85	1.872
272.07	1.865
272.28	1.864
272.50	1.864
272.71	1.869
272.93	1.866
273.15	1.863
273.36	1.858
273.58	1.854
273.79	1.852
274.01	1.848
274.22	1.845
274.44	1.842
274.66	1.829
274.87	1.828
275.09	1.822
275.30	1.821
275.52	1.812
275.73	1.805
275.95	1.802
276.16	1.794
276.38	1.785
276.60	1.783
276.81	1.774
277.03	1.769
277.24	1.764
277.46	1.758
277.67	1.755
277.89	1.752
278.10	1.746
278.32	1.744
278.53	1.741
278.75	1.735
278.97	1.728
279.18	1.716
279.40	1.710
279.61	1.707
279.83	1.696
280.04	1.687
280.26	1.681
280.47	1.674
280.69	1.669
280.90	1.662
281.12	1.658
281.33	1.651
281.55	1.644
281.76	1.637
281.98	1.635
282.20	1.625
282.41	1.619
282.63	1.609
282.84	1.603
283.06	1.596
283.27	1.589
283.49	1.579
283.70	1.573
283.92	1.562
284.13	1.556
284.35	1.546
284.56	1.538
284.78	1.529
284.99	1.520
285.21	1.509
285.42	1.500
285.64	1.492
285.85	1.482
286.07	1.471
286.28	1.463
286.50	1.453
286.71	1.445
286.93	1.437
287.14	1.428
287.36	1.418
287.57	1.409
287.79	1.399
288.00	1.391
288.22	1.380
288.43	1.370
288.65	1.360
288.86	1.348
289.08	1.338
289.29	1.328
289.51	1.316
289.72	1.306
289.94	1.294
290.15	1.283
290.37	1.273
290.58	1.263
290.80	1.254
291.01	1.244
291.22	1.237
291.44	1.230
291.65	1.220
291.87	1.212
292.08	1.205
292.30	1.198
292.51	1.191
292.73	1.183
292.94	1.175
293.16	1.166
293.37	1.156
293.59	1.150
293.80	1.143
294.02	1.133
294.23	1.126
294.44	1.118
294.66	1.111
294.87	1.104
295.09	1.097
295.30	1.090
295.52	1.082
295.73	1.073
295.95	1.066
296.16	1.058
296.37	1.051
296.59	1.042
296.80	1.036
297.02	1.029
297.23	1.022
297.45	1.016
297.66	1.010
297.88	1.003
298.09	0.998
298.30	0.992
298.52	0.986
298.73	0.979
298.95	0.972
299.16	0.967
299.38	0.960
299.59	0.953
299.80	0.947
300.02	0.942
300.23	0.935
300.45	0.929
300.66	0.923
300.88	0.917
301.09	0.911
301.30	0.907
301.52	0.901
301.73	0.896
301.95	0.890
302.16	0.883
302.37	0.878
302.59	0.873
302.80	0.868
303.02	0.863
303.23	0.858
303.45	0.853
303.66	0.848
303.87	0.843
304.09	0.839
304.30	0.834
304.52	0.830
304.73	0.825
304.94	0.820
305.16	0.815
305.37	0.811
305.59	0.807
305.80	0.802
306.01	0.797
306.23	0.793
306.44	0.788
306.65	0.784
306.87	0.781
307.08	0.776
307.30	0.772
307.51	0.768
307.72	0.765
307.94	0.761
308.15	0.757
308.37	0.753
308.58	0.749
308.79	0.745
309.01	0.741
309.22	0.737
309.43	0.733
309.65	0.728
309.86	0.724
310.07	0.720
310.29	0.716
310.50	0.713
310.72	0.709
310.93	0.705
311.14	0.702
311.36	0.699
311.57	0.695
311.78	0.691
312.00	0.688
312.21	0.684
312.42	0.680
312.64	0.676
312.85	0.673
313.07	0.669
313.28	0.665
313.49	0.662
313.71	0.658
313.92	0.655
314.13	0.651
314.35	0.647
314.56	0.644
314.77	0.641
314.99	0.638
315.20	0.635
315.41	0.632
315.63	0.629
315.84	0.627
316.05	0.625
316.27	0.622
316.48	0.618
316.69	0.615
316.91	0.612
317.12	0.609
317.33	0.606
317.55	0.604
317.76	0.600
317.97	0.596
318.19	0.594
318.40	0.591
318.61	0.588
318.83	0.584
319.04	0.582
319.25	0.579
319.47	0.575
319.68	0.572
319.89	0.570
320.10	0.567
320.32	0.565
320.53	0.563
320.74	0.560
320.96	0.557
321.17	0.555
321.38	0.552
321.60	0.549
321.81	0.546
322.02	0.544
322.24	0.541
322.45	0.538
322.66	0.536
322.87	0.533
323.09	0.530
323.30	0.528
323.51	0.527
323.73	0.524
323.94	0.521
324.15	0.519
324.36	0.516
324.58	0.514
324.79	0.512
325.00	0.509
325.22	0.506
325.43	0.503
325.64	0.500
325.85	0.498
326.07	0.496
326.28	0.493
326.49	0.491
326.71	0.489
326.92	0.487
327.13	0.485
327.34	0.483
327.56	0.481
327.77	0.478
327.98	0.476
328.19	0.474
328.41	0.471
328.62	0.470
328.83	0.467
329.04	0.465
329.26	0.463
329.47	0.461
329.68	0.459
329.90	0.457
330.11	0.455
330.32	0.453
330.53	0.450
330.75	0.447
330.96	0.445
331.17	0.443
331.38	0.441
331.60	0.439
331.81	0.437
332.02	0.435
332.23	0.433
332.44	0.431
332.66	0.429
332.87	0.428
333.08	0.425
333.29	0.423
333.51	0.422
333.72	0.419
333.93	0.417
334.14	0.415
334.36	0.414
334.57	0.412
334.78	0.410
334.99	0.409
335.21	0.407
335.42	0.404
335.63	0.402
335.84	0.400
336.05	0.398
336.27	0.396
336.48	0.394
336.69	0.392
336.90	0.390
337.11	0.388
337.33	0.386
337.54	0.386
337.75	0.384
337.96	0.383
338.18	0.381
338.39	0.379
338.60	0.377
338.81	0.375
339.02	0.373
339.24	0.371
339.45	0.369
339.66	0.367
339.87	0.365
340.08	0.364
340.30	0.362
340.51	0.361
340.72	0.359
340.93	0.358
341.14	0.356
341.36	0.355
341.57	0.353
341.78	0.351
341.99	0.349
342.20	0.348
342.41	0.346
342.63	0.345
342.84	0.343
343.05	0.341
343.26	0.340
343.47	0.338
343.69	0.337
343.90	0.335
344.11	0.332
344.32	0.331
344.53	0.330
344.74	0.328
344.96	0.327
345.17	0.325
345.38	0.323
345.59	0.322
345.80	0.320
346.01	0.319
346.23	0.318
346.44	0.316
346.65	0.315
346.86	0.314
347.07	0.313
347.28	0.311
347.50	0.310
347.71	0.309
347.92	0.306
348.13	0.305
348.34	0.304
348.55	0.302
348.76	0.300
348.98	0.299
349.19	0.297
349.40	0.296
349.61	0.294
349.82	0.293
350.03	0.292
350.24	0.289
350.46	0.288
350.67	0.286
350.88	0.285
351.09	0.284
351.30	0.282
351.51	0.281
351.72	0.279
351.93	0.278
352.15	0.277
352.36	0.276
352.57	0.274
352.78	0.273
352.99	0.272
353.20	0.270
353.41	0.269
353.62	0.268
353.84	0.267
354.05	0.266
354.26	0.265
354.47	0.263
354.68	0.262
354.89	0.261
355.10	0.260
355.31	0.259
355.52	0.258
355.74	0.257
355.95	0.255
356.16	0.254
356.37	0.253
356.58	0.252
356.79	0.251
357.00	0.249
357.21	0.248
357.42	0.246
357.63	0.244
357.85	0.243
358.06	0.242
358.27	0.240
358.48	0.239
358.69	0.237
358.90	0.237
359.11	0.236
359.32	0.235
359.53	0.234
359.74	0.233
359.95	0.232
360.17	0.231
360.38	0.230
360.59	0.229
360.80	0.228
361.01	0.226
361.22	0.225
361.43	0.223
361.64	0.222
361.85	0.221
362.06	0.220
362.27	0.219
362.48	0.218
362.69	0.217
362.90	0.215
363.12	0.214
363.33	0.213
363.54	0.212
363.75	0.211
363.96	0.209
364.17	0.208
364.38	0.206
364.59	0.206
364.80	0.205
365.01	0.204
365.22	0.203
365.43	0.201
365.64	0.200
365.85	0.199
366.06	0.199
366.27	0.199
366.48	0.198
366.69	0.197
366.90	0.195
367.11	0.195
367.32	0.194
367.54	0.193
367.75	0.193
367.96	0.191
368.17	0.190
368.38	0.188
368.59	0.188
368.80	0.187
369.01	0.186
369.22	0.185
369.43	0.184
369.64	0.183
369.85	0.183
370.06	0.182
370.27	0.181
370.48	0.180
370.69	0.179
370.90	0.179
371.11	0.178
371.32	0.177
371.53	0.176
371.74	0.174
371.95	0.174
372.16	0.173
372.37	0.172
372.58	0.171
372.79	0.169
373.00	0.169
373.21	0.168
373.42	0.167
373.63	0.167
373.84	0.166
374.05	0.166
374.26	0.164
374.47	0.163
374.68	0.162
374.89	0.161
375.10	0.160
375.31	0.159
375.52	0.158
375.73	0.157
375.94	0.157
376.15	0.156
376.36	0.156
376.57	0.155
376.78	0.155
376.99	0.155
377.20	0.154
377.41	0.154
377.62	0.153
377.83	0.152
378.04	0.151
378.25	0.151
378.46	0.150
378.67	0.148
378.88	0.147
379.09	0.146
379.30	0.145
379.51	0.144
379.72	0.143
379.92	0.142
380.13	0.141
380.34	0.140
380.55	0.140
380.76	0.140
380.97	0.139
381.18	0.138
381.39	0.137
381.60	0.137
381.81	0.136
382.02	0.135
382.23	0.135
382.44	0.134
382.65	0.133
382.86	0.132
383.07	0.132
383.28	0.132
383.49	0.131
383.70	0.130
383.91	0.130
384.11	0.129
384.32	0.128
384.53	0.128
384.74	0.128
384.95	0.127
385.16	0.127
385.37	0.127
385.58	0.126
385.79	0.126
386.00	0.125
386.21	0.125
386.42	0.125
386.63	0.124
386.84	0.123
387.04	0.122
387.25	0.121
387.46	0.121
387.67	0.120
387.88	0.119
388.09	0.119
388.30	0.118
388.51	0.117
388.72	0.117
388.93	0.116
389.14	0.115
389.34	0.115
389.55	0.114
389.76	0.113
389.97	0.113
390.18	0.113
390.39	0.113
390.60	0.112
390.81	0.112
391.02	0.112
391.23	0.111
391.43	0.111
391.64	0.111
391.85	0.110
392.06	0.109
392.27	0.109
392.48	0.108
392.69	0.107
392.90	0.107
393.11	0.105
393.31	0.105
393.52	0.104
393.73	0.103
393.94	0.103
394.15	0.103
394.36	0.103
394.57	0.103
394.78	0.102
394.98	0.102
395.19	0.102
395.40	0.101
395.61	0.101
395.82	0.100
396.03	0.100
396.24	0.100
396.44	0.099
396.65	0.099
396.86	0.098
397.07	0.097
397.28	0.096
397.49	0.096
397.70	0.095
397.90	0.095
398.11	0.094
398.32	0.093
398.53	0.093
398.74	0.092
398.95	0.092
399.16	0.092
399.36	0.092
399.57	0.092
399.78	0.092
399.99	0.092
400.20	0.092
400.41	0.091
400.61	0.091
400.82	0.091
401.03	0.091
401.24	0.090
401.45	0.089
401.66	0.089
401.86	0.089
402.07	0.089
402.28	0.088
402.49	0.088
402.70	0.087
402.91	0.087
403.11	0.087
403.32	0.087
403.53	0.086
403.74	0.086
403.95	0.085
404.15	0.085
404.36	0.084
404.57	0.083
404.78	0.083
404.99	0.082
405.20	0.082
405.40	0.082
405.61	0.082
405.82	0.081
406.03	0.082
406.24	0.082
406.44	0.082
406.65	0.082
406.86	0.081
407.07	0.081
407.28	0.080
407.48	0.080
407.69	0.080
407.90	0.080
408.11	0.079
408.32	0.078
408.52	0.078
408.73	0.078
408.94	0.078
409.15	0.078
409.35	0.077
409.56	0.076
409.77	0.076
409.98	0.076
410.19	0.076
410.39	0.075
410.60	0.075
410.81	0.075
411.02	0.074
411.22	0.074
411.43	0.073
411.64	0.073
411.85	0.073
412.05	0.073
412.26	0.073
412.47	0.072
412.68	0.071
412.89	0.071
413.09	0.071
413.30	0.071
413.51	0.071
413.72	0.071
413.92	0.070
414.13	0.070
414.34	0.070
414.55	0.071
414.75	0.071
414.96	0.070
415.17	0.070
415.38	0.069
415.58	0.068
415.79	0.068
416.00	0.068
416.21	0.068
416.41	0.067
416.62	0.067
416.83	0.068
417.03	0.067
417.24	0.067
417.45	0.068
417.66	0.067
417.86	0.067
418.07	0.067
418.28	0.066
418.49	0.066
418.69	0.066
418.90	0.066
419.11	0.065
419.31	0.064
419.52	0.064
419.73	0.064
419.94	0.064
420.14	0.064
420.35	0.063
420.56	0.063
420.76	0.062
420.97	0.062
421.18	0.062
421.39	0.061
421.59	0.061
421.80	0.061
422.01	0.060
422.21	0.060
422.42	0.059
422.63	0.059
422.84	0.059
423.04	0.058
423.25	0.058
423.46	0.058
423.66	0.058
423.87	0.059
424.08	0.059
424.28	0.059
424.49	0.059
424.70	0.058
424.90	0.058
425.11	0.058
425.32	0.058
425.52	0.057
425.73	0.056
425.94	0.055
426.15	0.056
426.35	0.056
426.56	0.056
426.77	0.056
426.97	0.056
427.18	0.057
427.39	0.057
427.59	0.057
427.80	0.057
428.01	0.057
428.21	0.057
428.42	0.057
428.63	0.057
428.83	0.056
429.04	0.056
429.25	0.056
429.45	0.055
429.66	0.055
429.87	0.055
430.07	0.054
430.28	0.054
430.48	0.053
430.69	0.053
430.90	0.053
431.10	0.052
431.31	0.052
431.52	0.051
431.72	0.051
431.93	0.051
432.14	0.051
432.34	0.052
432.55	0.052
432.76	0.052
432.96	0.052
433.17	0.052
433.37	0.053
433.58	0.053
433.79	0.052
433.99	0.052
434.20	0.052
434.41	0.052
434.61	0.051
434.82	0.051
435.02	0.050
435.23	0.049
435.44	0.049
435.64	0.049
435.85	0.048
436.06	0.048
436.26	0.048
436.47	0.048
436.67	0.048
436.88	0.048
437.09	0.048
437.29	0.048
437.50	0.048
437.70	0.048
437.91	0.047
438.12	0.047
438.32	0.047
438.53	0.047
438.73	0.047
438.94	0.047
439.15	0.047
439.35	0.047
439.56	0.047
439.76	0.047
439.97	0.047
440.18	0.047
440.38	0.047
440.59	0.046
440.79	0.046
441.00	0.046
441.20	0.046
441.41	0.046
441.62	0.046
441.82	0.046
442.03	0.045
442.23	0.045
442.44	0.045
442.65	0.045
442.85	0.044
443.06	0.045
443.26	0.044
443.47	0.044
443.67	0.044
443.88	0.044
444.09	0.044
444.29	0.043
444.50	0.043
444.70	0.043
444.91	0.042
445.11	0.042
445.32	0.042
445.52	0.041
445.73	0.041
445.94	0.042
446.14	0.042
446.35	0.041
446.55	0.041
446.76	0.041
446.96	0.040
447.17	0.040
447.37	0.041
447.58	0.041
447.78	0.041
447.99	0.040
448.20	0.041
448.40	0.042
448.61	0.041
448.81	0.041
449.02	0.041
449.22	0.041
449.43	0.040
449.63	0.041
449.84	0.041
450.04	0.042
450.25	0.041
450.45	0.041
450.66	0.040
450.86	0.039
451.07	0.039
451.27	0.039
451.48	0.039
451.68	0.038
451.89	0.037
452.09	0.038
452.30	0.037
452.50	0.038
452.71	0.038
452.91	0.037
453.12	0.037
453.33	0.038
453.53	0.038
453.74	0.038
453.94	0.038
454.15	0.038
454.35	0.038
454.56	0.038
454.76	0.039
454.96	0.039
455.17	0.038
455.37	0.038
455.58	0.038
455.78	0.038
455.99	0.038
456.19	0.038
456.40	0.038
456.60	0.038
456.81	0.038
457.01	0.038
457.22	0.038
457.42	0.037
457.63	0.037
457.83	0.037
458.04	0.037
458.24	0.037
458.45	0.036
458.65	0.036
458.86	0.036
459.06	0.036
459.27	0.036
459.47	0.036
459.67	0.036
459.88	0.035
460.08	0.035
460.29	0.035
460.49	0.035
460.70	0.035
460.90	0.035
461.11	0.035
461.31	0.035
461.52	0.035
461.72	0.035
461.92	0.036
462.13	0.036
462.33	0.036
462.54	0.036
462.74	0.036
462.95	0.036
463.15	0.036
463.36	0.036
463.56	0.035
463.76	0.035
463.97	0.035
464.17	0.035
464.38	0.034
464.58	0.034
464.79	0.034
464.99	0.034
465.19	0.033
465.40	0.032
465.60	0.032
465.81	0.033
466.01	0.032
466.22	0.032
466.42	0.032
466.62	0.032
466.83	0.033
467.03	0.033
467.24	0.033
467.44	0.033
467.65	0.033
467.85	0.033
468.05	0.033
468.26	0.033
468.46	0.032
468.67	0.032
468.87	0.032
469.07	0.032
469.28	0.032
469.48	0.032
469.69	0.033
469.89	0.033
470.09	0.033
470.30	0.033
470.50	0.032
470.71	0.032
470.91	0.032
471.11	0.032
471.32	0.032
471.52	0.031
471.72	0.030
471.93	0.031
472.13	0.031
472.34	0.031
472.54	0.030
472.74	0.030
472.95	0.030
473.15	0.029
473.35	0.029
473.56	0.030
473.76	0.030
473.97	0.030
474.17	0.030
474.37	0.029
474.58	0.030
474.78	0.030
474.98	0.030
475.19	0.029
475.39	0.029
475.60	0.029
475.80	0.028
476.00	0.028
476.21	0.028
476.41	0.027
476.61	0.028
476.82	0.027
477.02	0.027
477.22	0.026
477.43	0.027
477.63	0.026
477.83	0.027
478.04	0.028
478.24	0.028
478.44	0.027
478.65	0.028
478.85	0.027
479.05	0.028
479.26	0.027
479.46	0.027
479.66	0.027
479.87	0.027
480.07	0.027
480.27	0.028
480.48	0.027
480.68	0.028
480.88	0.028
481.09	0.028
481.29	0.027
481.49	0.027
481.70	0.027
481.90	0.027
482.10	0.026
482.31	0.027
482.51	0.027
482.71	0.027
482.92	0.027
483.12	0.028
483.32	0.027
483.52	0.027
483.73	0.027
483.93	0.027
484.13	0.028
484.34	0.028
484.54	0.028
484.74	0.027
484.95	0.027
485.15	0.027
485.35	0.027
485.55	0.026
485.76	0.026
485.96	0.026
486.16	0.025
486.37	0.025
486.57	0.025
486.77	0.025
486.97	0.025
487.18	0.025
487.38	0.025
487.58	0.025
487.79	0.025
487.99	0.025
488.19	0.026
488.39	0.025
488.60	0.024
488.80	0.024
489.00	0.025
489.20	0.025
489.41	0.024
489.61	0.024
489.81	0.024
490.02	0.024
490.22	0.025
490.42	0.025
490.62	0.025
490.83	0.025
491.03	0.025
491.23	0.025
491.43	0.025
491.64	0.025
491.84	0.025
492.04	0.025
492.24	0.025
492.45	0.025
492.65	0.025
492.85	0.025
493.05	0.024
493.26	0.023
493.46	0.024
493.66	0.024
493.86	0.024
494.07	0.024
494.27	0.024
494.47	0.023
494.67	0.024
494.87	0.024
495.08	0.023
495.28	0.023
495.48	0.023
495.68	0.023
495.89	0.023
496.09	0.022
496.29	0.022
496.49	0.022
496.69	0.022
496.90	0.022
497.10	0.022
497.30	0.023
497.50	0.023
497.71	0.022
497.91	0.022
498.11	0.022
498.31	0.022
498.51	0.023
498.72	0.022
498.92	0.022
499.12	0.021
499.32	0.021
499.52	0.021
499.73	0.022
499.93	0.021
500.13	0.021
500.33	0.021
500.53	0.021
500.74	0.021
500.94	0.022
501.14	0.022
501.34	0.022
501.54	0.022
501.74	0.023
501.95	0.022
502.15	0.022
502.35	0.023
502.55	0.021
502.75	0.021
502.96	0.021
503.16	0.020
503.36	0.020
503.56	0.019
503.76	0.020
503.96	0.019
504.17	0.019
504.37	0.019
504.57	0.020
504.77	0.020
504.97	0.021
505.17	0.021
505.38	0.021
505.58	0.021
505.78	0.021
505.98	0.021
506.18	0.021
506.38	0.021
506.58	0.020
506.79	0.021
506.99	0.021
507.19	0.021
507.39	0.021
507.59	0.021
507.79	0.020
507.99	0.020
508.20	0.021
508.40	0.021
508.60	0.021
508.80	0.021
509.00	0.021
509.20	0.020
509.40	0.020
509.61	0.020
509.81	0.020
510.01	0.020
510.21	0.020
510.41	0.020
510.61	0.020
510.81	0.021
511.01	0.021
511.22	0.021
511.42	0.021
511.62	0.021
511.82	0.021
512.02	0.020
512.22	0.020
512.42	0.019
512.62	0.020
512.82	0.020
513.03	0.019
513.23	0.019
513.43	0.020
513.63	0.019
513.83	0.020
514.03	0.019
514.23	0.020
514.43	0.020
514.63	0.020
514.83	0.020
515.04	0.020
515.24	0.019
515.44	0.020
515.64	0.019
515.84	0.019
516.04	0.019
516.24	0.018
516.44	0.018
516.64	0.018
516.84	0.018
517.04	0.018
517.24	0.017
517.45	0.018
517.65	0.018
517.85	0.018
518.05	0.018
518.25	0.018
518.45	0.018
518.65	0.018
518.85	0.018
519.05	0.018
519.25	0.018
519.45	0.017
519.65	0.017
519.85	0.018
520.05	0.018
520.25	0.019
520.46	0.018
520.66	0.018
520.86	0.018
521.06	0.018
521.26	0.019
521.46	0.018
521.66	0.018
521.86	0.018
522.06	0.018
522.26	0.018
522.46	0.017
522.66	0.018
522.86	0.018
523.06	0.018
523.26	0.018
523.46	0.018
523.66	0.018
523.86	0.018
524.06	0.018
524.26	0.018
524.46	0.018
524.66	0.018
524.86	0.017
525.06	0.017
525.26	0.017
525.46	0.016
525.66	0.016
525.87	0.017
526.07	0.017
526.27	0.016
526.47	0.016
526.67	0.017
526.87	0.017
527.07	0.017
527.27	0.017
527.47	0.017
527.67	0.017
527.87	0.016
528.07	0.016
528.27	0.016
528.47	0.016
528.67	0.016
528.87	0.016
529.07	0.016
529.27	0.016
529.47	0.016
529.67	0.016
529.87	0.016
530.07	0.017
530.27	0.017
530.47	0.016
530.67	0.017
530.87	0.017
531.06	0.017
531.26	0.017
531.46	0.017
531.66	0.017
531.86	0.016
532.06	0.016
532.26	0.016
532.46	0.016
532.66	0.016
532.86	0.016
533.06	0.015
533.26	0.015
533.46	0.015
533.66	0.016
533.86	0.016
534.06	0.015
534.26	0.015
534.46	0.015
534.66	0.014
534.86	0.014
535.06	0.014
535.26	0.014
535.46	0.014
535.66	0.014
535.86	0.014
536.06	0.014
536.26	0.014
536.45	0.014
536.65	0.015
536.85	0.016
537.05	0.015
537.25	0.015
537.45	0.016
537.65	0.015
537.85	0.016
538.05	0.016
538.25	0.016
538.45	0.015
538.65	0.015
538.85	0.014
539.05	0.014
539.25	0.014
539.44	0.014
539.64	0.015
539.84	0.015
540.04	0.014
540.24	0.014
540.44	0.014
540.64	0.015
540.84	0.015
541.04	0.015
541.24	0.015
541.44	0.014
541.64	0.013
541.83	0.014
542.03	0.013
542.23	0.013
542.43	0.013
542.63	0.013
542.83	0.013
543.03	0.013
543.23	0.014
543.43	0.014
543.63	0.014
543.82	0.014
544.02	0.014
544.22	0.015
544.42	0.014
544.62	0.014
544.82	0.014
545.02	0.014
545.22	0.014
545.42	0.014
545.61	0.014
545.81	0.014
546.01	0.013
546.21	0.014
546.41	0.014
546.61	0.014
546.81	0.014
547.01	0.013
547.20	0.013
547.40	0.013
547.60	0.013
547.80	0.013
548.00	0.013
548.20	0.014
548.40	0.013
548.59	0.013
548.79	0.014
548.99	0.014
549.19	0.014
549.39	0.014
549.59	0.014
549.79	0.014
549.98	0.013
550.18	0.013
550.38	0.014
550.58	0.013
550.78	0.013
550.98	0.013
551.17	0.013
551.37	0.014
551.57	0.013
551.77	0.014
551.97	0.014
552.17	0.014
552.36	0.014
552.56	0.014
552.76	0.014
552.96	0.014
553.16	0.013
553.36	0.014
553.55	0.014
553.75	0.014
553.95	0.014
554.15	0.013
554.35	0.013
554.55	0.013
554.74	0.013
554.94	0.013
555.14	0.012
555.34	0.013
555.54	0.012
555.73	0.012
555.93	0.012
556.13	0.013
556.33	0.013
556.53	0.013
556.72	0.013
556.92	0.013
557.12	0.013
557.32	0.013
557.52	0.013
557.71	0.012
557.91	0.012
558.11	0.012
558.31	0.013
558.51	0.012
558.70	0.013
558.90	0.013
559.10	0.013
559.30	0.014
559.49	0.013
559.69	0.013
559.89	0.014
560.09	0.014
560.29	0.013
560.48	0.013
560.68	0.013
560.88	0.013
561.08	0.012
561.27	0.013
561.47	0.013
561.67	0.012
561.87	0.012
562.06	0.012
562.26	0.012
562.46	0.012
562.66	0.012
562.86	0.012
563.05	0.012
563.25	0.011
563.45	0.012
563.65	0.012
563.84	0.011
564.04	0.011
564.24	0.012
564.44	0.012
564.63	0.011
564.83	0.011
565.03	0.011
565.22	0.010
565.42	0.010
565.62	0.010
565.82	0.010
566.01	0.010
566.21	0.010
566.41	0.010
566.61	0.010
566.80	0.011
567.00	0.011
567.20	0.011
567.40	0.011
567.59	0.011
567.79	0.012
567.99	0.011
568.18	0.012
568.38	0.012
568.58	0.012
568.78	0.012
568.97	0.011
569.17	0.012
569.37	0.012
569.56	0.012
569.76	0.012
569.96	0.012
570.16	0.012
570.35	0.012
570.55	0.011
570.75	0.011
570.94	0.011
571.14	0.011
571.34	0.011
571.53	0.011
571.73	0.011
571.93	0.011
572.12	0.011
572.32	0.012
572.52	0.012
572.72	0.012
572.91	0.012
573.11	0.012
573.31	0.012
573.50	0.012
573.70	0.011
573.90	0.011
574.09	0.010
574.29	0.010
574.49	0.010
574.68	0.010
574.88	0.010
575.08	0.010
575.27	0.010
575.47	0.010
575.67	0.011
575.86	0.012
576.06	0.011
576.26	0.012
576.45	0.012
576.65	0.012
576.85	0.011
577.04	0.011
577.24	0.011
577.44	0.010
577.63	0.010
577.83	0.011
578.02	0.010
578.22	0.010
578.42	0.010
578.61	0.010
578.81	0.010
579.01	0.010
579.20	0.011
579.40	0.012
579.60	0.012
579.79	0.012
579.99	0.012
580.19	0.011
580.38	0.011
580.58	0.011
580.77	0.011
580.97	0.011
581.17	0.010
581.36	0.010
581.56	0.009
581.75	0.009
581.95	0.009
582.15	0.009
582.34	0.009
582.54	0.009
582.74	0.009
582.93	0.009
583.13	0.009
583.32	0.009
583.52	0.009
583.72	0.009
583.91	0.010
584.11	0.010
584.30	0.010
584.50	0.010
584.70	0.010
584.89	0.009
585.09	0.009
585.28	0.010
585.48	0.010
585.68	0.010
585.87	0.010
586.07	0.010
586.26	0.010
586.46	0.010
586.66	0.011
586.85	0.011
587.05	0.011
587.24	0.010
587.44	0.010
587.63	0.011
587.83	0.010
588.03	0.011
588.22	0.010
588.42	0.011
588.61	0.010
588.81	0.011
589.00	0.011
589.20	0.011
589.40	0.010
589.59	0.010
589.79	0.010
589.98	0.010
590.18	0.010
590.37	0.010
590.57	0.010
590.76	0.010
590.96	0.010
591.16	0.010
591.35	0.011
591.55	0.011
591.74	0.011
591.94	0.011
592.13	0.011
592.33	0.011
592.52	0.011
592.72	0.011
592.91	0.010
593.11	0.010
593.30	0.010
593.50	0.009
593.70	0.009
593.89	0.009
594.09	0.008
594.28	0.009
594.48	0.009
594.67	0.009
594.87	0.009
595.06	0.009
595.26	0.009
595.45	0.009
595.65	0.009
595.84	0.009
596.04	0.009
596.23	0.009
596.43	0.010
596.62	0.009
596.82	0.010
597.01	0.010
597.21	0.010
597.40	0.009
597.60	0.009
597.79	0.010
597.99	0.010
598.18	0.009
598.38	0.009
598.57	0.009
598.77	0.009
598.96	0.009
599.16	0.009
599.35	0.009
599.55	0.009
599.74	0.008
599.94	0.008
600.13	0.008
600.33	0.008
600.52	0.009
600.72	0.008
600.91	0.008
601.11	0.008
601.30	0.009
601.50	0.009
601.69	0.009
601.89	0.009
602.08	0.009
602.27	0.009
602.47	0.009
602.66	0.009
602.86	0.009
603.05	0.009
603.25	0.009
603.44	0.009
603.64	0.008
603.83	0.008
604.03	0.008
604.22	0.008
604.41	0.008
604.61	0.008
604.80	0.008
605.00	0.008
605.19	0.008
605.39	0.009
605.58	0.008
605.78	0.008
605.97	0.009
606.16	0.009
606.36	0.009
606.55	0.009
606.75	0.008
606.94	0.008
607.14	0.008
607.33	0.008
607.52	0.008
607.72	0.008
607.91	0.008
608.11	0.008
608.30	0.008
608.50	0.008
608.69	0.008
608.88	0.008
609.08	0.009
609.27	0.008
609.47	0.008
609.66	0.008
609.85	0.008
610.05	0.009
610.24	0.009
610.44	0.008
610.63	0.008
610.83	0.008
611.02	0.009
611.21	0.009
611.41	0.008
611.60	0.008
611.80	0.008
611.99	0.008
612.18	0.008
612.38	0.008
612.57	0.008
612.76	0.008
612.96	0.008
613.15	0.009
613.35	0.009
613.54	0.009
613.73	0.009
613.93	0.009
614.12	0.009
614.32	0.009
614.51	0.009
614.70	0.008
614.90	0.007
615.09	0.007
615.28	0.006
615.48	0.007
615.67	0.007
615.86	0.008
616.06	0.008
616.25	0.007
616.45	0.008
616.64	0.008
616.83	0.009
617.03	0.009
617.22	0.008
617.41	0.008
617.61	0.008
617.80	0.008
617.99	0.008
618.19	0.008
618.38	0.008
618.57	0.007
618.77	0.007
618.96	0.007
619.15	0.007
619.35	0.006
619.54	0.006
619.73	0.006
619.93	0.006
620.12	0.006
620.31	0.007
620.51	0.007
620.70	0.006
620.89	0.006
621.09	0.006
621.28	0.006
621.47	0.007
621.67	0.006
621.86	0.006
622.05	0.006
622.25	0.007
622.44	0.007
622.63	0.008
622.83	0.008
623.02	0.008
623.21	0.008
623.41	0.008
623.60	0.008
623.79	0.008
623.98	0.008
624.18	0.007
624.37	0.008
624.56	0.008
624.76	0.008
624.95	0.008
625.14	0.008
625.33	0.008
625.53	0.008
625.72	0.008
625.91	0.008
626.11	0.008
626.30	0.008
626.49	0.008
626.68	0.008
626.88	0.008
627.07	0.008
627.26	0.007
627.46	0.007
627.65	0.007
627.84	0.007
628.03	0.007
628.23	0.008
628.42	0.007
628.61	0.007
628.80	0.007
629.00	0.007
629.19	0.007
629.38	0.007
629.58	0.007
629.77	0.007
629.96	0.007
630.15	0.007
630.35	0.007
630.54	0.007
630.73	0.007
630.92	0.007
631.12	0.007
631.31	0.007
631.50	0.007
631.69	0.007
631.89	0.006
632.08	0.006
632.27	0.006
632.46	0.006
632.65	0.006
632.85	0.006
633.04	0.006
633.23	0.006
633.42	0.006
633.62	0.007
633.81	0.007
634.00	0.007
634.19	0.007
634.39	0.007
634.58	0.007
634.77	0.007
634.96	0.007
635.15	0.007
635.35	0.007
635.54	0.007
635.73	0.007
635.92	0.008
636.11	0.007
636.31	0.007
636.50	0.007
636.69	0.007
636.88	0.007
637.07	0.007
637.27	0.007
637.46	0.006
637.65	0.006
637.84	0.006
638.03	0.006
638.23	0.006
638.42	0.006
638.61	0.006
638.80	0.006
638.99	0.006
639.19	0.006
639.38	0.006
639.57	0.006
639.76	0.006
639.95	0.007
640.14	0.006
640.34	0.007
640.53	0.007
640.72	0.007
640.91	0.008
641.10	0.007
641.30	0.007
641.49	0.007
641.68	0.007
641.87	0.007
642.06	0.006
642.25	0.006
642.44	0.006
642.64	0.006
642.83	0.006
643.02	0.006
643.21	0.006
643.40	0.006
643.59	0.006
643.79	0.006
643.98	0.006
644.17	0.006
644.36	0.006
644.55	0.006
644.74	0.006
644.93	0.006
645.13	0.007
645.32	0.006
645.51	0.006
645.70	0.006
645.89	0.006
646.08	0.006
646.27	0.006
646.46	0.006
646.66	0.006
646.85	0.006
647.04	0.006
647.23	0.006
647.42	0.006
647.61	0.006
647.80	0.006
647.99	0.006
648.19	0.006
648.38	0.006
648.57	0.006
648.76	0.006
648.95	0.006
649.14	0.006
649.33	0.006
649.52	0.006
649.71	0.006
649.91	0.006
650.10	0.007
650.29	0.007
650.48	0.006
650.67	0.006
650.86	0.007
651.05	0.007
651.24	0.007
651.43	0.007
651.62	0.007
651.81	0.006
652.01	0.006
652.20	0.006
652.39	0.006
652.58	0.006
652.77	0.006
652.96	0.006
653.15	0.005
653.34	0.005
653.53	0.005
653.72	0.005
653.91	0.005
654.10	0.006
654.29	0.006
654.48	0.006
654.68	0.006
654.87	0.006
655.06	0.006
655.25	0.006
655.44	0.006
655.63	0.006
655.82	0.005
656.01	0.005
656.20	0.005
656.39	0.005
656.58	0.005
656.77	0.006
656.96	0.006
657.15	0.006
657.34	0.006
657.53	0.006
657.72	0.006
657.91	0.006
658.10	0.006
658.29	0.005
658.48	0.006
658.68	0.005
658.87	0.005
659.06	0.006
659.25	0.006
659.44	0.006
659.63	0.006
659.82	0.005
660.01	0.006
660.20	0.006
660.39	0.006
660.58	0.005
660.77	0.005
660.96	0.005
661.15	0.005
661.34	0.005
661.53	0.005
661.72	0.005
661.91	0.005
662.10	0.004
662.29	0.004
662.48	0.005
662.67	0.005
662.86	0.004
663.05	0.005
663.24	0.005
663.43	0.005
663.62	0.005
663.81	0.006
664.00	0.006
664.19	0.005
664.38	0.006
664.57	0.006
664.76	0.005
664.95	0.005
665.14	0.005
665.33	0.005
665.52	0.004
665.71	0.005
665.90	0.005
666.09	0.005
666.28	0.005
666.46	0.005
666.65	0.005
666.84	0.005
667.03	0.005
667.22	0.005
667.41	0.005
667.60	0.005
667.79	0.005
667.98	0.006
668.17	0.006
668.36	0.006
668.55	0.006
668.74	0.006
668.93	0.007
669.12	0.007
669.31	0.007
669.50	0.007
669.69	0.007
669.88	0.006
670.07	0.006
670.26	0.006
670.44	0.006
670.63	0.005
670.82	0.005
671.01	0.005
671.20	0.005
671.39	0.005
671.58	0.005
671.77	0.005
671.96	0.005
672.15	0.005
672.34	0.005
672.53	0.005
672.72	0.005
672.91	0.005
673.09	0.005
673.28	0.005
673.47	0.005
673.66	0.005
673.85	0.005
674.04	0.005
674.23	0.005
674.42	0.005
674.61	0.004
674.80	0.005
674.98	0.005
675.17	0.004
675.36	0.004
675.55	0.004
675.74	0.004
675.93	0.004
676.12	0.004
676.31	0.004
676.50	0.004
676.69	0.005
676.87	0.005
677.06	0.005
677.25	0.005
677.44	0.005
677.63	0.005
677.82	0.005
678.01	0.005
678.20	0.005
678.38	0.005
678.57	0.005
678.76	0.006
678.95	0.006
679.14	0.006
679.33	0.006
679.52	0.006
679.71	0.006
679.89	0.006
680.08	0.006
680.27	0.005
680.46	0.005
680.65	0.005
680.84	0.005
681.02	0.005
681.21	0.005
681.40	0.004
681.59	0.004
681.78	0.004
681.97	0.004
682.16	0.004
682.34	0.004
682.53	0.004
682.72	0.004
682.91	0.004
683.10	0.004
683.29	0.005
683.47	0.005
683.66	0.006
683.85	0.005
684.04	0.006
684.23	0.006
684.42	0.006
684.60	0.006
684.79	0.006
684.98	0.005
685.17	0.005
685.36	0.005
685.54	0.005
685.73	0.005
685.92	0.005
686.11	0.005
686.30	0.005
686.49	0.005
686.67	0.004
686.86	0.004
687.05	0.004
687.24	0.004
687.43	0.004
687.61	0.003
687.80	0.003
687.99	0.003
688.18	0.003
688.36	0.003
688.55	0.004
688.74	0.004
688.93	0.004
689.12	0.005
689.30	0.005
689.49	0.005
689.68	0.005
689.87	0.005
690.06	0.005
690.24	0.005
690.43	0.005
690.62	0.005
690.81	0.005
690.99	0.005
691.18	0.005
691.37	0.005
691.56	0.004
691.74	0.005
691.93	0.005
692.12	0.005
692.31	0.005
692.50	0.005
692.68	0.005
692.87	0.005
693.06	0.005
693.25	0.005
693.43	0.004
693.62	0.004
693.81	0.004
694.00	0.004
694.18	0.004
694.37	0.004
694.56	0.004
694.74	0.004
694.93	0.005
695.12	0.005
695.31	0.005
695.49	0.005
695.68	0.005
695.87	0.005
696.06	0.004
696.24	0.004
696.43	0.004
696.62	0.004
696.80	0.004
696.99	0.004
697.18	0.004
697.37	0.004
697.55	0.005
697.74	0.005
697.93	0.005
698.12	0.004
698.30	0.005
698.49	0.005
698.68	0.005
698.86	0.005
699.05	0.005
699.24	0.004
699.42	0.004
699.61	0.004
699.80	0.003
699.99	0.003
700.17	0.003
700.36	0.003
700.55	0.003
700.73	0.004
700.92	0.004
701.11	0.004
701.29	0.004
701.48	0.005
701.67	0.005
701.85	0.004
702.04	0.004
702.23	0.004
702.41	0.004
702.60	0.004
702.79	0.004
702.97	0.003
703.16	0.004
703.35	0.004
703.53	0.004
703.72	0.004
703.91	0.004
704.09	0.003
704.28	0.004
704.47	0.003
704.65	0.004
704.84	0.003
705.03	0.003
705.21	0.004
705.40	0.004
705.59	0.004
705.77	0.004
705.96	0.004
706.15	0.004
706.33	0.004
706.52	0.004
706.71	0.004
706.89	0.003
707.08	0.003
707.26	0.003
707.45	0.003
707.64	0.004
707.82	0.003
708.01	0.003
708.20	0.003
708.38	0.003
708.57	0.004
708.75	0.004
708.94	0.004
709.13	0.004
709.31	0.004
709.50	0.005
709.69	0.005
709.87	0.005
710.06	0.005
710.24	0.005
710.43	0.005
710.62	0.004
710.80	0.004
710.99	0.004
711.17	0.004
711.36	0.003
711.55	0.004
711.73	0.003
711.92	0.003
712.10	0.003
712.29	0.003
712.48	0.003
712.66	0.003
712.85	0.003
713.03	0.003
713.22	0.003
713.40	0.003
713.59	0.003
713.78	0.003
713.96	0.003
714.15	0.003
714.33	0.004
714.52	0.004
714.71	0.004
714.89	0.004
715.08	0.004
715.26	0.005
715.45	0.005
715.63	0.005
715.82	0.005
716.00	0.004
716.19	0.004
716.38	0.004
716.56	0.004
716.75	0.004
716.93	0.004
717.12	0.004
717.30	0.004
717.49	0.004
717.67	0.004
717.86	0.004
718.05	0.005
718.23	0.004
718.42	0.004
718.60	0.004
718.79	0.004
718.97	0.004
719.16	0.004
719.34	0.004
719.53	0.004
719.71	0.004
719.90	0.005
720.08	0.004
720.27	0.005
720.45	0.005
720.64	0.005
720.83	0.005
721.01	0.004
721.20	0.004
721.38	0.004
721.57	0.004
721.75	0.004
721.94	0.004
722.12	0.004
722.31	0.004
722.49	0.004
722.68	0.004
722.86	0.005
723.05	0.004
723.23	0.004
723.42	0.004
723.60	0.004
723.79	0.004
723.97	0.003
724.16	0.003
724.34	0.003
724.53	0.003
724.71	0.003
724.90	0.003
725.08	0.003
725.27	0.003
725.45	0.003
725.64	0.003
725.82	0.004
726.00	0.003
726.19	0.003
726.37	0.003
726.56	0.004
726.74	0.004
726.93	0.004
727.11	0.003
727.30	0.004
727.48	0.004
727.67	0.005
727.85	0.005
728.04	0.005
728.22	0.004
728.40	0.004
728.59	0.004
728.77	0.005
728.96	0.005
729.14	0.004
729.33	0.004
729.51	0.004
729.70	0.004
729.88	0.004
730.07	0.003
730.25	0.003
730.43	0.003
730.62	0.003
730.80	0.003
730.99	0.003
731.17	0.004
731.36	0.004
731.54	0.004
731.72	0.004
731.91	0.004
732.09	0.004
732.28	0.004
732.46	0.004
732.65	0.004
732.83	0.003
733.01	0.003
733.20	0.003
733.38	0.003
733.57	0.003
733.75	0.003
733.93	0.003
734.12	0.003
734.30	0.004
734.49	0.004
734.67	0.004
734.85	0.004
735.04	0.004
735.22	0.004
735.41	0.004
735.59	0.004
735.77	0.004
735.96	0.004
736.14	0.004
736.33	0.004
736.51	0.004
736.69	0.004
736.88	0.004
737.06	0.004
737.25	0.004
737.43	0.004
737.61	0.004
737.80	0.004
737.98	0.003
738.16	0.003
738.35	0.003
738.53	0.003
738.71	0.003
738.90	0.003
739.08	0.003
739.27	0.003
739.45	0.004
739.63	0.004
739.82	0.004
740.00	0.004
740.18	0.004
740.37	0.004
740.55	0.004
740.73	0.005
740.92	0.004
741.10	0.004
741.28	0.005
741.47	0.005
741.65	0.005
741.83	0.004
742.02	0.004
742.20	0.004
742.38	0.004
742.57	0.004
742.75	0.004
742.93	0.003
743.12	0.003
743.30	0.003
743.48	0.003
743.67	0.003
743.85	0.003
744.03	0.003
744.22	0.003
744.40	0.003
744.58	0.004
744.77	0.003
744.95	0.003
745.13	0.004
745.32	0.004
745.50	0.004
745.68	0.004
745.87	0.004
746.05	0.003
746.23	0.003
746.41	0.003
746.60	0.004
746.78	0.004
746.96	0.003
747.15	0.003
747.33	0.003
747.51	0.003
747.70	0.003
747.88	0.003
748.06	0.003
748.24	0.003
748.43	0.003
748.61	0.003
748.79	0.003
748.97	0.003
749.16	0.003
749.34	0.003
749.52	0.003
749.71	0.004
749.89	0.003
750.07	0.003
750.25	0.004
750.44	0.004
750.62	0.004
750.80	0.004
750.98	0.004
751.17	0.004
751.35	0.004
751.53	0.005
751.71	0.004
751.90	0.004
752.08	0.004
752.26	0.003
752.44	0.003
752.63	0.003
752.81	0.003
752.99	0.002
753.17	0.002
753.36	0.003
753.54	0.002
753.72	0.002
753.90	0.002
754.09	0.002
754.27	0.002
754.45	0.002
754.63	0.002
754.82	0.002
755.00	0.001
755.18	0.001
755.36	0.002
755.54	0.002
755.73	0.002
755.91	0.002
756.09	0.002
756.27	0.002
756.45	0.003
756.64	0.003
756.82	0.003
757.00	0.003
757.18	0.003
757.37	0.004
757.55	0.003
757.73	0.003
757.91	0.003
758.09	0.003
758.27	0.002
758.46	0.002
758.64	0.002
758.82	0.002
759.00	0.002
759.18	0.002
759.37	0.002
759.55	0.002
759.73	0.003
759.91	0.003
760.09	0.003
760.28	0.004
760.46	0.004
760.64	0.004
760.82	0.004
761.00	0.004
761.18	0.004
761.37	0.003
761.55	0.003
761.73	0.003
761.91	0.003
762.09	0.003
762.27	0.003
762.46	0.003
762.64	0.003
762.82	0.003
763.00	0.003
763.18	0.003
763.36	0.003
763.54	0.003
763.73	0.004
763.91	0.004
764.09	0.004
764.27	0.004
764.45	0.004
764.63	0.004
764.81	0.004
765.00	0.003
765.18	0.003
765.36	0.003
765.54	0.002
765.72	0.002
765.90	0.002
766.08	0.002
766.27	0.002
766.45	0.002
766.63	0.003
766.81	0.003
766.99	0.002
767.17	0.003
767.35	0.003
767.53	0.003
767.71	0.003
767.90	0.003
768.08	0.003
768.26	0.002
768.44	0.002
768.62	0.003
768.80	0.002
768.98	0.002
769.16	0.003
769.34	0.003
769.52	0.002
769.71	0.003
769.89	0.003
770.07	0.003
770.25	0.003
770.43	0.003
770.61	0.003
770.79	0.003
770.97	0.003
771.15	0.003
771.33	0.002
771.51	0.002
771.69	0.003
771.88	0.003
772.06	0.003
772.24	0.003
772.42	0.003
772.60	0.003
772.78	0.003
772.96	0.003
773.14	0.003
773.32	0.002
773.50	0.002
773.68	0.002
773.86	0.003
774.04	0.003
774.22	0.003
774.40	0.003
774.58	0.003
774.77	0.003
774.95	0.003
775.13	0.003
775.31	0.003
775.49	0.003
775.67	0.003
775.85	0.003
776.03	0.002
776.21	0.002
776.39	0.002
776.57	0.002
776.75	0.001
776.93	0.001
777.11	0.002
777.29	0.002
777.47	0.002
777.65	0.002
777.83	0.002
778.01	0.002
778.19	0.002
778.37	0.002
778.55	0.002
778.73	0.002
778.91	0.002
779.09	0.003
779.27	0.002
779.45	0.002
779.63	0.002
779.81	0.002
779.99	0.002
780.17	0.002
780.35	0.002
780.53	0.002
780.71	0.002
780.89	0.002
781.07	0.002
781.25	0.003
781.43	0.003
781.61	0.003
781.79	0.003
781.97	0.003
782.15	0.003
782.33	0.003
782.51	0.003
782.69	0.002
782.87	0.002
783.05	0.002
783.23	0.002
783.41	0.002
783.59	0.002
783.77	0.002
783.95	0.002
784.13	0.002
784.31	0.002
784.49	0.002
784.67	0.002
784.85	0.002
785.03	0.002
785.21	0.003
785.38	0.003
785.56	0.003
785.74	0.003
785.92	0.003
786.10	0.003
786.28	0.003
786.46	0.002
786.64	0.002
786.82	0.002
787.00	0.002
787.18	0.002
787.36	0.002
787.54	0.002
787.72	0.002
787.90	0.002
788.08	0.002
788.25	0.002
788.43	0.002
788.61	0.002
788.79	0.003
788.97	0.003
789.15	0.003
789.33	0.003
789.51	0.003
789.69	0.003
789.87	0.003
790.05	0.003
790.23	0.003
790.40	0.003
790.58	0.002
790.76	0.002
790.94	0.002
791.12	0.002
791.30	0.002
791.48	0.002
791.66	0.002
791.84	0.002
792.02	0.002
792.19	0.002
792.37	0.002
792.55	0.002
792.73	0.002
792.91	0.001
793.09	0.002
793.27	0.001
793.45	0.001
793.63	0.002
793.80	0.002
793.98	0.002
794.16	0.002
794.34	0.002
794.52	0.002
794.70	0.002
794.88	0.002
795.05	0.002
795.23	0.002
795.41	0.002
795.59	0.002
795.77	0.001
795.95	0.002
796.13	0.001
796.30	0.002
796.48	0.002
796.66	0.002
796.84	0.002
797.02	0.002
797.20	0.002
797.38	0.002
797.55	0.002
797.73	0.002
797.91	0.002
798.09	0.002
798.27	0.002
798.45	0.002
798.62	0.002
798.80	0.003
798.98	0.003
799.16	0.003
799.34	0.002
799.52	0.002
799.69	0.003
799.87	0.003
800.05	0.003
800.23	0.003
800.41	0.002
800.58	0.003
800.76	0.003
800.94	0.003
801.12	0.003
801.30	0.002
801.47	0.002
801.65	0.002
801.83	0.001
802.01	0.002
802.19	0.001
802.36	0.001
802.54	0.002
802.72	0.002
802.90	0.002
803.08	0.002
803.25	0.002
803.43	0.003
803.61	0.003
803.79	0.003
803.97	0.003
804.14	0.003
804.32	0.002
804.50	0.002
804.68	0.002
804.85	0.002
805.03	0.002
805.21	0.002
805.39	0.002
805.56	0.001
805.74	0.001
805.92	0.001
806.10	0.001
806.28	0.002
806.45	0.002
806.63	0.002
806.81	0.002
806.99	0.002
807.16	0.002
807.34	0.002
807.52	0.002
807.70	0.002
807.87	0.002
808.05	0.002
808.23	0.002
808.41	0.002
808.58	0.002
808.76	0.002
808.94	0.002
809.11	0.002
809.29	0.002
809.47	0.003
809.65	0.003
809.82	0.002
810.00	0.002
810.18	0.002
810.36	0.002
810.53	0.002
810.71	0.002
810.89	0.002
811.06	0.001
811.24	0.001
811.42	0.002
811.60	0.002
811.77	0.002
811.95	0.002
812.13	0.002
812.30	0.002
812.48	0.002
812.66	0.002
812.83	0.002
813.01	0.002
813.19	0.002
813.37	0.002
813.54	0.002
813.72	0.001
813.90	0.001
814.07	0.002
814.25	0.002
814.43	0.002
814.60	0.001
814.78	0.001
814.96	0.001
815.13	0.002
815.31	0.002
815.49	0.002
815.66	0.002
815.84	0.002
816.02	0.001
816.19	0.001
816.37	0.001
816.55	0.002
816.72	0.002
816.90	0.002
817.08	0.002
817.25	0.002
817.43	0.001
817.61	0.002
817.78	0.002
817.96	0.002
818.14	0.002
818.31	0.002
818.49	0.002
818.67	0.002
818.84	0.002
819.02	0.002
819.19	0.001
819.37	0.001
819.55	0.001
819.72	0.001
819.90	0.000
820.08	0.000
820.25	0.000
820.43	0.000
820.60	0.001
820.78	0.001
820.96	0.001
821.13	0.001
821.31	0.001
821.49	0.001
821.66	0.001
821.84	0.002
822.01	0.002
822.19	0.001
822.37	0.002
822.54	0.002
822.72	0.002
822.89	0.002
823.07	0.002
823.25	0.002
823.42	0.001
823.60	0.001
823.77	0.001
823.95	0.001
824.13	0.001
824.30	0.001
824.48	0.001
824.65	0.001
824.83	0.001
825.01	0.001
825.18	0.002
825.36	0.002
825.53	0.003
825.71	0.003
825.88	0.003
826.06	0.004
826.24	0.003
826.41	0.003
826.59	0.003
826.76	0.003
826.94	0.003
827.11	0.002
827.29	0.002
827.47	0.001
827.64	0.001
827.82	0.002
827.99	0.001
828.17	0.002
828.34	0.002
828.52	0.002
828.69	0.003
828.87	0.002
829.04	0.002
829.22	0.002
829.40	0.002
829.57	0.003
829.75	0.002
829.92	0.002
830.10	0.002
830.27	0.001
830.45	0.001
830.62	0.002
830.80	0.001
830.97	0.001
831.15	0.001
831.32	0.001
831.50	0.001
831.67	0.001
831.85	0.002
832.02	0.002
832.20	0.001
832.37	0.002
832.55	0.002
832.73	0.002
832.90	0.002
833.08	0.001
833.25	0.002
833.43	0.001
833.60	0.000
833.78	0.001
833.95	0.001
834.13	0.001
834.30	0.001
834.48	0.002
834.65	0.002
834.82	0.002
835.00	0.003
835.17	0.003
835.35	0.002
835.52	0.002
835.70	0.002
835.87	0.002
836.05	0.002
836.22	0.002
836.40	0.001
836.57	0.001
836.75	0.001
836.92	0.001
837.10	0.002
837.27	0.002
837.45	0.001
837.62	0.001
837.80	0.001
837.97	0.001
838.14	0.002
838.32	0.001
838.49	0.001
838.67	0.001
838.84	0.001
839.02	0.001
839.19	0.002
839.37	0.001
839.54	0.001
839.71	0.001
839.89	0.001
840.06	0.001
840.24	0.002
840.41	0.002
840.59	0.001
840.76	0.001
840.94	0.001
841.11	0.001
841.28	0.001
841.46	0.001
841.63	0.000
841.81	0.000
841.98	0.001
842.15	0.001
842.33	0.001
842.50	0.001
842.68	0.001
842.85	0.002
843.03	0.001
843.20	0.001
843.37	0.001
843.55	0.001
843.72	0.001
843.90	0.002
844.07	0.001
844.24	0.001
844.42	0.001
844.59	0.001
844.77	0.002
844.94	0.002
845.11	0.002
845.29	0.002
845.46	0.002
845.63	0.002
845.81	0.002
845.98	0.002
846.16	0.002
846.33	0.002
846.50	0.002
846.68	0.002
846.85	0.002
847.02	0.001
847.20	0.001
847.37	0.001
847.55	0.001
847.72	0.001
847.89	0.001
848.07	0.001
848.24	0.001
848.41	0.001
848.59	0.002
848.76	0.001
848.93	0.001
849.11	0.002
849.28	0.001
849.45	0.001
849.63	0.001
849.80	0.002
849.97	0.002
850.15	0.002
850.32	0.002
850.49	0.002
850.67	0.002
850.84	0.002
851.01	0.001
851.19	0.002
851.36	0.001
851.53	0.001
851.71	0.000
851.88	-0.000
852.05	0.000
852.23	0.000
852.40	0.001
852.57	0.002
852.75	0.001
852.92	0.001
853.09	0.001
853.27	0.001
853.44	0.001
853.61	0.001
853.79	0.001
853.96	0.001
854.13	0.000
854.30	0.001
854.48	0.001
854.65	0.001
854.82	0.001
855.00	0.001
855.17	0.001
855.34	0.001
855.51	0.001
855.69	0.001
855.86	0.001
856.03	0.001
856.21	0.002
856.38	0.002
856.55	0.002
856.72	0.002
856.90	0.002
857.07	0.002
857.24	0.002
857.42	0.002
857.59	0.002
857.76	0.001
857.93	0.001
858.11	0.001
858.28	0.001
858.45	0.001
858.62	0.001
858.80	0.001
858.97	0.001
859.14	0.001
859.31	0.001
859.49	0.001
859.66	0.001
859.83	0.001
860.00	0.000
860.18	0.000
860.35	0.000
860.52	0.000
860.69	-0.000
860.86	-0.000
861.04	-0.001
861.21	-0.000
861.38	0.000
861.55	0.000
861.73	-0.000
861.90	0.000
862.07	0.000
862.24	0.001
862.42	0.001
862.59	0.001
862.76	0.001
862.93	0.000
863.10	0.000
863.28	0.001
863.45	0.001
863.62	0.001
863.79	0.000
863.96	0.001
864.14	0.002
864.31	0.002
864.48	0.002
864.65	0.003
864.82	0.002
865.00	0.003
865.17	0.003
865.34	0.002
865.51	0.001
865.68	0.000
865.86	-0.000
866.03	-0.000
866.20	-0.000
866.37	-0.000
866.54	0.000
866.71	0.000
866.89	0.000
867.06	0.001
867.23	0.001
867.40	0.001
867.57	0.001
867.74	0.001
867.92	0.001
868.09	0.000
868.26	-0.000
868.43	0.001
868.60	0.001
868.77	0.002
868.95	0.002
869.12	0.002
869.29	0.003
869.46	0.003
869.63	0.003
869.80	0.003
869.97	0.003
870.15	0.002
870.32	0.002
870.49	0.002
870.66	0.002
870.83	0.001
871.00	0.001
871.17	0.001
871.34	0.002
871.52	0.001
871.69	0.002
871.86	0.001
872.03	0.001
872.20	0.001
872.37	0.001
872.54	0.001
872.71	0.000
872.89	0.000
873.06	-0.000
873.23	-0.000
873.40	0.000
873.57	-0.000
873.74	-0.000
873.91	0.000
874.08	0.000
874.25	0.001
874.42	0.001
874.60	0.000
874.77	-0.000
874.94	0.000
875.11	0.001
875.28	0.000
875.45	-0.000
875.62	-0.000
875.79	-0.001
875.96	-0.001
876.13	-0.001
876.30	0.001
876.47	0.000
876.65	0.000
876.82	0.000
876.99	0.000
877.16	0.001
877.33	0.001
877.50	0.002
877.67	0.002
877.84	0.001
878.01	0.001
878.18	0.001
878.35	0.001
878.52	0.001
878.69	0.001
878.86	0.001
879.03	0.001
879.20	0.001
879.38	0.000
879.55	0.000
879.72	0.001
879.89	0.000
880.06	0.001
880.23	0.001
880.40	0.000
880.57	0.000
880.74	0.001
880.91	0.001
881.08	0.001
881.25	0.002
881.42	0.002
881.59	0.002
881.76	0.002
881.93	0.002
882.10	0.002
882.27	0.002
882.44	0.002
882.61	0.001
882.78	0.001
882.95	0.001
883.12	0.000
883.29	0.000
883.46	0.000
883.63	0.001
883.80	0.000
883.97	0.001
884.14	0.002
884.31	0.002
884.48	0.002
884.65	0.002
884.82	0.002
884.99	0.002
885.16	0.002
885.33	0.001
885.50	0.002
885.67	0.002
885.84	0.003
886.01	0.002
886.18	0.002
886.35	0.003
886.52	0.003
886.69	0.004
886.86	0.003
887.03	0.003
887.20	0.002
887.37	0.002
887.54	0.003
887.71	0.002
887.88	0.002
888.05	0.002
888.22	0.002
888.39	0.002
888.55	0.002
888.72	0.001
888.89	-0.000
889.06	0.000
889.23	0.001
889.40	0.001
889.57	0.002
889.74	0.002
889.91	0.003
890.08	0.003
890.25	0.004
890.42	0.003
890.59	0.003
890.76	0.002
890.93	0.002
891.10	0.003
891.26	0.002
891.43	0.001
891.60	0.002
891.77	0.003
891.94	0.004
892.11	0.005
892.28	0.005
892.45	0.004
892.62	0.004
892.79	0.005
892.96	0.005
893.13	0.005
893.29	0.004
893.46	0.003
893.63	0.004
893.80	0.004
893.97	0.004
894.14	0.002
894.31	0.003
894.48	0.003
894.65	-0.002
894.81	-0.005
894.98	0.009
