177.34	-0.000
177.56	-0.000
177.78	-0.000
178.00	-0.000
178.22	-0.000
178.44	-0.000
178.66	-0.000
178.89	-0.801
179.11	-0.974
179.33	-0.974
179.55	-1.275
179.77	-0.448
179.99	-0.378
180.21	-0.640
180.43	-0.118
180.65	0.160
180.87	0.231
181.09	0.266
181.31	0.266
181.53	0.317
181.75	0.342
181.97	0.364
182.19	0.403
182.41	0.377
182.63	0.370
182.85	0.384
183.07	0.371
183.30	0.374
183.52	0.360
183.74	0.385
183.96	0.416
184.18	0.397
184.40	0.453
184.62	0.459
184.84	0.441
185.06	0.475
185.28	0.498
185.50	0.526
185.72	0.528
185.94	0.553
186.16	0.576
186.38	0.592
186.60	0.606
186.82	0.675
187.04	0.706
187.26	0.713
187.48	0.740
187.70	0.751
187.92	0.838
188.14	0.897
188.36	0.915
188.58	0.967
188.80	0.992
189.02	1.029
189.24	1.064
189.46	1.091
189.68	1.111
189.90	1.071
190.12	1.068
190.34	1.113
190.56	1.120
190.78	1.099
191.00	1.102
191.22	1.151
191.44	1.161
191.66	1.191
191.88	1.180
192.10	1.198
192.32	1.211
192.54	1.225
192.76	1.297
192.98	1.310
193.20	1.315
193.42	1.335
193.64	1.355
193.86	1.392
194.08	1.379
194.30	1.361
194.52	1.402
194.74	1.374
194.96	1.393
195.18	1.416
195.40	1.388
195.62	1.412
195.84	1.399
196.06	1.424
196.28	1.454
196.50	1.429
196.72	1.427
196.94	1.459
197.16	1.454
197.38	1.504
197.60	1.480
197.82	1.535
198.04	1.521
198.26	1.549
198.48	1.570
198.70	1.626
198.92	1.603
199.13	1.634
199.35	1.609
199.57	1.587
199.79	1.589
200.01	1.621
200.23	1.607
200.45	1.607
200.67	1.570
200.89	1.559
201.11	1.560
201.33	1.593
201.55	1.663
201.77	1.661
201.99	1.687
202.21	1.703
202.43	1.772
202.65	1.841
202.87	1.885
203.09	1.816
203.31	1.806
203.52	1.777
203.74	1.768
203.96	1.765
204.18	1.759
204.40	1.757
204.62	1.711
204.84	1.724
205.06	1.771
205.28	1.778
205.50	1.758
205.72	1.774
205.94	1.792
206.16	1.820
206.38	1.805
206.59	1.832
206.81	1.827
207.03	1.834
207.25	1.875
207.47	1.906
207.69	1.956
207.91	1.941
208.13	1.947
208.35	1.940
208.57	1.987
208.79	2.039
209.01	2.061
209.22	2.026
209.44	2.092
209.66	2.052
209.88	2.047
210.10	2.089
210.32	2.092
210.54	2.123
210.76	2.109
210.98	2.087
211.20	2.053
211.42	2.057
211.63	2.080
211.85	2.084
212.07	2.049
212.29	2.089
212.51	2.050
212.73	2.033
212.95	2.056
213.17	2.089
213.39	2.062
213.60	2.056
213.82	2.103
214.04	2.108
214.26	2.106
214.48	2.125
214.70	2.127
214.92	2.124
215.14	2.148
215.35	2.172
215.57	2.159
215.79	2.139
216.01	2.137
216.23	2.121
216.45	2.091
216.67	2.096
216.89	2.132
217.10	2.165
217.32	2.156
217.54	2.201
217.76	2.202
217.98	2.196
218.20	2.189
218.42	2.191
218.64	2.196
218.85	2.201
219.07	2.164
219.29	2.178
219.51	2.186
219.73	2.191
219.95	2.219
220.17	2.234
220.38	2.244
220.60	2.242
220.82	2.211
221.04	2.228
221.26	2.216
221.48	2.192
221.69	2.185
221.91	2.193
222.13	2.185
222.35	2.197
222.57	2.212
222.79	2.193
223.00	2.183
223.22	2.201
223.44	2.204
223.66	2.243
223.88	2.239
224.10	2.294
224.32	2.304
224.53	2.287
224.75	2.329
224.97	2.386
225.19	2.381
225.41	2.379
225.62	2.382
225.84	2.369
226.06	2.353
226.28	2.335
226.50	2.361
226.72	2.335
226.93	2.315
227.15	2.307
227.37	2.301
227.59	2.268
227.81	2.273
228.02	2.273
228.24	2.266
228.46	2.266
228.68	2.260
228.90	2.249
229.12	2.233
229.33	2.221
229.55	2.223
229.77	2.199
229.99	2.185
230.21	2.196
230.42	2.181
230.64	2.165
230.86	2.136
231.08	2.140
231.30	2.124
231.51	2.094
231.73	2.090
231.95	2.072
232.17	2.046
232.38	2.035
232.60	2.019
232.82	2.011
233.04	1.990
233.26	1.985
233.47	1.980
233.69	1.969
233.91	1.949
234.13	1.936
234.35	1.922
234.56	1.912
234.78	1.895
235.00	1.873
235.22	1.854
235.43	1.842
235.65	1.823
235.87	1.810
236.09	1.798
236.30	1.779
236.52	1.768
236.74	1.758
236.96	1.745
237.18	1.730
237.39	1.716
237.61	1.700
237.83	1.687
238.05	1.668
238.26	1.655
238.48	1.640
238.70	1.624
238.92	1.616
239.13	1.606
239.35	1.591
239.57	1.581
239.79	1.573
240.00	1.566
240.22	1.559
240.44	1.549
240.66	1.543
240.87	1.534
241.09	1.523
241.31	1.515
241.53	1.506
241.74	1.498
241.96	1.487
242.18	1.478
242.40	1.470
242.61	1.460
242.83	1.451
243.05	1.444
243.27	1.438
243.48	1.434
243.70	1.425
243.92	1.419
244.13	1.414
244.35	1.410
244.57	1.407
244.79	1.402
245.00	1.397
245.22	1.393
245.44	1.386
245.65	1.382
245.87	1.377
246.09	1.373
246.31	1.366
246.52	1.358
246.74	1.354
246.96	1.349
247.18	1.344
247.39	1.341
247.61	1.338
247.83	1.335
248.04	1.332
248.26	1.332
248.48	1.330
248.69	1.327
248.91	1.327
249.13	1.322
249.35	1.319
249.56	1.318
249.78	1.317
250.00	1.314
250.21	1.309
250.43	1.307
250.65	1.305
250.86	1.303
251.08	1.303
251.30	1.300
251.51	1.296
251.73	1.294
251.95	1.291
252.17	1.289
252.38	1.289
252.60	1.289
252.82	1.286
253.03	1.283
253.25	1.283
253.47	1.283
253.68	1.280
253.90	1.280
254.12	1.281
254.33	1.278
254.55	1.276
254.77	1.276
254.98	1.277
255.20	1.273
255.42	1.273
255.63	1.270
255.85	1.269
256.07	1.266
256.28	1.265
256.50	1.264
256.72	1.263
256.93	1.259
257.15	1.259
257.37	1.258
257.58	1.257
257.80	1.256
258.02	1.256
258.23	1.255
258.45	1.255
258.67	1.252
258.88	1.252
259.10	1.251
259.32	1.251
259.53	1.250
259.75	1.247
259.96	1.247
260.18	1.244
260.40	1.242
260.61	1.241
260.83	1.241
261.05	1.240
261.26	1.238
261.48	1.238
261.70	1.238
261.91	1.237
262.13	1.237
262.34	1.235
262.56	1.234
262.78	1.233
262.99	1.231
263.21	1.230
263.43	1.230
263.64	1.227
263.86	1.223
264.07	1.223
264.29	1.221
264.51	1.220
264.72	1.218
264.94	1.218
265.16	1.217
265.37	1.215
265.59	1.216
265.80	1.215
266.02	1.214
266.24	1.213
266.45	1.211
266.67	1.209
266.88	1.207
267.10	1.207
267.32	1.205
267.53	1.204
267.75	1.203
267.96	1.203
268.18	1.203
268.40	1.202
268.61	1.202
268.83	1.200
269.04	1.198
269.26	1.197
269.48	1.194
269.69	1.192
269.91	1.190
270.12	1.188
270.34	1.187
270.56	1.184
270.77	1.183
270.99	1.180
271.20	1.176
271.42	1.176
271.64	1.174
271.85	1.172
272.07	1.169
272.28	1.165
272.50	1.162
272.71	1.159
272.93	1.156
273.15	1.155
273.36	1.152
273.58	1.148
273.79	1.145
274.01	1.143
274.22	1.140
274.44	1.138
274.66	1.134
274.87	1.131
275.09	1.127
275.30	1.125
275.52	1.123
275.73	1.119
275.95	1.115
276.16	1.112
276.38	1.109
276.60	1.108
276.81	1.106
277.03	1.104
277.24	1.099
277.46	1.095
277.67	1.091
277.89	1.088
278.10	1.085
278.32	1.082
278.53	1.077
278.75	1.073
278.97	1.068
279.18	1.064
279.40	1.059
279.61	1.056
279.83	1.052
280.04	1.048
280.26	1.044
280.47	1.039
280.69	1.035
280.90	1.032
281.12	1.028
281.33	1.023
281.55	1.019
281.76	1.014
281.98	1.010
282.20	1.006
282.41	1.003
282.63	0.998
282.84	0.994
283.06	0.988
283.27	0.985
283.49	0.979
283.70	0.975
283.92	0.970
284.13	0.963
284.35	0.957
284.56	0.952
284.78	0.946
284.99	0.941
285.21	0.935
285.42	0.928
285.64	0.922
285.85	0.917
286.07	0.911
286.28	0.905
286.50	0.898
286.71	0.892
286.93	0.885
287.14	0.880
287.36	0.874
287.57	0.867
287.79	0.861
288.00	0.855
288.22	0.850
288.43	0.844
288.65	0.838
288.86	0.832
289.08	0.826
289.29	0.821
289.51	0.815
289.72	0.810
289.94	0.805
290.15	0.798
290.37	0.792
290.58	0.787
290.80	0.782
291.01	0.777
291.22	0.772
291.44	0.766
291.65	0.760
291.87	0.755
292.08	0.749
292.30	0.744
292.51	0.740
292.73	0.735
292.94	0.730
293.16	0.725
293.37	0.719
293.59	0.716
293.80	0.710
294.02	0.706
294.23	0.701
294.44	0.696
294.66	0.692
294.87	0.688
295.09	0.684
295.30	0.680
295.52	0.675
295.73	0.671
295.95	0.665
296.16	0.662
296.37	0.658
296.59	0.654
296.80	0.649
297.02	0.644
297.23	0.640
297.45	0.635
297.66	0.630
297.88	0.627
298.09	0.622
298.30	0.618
298.52	0.614
298.73	0.610
298.95	0.607
299.16	0.604
299.38	0.601
299.59	0.598
299.80	0.595
300.02	0.590
300.23	0.587
300.45	0.583
300.66	0.579
300.88	0.575
301.09	0.571
301.30	0.567
301.52	0.564
301.73	0.560
301.95	0.558
302.16	0.555
302.37	0.552
302.59	0.549
302.80	0.546
303.02	0.543
303.23	0.540
303.45	0.537
303.66	0.533
303.87	0.531
304.09	0.528
304.30	0.524
304.52	0.521
304.73	0.518
304.94	0.515
305.16	0.513
305.37	0.511
305.59	0.508
305.80	0.505
306.01	0.502
306.23	0.500
306.44	0.496
306.65	0.494
306.87	0.492
307.08	0.489
307.30	0.487
307.51	0.484
307.72	0.482
307.94	0.480
308.15	0.479
308.37	0.477
308.58	0.474
308.79	0.471
309.01	0.469
309.22	0.466
309.43	0.464
309.65	0.461
309.86	0.459
310.07	0.456
310.29	0.453
310.50	0.450
310.72	0.447
310.93	0.445
311.14	0.442
311.36	0.439
311.57	0.437
311.78	0.433
312.00	0.431
312.21	0.429
312.42	0.427
312.64	0.425
312.85	0.423
313.07	0.421
313.28	0.420
313.49	0.417
313.71	0.416
313.92	0.414
314.13	0.412
314.35	0.410
314.56	0.408
314.77	0.406
314.99	0.403
315.20	0.401
315.41	0.399
315.63	0.398
315.84	0.395
316.05	0.393
316.27	0.391
316.48	0.389
316.69	0.387
316.91	0.386
317.12	0.384
317.33	0.381
317.55	0.379
317.76	0.377
317.97	0.374
318.19	0.373
318.40	0.371
318.61	0.370
318.83	0.367
319.04	0.365
319.25	0.364
319.47	0.363
319.68	0.361
319.89	0.360
320.10	0.359
320.32	0.357
320.53	0.355
320.74	0.353
320.96	0.352
321.17	0.350
321.38	0.348
321.60	0.346
321.81	0.345
322.02	0.343
322.24	0.341
322.45	0.339
322.66	0.338
322.87	0.337
323.09	0.335
323.30	0.333
323.51	0.331
323.73	0.329
323.94	0.328
324.15	0.327
324.36	0.326
324.58	0.324
324.79	0.323
325.00	0.322
325.22	0.320
325.43	0.319
325.64	0.317
325.85	0.315
326.07	0.313
326.28	0.312
326.49	0.310
326.71	0.309
326.92	0.308
327.13	0.306
327.34	0.305
327.56	0.304
327.77	0.302
327.98	0.300
328.19	0.299
328.41	0.297
328.62	0.295
328.83	0.294
329.04	0.293
329.26	0.291
329.47	0.289
329.68	0.288
329.90	0.287
330.11	0.285
330.32	0.284
330.53	0.283
330.75	0.282
330.96	0.281
331.17	0.280
331.38	0.278
331.60	0.277
331.81	0.276
332.02	0.275
332.23	0.274
332.44	0.272
332.66	0.271
332.87	0.270
333.08	0.269
333.29	0.268
333.51	0.267
333.72	0.266
333.93	0.264
334.14	0.263
334.36	0.262
334.57	0.261
334.78	0.259
334.99	0.257
335.21	0.256
335.42	0.255
335.63	0.254
335.84	0.253
336.05	0.251
336.27	0.250
336.48	0.249
336.69	0.248
336.90	0.247
337.11	0.246
337.33	0.245
337.54	0.244
337.75	0.242
337.96	0.241
338.18	0.240
338.39	0.239
338.60	0.238
338.81	0.236
339.02	0.235
339.24	0.234
339.45	0.233
339.66	0.232
339.87	0.230
340.08	0.230
340.30	0.228
340.51	0.227
340.72	0.226
340.93	0.226
341.14	0.224
341.36	0.223
341.57	0.222
341.78	0.221
341.99	0.220
342.20	0.219
342.41	0.217
342.63	0.216
342.84	0.216
343.05	0.215
343.26	0.214
343.47	0.213
343.69	0.212
343.90	0.211
344.11	0.210
344.32	0.209
344.53	0.208
344.74	0.207
344.96	0.206
345.17	0.205
345.38	0.204
345.59	0.203
345.80	0.202
346.01	0.200
346.23	0.200
346.44	0.199
346.65	0.199
346.86	0.197
347.07	0.196
347.28	0.195
347.50	0.195
347.71	0.193
347.92	0.193
348.13	0.191
348.34	0.190
348.55	0.189
348.76	0.189
348.98	0.188
349.19	0.187
349.40	0.186
349.61	0.185
349.82	0.184
350.03	0.183
350.24	0.182
350.46	0.181
350.67	0.180
350.88	0.180
351.09	0.179
351.30	0.178
351.51	0.177
351.72	0.176
351.93	0.176
352.15	0.175
352.36	0.174
352.57	0.173
352.78	0.173
352.99	0.172
353.20	0.170
353.41	0.170
353.62	0.169
353.84	0.168
354.05	0.167
354.26	0.166
354.47	0.165
354.68	0.164
354.89	0.163
355.10	0.162
355.31	0.161
355.52	0.160
355.74	0.160
355.95	0.159
356.16	0.158
356.37	0.157
356.58	0.156
356.79	0.156
357.00	0.155
357.21	0.155
357.42	0.154
357.63	0.153
357.85	0.152
358.06	0.152
358.27	0.151
358.48	0.150
358.69	0.149
358.90	0.149
359.11	0.148
359.32	0.147
359.53	0.146
359.74	0.146
359.95	0.145
360.17	0.144
360.38	0.143
360.59	0.143
360.80	0.142
361.01	0.140
361.22	0.140
361.43	0.139
361.64	0.138
361.85	0.137
362.06	0.137
362.27	0.136
362.48	0.135
362.69	0.134
362.90	0.134
363.12	0.134
363.33	0.133
363.54	0.132
363.75	0.131
363.96	0.131
364.17	0.130
364.38	0.129
364.59	0.128
364.80	0.127
365.01	0.127
365.22	0.127
365.43	0.126
365.64	0.125
365.85	0.125
366.06	0.124
366.27	0.124
366.48	0.123
366.69	0.122
366.90	0.121
367.11	0.120
367.32	0.119
367.54	0.119
367.75	0.118
367.96	0.118
368.17	0.117
368.38	0.116
368.59	0.115
368.80	0.115
369.01	0.114
369.22	0.113
369.43	0.112
369.64	0.112
369.85	0.112
370.06	0.111
370.27	0.110
370.48	0.110
370.69	0.110
370.90	0.110
371.11	0.109
371.32	0.108
371.53	0.107
371.74	0.107
371.95	0.106
372.16	0.106
372.37	0.105
372.58	0.105
372.79	0.104
373.00	0.104
373.21	0.103
373.42	0.102
373.63	0.101
373.84	0.100
374.05	0.100
374.26	0.099
374.47	0.099
374.68	0.098
374.89	0.098
375.10	0.097
375.31	0.097
375.52	0.097
375.73	0.097
375.94	0.096
376.15	0.095
376.36	0.095
376.57	0.095
376.78	0.094
376.99	0.094
377.20	0.093
377.41	0.092
377.62	0.091
377.83	0.091
378.04	0.090
378.25	0.089
378.46	0.088
378.67	0.088
378.88	0.087
379.09	0.088
379.30	0.087
379.51	0.087
379.72	0.087
379.92	0.086
380.13	0.086
380.34	0.086
380.55	0.086
380.76	0.085
380.97	0.085
381.18	0.084
381.39	0.084
381.60	0.083
381.81	0.083
382.02	0.083
382.23	0.082
382.44	0.082
382.65	0.081
382.86	0.080
383.07	0.080
383.28	0.079
383.49	0.078
383.70	0.078
383.91	0.077
384.11	0.077
384.32	0.077
384.53	0.076
384.74	0.076
384.95	0.076
385.16	0.076
385.37	0.075
385.58	0.074
385.79	0.074
386.00	0.074
386.21	0.073
386.42	0.072
386.63	0.072
386.84	0.072
387.04	0.071
387.25	0.072
387.46	0.072
387.67	0.072
387.88	0.071
388.09	0.071
388.30	0.071
388.51	0.070
388.72	0.070
388.93	0.069
389.14	0.069
389.34	0.069
389.55	0.068
389.76	0.068
389.97	0.067
390.18	0.067
390.39	0.066
390.60	0.066
390.81	0.066
391.02	0.065
391.23	0.064
391.43	0.064
391.64	0.064
391.85	0.064
392.06	0.064
392.27	0.063
392.48	0.063
392.69	0.063
392.90	0.063
393.11	0.062
393.31	0.062
393.52	0.062
393.73	0.061
393.94	0.062
394.15	0.061
394.36	0.061
394.57	0.061
394.78	0.061
394.98	0.061
395.19	0.060
395.40	0.059
395.61	0.059
395.82	0.058
396.03	0.057
396.24	0.057
396.44	0.056
396.65	0.056
396.86	0.056
397.07	0.056
397.28	0.057
397.49	0.056
397.70	0.056
397.90	0.056
398.11	0.056
398.32	0.056
398.53	0.055
398.74	0.055
398.95	0.054
399.16	0.053
399.36	0.053
399.57	0.054
399.78	0.053
399.99	0.052
400.20	0.052
400.41	0.052
400.61	0.052
400.82	0.051
401.03	0.052
401.24	0.052
401.45	0.051
401.66	0.051
401.86	0.051
402.07	0.051
402.28	0.050
402.49	0.050
402.70	0.050
402.91	0.049
403.11	0.049
403.32	0.048
403.53	0.048
403.74	0.049
403.95	0.048
404.15	0.048
404.36	0.048
404.57	0.048
404.78	0.047
404.99	0.047
405.20	0.047
405.40	0.047
405.61	0.047
405.82	0.047
406.03	0.046
406.24	0.046
406.44	0.046
406.65	0.046
406.86	0.046
407.07	0.046
407.28	0.046
407.48	0.046
407.69	0.046
407.90	0.046
408.11	0.046
408.32	0.046
408.52	0.046
408.73	0.046
408.94	0.045
409.15	0.044
409.35	0.045
409.56	0.044
409.77	0.043
409.98	0.043
410.19	0.042
410.39	0.042
410.60	0.041
410.81	0.042
411.02	0.041
411.22	0.041
411.43	0.040
411.64	0.040
411.85	0.040
412.05	0.039
412.26	0.040
412.47	0.040
412.68	0.040
412.89	0.039
413.09	0.039
413.30	0.039
413.51	0.039
413.72	0.039
413.92	0.039
414.13	0.039
414.34	0.039
414.55	0.039
414.75	0.038
414.96	0.038
415.17	0.038
415.38	0.039
415.58	0.039
415.79	0.038
416.00	0.038
416.21	0.037
416.41	0.037
416.62	0.037
416.83	0.037
417.03	0.037
417.24	0.036
417.45	0.036
417.66	0.037
417.86	0.037
418.07	0.038
418.28	0.037
418.49	0.038
418.69	0.038
418.90	0.038
419.11	0.038
419.31	0.038
419.52	0.037
419.73	0.036
419.94	0.036
420.14	0.036
420.35	0.036
420.56	0.035
420.76	0.035
420.97	0.035
421.18	0.035
421.39	0.035
421.59	0.035
421.80	0.035
422.01	0.034
422.21	0.034
422.42	0.034
422.63	0.034
422.84	0.035
423.04	0.034
423.25	0.034
423.46	0.034
423.66	0.034
423.87	0.035
424.08	0.034
424.28	0.034
424.49	0.033
424.70	0.033
424.90	0.033
425.11	0.033
425.32	0.033
425.52	0.032
425.73	0.031
425.94	0.032
426.15	0.032
426.35	0.032
426.56	0.032
426.77	0.032
426.97	0.032
427.18	0.032
427.39	0.032
427.59	0.032
427.80	0.032
428.01	0.032
428.21	0.032
428.42	0.031
428.63	0.031
428.83	0.032
429.04	0.031
429.25	0.031
429.45	0.030
429.66	0.030
429.87	0.030
430.07	0.029
430.28	0.029
430.48	0.029
430.69	0.028
430.90	0.028
431.10	0.028
431.31	0.028
431.52	0.028
431.72	0.027
431.93	0.028
432.14	0.028
432.34	0.028
432.55	0.028
432.76	0.028
432.96	0.028
433.17	0.028
433.37	0.028
433.58	0.028
433.79	0.029
433.99	0.029
434.20	0.029
434.41	0.029
434.61	0.029
434.82	0.029
435.02	0.029
435.23	0.029
435.44	0.029
435.64	0.028
435.85	0.028
436.06	0.028
436.26	0.028
436.47	0.027
436.67	0.027
436.88	0.026
437.09	0.027
437.29	0.026
437.50	0.026
437.70	0.026
437.91	0.025
438.12	0.025
438.32	0.025
438.53	0.025
438.73	0.025
438.94	0.025
439.15	0.025
439.35	0.025
439.56	0.025
439.76	0.025
439.97	0.025
440.18	0.025
440.38	0.025
440.59	0.025
440.79	0.025
441.00	0.025
441.20	0.025
441.41	0.025
441.62	0.025
441.82	0.024
442.03	0.024
442.23	0.024
442.44	0.024
442.65	0.023
442.85	0.023
443.06	0.023
443.26	0.023
443.47	0.024
443.67	0.024
443.88	0.024
444.09	0.024
444.29	0.024
444.50	0.025
444.70	0.024
444.91	0.024
445.11	0.024
445.32	0.024
445.52	0.023
445.73	0.023
445.94	0.023
446.14	0.023
446.35	0.023
446.55	0.023
446.76	0.023
446.96	0.023
447.17	0.022
447.37	0.022
447.58	0.023
447.78	0.022
447.99	0.022
448.20	0.022
448.40	0.022
448.61	0.022
448.81	0.022
449.02	0.022
449.22	0.023
449.43	0.022
449.63	0.023
449.84	0.022
450.04	0.022
450.25	0.022
450.45	0.022
450.66	0.022
450.86	0.021
451.07	0.021
451.27	0.021
451.48	0.021
451.68	0.021
451.89	0.020
452.09	0.021
452.30	0.021
452.50	0.020
452.71	0.020
452.91	0.020
453.12	0.020
453.33	0.020
453.53	0.020
453.74	0.021
453.94	0.020
454.15	0.020
454.35	0.019
454.56	0.020
454.76	0.020
454.96	0.019
455.17	0.019
455.37	0.019
455.58	0.018
455.78	0.018
455.99	0.018
456.19	0.019
456.40	0.019
456.60	0.019
456.81	0.019
457.01	0.019
457.22	0.019
457.42	0.019
457.63	0.020
457.83	0.020
458.04	0.020
458.24	0.020
458.45	0.021
458.65	0.020
458.86	0.020
459.06	0.020
459.27	0.021
459.47	0.021
459.67	0.020
459.88	0.020
460.08	0.020
460.29	0.019
460.49	0.019
460.70	0.018
460.90	0.019
461.11	0.019
461.31	0.020
461.52	0.020
461.72	0.020
461.92	0.019
462.13	0.020
462.33	0.020
462.54	0.019
462.74	0.019
462.95	0.019
463.15	0.018
463.36	0.018
463.56	0.018
463.76	0.018
463.97	0.019
464.17	0.019
464.38	0.019
464.58	0.019
464.79	0.019
464.99	0.019
465.19	0.018
465.40	0.018
465.60	0.018
465.81	0.018
466.01	0.017
466.22	0.017
466.42	0.018
466.62	0.018
466.83	0.018
467.03	0.018
467.24	0.019
467.44	0.019
467.65	0.019
467.85	0.019
468.05	0.019
468.26	0.018
468.46	0.018
468.67	0.018
468.87	0.019
469.07	0.018
469.28	0.017
469.48	0.017
469.69	0.016
469.89	0.016
470.09	0.016
470.30	0.016
470.50	0.015
470.71	0.015
470.91	0.015
471.11	0.016
471.32	0.016
471.52	0.016
471.72	0.017
471.93	0.017
472.13	0.017
472.34	0.017
472.54	0.017
472.74	0.017
472.95	0.017
473.15	0.017
473.35	0.017
473.56	0.017
473.76	0.016
473.97	0.016
474.17	0.016
474.37	0.016
474.58	0.015
474.78	0.015
474.98	0.015
475.19	0.014
475.39	0.015
475.60	0.015
475.80	0.015
476.00	0.015
476.21	0.014
476.41	0.015
476.61	0.015
476.82	0.015
477.02	0.015
477.22	0.015
477.43	0.015
477.63	0.015
477.83	0.016
478.04	0.016
478.24	0.016
478.44	0.016
478.65	0.016
478.85	0.015
479.05	0.015
479.26	0.015
479.46	0.014
479.66	0.014
479.87	0.013
480.07	0.014
480.27	0.014
480.48	0.015
480.68	0.015
480.88	0.014
481.09	0.015
481.29	0.015
481.49	0.015
481.70	0.016
481.90	0.015
482.10	0.015
482.31	0.015
482.51	0.014
482.71	0.015
482.92	0.015
483.12	0.015
483.32	0.015
483.52	0.015
483.73	0.014
483.93	0.014
484.13	0.014
484.34	0.014
484.54	0.013
484.74	0.013
484.95	0.013
485.15	0.013
485.35	0.013
485.55	0.013
485.76	0.013
485.96	0.013
486.16	0.014
486.37	0.014
486.57	0.014
486.77	0.014
486.97	0.014
487.18	0.014
487.38	0.014
487.58	0.014
487.79	0.014
487.99	0.013
488.19	0.013
488.39	0.014
488.60	0.014
488.80	0.014
489.00	0.014
489.20	0.015
489.41	0.014
489.61	0.014
489.81	0.014
490.02	0.014
490.22	0.014
490.42	0.014
490.62	0.013
490.83	0.013
491.03	0.012
491.23	0.013
491.43	0.012
491.64	0.012
491.84	0.012
492.04	0.012
492.24	0.012
492.45	0.012
492.65	0.012
492.85	0.013
493.05	0.013
493.26	0.012
493.46	0.012
493.66	0.012
493.86	0.011
494.07	0.011
494.27	0.011
494.47	0.010
494.67	0.011
494.87	0.011
495.08	0.011
495.28	0.011
495.48	0.012
495.68	0.011
495.89	0.011
496.09	0.011
496.29	0.011
496.49	0.011
496.69	0.011
496.90	0.010
497.10	0.011
497.30	0.011
497.50	0.012
497.71	0.012
497.91	0.012
498.11	0.012
498.31	0.012
498.51	0.012
498.72	0.013
498.92	0.012
499.12	0.011
499.32	0.012
499.52	0.012
499.73	0.012
499.93	0.012
500.13	0.012
500.33	0.012
500.53	0.012
500.74	0.012
500.94	0.012
501.14	0.012
501.34	0.012
501.54	0.012
501.74	0.012
501.95	0.012
502.15	0.012
502.35	0.012
502.55	0.012
502.75	0.012
502.96	0.012
503.16	0.011
503.36	0.011
503.56	0.011
503.76	0.011
503.96	0.011
504.17	0.011
504.37	0.011
504.57	0.011
504.77	0.010
504.97	0.010
505.17	0.010
505.38	0.010
505.58	0.010
505.78	0.010
505.98	0.010
506.18	0.011
506.38	0.011
506.58	0.011
506.79	0.011
506.99	0.012
507.19	0.011
507.39	0.011
507.59	0.011
507.79	0.011
507.99	0.011
508.20	0.010
508.40	0.009
508.60	0.009
508.80	0.009
509.00	0.010
509.20	0.010
509.40	0.010
509.61	0.010
509.81	0.011
510.01	0.011
510.21	0.011
510.41	0.011
510.61	0.011
510.81	0.011
511.01	0.011
511.22	0.011
511.42	0.011
511.62	0.010
511.82	0.010
512.02	0.010
512.22	0.010
512.42	0.011
512.62	0.011
512.82	0.011
513.03	0.011
513.23	0.011
513.43	0.011
513.63	0.011
513.83	0.010
514.03	0.010
514.23	0.010
514.43	0.011
514.63	0.010
514.83	0.010
515.04	0.011
515.24	0.011
515.44	0.010
515.64	0.011
515.84	0.011
516.04	0.010
516.24	0.010
516.44	0.010
516.64	0.010
516.84	0.010
517.04	0.010
517.24	0.010
517.45	0.011
517.65	0.011
517.85	0.011
518.05	0.011
518.25	0.011
518.45	0.011
518.65	0.010
518.85	0.010
519.05	0.010
519.25	0.010
519.45	0.010
519.65	0.009
519.85	0.010
520.05	0.009
520.25	0.010
520.46	0.010
520.66	0.010
520.86	0.010
521.06	0.010
521.26	0.010
521.46	0.010
521.66	0.010
521.86	0.011
522.06	0.011
522.26	0.011
522.46	0.011
522.66	0.010
522.86	0.011
523.06	0.010
523.26	0.010
523.46	0.010
523.66	0.009
523.86	0.009
524.06	0.009
524.26	0.009
524.46	0.008
524.66	0.008
524.86	0.008
525.06	0.008
525.26	0.007
525.46	0.007
525.66	0.007
525.87	0.008
526.07	0.007
526.27	0.008
526.47	0.008
526.67	0.008
526.87	0.008
527.07	0.009
527.27	0.009
527.47	0.009
527.67	0.009
527.87	0.009
528.07	0.009
528.27	0.008
528.47	0.009
528.67	0.008
528.87	0.008
529.07	0.009
529.27	0.008
529.47	0.009
529.67	0.009
529.87	0.009
530.07	0.009
530.27	0.009
530.47	0.009
530.67	0.009
530.87	0.009
531.06	0.009
531.26	0.009
531.46	0.009
531.66	0.008
531.86	0.009
532.06	0.008
532.26	0.008
532.46	0.009
532.66	0.009
532.86	0.009
533.06	0.009
533.26	0.009
533.46	0.009
533.66	0.009
533.86	0.009
534.06	0.009
534.26	0.008
534.46	0.008
534.66	0.008
534.86	0.009
535.06	0.009
535.26	0.009
535.46	0.009
535.66	0.009
535.86	0.009
536.06	0.009
536.26	0.009
536.45	0.008
536.65	0.008
536.85	0.007
537.05	0.007
537.25	0.007
537.45	0.007
537.65	0.007
537.85	0.008
538.05	0.008
538.25	0.008
538.45	0.008
538.65	0.008
538.85	0.009
539.05	0.009
539.25	0.008
539.44	0.008
539.64	0.007
539.84	0.007
540.04	0.007
540.24	0.007
540.44	0.007
540.64	0.007
540.84	0.007
541.04	0.007
541.24	0.007
541.44	0.008
541.64	0.008
541.83	0.008
542.03	0.009
542.23	0.009
542.43	0.009
542.63	0.009
542.83	0.009
543.03	0.009
543.23	0.009
543.43	0.008
543.63	0.009
543.82	0.008
544.02	0.008
544.22	0.008
544.42	0.008
544.62	0.007
544.82	0.008
545.02	0.008
545.22	0.008
545.42	0.008
545.61	0.008
545.81	0.008
546.01	0.008
546.21	0.008
546.41	0.008
546.61	0.008
546.81	0.008
547.01	0.007
547.20	0.007
547.40	0.007
547.60	0.007
547.80	0.007
548.00	0.007
548.20	0.007
548.40	0.007
548.59	0.007
548.79	0.007
548.99	0.008
549.19	0.008
549.39	0.008
549.59	0.009
549.79	0.009
549.98	0.009
550.18	0.008
550.38	0.009
550.58	0.008
550.78	0.008
550.98	0.008
551.17	0.008
551.37	0.007
551.57	0.007
551.77	0.007
551.97	0.007
552.17	0.007
552.36	0.007
552.56	0.007
552.76	0.007
552.96	0.007
553.16	0.007
553.36	0.008
553.55	0.008
553.75	0.007
553.95	0.008
554.15	0.008
554.35	0.007
554.55	0.007
554.74	0.008
554.94	0.008
555.14	0.007
555.34	0.007
555.54	0.008
555.73	0.007
555.93	0.007
556.13	0.007
556.33	0.007
556.53	0.007
556.72	0.007
556.92	0.007
557.12	0.007
557.32	0.007
557.52	0.007
557.71	0.007
557.91	0.007
558.11	0.007
558.31	0.007
558.51	0.007
558.70	0.007
558.90	0.008
559.10	0.007
559.30	0.007
559.49	0.007
559.69	0.007
559.89	0.007
560.09	0.007
560.29	0.007
560.48	0.008
560.68	0.008
560.88	0.008
561.08	0.007
561.27	0.007
561.47	0.007
561.67	0.007
561.87	0.007
562.06	0.007
562.26	0.006
562.46	0.006
562.66	0.006
562.86	0.007
563.05	0.006
563.25	0.006
563.45	0.006
563.65	0.006
563.84	0.006
564.04	0.006
564.24	0.006
564.44	0.006
564.63	0.006
564.83	0.006
565.03	0.006
565.22	0.006
565.42	0.006
565.62	0.006
565.82	0.007
566.01	0.007
566.21	0.007
566.41	0.007
566.61	0.007
566.80	0.007
567.00	0.007
567.20	0.007
567.40	0.007
567.59	0.007
567.79	0.007
567.99	0.007
568.18	0.006
568.38	0.006
568.58	0.006
568.78	0.006
568.97	0.006
569.17	0.006
569.37	0.006
569.56	0.006
569.76	0.006
569.96	0.006
570.16	0.007
570.35	0.007
570.55	0.007
570.75	0.006
570.94	0.006
571.14	0.005
571.34	0.006
571.53	0.006
571.73	0.006
571.93	0.005
572.12	0.005
572.32	0.005
572.52	0.005
572.72	0.005
572.91	0.006
573.11	0.006
573.31	0.006
573.50	0.006
573.70	0.005
573.90	0.006
574.09	0.006
574.29	0.006
574.49	0.006
574.68	0.006
574.88	0.006
575.08	0.006
575.27	0.006
575.47	0.006
575.67	0.006
575.86	0.007
576.06	0.007
576.26	0.007
576.45	0.006
576.65	0.006
576.85	0.006
577.04	0.006
577.24	0.006
577.44	0.005
577.63	0.005
577.83	0.005
578.02	0.004
578.22	0.005
578.42	0.005
578.61	0.005
578.81	0.005
579.01	0.005
579.20	0.006
579.40	0.007
579.60	0.007
579.79	0.007
579.99	0.008
580.19	0.008
580.38	0.008
580.58	0.008
580.77	0.007
580.97	0.006
581.17	0.006
581.36	0.005
581.56	0.005
581.75	0.004
581.95	0.004
582.15	0.004
582.34	0.004
582.54	0.005
582.74	0.005
582.93	0.005
583.13	0.005
583.32	0.005
583.52	0.005
583.72	0.005
583.91	0.006
584.11	0.006
584.30	0.005
584.50	0.005
584.70	0.005
584.89	0.005
585.09	0.005
585.28	0.005
585.48	0.005
585.68	0.005
585.87	0.005
586.07	0.005
586.26	0.005
586.46	0.005
586.66	0.005
586.85	0.005
587.05	0.005
587.24	0.005
587.44	0.005
587.63	0.005
587.83	0.005
588.03	0.005
588.22	0.005
588.42	0.005
588.61	0.006
588.81	0.005
589.00	0.006
589.20	0.005
589.40	0.005
589.59	0.005
589.79	0.005
589.98	0.005
590.18	0.005
590.37	0.005
590.57	0.005
590.76	0.005
590.96	0.006
591.16	0.006
591.35	0.007
591.55	0.007
591.74	0.007
591.94	0.007
592.13	0.007
592.33	0.007
592.52	0.006
592.72	0.006
592.91	0.006
593.11	0.006
593.30	0.006
593.50	0.006
593.70	0.006
593.89	0.006
594.09	0.006
594.28	0.007
594.48	0.007
594.67	0.006
594.87	0.006
595.06	0.006
595.26	0.006
595.45	0.006
595.65	0.006
595.84	0.006
596.04	0.006
596.23	0.005
596.43	0.006
596.62	0.006
596.82	0.005
597.01	0.006
597.21	0.006
597.40	0.005
597.60	0.005
597.79	0.004
597.99	0.004
598.18	0.004
598.38	0.004
598.57	0.004
598.77	0.003
598.96	0.003
599.16	0.004
599.35	0.004
599.55	0.004
599.74	0.004
599.94	0.004
600.13	0.004
600.33	0.005
600.52	0.005
600.72	0.005
600.91	0.005
601.11	0.006
601.30	0.005
601.50	0.006
601.69	0.006
601.89	0.006
602.08	0.006
602.27	0.006
602.47	0.006
602.66	0.006
602.86	0.005
603.05	0.005
603.25	0.005
603.44	0.006
603.64	0.005
603.83	0.005
604.03	0.005
604.22	0.005
604.41	0.005
604.61	0.005
604.80	0.006
605.00	0.005
605.19	0.005
605.39	0.005
605.58	0.005
605.78	0.004
605.97	0.004
606.16	0.004
606.36	0.004
606.55	0.004
606.75	0.004
606.94	0.004
607.14	0.004
607.33	0.004
607.52	0.005
607.72	0.004
607.91	0.004
608.11	0.004
608.30	0.005
608.50	0.005
608.69	0.005
608.88	0.005
609.08	0.005
609.27	0.005
609.47	0.006
609.66	0.006
609.85	0.006
610.05	0.006
610.24	0.006
610.44	0.006
610.63	0.005
610.83	0.005
611.02	0.005
611.21	0.005
611.41	0.005
611.60	0.005
611.80	0.005
611.99	0.005
612.18	0.004
612.38	0.004
612.57	0.004
612.76	0.005
612.96	0.005
613.15	0.005
613.35	0.005
613.54	0.006
613.73	0.006
613.93	0.006
614.12	0.005
614.32	0.005
614.51	0.005
614.70	0.005
614.90	0.004
615.09	0.004
615.28	0.004
615.48	0.004
615.67	0.005
615.86	0.004
616.06	0.005
616.25	0.005
616.45	0.005
616.64	0.004
616.83	0.005
617.03	0.005
617.22	0.004
617.41	0.004
617.61	0.005
617.80	0.005
617.99	0.005
618.19	0.005
618.38	0.005
618.57	0.005
618.77	0.005
618.96	0.005
619.15	0.005
619.35	0.004
619.54	0.004
619.73	0.004
619.93	0.005
620.12	0.005
620.31	0.005
620.51	0.006
620.70	0.006
620.89	0.006
621.09	0.006
621.28	0.005
621.47	0.005
621.67	0.005
621.86	0.005
622.05	0.005
622.25	0.005
622.44	0.005
622.63	0.005
622.83	0.005
623.02	0.005
623.21	0.005
623.41	0.005
623.60	0.005
623.79	0.005
623.98	0.005
624.18	0.005
624.37	0.005
624.56	0.005
624.76	0.005
624.95	0.005
625.14	0.005
625.33	0.005
625.53	0.006
625.72	0.005
625.91	0.005
626.11	0.004
626.30	0.004
626.49	0.004
626.68	0.004
626.88	0.004
627.07	0.004
627.26	0.003
627.46	0.004
627.65	0.004
627.84	0.004
628.03	0.004
628.23	0.004
628.42	0.004
628.61	0.004
628.80	0.005
629.00	0.004
629.19	0.004
629.38	0.004
629.58	0.004
629.77	0.004
629.96	0.004
630.15	0.004
630.35	0.004
630.54	0.003
630.73	0.004
630.92	0.004
631.12	0.004
631.31	0.004
631.50	0.004
631.69	0.005
631.89	0.004
632.08	0.005
632.27	0.005
632.46	0.005
632.65	0.005
632.85	0.005
633.04	0.005
633.23	0.004
633.42	0.005
633.62	0.004
633.81	0.005
634.00	0.004
634.19	0.004
634.39	0.005
634.58	0.004
634.77	0.005
634.96	0.005
635.15	0.004
635.35	0.004
635.54	0.004
635.73	0.004
635.92	0.004
636.11	0.004
636.31	0.004
636.50	0.005
636.69	0.005
636.88	0.005
637.07	0.006
637.27	0.006
637.46	0.006
637.65	0.006
637.84	0.005
638.03	0.005
638.23	0.004
638.42	0.004
638.61	0.004
638.80	0.004
638.99	0.004
639.19	0.005
639.38	0.005
639.57	0.005
639.76	0.005
639.95	0.004
640.14	0.004
640.34	0.004
640.53	0.004
640.72	0.004
640.91	0.004
641.10	0.003
641.30	0.003
641.49	0.004
641.68	0.003
641.87	0.004
642.06	0.004
642.25	0.004
642.44	0.004
642.64	0.005
642.83	0.005
643.02	0.006
643.21	0.005
643.40	0.005
643.59	0.004
643.79	0.004
643.98	0.004
644.17	0.004
644.36	0.003
644.55	0.004
644.74	0.003
644.93	0.004
645.13	0.004
645.32	0.004
645.51	0.005
645.70	0.005
645.89	0.005
646.08	0.005
646.27	0.005
646.46	0.005
646.66	0.004
646.85	0.004
647.04	0.004
647.23	0.004
647.42	0.004
647.61	0.004
647.80	0.004
647.99	0.004
648.19	0.004
648.38	0.005
648.57	0.005
648.76	0.005
648.95	0.005
649.14	0.005
649.33	0.005
649.52	0.005
649.71	0.004
649.91	0.004
650.10	0.004
650.29	0.004
650.48	0.004
650.67	0.004
650.86	0.004
651.05	0.005
651.24	0.005
651.43	0.005
651.62	0.005
651.81	0.005
652.01	0.005
652.20	0.005
652.39	0.005
652.58	0.005
652.77	0.005
652.96	0.004
653.15	0.004
653.34	0.004
653.53	0.004
653.72	0.004
653.91	0.005
654.10	0.006
654.29	0.006
654.48	0.006
654.68	0.005
654.87	0.005
655.06	0.004
655.25	0.004
655.44	0.003
655.63	0.003
655.82	0.002
656.01	0.002
656.20	0.002
656.39	0.002
656.58	0.002
656.77	0.003
656.96	0.003
657.15	0.003
657.34	0.004
657.53	0.004
657.72	0.004
657.91	0.004
658.10	0.004
658.29	0.004
658.48	0.004
658.68	0.004
658.87	0.004
659.06	0.004
659.25	0.004
659.44	0.005
659.63	0.005
659.82	0.005
660.01	0.005
660.20	0.005
660.39	0.005
660.58	0.005
660.77	0.005
660.96	0.004
661.15	0.004
661.34	0.004
661.53	0.004
661.72	0.004
661.91	0.004
662.10	0.004
662.29	0.004
662.48	0.004
662.67	0.004
662.86	0.004
663.05	0.004
663.24	0.004
663.43	0.004
663.62	0.005
663.81	0.004
664.00	0.004
664.19	0.004
664.38	0.005
664.57	0.005
664.76	0.005
664.95	0.004
665.14	0.004
665.33	0.004
665.52	0.004
665.71	0.004
665.90	0.004
666.09	0.004
666.28	0.004
666.46	0.004
666.65	0.004
666.84	0.004
667.03	0.004
667.22	0.004
667.41	0.005
667.60	0.005
667.79	0.004
667.98	0.005
668.17	0.005
668.36	0.005
668.55	0.004
668.74	0.004
668.93	0.004
669.12	0.004
669.31	0.004
669.50	0.004
669.69	0.004
669.88	0.004
670.07	0.004
670.26	0.005
670.44	0.005
670.63	0.005
670.82	0.005
671.01	0.005
671.20	0.005
671.39	0.004
671.58	0.005
671.77	0.004
671.96	0.004
672.15	0.004
672.34	0.003
672.53	0.003
672.72	0.003
672.91	0.003
673.09	0.003
673.28	0.003
673.47	0.003
673.66	0.004
673.85	0.004
674.04	0.004
674.23	0.004
674.42	0.004
674.61	0.004
674.80	0.004
674.98	0.004
675.17	0.003
675.36	0.003
675.55	0.003
675.74	0.002
675.93	0.003
676.12	0.003
676.31	0.003
676.50	0.003
676.69	0.003
676.87	0.003
677.06	0.003
677.25	0.003
677.44	0.004
677.63	0.004
677.82	0.004
678.01	0.004
678.20	0.004
678.38	0.003
678.57	0.003
678.76	0.003
678.95	0.003
679.14	0.003
679.33	0.003
679.52	0.003
679.71	0.003
679.89	0.003
680.08	0.003
680.27	0.003
680.46	0.003
680.65	0.003
680.84	0.004
681.02	0.004
681.21	0.004
681.40	0.004
681.59	0.004
681.78	0.004
681.97	0.004
682.16	0.004
682.34	0.004
682.53	0.004
682.72	0.004
682.91	0.004
683.10	0.004
683.29	0.004
683.47	0.004
683.66	0.003
683.85	0.003
684.04	0.003
684.23	0.003
684.42	0.003
684.60	0.003
684.79	0.004
684.98	0.004
685.17	0.004
685.36	0.004
685.54	0.004
685.73	0.004
685.92	0.004
686.11	0.005
686.30	0.005
686.49	0.005
686.67	0.004
686.86	0.004
687.05	0.004
687.24	0.003
687.43	0.003
687.61	0.003
687.80	0.003
687.99	0.003
688.18	0.003
688.36	0.003
688.55	0.003
688.74	0.003
688.93	0.003
689.12	0.004
689.30	0.004
689.49	0.003
689.68	0.004
689.87	0.004
690.06	0.004
690.24	0.004
690.43	0.004
690.62	0.004
690.81	0.004
690.99	0.004
691.18	0.004
691.37	0.004
691.56	0.004
691.74	0.003
691.93	0.003
692.12	0.003
692.31	0.003
692.50	0.003
692.68	0.004
692.87	0.004
693.06	0.004
693.25	0.004
693.43	0.004
693.62	0.004
693.81	0.004
694.00	0.004
694.18	0.004
694.37	0.004
694.56	0.003
694.74	0.004
694.93	0.003
695.12	0.004
695.31	0.003
695.49	0.003
695.68	0.004
695.87	0.004
696.06	0.004
696.24	0.004
696.43	0.004
696.62	0.004
696.80	0.003
696.99	0.004
697.18	0.003
697.37	0.003
697.55	0.003
697.74	0.003
697.93	0.003
698.12	0.004
698.30	0.004
698.49	0.004
698.68	0.004
698.86	0.004
699.05	0.005
699.24	0.005
699.42	0.004
699.61	0.004
699.80	0.004
699.99	0.004
700.17	0.003
700.36	0.003
700.55	0.003
700.73	0.003
700.92	0.002
701.11	0.003
701.29	0.003
701.48	0.004
701.67	0.004
701.85	0.005
702.04	0.004
702.23	0.004
702.41	0.004
702.60	0.004
702.79	0.004
702.97	0.004
703.16	0.004
703.35	0.004
703.53	0.004
703.72	0.004
703.91	0.004
704.09	0.004
704.28	0.004
704.47	0.005
704.65	0.005
704.84	0.005
705.03	0.004
705.21	0.005
705.40	0.004
705.59	0.004
705.77	0.004
705.96	0.005
706.15	0.004
706.33	0.004
706.52	0.004
706.71	0.004
706.89	0.004
707.08	0.004
707.26	0.004
707.45	0.004
707.64	0.003
707.82	0.003
708.01	0.003
708.20	0.004
708.38	0.004
708.57	0.004
708.75	0.004
708.94	0.005
709.13	0.004
709.31	0.005
709.50	0.005
709.69	0.005
709.87	0.005
710.06	0.005
710.24	0.005
710.43	0.005
710.62	0.004
710.80	0.004
710.99	0.004
711.17	0.004
711.36	0.004
711.55	0.004
711.73	0.004
711.92	0.004
712.10	0.004
712.29	0.004
712.48	0.004
712.66	0.004
712.85	0.004
713.03	0.004
713.22	0.004
713.40	0.003
713.59	0.003
713.78	0.003
713.96	0.003
714.15	0.003
714.33	0.003
714.52	0.003
714.71	0.003
714.89	0.003
715.08	0.003
715.26	0.003
715.45	0.003
715.63	0.003
715.82	0.003
716.00	0.004
716.19	0.004
716.38	0.004
716.56	0.004
716.75	0.004
716.93	0.004
717.12	0.003
717.30	0.003
717.49	0.003
717.67	0.003
717.86	0.003
718.05	0.002
718.23	0.003
718.42	0.003
718.60	0.002
718.79	0.002
718.97	0.002
719.16	0.002
719.34	0.002
719.53	0.002
719.71	0.003
719.90	0.003
720.08	0.003
720.27	0.003
720.45	0.004
720.64	0.004
720.83	0.005
721.01	0.004
721.20	0.004
721.38	0.004
721.57	0.004
721.75	0.004
721.94	0.004
722.12	0.004
722.31	0.004
722.49	0.004
722.68	0.004
722.86	0.004
723.05	0.003
723.23	0.004
723.42	0.004
723.60	0.004
723.79	0.004
723.97	0.003
724.16	0.004
724.34	0.003
724.53	0.004
724.71	0.004
724.90	0.003
725.08	0.003
725.27	0.003
725.45	0.003
725.64	0.003
725.82	0.003
726.00	0.003
726.19	0.003
726.37	0.003
726.56	0.003
726.74	0.003
726.93	0.003
727.11	0.003
727.30	0.003
727.48	0.003
727.67	0.003
727.85	0.003
728.04	0.003
728.22	0.003
728.40	0.004
728.59	0.004
728.77	0.003
728.96	0.003
729.14	0.003
729.33	0.003
729.51	0.003
729.70	0.003
729.88	0.003
730.07	0.003
730.25	0.003
730.43	0.002
730.62	0.002
730.80	0.002
730.99	0.002
731.17	0.002
731.36	0.002
731.54	0.002
731.72	0.002
731.91	0.002
732.09	0.002
732.28	0.002
732.46	0.002
732.65	0.002
732.83	0.002
733.01	0.002
733.20	0.002
733.38	0.002
733.57	0.003
733.75	0.003
733.93	0.003
734.12	0.003
734.30	0.003
734.49	0.003
734.67	0.003
734.85	0.003
735.04	0.003
735.22	0.004
735.41	0.003
735.59	0.003
735.77	0.003
735.96	0.003
736.14	0.003
736.33	0.003
736.51	0.003
736.69	0.003
736.88	0.003
737.06	0.003
737.25	0.003
737.43	0.003
737.61	0.003
737.80	0.002
737.98	0.002
738.16	0.003
738.35	0.002
738.53	0.003
738.71	0.003
738.90	0.003
739.08	0.003
739.27	0.003
739.45	0.004
739.63	0.003
739.82	0.003
740.00	0.003
740.18	0.004
740.37	0.004
740.55	0.004
740.73	0.004
740.92	0.004
741.10	0.003
741.28	0.004
741.47	0.004
741.65	0.004
741.83	0.004
742.02	0.004
742.20	0.004
742.38	0.004
742.57	0.004
742.75	0.004
742.93	0.004
743.12	0.003
743.30	0.003
743.48	0.003
743.67	0.003
743.85	0.003
744.03	0.003
744.22	0.003
744.40	0.003
744.58	0.003
744.77	0.003
744.95	0.003
745.13	0.003
745.32	0.003
745.50	0.003
745.68	0.003
745.87	0.003
746.05	0.003
746.23	0.003
746.41	0.003
746.60	0.003
746.78	0.003
746.96	0.003
747.15	0.003
747.33	0.003
747.51	0.003
747.70	0.003
747.88	0.003
748.06	0.003
748.24	0.003
748.43	0.003
748.61	0.004
748.79	0.003
748.97	0.004
749.16	0.004
749.34	0.004
749.52	0.004
749.71	0.003
749.89	0.003
750.07	0.003
750.25	0.003
750.44	0.002
750.62	0.002
750.80	0.002
750.98	0.002
751.17	0.002
751.35	0.002
751.53	0.002
751.71	0.003
751.90	0.003
752.08	0.003
752.26	0.003
752.44	0.003
752.63	0.003
752.81	0.003
752.99	0.003
753.17	0.003
753.36	0.003
753.54	0.002
753.72	0.003
753.90	0.003
754.09	0.003
754.27	0.004
754.45	0.004
754.63	0.003
754.82	0.003
755.00	0.003
755.18	0.003
755.36	0.003
755.54	0.003
755.73	0.002
755.91	0.002
756.09	0.002
756.27	0.002
756.45	0.002
756.64	0.002
756.82	0.002
757.00	0.002
757.18	0.002
757.37	0.002
757.55	0.002
757.73	0.002
757.91	0.002
758.09	0.002
758.27	0.003
758.46	0.003
758.64	0.003
758.82	0.003
759.00	0.003
759.18	0.003
759.37	0.003
759.55	0.003
759.73	0.003
759.91	0.003
760.09	0.003
760.28	0.003
760.46	0.003
760.64	0.003
760.82	0.003
761.00	0.003
761.18	0.003
761.37	0.003
761.55	0.002
761.73	0.002
761.91	0.002
762.09	0.002
762.27	0.002
762.46	0.001
762.64	0.001
762.82	0.001
763.00	0.001
763.18	0.002
763.36	0.002
763.54	0.001
763.73	0.002
763.91	0.001
764.09	0.001
764.27	0.002
764.45	0.002
764.63	0.002
764.81	0.001
765.00	0.002
765.18	0.002
765.36	0.001
765.54	0.002
765.72	0.002
765.90	0.002
766.08	0.002
766.27	0.002
766.45	0.002
766.63	0.002
766.81	0.002
766.99	0.002
767.17	0.002
767.35	0.002
767.53	0.002
767.71	0.002
767.90	0.002
768.08	0.002
768.26	0.002
768.44	0.002
768.62	0.002
768.80	0.001
768.98	0.002
769.16	0.001
769.34	0.001
769.52	0.001
769.71	0.001
769.89	0.001
770.07	0.001
770.25	0.001
770.43	0.001
770.61	0.001
770.79	0.001
770.97	0.001
771.15	0.002
771.33	0.002
771.51	0.002
771.69	0.002
771.88	0.002
772.06	0.002
772.24	0.002
772.42	0.002
772.60	0.002
772.78	0.002
772.96	0.002
773.14	0.002
773.32	0.002
773.50	0.002
773.68	0.002
773.86	0.002
774.04	0.002
774.22	0.001
774.40	0.002
774.58	0.002
774.77	0.002
774.95	0.002
775.13	0.002
775.31	0.002
775.49	0.002
775.67	0.002
775.85	0.002
776.03	0.001
776.21	0.002
776.39	0.001
776.57	0.001
776.75	0.001
776.93	0.002
777.11	0.002
777.29	0.002
777.47	0.002
777.65	0.002
777.83	0.002
778.01	0.002
778.19	0.002
778.37	0.002
778.55	0.002
778.73	0.002
778.91	0.002
779.09	0.002
779.27	0.002
779.45	0.002
779.63	0.002
779.81	0.002
779.99	0.002
780.17	0.002
780.35	0.002
780.53	0.002
780.71	0.002
780.89	0.002
781.07	0.002
781.25	0.002
781.43	0.002
781.61	0.002
781.79	0.002
781.97	0.002
782.15	0.001
782.33	0.001
782.51	0.001
782.69	0.002
782.87	0.002
783.05	0.002
783.23	0.002
783.41	0.002
783.59	0.002
783.77	0.002
783.95	0.001
784.13	0.002
784.31	0.001
784.49	0.002
784.67	0.002
784.85	0.002
785.03	0.001
785.21	0.002
785.38	0.002
785.56	0.002
785.74	0.002
785.92	0.002
786.10	0.001
786.28	0.001
786.46	0.001
786.64	0.001
786.82	0.001
787.00	0.001
787.18	0.002
787.36	0.001
787.54	0.001
787.72	0.001
787.90	0.002
788.08	0.002
788.25	0.002
788.43	0.002
788.61	0.002
788.79	0.002
788.97	0.002
789.15	0.003
789.33	0.003
789.51	0.002
789.69	0.002
789.87	0.002
790.05	0.002
790.23	0.002
790.40	0.001
790.58	0.001
790.76	0.001
790.94	0.001
791.12	0.001
791.30	0.002
791.48	0.002
791.66	0.002
791.84	0.002
792.02	0.002
792.19	0.002
792.37	0.002
792.55	0.002
792.73	0.002
792.91	0.002
793.09	0.002
793.27	0.001
793.45	0.001
793.63	0.002
793.80	0.002
793.98	0.002
794.16	0.002
794.34	0.002
794.52	0.002
794.70	0.002
794.88	0.002
795.05	0.002
795.23	0.003
795.41	0.002
795.59	0.002
795.77	0.002
795.95	0.002
796.13	0.002
796.30	0.001
796.48	0.001
796.66	0.000
796.84	0.000
797.02	0.000
797.20	0.000
797.38	0.001
797.55	0.001
797.73	0.001
797.91	0.001
798.09	0.001
798.27	0.002
798.45	0.001
798.62	0.001
798.80	0.001
798.98	0.001
799.16	0.001
799.34	0.001
799.52	0.001
799.69	0.000
799.87	0.001
800.05	0.001
800.23	0.001
800.41	0.001
800.58	0.001
800.76	0.001
800.94	0.001
801.12	0.001
801.30	0.001
801.47	0.001
801.65	0.001
801.83	0.001
802.01	0.001
802.19	0.001
802.36	0.001
802.54	0.001
802.72	0.002
802.90	0.002
803.08	0.002
803.25	0.002
803.43	0.002
803.61	0.001
803.79	0.002
803.97	0.001
804.14	0.001
804.32	0.001
804.50	0.001
804.68	0.001
804.85	0.001
805.03	0.000
805.21	0.001
805.39	0.001
805.56	0.001
805.74	0.001
805.92	0.001
806.10	0.000
806.28	0.000
806.45	0.000
806.63	0.001
806.81	0.001
806.99	0.000
807.16	0.000
807.34	0.000
807.52	0.001
807.70	0.001
807.87	0.002
808.05	0.001
808.23	0.000
808.41	0.000
808.58	0.000
808.76	0.000
808.94	0.000
809.11	0.000
809.29	0.001
809.47	0.001
809.65	0.002
809.82	0.002
810.00	0.002
810.18	0.003
810.36	0.003
810.53	0.002
810.71	0.003
810.89	0.002
811.06	0.002
811.24	0.002
811.42	0.002
811.60	0.002
811.77	0.002
811.95	0.002
812.13	0.002
812.30	0.002
812.48	0.002
812.66	0.002
812.83	0.002
813.01	0.002
813.19	0.002
813.37	0.001
813.54	0.001
813.72	0.001
813.90	0.001
814.07	0.001
814.25	0.001
814.43	0.000
814.60	0.000
814.78	0.001
814.96	0.001
815.13	0.001
815.31	0.001
815.49	0.002
815.66	0.001
815.84	0.001
816.02	0.001
816.19	0.002
816.37	0.001
816.55	0.002
816.72	0.001
816.90	0.002
817.08	0.001
817.25	0.001
817.43	0.001
817.61	0.001
817.78	0.001
817.96	0.001
818.14	0.001
818.31	0.001
818.49	0.001
818.67	0.001
818.84	0.002
819.02	0.002
819.19	0.002
819.37	0.001
819.55	0.001
819.72	0.001
819.90	0.002
820.08	0.002
820.25	0.001
820.43	0.001
820.60	0.001
820.78	0.001
820.96	0.001
821.13	0.000
821.31	0.000
821.49	-0.000
821.66	0.000
821.84	0.001
822.01	0.001
822.19	0.000
822.37	0.001
822.54	0.001
822.72	0.001
822.89	0.001
823.07	0.001
823.25	0.001
823.42	0.001
823.60	0.001
823.77	0.001
823.95	0.001
824.13	0.002
824.30	0.001
824.48	0.001
824.65	0.001
824.83	0.001
825.01	0.001
825.18	0.002
825.36	0.002
825.53	0.002
825.71	0.001
825.88	0.001
826.06	0.002
826.24	0.001
826.41	0.002
826.59	0.002
826.76	0.002
826.94	0.002
827.11	0.002
827.29	0.003
827.47	0.003
827.64	0.003
827.82	0.003
827.99	0.002
828.17	0.002
828.34	0.002
828.52	0.002
828.69	0.002
828.87	0.001
829.04	0.001
829.22	0.001
829.40	0.001
829.57	0.002
829.75	0.001
829.92	0.001
830.10	0.001
830.27	0.002
830.45	0.002
830.62	0.002
830.80	0.002
830.97	0.002
831.15	0.001
831.32	0.002
831.50	0.001
831.67	0.002
831.85	0.002
832.02	0.002
832.20	0.002
832.37	0.001
832.55	0.002
832.73	0.002
832.90	0.002
833.08	0.002
833.25	0.002
833.43	0.002
833.60	0.002
833.78	0.001
833.95	0.001
834.13	0.002
834.30	0.002
834.48	0.001
834.65	0.002
834.82	0.002
835.00	0.002
835.17	0.002
835.35	0.003
835.52	0.002
835.70	0.002
835.87	0.003
836.05	0.002
836.22	0.002
836.40	0.002
836.57	0.002
836.75	0.001
836.92	0.001
837.10	0.001
837.27	0.002
837.45	0.002
837.62	0.002
837.80	0.002
837.97	0.002
838.14	0.003
838.32	0.003
838.49	0.004
838.67	0.004
838.84	0.003
839.02	0.003
839.19	0.003
839.37	0.003
839.54	0.002
839.71	0.002
839.89	0.002
840.06	0.002
840.24	0.001
840.41	0.002
840.59	0.002
840.76	0.002
840.94	0.002
841.11	0.002
841.28	0.003
841.46	0.003
841.63	0.002
841.81	0.003
841.98	0.003
842.15	0.003
842.33	0.003
842.50	0.003
842.68	0.003
842.85	0.003
843.03	0.002
843.20	0.003
843.37	0.002
843.55	0.002
843.72	0.002
843.90	0.002
844.07	0.002
844.24	0.002
844.42	0.001
844.59	0.002
844.77	0.002
844.94	0.002
845.11	0.003
845.29	0.003
845.46	0.003
845.63	0.002
845.81	0.002
845.98	0.002
846.16	0.001
846.33	0.001
846.50	0.001
846.68	0.000
846.85	0.000
847.02	0.001
847.20	0.001
847.37	0.001
847.55	0.001
847.72	0.001
847.89	0.001
848.07	0.001
848.24	0.001
848.41	0.002
848.59	0.002
848.76	0.002
848.93	0.002
849.11	0.002
849.28	0.002
849.45	0.001
849.63	0.002
849.80	0.001
849.97	0.001
850.15	0.001
850.32	0.000
850.49	0.000
850.67	-0.000
850.84	0.000
851.01	0.000
851.19	0.001
851.36	0.000
851.53	-0.000
851.71	-0.000
851.88	-0.000
852.05	-0.001
852.23	-0.001
852.40	-0.001
852.57	-0.000
852.75	-0.001
852.92	-0.000
853.09	-0.000
853.27	0.001
853.44	0.002
853.61	0.002
853.79	0.002
853.96	0.002
854.13	0.001
854.30	0.001
854.48	0.002
854.65	0.001
854.82	0.001
855.00	0.001
855.17	0.001
855.34	0.001
855.51	0.001
855.69	0.001
855.86	0.000
856.03	0.000
856.21	0.000
856.38	0.000
856.55	-0.000
856.72	-0.000
856.90	0.000
857.07	0.000
857.24	-0.000
857.42	-0.000
857.59	-0.000
857.76	-0.000
857.93	-0.001
858.11	-0.001
858.28	-0.001
858.45	-0.002
858.62	-0.002
858.80	-0.002
858.97	-0.001
859.14	-0.002
859.31	-0.001
859.49	-0.001
859.66	-0.001
859.83	-0.001
860.00	-0.001
860.18	-0.001
860.35	-0.001
860.52	-0.002
860.69	-0.002
860.86	-0.002
861.04	-0.001
861.21	-0.002
861.38	-0.001
861.55	-0.002
861.73	-0.002
861.90	-0.002
862.07	-0.001
862.24	-0.002
862.42	-0.002
862.59	-0.002
862.76	-0.002
862.93	-0.002
863.10	-0.002
863.28	-0.002
863.45	-0.003
863.62	-0.002
863.79	-0.002
863.96	-0.003
864.14	-0.003
864.31	-0.002
864.48	-0.003
864.65	-0.002
864.82	-0.002
865.00	-0.002
865.17	-0.003
865.34	-0.003
865.51	-0.003
865.68	-0.004
865.86	-0.004
866.03	-0.003
866.20	-0.004
866.37	-0.004
866.54	-0.004
866.71	-0.004
866.89	-0.003
867.06	-0.002
867.23	-0.002
867.40	-0.002
867.57	-0.003
867.74	-0.003
867.92	-0.003
868.09	-0.003
868.26	-0.003
868.43	-0.004
868.60	-0.004
868.77	-0.004
868.95	-0.004
869.12	-0.004
869.29	-0.004
869.46	-0.003
869.63	-0.004
869.80	-0.004
869.97	-0.004
870.15	-0.004
870.32	-0.004
870.49	-0.004
870.66	-0.005
870.83	-0.005
871.00	-0.005
871.17	-0.004
871.34	-0.005
871.52	-0.005
871.69	-0.005
871.86	-0.005
872.03	-0.005
872.20	-0.005
872.37	-0.006
872.54	-0.006
872.71	-0.007
872.89	-0.006
873.06	-0.005
873.23	-0.006
873.40	-0.006
873.57	-0.006
873.74	-0.006
873.91	-0.005
874.08	-0.005
874.25	-0.005
874.42	-0.005
874.60	-0.006
874.77	-0.005
874.94	-0.004
875.11	-0.005
875.28	-0.005
875.45	-0.005
875.62	-0.004
875.79	-0.005
875.96	-0.005
876.13	-0.005
876.30	-0.005
876.47	-0.006
876.65	-0.005
876.82	-0.006
876.99	-0.006
877.16	-0.007
877.33	-0.006
877.50	-0.006
877.67	-0.006
877.84	-0.007
878.01	-0.007
878.18	-0.007
878.35	-0.007
878.52	-0.007
878.69	-0.008
878.86	-0.008
879.03	-0.008
879.20	-0.009
879.38	-0.008
879.55	-0.009
879.72	-0.009
879.89	-0.009
880.06	-0.009
880.23	-0.009
880.40	-0.008
880.57	-0.009
880.74	-0.008
880.91	-0.008
881.08	-0.009
881.25	-0.008
881.42	-0.009
881.59	-0.009
881.76	-0.009
881.93	-0.010
882.10	-0.010
882.27	-0.010
882.44	-0.010
882.61	-0.008
882.78	-0.008
882.95	-0.008
883.12	-0.007
883.29	-0.008
883.46	-0.008
883.63	-0.008
883.80	-0.009
883.97	-0.009
884.14	-0.010
884.31	-0.010
884.48	-0.010
884.65	-0.011
884.82	-0.010
884.99	-0.010
885.16	-0.009
885.33	-0.009
885.50	-0.009
885.67	-0.009
885.84	-0.008
886.01	-0.008
886.18	-0.008
886.35	-0.007
886.52	-0.007
886.69	-0.008
886.86	-0.008
887.03	-0.008
887.20	-0.008
887.37	-0.008
887.54	-0.007
887.71	-0.008
887.88	-0.008
888.05	-0.008
888.22	-0.009
888.39	-0.009
888.55	-0.009
888.72	-0.009
888.89	-0.011
889.06	-0.010
889.23	-0.010
889.40	-0.009
889.57	-0.009
889.74	-0.008
889.91	-0.008
890.08	-0.009
890.25	-0.009
890.42	-0.009
890.59	-0.010
890.76	-0.009
890.93	-0.010
891.10	-0.010
891.26	-0.010
891.43	-0.010
891.60	-0.010
891.77	-0.009
891.94	-0.008
892.11	-0.008
892.28	-0.008
892.45	-0.007
892.62	-0.007
892.79	-0.007
892.96	-0.006
893.13	-0.006
893.29	-0.006
893.46	-0.006
893.63	-0.005
893.80	-0.005
893.97	-0.005
894.14	-0.007
894.31	-0.007
894.48	-0.004
894.65	-0.004
894.81	-0.016
894.98	-0.004
