177.34	0.404
177.56	0.404
177.78	0.404
178.00	-0.000
178.22	-0.190
178.44	-0.075
178.66	-0.109
178.89	-0.071
179.11	0.120
179.33	-0.080
179.55	0.079
179.77	0.303
179.99	-0.388
180.21	-0.244
180.43	-0.000
180.65	-0.000
180.87	0.579
181.09	0.270
181.31	0.399
181.53	0.354
181.75	0.372
181.97	0.356
182.19	0.355
182.41	0.362
182.63	0.384
182.85	0.464
183.07	0.477
183.30	0.460
183.52	0.467
183.74	0.511
183.96	0.482
184.18	0.549
184.40	0.536
184.62	0.518
184.84	0.470
185.06	0.476
185.28	0.532
185.50	0.574
185.72	0.567
185.94	0.640
186.16	0.570
186.38	0.585
186.60	0.708
186.82	0.741
187.04	0.850
187.26	0.808
187.48	0.833
187.70	0.881
187.92	0.877
188.14	0.968
188.36	0.985
188.58	0.909
188.80	0.953
189.02	0.914
189.24	0.940
189.46	0.909
189.68	0.907
189.90	0.934
190.12	0.976
190.34	1.031
190.56	1.082
190.78	1.123
191.00	1.210
191.22	1.295
191.44	1.353
191.66	1.404
191.88	1.511
192.10	1.439
192.32	1.392
192.54	1.353
192.76	1.336
192.98	1.281
193.20	1.284
193.42	1.272
193.64	1.251
193.86	1.239
194.08	1.240
194.30	1.279
194.52	1.326
194.74	1.337
194.96	1.369
195.18	1.361
195.40	1.400
195.62	1.449
195.84	1.490
196.06	1.486
196.28	1.446
196.50	1.441
196.72	1.436
196.94	1.469
197.16	1.509
197.38	1.505
197.60	1.499
197.82	1.504
198.04	1.585
198.26	1.672
198.48	1.645
198.70	1.671
198.92	1.648
199.13	1.566
199.35	1.580
199.57	1.603
199.79	1.561
200.01	1.519
200.23	1.501
200.45	1.541
200.67	1.561
200.89	1.604
201.11	1.674
201.33	1.682
201.55	1.679
201.77	1.702
201.99	1.756
202.21	1.758
202.43	1.751
202.65	1.756
202.87	1.745
203.09	1.769
203.31	1.786
203.52	1.775
203.74	1.818
203.96	1.775
204.18	1.805
204.40	1.796
204.62	1.797
204.84	1.772
205.06	1.770
205.28	1.775
205.50	1.824
205.72	1.846
205.94	1.885
206.16	1.911
206.38	1.912
206.59	1.908
206.81	1.928
207.03	1.934
207.25	1.941
207.47	1.930
207.69	1.923
207.91	1.922
208.13	1.933
208.35	1.932
208.57	1.947
208.79	1.938
209.01	1.933
209.22	1.969
209.44	1.978
209.66	1.928
209.88	1.961
210.10	1.963
210.32	1.984
210.54	1.983
210.76	2.004
210.98	2.030
211.20	2.040
211.42	2.014
211.63	2.073
211.85	2.068
212.07	2.081
212.29	2.121
212.51	2.168
212.73	2.156
212.95	2.172
213.17	2.149
213.39	2.198
213.60	2.189
213.82	2.221
214.04	2.171
214.26	2.168
214.48	2.184
214.70	2.210
214.92	2.195
215.14	2.189
215.35	2.174
215.57	2.206
215.79	2.174
216.01	2.213
216.23	2.228
216.45	2.228
216.67	2.250
216.89	2.220
217.10	2.216
217.32	2.202
217.54	2.164
217.76	2.162
217.98	2.151
218.20	2.154
218.42	2.147
218.64	2.136
218.85	2.190
219.07	2.225
219.29	2.279
219.51	2.316
219.73	2.295
219.95	2.299
220.17	2.316
220.38	2.324
220.60	2.308
220.82	2.275
221.04	2.297
221.26	2.265
221.48	2.304
221.69	2.386
221.91	2.404
222.13	2.381
222.35	2.383
222.57	2.456
222.79	2.471
223.00	2.452
223.22	2.452
223.44	2.446
223.66	2.384
223.88	2.389
224.10	2.376
224.32	2.363
224.53	2.352
224.75	2.359
224.97	2.364
225.19	2.391
225.41	2.382
225.62	2.403
225.84	2.404
226.06	2.434
226.28	2.429
226.50	2.421
226.72	2.411
226.93	2.391
227.15	2.377
227.37	2.357
227.59	2.375
227.81	2.378
228.02	2.361
228.24	2.405
228.46	2.400
228.68	2.433
228.90	2.459
229.12	2.478
229.33	2.522
229.55	2.496
229.77	2.484
229.99	2.498
230.21	2.495
230.42	2.532
230.64	2.562
230.86	2.540
231.08	2.562
231.30	2.537
231.51	2.556
231.73	2.557
231.95	2.582
232.17	2.593
232.38	2.559
232.60	2.526
232.82	2.529
233.04	2.504
233.26	2.514
233.47	2.506
233.69	2.529
233.91	2.511
234.13	2.487
234.35	2.486
234.56	2.463
234.78	2.480
235.00	2.464
235.22	2.450
235.43	2.441
235.65	2.411
235.87	2.388
236.09	2.388
236.30	2.399
236.52	2.388
236.74	2.372
236.96	2.378
237.18	2.373
237.39	2.366
237.61	2.363
237.83	2.370
238.05	2.358
238.26	2.342
238.48	2.336
238.70	2.316
238.92	2.313
239.13	2.317
239.35	2.312
239.57	2.306
239.79	2.303
240.00	2.293
240.22	2.280
240.44	2.276
240.66	2.261
240.87	2.252
241.09	2.229
241.31	2.211
241.53	2.204
241.74	2.194
241.96	2.181
242.18	2.168
242.40	2.145
242.61	2.148
242.83	2.130
243.05	2.115
243.27	2.112
243.48	2.093
243.70	2.084
243.92	2.077
244.13	2.064
244.35	2.061
244.57	2.055
244.79	2.047
245.00	2.046
245.22	2.048
245.44	2.050
245.65	2.041
245.87	2.035
246.09	2.037
246.31	2.035
246.52	2.038
246.74	2.037
246.96	2.030
247.18	2.024
247.39	2.016
247.61	2.014
247.83	2.005
248.04	1.998
248.26	1.996
248.48	1.978
248.69	1.970
248.91	1.966
249.13	1.957
249.35	1.956
249.56	1.953
249.78	1.957
250.00	1.953
250.21	1.954
250.43	1.956
250.65	1.954
250.86	1.950
251.08	1.950
251.30	1.946
251.51	1.950
251.73	1.951
251.95	1.951
252.17	1.944
252.38	1.942
252.60	1.950
252.82	1.950
253.03	1.946
253.25	1.950
253.47	1.946
253.68	1.938
253.90	1.934
254.12	1.928
254.33	1.926
254.55	1.917
254.77	1.920
254.98	1.919
255.20	1.910
255.42	1.909
255.63	1.910
255.85	1.915
256.07	1.922
256.28	1.921
256.50	1.918
256.72	1.910
256.93	1.904
257.15	1.902
257.37	1.898
257.58	1.896
257.80	1.891
258.02	1.888
258.23	1.886
258.45	1.888
258.67	1.890
258.88	1.895
259.10	1.899
259.32	1.895
259.53	1.894
259.75	1.890
259.96	1.886
260.18	1.886
260.40	1.881
260.61	1.881
260.83	1.876
261.05	1.878
261.26	1.882
261.48	1.877
261.70	1.883
261.91	1.886
262.13	1.886
262.34	1.893
262.56	1.889
262.78	1.893
262.99	1.890
263.21	1.891
263.43	1.889
263.64	1.881
263.86	1.884
264.07	1.884
264.29	1.878
264.51	1.878
264.72	1.875
264.94	1.877
265.16	1.867
265.37	1.873
265.59	1.873
265.80	1.866
266.02	1.866
266.24	1.864
266.45	1.862
266.67	1.860
266.88	1.861
267.10	1.861
267.32	1.854
267.53	1.851
267.75	1.848
267.96	1.846
268.18	1.845
268.40	1.845
268.61	1.845
268.83	1.833
269.04	1.829
269.26	1.830
269.48	1.830
269.69	1.829
269.91	1.817
270.12	1.819
270.34	1.817
270.56	1.815
270.77	1.816
270.99	1.820
271.20	1.816
271.42	1.817
271.64	1.820
271.85	1.826
272.07	1.823
272.28	1.816
272.50	1.815
272.71	1.814
272.93	1.807
273.15	1.801
273.36	1.796
273.58	1.792
273.79	1.787
274.01	1.781
274.22	1.781
274.44	1.777
274.66	1.769
274.87	1.767
275.09	1.767
275.30	1.762
275.52	1.756
275.73	1.746
275.95	1.744
276.16	1.741
276.38	1.734
276.60	1.731
276.81	1.725
277.03	1.717
277.24	1.711
277.46	1.701
277.67	1.698
277.89	1.691
278.10	1.685
278.32	1.685
278.53	1.681
278.75	1.675
278.97	1.670
279.18	1.663
279.40	1.658
279.61	1.656
279.83	1.645
280.04	1.636
280.26	1.627
280.47	1.620
280.69	1.615
280.90	1.607
281.12	1.602
281.33	1.594
281.55	1.586
281.76	1.585
281.98	1.577
282.20	1.569
282.41	1.564
282.63	1.554
282.84	1.547
283.06	1.537
283.27	1.533
283.49	1.525
283.70	1.515
283.92	1.511
284.13	1.503
284.35	1.494
284.56	1.484
284.78	1.477
284.99	1.470
285.21	1.458
285.42	1.448
285.64	1.441
285.85	1.431
286.07	1.422
286.28	1.411
286.50	1.404
286.71	1.396
286.93	1.387
287.14	1.381
287.36	1.372
287.57	1.363
287.79	1.351
288.00	1.340
288.22	1.331
288.43	1.321
288.65	1.312
288.86	1.301
289.08	1.293
289.29	1.284
289.51	1.274
289.72	1.268
289.94	1.259
290.15	1.248
290.37	1.239
290.58	1.230
290.80	1.222
291.01	1.212
291.22	1.204
291.44	1.195
291.65	1.186
291.87	1.178
292.08	1.172
292.30	1.164
292.51	1.156
292.73	1.147
292.94	1.139
293.16	1.130
293.37	1.122
293.59	1.113
293.80	1.105
294.02	1.097
294.23	1.091
294.44	1.083
294.66	1.076
294.87	1.069
295.09	1.062
295.30	1.053
295.52	1.048
295.73	1.040
295.95	1.032
296.16	1.023
296.37	1.016
296.59	1.008
296.80	1.001
297.02	0.994
297.23	0.988
297.45	0.981
297.66	0.975
297.88	0.968
298.09	0.963
298.30	0.958
298.52	0.950
298.73	0.944
298.95	0.937
299.16	0.932
299.38	0.925
299.59	0.920
299.80	0.914
300.02	0.908
300.23	0.901
300.45	0.896
300.66	0.889
300.88	0.884
301.09	0.878
301.30	0.873
301.52	0.868
301.73	0.862
301.95	0.858
302.16	0.852
302.37	0.847
302.59	0.843
302.80	0.838
303.02	0.833
303.23	0.829
303.45	0.824
303.66	0.819
303.87	0.813
304.09	0.809
304.30	0.804
304.52	0.800
304.73	0.795
304.94	0.790
305.16	0.786
305.37	0.782
305.59	0.778
305.80	0.774
306.01	0.770
306.23	0.767
306.44	0.762
306.65	0.758
306.87	0.754
307.08	0.750
307.30	0.746
307.51	0.741
307.72	0.737
307.94	0.732
308.15	0.728
308.37	0.724
308.58	0.720
308.79	0.716
309.01	0.712
309.22	0.708
309.43	0.703
309.65	0.699
309.86	0.696
310.07	0.693
310.29	0.689
310.50	0.685
310.72	0.682
310.93	0.678
311.14	0.674
311.36	0.672
311.57	0.668
311.78	0.665
312.00	0.661
312.21	0.659
312.42	0.656
312.64	0.653
312.85	0.649
313.07	0.646
313.28	0.642
313.49	0.639
313.71	0.635
313.92	0.632
314.13	0.629
314.35	0.625
314.56	0.621
314.77	0.618
314.99	0.615
315.20	0.611
315.41	0.609
315.63	0.606
315.84	0.603
316.05	0.600
316.27	0.596
316.48	0.593
316.69	0.591
316.91	0.588
317.12	0.586
317.33	0.582
317.55	0.579
317.76	0.576
317.97	0.572
318.19	0.569
318.40	0.567
318.61	0.564
318.83	0.561
319.04	0.558
319.25	0.556
319.47	0.553
319.68	0.550
319.89	0.548
320.10	0.545
320.32	0.542
320.53	0.539
320.74	0.537
320.96	0.534
321.17	0.531
321.38	0.527
321.60	0.525
321.81	0.522
322.02	0.519
322.24	0.517
322.45	0.515
322.66	0.513
322.87	0.510
323.09	0.508
323.30	0.506
323.51	0.505
323.73	0.503
323.94	0.501
324.15	0.498
324.36	0.496
324.58	0.493
324.79	0.491
325.00	0.488
325.22	0.485
325.43	0.482
325.64	0.480
325.85	0.478
326.07	0.475
326.28	0.473
326.49	0.471
326.71	0.469
326.92	0.467
327.13	0.465
327.34	0.464
327.56	0.462
327.77	0.459
327.98	0.457
328.19	0.455
328.41	0.453
328.62	0.451
328.83	0.448
329.04	0.446
329.26	0.444
329.47	0.442
329.68	0.441
329.90	0.438
330.11	0.436
330.32	0.433
330.53	0.431
330.75	0.429
330.96	0.427
331.17	0.425
331.38	0.422
331.60	0.420
331.81	0.419
332.02	0.417
332.23	0.415
332.44	0.413
332.66	0.411
332.87	0.409
333.08	0.408
333.29	0.406
333.51	0.404
333.72	0.402
333.93	0.400
334.14	0.398
334.36	0.396
334.57	0.394
334.78	0.392
334.99	0.390
335.21	0.389
335.42	0.386
335.63	0.385
335.84	0.383
336.05	0.382
336.27	0.380
336.48	0.378
336.69	0.377
336.90	0.375
337.11	0.373
337.33	0.372
337.54	0.370
337.75	0.368
337.96	0.367
338.18	0.365
338.39	0.363
338.60	0.361
338.81	0.360
339.02	0.358
339.24	0.356
339.45	0.354
339.66	0.353
339.87	0.351
340.08	0.350
340.30	0.348
340.51	0.347
340.72	0.345
340.93	0.343
341.14	0.341
341.36	0.339
341.57	0.338
341.78	0.335
341.99	0.333
342.20	0.332
342.41	0.330
342.63	0.329
342.84	0.327
343.05	0.326
343.26	0.325
343.47	0.323
343.69	0.322
343.90	0.321
344.11	0.319
344.32	0.318
344.53	0.316
344.74	0.316
344.96	0.314
345.17	0.312
345.38	0.311
345.59	0.309
345.80	0.307
346.01	0.306
346.23	0.305
346.44	0.304
346.65	0.303
346.86	0.302
347.07	0.300
347.28	0.299
347.50	0.298
347.71	0.297
347.92	0.295
348.13	0.293
348.34	0.291
348.55	0.290
348.76	0.288
348.98	0.287
349.19	0.286
349.40	0.284
349.61	0.283
349.82	0.282
350.03	0.281
350.24	0.279
350.46	0.278
350.67	0.276
350.88	0.275
351.09	0.274
351.30	0.273
351.51	0.271
351.72	0.269
351.93	0.268
352.15	0.267
352.36	0.266
352.57	0.265
352.78	0.263
352.99	0.262
353.20	0.260
353.41	0.259
353.62	0.258
353.84	0.257
354.05	0.256
354.26	0.254
354.47	0.253
354.68	0.251
354.89	0.251
355.10	0.250
355.31	0.249
355.52	0.248
355.74	0.247
355.95	0.246
356.16	0.245
356.37	0.244
356.58	0.243
356.79	0.242
357.00	0.240
357.21	0.239
357.42	0.237
357.63	0.235
357.85	0.233
358.06	0.232
358.27	0.231
358.48	0.230
358.69	0.229
358.90	0.228
359.11	0.227
359.32	0.226
359.53	0.225
359.74	0.224
359.95	0.222
360.17	0.222
360.38	0.222
360.59	0.220
360.80	0.219
361.01	0.218
361.22	0.216
361.43	0.215
361.64	0.214
361.85	0.213
362.06	0.212
362.27	0.210
362.48	0.209
362.69	0.207
362.90	0.206
363.12	0.205
363.33	0.205
363.54	0.204
363.75	0.203
363.96	0.202
364.17	0.201
364.38	0.199
364.59	0.199
364.80	0.198
365.01	0.198
365.22	0.196
365.43	0.195
365.64	0.193
365.85	0.193
366.06	0.192
366.27	0.192
366.48	0.191
366.69	0.190
366.90	0.188
367.11	0.188
367.32	0.187
367.54	0.186
367.75	0.185
367.96	0.184
368.17	0.182
368.38	0.181
368.59	0.180
368.80	0.179
369.01	0.178
369.22	0.178
369.43	0.176
369.64	0.176
369.85	0.176
370.06	0.174
370.27	0.174
370.48	0.173
370.69	0.172
370.90	0.171
371.11	0.170
371.32	0.169
371.53	0.168
371.74	0.167
371.95	0.166
372.16	0.165
372.37	0.164
372.58	0.163
372.79	0.162
373.00	0.161
373.21	0.161
373.42	0.160
373.63	0.160
373.84	0.160
374.05	0.159
374.26	0.158
374.47	0.157
374.68	0.157
374.89	0.155
375.10	0.155
375.31	0.154
375.52	0.153
375.73	0.151
375.94	0.151
376.15	0.151
376.36	0.150
376.57	0.149
376.78	0.149
376.99	0.149
377.20	0.148
377.41	0.148
377.62	0.148
377.83	0.146
378.04	0.146
378.25	0.145
378.46	0.144
378.67	0.143
378.88	0.143
379.09	0.141
379.30	0.141
379.51	0.140
379.72	0.140
379.92	0.139
380.13	0.139
380.34	0.138
380.55	0.137
380.76	0.136
380.97	0.136
381.18	0.134
381.39	0.133
381.60	0.132
381.81	0.131
382.02	0.130
382.23	0.129
382.44	0.129
382.65	0.129
382.86	0.128
383.07	0.127
383.28	0.127
383.49	0.127
383.70	0.126
383.91	0.125
384.11	0.124
384.32	0.123
384.53	0.122
384.74	0.122
384.95	0.122
385.16	0.122
385.37	0.121
385.58	0.121
385.79	0.121
386.00	0.120
386.21	0.120
386.42	0.120
386.63	0.119
386.84	0.118
387.04	0.117
387.25	0.117
387.46	0.116
387.67	0.115
387.88	0.115
388.09	0.115
388.30	0.114
388.51	0.113
388.72	0.113
388.93	0.112
389.14	0.112
389.34	0.112
389.55	0.112
389.76	0.111
389.97	0.110
390.18	0.110
390.39	0.110
390.60	0.109
390.81	0.109
391.02	0.108
391.23	0.108
391.43	0.107
391.64	0.106
391.85	0.106
392.06	0.105
392.27	0.105
392.48	0.105
392.69	0.104
392.90	0.103
393.11	0.103
393.31	0.103
393.52	0.102
393.73	0.102
393.94	0.101
394.15	0.101
394.36	0.100
394.57	0.100
394.78	0.099
394.98	0.099
395.19	0.098
395.40	0.098
395.61	0.097
395.82	0.097
396.03	0.097
396.24	0.097
396.44	0.096
396.65	0.096
396.86	0.095
397.07	0.095
397.28	0.094
397.49	0.093
397.70	0.093
397.90	0.092
398.11	0.091
398.32	0.091
398.53	0.090
398.74	0.090
398.95	0.090
399.16	0.089
399.36	0.089
399.57	0.089
399.78	0.089
399.99	0.088
400.20	0.088
400.41	0.089
400.61	0.088
400.82	0.087
401.03	0.087
401.24	0.087
401.45	0.086
401.66	0.086
401.86	0.086
402.07	0.086
402.28	0.085
402.49	0.084
402.70	0.084
402.91	0.084
403.11	0.084
403.32	0.084
403.53	0.084
403.74	0.084
403.95	0.083
404.15	0.083
404.36	0.083
404.57	0.082
404.78	0.081
404.99	0.081
405.20	0.080
405.40	0.080
405.61	0.080
405.82	0.079
406.03	0.080
406.24	0.079
406.44	0.079
406.65	0.079
406.86	0.079
407.07	0.079
407.28	0.078
407.48	0.078
407.69	0.078
407.90	0.077
408.11	0.077
408.32	0.076
408.52	0.077
408.73	0.076
408.94	0.076
409.15	0.076
409.35	0.075
409.56	0.075
409.77	0.075
409.98	0.075
410.19	0.075
410.39	0.074
410.60	0.073
410.81	0.073
411.02	0.073
411.22	0.073
411.43	0.072
411.64	0.071
411.85	0.071
412.05	0.071
412.26	0.071
412.47	0.071
412.68	0.070
412.89	0.070
413.09	0.069
413.30	0.069
413.51	0.069
413.72	0.069
413.92	0.068
414.13	0.067
414.34	0.068
414.55	0.068
414.75	0.068
414.96	0.068
415.17	0.068
415.38	0.068
415.58	0.067
415.79	0.067
416.00	0.067
416.21	0.066
416.41	0.066
416.62	0.065
416.83	0.065
417.03	0.065
417.24	0.065
417.45	0.066
417.66	0.065
417.86	0.065
418.07	0.065
418.28	0.065
418.49	0.064
418.69	0.064
418.90	0.064
419.11	0.064
419.31	0.064
419.52	0.064
419.73	0.064
419.94	0.064
420.14	0.063
420.35	0.063
420.56	0.062
420.76	0.061
420.97	0.061
421.18	0.061
421.39	0.060
421.59	0.060
421.80	0.059
422.01	0.059
422.21	0.059
422.42	0.059
422.63	0.059
422.84	0.059
423.04	0.059
423.25	0.058
423.46	0.058
423.66	0.058
423.87	0.058
424.08	0.058
424.28	0.058
424.49	0.058
424.70	0.057
424.90	0.056
425.11	0.057
425.32	0.056
425.52	0.056
425.73	0.056
425.94	0.055
426.15	0.055
426.35	0.055
426.56	0.056
426.77	0.056
426.97	0.056
427.18	0.057
427.39	0.057
427.59	0.057
427.80	0.058
428.01	0.057
428.21	0.057
428.42	0.057
428.63	0.057
428.83	0.056
429.04	0.056
429.25	0.055
429.45	0.055
429.66	0.055
429.87	0.054
430.07	0.054
430.28	0.053
430.48	0.053
430.69	0.053
430.90	0.053
431.10	0.053
431.31	0.053
431.52	0.052
431.72	0.052
431.93	0.052
432.14	0.052
432.34	0.052
432.55	0.052
432.76	0.052
432.96	0.051
433.17	0.051
433.37	0.051
433.58	0.051
433.79	0.051
433.99	0.051
434.20	0.051
434.41	0.051
434.61	0.050
434.82	0.050
435.02	0.050
435.23	0.051
435.44	0.051
435.64	0.050
435.85	0.050
436.06	0.050
436.26	0.049
436.47	0.050
436.67	0.049
436.88	0.049
437.09	0.049
437.29	0.049
437.50	0.049
437.70	0.048
437.91	0.048
438.12	0.048
438.32	0.048
438.53	0.048
438.73	0.048
438.94	0.047
439.15	0.047
439.35	0.047
439.56	0.048
439.76	0.048
439.97	0.048
440.18	0.048
440.38	0.048
440.59	0.047
440.79	0.046
441.00	0.047
441.20	0.046
441.41	0.046
441.62	0.046
441.82	0.046
442.03	0.046
442.23	0.045
442.44	0.045
442.65	0.046
442.85	0.045
443.06	0.046
443.26	0.046
443.47	0.046
443.67	0.046
443.88	0.046
444.09	0.046
444.29	0.046
444.50	0.046
444.70	0.046
444.91	0.046
445.11	0.046
445.32	0.045
445.52	0.044
445.73	0.044
445.94	0.044
446.14	0.044
446.35	0.044
446.55	0.043
446.76	0.043
446.96	0.042
447.17	0.042
447.37	0.042
447.58	0.043
447.78	0.042
447.99	0.042
448.20	0.042
448.40	0.043
448.61	0.043
448.81	0.043
449.02	0.043
449.22	0.043
449.43	0.042
449.63	0.042
449.84	0.042
450.04	0.042
450.25	0.041
450.45	0.041
450.66	0.041
450.86	0.040
451.07	0.040
451.27	0.040
451.48	0.040
451.68	0.039
451.89	0.039
452.09	0.039
452.30	0.039
452.50	0.039
452.71	0.039
452.91	0.038
453.12	0.038
453.33	0.038
453.53	0.038
453.74	0.038
453.94	0.037
454.15	0.038
454.35	0.038
454.56	0.038
454.76	0.038
454.96	0.039
455.17	0.038
455.37	0.039
455.58	0.039
455.78	0.039
455.99	0.039
456.19	0.039
456.40	0.038
456.60	0.038
456.81	0.038
457.01	0.039
457.22	0.038
457.42	0.037
457.63	0.037
457.83	0.037
458.04	0.036
458.24	0.037
458.45	0.036
458.65	0.036
458.86	0.036
459.06	0.035
459.27	0.036
459.47	0.036
459.67	0.036
459.88	0.036
460.08	0.035
460.29	0.035
460.49	0.034
460.70	0.035
460.90	0.035
461.11	0.035
461.31	0.035
461.52	0.035
461.72	0.035
461.92	0.036
462.13	0.036
462.33	0.036
462.54	0.036
462.74	0.036
462.95	0.036
463.15	0.036
463.36	0.036
463.56	0.036
463.76	0.036
463.97	0.036
464.17	0.036
464.38	0.035
464.58	0.035
464.79	0.035
464.99	0.035
465.19	0.034
465.40	0.034
465.60	0.033
465.81	0.033
466.01	0.034
466.22	0.033
466.42	0.033
466.62	0.033
466.83	0.033
467.03	0.034
467.24	0.035
467.44	0.035
467.65	0.034
467.85	0.034
468.05	0.034
468.26	0.034
468.46	0.034
468.67	0.033
468.87	0.033
469.07	0.033
469.28	0.033
469.48	0.033
469.69	0.034
469.89	0.034
470.09	0.034
470.30	0.033
470.50	0.033
470.71	0.033
470.91	0.033
471.11	0.033
471.32	0.033
471.52	0.032
471.72	0.032
471.93	0.033
472.13	0.033
472.34	0.033
472.54	0.033
472.74	0.032
472.95	0.032
473.15	0.031
473.35	0.031
473.56	0.031
473.76	0.032
473.97	0.031
474.17	0.031
474.37	0.031
474.58	0.031
474.78	0.031
474.98	0.032
475.19	0.032
475.39	0.032
475.60	0.031
475.80	0.031
476.00	0.030
476.21	0.030
476.41	0.030
476.61	0.029
476.82	0.029
477.02	0.028
477.22	0.028
477.43	0.028
477.63	0.028
477.83	0.028
478.04	0.028
478.24	0.028
478.44	0.028
478.65	0.028
478.85	0.028
479.05	0.029
479.26	0.029
479.46	0.029
479.66	0.029
479.87	0.029
480.07	0.029
480.27	0.029
480.48	0.029
480.68	0.029
480.88	0.029
481.09	0.028
481.29	0.028
481.49	0.028
481.70	0.028
481.90	0.028
482.10	0.028
482.31	0.028
482.51	0.028
482.71	0.029
482.92	0.029
483.12	0.029
483.32	0.029
483.52	0.029
483.73	0.028
483.93	0.028
484.13	0.028
484.34	0.028
484.54	0.028
484.74	0.028
484.95	0.028
485.15	0.027
485.35	0.027
485.55	0.027
485.76	0.027
485.96	0.027
486.16	0.026
486.37	0.026
486.57	0.027
486.77	0.027
486.97	0.027
487.18	0.027
487.38	0.026
487.58	0.027
487.79	0.027
487.99	0.027
488.19	0.026
488.39	0.025
488.60	0.025
488.80	0.025
489.00	0.026
489.20	0.025
489.41	0.025
489.61	0.025
489.81	0.025
490.02	0.026
490.22	0.026
490.42	0.026
490.62	0.027
490.83	0.027
491.03	0.026
491.23	0.026
491.43	0.026
491.64	0.026
491.84	0.027
492.04	0.027
492.24	0.026
492.45	0.026
492.65	0.026
492.85	0.026
493.05	0.026
493.26	0.025
493.46	0.025
493.66	0.025
493.86	0.024
494.07	0.024
494.27	0.025
494.47	0.024
494.67	0.024
494.87	0.024
495.08	0.024
495.28	0.024
495.48	0.024
495.68	0.024
495.89	0.024
496.09	0.023
496.29	0.023
496.49	0.023
496.69	0.023
496.90	0.024
497.10	0.024
497.30	0.023
497.50	0.024
497.71	0.024
497.91	0.024
498.11	0.023
498.31	0.024
498.51	0.024
498.72	0.023
498.92	0.024
499.12	0.024
499.32	0.023
499.52	0.024
499.73	0.024
499.93	0.024
500.13	0.023
500.33	0.023
500.53	0.024
500.74	0.023
500.94	0.024
501.14	0.024
501.34	0.023
501.54	0.023
501.74	0.023
501.95	0.023
502.15	0.023
502.35	0.023
502.55	0.022
502.75	0.022
502.96	0.022
503.16	0.022
503.36	0.022
503.56	0.022
503.76	0.022
503.96	0.022
504.17	0.022
504.37	0.022
504.57	0.021
504.77	0.021
504.97	0.021
505.17	0.021
505.38	0.021
505.58	0.021
505.78	0.021
505.98	0.021
506.18	0.022
506.38	0.022
506.58	0.022
506.79	0.022
506.99	0.021
507.19	0.021
507.39	0.022
507.59	0.022
507.79	0.021
507.99	0.021
508.20	0.022
508.40	0.022
508.60	0.022
508.80	0.022
509.00	0.022
509.20	0.022
509.40	0.021
509.61	0.021
509.81	0.021
510.01	0.021
510.21	0.021
510.41	0.021
510.61	0.021
510.81	0.021
511.01	0.021
511.22	0.021
511.42	0.021
511.62	0.021
511.82	0.020
512.02	0.020
512.22	0.020
512.42	0.020
512.62	0.019
512.82	0.020
513.03	0.020
513.23	0.019
513.43	0.020
513.63	0.019
513.83	0.020
514.03	0.020
514.23	0.020
514.43	0.021
514.63	0.021
514.83	0.021
515.04	0.022
515.24	0.021
515.44	0.022
515.64	0.021
515.84	0.021
516.04	0.021
516.24	0.020
516.44	0.020
516.64	0.020
516.84	0.021
517.04	0.020
517.24	0.020
517.45	0.020
517.65	0.020
517.85	0.020
518.05	0.020
518.25	0.020
518.45	0.020
518.65	0.019
518.85	0.019
519.05	0.019
519.25	0.019
519.45	0.019
519.65	0.018
519.85	0.018
520.05	0.019
520.25	0.018
520.46	0.018
520.66	0.019
520.86	0.018
521.06	0.018
521.26	0.018
521.46	0.018
521.66	0.018
521.86	0.018
522.06	0.018
522.26	0.018
522.46	0.017
522.66	0.017
522.86	0.017
523.06	0.018
523.26	0.018
523.46	0.018
523.66	0.018
523.86	0.018
524.06	0.017
524.26	0.017
524.46	0.017
524.66	0.018
524.86	0.017
525.06	0.017
525.26	0.017
525.46	0.017
525.66	0.017
525.87	0.017
526.07	0.018
526.27	0.018
526.47	0.018
526.67	0.018
526.87	0.018
527.07	0.018
527.27	0.019
527.47	0.019
527.67	0.018
527.87	0.018
528.07	0.018
528.27	0.017
528.47	0.017
528.67	0.017
528.87	0.017
529.07	0.016
529.27	0.016
529.47	0.016
529.67	0.016
529.87	0.016
530.07	0.016
530.27	0.016
530.47	0.016
530.67	0.016
530.87	0.016
531.06	0.016
531.26	0.016
531.46	0.016
531.66	0.016
531.86	0.016
532.06	0.016
532.26	0.016
532.46	0.017
532.66	0.016
532.86	0.017
533.06	0.017
533.26	0.017
533.46	0.017
533.66	0.017
533.86	0.017
534.06	0.017
534.26	0.016
534.46	0.016
534.66	0.016
534.86	0.016
535.06	0.016
535.26	0.015
535.46	0.015
535.66	0.015
535.86	0.015
536.06	0.015
536.26	0.015
536.45	0.015
536.65	0.015
536.85	0.016
537.05	0.016
537.25	0.016
537.45	0.017
537.65	0.016
537.85	0.016
538.05	0.016
538.25	0.016
538.45	0.016
538.65	0.016
538.85	0.015
539.05	0.015
539.25	0.015
539.44	0.015
539.64	0.015
539.84	0.015
540.04	0.015
540.24	0.014
540.44	0.014
540.64	0.015
540.84	0.015
541.04	0.015
541.24	0.015
541.44	0.015
541.64	0.015
541.83	0.015
542.03	0.015
542.23	0.015
542.43	0.015
542.63	0.015
542.83	0.015
543.03	0.015
543.23	0.015
543.43	0.015
543.63	0.015
543.82	0.015
544.02	0.015
544.22	0.015
544.42	0.015
544.62	0.014
544.82	0.014
545.02	0.014
545.22	0.015
545.42	0.015
545.61	0.015
545.81	0.015
546.01	0.014
546.21	0.015
546.41	0.015
546.61	0.015
546.81	0.015
547.01	0.015
547.20	0.015
547.40	0.014
547.60	0.013
547.80	0.014
548.00	0.013
548.20	0.013
548.40	0.013
548.59	0.013
548.79	0.013
548.99	0.013
549.19	0.013
549.39	0.014
549.59	0.013
549.79	0.014
549.98	0.014
550.18	0.014
550.38	0.014
550.58	0.015
550.78	0.014
550.98	0.015
551.17	0.014
551.37	0.014
551.57	0.014
551.77	0.014
551.97	0.014
552.17	0.014
552.36	0.014
552.56	0.014
552.76	0.013
552.96	0.013
553.16	0.012
553.36	0.013
553.55	0.012
553.75	0.012
553.95	0.012
554.15	0.012
554.35	0.013
554.55	0.013
554.74	0.013
554.94	0.013
555.14	0.013
555.34	0.013
555.54	0.013
555.73	0.013
555.93	0.013
556.13	0.012
556.33	0.012
556.53	0.012
556.72	0.012
556.92	0.013
557.12	0.012
557.32	0.012
557.52	0.012
557.71	0.012
557.91	0.012
558.11	0.012
558.31	0.012
558.51	0.012
558.70	0.012
558.90	0.012
559.10	0.013
559.30	0.013
559.49	0.013
559.69	0.013
559.89	0.013
560.09	0.014
560.29	0.013
560.48	0.013
560.68	0.013
560.88	0.013
561.08	0.012
561.27	0.013
561.47	0.013
561.67	0.013
561.87	0.012
562.06	0.013
562.26	0.013
562.46	0.013
562.66	0.013
562.86	0.014
563.05	0.013
563.25	0.013
563.45	0.012
563.65	0.012
563.84	0.012
564.04	0.012
564.24	0.013
564.44	0.012
564.63	0.012
564.83	0.011
565.03	0.011
565.22	0.011
565.42	0.011
565.62	0.011
565.82	0.011
566.01	0.011
566.21	0.011
566.41	0.011
566.61	0.011
566.80	0.011
567.00	0.012
567.20	0.012
567.40	0.012
567.59	0.012
567.79	0.012
567.99	0.012
568.18	0.012
568.38	0.012
568.58	0.012
568.78	0.012
568.97	0.011
569.17	0.011
569.37	0.011
569.56	0.012
569.76	0.012
569.96	0.012
570.16	0.012
570.35	0.012
570.55	0.012
570.75	0.012
570.94	0.012
571.14	0.012
571.34	0.012
571.53	0.012
571.73	0.012
571.93	0.012
572.12	0.012
572.32	0.012
572.52	0.012
572.72	0.012
572.91	0.012
573.11	0.012
573.31	0.012
573.50	0.012
573.70	0.012
573.90	0.013
574.09	0.012
574.29	0.012
574.49	0.011
574.68	0.012
574.88	0.011
575.08	0.011
575.27	0.011
575.47	0.011
575.67	0.011
575.86	0.012
576.06	0.012
576.26	0.013
576.45	0.012
576.65	0.013
576.85	0.012
577.04	0.012
577.24	0.012
577.44	0.012
577.63	0.012
577.83	0.012
578.02	0.012
578.22	0.012
578.42	0.012
578.61	0.012
578.81	0.011
579.01	0.012
579.20	0.012
579.40	0.012
579.60	0.012
579.79	0.013
579.99	0.013
580.19	0.013
580.38	0.013
580.58	0.013
580.77	0.013
580.97	0.012
581.17	0.012
581.36	0.012
581.56	0.011
581.75	0.010
581.95	0.010
582.15	0.010
582.34	0.010
582.54	0.009
582.74	0.009
582.93	0.009
583.13	0.009
583.32	0.010
583.52	0.011
583.72	0.011
583.91	0.011
584.11	0.011
584.30	0.011
584.50	0.011
584.70	0.011
584.89	0.011
585.09	0.011
585.28	0.010
585.48	0.010
585.68	0.010
585.87	0.010
586.07	0.010
586.26	0.010
586.46	0.010
586.66	0.011
586.85	0.010
587.05	0.011
587.24	0.010
587.44	0.010
587.63	0.010
587.83	0.010
588.03	0.010
588.22	0.010
588.42	0.010
588.61	0.010
588.81	0.010
589.00	0.010
589.20	0.010
589.40	0.010
589.59	0.010
589.79	0.010
589.98	0.010
590.18	0.010
590.37	0.010
590.57	0.010
590.76	0.010
590.96	0.010
591.16	0.010
591.35	0.011
591.55	0.012
591.74	0.012
591.94	0.012
592.13	0.012
592.33	0.012
592.52	0.011
592.72	0.012
592.91	0.012
593.11	0.011
593.30	0.010
593.50	0.010
593.70	0.009
593.89	0.009
594.09	0.009
594.28	0.009
594.48	0.009
594.67	0.009
594.87	0.009
595.06	0.009
595.26	0.009
595.45	0.009
595.65	0.010
595.84	0.010
596.04	0.010
596.23	0.009
596.43	0.010
596.62	0.010
596.82	0.010
597.01	0.010
597.21	0.010
597.40	0.010
597.60	0.010
597.79	0.010
597.99	0.011
598.18	0.011
598.38	0.011
598.57	0.011
598.77	0.011
598.96	0.010
599.16	0.010
599.35	0.010
599.55	0.009
599.74	0.009
599.94	0.009
600.13	0.008
600.33	0.008
600.52	0.008
600.72	0.008
600.91	0.008
601.11	0.008
601.30	0.008
601.50	0.008
601.69	0.009
601.89	0.009
602.08	0.010
602.27	0.010
602.47	0.010
602.66	0.010
602.86	0.010
603.05	0.009
603.25	0.009
603.44	0.009
603.64	0.009
603.83	0.009
604.03	0.009
604.22	0.009
604.41	0.009
604.61	0.009
604.80	0.010
605.00	0.009
605.19	0.009
605.39	0.009
605.58	0.009
605.78	0.009
605.97	0.009
606.16	0.009
606.36	0.009
606.55	0.009
606.75	0.009
606.94	0.009
607.14	0.008
607.33	0.008
607.52	0.008
607.72	0.008
607.91	0.008
608.11	0.007
608.30	0.007
608.50	0.008
608.69	0.008
608.88	0.008
609.08	0.008
609.27	0.008
609.47	0.008
609.66	0.008
609.85	0.008
610.05	0.008
610.24	0.009
610.44	0.009
610.63	0.009
610.83	0.009
611.02	0.009
611.21	0.009
611.41	0.008
611.60	0.009
611.80	0.008
611.99	0.008
612.18	0.008
612.38	0.008
612.57	0.008
612.76	0.008
612.96	0.008
613.15	0.008
613.35	0.008
613.54	0.009
613.73	0.009
613.93	0.009
614.12	0.009
614.32	0.008
614.51	0.008
614.70	0.008
614.90	0.008
615.09	0.007
615.28	0.007
615.48	0.007
615.67	0.007
615.86	0.007
616.06	0.008
616.25	0.008
616.45	0.008
616.64	0.008
616.83	0.009
617.03	0.008
617.22	0.008
617.41	0.008
617.61	0.008
617.80	0.008
617.99	0.008
618.19	0.008
618.38	0.007
618.57	0.007
618.77	0.007
618.96	0.007
619.15	0.007
619.35	0.006
619.54	0.006
619.73	0.006
619.93	0.006
620.12	0.007
620.31	0.007
620.51	0.006
620.70	0.007
620.89	0.007
621.09	0.007
621.28	0.007
621.47	0.007
621.67	0.007
621.86	0.007
622.05	0.007
622.25	0.008
622.44	0.008
622.63	0.007
622.83	0.008
623.02	0.008
623.21	0.007
623.41	0.007
623.60	0.007
623.79	0.007
623.98	0.007
624.18	0.007
624.37	0.007
624.56	0.007
624.76	0.006
624.95	0.006
625.14	0.007
625.33	0.006
625.53	0.007
625.72	0.007
625.91	0.007
626.11	0.007
626.30	0.006
626.49	0.006
626.68	0.007
626.88	0.007
627.07	0.006
627.26	0.006
627.46	0.006
627.65	0.006
627.84	0.007
628.03	0.007
628.23	0.007
628.42	0.007
628.61	0.007
628.80	0.007
629.00	0.006
629.19	0.006
629.38	0.007
629.58	0.006
629.77	0.006
629.96	0.006
630.15	0.006
630.35	0.006
630.54	0.006
630.73	0.005
630.92	0.005
631.12	0.005
631.31	0.005
631.50	0.005
631.69	0.005
631.89	0.005
632.08	0.005
632.27	0.005
632.46	0.005
632.65	0.006
632.85	0.005
633.04	0.005
633.23	0.006
633.42	0.006
633.62	0.006
633.81	0.006
634.00	0.006
634.19	0.006
634.39	0.006
634.58	0.006
634.77	0.006
634.96	0.006
635.15	0.006
635.35	0.006
635.54	0.007
635.73	0.007
635.92	0.007
636.11	0.007
636.31	0.006
636.50	0.006
636.69	0.006
636.88	0.006
637.07	0.006
637.27	0.006
637.46	0.006
637.65	0.006
637.84	0.005
638.03	0.005
638.23	0.005
638.42	0.005
638.61	0.005
638.80	0.005
638.99	0.005
639.19	0.005
639.38	0.005
639.57	0.005
639.76	0.005
639.95	0.005
640.14	0.005
640.34	0.005
640.53	0.005
640.72	0.006
640.91	0.006
641.10	0.006
641.30	0.005
641.49	0.006
641.68	0.005
641.87	0.005
642.06	0.005
642.25	0.005
642.44	0.004
642.64	0.004
642.83	0.004
643.02	0.004
643.21	0.004
643.40	0.004
643.59	0.004
643.79	0.004
643.98	0.004
644.17	0.004
644.36	0.004
644.55	0.005
644.74	0.005
644.93	0.005
645.13	0.005
645.32	0.005
645.51	0.004
645.70	0.004
645.89	0.004
646.08	0.005
646.27	0.005
646.46	0.005
646.66	0.005
646.85	0.005
647.04	0.005
647.23	0.005
647.42	0.006
647.61	0.006
647.80	0.006
647.99	0.006
648.19	0.006
648.38	0.006
648.57	0.005
648.76	0.006
648.95	0.006
649.14	0.006
649.33	0.006
649.52	0.005
649.71	0.005
649.91	0.005
650.10	0.005
650.29	0.005
650.48	0.005
650.67	0.005
650.86	0.005
651.05	0.005
651.24	0.005
651.43	0.005
651.62	0.005
651.81	0.005
652.01	0.005
652.20	0.005
652.39	0.005
652.58	0.005
652.77	0.005
652.96	0.005
653.15	0.005
653.34	0.004
653.53	0.004
653.72	0.005
653.91	0.005
654.10	0.006
654.29	0.006
654.48	0.007
654.68	0.007
654.87	0.007
655.06	0.008
655.25	0.008
655.44	0.007
655.63	0.007
655.82	0.007
656.01	0.006
656.20	0.006
656.39	0.005
656.58	0.005
656.77	0.005
656.96	0.004
657.15	0.005
657.34	0.005
657.53	0.005
657.72	0.005
657.91	0.004
658.10	0.004
658.29	0.004
658.48	0.004
658.68	0.004
658.87	0.004
659.06	0.004
659.25	0.004
659.44	0.004
659.63	0.005
659.82	0.004
660.01	0.004
660.20	0.004
660.39	0.004
660.58	0.004
660.77	0.004
660.96	0.003
661.15	0.004
661.34	0.004
661.53	0.004
661.72	0.004
661.91	0.004
662.10	0.003
662.29	0.003
662.48	0.003
662.67	0.003
662.86	0.003
663.05	0.003
663.24	0.003
663.43	0.003
663.62	0.003
663.81	0.003
664.00	0.004
664.19	0.004
664.38	0.003
664.57	0.003
664.76	0.003
664.95	0.003
665.14	0.003
665.33	0.003
665.52	0.003
665.71	0.003
665.90	0.003
666.09	0.003
666.28	0.004
666.46	0.004
666.65	0.004
666.84	0.004
667.03	0.004
667.22	0.004
667.41	0.003
667.60	0.003
667.79	0.003
667.98	0.003
668.17	0.003
668.36	0.004
668.55	0.003
668.74	0.003
668.93	0.004
669.12	0.004
669.31	0.004
669.50	0.004
669.69	0.005
669.88	0.005
670.07	0.005
670.26	0.005
670.44	0.005
670.63	0.005
670.82	0.005
671.01	0.005
671.20	0.005
671.39	0.005
671.58	0.005
671.77	0.005
671.96	0.004
672.15	0.004
672.34	0.004
672.53	0.004
672.72	0.004
672.91	0.004
673.09	0.004
673.28	0.004
673.47	0.004
673.66	0.004
673.85	0.003
674.04	0.003
674.23	0.003
674.42	0.003
674.61	0.003
674.80	0.003
674.98	0.003
675.17	0.003
675.36	0.004
675.55	0.004
675.74	0.004
675.93	0.004
676.12	0.004
676.31	0.004
676.50	0.004
676.69	0.004
676.87	0.004
677.06	0.004
677.25	0.004
677.44	0.004
677.63	0.004
677.82	0.004
678.01	0.005
678.20	0.004
678.38	0.004
678.57	0.004
678.76	0.004
678.95	0.005
679.14	0.005
679.33	0.004
679.52	0.004
679.71	0.004
679.89	0.004
680.08	0.003
680.27	0.004
680.46	0.003
680.65	0.003
680.84	0.003
681.02	0.003
681.21	0.003
681.40	0.003
681.59	0.003
681.78	0.003
681.97	0.002
682.16	0.003
682.34	0.003
682.53	0.003
682.72	0.003
682.91	0.003
683.10	0.004
683.29	0.004
683.47	0.004
683.66	0.005
683.85	0.005
684.04	0.005
684.23	0.005
684.42	0.005
684.60	0.005
684.79	0.004
684.98	0.004
685.17	0.004
685.36	0.004
685.54	0.004
685.73	0.004
685.92	0.004
686.11	0.003
686.30	0.003
686.49	0.003
686.67	0.003
686.86	0.003
687.05	0.003
687.24	0.002
687.43	0.003
687.61	0.003
687.80	0.002
687.99	0.003
688.18	0.002
688.36	0.003
688.55	0.002
688.74	0.003
688.93	0.003
689.12	0.003
689.30	0.003
689.49	0.003
689.68	0.004
689.87	0.004
690.06	0.003
690.24	0.003
690.43	0.004
690.62	0.003
690.81	0.003
690.99	0.003
691.18	0.003
691.37	0.003
691.56	0.003
691.74	0.003
691.93	0.003
692.12	0.003
692.31	0.003
692.50	0.003
692.68	0.003
692.87	0.003
693.06	0.003
693.25	0.003
693.43	0.004
693.62	0.004
693.81	0.004
694.00	0.004
694.18	0.004
694.37	0.004
694.56	0.004
694.74	0.004
694.93	0.004
695.12	0.004
695.31	0.004
695.49	0.004
695.68	0.004
695.87	0.004
696.06	0.004
696.24	0.004
696.43	0.004
696.62	0.003
696.80	0.003
696.99	0.003
697.18	0.003
697.37	0.003
697.55	0.003
697.74	0.003
697.93	0.003
698.12	0.002
698.30	0.002
698.49	0.002
698.68	0.002
698.86	0.002
699.05	0.002
699.24	0.002
699.42	0.002
699.61	0.002
699.80	0.002
699.99	0.002
700.17	0.002
700.36	0.002
700.55	0.003
700.73	0.003
700.92	0.003
701.11	0.003
701.29	0.003
701.48	0.004
701.67	0.004
701.85	0.003
702.04	0.003
702.23	0.003
702.41	0.003
702.60	0.003
702.79	0.002
702.97	0.002
703.16	0.002
703.35	0.002
703.53	0.002
703.72	0.002
703.91	0.002
704.09	0.002
704.28	0.002
704.47	0.002
704.65	0.002
704.84	0.002
705.03	0.002
705.21	0.002
705.40	0.002
705.59	0.003
705.77	0.003
705.96	0.003
706.15	0.003
706.33	0.003
706.52	0.003
706.71	0.003
706.89	0.003
707.08	0.003
707.26	0.002
707.45	0.002
707.64	0.002
707.82	0.002
708.01	0.002
708.20	0.002
708.38	0.002
708.57	0.002
708.75	0.002
708.94	0.003
709.13	0.003
709.31	0.003
709.50	0.003
709.69	0.003
709.87	0.003
710.06	0.003
710.24	0.003
710.43	0.003
710.62	0.003
710.80	0.003
710.99	0.003
711.17	0.002
711.36	0.002
711.55	0.002
711.73	0.002
711.92	0.002
712.10	0.002
712.29	0.002
712.48	0.002
712.66	0.002
712.85	0.003
713.03	0.002
713.22	0.002
713.40	0.002
713.59	0.002
713.78	0.002
713.96	0.002
714.15	0.002
714.33	0.002
714.52	0.002
714.71	0.002
714.89	0.002
715.08	0.002
715.26	0.002
715.45	0.003
715.63	0.003
715.82	0.003
716.00	0.003
716.19	0.003
716.38	0.003
716.56	0.003
716.75	0.003
716.93	0.003
717.12	0.003
717.30	0.003
717.49	0.003
717.67	0.003
717.86	0.003
718.05	0.003
718.23	0.004
718.42	0.003
718.60	0.003
718.79	0.003
718.97	0.003
719.16	0.003
719.34	0.003
719.53	0.003
719.71	0.003
719.90	0.003
720.08	0.003
720.27	0.004
720.45	0.004
720.64	0.003
720.83	0.003
721.01	0.003
721.20	0.003
721.38	0.002
721.57	0.003
721.75	0.002
721.94	0.002
722.12	0.002
722.31	0.002
722.49	0.002
722.68	0.002
722.86	0.002
723.05	0.002
723.23	0.002
723.42	0.002
723.60	0.002
723.79	0.002
723.97	0.002
724.16	0.002
724.34	0.003
724.53	0.003
724.71	0.003
724.90	0.002
725.08	0.002
725.27	0.002
725.45	0.003
725.64	0.002
725.82	0.003
726.00	0.002
726.19	0.003
726.37	0.003
726.56	0.003
726.74	0.004
726.93	0.004
727.11	0.003
727.30	0.003
727.48	0.003
727.67	0.004
727.85	0.004
728.04	0.004
728.22	0.003
728.40	0.003
728.59	0.003
728.77	0.003
728.96	0.003
729.14	0.003
729.33	0.003
729.51	0.002
729.70	0.002
729.88	0.002
730.07	0.002
730.25	0.002
730.43	0.002
730.62	0.002
730.80	0.002
730.99	0.002
731.17	0.002
731.36	0.003
731.54	0.003
731.72	0.003
731.91	0.004
732.09	0.003
732.28	0.003
732.46	0.003
732.65	0.003
732.83	0.003
733.01	0.003
733.20	0.003
733.38	0.003
733.57	0.002
733.75	0.003
733.93	0.002
734.12	0.003
734.30	0.003
734.49	0.003
734.67	0.003
734.85	0.002
735.04	0.003
735.22	0.003
735.41	0.003
735.59	0.003
735.77	0.002
735.96	0.002
736.14	0.002
736.33	0.002
736.51	0.003
736.69	0.002
736.88	0.002
737.06	0.002
737.25	0.002
737.43	0.002
737.61	0.003
737.80	0.003
737.98	0.003
738.16	0.003
738.35	0.003
738.53	0.003
738.71	0.003
738.90	0.003
739.08	0.003
739.27	0.003
739.45	0.003
739.63	0.003
739.82	0.003
740.00	0.003
740.18	0.003
740.37	0.003
740.55	0.003
740.73	0.003
740.92	0.003
741.10	0.003
741.28	0.003
741.47	0.003
741.65	0.003
741.83	0.003
742.02	0.003
742.20	0.003
742.38	0.003
742.57	0.003
742.75	0.003
742.93	0.002
743.12	0.002
743.30	0.002
743.48	0.002
743.67	0.002
743.85	0.002
744.03	0.002
744.22	0.002
744.40	0.001
744.58	0.002
744.77	0.002
744.95	0.002
745.13	0.002
745.32	0.002
745.50	0.002
745.68	0.002
745.87	0.002
746.05	0.002
746.23	0.002
746.41	0.002
746.60	0.002
746.78	0.002
746.96	0.002
747.15	0.002
747.33	0.002
747.51	0.002
747.70	0.003
747.88	0.003
748.06	0.003
748.24	0.003
748.43	0.003
748.61	0.002
748.79	0.002
748.97	0.002
749.16	0.002
749.34	0.002
749.52	0.002
749.71	0.002
749.89	0.002
750.07	0.002
750.25	0.002
750.44	0.003
750.62	0.003
750.80	0.003
750.98	0.003
751.17	0.002
751.35	0.003
751.53	0.003
751.71	0.003
751.90	0.003
752.08	0.002
752.26	0.002
752.44	0.003
752.63	0.002
752.81	0.003
752.99	0.002
753.17	0.002
753.36	0.002
753.54	0.002
753.72	0.002
753.90	0.002
754.09	0.002
754.27	0.002
754.45	0.002
754.63	0.002
754.82	0.002
755.00	0.002
755.18	0.002
755.36	0.002
755.54	0.002
755.73	0.003
755.91	0.003
756.09	0.003
756.27	0.003
756.45	0.004
756.64	0.004
756.82	0.005
757.00	0.005
757.18	0.005
757.37	0.005
757.55	0.004
757.73	0.004
757.91	0.004
758.09	0.003
758.27	0.003
758.46	0.003
758.64	0.003
758.82	0.002
759.00	0.002
759.18	0.003
759.37	0.003
759.55	0.003
759.73	0.003
759.91	0.003
760.09	0.004
760.28	0.004
760.46	0.004
760.64	0.004
760.82	0.004
761.00	0.004
761.18	0.004
761.37	0.004
761.55	0.004
761.73	0.004
761.91	0.004
762.09	0.004
762.27	0.004
762.46	0.004
762.64	0.004
762.82	0.004
763.00	0.004
763.18	0.004
763.36	0.005
763.54	0.005
763.73	0.005
763.91	0.005
764.09	0.005
764.27	0.005
764.45	0.005
764.63	0.005
764.81	0.005
765.00	0.005
765.18	0.005
765.36	0.004
765.54	0.004
765.72	0.004
765.90	0.004
766.08	0.004
766.27	0.004
766.45	0.004
766.63	0.004
766.81	0.004
766.99	0.004
767.17	0.004
767.35	0.004
767.53	0.004
767.71	0.004
767.90	0.005
768.08	0.004
768.26	0.004
768.44	0.004
768.62	0.004
768.80	0.004
768.98	0.003
769.16	0.004
769.34	0.004
769.52	0.004
769.71	0.004
769.89	0.004
770.07	0.004
770.25	0.004
770.43	0.005
770.61	0.005
770.79	0.004
770.97	0.004
771.15	0.004
771.33	0.003
771.51	0.003
771.69	0.003
771.88	0.003
772.06	0.003
772.24	0.003
772.42	0.003
772.60	0.003
772.78	0.003
772.96	0.004
773.14	0.004
773.32	0.003
773.50	0.003
773.68	0.003
773.86	0.004
774.04	0.004
774.22	0.004
774.40	0.003
774.58	0.003
774.77	0.003
774.95	0.004
775.13	0.003
775.31	0.003
775.49	0.003
775.67	0.003
775.85	0.003
776.03	0.003
776.21	0.003
776.39	0.003
776.57	0.003
776.75	0.002
776.93	0.003
777.11	0.003
777.29	0.003
777.47	0.003
777.65	0.003
777.83	0.003
778.01	0.003
778.19	0.003
778.37	0.004
778.55	0.003
778.73	0.003
778.91	0.003
779.09	0.003
779.27	0.003
779.45	0.003
779.63	0.003
779.81	0.003
779.99	0.003
780.17	0.003
780.35	0.003
780.53	0.003
780.71	0.004
780.89	0.004
781.07	0.004
781.25	0.004
781.43	0.004
781.61	0.004
781.79	0.004
781.97	0.004
782.15	0.004
782.33	0.004
782.51	0.004
782.69	0.004
782.87	0.004
783.05	0.004
783.23	0.005
783.41	0.004
783.59	0.004
783.77	0.004
783.95	0.004
784.13	0.003
784.31	0.003
784.49	0.003
784.67	0.003
784.85	0.002
785.03	0.002
785.21	0.003
785.38	0.003
785.56	0.003
785.74	0.003
785.92	0.003
786.10	0.004
786.28	0.004
786.46	0.004
786.64	0.004
786.82	0.004
787.00	0.004
787.18	0.004
787.36	0.004
787.54	0.004
787.72	0.004
787.90	0.004
788.08	0.004
788.25	0.004
788.43	0.004
788.61	0.004
788.79	0.004
788.97	0.004
789.15	0.004
789.33	0.004
789.51	0.004
789.69	0.004
789.87	0.004
790.05	0.004
790.23	0.004
790.40	0.003
790.58	0.003
790.76	0.003
790.94	0.003
791.12	0.003
791.30	0.004
791.48	0.003
791.66	0.003
791.84	0.004
792.02	0.004
792.19	0.004
792.37	0.004
792.55	0.004
792.73	0.004
792.91	0.004
793.09	0.004
793.27	0.004
793.45	0.004
793.63	0.004
793.80	0.004
793.98	0.004
794.16	0.004
794.34	0.004
794.52	0.004
794.70	0.004
794.88	0.004
795.05	0.004
795.23	0.003
795.41	0.003
795.59	0.004
795.77	0.004
795.95	0.003
796.13	0.003
796.30	0.004
796.48	0.004
796.66	0.004
796.84	0.004
797.02	0.004
797.20	0.004
797.38	0.004
797.55	0.004
797.73	0.004
797.91	0.003
798.09	0.003
798.27	0.003
798.45	0.003
798.62	0.003
798.80	0.003
798.98	0.003
799.16	0.003
799.34	0.003
799.52	0.003
799.69	0.003
799.87	0.002
800.05	0.003
800.23	0.003
800.41	0.003
800.58	0.003
800.76	0.003
800.94	0.003
801.12	0.003
801.30	0.003
801.47	0.004
801.65	0.003
801.83	0.003
802.01	0.003
802.19	0.003
802.36	0.003
802.54	0.003
802.72	0.003
802.90	0.003
803.08	0.003
803.25	0.003
803.43	0.004
803.61	0.004
803.79	0.004
803.97	0.004
804.14	0.004
804.32	0.004
804.50	0.004
804.68	0.004
804.85	0.004
805.03	0.003
805.21	0.004
805.39	0.004
805.56	0.003
805.74	0.003
805.92	0.004
806.10	0.004
806.28	0.004
806.45	0.004
806.63	0.005
806.81	0.004
806.99	0.004
807.16	0.005
807.34	0.005
807.52	0.005
807.70	0.004
807.87	0.004
808.05	0.004
808.23	0.004
808.41	0.004
808.58	0.004
808.76	0.004
808.94	0.004
809.11	0.004
809.29	0.005
809.47	0.005
809.65	0.005
809.82	0.005
810.00	0.004
810.18	0.004
810.36	0.004
810.53	0.004
810.71	0.004
810.89	0.004
811.06	0.004
811.24	0.004
811.42	0.004
811.60	0.004
811.77	0.004
811.95	0.004
812.13	0.004
812.30	0.004
812.48	0.004
812.66	0.003
812.83	0.003
813.01	0.003
813.19	0.003
813.37	0.003
813.54	0.003
813.72	0.003
813.90	0.003
814.07	0.003
814.25	0.003
814.43	0.003
814.60	0.003
814.78	0.003
814.96	0.003
815.13	0.004
815.31	0.004
815.49	0.004
815.66	0.004
815.84	0.004
816.02	0.004
816.19	0.004
816.37	0.004
816.55	0.004
816.72	0.004
816.90	0.004
817.08	0.004
817.25	0.004
817.43	0.003
817.61	0.003
817.78	0.004
817.96	0.004
818.14	0.004
818.31	0.004
818.49	0.004
818.67	0.004
818.84	0.004
819.02	0.004
819.19	0.004
819.37	0.005
819.55	0.004
819.72	0.004
819.90	0.004
820.08	0.004
820.25	0.004
820.43	0.004
820.60	0.004
820.78	0.004
820.96	0.004
821.13	0.003
821.31	0.004
821.49	0.003
821.66	0.003
821.84	0.004
822.01	0.004
822.19	0.003
822.37	0.004
822.54	0.004
822.72	0.004
822.89	0.004
823.07	0.004
823.25	0.005
823.42	0.004
823.60	0.004
823.77	0.004
823.95	0.004
824.13	0.004
824.30	0.004
824.48	0.004
824.65	0.004
824.83	0.004
825.01	0.004
825.18	0.004
825.36	0.004
825.53	0.004
825.71	0.004
825.88	0.004
826.06	0.003
826.24	0.004
826.41	0.004
826.59	0.004
826.76	0.003
826.94	0.004
827.11	0.003
827.29	0.004
827.47	0.003
827.64	0.004
827.82	0.005
827.99	0.004
828.17	0.004
828.34	0.005
828.52	0.005
828.69	0.005
828.87	0.005
829.04	0.005
829.22	0.005
829.40	0.005
829.57	0.005
829.75	0.004
829.92	0.004
830.10	0.004
830.27	0.004
830.45	0.004
830.62	0.004
830.80	0.004
830.97	0.003
831.15	0.003
831.32	0.003
831.50	0.002
831.67	0.002
831.85	0.003
832.02	0.003
832.20	0.003
832.37	0.002
832.55	0.003
832.73	0.003
832.90	0.003
833.08	0.004
833.25	0.004
833.43	0.003
833.60	0.003
833.78	0.003
833.95	0.003
834.13	0.003
834.30	0.004
834.48	0.004
834.65	0.004
834.82	0.004
835.00	0.004
835.17	0.005
835.35	0.004
835.52	0.004
835.70	0.004
835.87	0.004
836.05	0.004
836.22	0.004
836.40	0.003
836.57	0.003
836.75	0.003
836.92	0.003
837.10	0.002
837.27	0.002
837.45	0.002
837.62	0.001
837.80	0.002
837.97	0.002
838.14	0.002
838.32	0.002
838.49	0.002
838.67	0.003
838.84	0.003
839.02	0.004
839.19	0.003
839.37	0.003
839.54	0.003
839.71	0.003
839.89	0.003
840.06	0.003
840.24	0.002
840.41	0.002
840.59	0.002
840.76	0.002
840.94	0.002
841.11	0.002
841.28	0.002
841.46	0.003
841.63	0.002
841.81	0.002
841.98	0.003
842.15	0.003
842.33	0.003
842.50	0.003
842.68	0.003
842.85	0.003
843.03	0.003
843.20	0.003
843.37	0.003
843.55	0.003
843.72	0.004
843.90	0.004
844.07	0.003
844.24	0.004
844.42	0.003
844.59	0.003
844.77	0.003
844.94	0.003
845.11	0.003
845.29	0.003
845.46	0.003
845.63	0.003
845.81	0.004
845.98	0.004
846.16	0.004
846.33	0.004
846.50	0.004
846.68	0.005
846.85	0.005
847.02	0.005
847.20	0.004
847.37	0.003
847.55	0.003
847.72	0.003
847.89	0.003
848.07	0.003
848.24	0.002
848.41	0.003
848.59	0.003
848.76	0.004
848.93	0.004
849.11	0.005
849.28	0.005
849.45	0.005
849.63	0.005
849.80	0.006
849.97	0.006
850.15	0.006
850.32	0.006
850.49	0.006
850.67	0.006
850.84	0.006
851.01	0.006
851.19	0.006
851.36	0.006
851.53	0.006
851.71	0.006
851.88	0.006
852.05	0.006
852.23	0.006
852.40	0.006
852.57	0.006
852.75	0.007
852.92	0.006
853.09	0.007
853.27	0.007
853.44	0.007
853.61	0.007
853.79	0.007
853.96	0.007
854.13	0.007
854.30	0.007
854.48	0.007
854.65	0.007
854.82	0.007
855.00	0.008
855.17	0.007
855.34	0.008
855.51	0.008
855.69	0.008
855.86	0.008
856.03	0.008
856.21	0.009
856.38	0.008
856.55	0.008
856.72	0.008
856.90	0.008
857.07	0.009
857.24	0.009
857.42	0.009
857.59	0.009
857.76	0.009
857.93	0.009
858.11	0.010
858.28	0.010
858.45	0.010
858.62	0.010
858.80	0.010
858.97	0.010
859.14	0.010
859.31	0.011
859.49	0.011
859.66	0.011
859.83	0.010
860.00	0.010
860.18	0.010
860.35	0.011
860.52	0.011
860.69	0.011
860.86	0.011
861.04	0.012
861.21	0.012
861.38	0.013
861.55	0.013
861.73	0.013
861.90	0.014
862.07	0.013
862.24	0.014
862.42	0.014
862.59	0.013
862.76	0.013
862.93	0.013
863.10	0.013
863.28	0.013
863.45	0.013
863.62	0.014
863.79	0.014
863.96	0.014
864.14	0.015
864.31	0.016
864.48	0.016
864.65	0.017
864.82	0.017
865.00	0.017
865.17	0.017
865.34	0.018
865.51	0.018
865.68	0.018
865.86	0.017
866.03	0.017
866.20	0.018
866.37	0.018
866.54	0.018
866.71	0.018
866.89	0.018
867.06	0.018
867.23	0.019
867.40	0.019
867.57	0.020
867.74	0.020
867.92	0.020
868.09	0.020
868.26	0.020
868.43	0.021
868.60	0.021
868.77	0.022
868.95	0.022
869.12	0.022
869.29	0.023
869.46	0.023
869.63	0.023
869.80	0.023
869.97	0.023
870.15	0.023
870.32	0.023
870.49	0.023
870.66	0.023
870.83	0.023
871.00	0.023
871.17	0.024
871.34	0.024
871.52	0.025
871.69	0.025
871.86	0.024
872.03	0.025
872.20	0.025
872.37	0.025
872.54	0.025
872.71	0.025
872.89	0.024
873.06	0.025
873.23	0.025
873.40	0.025
873.57	0.025
873.74	0.025
873.91	0.025
874.08	0.025
874.25	0.027
874.42	0.027
874.60	0.026
874.77	0.026
874.94	0.027
875.11	0.026
875.28	0.026
875.45	0.026
875.62	0.026
875.79	0.025
875.96	0.025
876.13	0.026
876.30	0.027
876.47	0.027
876.65	0.028
876.82	0.029
876.99	0.029
877.16	0.029
877.33	0.030
877.50	0.030
877.67	0.030
877.84	0.030
878.01	0.030
878.18	0.030
878.35	0.030
878.52	0.030
878.69	0.030
878.86	0.030
879.03	0.029
879.20	0.029
879.38	0.029
879.55	0.029
879.72	0.030
879.89	0.029
880.06	0.030
880.23	0.030
880.40	0.030
880.57	0.030
880.74	0.031
880.91	0.031
881.08	0.031
881.25	0.031
881.42	0.032
881.59	0.032
881.76	0.032
881.93	0.032
882.10	0.032
882.27	0.032
882.44	0.032
882.61	0.031
882.78	0.031
882.95	0.031
883.12	0.031
883.29	0.032
883.46	0.032
883.63	0.033
883.80	0.033
883.97	0.034
884.14	0.035
884.31	0.035
884.48	0.036
884.65	0.035
884.82	0.035
884.99	0.035
885.16	0.034
885.33	0.034
885.50	0.034
885.67	0.033
885.84	0.033
886.01	0.033
886.18	0.034
886.35	0.034
886.52	0.034
886.69	0.035
886.86	0.035
887.03	0.036
887.20	0.036
887.37	0.035
887.54	0.035
887.71	0.035
887.88	0.035
888.05	0.035
888.22	0.034
888.39	0.034
888.55	0.034
888.72	0.033
888.89	0.033
889.06	0.033
889.23	0.033
889.40	0.035
889.57	0.035
889.74	0.035
889.91	0.036
890.08	0.036
890.25	0.036
890.42	0.037
890.59	0.037
890.76	0.037
890.93	0.036
891.10	0.035
891.26	0.036
891.43	0.035
891.60	0.035
891.77	0.036
891.94	0.035
892.11	0.034
892.28	0.035
892.45	0.034
892.62	0.034
892.79	0.035
892.96	0.034
893.13	0.033
893.29	0.032
893.46	0.031
893.63	0.032
893.80	0.033
893.97	0.032
894.14	0.031
894.31	0.031
894.48	0.039
894.65	0.026
894.81	0.030
894.98	0.032
