177.34	-0.000
177.56	-0.000
177.78	-0.000
178.00	-0.092
178.22	-0.000
178.44	-0.000
178.66	-0.000
178.89	-0.000
179.11	0.785
179.33	-0.006
179.55	-0.025
179.77	1.303
179.99	-0.000
180.21	-0.000
180.43	-0.000
180.65	-0.296
180.87	-0.173
181.09	-0.035
181.31	0.083
181.53	0.097
181.75	0.060
181.97	0.144
182.19	0.180
182.41	0.155
182.63	0.185
182.85	0.209
183.07	0.219
183.30	0.209
183.52	0.222
183.74	0.260
183.96	0.221
184.18	0.205
184.40	0.224
184.62	0.207
184.84	0.209
185.06	0.198
185.28	0.213
185.50	0.227
185.72	0.233
185.94	0.264
186.16	0.302
186.38	0.319
186.60	0.347
186.82	0.396
187.04	0.445
187.26	0.485
187.48	0.534
187.70	0.573
187.92	0.595
188.14	0.634
188.36	0.690
188.58	0.711
188.80	0.715
189.02	0.723
189.24	0.779
189.46	0.813
189.68	0.842
189.90	0.851
190.12	0.848
190.34	0.843
190.56	0.855
190.78	0.874
191.00	0.876
191.22	0.850
191.44	0.838
191.66	0.844
191.88	0.867
192.10	0.871
192.32	0.890
192.54	0.916
192.76	0.931
192.98	0.954
193.20	0.978
193.42	1.013
193.64	1.042
193.86	1.060
194.08	1.096
194.30	1.122
194.52	1.135
194.74	1.140
194.96	1.131
195.18	1.166
195.40	1.165
195.62	1.141
195.84	1.159
196.06	1.157
196.28	1.160
196.50	1.171
196.72	1.163
196.94	1.209
197.16	1.209
197.38	1.192
197.60	1.226
197.82	1.196
198.04	1.208
198.26	1.215
198.48	1.195
198.70	1.213
198.92	1.213
199.13	1.231
199.35	1.254
199.57	1.263
199.79	1.267
200.01	1.260
200.23	1.252
200.45	1.269
200.67	1.274
200.89	1.250
201.11	1.236
201.33	1.258
201.55	1.240
201.77	1.278
201.99	1.304
202.21	1.321
202.43	1.328
202.65	1.344
202.87	1.386
203.09	1.412
203.31	1.393
203.52	1.406
203.74	1.386
203.96	1.361
204.18	1.362
204.40	1.361
204.62	1.393
204.84	1.401
205.06	1.390
205.28	1.416
205.50	1.421
205.72	1.427
205.94	1.452
206.16	1.456
206.38	1.473
206.59	1.449
206.81	1.448
207.03	1.479
207.25	1.468
207.47	1.489
207.69	1.508
207.91	1.522
208.13	1.534
208.35	1.545
208.57	1.559
208.79	1.561
209.01	1.554
209.22	1.552
209.44	1.535
209.66	1.524
209.88	1.526
210.10	1.530
210.32	1.521
210.54	1.523
210.76	1.535
210.98	1.529
211.20	1.542
211.42	1.565
211.63	1.577
211.85	1.584
212.07	1.581
212.29	1.588
212.51	1.587
212.73	1.595
212.95	1.615
213.17	1.619
213.39	1.617
213.60	1.614
213.82	1.610
214.04	1.617
214.26	1.637
214.48	1.637
214.70	1.622
214.92	1.620
215.14	1.607
215.35	1.590
215.57	1.591
215.79	1.593
216.01	1.602
216.23	1.577
216.45	1.587
216.67	1.587
216.89	1.581
217.10	1.583
217.32	1.590
217.54	1.579
217.76	1.570
217.98	1.550
218.20	1.554
218.42	1.535
218.64	1.527
218.85	1.512
219.07	1.508
219.29	1.494
219.51	1.490
219.73	1.472
219.95	1.449
220.17	1.429
220.38	1.407
220.60	1.384
220.82	1.360
221.04	1.340
221.26	1.317
221.48	1.290
221.69	1.268
221.91	1.250
222.13	1.226
222.35	1.210
222.57	1.187
222.79	1.170
223.00	1.148
223.22	1.126
223.44	1.103
223.66	1.082
223.88	1.060
224.10	1.039
224.32	1.014
224.53	0.993
224.75	0.970
224.97	0.948
225.19	0.928
225.41	0.908
225.62	0.888
225.84	0.869
226.06	0.848
226.28	0.829
226.50	0.811
226.72	0.792
226.93	0.773
227.15	0.755
227.37	0.737
227.59	0.719
227.81	0.702
228.02	0.685
228.24	0.669
228.46	0.653
228.68	0.636
228.90	0.621
229.12	0.606
229.33	0.591
229.55	0.577
229.77	0.564
229.99	0.551
230.21	0.538
230.42	0.525
230.64	0.513
230.86	0.500
231.08	0.488
231.30	0.476
231.51	0.464
231.73	0.453
231.95	0.441
232.17	0.431
232.38	0.421
232.60	0.411
232.82	0.401
233.04	0.392
233.26	0.383
233.47	0.373
233.69	0.364
233.91	0.356
234.13	0.348
234.35	0.339
234.56	0.331
234.78	0.323
235.00	0.316
235.22	0.309
235.43	0.302
235.65	0.296
235.87	0.290
236.09	0.283
236.30	0.277
236.52	0.272
236.74	0.266
236.96	0.260
237.18	0.255
237.39	0.249
237.61	0.244
237.83	0.239
238.05	0.233
238.26	0.229
238.48	0.225
238.70	0.220
238.92	0.215
239.13	0.211
239.35	0.207
239.57	0.204
239.79	0.200
240.00	0.196
240.22	0.192
240.44	0.189
240.66	0.185
240.87	0.182
241.09	0.179
241.31	0.176
241.53	0.173
241.74	0.170
241.96	0.167
242.18	0.165
242.40	0.162
242.61	0.160
242.83	0.158
243.05	0.155
243.27	0.153
243.48	0.151
243.70	0.149
243.92	0.148
244.13	0.145
244.35	0.144
244.57	0.141
244.79	0.139
245.00	0.137
245.22	0.135
245.44	0.134
245.65	0.132
245.87	0.130
246.09	0.129
246.31	0.127
246.52	0.126
246.74	0.125
246.96	0.124
247.18	0.122
247.39	0.121
247.61	0.120
247.83	0.119
248.04	0.117
248.26	0.117
248.48	0.116
248.69	0.115
248.91	0.114
249.13	0.113
249.35	0.112
249.56	0.111
249.78	0.110
250.00	0.110
250.21	0.108
250.43	0.107
250.65	0.107
250.86	0.106
251.08	0.105
251.30	0.104
251.51	0.104
251.73	0.103
251.95	0.102
252.17	0.102
252.38	0.101
252.60	0.100
252.82	0.100
253.03	0.100
253.25	0.099
253.47	0.099
253.68	0.098
253.90	0.097
254.12	0.097
254.33	0.097
254.55	0.096
254.77	0.096
254.98	0.096
255.20	0.096
255.42	0.096
255.63	0.096
255.85	0.096
256.07	0.095
256.28	0.094
256.50	0.094
256.72	0.093
256.93	0.092
257.15	0.092
257.37	0.091
257.58	0.091
257.80	0.091
258.02	0.091
258.23	0.091
258.45	0.091
258.67	0.091
258.88	0.091
259.10	0.091
259.32	0.090
259.53	0.090
259.75	0.090
259.96	0.089
260.18	0.089
260.40	0.089
260.61	0.089
260.83	0.088
261.05	0.088
261.26	0.089
261.48	0.089
261.70	0.089
261.91	0.088
262.13	0.089
262.34	0.089
262.56	0.089
262.78	0.089
262.99	0.088
263.21	0.087
263.43	0.088
263.64	0.088
263.86	0.087
264.07	0.087
264.29	0.087
264.51	0.086
264.72	0.086
264.94	0.086
265.16	0.086
265.37	0.086
265.59	0.086
265.80	0.086
266.02	0.086
266.24	0.086
266.45	0.086
266.67	0.086
266.88	0.085
267.10	0.085
267.32	0.085
267.53	0.085
267.75	0.085
267.96	0.085
268.18	0.085
268.40	0.085
268.61	0.085
268.83	0.085
269.04	0.084
269.26	0.085
269.48	0.084
269.69	0.084
269.91	0.084
270.12	0.084
270.34	0.084
270.56	0.084
270.77	0.084
270.99	0.084
271.20	0.084
271.42	0.084
271.64	0.084
271.85	0.084
272.07	0.084
272.28	0.083
272.50	0.083
272.71	0.082
272.93	0.082
273.15	0.082
273.36	0.082
273.58	0.082
273.79	0.081
274.01	0.081
274.22	0.081
274.44	0.080
274.66	0.080
274.87	0.080
275.09	0.080
275.30	0.080
275.52	0.080
275.73	0.079
275.95	0.079
276.16	0.079
276.38	0.079
276.60	0.079
276.81	0.078
277.03	0.078
277.24	0.077
277.46	0.077
277.67	0.077
277.89	0.077
278.10	0.077
278.32	0.077
278.53	0.077
278.75	0.076
278.97	0.076
279.18	0.076
279.40	0.076
279.61	0.076
279.83	0.075
280.04	0.075
280.26	0.074
280.47	0.074
280.69	0.074
280.90	0.074
281.12	0.074
281.33	0.074
281.55	0.073
281.76	0.073
281.98	0.073
282.20	0.073
282.41	0.073
282.63	0.073
282.84	0.072
283.06	0.072
283.27	0.071
283.49	0.071
283.70	0.071
283.92	0.071
284.13	0.070
284.35	0.070
284.56	0.070
284.78	0.069
284.99	0.069
285.21	0.069
285.42	0.068
285.64	0.068
285.85	0.068
286.07	0.068
286.28	0.067
286.50	0.067
286.71	0.067
286.93	0.067
287.14	0.066
287.36	0.066
287.57	0.066
287.79	0.065
288.00	0.065
288.22	0.065
288.43	0.064
288.65	0.065
288.86	0.064
289.08	0.064
289.29	0.063
289.51	0.062
289.72	0.062
289.94	0.062
290.15	0.062
290.37	0.061
290.58	0.061
290.80	0.060
291.01	0.060
291.22	0.060
291.44	0.060
291.65	0.060
291.87	0.060
292.08	0.059
292.30	0.059
292.51	0.059
292.73	0.059
292.94	0.059
293.16	0.058
293.37	0.058
293.59	0.058
293.80	0.058
294.02	0.058
294.23	0.058
294.44	0.058
294.66	0.057
294.87	0.057
295.09	0.057
295.30	0.057
295.52	0.057
295.73	0.056
295.95	0.056
296.16	0.055
296.37	0.055
296.59	0.056
296.80	0.055
297.02	0.055
297.23	0.055
297.45	0.055
297.66	0.054
297.88	0.054
298.09	0.054
298.30	0.053
298.52	0.053
298.73	0.053
298.95	0.053
299.16	0.052
299.38	0.052
299.59	0.052
299.80	0.051
300.02	0.051
300.23	0.051
300.45	0.051
300.66	0.051
300.88	0.050
301.09	0.051
301.30	0.051
301.52	0.051
301.73	0.051
301.95	0.051
302.16	0.050
302.37	0.049
302.59	0.049
302.80	0.049
303.02	0.049
303.23	0.048
303.45	0.048
303.66	0.048
303.87	0.048
304.09	0.048
304.30	0.048
304.52	0.047
304.73	0.047
304.94	0.047
305.16	0.047
305.37	0.046
305.59	0.046
305.80	0.046
306.01	0.046
306.23	0.045
306.44	0.045
306.65	0.045
306.87	0.045
307.08	0.046
307.30	0.046
307.51	0.046
307.72	0.045
307.94	0.045
308.15	0.044
308.37	0.043
308.58	0.043
308.79	0.043
309.01	0.042
309.22	0.041
309.43	0.040
309.65	0.040
309.86	0.040
310.07	0.040
310.29	0.041
310.50	0.041
310.72	0.041
310.93	0.041
311.14	0.040
311.36	0.040
311.57	0.039
311.78	0.039
312.00	0.039
312.21	0.039
312.42	0.038
312.64	0.038
312.85	0.038
313.07	0.038
313.28	0.038
313.49	0.038
313.71	0.038
313.92	0.038
314.13	0.037
314.35	0.037
314.56	0.037
314.77	0.037
314.99	0.036
315.20	0.036
315.41	0.036
315.63	0.036
315.84	0.036
316.05	0.036
316.27	0.036
316.48	0.036
316.69	0.036
316.91	0.036
317.12	0.036
317.33	0.036
317.55	0.036
317.76	0.036
317.97	0.036
318.19	0.036
318.40	0.035
318.61	0.035
318.83	0.035
319.04	0.035
319.25	0.035
319.47	0.035
319.68	0.034
319.89	0.034
320.10	0.033
320.32	0.033
320.53	0.033
320.74	0.033
320.96	0.033
321.17	0.033
321.38	0.033
321.60	0.033
321.81	0.033
322.02	0.033
322.24	0.033
322.45	0.032
322.66	0.032
322.87	0.032
323.09	0.032
323.30	0.032
323.51	0.032
323.73	0.031
323.94	0.031
324.15	0.031
324.36	0.031
324.58	0.031
324.79	0.031
325.00	0.031
325.22	0.031
325.43	0.031
325.64	0.031
325.85	0.031
326.07	0.031
326.28	0.031
326.49	0.031
326.71	0.031
326.92	0.031
327.13	0.031
327.34	0.031
327.56	0.031
327.77	0.031
327.98	0.031
328.19	0.031
328.41	0.031
328.62	0.031
328.83	0.031
329.04	0.030
329.26	0.030
329.47	0.029
329.68	0.029
329.90	0.029
330.11	0.029
330.32	0.029
330.53	0.029
330.75	0.028
330.96	0.029
331.17	0.029
331.38	0.029
331.60	0.029
331.81	0.028
332.02	0.028
332.23	0.028
332.44	0.028
332.66	0.028
332.87	0.028
333.08	0.028
333.29	0.028
333.51	0.028
333.72	0.028
333.93	0.028
334.14	0.028
334.36	0.028
334.57	0.028
334.78	0.028
334.99	0.028
335.21	0.029
335.42	0.028
335.63	0.028
335.84	0.028
336.05	0.028
336.27	0.028
336.48	0.028
336.69	0.027
336.90	0.027
337.11	0.026
337.33	0.026
337.54	0.026
337.75	0.025
337.96	0.025
338.18	0.025
338.39	0.025
338.60	0.025
338.81	0.025
339.02	0.025
339.24	0.025
339.45	0.025
339.66	0.025
339.87	0.025
340.08	0.025
340.30	0.026
340.51	0.026
340.72	0.026
340.93	0.026
341.14	0.026
341.36	0.026
341.57	0.026
341.78	0.026
341.99	0.026
342.20	0.025
342.41	0.025
342.63	0.025
342.84	0.025
343.05	0.025
343.26	0.025
343.47	0.025
343.69	0.025
343.90	0.025
344.11	0.024
344.32	0.024
344.53	0.024
344.74	0.024
344.96	0.024
345.17	0.024
345.38	0.024
345.59	0.024
345.80	0.024
346.01	0.024
346.23	0.024
346.44	0.024
346.65	0.024
346.86	0.024
347.07	0.024
347.28	0.024
347.50	0.023
347.71	0.023
347.92	0.022
348.13	0.022
348.34	0.021
348.55	0.020
348.76	0.020
348.98	0.020
349.19	0.019
349.40	0.020
349.61	0.020
349.82	0.020
350.03	0.020
350.24	0.020
350.46	0.021
350.67	0.020
350.88	0.020
351.09	0.021
351.30	0.021
351.51	0.020
351.72	0.020
351.93	0.020
352.15	0.020
352.36	0.020
352.57	0.019
352.78	0.020
352.99	0.019
353.20	0.020
353.41	0.019
353.62	0.019
353.84	0.018
354.05	0.018
354.26	0.019
354.47	0.019
354.68	0.019
354.89	0.019
355.10	0.018
355.31	0.019
355.52	0.019
355.74	0.018
355.95	0.018
356.16	0.017
356.37	0.017
356.58	0.017
356.79	0.017
357.00	0.017
357.21	0.016
357.42	0.016
357.63	0.016
357.85	0.016
358.06	0.016
358.27	0.016
358.48	0.016
358.69	0.015
358.90	0.015
359.11	0.016
359.32	0.016
359.53	0.016
359.74	0.016
359.95	0.016
360.17	0.016
360.38	0.016
360.59	0.017
360.80	0.016
361.01	0.016
361.22	0.015
361.43	0.015
361.64	0.015
361.85	0.014
362.06	0.014
362.27	0.014
362.48	0.014
362.69	0.014
362.90	0.014
363.12	0.014
363.33	0.014
363.54	0.013
363.75	0.013
363.96	0.013
364.17	0.013
364.38	0.013
364.59	0.013
364.80	0.012
365.01	0.013
365.22	0.012
365.43	0.013
365.64	0.012
365.85	0.013
366.06	0.013
366.27	0.013
366.48	0.012
366.69	0.012
366.90	0.012
367.11	0.012
367.32	0.012
367.54	0.012
367.75	0.012
367.96	0.011
368.17	0.011
368.38	0.011
368.59	0.011
368.80	0.011
369.01	0.011
369.22	0.010
369.43	0.010
369.64	0.010
369.85	0.010
370.06	0.010
370.27	0.010
370.48	0.011
370.69	0.010
370.90	0.010
371.11	0.010
371.32	0.010
371.53	0.010
371.74	0.010
371.95	0.009
372.16	0.009
372.37	0.009
372.58	0.009
372.79	0.009
373.00	0.008
373.21	0.008
373.42	0.008
373.63	0.008
373.84	0.008
374.05	0.008
374.26	0.008
374.47	0.008
374.68	0.008
374.89	0.009
375.10	0.009
375.31	0.009
375.52	0.010
375.73	0.009
375.94	0.009
376.15	0.009
376.36	0.008
376.57	0.009
376.78	0.009
376.99	0.009
377.20	0.008
377.41	0.008
377.62	0.008
377.83	0.008
378.04	0.008
378.25	0.008
378.46	0.008
378.67	0.008
378.88	0.008
379.09	0.007
379.30	0.007
379.51	0.007
379.72	0.006
379.92	0.007
380.13	0.007
380.34	0.006
380.55	0.006
380.76	0.006
380.97	0.006
381.18	0.006
381.39	0.006
381.60	0.006
381.81	0.005
382.02	0.005
382.23	0.005
382.44	0.006
382.65	0.006
382.86	0.007
383.07	0.007
383.28	0.007
383.49	0.007
383.70	0.006
383.91	0.007
384.11	0.007
384.32	0.007
384.53	0.006
384.74	0.006
384.95	0.006
385.16	0.006
385.37	0.006
385.58	0.006
385.79	0.005
386.00	0.005
386.21	0.006
386.42	0.006
386.63	0.005
386.84	0.005
387.04	0.005
387.25	0.005
387.46	0.005
387.67	0.005
387.88	0.005
388.09	0.005
388.30	0.004
388.51	0.005
388.72	0.004
388.93	0.004
389.14	0.004
389.34	0.005
389.55	0.004
389.76	0.004
389.97	0.005
390.18	0.005
390.39	0.005
390.60	0.004
390.81	0.005
391.02	0.005
391.23	0.005
391.43	0.005
391.64	0.004
391.85	0.003
392.06	0.003
392.27	0.003
392.48	0.003
392.69	0.003
392.90	0.002
393.11	0.003
393.31	0.003
393.52	0.003
393.73	0.003
393.94	0.002
394.15	0.003
394.36	0.003
394.57	0.002
394.78	0.002
394.98	0.002
395.19	0.003
395.40	0.002
395.61	0.003
395.82	0.003
396.03	0.003
396.24	0.003
396.44	0.004
396.65	0.004
396.86	0.003
397.07	0.003
397.28	0.003
397.49	0.002
397.70	0.002
397.90	0.002
398.11	0.002
398.32	0.002
398.53	0.002
398.74	0.002
398.95	0.002
399.16	0.002
399.36	0.002
399.57	0.002
399.78	0.002
399.99	0.002
400.20	0.001
400.41	0.002
400.61	0.002
400.82	0.002
401.03	0.003
401.24	0.002
401.45	0.002
401.66	0.002
401.86	0.002
402.07	0.002
402.28	0.002
402.49	0.002
402.70	0.001
402.91	0.002
403.11	0.002
403.32	0.002
403.53	0.002
403.74	0.002
403.95	0.002
404.15	0.002
404.36	0.002
404.57	0.001
404.78	0.001
404.99	0.001
405.20	0.001
405.40	0.000
405.61	-0.000
405.82	-0.000
406.03	-0.000
406.24	-0.001
406.44	0.000
406.65	0.000
406.86	0.001
407.07	0.000
407.28	0.001
407.48	0.002
407.69	0.002
407.90	0.002
408.11	0.003
408.32	0.002
408.52	0.002
408.73	0.002
408.94	0.002
409.15	0.002
409.35	0.002
409.56	0.002
409.77	0.001
409.98	0.001
410.19	0.001
410.39	0.000
410.60	0.001
410.81	0.001
411.02	0.001
411.22	0.001
411.43	0.001
411.64	0.001
411.85	0.001
412.05	0.001
412.26	0.001
412.47	0.001
412.68	0.001
412.89	0.001
413.09	0.000
413.30	0.000
413.51	0.000
413.72	0.001
413.92	0.001
414.13	0.001
414.34	0.001
414.55	0.001
414.75	0.001
414.96	0.001
415.17	0.001
415.38	0.002
415.58	0.002
415.79	0.002
416.00	0.001
416.21	0.002
416.41	0.002
416.62	0.002
416.83	0.002
417.03	0.003
417.24	0.002
417.45	0.002
417.66	0.002
417.86	0.002
418.07	0.002
418.28	0.002
418.49	0.003
418.69	0.002
418.90	0.001
419.11	0.001
419.31	0.001
419.52	0.001
419.73	0.001
419.94	0.001
420.14	0.000
420.35	-0.000
420.56	-0.000
420.76	0.000
420.97	0.000
421.18	0.000
421.39	-0.000
421.59	-0.000
421.80	0.000
422.01	0.000
422.21	0.000
422.42	0.001
422.63	0.001
422.84	0.001
423.04	0.001
423.25	0.001
423.46	0.001
423.66	0.001
423.87	0.002
424.08	0.002
424.28	0.001
424.49	0.001
424.70	0.002
424.90	0.002
425.11	0.002
425.32	0.002
425.52	0.002
425.73	0.002
425.94	0.002
426.15	0.002
426.35	0.001
426.56	0.001
426.77	0.001
426.97	0.001
427.18	0.001
427.39	0.001
427.59	0.000
427.80	-0.000
428.01	0.000
428.21	0.000
428.42	-0.000
428.63	-0.000
428.83	-0.000
429.04	-0.000
429.25	-0.000
429.45	0.000
429.66	0.000
429.87	0.000
430.07	0.001
430.28	0.001
430.48	0.001
430.69	0.001
430.90	0.000
431.10	0.001
431.31	0.001
431.52	0.001
431.72	0.001
431.93	0.001
432.14	0.001
432.34	0.001
432.55	0.001
432.76	0.001
432.96	0.001
433.17	0.001
433.37	0.001
433.58	0.001
433.79	0.001
433.99	0.001
434.20	0.002
434.41	0.002
434.61	0.002
434.82	0.002
435.02	0.002
435.23	0.002
435.44	0.002
435.64	0.002
435.85	0.001
436.06	0.001
436.26	0.001
436.47	0.001
436.67	0.000
436.88	0.001
437.09	0.000
437.29	0.000
437.50	0.001
437.70	0.001
437.91	0.001
438.12	0.000
438.32	0.000
438.53	0.000
438.73	0.000
438.94	0.000
439.15	0.000
439.35	0.000
439.56	-0.000
439.76	-0.000
439.97	-0.000
440.18	0.000
440.38	-0.000
440.59	-0.000
440.79	0.000
441.00	-0.000
441.20	-0.000
441.41	0.001
441.62	0.000
441.82	0.001
442.03	0.001
442.23	0.001
442.44	0.001
442.65	0.000
442.85	-0.000
443.06	-0.000
443.26	-0.000
443.47	-0.000
443.67	-0.001
443.88	-0.000
444.09	0.000
444.29	0.000
444.50	0.000
444.70	0.001
444.91	0.001
445.11	0.000
445.32	-0.000
445.52	0.001
445.73	0.001
445.94	0.000
446.14	0.000
446.35	0.000
446.55	0.000
446.76	0.001
446.96	0.001
447.17	0.001
447.37	0.000
447.58	-0.000
447.78	-0.000
447.99	0.000
448.20	0.000
448.40	0.000
448.61	-0.000
448.81	-0.000
449.02	0.000
449.22	0.001
449.43	0.001
449.63	0.000
449.84	0.001
450.04	0.000
450.25	-0.000
450.45	-0.000
450.66	-0.001
450.86	-0.001
451.07	-0.001
451.27	-0.001
451.48	-0.001
451.68	-0.001
451.89	-0.000
452.09	-0.000
452.30	0.000
452.50	0.001
452.71	0.001
452.91	0.001
453.12	0.001
453.33	0.002
453.53	0.002
453.74	0.001
453.94	0.001
454.15	0.001
454.35	0.001
454.56	0.001
454.76	0.001
454.96	0.001
455.17	0.001
455.37	0.000
455.58	0.000
455.78	0.000
455.99	0.000
456.19	-0.001
456.40	-0.001
456.60	-0.001
456.81	-0.001
457.01	-0.001
457.22	-0.001
457.42	-0.000
457.63	-0.000
457.83	-0.000
458.04	0.000
458.24	0.000
458.45	0.000
458.65	-0.000
458.86	-0.001
459.06	-0.000
459.27	-0.001
459.47	-0.000
459.67	-0.000
459.88	-0.001
460.08	-0.001
460.29	-0.001
460.49	-0.000
460.70	-0.000
460.90	-0.000
461.11	-0.000
461.31	-0.000
461.52	-0.000
461.72	0.000
461.92	0.000
462.13	0.000
462.33	-0.000
462.54	0.000
462.74	-0.000
462.95	0.000
463.15	0.000
463.36	-0.000
463.56	0.000
463.76	0.000
463.97	0.000
464.17	0.001
464.38	0.001
464.58	0.000
464.79	0.001
464.99	0.000
465.19	0.001
465.40	0.001
465.60	0.000
465.81	0.000
466.01	-0.000
466.22	-0.000
466.42	-0.000
466.62	-0.001
466.83	-0.001
467.03	-0.002
467.24	-0.002
467.44	-0.002
467.65	-0.002
467.85	-0.002
468.05	-0.002
468.26	-0.002
468.46	-0.002
468.67	-0.001
468.87	-0.001
469.07	-0.000
469.28	0.000
469.48	-0.000
469.69	0.000
469.89	0.000
470.09	0.000
470.30	-0.000
470.50	-0.001
470.71	-0.001
470.91	-0.001
471.11	-0.002
471.32	-0.002
471.52	-0.002
471.72	-0.002
471.93	-0.002
472.13	-0.001
472.34	-0.001
472.54	-0.000
472.74	-0.001
472.95	0.000
473.15	0.000
473.35	0.001
473.56	0.000
473.76	0.001
473.97	0.001
474.17	0.001
474.37	0.001
474.58	0.001
474.78	0.000
474.98	0.001
475.19	0.001
475.39	0.000
475.60	0.000
475.80	-0.000
476.00	0.000
476.21	0.000
476.41	0.000
476.61	0.001
476.82	0.000
477.02	0.000
477.22	0.001
477.43	0.001
477.63	0.001
477.83	0.001
478.04	0.000
478.24	-0.000
478.44	-0.001
478.65	-0.000
478.85	-0.000
479.05	-0.000
479.26	0.000
479.46	0.000
479.66	0.000
479.87	0.001
480.07	0.001
480.27	0.001
480.48	0.001
480.68	0.001
480.88	0.001
481.09	0.001
481.29	0.002
481.49	0.002
481.70	0.001
481.90	0.002
482.10	0.002
482.31	0.001
482.51	0.001
482.71	0.002
482.92	0.001
483.12	0.001
483.32	0.001
483.52	0.001
483.73	0.000
483.93	0.000
484.13	0.001
484.34	0.001
484.54	0.000
484.74	0.000
484.95	0.000
485.15	0.000
485.35	0.000
485.55	0.000
485.76	0.001
485.96	0.001
486.16	0.001
486.37	0.000
486.57	0.001
486.77	0.001
486.97	0.001
487.18	0.001
487.38	0.000
487.58	0.001
487.79	0.001
487.99	0.000
488.19	0.001
488.39	0.001
488.60	0.001
488.80	0.001
489.00	0.001
489.20	0.001
489.41	0.001
489.61	0.001
489.81	0.002
490.02	0.002
490.22	0.002
490.42	0.002
490.62	0.001
490.83	0.001
491.03	0.002
491.23	0.002
491.43	0.001
491.64	0.001
491.84	0.001
492.04	0.001
492.24	0.001
492.45	0.001
492.65	0.001
492.85	0.000
493.05	0.000
493.26	0.000
493.46	-0.000
493.66	-0.000
493.86	-0.001
494.07	-0.000
494.27	-0.000
494.47	0.000
494.67	0.000
494.87	0.000
495.08	0.000
495.28	0.001
495.48	0.000
495.68	0.001
495.89	0.000
496.09	-0.000
496.29	-0.000
496.49	-0.000
496.69	-0.000
496.90	-0.000
497.10	-0.001
497.30	-0.000
497.50	-0.000
497.71	0.001
497.91	0.001
498.11	0.001
498.31	0.001
498.51	0.002
498.72	0.002
498.92	0.002
499.12	0.001
499.32	0.002
499.52	0.001
499.73	0.000
499.93	0.000
500.13	-0.000
500.33	-0.000
500.53	-0.000
500.74	-0.000
500.94	0.000
501.14	0.000
501.34	0.000
501.54	0.001
501.74	0.000
501.95	0.001
502.15	0.000
502.35	-0.000
502.55	-0.000
502.75	-0.000
502.96	-0.001
503.16	-0.001
503.36	-0.000
503.56	0.000
503.76	0.000
503.96	0.000
504.17	0.000
504.37	0.001
504.57	0.000
504.77	0.000
504.97	0.000
505.17	-0.000
505.38	-0.001
505.58	-0.001
505.78	-0.000
505.98	-0.000
506.18	-0.000
506.38	0.000
506.58	0.000
506.79	0.000
506.99	0.000
507.19	-0.000
507.39	0.000
507.59	0.000
507.79	0.000
507.99	0.001
508.20	0.000
508.40	0.001
508.60	0.001
508.80	0.001
509.00	0.001
509.20	0.001
509.40	0.001
509.61	0.001
509.81	0.000
510.01	0.000
510.21	-0.000
510.41	-0.000
510.61	0.000
510.81	0.000
511.01	-0.000
511.22	0.000
511.42	-0.000
511.62	-0.000
511.82	-0.000
512.02	0.000
512.22	0.000
512.42	-0.000
512.62	-0.000
512.82	0.000
513.03	-0.000
513.23	-0.000
513.43	0.000
513.63	0.000
513.83	-0.000
514.03	0.000
514.23	0.001
514.43	0.000
514.63	0.000
514.83	0.001
515.04	0.001
515.24	0.001
515.44	0.001
515.64	0.002
515.84	0.002
516.04	0.001
516.24	0.002
516.44	0.002
516.64	0.002
516.84	0.002
517.04	0.001
517.24	0.002
517.45	0.002
517.65	0.001
517.85	0.001
518.05	0.001
518.25	0.000
518.45	-0.000
518.65	0.000
518.85	0.000
519.05	0.000
519.25	0.000
519.45	0.000
519.65	0.001
519.85	0.001
520.05	0.000
520.25	0.001
520.46	0.001
520.66	0.001
520.86	0.001
521.06	0.001
521.26	0.001
521.46	0.001
521.66	0.001
521.86	0.001
522.06	0.001
522.26	0.001
522.46	0.001
522.66	0.001
522.86	0.001
523.06	0.001
523.26	-0.000
523.46	-0.000
523.66	-0.000
523.86	-0.000
524.06	-0.001
524.26	-0.001
524.46	-0.000
524.66	-0.000
524.86	-0.000
525.06	-0.000
525.26	-0.000
525.46	0.000
525.66	0.000
525.87	0.000
526.07	0.001
526.27	0.000
526.47	0.000
526.67	0.001
526.87	0.002
527.07	0.001
527.27	0.002
527.47	0.002
527.67	0.002
527.87	0.002
528.07	0.002
528.27	0.002
528.47	0.002
528.67	0.001
528.87	0.001
529.07	0.001
529.27	0.001
529.47	0.000
529.67	0.000
529.87	0.000
530.07	-0.000
530.27	-0.001
530.47	0.000
530.67	-0.000
530.87	-0.000
531.06	0.000
531.26	0.000
531.46	0.000
531.66	0.000
531.86	0.001
532.06	0.001
532.26	0.000
532.46	0.002
532.66	0.002
532.86	0.002
533.06	0.001
533.26	0.001
533.46	0.001
533.66	0.001
533.86	0.001
534.06	0.001
534.26	0.000
534.46	-0.001
534.66	-0.001
534.86	-0.001
535.06	-0.000
535.26	-0.000
535.46	-0.000
535.66	-0.000
535.86	0.000
536.06	0.000
536.26	0.000
536.45	0.001
536.65	0.000
536.85	0.001
537.05	0.001
537.25	0.001
537.45	0.001
537.65	0.000
537.85	0.001
538.05	0.001
538.25	0.000
538.45	0.000
538.65	-0.000
538.85	-0.000
539.05	-0.001
539.25	-0.000
539.44	-0.000
539.64	-0.001
539.84	-0.001
540.04	-0.000
540.24	-0.000
540.44	-0.001
540.64	-0.001
540.84	-0.001
541.04	-0.001
541.24	-0.001
541.44	-0.001
541.64	-0.000
541.83	-0.001
542.03	-0.001
542.23	-0.001
542.43	-0.001
542.63	-0.001
542.83	-0.000
543.03	-0.000
543.23	-0.000
543.43	-0.000
543.63	-0.000
543.82	-0.000
544.02	-0.000
544.22	-0.000
544.42	-0.001
544.62	-0.001
544.82	-0.001
545.02	-0.001
545.22	-0.001
545.42	-0.001
545.61	-0.001
545.81	-0.001
546.01	-0.001
546.21	-0.000
546.41	-0.001
546.61	-0.001
546.81	-0.001
547.01	-0.001
547.20	-0.001
547.40	-0.001
547.60	-0.000
547.80	-0.000
548.00	-0.000
548.20	-0.000
548.40	-0.000
548.59	-0.000
548.79	-0.001
548.99	-0.000
549.19	0.000
549.39	-0.000
549.59	-0.000
549.79	-0.001
549.98	-0.001
550.18	-0.001
550.38	-0.001
550.58	-0.000
550.78	-0.000
550.98	-0.001
551.17	-0.001
551.37	-0.000
551.57	-0.000
551.77	0.000
551.97	0.000
552.17	0.000
552.36	0.000
552.56	-0.000
552.76	-0.000
552.96	0.000
553.16	-0.000
553.36	-0.000
553.55	-0.001
553.75	-0.001
553.95	-0.001
554.15	-0.000
554.35	-0.000
554.55	0.000
554.74	0.001
554.94	0.001
555.14	0.001
555.34	0.001
555.54	0.001
555.73	0.001
555.93	0.001
556.13	0.001
556.33	0.001
556.53	0.001
556.72	0.000
556.92	0.000
557.12	0.000
557.32	0.000
557.52	-0.000
557.71	-0.001
557.91	-0.001
558.11	-0.000
558.31	-0.000
558.51	-0.000
558.70	-0.000
558.90	-0.000
559.10	0.000
559.30	0.000
559.49	0.000
559.69	0.000
559.89	-0.000
560.09	-0.000
560.29	0.001
560.48	0.000
560.68	0.000
560.88	-0.000
561.08	-0.000
561.27	-0.000
561.47	-0.000
561.67	-0.000
561.87	-0.000
562.06	-0.000
562.26	-0.000
562.46	-0.000
562.66	-0.000
562.86	-0.000
563.05	-0.000
563.25	-0.000
563.45	-0.000
563.65	-0.000
563.84	-0.001
564.04	-0.001
564.24	-0.001
564.44	-0.001
564.63	-0.001
564.83	-0.000
565.03	0.000
565.22	0.000
565.42	-0.000
565.62	-0.000
565.82	-0.000
566.01	0.000
566.21	0.000
566.41	-0.000
566.61	-0.001
566.80	-0.001
567.00	-0.001
567.20	-0.000
567.40	-0.000
567.59	0.000
567.79	0.000
567.99	-0.000
568.18	0.000
568.38	0.000
568.58	0.000
568.78	0.000
568.97	0.000
569.17	-0.000
569.37	-0.000
569.56	-0.001
569.76	-0.001
569.96	-0.001
570.16	-0.001
570.35	-0.001
570.55	-0.000
570.75	-0.000
570.94	-0.000
571.14	-0.000
571.34	-0.000
571.53	-0.000
571.73	0.000
571.93	-0.000
572.12	-0.000
572.32	-0.000
572.52	-0.000
572.72	-0.000
572.91	0.000
573.11	0.001
573.31	0.001
573.50	0.000
573.70	0.001
573.90	0.001
574.09	0.000
574.29	0.000
574.49	0.000
574.68	-0.000
574.88	-0.001
575.08	-0.001
575.27	-0.000
575.47	-0.001
575.67	-0.001
575.86	-0.001
576.06	-0.001
576.26	-0.001
576.45	-0.001
576.65	-0.001
576.85	-0.000
577.04	-0.000
577.24	-0.000
577.44	-0.001
577.63	-0.001
577.83	-0.000
578.02	-0.000
578.22	-0.000
578.42	-0.001
578.61	-0.001
578.81	-0.001
579.01	-0.000
579.20	-0.000
579.40	0.000
579.60	0.000
579.79	0.001
579.99	0.001
580.19	0.001
580.38	0.001
580.58	0.001
580.77	0.001
580.97	0.000
581.17	0.000
581.36	0.000
581.56	-0.001
581.75	-0.001
581.95	-0.001
582.15	-0.001
582.34	-0.001
582.54	-0.000
582.74	-0.000
582.93	-0.000
583.13	-0.000
583.32	-0.000
583.52	-0.000
583.72	-0.001
583.91	-0.001
584.11	-0.001
584.30	-0.001
584.50	-0.001
584.70	-0.002
584.89	-0.002
585.09	-0.002
585.28	-0.001
585.48	-0.001
585.68	-0.002
585.87	-0.001
586.07	-0.001
586.26	-0.001
586.46	-0.001
586.66	-0.000
586.85	0.000
587.05	0.001
587.24	0.000
587.44	0.000
587.63	0.001
587.83	0.001
588.03	0.001
588.22	0.000
588.42	0.000
588.61	-0.000
588.81	-0.000
589.00	0.000
589.20	0.001
589.40	0.001
589.59	0.001
589.79	0.001
589.98	0.002
590.18	0.001
590.37	0.001
590.57	0.001
590.76	0.001
590.96	0.001
591.16	0.000
591.35	0.001
591.55	0.000
591.74	0.000
591.94	0.000
592.13	0.000
592.33	0.000
592.52	0.000
592.72	0.000
592.91	0.000
593.11	0.000
593.30	0.000
593.50	0.000
593.70	0.000
593.89	0.000
594.09	0.001
594.28	0.001
594.48	0.000
594.67	0.000
594.87	0.000
595.06	0.000
595.26	0.001
595.45	0.001
595.65	0.000
595.84	0.000
596.04	0.000
596.23	0.000
596.43	0.000
596.62	-0.000
596.82	-0.000
597.01	-0.000
597.21	0.000
597.40	0.000
597.60	0.000
597.79	-0.000
597.99	0.000
598.18	-0.000
598.38	-0.000
598.57	-0.000
598.77	-0.000
598.96	-0.001
599.16	-0.001
599.35	-0.001
599.55	-0.000
599.74	-0.001
599.94	-0.001
600.13	-0.000
600.33	0.000
600.52	-0.000
600.72	-0.000
600.91	-0.000
601.11	-0.001
601.30	-0.001
601.50	-0.001
601.69	-0.001
601.89	-0.000
602.08	-0.000
602.27	-0.001
602.47	-0.001
602.66	-0.001
602.86	-0.000
603.05	-0.000
603.25	-0.000
603.44	-0.000
603.64	-0.000
603.83	-0.000
604.03	-0.000
604.22	-0.000
604.41	0.000
604.61	0.000
604.80	-0.000
605.00	-0.000
605.19	-0.000
605.39	-0.000
605.58	0.000
605.78	-0.000
605.97	0.000
606.16	0.000
606.36	-0.000
606.55	-0.000
606.75	-0.000
606.94	-0.001
607.14	-0.001
607.33	-0.000
607.52	-0.000
607.72	-0.000
607.91	0.000
608.11	0.000
608.30	0.000
608.50	0.000
608.69	0.001
608.88	0.000
609.08	-0.000
609.27	-0.000
609.47	-0.000
609.66	-0.000
609.85	-0.001
610.05	-0.001
610.24	-0.001
610.44	-0.001
610.63	-0.001
610.83	-0.001
611.02	-0.001
611.21	-0.001
611.41	-0.001
611.60	-0.001
611.80	-0.001
611.99	-0.001
612.18	-0.001
612.38	-0.001
612.57	-0.001
612.76	-0.000
612.96	-0.000
613.15	-0.000
613.35	-0.001
613.54	-0.001
613.73	-0.001
613.93	-0.001
614.12	-0.001
614.32	-0.001
614.51	-0.001
614.70	-0.001
614.90	-0.001
615.09	-0.001
615.28	-0.000
615.48	-0.000
615.67	-0.000
615.86	-0.001
616.06	0.000
616.25	0.000
616.45	0.001
616.64	0.001
616.83	0.000
617.03	0.000
617.22	0.001
617.41	0.001
617.61	0.001
617.80	0.000
617.99	0.000
618.19	-0.000
618.38	-0.000
618.57	-0.000
618.77	-0.000
618.96	-0.000
619.15	-0.000
619.35	-0.000
619.54	-0.000
619.73	-0.000
619.93	-0.000
620.12	0.000
620.31	0.000
620.51	-0.000
620.70	-0.000
620.89	0.000
621.09	0.001
621.28	0.001
621.47	0.001
621.67	0.000
621.86	0.000
622.05	0.000
622.25	0.000
622.44	-0.000
622.63	-0.000
622.83	-0.001
623.02	-0.001
623.21	-0.001
623.41	-0.001
623.60	-0.001
623.79	-0.001
623.98	-0.001
624.18	-0.000
624.37	-0.001
624.56	-0.001
624.76	-0.001
624.95	-0.001
625.14	-0.001
625.33	-0.001
625.53	-0.001
625.72	-0.001
625.91	-0.001
626.11	-0.001
626.30	-0.001
626.49	-0.000
626.68	-0.000
626.88	-0.000
627.07	-0.001
627.26	-0.000
627.46	-0.000
627.65	0.000
627.84	0.001
628.03	0.001
628.23	0.001
628.42	0.000
628.61	0.001
628.80	0.001
629.00	0.001
629.19	0.001
629.38	0.000
629.58	-0.001
629.77	-0.001
629.96	-0.001
630.15	-0.001
630.35	-0.001
630.54	-0.002
630.73	-0.002
630.92	-0.001
631.12	-0.001
631.31	-0.001
631.50	-0.000
631.69	-0.000
631.89	-0.001
632.08	-0.000
632.27	-0.000
632.46	-0.001
632.65	-0.000
632.85	-0.001
633.04	-0.000
633.23	-0.002
633.42	-0.001
633.62	-0.000
633.81	-0.000
634.00	-0.000
634.19	0.000
634.39	-0.000
634.58	0.000
634.77	0.000
634.96	0.001
635.15	0.000
635.35	0.000
635.54	0.001
635.73	0.000
635.92	0.000
636.11	0.000
636.31	-0.000
636.50	-0.000
636.69	-0.000
636.88	-0.000
637.07	-0.000
637.27	-0.001
637.46	-0.001
637.65	-0.001
637.84	-0.001
638.03	-0.001
638.23	-0.001
638.42	-0.001
638.61	-0.001
638.80	-0.001
638.99	-0.001
639.19	-0.000
639.38	-0.000
639.57	-0.000
639.76	0.000
639.95	0.000
640.14	0.000
640.34	0.000
640.53	-0.000
640.72	-0.001
640.91	-0.001
641.10	-0.000
641.30	-0.000
641.49	-0.001
641.68	-0.001
641.87	-0.001
642.06	-0.001
642.25	-0.000
642.44	0.000
642.64	0.000
642.83	0.000
643.02	-0.000
643.21	-0.000
643.40	0.000
643.59	0.000
643.79	0.000
643.98	0.000
644.17	-0.000
644.36	-0.000
644.55	-0.000
644.74	-0.000
644.93	0.000
645.13	-0.000
645.32	-0.000
645.51	-0.000
645.70	0.000
645.89	0.001
646.08	0.001
646.27	0.001
646.46	0.001
646.66	0.000
646.85	0.001
647.04	0.001
647.23	0.001
647.42	0.001
647.61	0.000
647.80	0.000
647.99	0.001
648.19	0.001
648.38	0.001
648.57	0.000
648.76	0.000
648.95	-0.000
649.14	0.000
649.33	0.000
649.52	-0.000
649.71	-0.000
649.91	-0.000
650.10	-0.000
650.29	0.000
650.48	-0.000
650.67	-0.000
650.86	-0.000
651.05	-0.001
651.24	-0.000
651.43	-0.000
651.62	-0.000
651.81	-0.000
652.01	-0.000
652.20	-0.000
652.39	-0.000
652.58	-0.000
652.77	0.000
652.96	0.000
653.15	-0.000
653.34	-0.000
653.53	-0.000
653.72	-0.000
653.91	-0.001
654.10	-0.000
654.29	-0.001
654.48	-0.001
654.68	-0.001
654.87	-0.001
655.06	-0.001
655.25	-0.001
655.44	-0.001
655.63	-0.001
655.82	-0.000
656.01	0.000
656.20	0.000
656.39	0.000
656.58	0.000
656.77	0.000
656.96	0.001
657.15	0.001
657.34	0.001
657.53	0.001
657.72	0.000
657.91	-0.000
658.10	-0.000
658.29	0.000
658.48	0.001
658.68	0.001
658.87	0.000
659.06	0.000
659.25	0.000
659.44	0.001
659.63	0.001
659.82	0.001
660.01	0.000
660.20	0.000
660.39	0.001
660.58	0.001
660.77	0.001
660.96	0.000
661.15	0.000
661.34	0.000
661.53	0.001
661.72	0.001
661.91	0.001
662.10	0.000
662.29	0.000
662.48	0.001
662.67	0.001
662.86	0.001
663.05	0.001
663.24	0.001
663.43	0.001
663.62	0.001
663.81	0.001
664.00	0.002
664.19	0.001
664.38	0.002
664.57	0.002
664.76	0.001
664.95	0.001
665.14	0.000
665.33	0.001
665.52	0.000
665.71	-0.001
665.90	-0.001
666.09	-0.000
666.28	0.000
666.46	0.000
666.65	0.000
666.84	0.001
667.03	0.001
667.22	0.001
667.41	0.001
667.60	0.001
667.79	0.001
667.98	-0.000
668.17	-0.000
668.36	0.000
668.55	-0.000
668.74	0.000
668.93	-0.000
669.12	0.000
669.31	0.000
669.50	0.001
669.69	0.001
669.88	0.000
670.07	0.000
670.26	0.000
670.44	0.000
670.63	-0.000
670.82	-0.000
671.01	-0.000
671.20	-0.000
671.39	-0.000
671.58	-0.000
671.77	-0.000
671.96	-0.000
672.15	-0.000
672.34	-0.000
672.53	-0.000
672.72	-0.001
672.91	-0.000
673.09	-0.000
673.28	-0.000
673.47	-0.000
673.66	-0.000
673.85	0.000
674.04	0.000
674.23	0.001
674.42	0.001
674.61	0.000
674.80	0.001
674.98	0.001
675.17	0.001
675.36	0.001
675.55	0.000
675.74	-0.000
675.93	-0.001
676.12	-0.000
676.31	-0.001
676.50	-0.001
676.69	-0.001
676.87	-0.001
677.06	-0.001
677.25	-0.001
677.44	-0.000
677.63	-0.000
677.82	0.000
678.01	0.001
678.20	0.001
678.38	0.001
678.57	0.000
678.76	0.000
678.95	0.000
679.14	0.000
679.33	0.000
679.52	0.000
679.71	0.000
679.89	-0.000
680.08	-0.000
680.27	0.000
680.46	0.001
680.65	0.000
680.84	0.000
681.02	0.001
681.21	0.000
681.40	0.000
681.59	0.000
681.78	0.001
681.97	0.001
682.16	0.001
682.34	0.001
682.53	0.001
682.72	0.001
682.91	0.001
683.10	0.001
683.29	0.001
683.47	0.000
683.66	0.000
683.85	-0.000
684.04	-0.001
684.23	-0.000
684.42	0.000
684.60	0.000
684.79	0.000
684.98	-0.000
685.17	-0.000
685.36	0.000
685.54	0.000
685.73	0.000
685.92	0.000
686.11	-0.000
686.30	0.000
686.49	0.000
686.67	0.000
686.86	0.000
687.05	0.000
687.24	-0.000
687.43	-0.000
687.61	-0.000
687.80	-0.000
687.99	-0.000
688.18	-0.000
688.36	-0.000
688.55	-0.000
688.74	-0.000
688.93	-0.000
689.12	0.000
689.30	-0.000
689.49	-0.000
689.68	-0.000
689.87	-0.000
690.06	-0.001
690.24	-0.001
690.43	-0.001
690.62	-0.001
690.81	-0.001
690.99	-0.001
691.18	-0.001
691.37	-0.002
691.56	-0.001
691.74	-0.001
691.93	-0.001
692.12	-0.001
692.31	-0.001
692.50	-0.001
692.68	-0.001
692.87	-0.000
693.06	-0.000
693.25	-0.000
693.43	-0.000
693.62	-0.000
693.81	-0.000
694.00	-0.000
694.18	0.000
694.37	0.000
694.56	-0.000
694.74	-0.000
694.93	-0.000
695.12	0.000
695.31	-0.000
695.49	-0.000
695.68	-0.000
695.87	0.000
696.06	0.000
696.24	0.000
696.43	0.001
696.62	0.001
696.80	0.001
696.99	0.001
697.18	0.001
697.37	0.000
697.55	-0.000
697.74	-0.000
697.93	-0.000
698.12	0.000
698.30	0.000
698.49	-0.000
698.68	0.000
698.86	-0.000
699.05	-0.000
699.24	-0.000
699.42	-0.000
699.61	-0.000
699.80	-0.001
699.99	-0.001
700.17	-0.001
700.36	-0.001
700.55	-0.000
700.73	-0.000
700.92	0.000
701.11	0.000
701.29	0.000
701.48	0.000
701.67	0.000
701.85	-0.000
702.04	-0.000
702.23	-0.000
702.41	-0.000
702.60	-0.000
702.79	0.000
702.97	0.000
703.16	0.001
703.35	0.001
703.53	0.001
703.72	0.001
703.91	0.001
704.09	0.001
704.28	0.001
704.47	0.001
704.65	0.001
704.84	0.000
705.03	0.000
705.21	0.000
705.40	0.000
705.59	0.000
705.77	0.000
705.96	0.001
706.15	0.000
706.33	0.000
706.52	-0.000
706.71	0.000
706.89	0.000
707.08	0.000
707.26	0.001
707.45	0.001
707.64	0.000
707.82	0.001
708.01	0.001
708.20	0.001
708.38	0.001
708.57	0.000
708.75	-0.000
708.94	-0.000
709.13	-0.000
709.31	0.000
709.50	0.000
709.69	0.000
709.87	0.000
710.06	0.000
710.24	0.001
710.43	0.001
710.62	0.000
710.80	0.000
710.99	0.000
711.17	0.000
711.36	-0.000
711.55	-0.000
711.73	-0.001
711.92	-0.001
712.10	-0.001
712.29	-0.001
712.48	-0.001
712.66	-0.001
712.85	-0.001
713.03	-0.001
713.22	-0.000
713.40	0.000
713.59	-0.000
713.78	0.000
713.96	-0.000
714.15	-0.000
714.33	-0.000
714.52	-0.000
714.71	-0.001
714.89	-0.001
715.08	-0.001
715.26	-0.001
715.45	-0.001
715.63	-0.000
715.82	-0.000
716.00	0.000
716.19	-0.000
716.38	-0.000
716.56	-0.000
716.75	-0.000
716.93	-0.000
717.12	-0.000
717.30	-0.000
717.49	-0.000
717.67	-0.000
717.86	0.000
718.05	0.000
718.23	0.000
718.42	0.000
718.60	0.000
718.79	0.001
718.97	0.000
719.16	0.000
719.34	0.000
719.53	0.001
719.71	0.001
719.90	0.001
720.08	0.001
720.27	0.001
720.45	0.001
720.64	0.000
720.83	0.001
721.01	0.000
721.20	0.000
721.38	-0.000
721.57	-0.000
721.75	-0.001
721.94	-0.001
722.12	-0.001
722.31	-0.001
722.49	-0.001
722.68	-0.001
722.86	-0.001
723.05	-0.001
723.23	-0.001
723.42	-0.001
723.60	-0.000
723.79	-0.000
723.97	-0.000
724.16	0.000
724.34	0.000
724.53	-0.000
724.71	0.000
724.90	-0.000
725.08	0.000
725.27	0.000
725.45	-0.000
725.64	-0.000
725.82	-0.000
726.00	-0.000
726.19	-0.000
726.37	-0.001
726.56	-0.001
726.74	-0.001
726.93	-0.001
727.11	-0.000
727.30	-0.000
727.48	-0.001
727.67	-0.000
727.85	-0.000
728.04	-0.000
728.22	-0.000
728.40	-0.000
728.59	-0.000
728.77	-0.001
728.96	-0.001
729.14	-0.000
729.33	-0.001
729.51	-0.001
729.70	-0.000
729.88	-0.001
730.07	-0.001
730.25	-0.000
730.43	-0.000
730.62	-0.001
730.80	-0.001
730.99	-0.001
731.17	-0.001
731.36	-0.001
731.54	-0.001
731.72	-0.001
731.91	-0.001
732.09	-0.001
732.28	-0.001
732.46	-0.001
732.65	-0.000
732.83	-0.000
733.01	-0.000
733.20	-0.000
733.38	0.000
733.57	0.000
733.75	0.000
733.93	-0.000
734.12	-0.000
734.30	-0.000
734.49	-0.000
734.67	-0.000
734.85	-0.000
735.04	-0.001
735.22	-0.001
735.41	-0.001
735.59	-0.001
735.77	-0.001
735.96	-0.001
736.14	-0.001
736.33	-0.001
736.51	-0.001
736.69	-0.001
736.88	-0.001
737.06	-0.001
737.25	-0.001
737.43	-0.001
737.61	-0.001
737.80	-0.001
737.98	-0.000
738.16	-0.000
738.35	-0.000
738.53	-0.000
738.71	-0.001
738.90	-0.000
739.08	-0.000
739.27	0.000
739.45	-0.000
739.63	0.000
739.82	-0.000
740.00	-0.000
740.18	-0.000
740.37	-0.000
740.55	-0.000
740.73	-0.000
740.92	-0.000
741.10	0.000
741.28	-0.000
741.47	-0.001
741.65	-0.000
741.83	-0.000
742.02	-0.000
742.20	0.000
742.38	0.000
742.57	0.000
742.75	0.000
742.93	0.000
743.12	0.000
743.30	0.000
743.48	0.001
743.67	0.000
743.85	-0.000
744.03	-0.000
744.22	-0.001
744.40	-0.001
744.58	-0.001
744.77	-0.001
744.95	-0.001
745.13	-0.002
745.32	-0.001
745.50	-0.002
745.68	-0.002
745.87	-0.002
746.05	-0.002
746.23	-0.001
746.41	-0.001
746.60	-0.001
746.78	-0.001
746.96	-0.001
747.15	-0.000
747.33	-0.000
747.51	0.000
747.70	-0.000
747.88	-0.000
748.06	-0.000
748.24	-0.000
748.43	-0.001
748.61	-0.000
748.79	-0.001
748.97	-0.001
749.16	-0.001
749.34	-0.001
749.52	-0.001
749.71	-0.001
749.89	-0.001
750.07	-0.001
750.25	-0.001
750.44	-0.001
750.62	-0.001
750.80	-0.001
750.98	-0.001
751.17	-0.000
751.35	-0.001
751.53	-0.001
751.71	-0.001
751.90	-0.001
752.08	-0.001
752.26	-0.001
752.44	-0.001
752.63	-0.001
752.81	-0.001
752.99	-0.001
753.17	-0.000
753.36	-0.001
753.54	-0.001
753.72	-0.001
753.90	-0.001
754.09	-0.001
754.27	-0.001
754.45	-0.001
754.63	-0.001
754.82	-0.001
755.00	-0.001
755.18	-0.001
755.36	-0.001
755.54	-0.000
755.73	-0.001
755.91	-0.001
756.09	-0.001
756.27	-0.001
756.45	-0.001
756.64	-0.001
756.82	-0.001
757.00	-0.001
757.18	-0.002
757.37	-0.001
757.55	-0.001
757.73	-0.001
757.91	-0.001
758.09	-0.001
758.27	-0.001
758.46	-0.001
758.64	-0.001
758.82	-0.001
759.00	-0.001
759.18	-0.002
759.37	-0.002
759.55	-0.002
759.73	-0.002
759.91	-0.001
760.09	-0.002
760.28	-0.002
760.46	-0.001
760.64	-0.001
760.82	-0.000
761.00	-0.000
761.18	-0.001
761.37	-0.001
761.55	-0.001
761.73	-0.000
761.91	-0.000
762.09	-0.000
762.27	-0.000
762.46	-0.001
762.64	-0.001
762.82	-0.000
763.00	-0.000
763.18	0.000
763.36	0.000
763.54	0.001
763.73	0.000
763.91	0.000
764.09	0.000
764.27	0.000
764.45	0.000
764.63	0.000
764.81	-0.000
765.00	-0.000
765.18	-0.000
765.36	-0.000
765.54	-0.001
765.72	-0.001
765.90	-0.001
766.08	-0.001
766.27	-0.001
766.45	-0.001
766.63	-0.001
766.81	-0.001
766.99	-0.001
767.17	-0.001
767.35	-0.001
767.53	-0.001
767.71	-0.001
767.90	-0.001
768.08	-0.001
768.26	-0.001
768.44	-0.001
768.62	-0.001
768.80	-0.001
768.98	-0.001
769.16	-0.001
769.34	-0.001
769.52	-0.000
769.71	-0.001
769.89	-0.001
770.07	-0.001
770.25	-0.001
770.43	-0.001
770.61	-0.001
770.79	-0.001
770.97	-0.001
771.15	-0.001
771.33	-0.001
771.51	-0.001
771.69	-0.001
771.88	-0.001
772.06	-0.001
772.24	-0.001
772.42	-0.001
772.60	-0.001
772.78	-0.001
772.96	-0.001
773.14	-0.001
773.32	-0.001
773.50	-0.001
773.68	-0.001
773.86	-0.001
774.04	-0.000
774.22	-0.000
774.40	-0.000
774.58	-0.000
774.77	-0.000
774.95	0.000
775.13	-0.000
775.31	-0.000
775.49	-0.001
775.67	-0.000
775.85	-0.001
776.03	-0.000
776.21	-0.001
776.39	-0.001
776.57	-0.001
776.75	-0.001
776.93	-0.001
777.11	-0.000
777.29	-0.000
777.47	-0.000
777.65	-0.000
777.83	-0.000
778.01	-0.000
778.19	0.000
778.37	-0.000
778.55	-0.000
778.73	-0.000
778.91	-0.001
779.09	-0.001
779.27	-0.000
779.45	0.000
779.63	-0.000
779.81	-0.000
779.99	-0.000
780.17	-0.001
780.35	-0.001
780.53	-0.001
780.71	-0.001
780.89	-0.001
781.07	-0.001
781.25	-0.001
781.43	-0.001
781.61	-0.001
781.79	-0.001
781.97	-0.001
782.15	-0.001
782.33	-0.002
782.51	-0.002
782.69	-0.002
782.87	-0.002
783.05	-0.003
783.23	-0.002
783.41	-0.002
783.59	-0.003
783.77	-0.002
783.95	-0.002
784.13	-0.002
784.31	-0.002
784.49	-0.001
784.67	-0.001
784.85	-0.001
785.03	-0.002
785.21	-0.002
785.38	-0.002
785.56	-0.002
785.74	-0.002
785.92	-0.001
786.10	-0.002
786.28	-0.001
786.46	-0.001
786.64	-0.001
786.82	-0.001
787.00	-0.001
787.18	-0.000
787.36	-0.001
787.54	-0.001
787.72	-0.001
787.90	-0.001
788.08	-0.001
788.25	-0.001
788.43	-0.001
788.61	-0.001
788.79	-0.001
788.97	-0.001
789.15	-0.001
789.33	-0.001
789.51	-0.001
789.69	-0.001
789.87	-0.001
790.05	-0.001
790.23	-0.001
790.40	-0.001
790.58	-0.001
790.76	-0.001
790.94	-0.001
791.12	-0.001
791.30	-0.001
791.48	-0.001
791.66	-0.001
791.84	-0.001
792.02	-0.001
792.19	-0.001
792.37	-0.002
792.55	-0.002
792.73	-0.001
792.91	-0.001
793.09	-0.002
793.27	-0.002
793.45	-0.002
793.63	-0.001
793.80	-0.001
793.98	-0.001
794.16	-0.001
794.34	-0.001
794.52	-0.001
794.70	-0.001
794.88	-0.001
795.05	-0.001
795.23	-0.001
795.41	-0.001
795.59	-0.002
795.77	-0.002
795.95	-0.002
796.13	-0.002
796.30	-0.002
796.48	-0.002
796.66	-0.002
796.84	-0.002
797.02	-0.001
797.20	-0.001
797.38	-0.001
797.55	-0.001
797.73	-0.002
797.91	-0.001
798.09	-0.001
798.27	-0.001
798.45	-0.002
798.62	-0.002
798.80	-0.002
798.98	-0.002
799.16	-0.002
799.34	-0.001
799.52	-0.002
799.69	-0.002
799.87	-0.001
800.05	-0.001
800.23	-0.001
800.41	-0.000
800.58	-0.001
800.76	-0.001
800.94	-0.001
801.12	-0.001
801.30	-0.001
801.47	-0.001
801.65	-0.002
801.83	-0.002
802.01	-0.002
802.19	-0.002
802.36	-0.001
802.54	-0.001
802.72	-0.001
802.90	-0.001
803.08	-0.001
803.25	-0.001
803.43	-0.001
803.61	-0.001
803.79	-0.002
803.97	-0.002
804.14	-0.002
804.32	-0.003
804.50	-0.003
804.68	-0.003
804.85	-0.002
805.03	-0.003
805.21	-0.002
805.39	-0.002
805.56	-0.002
805.74	-0.002
805.92	-0.002
806.10	-0.002
806.28	-0.002
806.45	-0.002
806.63	-0.002
806.81	-0.002
806.99	-0.002
807.16	-0.001
807.34	-0.001
807.52	-0.002
807.70	-0.001
807.87	-0.002
808.05	-0.002
808.23	-0.002
808.41	-0.002
808.58	-0.002
808.76	-0.002
808.94	-0.002
809.11	-0.002
809.29	-0.002
809.47	-0.002
809.65	-0.001
809.82	-0.002
810.00	-0.002
810.18	-0.002
810.36	-0.001
810.53	-0.001
810.71	-0.001
810.89	-0.001
811.06	-0.001
811.24	-0.001
811.42	-0.001
811.60	-0.001
811.77	-0.002
811.95	-0.002
812.13	-0.001
812.30	-0.002
812.48	-0.002
812.66	-0.002
812.83	-0.002
813.01	-0.002
813.19	-0.002
813.37	-0.001
813.54	-0.002
813.72	-0.001
813.90	-0.001
814.07	-0.001
814.25	-0.001
814.43	-0.000
814.60	-0.001
814.78	-0.001
814.96	-0.001
815.13	-0.001
815.31	-0.001
815.49	-0.001
815.66	-0.001
815.84	-0.002
816.02	-0.002
816.19	-0.002
816.37	-0.002
816.55	-0.002
816.72	-0.002
816.90	-0.002
817.08	-0.001
817.25	-0.002
817.43	-0.001
817.61	-0.002
817.78	-0.002
817.96	-0.002
818.14	-0.002
818.31	-0.002
818.49	-0.002
818.67	-0.002
818.84	-0.002
819.02	-0.002
819.19	-0.002
819.37	-0.002
819.55	-0.002
819.72	-0.002
819.90	-0.002
820.08	-0.002
820.25	-0.002
820.43	-0.002
820.60	-0.002
820.78	-0.002
820.96	-0.002
821.13	-0.002
821.31	-0.002
821.49	-0.001
821.66	-0.001
821.84	-0.001
822.01	-0.002
822.19	-0.002
822.37	-0.001
822.54	-0.001
822.72	-0.001
822.89	-0.001
823.07	-0.001
823.25	-0.001
823.42	-0.001
823.60	-0.001
823.77	-0.001
823.95	-0.001
824.13	-0.002
824.30	-0.002
824.48	-0.002
824.65	-0.002
824.83	-0.002
825.01	-0.002
825.18	-0.002
825.36	-0.002
825.53	-0.002
825.71	-0.002
825.88	-0.001
826.06	-0.002
826.24	-0.002
826.41	-0.001
826.59	-0.001
826.76	-0.002
826.94	-0.002
827.11	-0.002
827.29	-0.002
827.47	-0.002
827.64	-0.001
827.82	-0.002
827.99	-0.002
828.17	-0.002
828.34	-0.002
828.52	-0.002
828.69	-0.002
828.87	-0.002
829.04	-0.002
829.22	-0.001
829.40	-0.001
829.57	-0.001
829.75	-0.001
829.92	-0.001
830.10	-0.001
830.27	-0.001
830.45	-0.001
830.62	-0.001
830.80	-0.001
830.97	-0.001
831.15	-0.001
831.32	-0.000
831.50	-0.001
831.67	-0.000
831.85	-0.000
832.02	-0.000
832.20	-0.000
832.37	-0.001
832.55	-0.001
832.73	-0.001
832.90	-0.001
833.08	-0.001
833.25	-0.001
833.43	-0.001
833.60	-0.002
833.78	-0.002
833.95	-0.002
834.13	-0.002
834.30	-0.001
834.48	-0.001
834.65	-0.001
834.82	-0.002
835.00	-0.002
835.17	-0.001
835.35	-0.002
835.52	-0.002
835.70	-0.002
835.87	-0.002
836.05	-0.003
836.22	-0.003
836.40	-0.002
836.57	-0.002
836.75	-0.002
836.92	-0.001
837.10	-0.000
837.27	-0.000
837.45	-0.000
837.62	0.000
837.80	0.000
837.97	0.000
838.14	-0.000
838.32	-0.000
838.49	-0.001
838.67	-0.001
838.84	-0.001
839.02	-0.001
839.19	-0.002
839.37	-0.001
839.54	-0.001
839.71	-0.001
839.89	-0.001
840.06	-0.001
840.24	-0.001
840.41	-0.001
840.59	-0.001
840.76	-0.001
840.94	-0.002
841.11	-0.002
841.28	-0.002
841.46	-0.002
841.63	-0.002
841.81	-0.002
841.98	-0.003
842.15	-0.003
842.33	-0.002
842.50	-0.002
842.68	-0.002
842.85	-0.002
843.03	-0.002
843.20	-0.002
843.37	-0.002
843.55	-0.002
843.72	-0.001
843.90	-0.001
844.07	-0.002
844.24	-0.001
844.42	-0.001
844.59	0.000
844.77	-0.000
844.94	-0.000
845.11	-0.000
845.29	-0.000
845.46	-0.001
845.63	-0.001
845.81	-0.002
845.98	-0.002
846.16	-0.003
846.33	-0.002
846.50	-0.002
846.68	-0.003
846.85	-0.003
847.02	-0.002
847.20	-0.002
847.37	-0.002
847.55	-0.001
847.72	-0.002
847.89	-0.002
848.07	-0.002
848.24	-0.001
848.41	-0.001
848.59	-0.001
848.76	-0.002
848.93	-0.002
849.11	-0.001
849.28	-0.001
849.45	-0.001
849.63	-0.001
849.80	-0.001
849.97	-0.001
850.15	-0.001
850.32	-0.001
850.49	-0.001
850.67	-0.001
850.84	-0.001
851.01	-0.001
851.19	-0.001
851.36	-0.001
851.53	-0.001
851.71	-0.002
851.88	-0.001
852.05	-0.001
852.23	-0.001
852.40	-0.002
852.57	-0.002
852.75	-0.002
852.92	-0.001
853.09	-0.002
853.27	-0.001
853.44	-0.001
853.61	-0.001
853.79	-0.001
853.96	-0.000
854.13	-0.000
854.30	0.000
854.48	-0.001
854.65	-0.000
854.82	-0.000
855.00	-0.000
855.17	-0.001
855.34	-0.001
855.51	-0.000
855.69	-0.001
855.86	-0.001
856.03	-0.001
856.21	-0.001
856.38	-0.002
856.55	-0.001
856.72	-0.001
856.90	-0.002
857.07	-0.003
857.24	-0.002
857.42	-0.002
857.59	-0.002
857.76	-0.002
857.93	-0.001
858.11	-0.002
858.28	-0.002
858.45	-0.002
858.62	-0.001
858.80	-0.001
858.97	-0.002
859.14	-0.003
859.31	-0.002
859.49	-0.003
859.66	-0.002
859.83	-0.002
860.00	-0.002
860.18	-0.002
860.35	-0.002
860.52	-0.002
860.69	-0.001
860.86	-0.001
861.04	-0.001
861.21	-0.001
861.38	-0.002
861.55	-0.002
861.73	-0.002
861.90	-0.002
862.07	-0.001
862.24	-0.002
862.42	-0.002
862.59	-0.002
862.76	-0.002
862.93	-0.001
863.10	-0.002
863.28	-0.002
863.45	-0.002
863.62	-0.003
863.79	-0.003
863.96	-0.004
864.14	-0.004
864.31	-0.004
864.48	-0.005
864.65	-0.005
864.82	-0.005
865.00	-0.006
865.17	-0.005
865.34	-0.005
865.51	-0.005
865.68	-0.005
865.86	-0.004
866.03	-0.004
866.20	-0.005
866.37	-0.004
866.54	-0.004
866.71	-0.004
866.89	-0.004
867.06	-0.005
867.23	-0.005
867.40	-0.005
867.57	-0.006
867.74	-0.005
867.92	-0.005
868.09	-0.006
868.26	-0.006
868.43	-0.006
868.60	-0.005
868.77	-0.005
868.95	-0.004
869.12	-0.003
869.29	-0.004
869.46	-0.003
869.63	-0.003
869.80	-0.003
869.97	-0.002
870.15	-0.002
870.32	-0.003
870.49	-0.003
870.66	-0.003
870.83	-0.003
871.00	-0.003
871.17	-0.003
871.34	-0.002
871.52	-0.003
871.69	-0.004
871.86	-0.004
872.03	-0.004
872.20	-0.004
872.37	-0.004
872.54	-0.003
872.71	-0.004
872.89	-0.005
873.06	-0.005
873.23	-0.005
873.40	-0.005
873.57	-0.005
873.74	-0.005
873.91	-0.005
874.08	-0.006
874.25	-0.006
874.42	-0.006
874.60	-0.005
874.77	-0.005
874.94	-0.005
875.11	-0.005
875.28	-0.005
875.45	-0.005
875.62	-0.005
875.79	-0.004
875.96	-0.004
876.13	-0.005
876.30	-0.005
876.47	-0.006
876.65	-0.006
876.82	-0.006
876.99	-0.005
877.16	-0.005
877.33	-0.006
877.50	-0.006
877.67	-0.005
877.84	-0.005
878.01	-0.005
878.18	-0.005
878.35	-0.006
878.52	-0.006
878.69	-0.007
878.86	-0.007
879.03	-0.007
879.20	-0.007
879.38	-0.007
879.55	-0.006
879.72	-0.006
879.89	-0.006
880.06	-0.007
880.23	-0.007
880.40	-0.006
880.57	-0.007
880.74	-0.006
880.91	-0.007
881.08	-0.007
881.25	-0.007
881.42	-0.007
881.59	-0.006
881.76	-0.006
881.93	-0.006
882.10	-0.005
882.27	-0.006
882.44	-0.005
882.61	-0.006
882.78	-0.005
882.95	-0.006
883.12	-0.007
883.29	-0.007
883.46	-0.007
883.63	-0.008
883.80	-0.008
883.97	-0.008
884.14	-0.008
884.31	-0.008
884.48	-0.007
884.65	-0.006
884.82	-0.006
884.99	-0.006
885.16	-0.006
885.33	-0.007
885.50	-0.007
885.67	-0.007
885.84	-0.008
886.01	-0.008
886.18	-0.009
886.35	-0.009
886.52	-0.008
886.69	-0.007
886.86	-0.007
887.03	-0.008
887.20	-0.008
887.37	-0.009
887.54	-0.009
887.71	-0.009
887.88	-0.009
888.05	-0.009
888.22	-0.010
888.39	-0.010
888.55	-0.009
888.72	-0.009
888.89	-0.009
889.06	-0.008
889.23	-0.007
889.40	-0.007
889.57	-0.006
889.74	-0.007
889.91	-0.006
890.08	-0.006
890.25	-0.006
890.42	-0.005
890.59	-0.006
890.76	-0.006
890.93	-0.007
891.10	-0.007
891.26	-0.008
891.43	-0.008
891.60	-0.008
891.77	-0.007
891.94	-0.008
892.11	-0.007
892.28	-0.007
892.45	-0.007
892.62	-0.007
892.79	-0.006
892.96	-0.007
893.13	-0.008
893.29	-0.008
893.46	-0.008
893.63	-0.009
893.80	-0.010
893.97	-0.011
894.14	-0.010
894.31	-0.010
894.48	-0.008
894.65	-0.013
894.81	-0.003
894.98	-0.006
