177.34	0.104
177.56	0.104
177.78	0.104
178.00	-0.377
178.22	-0.298
178.44	-0.526
178.66	-0.607
178.89	-0.553
179.11	-0.603
179.33	-1.150
179.55	-0.797
179.77	-0.000
179.99	-0.000
180.21	-0.000
180.43	-0.608
180.65	0.103
180.87	0.018
181.09	0.124
181.31	0.083
181.53	0.110
181.75	0.141
181.97	0.154
182.19	0.138
182.41	0.182
182.63	0.168
182.85	0.200
183.07	0.214
183.30	0.250
183.52	0.236
183.74	0.220
183.96	0.225
184.18	0.254
184.40	0.221
184.62	0.206
184.84	0.184
185.06	0.162
185.28	0.136
185.50	0.163
185.72	0.187
185.94	0.203
186.16	0.212
186.38	0.233
186.60	0.279
186.82	0.339
187.04	0.343
187.26	0.417
187.48	0.428
187.70	0.450
187.92	0.478
188.14	0.528
188.36	0.541
188.58	0.563
188.80	0.556
189.02	0.602
189.24	0.605
189.46	0.630
189.68	0.644
189.90	0.690
190.12	0.698
190.34	0.742
190.56	0.764
190.78	0.810
191.00	0.833
191.22	0.892
191.44	0.900
191.66	0.938
191.88	0.937
192.10	0.956
192.32	0.942
192.54	0.968
192.76	0.971
192.98	0.985
193.20	0.972
193.42	1.022
193.64	1.020
193.86	1.016
194.08	1.033
194.30	1.068
194.52	1.085
194.74	1.107
194.96	1.098
195.18	1.126
195.40	1.129
195.62	1.160
195.84	1.162
196.06	1.191
196.28	1.212
196.50	1.217
196.72	1.217
196.94	1.254
197.16	1.242
197.38	1.241
197.60	1.238
197.82	1.283
198.04	1.291
198.26	1.284
198.48	1.284
198.70	1.298
198.92	1.304
199.13	1.343
199.35	1.351
199.57	1.342
199.79	1.325
200.01	1.327
200.23	1.317
200.45	1.322
200.67	1.331
200.89	1.313
201.11	1.292
201.33	1.281
201.55	1.309
201.77	1.334
201.99	1.331
202.21	1.344
202.43	1.357
202.65	1.344
202.87	1.381
203.09	1.400
203.31	1.456
203.52	1.431
203.74	1.424
203.96	1.428
204.18	1.431
204.40	1.442
204.62	1.462
204.84	1.459
205.06	1.466
205.28	1.444
205.50	1.461
205.72	1.480
205.94	1.489
206.16	1.524
206.38	1.522
206.59	1.539
206.81	1.549
207.03	1.533
207.25	1.527
207.47	1.532
207.69	1.515
207.91	1.531
208.13	1.514
208.35	1.539
208.57	1.536
208.79	1.545
209.01	1.563
209.22	1.573
209.44	1.574
209.66	1.583
209.88	1.584
210.10	1.598
210.32	1.578
210.54	1.596
210.76	1.607
210.98	1.619
211.20	1.634
211.42	1.629
211.63	1.638
211.85	1.633
212.07	1.628
212.29	1.635
212.51	1.630
212.73	1.617
212.95	1.627
213.17	1.621
213.39	1.639
213.60	1.646
213.82	1.643
214.04	1.653
214.26	1.657
214.48	1.664
214.70	1.669
214.92	1.658
215.14	1.664
215.35	1.669
215.57	1.686
215.79	1.699
216.01	1.701
216.23	1.704
216.45	1.687
216.67	1.697
216.89	1.694
217.10	1.708
217.32	1.713
217.54	1.691
217.76	1.679
217.98	1.683
218.20	1.684
218.42	1.684
218.64	1.687
218.85	1.685
219.07	1.665
219.29	1.644
219.51	1.649
219.73	1.649
219.95	1.634
220.17	1.625
220.38	1.620
220.60	1.600
220.82	1.581
221.04	1.574
221.26	1.568
221.48	1.552
221.69	1.532
221.91	1.509
222.13	1.489
222.35	1.466
222.57	1.445
222.79	1.425
223.00	1.401
223.22	1.375
223.44	1.350
223.66	1.332
223.88	1.314
224.10	1.292
224.32	1.270
224.53	1.250
224.75	1.229
224.97	1.208
225.19	1.189
225.41	1.169
225.62	1.146
225.84	1.124
226.06	1.103
226.28	1.081
226.50	1.058
226.72	1.038
226.93	1.017
227.15	0.995
227.37	0.972
227.59	0.952
227.81	0.930
228.02	0.912
228.24	0.893
228.46	0.875
228.68	0.858
228.90	0.839
229.12	0.824
229.33	0.809
229.55	0.791
229.77	0.777
229.99	0.761
230.21	0.745
230.42	0.729
230.64	0.714
230.86	0.700
231.08	0.684
231.30	0.669
231.51	0.656
231.73	0.643
231.95	0.629
232.17	0.616
232.38	0.602
232.60	0.590
232.82	0.577
233.04	0.565
233.26	0.553
233.47	0.542
233.69	0.530
233.91	0.519
234.13	0.509
234.35	0.498
234.56	0.488
234.78	0.478
235.00	0.469
235.22	0.460
235.43	0.451
235.65	0.442
235.87	0.434
236.09	0.425
236.30	0.417
236.52	0.409
236.74	0.400
236.96	0.393
237.18	0.384
237.39	0.376
237.61	0.369
237.83	0.362
238.05	0.355
238.26	0.348
238.48	0.341
238.70	0.335
238.92	0.329
239.13	0.323
239.35	0.317
239.57	0.311
239.79	0.304
240.00	0.299
240.22	0.293
240.44	0.289
240.66	0.283
240.87	0.278
241.09	0.273
241.31	0.269
241.53	0.264
241.74	0.260
241.96	0.256
242.18	0.251
242.40	0.247
242.61	0.243
242.83	0.239
243.05	0.235
243.27	0.231
243.48	0.228
243.70	0.225
243.92	0.222
244.13	0.218
244.35	0.215
244.57	0.212
244.79	0.209
245.00	0.207
245.22	0.204
245.44	0.202
245.65	0.199
245.87	0.197
246.09	0.195
246.31	0.193
246.52	0.190
246.74	0.188
246.96	0.186
247.18	0.184
247.39	0.182
247.61	0.180
247.83	0.178
248.04	0.176
248.26	0.175
248.48	0.174
248.69	0.172
248.91	0.171
249.13	0.169
249.35	0.168
249.56	0.166
249.78	0.164
250.00	0.163
250.21	0.162
250.43	0.160
250.65	0.159
250.86	0.158
251.08	0.157
251.30	0.155
251.51	0.155
251.73	0.154
251.95	0.153
252.17	0.152
252.38	0.151
252.60	0.150
252.82	0.149
253.03	0.148
253.25	0.147
253.47	0.146
253.68	0.146
253.90	0.145
254.12	0.144
254.33	0.144
254.55	0.143
254.77	0.142
254.98	0.142
255.20	0.141
255.42	0.141
255.63	0.140
255.85	0.139
256.07	0.139
256.28	0.138
256.50	0.138
256.72	0.137
256.93	0.137
257.15	0.136
257.37	0.136
257.58	0.135
257.80	0.135
258.02	0.135
258.23	0.134
258.45	0.134
258.67	0.134
258.88	0.133
259.10	0.133
259.32	0.133
259.53	0.132
259.75	0.133
259.96	0.132
260.18	0.132
260.40	0.132
260.61	0.132
260.83	0.132
261.05	0.132
261.26	0.131
261.48	0.131
261.70	0.130
261.91	0.130
262.13	0.130
262.34	0.130
262.56	0.129
262.78	0.129
262.99	0.129
263.21	0.129
263.43	0.129
263.64	0.129
263.86	0.129
264.07	0.129
264.29	0.129
264.51	0.129
264.72	0.129
264.94	0.128
265.16	0.128
265.37	0.129
265.59	0.128
265.80	0.128
266.02	0.128
266.24	0.128
266.45	0.128
266.67	0.128
266.88	0.128
267.10	0.128
267.32	0.128
267.53	0.128
267.75	0.128
267.96	0.127
268.18	0.127
268.40	0.127
268.61	0.127
268.83	0.127
269.04	0.127
269.26	0.127
269.48	0.126
269.69	0.126
269.91	0.126
270.12	0.125
270.34	0.125
270.56	0.124
270.77	0.124
270.99	0.124
271.20	0.124
271.42	0.124
271.64	0.123
271.85	0.123
272.07	0.123
272.28	0.123
272.50	0.123
272.71	0.123
272.93	0.122
273.15	0.122
273.36	0.122
273.58	0.121
273.79	0.121
274.01	0.120
274.22	0.120
274.44	0.120
274.66	0.120
274.87	0.119
275.09	0.119
275.30	0.118
275.52	0.118
275.73	0.118
275.95	0.118
276.16	0.118
276.38	0.117
276.60	0.116
276.81	0.116
277.03	0.115
277.24	0.115
277.46	0.115
277.67	0.116
277.89	0.115
278.10	0.115
278.32	0.114
278.53	0.114
278.75	0.114
278.97	0.113
279.18	0.113
279.40	0.112
279.61	0.112
279.83	0.111
280.04	0.111
280.26	0.111
280.47	0.110
280.69	0.110
280.90	0.109
281.12	0.109
281.33	0.109
281.55	0.108
281.76	0.108
281.98	0.107
282.20	0.106
282.41	0.106
282.63	0.105
282.84	0.105
283.06	0.105
283.27	0.104
283.49	0.104
283.70	0.103
283.92	0.103
284.13	0.102
284.35	0.102
284.56	0.101
284.78	0.101
284.99	0.100
285.21	0.100
285.42	0.100
285.64	0.099
285.85	0.099
286.07	0.098
286.28	0.098
286.50	0.097
286.71	0.097
286.93	0.097
287.14	0.095
287.36	0.095
287.57	0.094
287.79	0.094
288.00	0.093
288.22	0.093
288.43	0.092
288.65	0.091
288.86	0.091
289.08	0.091
289.29	0.091
289.51	0.090
289.72	0.089
289.94	0.089
290.15	0.089
290.37	0.088
290.58	0.088
290.80	0.087
291.01	0.088
291.22	0.088
291.44	0.087
291.65	0.087
291.87	0.087
292.08	0.087
292.30	0.087
292.51	0.086
292.73	0.086
292.94	0.085
293.16	0.085
293.37	0.085
293.59	0.084
293.80	0.084
294.02	0.083
294.23	0.083
294.44	0.083
294.66	0.082
294.87	0.082
295.09	0.082
295.30	0.081
295.52	0.081
295.73	0.081
295.95	0.081
296.16	0.080
296.37	0.080
296.59	0.079
296.80	0.079
297.02	0.078
297.23	0.078
297.45	0.077
297.66	0.077
297.88	0.076
298.09	0.076
298.30	0.075
298.52	0.075
298.73	0.075
298.95	0.075
299.16	0.074
299.38	0.074
299.59	0.073
299.80	0.073
300.02	0.073
300.23	0.072
300.45	0.072
300.66	0.072
300.88	0.072
301.09	0.071
301.30	0.071
301.52	0.071
301.73	0.071
301.95	0.070
302.16	0.070
302.37	0.069
302.59	0.069
302.80	0.069
303.02	0.069
303.23	0.068
303.45	0.068
303.66	0.067
303.87	0.067
304.09	0.067
304.30	0.067
304.52	0.067
304.73	0.067
304.94	0.066
305.16	0.066
305.37	0.066
305.59	0.065
305.80	0.065
306.01	0.065
306.23	0.064
306.44	0.064
306.65	0.063
306.87	0.063
307.08	0.062
307.30	0.062
307.51	0.062
307.72	0.062
307.94	0.061
308.15	0.061
308.37	0.061
308.58	0.061
308.79	0.060
309.01	0.060
309.22	0.059
309.43	0.058
309.65	0.058
309.86	0.058
310.07	0.058
310.29	0.057
310.50	0.057
310.72	0.057
310.93	0.057
311.14	0.057
311.36	0.058
311.57	0.058
311.78	0.058
312.00	0.058
312.21	0.058
312.42	0.058
312.64	0.057
312.85	0.057
313.07	0.057
313.28	0.056
313.49	0.055
313.71	0.055
313.92	0.055
314.13	0.054
314.35	0.054
314.56	0.054
314.77	0.053
314.99	0.053
315.20	0.053
315.41	0.053
315.63	0.053
315.84	0.052
316.05	0.052
316.27	0.052
316.48	0.052
316.69	0.052
316.91	0.052
317.12	0.051
317.33	0.051
317.55	0.051
317.76	0.051
317.97	0.050
318.19	0.050
318.40	0.050
318.61	0.050
318.83	0.049
319.04	0.049
319.25	0.049
319.47	0.049
319.68	0.049
319.89	0.049
320.10	0.049
320.32	0.049
320.53	0.049
320.74	0.048
320.96	0.048
321.17	0.048
321.38	0.048
321.60	0.047
321.81	0.047
322.02	0.047
322.24	0.047
322.45	0.047
322.66	0.047
322.87	0.046
323.09	0.046
323.30	0.046
323.51	0.046
323.73	0.046
323.94	0.046
324.15	0.046
324.36	0.046
324.58	0.045
324.79	0.045
325.00	0.045
325.22	0.045
325.43	0.045
325.64	0.044
325.85	0.044
326.07	0.044
326.28	0.045
326.49	0.045
326.71	0.044
326.92	0.044
327.13	0.045
327.34	0.044
327.56	0.044
327.77	0.044
327.98	0.044
328.19	0.043
328.41	0.043
328.62	0.044
328.83	0.044
329.04	0.044
329.26	0.044
329.47	0.044
329.68	0.043
329.90	0.043
330.11	0.043
330.32	0.043
330.53	0.042
330.75	0.041
330.96	0.041
331.17	0.040
331.38	0.040
331.60	0.040
331.81	0.040
332.02	0.040
332.23	0.040
332.44	0.041
332.66	0.041
332.87	0.042
333.08	0.042
333.29	0.042
333.51	0.042
333.72	0.042
333.93	0.041
334.14	0.041
334.36	0.040
334.57	0.040
334.78	0.039
334.99	0.038
335.21	0.038
335.42	0.038
335.63	0.038
335.84	0.038
336.05	0.039
336.27	0.039
336.48	0.039
336.69	0.040
336.90	0.039
337.11	0.040
337.33	0.039
337.54	0.039
337.75	0.038
337.96	0.038
338.18	0.037
338.39	0.037
338.60	0.036
338.81	0.036
339.02	0.036
339.24	0.036
339.45	0.036
339.66	0.036
339.87	0.036
340.08	0.036
340.30	0.036
340.51	0.036
340.72	0.036
340.93	0.035
341.14	0.035
341.36	0.035
341.57	0.036
341.78	0.036
341.99	0.036
342.20	0.036
342.41	0.037
342.63	0.037
342.84	0.037
343.05	0.037
343.26	0.037
343.47	0.037
343.69	0.037
343.90	0.037
344.11	0.036
344.32	0.036
344.53	0.035
344.74	0.035
344.96	0.035
345.17	0.035
345.38	0.034
345.59	0.034
345.80	0.034
346.01	0.034
346.23	0.034
346.44	0.035
346.65	0.035
346.86	0.035
347.07	0.035
347.28	0.035
347.50	0.035
347.71	0.034
347.92	0.034
348.13	0.034
348.34	0.034
348.55	0.033
348.76	0.033
348.98	0.032
349.19	0.033
349.40	0.033
349.61	0.032
349.82	0.032
350.03	0.032
350.24	0.032
350.46	0.032
350.67	0.032
350.88	0.032
351.09	0.031
351.30	0.031
351.51	0.032
351.72	0.031
351.93	0.031
352.15	0.031
352.36	0.030
352.57	0.030
352.78	0.030
352.99	0.030
353.20	0.030
353.41	0.029
353.62	0.029
353.84	0.029
354.05	0.029
354.26	0.028
354.47	0.028
354.68	0.028
354.89	0.028
355.10	0.028
355.31	0.028
355.52	0.028
355.74	0.028
355.95	0.028
356.16	0.028
356.37	0.028
356.58	0.028
356.79	0.027
357.00	0.027
357.21	0.026
357.42	0.026
357.63	0.026
357.85	0.026
358.06	0.026
358.27	0.026
358.48	0.026
358.69	0.026
358.90	0.026
359.11	0.026
359.32	0.026
359.53	0.026
359.74	0.025
359.95	0.025
360.17	0.025
360.38	0.025
360.59	0.025
360.80	0.025
361.01	0.025
361.22	0.025
361.43	0.025
361.64	0.025
361.85	0.024
362.06	0.024
362.27	0.024
362.48	0.024
362.69	0.024
362.90	0.024
363.12	0.024
363.33	0.023
363.54	0.023
363.75	0.023
363.96	0.023
364.17	0.023
364.38	0.023
364.59	0.022
364.80	0.022
365.01	0.022
365.22	0.022
365.43	0.022
365.64	0.022
365.85	0.022
366.06	0.021
366.27	0.022
366.48	0.021
366.69	0.021
366.90	0.021
367.11	0.021
367.32	0.021
367.54	0.021
367.75	0.021
367.96	0.021
368.17	0.021
368.38	0.020
368.59	0.020
368.80	0.020
369.01	0.020
369.22	0.020
369.43	0.020
369.64	0.020
369.85	0.020
370.06	0.019
370.27	0.019
370.48	0.019
370.69	0.019
370.90	0.019
371.11	0.019
371.32	0.019
371.53	0.019
371.74	0.019
371.95	0.019
372.16	0.020
372.37	0.020
372.58	0.020
372.79	0.019
373.00	0.019
373.21	0.020
373.42	0.020
373.63	0.020
373.84	0.020
374.05	0.019
374.26	0.019
374.47	0.019
374.68	0.019
374.89	0.019
375.10	0.019
375.31	0.019
375.52	0.019
375.73	0.019
375.94	0.019
376.15	0.019
376.36	0.018
376.57	0.018
376.78	0.018
376.99	0.018
377.20	0.018
377.41	0.017
377.62	0.017
377.83	0.017
378.04	0.017
378.25	0.017
378.46	0.017
378.67	0.017
378.88	0.016
379.09	0.016
379.30	0.017
379.51	0.016
379.72	0.016
379.92	0.015
380.13	0.015
380.34	0.016
380.55	0.015
380.76	0.016
380.97	0.015
381.18	0.015
381.39	0.015
381.60	0.015
381.81	0.016
382.02	0.016
382.23	0.016
382.44	0.016
382.65	0.016
382.86	0.016
383.07	0.015
383.28	0.015
383.49	0.015
383.70	0.016
383.91	0.016
384.11	0.016
384.32	0.016
384.53	0.016
384.74	0.016
384.95	0.016
385.16	0.017
385.37	0.016
385.58	0.016
385.79	0.016
386.00	0.015
386.21	0.015
386.42	0.015
386.63	0.015
386.84	0.015
387.04	0.015
387.25	0.015
387.46	0.014
387.67	0.014
387.88	0.015
388.09	0.015
388.30	0.014
388.51	0.015
388.72	0.014
388.93	0.014
389.14	0.013
389.34	0.013
389.55	0.013
389.76	0.013
389.97	0.013
390.18	0.013
390.39	0.012
390.60	0.012
390.81	0.012
391.02	0.012
391.23	0.012
391.43	0.013
391.64	0.012
391.85	0.012
392.06	0.013
392.27	0.013
392.48	0.012
392.69	0.013
392.90	0.013
393.11	0.013
393.31	0.012
393.52	0.013
393.73	0.013
393.94	0.012
394.15	0.012
394.36	0.013
394.57	0.013
394.78	0.012
394.98	0.013
395.19	0.013
395.40	0.012
395.61	0.012
395.82	0.012
396.03	0.012
396.24	0.012
396.44	0.012
396.65	0.012
396.86	0.012
397.07	0.012
397.28	0.013
397.49	0.013
397.70	0.013
397.90	0.013
398.11	0.013
398.32	0.013
398.53	0.012
398.74	0.012
398.95	0.012
399.16	0.011
399.36	0.011
399.57	0.010
399.78	0.011
399.99	0.010
400.20	0.010
400.41	0.011
400.61	0.011
400.82	0.011
401.03	0.011
401.24	0.011
401.45	0.011
401.66	0.010
401.86	0.010
402.07	0.010
402.28	0.011
402.49	0.010
402.70	0.010
402.91	0.011
403.11	0.010
403.32	0.010
403.53	0.011
403.74	0.011
403.95	0.011
404.15	0.010
404.36	0.010
404.57	0.010
404.78	0.009
404.99	0.010
405.20	0.010
405.40	0.010
405.61	0.010
405.82	0.010
406.03	0.010
406.24	0.011
406.44	0.011
406.65	0.011
406.86	0.010
407.07	0.010
407.28	0.010
407.48	0.011
407.69	0.010
407.90	0.011
408.11	0.010
408.32	0.010
408.52	0.010
408.73	0.010
408.94	0.011
409.15	0.010
409.35	0.010
409.56	0.009
409.77	0.009
409.98	0.010
410.19	0.010
410.39	0.011
410.60	0.010
410.81	0.010
411.02	0.010
411.22	0.010
411.43	0.011
411.64	0.011
411.85	0.010
412.05	0.010
412.26	0.010
412.47	0.010
412.68	0.010
412.89	0.010
413.09	0.010
413.30	0.010
413.51	0.010
413.72	0.010
413.92	0.010
414.13	0.010
414.34	0.010
414.55	0.010
414.75	0.011
414.96	0.010
415.17	0.010
415.38	0.011
415.58	0.011
415.79	0.011
416.00	0.010
416.21	0.010
416.41	0.011
416.62	0.010
416.83	0.011
417.03	0.010
417.24	0.009
417.45	0.009
417.66	0.009
417.86	0.009
418.07	0.009
418.28	0.009
418.49	0.009
418.69	0.009
418.90	0.009
419.11	0.009
419.31	0.009
419.52	0.009
419.73	0.009
419.94	0.009
420.14	0.009
420.35	0.009
420.56	0.009
420.76	0.009
420.97	0.009
421.18	0.008
421.39	0.009
421.59	0.009
421.80	0.009
422.01	0.009
422.21	0.009
422.42	0.010
422.63	0.010
422.84	0.010
423.04	0.010
423.25	0.010
423.46	0.009
423.66	0.009
423.87	0.009
424.08	0.009
424.28	0.009
424.49	0.009
424.70	0.010
424.90	0.009
425.11	0.009
425.32	0.010
425.52	0.009
425.73	0.009
425.94	0.009
426.15	0.009
426.35	0.009
426.56	0.009
426.77	0.009
426.97	0.009
427.18	0.009
427.39	0.009
427.59	0.009
427.80	0.009
428.01	0.009
428.21	0.009
428.42	0.009
428.63	0.009
428.83	0.010
429.04	0.010
429.25	0.010
429.45	0.011
429.66	0.011
429.87	0.011
430.07	0.011
430.28	0.011
430.48	0.011
430.69	0.011
430.90	0.011
431.10	0.011
431.31	0.010
431.52	0.010
431.72	0.010
431.93	0.010
432.14	0.010
432.34	0.010
432.55	0.010
432.76	0.009
432.96	0.009
433.17	0.009
433.37	0.008
433.58	0.008
433.79	0.007
433.99	0.007
434.20	0.008
434.41	0.007
434.61	0.008
434.82	0.008
435.02	0.009
435.23	0.009
435.44	0.009
435.64	0.010
435.85	0.009
436.06	0.009
436.26	0.010
436.47	0.010
436.67	0.010
436.88	0.009
437.09	0.010
437.29	0.010
437.50	0.010
437.70	0.010
437.91	0.010
438.12	0.010
438.32	0.010
438.53	0.009
438.73	0.009
438.94	0.009
439.15	0.009
439.35	0.008
439.56	0.008
439.76	0.008
439.97	0.008
440.18	0.008
440.38	0.008
440.59	0.009
440.79	0.009
441.00	0.009
441.20	0.009
441.41	0.009
441.62	0.009
441.82	0.009
442.03	0.008
442.23	0.009
442.44	0.008
442.65	0.008
442.85	0.008
443.06	0.009
443.26	0.009
443.47	0.009
443.67	0.009
443.88	0.010
444.09	0.009
444.29	0.009
444.50	0.009
444.70	0.009
444.91	0.008
445.11	0.008
445.32	0.008
445.52	0.008
445.73	0.008
445.94	0.009
446.14	0.009
446.35	0.009
446.55	0.009
446.76	0.008
446.96	0.008
447.17	0.008
447.37	0.008
447.58	0.008
447.78	0.008
447.99	0.008
448.20	0.008
448.40	0.007
448.61	0.007
448.81	0.008
449.02	0.008
449.22	0.009
449.43	0.009
449.63	0.009
449.84	0.010
450.04	0.010
450.25	0.010
450.45	0.010
450.66	0.010
450.86	0.009
451.07	0.009
451.27	0.008
451.48	0.008
451.68	0.007
451.89	0.008
452.09	0.008
452.30	0.008
452.50	0.008
452.71	0.008
452.91	0.008
453.12	0.008
453.33	0.008
453.53	0.007
453.74	0.008
453.94	0.008
454.15	0.009
454.35	0.008
454.56	0.008
454.76	0.008
454.96	0.008
455.17	0.008
455.37	0.008
455.58	0.008
455.78	0.008
455.99	0.007
456.19	0.007
456.40	0.007
456.60	0.006
456.81	0.007
457.01	0.007
457.22	0.007
457.42	0.008
457.63	0.008
457.83	0.008
458.04	0.008
458.24	0.008
458.45	0.009
458.65	0.009
458.86	0.009
459.06	0.008
459.27	0.008
459.47	0.008
459.67	0.008
459.88	0.008
460.08	0.008
460.29	0.008
460.49	0.007
460.70	0.007
460.90	0.007
461.11	0.007
461.31	0.007
461.52	0.007
461.72	0.008
461.92	0.008
462.13	0.008
462.33	0.008
462.54	0.008
462.74	0.009
462.95	0.008
463.15	0.008
463.36	0.008
463.56	0.007
463.76	0.007
463.97	0.007
464.17	0.007
464.38	0.007
464.58	0.007
464.79	0.007
464.99	0.007
465.19	0.007
465.40	0.007
465.60	0.006
465.81	0.007
466.01	0.007
466.22	0.007
466.42	0.007
466.62	0.007
466.83	0.007
467.03	0.007
467.24	0.008
467.44	0.008
467.65	0.008
467.85	0.008
468.05	0.008
468.26	0.009
468.46	0.008
468.67	0.008
468.87	0.008
469.07	0.009
469.28	0.008
469.48	0.009
469.69	0.008
469.89	0.008
470.09	0.009
470.30	0.009
470.50	0.008
470.71	0.008
470.91	0.008
471.11	0.008
471.32	0.008
471.52	0.008
471.72	0.008
471.93	0.008
472.13	0.007
472.34	0.008
472.54	0.008
472.74	0.008
472.95	0.008
473.15	0.007
473.35	0.007
473.56	0.007
473.76	0.007
473.97	0.007
474.17	0.007
474.37	0.007
474.58	0.007
474.78	0.007
474.98	0.007
475.19	0.007
475.39	0.007
475.60	0.007
475.80	0.007
476.00	0.007
476.21	0.007
476.41	0.007
476.61	0.006
476.82	0.006
477.02	0.007
477.22	0.007
477.43	0.007
477.63	0.007
477.83	0.006
478.04	0.006
478.24	0.007
478.44	0.007
478.65	0.007
478.85	0.008
479.05	0.008
479.26	0.008
479.46	0.007
479.66	0.008
479.87	0.008
480.07	0.008
480.27	0.008
480.48	0.008
480.68	0.007
480.88	0.007
481.09	0.007
481.29	0.007
481.49	0.007
481.70	0.006
481.90	0.006
482.10	0.006
482.31	0.007
482.51	0.007
482.71	0.007
482.92	0.007
483.12	0.008
483.32	0.008
483.52	0.008
483.73	0.008
483.93	0.008
484.13	0.008
484.34	0.008
484.54	0.008
484.74	0.008
484.95	0.007
485.15	0.007
485.35	0.007
485.55	0.007
485.76	0.008
485.96	0.007
486.16	0.007
486.37	0.007
486.57	0.007
486.77	0.007
486.97	0.007
487.18	0.007
487.38	0.007
487.58	0.007
487.79	0.007
487.99	0.007
488.19	0.006
488.39	0.006
488.60	0.006
488.80	0.006
489.00	0.006
489.20	0.007
489.41	0.006
489.61	0.006
489.81	0.006
490.02	0.006
490.22	0.005
490.42	0.005
490.62	0.006
490.83	0.005
491.03	0.005
491.23	0.006
491.43	0.006
491.64	0.007
491.84	0.007
492.04	0.007
492.24	0.008
492.45	0.007
492.65	0.008
492.85	0.008
493.05	0.007
493.26	0.007
493.46	0.007
493.66	0.007
493.86	0.007
494.07	0.007
494.27	0.007
494.47	0.007
494.67	0.006
494.87	0.007
495.08	0.007
495.28	0.006
495.48	0.006
495.68	0.006
495.89	0.006
496.09	0.006
496.29	0.007
496.49	0.006
496.69	0.006
496.90	0.006
497.10	0.006
497.30	0.006
497.50	0.006
497.71	0.005
497.91	0.005
498.11	0.005
498.31	0.006
498.51	0.006
498.72	0.006
498.92	0.006
499.12	0.006
499.32	0.007
499.52	0.007
499.73	0.007
499.93	0.006
500.13	0.006
500.33	0.006
500.53	0.006
500.74	0.006
500.94	0.006
501.14	0.006
501.34	0.007
501.54	0.007
501.74	0.007
501.95	0.006
502.15	0.006
502.35	0.006
502.55	0.006
502.75	0.006
502.96	0.005
503.16	0.005
503.36	0.005
503.56	0.005
503.76	0.006
503.96	0.006
504.17	0.007
504.37	0.006
504.57	0.007
504.77	0.007
504.97	0.007
505.17	0.007
505.38	0.007
505.58	0.006
505.78	0.006
505.98	0.006
506.18	0.006
506.38	0.006
506.58	0.007
506.79	0.006
506.99	0.006
507.19	0.006
507.39	0.006
507.59	0.006
507.79	0.006
507.99	0.006
508.20	0.006
508.40	0.005
508.60	0.005
508.80	0.006
509.00	0.006
509.20	0.006
509.40	0.006
509.61	0.006
509.81	0.006
510.01	0.006
510.21	0.006
510.41	0.006
510.61	0.006
510.81	0.006
511.01	0.006
511.22	0.006
511.42	0.006
511.62	0.005
511.82	0.005
512.02	0.005
512.22	0.005
512.42	0.006
512.62	0.006
512.82	0.006
513.03	0.006
513.23	0.007
513.43	0.007
513.63	0.007
513.83	0.007
514.03	0.007
514.23	0.006
514.43	0.006
514.63	0.006
514.83	0.006
515.04	0.005
515.24	0.005
515.44	0.005
515.64	0.005
515.84	0.005
516.04	0.005
516.24	0.006
516.44	0.006
516.64	0.006
516.84	0.006
517.04	0.006
517.24	0.006
517.45	0.006
517.65	0.006
517.85	0.006
518.05	0.006
518.25	0.005
518.45	0.005
518.65	0.005
518.85	0.005
519.05	0.005
519.25	0.005
519.45	0.005
519.65	0.005
519.85	0.004
520.05	0.004
520.25	0.005
520.46	0.005
520.66	0.005
520.86	0.005
521.06	0.005
521.26	0.005
521.46	0.005
521.66	0.005
521.86	0.005
522.06	0.004
522.26	0.005
522.46	0.005
522.66	0.004
522.86	0.005
523.06	0.005
523.26	0.005
523.46	0.005
523.66	0.005
523.86	0.005
524.06	0.005
524.26	0.004
524.46	0.005
524.66	0.004
524.86	0.005
525.06	0.004
525.26	0.005
525.46	0.005
525.66	0.005
525.87	0.005
526.07	0.005
526.27	0.005
526.47	0.005
526.67	0.005
526.87	0.005
527.07	0.005
527.27	0.005
527.47	0.005
527.67	0.005
527.87	0.004
528.07	0.005
528.27	0.005
528.47	0.005
528.67	0.005
528.87	0.004
529.07	0.004
529.27	0.004
529.47	0.004
529.67	0.004
529.87	0.005
530.07	0.004
530.27	0.005
530.47	0.005
530.67	0.004
530.87	0.004
531.06	0.005
531.26	0.005
531.46	0.005
531.66	0.005
531.86	0.005
532.06	0.004
532.26	0.004
532.46	0.005
532.66	0.005
532.86	0.005
533.06	0.004
533.26	0.004
533.46	0.004
533.66	0.005
533.86	0.005
534.06	0.005
534.26	0.004
534.46	0.004
534.66	0.004
534.86	0.004
535.06	0.004
535.26	0.004
535.46	0.003
535.66	0.003
535.86	0.003
536.06	0.003
536.26	0.004
536.45	0.004
536.65	0.004
536.85	0.004
537.05	0.005
537.25	0.005
537.45	0.005
537.65	0.005
537.85	0.005
538.05	0.004
538.25	0.004
538.45	0.004
538.65	0.004
538.85	0.003
539.05	0.004
539.25	0.004
539.44	0.003
539.64	0.003
539.84	0.004
540.04	0.004
540.24	0.004
540.44	0.004
540.64	0.004
540.84	0.004
541.04	0.004
541.24	0.004
541.44	0.003
541.64	0.003
541.83	0.003
542.03	0.003
542.23	0.003
542.43	0.003
542.63	0.003
542.83	0.003
543.03	0.003
543.23	0.003
543.43	0.003
543.63	0.004
543.82	0.004
544.02	0.004
544.22	0.004
544.42	0.004
544.62	0.004
544.82	0.004
545.02	0.004
545.22	0.003
545.42	0.003
545.61	0.004
545.81	0.004
546.01	0.003
546.21	0.003
546.41	0.004
546.61	0.004
546.81	0.004
547.01	0.004
547.20	0.004
547.40	0.003
547.60	0.004
547.80	0.005
548.00	0.005
548.20	0.005
548.40	0.004
548.59	0.004
548.79	0.005
548.99	0.005
549.19	0.005
549.39	0.004
549.59	0.004
549.79	0.003
549.98	0.003
550.18	0.003
550.38	0.004
550.58	0.003
550.78	0.003
550.98	0.003
551.17	0.003
551.37	0.003
551.57	0.004
551.77	0.003
551.97	0.003
552.17	0.003
552.36	0.003
552.56	0.003
552.76	0.003
552.96	0.004
553.16	0.004
553.36	0.004
553.55	0.004
553.75	0.005
553.95	0.005
554.15	0.005
554.35	0.005
554.55	0.005
554.74	0.004
554.94	0.004
555.14	0.004
555.34	0.004
555.54	0.004
555.73	0.004
555.93	0.003
556.13	0.004
556.33	0.004
556.53	0.004
556.72	0.004
556.92	0.004
557.12	0.004
557.32	0.004
557.52	0.004
557.71	0.005
557.91	0.004
558.11	0.004
558.31	0.005
558.51	0.005
558.70	0.004
558.90	0.004
559.10	0.004
559.30	0.004
559.49	0.004
559.69	0.004
559.89	0.004
560.09	0.004
560.29	0.004
560.48	0.005
560.68	0.004
560.88	0.004
561.08	0.004
561.27	0.004
561.47	0.004
561.67	0.004
561.87	0.004
562.06	0.004
562.26	0.004
562.46	0.004
562.66	0.005
562.86	0.005
563.05	0.004
563.25	0.004
563.45	0.004
563.65	0.004
563.84	0.004
564.04	0.004
564.24	0.003
564.44	0.003
564.63	0.003
564.83	0.003
565.03	0.003
565.22	0.003
565.42	0.003
565.62	0.003
565.82	0.003
566.01	0.004
566.21	0.004
566.41	0.004
566.61	0.004
566.80	0.004
567.00	0.005
567.20	0.005
567.40	0.005
567.59	0.005
567.79	0.004
567.99	0.004
568.18	0.004
568.38	0.004
568.58	0.004
568.78	0.004
568.97	0.004
569.17	0.004
569.37	0.004
569.56	0.003
569.76	0.004
569.96	0.004
570.16	0.004
570.35	0.004
570.55	0.004
570.75	0.005
570.94	0.004
571.14	0.005
571.34	0.005
571.53	0.005
571.73	0.005
571.93	0.005
572.12	0.005
572.32	0.005
572.52	0.005
572.72	0.005
572.91	0.005
573.11	0.004
573.31	0.004
573.50	0.005
573.70	0.004
573.90	0.004
574.09	0.004
574.29	0.004
574.49	0.003
574.68	0.004
574.88	0.004
575.08	0.004
575.27	0.004
575.47	0.004
575.67	0.004
575.86	0.005
576.06	0.005
576.26	0.005
576.45	0.005
576.65	0.005
576.85	0.004
577.04	0.004
577.24	0.004
577.44	0.004
577.63	0.004
577.83	0.004
578.02	0.004
578.22	0.004
578.42	0.004
578.61	0.004
578.81	0.004
579.01	0.004
579.20	0.004
579.40	0.004
579.60	0.004
579.79	0.004
579.99	0.004
580.19	0.004
580.38	0.004
580.58	0.004
580.77	0.004
580.97	0.004
581.17	0.004
581.36	0.004
581.56	0.003
581.75	0.003
581.95	0.003
582.15	0.002
582.34	0.002
582.54	0.003
582.74	0.002
582.93	0.003
583.13	0.003
583.32	0.003
583.52	0.004
583.72	0.004
583.91	0.004
584.11	0.004
584.30	0.004
584.50	0.004
584.70	0.004
584.89	0.004
585.09	0.004
585.28	0.003
585.48	0.003
585.68	0.003
585.87	0.003
586.07	0.003
586.26	0.004
586.46	0.004
586.66	0.003
586.85	0.003
587.05	0.003
587.24	0.003
587.44	0.004
587.63	0.004
587.83	0.004
588.03	0.004
588.22	0.004
588.42	0.004
588.61	0.004
588.81	0.004
589.00	0.004
589.20	0.004
589.40	0.004
589.59	0.003
589.79	0.003
589.98	0.003
590.18	0.003
590.37	0.003
590.57	0.003
590.76	0.003
590.96	0.003
591.16	0.003
591.35	0.003
591.55	0.003
591.74	0.004
591.94	0.004
592.13	0.004
592.33	0.004
592.52	0.004
592.72	0.004
592.91	0.004
593.11	0.004
593.30	0.004
593.50	0.004
593.70	0.004
593.89	0.003
594.09	0.003
594.28	0.003
594.48	0.003
594.67	0.003
594.87	0.003
595.06	0.003
595.26	0.003
595.45	0.003
595.65	0.004
595.84	0.004
596.04	0.003
596.23	0.003
596.43	0.003
596.62	0.004
596.82	0.004
597.01	0.004
597.21	0.004
597.40	0.003
597.60	0.003
597.79	0.003
597.99	0.003
598.18	0.003
598.38	0.003
598.57	0.003
598.77	0.002
598.96	0.002
599.16	0.002
599.35	0.003
599.55	0.003
599.74	0.003
599.94	0.002
600.13	0.003
600.33	0.003
600.52	0.003
600.72	0.003
600.91	0.003
601.11	0.003
601.30	0.003
601.50	0.002
601.69	0.003
601.89	0.003
602.08	0.003
602.27	0.003
602.47	0.003
602.66	0.003
602.86	0.004
603.05	0.003
603.25	0.003
603.44	0.004
603.64	0.003
603.83	0.003
604.03	0.004
604.22	0.004
604.41	0.004
604.61	0.004
604.80	0.004
605.00	0.004
605.19	0.004
605.39	0.004
605.58	0.004
605.78	0.004
605.97	0.004
606.16	0.004
606.36	0.003
606.55	0.003
606.75	0.004
606.94	0.004
607.14	0.004
607.33	0.003
607.52	0.003
607.72	0.003
607.91	0.003
608.11	0.003
608.30	0.003
608.50	0.003
608.69	0.003
608.88	0.003
609.08	0.003
609.27	0.003
609.47	0.003
609.66	0.002
609.85	0.002
610.05	0.003
610.24	0.003
610.44	0.002
610.63	0.003
610.83	0.003
611.02	0.003
611.21	0.002
611.41	0.003
611.60	0.003
611.80	0.003
611.99	0.003
612.18	0.003
612.38	0.003
612.57	0.003
612.76	0.004
612.96	0.004
613.15	0.004
613.35	0.004
613.54	0.004
613.73	0.004
613.93	0.004
614.12	0.004
614.32	0.004
614.51	0.004
614.70	0.004
614.90	0.003
615.09	0.003
615.28	0.003
615.48	0.003
615.67	0.002
615.86	0.002
616.06	0.002
616.25	0.002
616.45	0.002
616.64	0.002
616.83	0.002
617.03	0.002
617.22	0.002
617.41	0.002
617.61	0.002
617.80	0.002
617.99	0.002
618.19	0.002
618.38	0.002
618.57	0.002
618.77	0.002
618.96	0.002
619.15	0.002
619.35	0.002
619.54	0.002
619.73	0.003
619.93	0.003
620.12	0.003
620.31	0.003
620.51	0.003
620.70	0.003
620.89	0.003
621.09	0.003
621.28	0.003
621.47	0.003
621.67	0.003
621.86	0.003
622.05	0.003
622.25	0.003
622.44	0.002
622.63	0.003
622.83	0.003
623.02	0.003
623.21	0.003
623.41	0.003
623.60	0.003
623.79	0.003
623.98	0.002
624.18	0.003
624.37	0.003
624.56	0.003
624.76	0.002
624.95	0.002
625.14	0.002
625.33	0.003
625.53	0.003
625.72	0.003
625.91	0.003
626.11	0.003
626.30	0.003
626.49	0.003
626.68	0.003
626.88	0.003
627.07	0.003
627.26	0.003
627.46	0.003
627.65	0.003
627.84	0.003
628.03	0.003
628.23	0.004
628.42	0.003
628.61	0.003
628.80	0.003
629.00	0.003
629.19	0.003
629.38	0.002
629.58	0.003
629.77	0.002
629.96	0.002
630.15	0.003
630.35	0.003
630.54	0.003
630.73	0.002
630.92	0.002
631.12	0.002
631.31	0.002
631.50	0.002
631.69	0.002
631.89	0.002
632.08	0.002
632.27	0.002
632.46	0.003
632.65	0.003
632.85	0.002
633.04	0.002
633.23	0.002
633.42	0.003
633.62	0.002
633.81	0.002
634.00	0.002
634.19	0.002
634.39	0.002
634.58	0.003
634.77	0.002
634.96	0.003
635.15	0.002
635.35	0.002
635.54	0.002
635.73	0.001
635.92	0.002
636.11	0.001
636.31	0.002
636.50	0.002
636.69	0.002
636.88	0.002
637.07	0.002
637.27	0.002
637.46	0.002
637.65	0.003
637.84	0.002
638.03	0.002
638.23	0.002
638.42	0.002
638.61	0.002
638.80	0.002
638.99	0.002
639.19	0.002
639.38	0.001
639.57	0.001
639.76	0.001
639.95	0.001
640.14	0.002
640.34	0.001
640.53	0.001
640.72	0.001
640.91	0.001
641.10	0.001
641.30	0.001
641.49	0.002
641.68	0.001
641.87	0.001
642.06	0.001
642.25	0.001
642.44	0.001
642.64	0.002
642.83	0.001
643.02	0.002
643.21	0.002
643.40	0.002
643.59	0.002
643.79	0.001
643.98	0.001
644.17	0.001
644.36	0.001
644.55	0.002
644.74	0.001
644.93	0.001
645.13	0.001
645.32	0.001
645.51	0.001
645.70	0.001
645.89	0.001
646.08	0.001
646.27	0.001
646.46	0.001
646.66	0.001
646.85	0.001
647.04	0.002
647.23	0.002
647.42	0.002
647.61	0.002
647.80	0.002
647.99	0.003
648.19	0.003
648.38	0.002
648.57	0.003
648.76	0.003
648.95	0.002
649.14	0.003
649.33	0.002
649.52	0.002
649.71	0.002
649.91	0.002
650.10	0.002
650.29	0.002
650.48	0.002
650.67	0.002
650.86	0.002
651.05	0.002
651.24	0.002
651.43	0.002
651.62	0.002
651.81	0.002
652.01	0.002
652.20	0.002
652.39	0.002
652.58	0.002
652.77	0.002
652.96	0.002
653.15	0.001
653.34	0.001
653.53	0.001
653.72	0.001
653.91	0.002
654.10	0.002
654.29	0.003
654.48	0.003
654.68	0.003
654.87	0.003
655.06	0.004
655.25	0.003
655.44	0.003
655.63	0.003
655.82	0.002
656.01	0.002
656.20	0.001
656.39	0.001
656.58	0.001
656.77	0.001
656.96	0.001
657.15	0.001
657.34	0.002
657.53	0.002
657.72	0.001
657.91	0.002
658.10	0.002
658.29	0.002
658.48	0.001
658.68	0.001
658.87	0.001
659.06	0.001
659.25	0.001
659.44	0.001
659.63	0.002
659.82	0.001
660.01	0.002
660.20	0.002
660.39	0.002
660.58	0.002
660.77	0.002
660.96	0.002
661.15	0.002
661.34	0.002
661.53	0.002
661.72	0.002
661.91	0.002
662.10	0.002
662.29	0.002
662.48	0.002
662.67	0.002
662.86	0.002
663.05	0.002
663.24	0.002
663.43	0.002
663.62	0.002
663.81	0.001
664.00	0.001
664.19	0.002
664.38	0.001
664.57	0.001
664.76	0.002
664.95	0.002
665.14	0.002
665.33	0.002
665.52	0.003
665.71	0.003
665.90	0.003
666.09	0.002
666.28	0.002
666.46	0.002
666.65	0.002
666.84	0.002
667.03	0.002
667.22	0.002
667.41	0.002
667.60	0.002
667.79	0.001
667.98	0.002
668.17	0.001
668.36	0.002
668.55	0.001
668.74	0.002
668.93	0.002
669.12	0.001
669.31	0.001
669.50	0.001
669.69	0.001
669.88	0.001
670.07	0.001
670.26	0.001
670.44	0.001
670.63	0.001
670.82	0.001
671.01	0.001
671.20	0.001
671.39	0.002
671.58	0.002
671.77	0.002
671.96	0.002
672.15	0.002
672.34	0.001
672.53	0.002
672.72	0.002
672.91	0.002
673.09	0.002
673.28	0.001
673.47	0.002
673.66	0.002
673.85	0.002
674.04	0.002
674.23	0.002
674.42	0.002
674.61	0.002
674.80	0.002
674.98	0.002
675.17	0.002
675.36	0.002
675.55	0.002
675.74	0.002
675.93	0.002
676.12	0.002
676.31	0.002
676.50	0.002
676.69	0.002
676.87	0.002
677.06	0.002
677.25	0.002
677.44	0.002
677.63	0.001
677.82	0.001
678.01	0.001
678.20	0.002
678.38	0.002
678.57	0.002
678.76	0.002
678.95	0.002
679.14	0.002
679.33	0.002
679.52	0.002
679.71	0.002
679.89	0.001
680.08	0.001
680.27	0.001
680.46	0.001
680.65	0.002
680.84	0.001
681.02	0.001
681.21	0.001
681.40	0.001
681.59	0.002
681.78	0.002
681.97	0.002
682.16	0.002
682.34	0.002
682.53	0.002
682.72	0.003
682.91	0.003
683.10	0.003
683.29	0.003
683.47	0.003
683.66	0.003
683.85	0.002
684.04	0.002
684.23	0.002
684.42	0.002
684.60	0.002
684.79	0.002
684.98	0.002
685.17	0.002
685.36	0.002
685.54	0.002
685.73	0.002
685.92	0.002
686.11	0.002
686.30	0.002
686.49	0.002
686.67	0.002
686.86	0.001
687.05	0.001
687.24	0.001
687.43	0.002
687.61	0.002
687.80	0.001
687.99	0.002
688.18	0.002
688.36	0.002
688.55	0.002
688.74	0.002
688.93	0.002
689.12	0.002
689.30	0.002
689.49	0.003
689.68	0.003
689.87	0.003
690.06	0.003
690.24	0.003
690.43	0.002
690.62	0.002
690.81	0.003
690.99	0.002
691.18	0.002
691.37	0.002
691.56	0.002
691.74	0.001
691.93	0.001
692.12	0.001
692.31	0.001
692.50	0.001
692.68	0.001
692.87	0.001
693.06	0.001
693.25	0.001
693.43	0.001
693.62	0.001
693.81	0.001
694.00	0.002
694.18	0.002
694.37	0.002
694.56	0.002
694.74	0.002
694.93	0.001
695.12	0.001
695.31	0.002
695.49	0.002
695.68	0.001
695.87	0.001
696.06	0.001
696.24	0.001
696.43	0.001
696.62	0.001
696.80	0.001
696.99	0.001
697.18	0.001
697.37	0.001
697.55	0.001
697.74	0.002
697.93	0.002
698.12	0.002
698.30	0.002
698.49	0.002
698.68	0.002
698.86	0.002
699.05	0.002
699.24	0.002
699.42	0.002
699.61	0.002
699.80	0.002
699.99	0.001
700.17	0.002
700.36	0.002
700.55	0.001
700.73	0.001
700.92	0.001
701.11	0.001
701.29	0.001
701.48	0.001
701.67	0.001
701.85	0.001
702.04	0.000
702.23	0.001
702.41	0.001
702.60	0.001
702.79	0.001
702.97	0.001
703.16	0.002
703.35	0.002
703.53	0.002
703.72	0.002
703.91	0.002
704.09	0.002
704.28	0.002
704.47	0.001
704.65	0.001
704.84	0.001
705.03	0.001
705.21	0.001
705.40	0.002
705.59	0.002
705.77	0.002
705.96	0.002
706.15	0.002
706.33	0.002
706.52	0.002
706.71	0.001
706.89	0.001
707.08	0.001
707.26	0.001
707.45	0.001
707.64	0.001
707.82	0.001
708.01	0.001
708.20	0.001
708.38	0.002
708.57	0.002
708.75	0.002
708.94	0.002
709.13	0.002
709.31	0.002
709.50	0.002
709.69	0.001
709.87	0.001
710.06	0.002
710.24	0.001
710.43	0.001
710.62	0.001
710.80	0.001
710.99	0.001
711.17	0.001
711.36	0.001
711.55	0.002
711.73	0.001
711.92	0.001
712.10	0.001
712.29	0.001
712.48	0.002
712.66	0.002
712.85	0.002
713.03	0.002
713.22	0.002
713.40	0.002
713.59	0.003
713.78	0.002
713.96	0.002
714.15	0.002
714.33	0.002
714.52	0.002
714.71	0.002
714.89	0.002
715.08	0.002
715.26	0.002
715.45	0.002
715.63	0.002
715.82	0.002
716.00	0.001
716.19	0.001
716.38	0.001
716.56	0.001
716.75	0.001
716.93	0.001
717.12	0.001
717.30	0.001
717.49	0.001
717.67	0.001
717.86	0.001
718.05	0.001
718.23	0.001
718.42	0.001
718.60	0.001
718.79	0.001
718.97	0.001
719.16	0.002
719.34	0.002
719.53	0.002
719.71	0.002
719.90	0.002
720.08	0.002
720.27	0.002
720.45	0.001
720.64	0.001
720.83	0.001
721.01	0.001
721.20	0.001
721.38	0.001
721.57	0.001
721.75	0.001
721.94	0.001
722.12	0.001
722.31	0.001
722.49	0.001
722.68	0.001
722.86	0.001
723.05	0.001
723.23	0.001
723.42	0.001
723.60	0.001
723.79	0.000
723.97	0.001
724.16	0.001
724.34	0.001
724.53	0.002
724.71	0.001
724.90	0.002
725.08	0.002
725.27	0.002
725.45	0.002
725.64	0.002
725.82	0.002
726.00	0.002
726.19	0.001
726.37	0.002
726.56	0.002
726.74	0.002
726.93	0.002
727.11	0.002
727.30	0.002
727.48	0.002
727.67	0.002
727.85	0.002
728.04	0.003
728.22	0.003
728.40	0.003
728.59	0.002
728.77	0.002
728.96	0.003
729.14	0.003
729.33	0.002
729.51	0.002
729.70	0.002
729.88	0.002
730.07	0.002
730.25	0.002
730.43	0.002
730.62	0.002
730.80	0.001
730.99	0.001
731.17	0.001
731.36	0.001
731.54	0.001
731.72	0.001
731.91	0.002
732.09	0.001
732.28	0.002
732.46	0.002
732.65	0.002
732.83	0.002
733.01	0.001
733.20	0.001
733.38	0.001
733.57	0.001
733.75	0.001
733.93	0.001
734.12	0.001
734.30	0.002
734.49	0.002
734.67	0.003
734.85	0.003
735.04	0.003
735.22	0.003
735.41	0.002
735.59	0.002
735.77	0.002
735.96	0.002
736.14	0.002
736.33	0.002
736.51	0.002
736.69	0.002
736.88	0.002
737.06	0.002
737.25	0.002
737.43	0.002
737.61	0.002
737.80	0.002
737.98	0.001
738.16	0.002
738.35	0.002
738.53	0.001
738.71	0.001
738.90	0.001
739.08	0.001
739.27	0.001
739.45	0.001
739.63	0.001
739.82	0.001
740.00	0.000
740.18	0.000
740.37	0.000
740.55	0.001
740.73	0.000
740.92	0.001
741.10	0.001
741.28	0.001
741.47	0.001
741.65	0.002
741.83	0.002
742.02	0.002
742.20	0.002
742.38	0.002
742.57	0.002
742.75	0.002
742.93	0.002
743.12	0.002
743.30	0.002
743.48	0.002
743.67	0.002
743.85	0.002
744.03	0.002
744.22	0.003
744.40	0.002
744.58	0.002
744.77	0.002
744.95	0.002
745.13	0.002
745.32	0.002
745.50	0.002
745.68	0.002
745.87	0.002
746.05	0.003
746.23	0.003
746.41	0.002
746.60	0.002
746.78	0.002
746.96	0.002
747.15	0.002
747.33	0.002
747.51	0.002
747.70	0.002
747.88	0.003
748.06	0.003
748.24	0.004
748.43	0.003
748.61	0.003
748.79	0.003
748.97	0.003
749.16	0.002
749.34	0.003
749.52	0.003
749.71	0.002
749.89	0.002
750.07	0.002
750.25	0.002
750.44	0.002
750.62	0.003
750.80	0.003
750.98	0.003
751.17	0.003
751.35	0.002
751.53	0.002
751.71	0.002
751.90	0.002
752.08	0.002
752.26	0.002
752.44	0.002
752.63	0.002
752.81	0.002
752.99	0.002
753.17	0.003
753.36	0.003
753.54	0.003
753.72	0.002
753.90	0.003
754.09	0.002
754.27	0.002
754.45	0.002
754.63	0.002
754.82	0.002
755.00	0.002
755.18	0.002
755.36	0.002
755.54	0.002
755.73	0.002
755.91	0.002
756.09	0.003
756.27	0.003
756.45	0.003
756.64	0.004
756.82	0.004
757.00	0.004
757.18	0.005
757.37	0.005
757.55	0.005
757.73	0.004
757.91	0.004
758.09	0.004
758.27	0.004
758.46	0.004
758.64	0.004
758.82	0.004
759.00	0.004
759.18	0.004
759.37	0.004
759.55	0.004
759.73	0.004
759.91	0.004
760.09	0.003
760.28	0.003
760.46	0.003
760.64	0.003
760.82	0.003
761.00	0.003
761.18	0.004
761.37	0.004
761.55	0.003
761.73	0.004
761.91	0.004
762.09	0.004
762.27	0.004
762.46	0.003
762.64	0.004
762.82	0.003
763.00	0.004
763.18	0.004
763.36	0.004
763.54	0.004
763.73	0.004
763.91	0.004
764.09	0.005
764.27	0.005
764.45	0.005
764.63	0.004
764.81	0.004
765.00	0.004
765.18	0.004
765.36	0.004
765.54	0.004
765.72	0.004
765.90	0.003
766.08	0.004
766.27	0.004
766.45	0.004
766.63	0.003
766.81	0.004
766.99	0.004
767.17	0.004
767.35	0.003
767.53	0.004
767.71	0.003
767.90	0.003
768.08	0.004
768.26	0.004
768.44	0.004
768.62	0.004
768.80	0.004
768.98	0.004
769.16	0.004
769.34	0.004
769.52	0.004
769.71	0.004
769.89	0.003
770.07	0.003
770.25	0.003
770.43	0.003
770.61	0.003
770.79	0.002
770.97	0.002
771.15	0.003
771.33	0.003
771.51	0.003
771.69	0.003
771.88	0.003
772.06	0.003
772.24	0.003
772.42	0.004
772.60	0.004
772.78	0.004
772.96	0.004
773.14	0.004
773.32	0.004
773.50	0.004
773.68	0.004
773.86	0.005
774.04	0.004
774.22	0.005
774.40	0.005
774.58	0.005
774.77	0.005
774.95	0.005
775.13	0.005
775.31	0.005
775.49	0.005
775.67	0.005
775.85	0.005
776.03	0.004
776.21	0.004
776.39	0.004
776.57	0.004
776.75	0.004
776.93	0.004
777.11	0.004
777.29	0.004
777.47	0.004
777.65	0.004
777.83	0.004
778.01	0.004
778.19	0.004
778.37	0.004
778.55	0.004
778.73	0.003
778.91	0.003
779.09	0.003
779.27	0.003
779.45	0.003
779.63	0.003
779.81	0.003
779.99	0.003
780.17	0.004
780.35	0.004
780.53	0.004
780.71	0.004
780.89	0.004
781.07	0.004
781.25	0.004
781.43	0.004
781.61	0.004
781.79	0.004
781.97	0.004
782.15	0.004
782.33	0.004
782.51	0.004
782.69	0.004
782.87	0.004
783.05	0.004
783.23	0.004
783.41	0.005
783.59	0.005
783.77	0.004
783.95	0.004
784.13	0.004
784.31	0.004
784.49	0.004
784.67	0.004
784.85	0.004
785.03	0.004
785.21	0.003
785.38	0.003
785.56	0.003
785.74	0.003
785.92	0.003
786.10	0.003
786.28	0.003
786.46	0.003
786.64	0.003
786.82	0.003
787.00	0.003
787.18	0.003
787.36	0.003
787.54	0.003
787.72	0.004
787.90	0.004
788.08	0.004
788.25	0.003
788.43	0.003
788.61	0.004
788.79	0.004
788.97	0.004
789.15	0.004
789.33	0.004
789.51	0.004
789.69	0.004
789.87	0.004
790.05	0.004
790.23	0.003
790.40	0.004
790.58	0.004
790.76	0.004
790.94	0.004
791.12	0.004
791.30	0.005
791.48	0.005
791.66	0.005
791.84	0.005
792.02	0.006
792.19	0.006
792.37	0.006
792.55	0.006
792.73	0.005
792.91	0.005
793.09	0.005
793.27	0.005
793.45	0.005
793.63	0.005
793.80	0.004
793.98	0.004
794.16	0.004
794.34	0.005
794.52	0.005
794.70	0.005
794.88	0.005
795.05	0.004
795.23	0.004
795.41	0.004
795.59	0.004
795.77	0.004
795.95	0.003
796.13	0.004
796.30	0.004
796.48	0.004
796.66	0.004
796.84	0.004
797.02	0.004
797.20	0.004
797.38	0.004
797.55	0.005
797.73	0.004
797.91	0.004
798.09	0.004
798.27	0.004
798.45	0.004
798.62	0.004
798.80	0.004
798.98	0.004
799.16	0.004
799.34	0.004
799.52	0.004
799.69	0.004
799.87	0.004
800.05	0.004
800.23	0.003
800.41	0.003
800.58	0.003
800.76	0.003
800.94	0.004
801.12	0.003
801.30	0.003
801.47	0.003
801.65	0.003
801.83	0.003
802.01	0.003
802.19	0.003
802.36	0.003
802.54	0.003
802.72	0.003
802.90	0.003
803.08	0.003
803.25	0.004
803.43	0.004
803.61	0.004
803.79	0.004
803.97	0.004
804.14	0.004
804.32	0.004
804.50	0.003
804.68	0.004
804.85	0.003
805.03	0.004
805.21	0.003
805.39	0.003
805.56	0.004
805.74	0.004
805.92	0.004
806.10	0.005
806.28	0.004
806.45	0.005
806.63	0.004
806.81	0.005
806.99	0.005
807.16	0.004
807.34	0.004
807.52	0.004
807.70	0.004
807.87	0.004
808.05	0.004
808.23	0.004
808.41	0.004
808.58	0.004
808.76	0.004
808.94	0.004
809.11	0.004
809.29	0.004
809.47	0.005
809.65	0.005
809.82	0.005
810.00	0.005
810.18	0.005
810.36	0.004
810.53	0.004
810.71	0.004
810.89	0.004
811.06	0.004
811.24	0.004
811.42	0.005
811.60	0.005
811.77	0.005
811.95	0.006
812.13	0.007
812.30	0.007
812.48	0.006
812.66	0.006
812.83	0.006
813.01	0.006
813.19	0.006
813.37	0.005
813.54	0.004
813.72	0.003
813.90	0.004
814.07	0.004
814.25	0.003
814.43	0.003
814.60	0.003
814.78	0.003
814.96	0.004
815.13	0.004
815.31	0.004
815.49	0.005
815.66	0.004
815.84	0.005
816.02	0.005
816.19	0.005
816.37	0.005
816.55	0.005
816.72	0.005
816.90	0.005
817.08	0.004
817.25	0.005
817.43	0.004
817.61	0.004
817.78	0.004
817.96	0.004
818.14	0.004
818.31	0.004
818.49	0.005
818.67	0.005
818.84	0.005
819.02	0.005
819.19	0.004
819.37	0.004
819.55	0.004
819.72	0.004
819.90	0.004
820.08	0.004
820.25	0.003
820.43	0.004
820.60	0.004
820.78	0.004
820.96	0.004
821.13	0.003
821.31	0.004
821.49	0.003
821.66	0.004
821.84	0.004
822.01	0.004
822.19	0.004
822.37	0.004
822.54	0.004
822.72	0.004
822.89	0.004
823.07	0.004
823.25	0.004
823.42	0.004
823.60	0.004
823.77	0.005
823.95	0.005
824.13	0.005
824.30	0.005
824.48	0.004
824.65	0.005
824.83	0.004
825.01	0.004
825.18	0.004
825.36	0.004
825.53	0.004
825.71	0.004
825.88	0.003
826.06	0.004
826.24	0.003
826.41	0.004
826.59	0.004
826.76	0.004
826.94	0.003
827.11	0.004
827.29	0.004
827.47	0.004
827.64	0.004
827.82	0.004
827.99	0.003
828.17	0.003
828.34	0.004
828.52	0.004
828.69	0.004
828.87	0.003
829.04	0.004
829.22	0.003
829.40	0.004
829.57	0.005
829.75	0.005
829.92	0.004
830.10	0.004
830.27	0.004
830.45	0.005
830.62	0.005
830.80	0.005
830.97	0.004
831.15	0.004
831.32	0.004
831.50	0.005
831.67	0.004
831.85	0.004
832.02	0.004
832.20	0.004
832.37	0.004
832.55	0.004
832.73	0.004
832.90	0.003
833.08	0.003
833.25	0.004
833.43	0.004
833.60	0.004
833.78	0.004
833.95	0.003
834.13	0.003
834.30	0.003
834.48	0.003
834.65	0.003
834.82	0.003
835.00	0.003
835.17	0.003
835.35	0.003
835.52	0.003
835.70	0.004
835.87	0.004
836.05	0.003
836.22	0.003
836.40	0.003
836.57	0.003
836.75	0.003
836.92	0.003
837.10	0.003
837.27	0.003
837.45	0.004
837.62	0.004
837.80	0.004
837.97	0.005
838.14	0.005
838.32	0.004
838.49	0.004
838.67	0.004
838.84	0.004
839.02	0.004
839.19	0.004
839.37	0.004
839.54	0.003
839.71	0.003
839.89	0.004
840.06	0.003
840.24	0.003
840.41	0.004
840.59	0.003
840.76	0.003
840.94	0.004
841.11	0.004
841.28	0.004
841.46	0.004
841.63	0.004
841.81	0.004
841.98	0.004
842.15	0.004
842.33	0.004
842.50	0.003
842.68	0.004
842.85	0.004
843.03	0.004
843.20	0.003
843.37	0.004
843.55	0.003
843.72	0.003
843.90	0.002
844.07	0.003
844.24	0.003
844.42	0.003
844.59	0.003
844.77	0.003
844.94	0.003
845.11	0.003
845.29	0.003
845.46	0.004
845.63	0.004
845.81	0.004
845.98	0.004
846.16	0.004
846.33	0.004
846.50	0.004
846.68	0.004
846.85	0.005
847.02	0.004
847.20	0.004
847.37	0.004
847.55	0.004
847.72	0.004
847.89	0.004
848.07	0.004
848.24	0.004
848.41	0.004
848.59	0.004
848.76	0.004
848.93	0.004
849.11	0.004
849.28	0.004
849.45	0.004
849.63	0.004
849.80	0.004
849.97	0.005
850.15	0.005
850.32	0.006
850.49	0.006
850.67	0.006
850.84	0.006
851.01	0.006
851.19	0.006
851.36	0.006
851.53	0.005
851.71	0.005
851.88	0.005
852.05	0.004
852.23	0.005
852.40	0.005
852.57	0.004
852.75	0.005
852.92	0.005
853.09	0.005
853.27	0.006
853.44	0.006
853.61	0.007
853.79	0.007
853.96	0.007
854.13	0.008
854.30	0.008
854.48	0.008
854.65	0.008
854.82	0.008
855.00	0.007
855.17	0.008
855.34	0.008
855.51	0.008
855.69	0.008
855.86	0.008
856.03	0.008
856.21	0.009
856.38	0.008
856.55	0.009
856.72	0.008
856.90	0.008
857.07	0.008
857.24	0.008
857.42	0.007
857.59	0.007
857.76	0.008
857.93	0.009
858.11	0.009
858.28	0.010
858.45	0.011
858.62	0.011
858.80	0.012
858.97	0.012
859.14	0.012
859.31	0.012
859.49	0.012
859.66	0.012
859.83	0.012
860.00	0.012
860.18	0.012
860.35	0.012
860.52	0.012
860.69	0.012
860.86	0.012
861.04	0.012
861.21	0.012
861.38	0.012
861.55	0.011
861.73	0.011
861.90	0.011
862.07	0.012
862.24	0.013
862.42	0.013
862.59	0.014
862.76	0.014
862.93	0.013
863.10	0.014
863.28	0.014
863.45	0.014
863.62	0.014
863.79	0.015
863.96	0.014
864.14	0.014
864.31	0.013
864.48	0.014
864.65	0.014
864.82	0.014
865.00	0.014
865.17	0.014
865.34	0.014
865.51	0.014
865.68	0.015
865.86	0.016
866.03	0.016
866.20	0.016
866.37	0.016
866.54	0.016
866.71	0.016
866.89	0.017
867.06	0.016
867.23	0.016
867.40	0.017
867.57	0.018
867.74	0.017
867.92	0.018
868.09	0.017
868.26	0.017
868.43	0.017
868.60	0.018
868.77	0.019
868.95	0.018
869.12	0.018
869.29	0.018
869.46	0.018
869.63	0.019
869.80	0.019
869.97	0.019
870.15	0.018
870.32	0.018
870.49	0.019
870.66	0.019
870.83	0.020
871.00	0.020
871.17	0.020
871.34	0.020
871.52	0.020
871.69	0.021
871.86	0.022
872.03	0.022
872.20	0.022
872.37	0.022
872.54	0.022
872.71	0.022
872.89	0.022
873.06	0.022
873.23	0.022
873.40	0.022
873.57	0.022
873.74	0.023
873.91	0.022
874.08	0.023
874.25	0.023
874.42	0.023
874.60	0.024
874.77	0.023
874.94	0.024
875.11	0.024
875.28	0.023
875.45	0.023
875.62	0.023
875.79	0.024
875.96	0.023
876.13	0.023
876.30	0.024
876.47	0.024
876.65	0.024
876.82	0.024
876.99	0.025
877.16	0.024
877.33	0.025
877.50	0.025
877.67	0.025
877.84	0.025
878.01	0.025
878.18	0.025
878.35	0.025
878.52	0.025
878.69	0.025
878.86	0.025
879.03	0.025
879.20	0.025
879.38	0.025
879.55	0.025
879.72	0.026
879.89	0.026
880.06	0.026
880.23	0.026
880.40	0.026
880.57	0.026
880.74	0.027
880.91	0.026
881.08	0.026
881.25	0.026
881.42	0.027
881.59	0.026
881.76	0.027
881.93	0.026
882.10	0.026
882.27	0.026
882.44	0.027
882.61	0.027
882.78	0.027
882.95	0.026
883.12	0.027
883.29	0.027
883.46	0.027
883.63	0.028
883.80	0.027
883.97	0.028
884.14	0.028
884.31	0.027
884.48	0.027
884.65	0.027
884.82	0.027
884.99	0.026
885.16	0.026
885.33	0.027
885.50	0.026
885.67	0.027
885.84	0.028
886.01	0.029
886.18	0.029
886.35	0.029
886.52	0.030
886.69	0.029
886.86	0.029
887.03	0.028
887.20	0.027
887.37	0.027
887.54	0.027
887.71	0.028
887.88	0.028
888.05	0.027
888.22	0.027
888.39	0.028
888.55	0.028
888.72	0.028
888.89	0.028
889.06	0.027
889.23	0.027
889.40	0.026
889.57	0.026
889.74	0.028
889.91	0.028
890.08	0.028
890.25	0.028
890.42	0.028
890.59	0.029
890.76	0.029
890.93	0.029
891.10	0.030
891.26	0.029
891.43	0.029
891.60	0.030
891.77	0.030
891.94	0.028
892.11	0.029
892.28	0.028
892.45	0.028
892.62	0.027
892.79	0.026
892.96	0.027
893.13	0.026
893.29	0.026
893.46	0.028
893.63	0.027
893.80	0.027
893.97	0.027
894.14	0.028
894.31	0.029
894.48	0.027
894.65	0.029
894.81	0.029
894.98	0.028
