177.34	-0.039
177.56	-0.039
177.78	-0.039
178.00	-0.000
178.22	-0.000
178.44	-0.000
178.66	-0.000
178.89	-0.000
179.11	-0.000
179.33	0.398
179.55	0.153
179.77	-0.000
179.99	-0.000
180.21	-0.000
180.43	-0.000
180.65	-0.233
180.87	-0.117
181.09	-0.023
181.31	0.016
181.53	0.063
181.75	0.039
181.97	0.079
182.19	0.101
182.41	0.122
182.63	0.114
182.85	0.160
183.07	0.155
183.30	0.145
183.52	0.153
183.74	0.194
183.96	0.181
184.18	0.146
184.40	0.140
184.62	0.164
184.84	0.175
185.06	0.187
185.28	0.219
185.50	0.223
185.72	0.241
185.94	0.259
186.16	0.311
186.38	0.326
186.60	0.330
186.82	0.348
187.04	0.375
187.26	0.405
187.48	0.462
187.70	0.498
187.92	0.544
188.14	0.587
188.36	0.667
188.58	0.690
188.80	0.748
189.02	0.777
189.24	0.793
189.46	0.807
189.68	0.835
189.90	0.845
190.12	0.831
190.34	0.847
190.56	0.880
190.78	0.896
191.00	0.907
191.22	0.933
191.44	0.942
191.66	0.928
191.88	0.949
192.10	0.981
192.32	0.966
192.54	0.976
192.76	0.978
192.98	1.005
193.20	1.008
193.42	1.042
193.64	1.088
193.86	1.104
194.08	1.115
194.30	1.130
194.52	1.143
194.74	1.143
194.96	1.145
195.18	1.188
195.40	1.178
195.62	1.163
195.84	1.158
196.06	1.174
196.28	1.188
196.50	1.226
196.72	1.229
196.94	1.254
197.16	1.241
197.38	1.227
197.60	1.248
197.82	1.220
198.04	1.212
198.26	1.229
198.48	1.198
198.70	1.219
198.92	1.227
199.13	1.267
199.35	1.295
199.57	1.304
199.79	1.339
200.01	1.360
200.23	1.368
200.45	1.366
200.67	1.366
200.89	1.339
201.11	1.301
201.33	1.309
201.55	1.300
201.77	1.322
201.99	1.325
202.21	1.334
202.43	1.353
202.65	1.372
202.87	1.398
203.09	1.393
203.31	1.376
203.52	1.386
203.74	1.385
203.96	1.384
204.18	1.378
204.40	1.365
204.62	1.384
204.84	1.386
205.06	1.406
205.28	1.445
205.50	1.442
205.72	1.442
205.94	1.445
206.16	1.463
206.38	1.495
206.59	1.464
206.81	1.476
207.03	1.496
207.25	1.476
207.47	1.501
207.69	1.496
207.91	1.520
208.13	1.512
208.35	1.518
208.57	1.541
208.79	1.550
209.01	1.542
209.22	1.562
209.44	1.561
209.66	1.566
209.88	1.564
210.10	1.569
210.32	1.564
210.54	1.572
210.76	1.577
210.98	1.579
211.20	1.592
211.42	1.604
211.63	1.627
211.85	1.627
212.07	1.636
212.29	1.644
212.51	1.645
212.73	1.651
212.95	1.648
213.17	1.626
213.39	1.637
213.60	1.643
213.82	1.656
214.04	1.658
214.26	1.682
214.48	1.668
214.70	1.655
214.92	1.658
215.14	1.661
215.35	1.644
215.57	1.630
215.79	1.628
216.01	1.633
216.23	1.605
216.45	1.609
216.67	1.622
216.89	1.628
217.10	1.633
217.32	1.619
217.54	1.623
217.76	1.615
217.98	1.602
218.20	1.598
218.42	1.582
218.64	1.567
218.85	1.547
219.07	1.534
219.29	1.531
219.51	1.513
219.73	1.490
219.95	1.462
220.17	1.445
220.38	1.429
220.60	1.408
220.82	1.387
221.04	1.367
221.26	1.345
221.48	1.324
221.69	1.305
221.91	1.291
222.13	1.269
222.35	1.249
222.57	1.225
222.79	1.208
223.00	1.188
223.22	1.164
223.44	1.141
223.66	1.118
223.88	1.093
224.10	1.074
224.32	1.052
224.53	1.030
224.75	1.007
224.97	0.984
225.19	0.965
225.41	0.945
225.62	0.926
225.84	0.906
226.06	0.884
226.28	0.864
226.50	0.846
226.72	0.825
226.93	0.807
227.15	0.789
227.37	0.770
227.59	0.753
227.81	0.737
228.02	0.721
228.24	0.705
228.46	0.689
228.68	0.674
228.90	0.659
229.12	0.644
229.33	0.631
229.55	0.616
229.77	0.601
229.99	0.588
230.21	0.575
230.42	0.563
230.64	0.550
230.86	0.537
231.08	0.525
231.30	0.512
231.51	0.501
231.73	0.490
231.95	0.477
232.17	0.467
232.38	0.457
232.60	0.447
232.82	0.436
233.04	0.427
233.26	0.417
233.47	0.408
233.69	0.399
233.91	0.391
234.13	0.382
234.35	0.374
234.56	0.366
234.78	0.359
235.00	0.351
235.22	0.344
235.43	0.337
235.65	0.331
235.87	0.325
236.09	0.318
236.30	0.312
236.52	0.306
236.74	0.300
236.96	0.294
237.18	0.289
237.39	0.283
237.61	0.278
237.83	0.273
238.05	0.268
238.26	0.264
238.48	0.259
238.70	0.255
238.92	0.250
239.13	0.245
239.35	0.241
239.57	0.237
239.79	0.233
240.00	0.229
240.22	0.225
240.44	0.222
240.66	0.218
240.87	0.215
241.09	0.212
241.31	0.209
241.53	0.206
241.74	0.203
241.96	0.200
242.18	0.197
242.40	0.194
242.61	0.191
242.83	0.189
243.05	0.187
243.27	0.185
243.48	0.182
243.70	0.180
243.92	0.177
244.13	0.176
244.35	0.174
244.57	0.171
244.79	0.169
245.00	0.168
245.22	0.166
245.44	0.164
245.65	0.162
245.87	0.161
246.09	0.159
246.31	0.157
246.52	0.156
246.74	0.155
246.96	0.154
247.18	0.152
247.39	0.151
247.61	0.150
247.83	0.148
248.04	0.146
248.26	0.145
248.48	0.144
248.69	0.143
248.91	0.141
249.13	0.141
249.35	0.140
249.56	0.138
249.78	0.138
250.00	0.138
250.21	0.136
250.43	0.135
250.65	0.134
250.86	0.134
251.08	0.132
251.30	0.131
251.51	0.130
251.73	0.129
251.95	0.128
252.17	0.128
252.38	0.127
252.60	0.126
252.82	0.125
253.03	0.125
253.25	0.124
253.47	0.124
253.68	0.123
253.90	0.123
254.12	0.122
254.33	0.122
254.55	0.121
254.77	0.121
254.98	0.121
255.20	0.120
255.42	0.120
255.63	0.120
255.85	0.120
256.07	0.119
256.28	0.119
256.50	0.118
256.72	0.117
256.93	0.117
257.15	0.117
257.37	0.116
257.58	0.115
257.80	0.115
258.02	0.115
258.23	0.115
258.45	0.115
258.67	0.115
258.88	0.114
259.10	0.114
259.32	0.113
259.53	0.113
259.75	0.112
259.96	0.113
260.18	0.112
260.40	0.111
260.61	0.112
260.83	0.111
261.05	0.111
261.26	0.111
261.48	0.111
261.70	0.111
261.91	0.110
262.13	0.110
262.34	0.110
262.56	0.110
262.78	0.110
262.99	0.110
263.21	0.110
263.43	0.110
263.64	0.110
263.86	0.109
264.07	0.109
264.29	0.109
264.51	0.108
264.72	0.108
264.94	0.108
265.16	0.107
265.37	0.107
265.59	0.108
265.80	0.108
266.02	0.107
266.24	0.107
266.45	0.107
266.67	0.107
266.88	0.107
267.10	0.107
267.32	0.106
267.53	0.106
267.75	0.106
267.96	0.106
268.18	0.105
268.40	0.105
268.61	0.105
268.83	0.105
269.04	0.105
269.26	0.105
269.48	0.105
269.69	0.105
269.91	0.105
270.12	0.105
270.34	0.104
270.56	0.104
270.77	0.104
270.99	0.103
271.20	0.103
271.42	0.103
271.64	0.102
271.85	0.102
272.07	0.102
272.28	0.102
272.50	0.102
272.71	0.102
272.93	0.101
273.15	0.101
273.36	0.101
273.58	0.101
273.79	0.100
274.01	0.100
274.22	0.100
274.44	0.099
274.66	0.099
274.87	0.100
275.09	0.100
275.30	0.099
275.52	0.099
275.73	0.099
275.95	0.099
276.16	0.098
276.38	0.098
276.60	0.098
276.81	0.098
277.03	0.097
277.24	0.097
277.46	0.097
277.67	0.097
277.89	0.096
278.10	0.096
278.32	0.096
278.53	0.095
278.75	0.095
278.97	0.095
279.18	0.094
279.40	0.094
279.61	0.094
279.83	0.093
280.04	0.093
280.26	0.093
280.47	0.093
280.69	0.092
280.90	0.092
281.12	0.092
281.33	0.092
281.55	0.092
281.76	0.092
281.98	0.091
282.20	0.092
282.41	0.091
282.63	0.092
282.84	0.091
283.06	0.091
283.27	0.091
283.49	0.090
283.70	0.089
283.92	0.089
284.13	0.088
284.35	0.088
284.56	0.087
284.78	0.086
284.99	0.086
285.21	0.086
285.42	0.085
285.64	0.085
285.85	0.084
286.07	0.084
286.28	0.084
286.50	0.083
286.71	0.083
286.93	0.083
287.14	0.082
287.36	0.082
287.57	0.082
287.79	0.081
288.00	0.081
288.22	0.081
288.43	0.080
288.65	0.080
288.86	0.080
289.08	0.079
289.29	0.078
289.51	0.078
289.72	0.078
289.94	0.077
290.15	0.077
290.37	0.076
290.58	0.076
290.80	0.075
291.01	0.075
291.22	0.075
291.44	0.076
291.65	0.075
291.87	0.075
292.08	0.075
292.30	0.075
292.51	0.074
292.73	0.074
292.94	0.074
293.16	0.073
293.37	0.073
293.59	0.073
293.80	0.072
294.02	0.072
294.23	0.072
294.44	0.072
294.66	0.072
294.87	0.071
295.09	0.071
295.30	0.071
295.52	0.070
295.73	0.070
295.95	0.070
296.16	0.069
296.37	0.069
296.59	0.069
296.80	0.069
297.02	0.068
297.23	0.068
297.45	0.068
297.66	0.067
297.88	0.067
298.09	0.067
298.30	0.066
298.52	0.065
298.73	0.066
298.95	0.065
299.16	0.065
299.38	0.064
299.59	0.064
299.80	0.063
300.02	0.063
300.23	0.064
300.45	0.063
300.66	0.063
300.88	0.062
301.09	0.063
301.30	0.063
301.52	0.063
301.73	0.063
301.95	0.063
302.16	0.063
302.37	0.062
302.59	0.062
302.80	0.062
303.02	0.061
303.23	0.061
303.45	0.061
303.66	0.060
303.87	0.060
304.09	0.059
304.30	0.059
304.52	0.059
304.73	0.059
304.94	0.058
305.16	0.058
305.37	0.057
305.59	0.057
305.80	0.057
306.01	0.057
306.23	0.056
306.44	0.056
306.65	0.056
306.87	0.056
307.08	0.057
307.30	0.057
307.51	0.057
307.72	0.056
307.94	0.056
308.15	0.055
308.37	0.055
308.58	0.054
308.79	0.053
309.01	0.052
309.22	0.052
309.43	0.052
309.65	0.051
309.86	0.051
310.07	0.051
310.29	0.051
310.50	0.051
310.72	0.051
310.93	0.051
311.14	0.050
311.36	0.050
311.57	0.049
311.78	0.049
312.00	0.049
312.21	0.049
312.42	0.049
312.64	0.048
312.85	0.048
313.07	0.048
313.28	0.048
313.49	0.048
313.71	0.048
313.92	0.047
314.13	0.047
314.35	0.047
314.56	0.047
314.77	0.047
314.99	0.047
315.20	0.047
315.41	0.047
315.63	0.047
315.84	0.047
316.05	0.047
316.27	0.046
316.48	0.046
316.69	0.046
316.91	0.046
317.12	0.046
317.33	0.045
317.55	0.046
317.76	0.045
317.97	0.045
318.19	0.045
318.40	0.045
318.61	0.045
318.83	0.045
319.04	0.044
319.25	0.044
319.47	0.043
319.68	0.043
319.89	0.043
320.10	0.043
320.32	0.042
320.53	0.042
320.74	0.041
320.96	0.041
321.17	0.041
321.38	0.041
321.60	0.041
321.81	0.041
322.02	0.041
322.24	0.041
322.45	0.041
322.66	0.041
322.87	0.041
323.09	0.040
323.30	0.040
323.51	0.040
323.73	0.040
323.94	0.040
324.15	0.039
324.36	0.039
324.58	0.039
324.79	0.039
325.00	0.039
325.22	0.039
325.43	0.040
325.64	0.039
325.85	0.038
326.07	0.039
326.28	0.039
326.49	0.039
326.71	0.039
326.92	0.038
327.13	0.038
327.34	0.038
327.56	0.038
327.77	0.038
327.98	0.038
328.19	0.037
328.41	0.037
328.62	0.037
328.83	0.037
329.04	0.037
329.26	0.036
329.47	0.036
329.68	0.036
329.90	0.036
330.11	0.036
330.32	0.036
330.53	0.036
330.75	0.035
330.96	0.036
331.17	0.035
331.38	0.036
331.60	0.035
331.81	0.035
332.02	0.035
332.23	0.034
332.44	0.034
332.66	0.034
332.87	0.034
333.08	0.034
333.29	0.033
333.51	0.034
333.72	0.034
333.93	0.034
334.14	0.034
334.36	0.033
334.57	0.033
334.78	0.033
334.99	0.033
335.21	0.033
335.42	0.032
335.63	0.032
335.84	0.032
336.05	0.032
336.27	0.032
336.48	0.032
336.69	0.032
336.90	0.032
337.11	0.031
337.33	0.031
337.54	0.031
337.75	0.031
337.96	0.031
338.18	0.031
338.39	0.031
338.60	0.031
338.81	0.031
339.02	0.032
339.24	0.032
339.45	0.032
339.66	0.032
339.87	0.032
340.08	0.031
340.30	0.031
340.51	0.031
340.72	0.031
340.93	0.031
341.14	0.031
341.36	0.031
341.57	0.031
341.78	0.031
341.99	0.031
342.20	0.030
342.41	0.030
342.63	0.030
342.84	0.029
343.05	0.029
343.26	0.029
343.47	0.029
343.69	0.029
343.90	0.029
344.11	0.029
344.32	0.029
344.53	0.029
344.74	0.029
344.96	0.029
345.17	0.029
345.38	0.028
345.59	0.028
345.80	0.028
346.01	0.028
346.23	0.028
346.44	0.028
346.65	0.027
346.86	0.027
347.07	0.027
347.28	0.028
347.50	0.027
347.71	0.026
347.92	0.026
348.13	0.026
348.34	0.025
348.55	0.026
348.76	0.026
348.98	0.025
349.19	0.025
349.40	0.025
349.61	0.025
349.82	0.025
350.03	0.025
350.24	0.025
350.46	0.025
350.67	0.025
350.88	0.024
351.09	0.025
351.30	0.025
351.51	0.025
351.72	0.025
351.93	0.024
352.15	0.024
352.36	0.024
352.57	0.024
352.78	0.024
352.99	0.024
353.20	0.023
353.41	0.023
353.62	0.024
353.84	0.024
354.05	0.024
354.26	0.024
354.47	0.024
354.68	0.024
354.89	0.024
355.10	0.024
355.31	0.024
355.52	0.023
355.74	0.023
355.95	0.023
356.16	0.022
356.37	0.022
356.58	0.021
356.79	0.022
357.00	0.022
357.21	0.021
357.42	0.021
357.63	0.021
357.85	0.020
358.06	0.021
358.27	0.021
358.48	0.020
358.69	0.020
358.90	0.020
359.11	0.020
359.32	0.020
359.53	0.020
359.74	0.020
359.95	0.020
360.17	0.020
360.38	0.020
360.59	0.020
360.80	0.020
361.01	0.019
361.22	0.018
361.43	0.018
361.64	0.018
361.85	0.018
362.06	0.018
362.27	0.018
362.48	0.017
362.69	0.018
362.90	0.018
363.12	0.018
363.33	0.018
363.54	0.017
363.75	0.018
363.96	0.018
364.17	0.018
364.38	0.018
364.59	0.018
364.80	0.017
365.01	0.017
365.22	0.017
365.43	0.018
365.64	0.017
365.85	0.017
366.06	0.017
366.27	0.017
366.48	0.016
366.69	0.017
366.90	0.017
367.11	0.016
367.32	0.016
367.54	0.016
367.75	0.016
367.96	0.015
368.17	0.015
368.38	0.015
368.59	0.015
368.80	0.014
369.01	0.014
369.22	0.014
369.43	0.014
369.64	0.014
369.85	0.013
370.06	0.014
370.27	0.014
370.48	0.014
370.69	0.014
370.90	0.013
371.11	0.013
371.32	0.013
371.53	0.013
371.74	0.013
371.95	0.013
372.16	0.013
372.37	0.013
372.58	0.013
372.79	0.013
373.00	0.013
373.21	0.012
373.42	0.012
373.63	0.012
373.84	0.012
374.05	0.012
374.26	0.011
374.47	0.011
374.68	0.011
374.89	0.011
375.10	0.011
375.31	0.011
375.52	0.011
375.73	0.011
375.94	0.011
376.15	0.011
376.36	0.010
376.57	0.011
376.78	0.011
376.99	0.011
377.20	0.011
377.41	0.011
377.62	0.011
377.83	0.011
378.04	0.012
378.25	0.012
378.46	0.011
378.67	0.011
378.88	0.011
379.09	0.010
379.30	0.010
379.51	0.010
379.72	0.010
379.92	0.010
380.13	0.010
380.34	0.010
380.55	0.009
380.76	0.009
380.97	0.009
381.18	0.009
381.39	0.009
381.60	0.010
381.81	0.009
382.02	0.010
382.23	0.010
382.44	0.010
382.65	0.010
382.86	0.010
383.07	0.010
383.28	0.010
383.49	0.009
383.70	0.009
383.91	0.009
384.11	0.009
384.32	0.009
384.53	0.008
384.74	0.009
384.95	0.009
385.16	0.009
385.37	0.009
385.58	0.009
385.79	0.009
386.00	0.009
386.21	0.009
386.42	0.009
386.63	0.009
386.84	0.008
387.04	0.008
387.25	0.007
387.46	0.008
387.67	0.008
387.88	0.007
388.09	0.008
388.30	0.007
388.51	0.007
388.72	0.007
388.93	0.007
389.14	0.007
389.34	0.007
389.55	0.007
389.76	0.006
389.97	0.007
390.18	0.007
390.39	0.007
390.60	0.007
390.81	0.007
391.02	0.008
391.23	0.007
391.43	0.008
391.64	0.008
391.85	0.007
392.06	0.007
392.27	0.007
392.48	0.007
392.69	0.007
392.90	0.006
393.11	0.006
393.31	0.006
393.52	0.006
393.73	0.006
393.94	0.005
394.15	0.005
394.36	0.005
394.57	0.005
394.78	0.005
394.98	0.005
395.19	0.005
395.40	0.006
395.61	0.006
395.82	0.006
396.03	0.007
396.24	0.007
396.44	0.007
396.65	0.007
396.86	0.007
397.07	0.007
397.28	0.006
397.49	0.006
397.70	0.006
397.90	0.006
398.11	0.005
398.32	0.005
398.53	0.005
398.74	0.005
398.95	0.004
399.16	0.004
399.36	0.005
399.57	0.005
399.78	0.005
399.99	0.005
400.20	0.005
400.41	0.005
400.61	0.005
400.82	0.004
401.03	0.005
401.24	0.005
401.45	0.004
401.66	0.004
401.86	0.005
402.07	0.004
402.28	0.004
402.49	0.004
402.70	0.004
402.91	0.004
403.11	0.004
403.32	0.005
403.53	0.005
403.74	0.005
403.95	0.006
404.15	0.006
404.36	0.006
404.57	0.006
404.78	0.006
404.99	0.005
405.20	0.004
405.40	0.004
405.61	0.004
405.82	0.004
406.03	0.003
406.24	0.003
406.44	0.003
406.65	0.003
406.86	0.003
407.07	0.003
407.28	0.003
407.48	0.004
407.69	0.004
407.90	0.004
408.11	0.004
408.32	0.003
408.52	0.004
408.73	0.004
408.94	0.004
409.15	0.004
409.35	0.004
409.56	0.004
409.77	0.004
409.98	0.004
410.19	0.004
410.39	0.004
410.60	0.004
410.81	0.004
411.02	0.004
411.22	0.004
411.43	0.003
411.64	0.003
411.85	0.004
412.05	0.004
412.26	0.004
412.47	0.004
412.68	0.003
412.89	0.004
413.09	0.003
413.30	0.003
413.51	0.004
413.72	0.004
413.92	0.004
414.13	0.004
414.34	0.004
414.55	0.004
414.75	0.004
414.96	0.004
415.17	0.004
415.38	0.004
415.58	0.004
415.79	0.004
416.00	0.004
416.21	0.005
416.41	0.004
416.62	0.004
416.83	0.005
417.03	0.004
417.24	0.004
417.45	0.004
417.66	0.004
417.86	0.004
418.07	0.005
418.28	0.005
418.49	0.005
418.69	0.005
418.90	0.005
419.11	0.005
419.31	0.004
419.52	0.004
419.73	0.004
419.94	0.004
420.14	0.003
420.35	0.003
420.56	0.003
420.76	0.003
420.97	0.003
421.18	0.003
421.39	0.004
421.59	0.004
421.80	0.004
422.01	0.004
422.21	0.004
422.42	0.004
422.63	0.004
422.84	0.004
423.04	0.004
423.25	0.004
423.46	0.003
423.66	0.003
423.87	0.003
424.08	0.003
424.28	0.003
424.49	0.003
424.70	0.004
424.90	0.004
425.11	0.004
425.32	0.004
425.52	0.004
425.73	0.004
425.94	0.004
426.15	0.004
426.35	0.004
426.56	0.004
426.77	0.004
426.97	0.005
427.18	0.005
427.39	0.005
427.59	0.005
427.80	0.005
428.01	0.005
428.21	0.005
428.42	0.004
428.63	0.004
428.83	0.004
429.04	0.004
429.25	0.004
429.45	0.004
429.66	0.004
429.87	0.004
430.07	0.004
430.28	0.004
430.48	0.004
430.69	0.004
430.90	0.003
431.10	0.003
431.31	0.003
431.52	0.003
431.72	0.003
431.93	0.003
432.14	0.003
432.34	0.004
432.55	0.004
432.76	0.004
432.96	0.005
433.17	0.004
433.37	0.004
433.58	0.004
433.79	0.004
433.99	0.003
434.20	0.003
434.41	0.003
434.61	0.003
434.82	0.003
435.02	0.003
435.23	0.003
435.44	0.003
435.64	0.003
435.85	0.003
436.06	0.003
436.26	0.003
436.47	0.003
436.67	0.003
436.88	0.003
437.09	0.003
437.29	0.003
437.50	0.004
437.70	0.004
437.91	0.003
438.12	0.003
438.32	0.003
438.53	0.003
438.73	0.003
438.94	0.002
439.15	0.003
439.35	0.002
439.56	0.001
439.76	0.001
439.97	0.001
440.18	0.001
440.38	0.001
440.59	0.001
440.79	0.002
441.00	0.002
441.20	0.002
441.41	0.002
441.62	0.002
441.82	0.003
442.03	0.003
442.23	0.002
442.44	0.002
442.65	0.002
442.85	0.002
443.06	0.001
443.26	0.002
443.47	0.002
443.67	0.002
443.88	0.001
444.09	0.002
444.29	0.002
444.50	0.001
444.70	0.001
444.91	0.002
445.11	0.001
445.32	0.001
445.52	0.001
445.73	0.002
445.94	0.002
446.14	0.002
446.35	0.003
446.55	0.003
446.76	0.002
446.96	0.003
447.17	0.003
447.37	0.002
447.58	0.001
447.78	0.001
447.99	0.002
448.20	0.002
448.40	0.001
448.61	0.002
448.81	0.001
449.02	0.002
449.22	0.002
449.43	0.003
449.63	0.003
449.84	0.003
450.04	0.002
450.25	0.002
450.45	0.002
450.66	0.002
450.86	0.002
451.07	0.001
451.27	0.001
451.48	0.001
451.68	0.001
451.89	0.001
452.09	0.001
452.30	0.002
452.50	0.002
452.71	0.002
452.91	0.003
453.12	0.002
453.33	0.002
453.53	0.002
453.74	0.002
453.94	0.002
454.15	0.003
454.35	0.003
454.56	0.003
454.76	0.002
454.96	0.003
455.17	0.003
455.37	0.003
455.58	0.003
455.78	0.003
455.99	0.003
456.19	0.002
456.40	0.002
456.60	0.003
456.81	0.003
457.01	0.002
457.22	0.002
457.42	0.002
457.63	0.002
457.83	0.002
458.04	0.003
458.24	0.003
458.45	0.003
458.65	0.002
458.86	0.002
459.06	0.002
459.27	0.003
459.47	0.002
459.67	0.002
459.88	0.002
460.08	0.001
460.29	0.001
460.49	0.001
460.70	0.001
460.90	0.002
461.11	0.001
461.31	0.002
461.52	0.002
461.72	0.002
461.92	0.002
462.13	0.002
462.33	0.002
462.54	0.002
462.74	0.002
462.95	0.003
463.15	0.002
463.36	0.002
463.56	0.002
463.76	0.002
463.97	0.002
464.17	0.002
464.38	0.002
464.58	0.002
464.79	0.002
464.99	0.002
465.19	0.003
465.40	0.003
465.60	0.003
465.81	0.003
466.01	0.003
466.22	0.003
466.42	0.003
466.62	0.003
466.83	0.002
467.03	0.001
467.24	0.001
467.44	0.001
467.65	0.001
467.85	0.000
468.05	0.000
468.26	0.000
468.46	0.001
468.67	0.002
468.87	0.002
469.07	0.002
469.28	0.001
469.48	0.002
469.69	0.002
469.89	0.002
470.09	0.002
470.30	0.002
470.50	0.001
470.71	0.001
470.91	0.001
471.11	0.002
471.32	0.001
471.52	0.001
471.72	0.001
471.93	0.001
472.13	0.001
472.34	0.002
472.54	0.003
472.74	0.002
472.95	0.002
473.15	0.003
473.35	0.003
473.56	0.003
473.76	0.004
473.97	0.003
474.17	0.004
474.37	0.003
474.58	0.004
474.78	0.003
474.98	0.003
475.19	0.003
475.39	0.002
475.60	0.002
475.80	0.002
476.00	0.002
476.21	0.002
476.41	0.001
476.61	0.002
476.82	0.002
477.02	0.002
477.22	0.002
477.43	0.002
477.63	0.002
477.83	0.001
478.04	0.001
478.24	0.001
478.44	0.001
478.65	0.001
478.85	0.002
479.05	0.002
479.26	0.002
479.46	0.002
479.66	0.002
479.87	0.002
480.07	0.002
480.27	0.003
480.48	0.002
480.68	0.002
480.88	0.003
481.09	0.003
481.29	0.003
481.49	0.003
481.70	0.003
481.90	0.003
482.10	0.003
482.31	0.003
482.51	0.003
482.71	0.003
482.92	0.003
483.12	0.003
483.32	0.003
483.52	0.002
483.73	0.002
483.93	0.002
484.13	0.003
484.34	0.003
484.54	0.002
484.74	0.002
484.95	0.002
485.15	0.002
485.35	0.003
485.55	0.003
485.76	0.003
485.96	0.003
486.16	0.002
486.37	0.002
486.57	0.002
486.77	0.002
486.97	0.002
487.18	0.002
487.38	0.002
487.58	0.002
487.79	0.001
487.99	0.001
488.19	0.002
488.39	0.002
488.60	0.002
488.80	0.002
489.00	0.003
489.20	0.003
489.41	0.003
489.61	0.004
489.81	0.004
490.02	0.003
490.22	0.003
490.42	0.003
490.62	0.002
490.83	0.003
491.03	0.003
491.23	0.002
491.43	0.003
491.64	0.002
491.84	0.003
492.04	0.003
492.24	0.003
492.45	0.003
492.65	0.003
492.85	0.002
493.05	0.002
493.26	0.002
493.46	0.002
493.66	0.002
493.86	0.002
494.07	0.002
494.27	0.002
494.47	0.002
494.67	0.002
494.87	0.003
495.08	0.003
495.28	0.002
495.48	0.002
495.68	0.002
495.89	0.002
496.09	0.001
496.29	0.002
496.49	0.001
496.69	0.001
496.90	0.001
497.10	0.001
497.30	0.001
497.50	0.001
497.71	0.002
497.91	0.002
498.11	0.002
498.31	0.003
498.51	0.003
498.72	0.003
498.92	0.003
499.12	0.003
499.32	0.003
499.52	0.002
499.73	0.002
499.93	0.002
500.13	0.001
500.33	0.001
500.53	0.001
500.74	0.001
500.94	0.001
501.14	0.001
501.34	0.001
501.54	0.001
501.74	0.001
501.95	0.001
502.15	0.002
502.35	0.002
502.55	0.002
502.75	0.002
502.96	0.001
503.16	0.002
503.36	0.002
503.56	0.003
503.76	0.003
503.96	0.003
504.17	0.003
504.37	0.002
504.57	0.002
504.77	0.002
504.97	0.002
505.17	0.002
505.38	0.001
505.58	0.001
505.78	0.001
505.98	0.001
506.18	0.001
506.38	0.001
506.58	0.001
506.79	0.001
506.99	0.000
507.19	0.000
507.39	-0.000
507.59	0.000
507.79	0.000
507.99	0.001
508.20	0.001
508.40	0.001
508.60	0.001
508.80	0.001
509.00	0.001
509.20	0.001
509.40	0.001
509.61	0.001
509.81	0.001
510.01	0.001
510.21	0.001
510.41	0.001
510.61	0.001
510.81	0.001
511.01	0.000
511.22	0.000
511.42	0.000
511.62	-0.000
511.82	-0.000
512.02	-0.000
512.22	0.000
512.42	0.000
512.62	0.001
512.82	0.001
513.03	0.001
513.23	0.001
513.43	0.001
513.63	0.002
513.83	0.002
514.03	0.002
514.23	0.002
514.43	0.002
514.63	0.003
514.83	0.003
515.04	0.003
515.24	0.003
515.44	0.002
515.64	0.002
515.84	0.002
516.04	0.002
516.24	0.002
516.44	0.002
516.64	0.001
516.84	0.001
517.04	0.001
517.24	0.002
517.45	0.002
517.65	0.002
517.85	0.002
518.05	0.001
518.25	0.001
518.45	0.001
518.65	0.001
518.85	0.001
519.05	0.001
519.25	0.001
519.45	0.001
519.65	0.001
519.85	0.002
520.05	0.001
520.25	0.001
520.46	0.001
520.66	0.001
520.86	0.001
521.06	0.002
521.26	0.001
521.46	0.001
521.66	0.001
521.86	0.001
522.06	0.001
522.26	0.001
522.46	0.001
522.66	0.001
522.86	0.000
523.06	0.000
523.26	0.000
523.46	0.000
523.66	0.001
523.86	0.000
524.06	-0.000
524.26	-0.001
524.46	-0.000
524.66	0.000
524.86	0.000
525.06	0.000
525.26	0.001
525.46	0.001
525.66	0.001
525.87	0.001
526.07	0.001
526.27	0.001
526.47	0.001
526.67	0.002
526.87	0.002
527.07	0.002
527.27	0.002
527.47	0.001
527.67	0.002
527.87	0.002
528.07	0.002
528.27	0.002
528.47	0.002
528.67	0.002
528.87	0.002
529.07	0.002
529.27	0.002
529.47	0.001
529.67	0.001
529.87	0.001
530.07	0.001
530.27	0.000
530.47	0.001
530.67	-0.000
530.87	0.000
531.06	0.000
531.26	0.000
531.46	0.001
531.66	0.000
531.86	0.000
532.06	0.000
532.26	0.000
532.46	0.001
532.66	0.001
532.86	0.001
533.06	0.001
533.26	0.000
533.46	0.001
533.66	0.000
533.86	0.001
534.06	0.000
534.26	0.000
534.46	-0.000
534.66	-0.000
534.86	0.000
535.06	0.001
535.26	0.001
535.46	0.001
535.66	0.000
535.86	0.000
536.06	0.000
536.26	0.000
536.45	0.000
536.65	0.000
536.85	0.001
537.05	0.001
537.25	0.001
537.45	0.001
537.65	0.001
537.85	0.001
538.05	0.001
538.25	0.001
538.45	0.000
538.65	0.000
538.85	-0.000
539.05	-0.000
539.25	-0.000
539.44	0.000
539.64	0.000
539.84	0.000
540.04	0.000
540.24	-0.000
540.44	-0.001
540.64	-0.000
540.84	-0.000
541.04	-0.000
541.24	-0.000
541.44	-0.000
541.64	-0.000
541.83	-0.000
542.03	0.000
542.23	0.000
542.43	0.000
542.63	-0.000
542.83	-0.000
543.03	-0.000
543.23	0.000
543.43	0.000
543.63	0.001
543.82	0.001
544.02	0.001
544.22	0.001
544.42	0.001
544.62	0.000
544.82	0.000
545.02	-0.000
545.22	-0.001
545.42	-0.001
545.61	-0.001
545.81	-0.001
546.01	-0.002
546.21	-0.001
546.41	-0.001
546.61	-0.001
546.81	-0.001
547.01	-0.001
547.20	-0.001
547.40	-0.001
547.60	-0.001
547.80	-0.000
548.00	-0.000
548.20	-0.000
548.40	-0.000
548.59	-0.000
548.79	-0.000
548.99	-0.000
549.19	0.000
549.39	0.000
549.59	0.000
549.79	0.000
549.98	-0.000
550.18	-0.000
550.38	0.000
550.58	-0.000
550.78	0.000
550.98	0.000
551.17	-0.000
551.37	-0.000
551.57	-0.000
551.77	0.000
551.97	-0.000
552.17	-0.000
552.36	-0.001
552.56	-0.001
552.76	-0.001
552.96	-0.001
553.16	-0.001
553.36	-0.000
553.55	-0.001
553.75	-0.000
553.95	-0.000
554.15	0.000
554.35	0.000
554.55	0.001
554.74	0.001
554.94	0.001
555.14	0.001
555.34	0.000
555.54	0.000
555.73	0.000
555.93	0.000
556.13	-0.000
556.33	-0.000
556.53	-0.001
556.72	-0.001
556.92	-0.001
557.12	-0.001
557.32	-0.001
557.52	-0.001
557.71	-0.002
557.91	-0.002
558.11	-0.002
558.31	-0.001
558.51	-0.001
558.70	-0.001
558.90	-0.001
559.10	-0.001
559.30	-0.001
559.49	-0.000
559.69	-0.000
559.89	-0.000
560.09	-0.000
560.29	0.000
560.48	0.000
560.68	0.001
560.88	0.000
561.08	0.000
561.27	0.001
561.47	0.001
561.67	0.001
561.87	0.001
562.06	0.001
562.26	0.001
562.46	0.000
562.66	0.000
562.86	-0.000
563.05	0.000
563.25	0.000
563.45	-0.000
563.65	-0.000
563.84	-0.000
564.04	-0.001
564.24	-0.001
564.44	-0.000
564.63	-0.000
564.83	-0.001
565.03	-0.001
565.22	-0.001
565.42	-0.001
565.62	-0.001
565.82	-0.001
566.01	-0.001
566.21	-0.001
566.41	-0.001
566.61	-0.001
566.80	-0.001
567.00	-0.001
567.20	-0.000
567.40	-0.000
567.59	0.000
567.79	0.001
567.99	0.001
568.18	0.000
568.38	0.001
568.58	-0.000
568.78	-0.000
568.97	-0.000
569.17	-0.000
569.37	-0.000
569.56	-0.001
569.76	-0.001
569.96	-0.001
570.16	-0.001
570.35	-0.000
570.55	-0.000
570.75	-0.001
570.94	-0.001
571.14	-0.001
571.34	-0.001
571.53	-0.000
571.73	0.000
571.93	-0.000
572.12	0.000
572.32	0.000
572.52	0.001
572.72	0.001
572.91	0.001
573.11	0.002
573.31	0.001
573.50	0.001
573.70	0.001
573.90	0.001
574.09	0.000
574.29	0.000
574.49	0.000
574.68	-0.000
574.88	-0.001
575.08	-0.000
575.27	-0.000
575.47	-0.000
575.67	0.000
575.86	0.000
576.06	-0.000
576.26	-0.000
576.45	-0.000
576.65	-0.000
576.85	-0.000
577.04	-0.000
577.24	-0.000
577.44	-0.001
577.63	-0.001
577.83	-0.000
578.02	-0.001
578.22	-0.001
578.42	-0.001
578.61	-0.001
578.81	-0.001
579.01	-0.001
579.20	-0.001
579.40	-0.001
579.60	-0.001
579.79	0.000
579.99	0.001
580.19	0.001
580.38	0.001
580.58	0.001
580.77	0.001
580.97	0.001
581.17	0.001
581.36	0.001
581.56	-0.000
581.75	-0.001
581.95	-0.001
582.15	-0.001
582.34	-0.001
582.54	-0.000
582.74	-0.001
582.93	-0.000
583.13	-0.001
583.32	0.000
583.52	0.000
583.72	0.001
583.91	0.001
584.11	0.000
584.30	-0.000
584.50	-0.000
584.70	-0.000
584.89	-0.001
585.09	-0.001
585.28	-0.001
585.48	-0.001
585.68	-0.001
585.87	-0.001
586.07	-0.001
586.26	-0.001
586.46	-0.001
586.66	-0.001
586.85	-0.000
587.05	-0.000
587.24	-0.000
587.44	-0.000
587.63	-0.000
587.83	-0.001
588.03	-0.000
588.22	-0.001
588.42	-0.001
588.61	-0.001
588.81	-0.001
589.00	-0.001
589.20	-0.000
589.40	-0.000
589.59	-0.000
589.79	0.000
589.98	0.001
590.18	0.000
590.37	0.000
590.57	-0.000
590.76	-0.000
590.96	0.000
591.16	0.000
591.35	0.001
591.55	0.001
591.74	0.001
591.94	0.001
592.13	0.001
592.33	0.001
592.52	0.001
592.72	0.001
592.91	0.001
593.11	0.001
593.30	-0.000
593.50	-0.000
593.70	-0.001
593.89	-0.001
594.09	-0.001
594.28	-0.000
594.48	-0.001
594.67	-0.001
594.87	-0.001
595.06	-0.001
595.26	-0.001
595.45	-0.001
595.65	-0.001
595.84	-0.001
596.04	-0.001
596.23	-0.001
596.43	-0.001
596.62	-0.001
596.82	-0.001
597.01	-0.000
597.21	0.000
597.40	0.000
597.60	0.001
597.79	0.000
597.99	0.000
598.18	0.000
598.38	0.000
598.57	-0.000
598.77	-0.000
598.96	-0.001
599.16	-0.001
599.35	-0.001
599.55	-0.001
599.74	-0.001
599.94	-0.001
600.13	-0.001
600.33	-0.000
600.52	-0.000
600.72	-0.001
600.91	-0.001
601.11	-0.001
601.30	-0.001
601.50	-0.001
601.69	-0.001
601.89	-0.001
602.08	-0.001
602.27	-0.001
602.47	-0.001
602.66	-0.001
602.86	-0.001
603.05	-0.001
603.25	-0.001
603.44	-0.001
603.64	-0.001
603.83	-0.001
604.03	-0.000
604.22	-0.001
604.41	-0.001
604.61	-0.000
604.80	-0.001
605.00	-0.001
605.19	-0.001
605.39	-0.001
605.58	-0.000
605.78	-0.001
605.97	-0.000
606.16	-0.001
606.36	-0.001
606.55	-0.000
606.75	-0.001
606.94	-0.001
607.14	-0.001
607.33	-0.001
607.52	-0.001
607.72	-0.001
607.91	-0.001
608.11	-0.000
608.30	-0.001
608.50	-0.001
608.69	-0.001
608.88	-0.001
609.08	-0.001
609.27	-0.001
609.47	-0.001
609.66	-0.000
609.85	-0.001
610.05	-0.000
610.24	-0.000
610.44	-0.000
610.63	-0.000
610.83	-0.001
611.02	-0.001
611.21	-0.001
611.41	-0.001
611.60	-0.001
611.80	-0.001
611.99	-0.001
612.18	-0.001
612.38	-0.001
612.57	-0.001
612.76	-0.001
612.96	-0.001
613.15	-0.001
613.35	-0.001
613.54	-0.001
613.73	-0.001
613.93	-0.000
614.12	-0.000
614.32	-0.000
614.51	-0.001
614.70	-0.001
614.90	-0.000
615.09	-0.000
615.28	-0.001
615.48	-0.000
615.67	-0.001
615.86	-0.001
616.06	-0.001
616.25	-0.001
616.45	-0.001
616.64	-0.001
616.83	-0.000
617.03	-0.001
617.22	-0.000
617.41	-0.000
617.61	-0.000
617.80	-0.000
617.99	0.000
618.19	-0.000
618.38	-0.001
618.57	-0.001
618.77	-0.000
618.96	-0.001
619.15	-0.001
619.35	-0.001
619.54	-0.001
619.73	-0.001
619.93	-0.001
620.12	-0.001
620.31	-0.001
620.51	-0.001
620.70	-0.001
620.89	-0.001
621.09	-0.001
621.28	-0.001
621.47	-0.001
621.67	-0.001
621.86	-0.001
622.05	-0.001
622.25	-0.001
622.44	-0.002
622.63	-0.002
622.83	-0.002
623.02	-0.002
623.21	-0.002
623.41	-0.002
623.60	-0.002
623.79	-0.002
623.98	-0.002
624.18	-0.002
624.37	-0.001
624.56	-0.002
624.76	-0.002
624.95	-0.002
625.14	-0.002
625.33	-0.002
625.53	-0.002
625.72	-0.002
625.91	-0.002
626.11	-0.002
626.30	-0.002
626.49	-0.002
626.68	-0.002
626.88	-0.002
627.07	-0.002
627.26	-0.002
627.46	-0.002
627.65	-0.002
627.84	-0.002
628.03	-0.002
628.23	-0.002
628.42	-0.002
628.61	-0.002
628.80	-0.001
629.00	-0.001
629.19	-0.001
629.38	-0.001
629.58	-0.002
629.77	-0.002
629.96	-0.002
630.15	-0.002
630.35	-0.002
630.54	-0.002
630.73	-0.002
630.92	-0.002
631.12	-0.002
631.31	-0.002
631.50	-0.001
631.69	-0.001
631.89	-0.001
632.08	-0.001
632.27	-0.002
632.46	-0.002
632.65	-0.002
632.85	-0.002
633.04	-0.002
633.23	-0.003
633.42	-0.003
633.62	-0.003
633.81	-0.003
634.00	-0.003
634.19	-0.003
634.39	-0.002
634.58	-0.002
634.77	-0.002
634.96	-0.002
635.15	-0.002
635.35	-0.001
635.54	-0.001
635.73	-0.001
635.92	-0.000
636.11	-0.001
636.31	-0.000
636.50	-0.001
636.69	-0.000
636.88	-0.000
637.07	-0.001
637.27	-0.001
637.46	-0.001
637.65	-0.001
637.84	-0.001
638.03	-0.001
638.23	-0.001
638.42	-0.002
638.61	-0.002
638.80	-0.002
638.99	-0.002
639.19	-0.002
639.38	-0.002
639.57	-0.002
639.76	-0.002
639.95	-0.002
640.14	-0.001
640.34	-0.001
640.53	-0.001
640.72	-0.001
640.91	-0.001
641.10	-0.002
641.30	-0.001
641.49	-0.002
641.68	-0.002
641.87	-0.002
642.06	-0.002
642.25	-0.001
642.44	-0.001
642.64	-0.001
642.83	-0.001
643.02	-0.002
643.21	-0.002
643.40	-0.001
643.59	-0.001
643.79	-0.001
643.98	-0.001
644.17	-0.001
644.36	-0.001
644.55	-0.001
644.74	-0.001
644.93	-0.001
645.13	-0.001
645.32	-0.001
645.51	-0.001
645.70	-0.001
645.89	-0.001
646.08	-0.000
646.27	-0.001
646.46	-0.001
646.66	-0.001
646.85	-0.001
647.04	-0.001
647.23	-0.001
647.42	-0.001
647.61	-0.001
647.80	-0.001
647.99	-0.001
648.19	-0.001
648.38	-0.001
648.57	-0.001
648.76	-0.002
648.95	-0.002
649.14	-0.002
649.33	-0.002
649.52	-0.002
649.71	-0.002
649.91	-0.002
650.10	-0.002
650.29	-0.002
650.48	-0.002
650.67	-0.002
650.86	-0.002
651.05	-0.002
651.24	-0.001
651.43	-0.001
651.62	-0.001
651.81	-0.001
652.01	-0.002
652.20	-0.002
652.39	-0.002
652.58	-0.001
652.77	-0.001
652.96	-0.001
653.15	-0.001
653.34	-0.001
653.53	-0.001
653.72	-0.001
653.91	-0.001
654.10	-0.000
654.29	-0.001
654.48	-0.001
654.68	-0.001
654.87	-0.001
655.06	-0.001
655.25	-0.001
655.44	-0.001
655.63	-0.001
655.82	-0.001
656.01	-0.001
656.20	-0.001
656.39	-0.001
656.58	-0.001
656.77	-0.001
656.96	-0.001
657.15	-0.001
657.34	-0.001
657.53	-0.001
657.72	-0.001
657.91	-0.002
658.10	-0.002
658.29	-0.002
658.48	-0.001
658.68	-0.001
658.87	-0.001
659.06	-0.001
659.25	-0.001
659.44	-0.001
659.63	-0.001
659.82	-0.002
660.01	-0.001
660.20	-0.001
660.39	-0.002
660.58	-0.002
660.77	-0.002
660.96	-0.002
661.15	-0.002
661.34	-0.002
661.53	-0.002
661.72	-0.002
661.91	-0.002
662.10	-0.002
662.29	-0.001
662.48	-0.001
662.67	-0.001
662.86	-0.001
663.05	-0.001
663.24	-0.001
663.43	-0.001
663.62	-0.001
663.81	-0.001
664.00	-0.000
664.19	-0.000
664.38	-0.000
664.57	-0.000
664.76	-0.000
664.95	-0.001
665.14	-0.001
665.33	-0.001
665.52	-0.001
665.71	-0.002
665.90	-0.002
666.09	-0.002
666.28	-0.002
666.46	-0.002
666.65	-0.002
666.84	-0.001
667.03	-0.001
667.22	-0.001
667.41	-0.001
667.60	0.000
667.79	-0.000
667.98	-0.001
668.17	-0.001
668.36	-0.001
668.55	-0.001
668.74	-0.001
668.93	-0.001
669.12	-0.001
669.31	-0.001
669.50	-0.002
669.69	-0.001
669.88	-0.001
670.07	-0.001
670.26	-0.001
670.44	-0.001
670.63	-0.001
670.82	-0.001
671.01	-0.001
671.20	-0.001
671.39	-0.001
671.58	-0.001
671.77	-0.002
671.96	-0.001
672.15	-0.001
672.34	-0.001
672.53	-0.001
672.72	-0.001
672.91	-0.001
673.09	-0.001
673.28	-0.001
673.47	-0.001
673.66	-0.002
673.85	-0.002
674.04	-0.002
674.23	-0.002
674.42	-0.002
674.61	-0.002
674.80	-0.001
674.98	-0.001
675.17	-0.001
675.36	-0.001
675.55	-0.002
675.74	-0.002
675.93	-0.002
676.12	-0.002
676.31	-0.002
676.50	-0.002
676.69	-0.002
676.87	-0.002
677.06	-0.002
677.25	-0.002
677.44	-0.002
677.63	-0.002
677.82	-0.002
678.01	-0.001
678.20	-0.001
678.38	-0.001
678.57	-0.001
678.76	-0.001
678.95	-0.002
679.14	-0.002
679.33	-0.001
679.52	-0.001
679.71	-0.001
679.89	-0.001
680.08	-0.002
680.27	-0.001
680.46	-0.001
680.65	-0.001
680.84	-0.001
681.02	-0.001
681.21	-0.002
681.40	-0.002
681.59	-0.002
681.78	-0.001
681.97	-0.002
682.16	-0.002
682.34	-0.001
682.53	-0.001
682.72	-0.001
682.91	-0.001
683.10	-0.001
683.29	-0.001
683.47	-0.001
683.66	-0.002
683.85	-0.002
684.04	-0.003
684.23	-0.003
684.42	-0.002
684.60	-0.002
684.79	-0.002
684.98	-0.002
685.17	-0.001
685.36	-0.001
685.54	-0.000
685.73	-0.000
685.92	-0.000
686.11	-0.001
686.30	-0.001
686.49	-0.000
686.67	-0.001
686.86	-0.001
687.05	-0.001
687.24	-0.001
687.43	-0.001
687.61	-0.001
687.80	-0.001
687.99	-0.001
688.18	-0.001
688.36	-0.001
688.55	-0.001
688.74	-0.001
688.93	-0.001
689.12	-0.001
689.30	-0.002
689.49	-0.002
689.68	-0.002
689.87	-0.002
690.06	-0.002
690.24	-0.002
690.43	-0.002
690.62	-0.002
690.81	-0.002
690.99	-0.002
691.18	-0.002
691.37	-0.003
691.56	-0.003
691.74	-0.003
691.93	-0.003
692.12	-0.003
692.31	-0.002
692.50	-0.002
692.68	-0.002
692.87	-0.002
693.06	-0.002
693.25	-0.001
693.43	-0.002
693.62	-0.002
693.81	-0.002
694.00	-0.002
694.18	-0.001
694.37	-0.001
694.56	-0.001
694.74	-0.001
694.93	-0.002
695.12	-0.001
695.31	-0.001
695.49	-0.001
695.68	-0.001
695.87	-0.002
696.06	-0.002
696.24	-0.001
696.43	-0.002
696.62	-0.001
696.80	-0.001
696.99	-0.001
697.18	-0.001
697.37	-0.001
697.55	-0.001
697.74	-0.001
697.93	-0.002
698.12	-0.002
698.30	-0.002
698.49	-0.002
698.68	-0.002
698.86	-0.002
699.05	-0.002
699.24	-0.002
699.42	-0.002
699.61	-0.002
699.80	-0.002
699.99	-0.002
700.17	-0.002
700.36	-0.002
700.55	-0.002
700.73	-0.002
700.92	-0.001
701.11	-0.001
701.29	-0.001
701.48	-0.001
701.67	-0.001
701.85	-0.002
702.04	-0.002
702.23	-0.002
702.41	-0.002
702.60	-0.002
702.79	-0.002
702.97	-0.002
703.16	-0.002
703.35	-0.002
703.53	-0.002
703.72	-0.001
703.91	-0.001
704.09	-0.001
704.28	-0.002
704.47	-0.001
704.65	-0.002
704.84	-0.002
705.03	-0.002
705.21	-0.001
705.40	-0.001
705.59	-0.001
705.77	-0.001
705.96	-0.000
706.15	-0.001
706.33	-0.001
706.52	-0.001
706.71	-0.001
706.89	-0.001
707.08	-0.001
707.26	-0.001
707.45	-0.001
707.64	-0.002
707.82	-0.002
708.01	-0.001
708.20	-0.001
708.38	-0.001
708.57	-0.001
708.75	-0.001
708.94	-0.001
709.13	-0.001
709.31	-0.001
709.50	-0.001
709.69	-0.001
709.87	-0.001
710.06	-0.001
710.24	-0.001
710.43	-0.001
710.62	-0.001
710.80	-0.002
710.99	-0.002
711.17	-0.002
711.36	-0.002
711.55	-0.002
711.73	-0.002
711.92	-0.002
712.10	-0.002
712.29	-0.002
712.48	-0.002
712.66	-0.002
712.85	-0.002
713.03	-0.002
713.22	-0.002
713.40	-0.002
713.59	-0.002
713.78	-0.002
713.96	-0.002
714.15	-0.002
714.33	-0.002
714.52	-0.002
714.71	-0.002
714.89	-0.002
715.08	-0.002
715.26	-0.002
715.45	-0.002
715.63	-0.001
715.82	-0.001
716.00	-0.001
716.19	-0.001
716.38	-0.001
716.56	-0.001
716.75	-0.001
716.93	-0.001
717.12	-0.001
717.30	-0.001
717.49	-0.001
717.67	-0.001
717.86	-0.001
718.05	-0.001
718.23	-0.001
718.42	-0.001
718.60	-0.001
718.79	-0.000
718.97	-0.001
719.16	-0.001
719.34	-0.000
719.53	-0.000
719.71	-0.000
719.90	-0.001
720.08	-0.000
720.27	-0.001
720.45	-0.001
720.64	-0.001
720.83	-0.001
721.01	-0.001
721.20	-0.001
721.38	-0.001
721.57	-0.001
721.75	-0.002
721.94	-0.002
722.12	-0.002
722.31	-0.002
722.49	-0.002
722.68	-0.002
722.86	-0.002
723.05	-0.002
723.23	-0.002
723.42	-0.002
723.60	-0.001
723.79	-0.001
723.97	-0.001
724.16	-0.001
724.34	-0.001
724.53	-0.001
724.71	-0.001
724.90	-0.001
725.08	-0.001
725.27	-0.002
725.45	-0.002
725.64	-0.002
725.82	-0.002
726.00	-0.002
726.19	-0.002
726.37	-0.002
726.56	-0.002
726.74	-0.002
726.93	-0.002
727.11	-0.002
727.30	-0.002
727.48	-0.002
727.67	-0.002
727.85	-0.002
728.04	-0.002
728.22	-0.002
728.40	-0.002
728.59	-0.002
728.77	-0.002
728.96	-0.002
729.14	-0.003
729.33	-0.003
729.51	-0.002
729.70	-0.002
729.88	-0.002
730.07	-0.002
730.25	-0.002
730.43	-0.001
730.62	-0.002
730.80	-0.001
730.99	-0.001
731.17	-0.001
731.36	-0.001
731.54	-0.001
731.72	-0.001
731.91	-0.001
732.09	-0.001
732.28	-0.001
732.46	-0.001
732.65	-0.001
732.83	-0.001
733.01	-0.001
733.20	-0.001
733.38	-0.001
733.57	-0.002
733.75	-0.002
733.93	-0.002
734.12	-0.001
734.30	-0.001
734.49	-0.001
734.67	-0.001
734.85	-0.001
735.04	-0.002
735.22	-0.002
735.41	-0.002
735.59	-0.002
735.77	-0.002
735.96	-0.002
736.14	-0.002
736.33	-0.002
736.51	-0.003
736.69	-0.003
736.88	-0.003
737.06	-0.003
737.25	-0.003
737.43	-0.004
737.61	-0.003
737.80	-0.003
737.98	-0.002
738.16	-0.001
738.35	-0.001
738.53	-0.001
738.71	-0.001
738.90	-0.001
739.08	-0.000
739.27	-0.001
739.45	-0.001
739.63	-0.001
739.82	-0.001
740.00	-0.001
740.18	-0.000
740.37	-0.001
740.55	-0.001
740.73	-0.001
740.92	-0.001
741.10	-0.000
741.28	-0.001
741.47	-0.001
741.65	-0.001
741.83	-0.001
742.02	-0.001
742.20	-0.001
742.38	-0.001
742.57	-0.001
742.75	-0.001
742.93	-0.001
743.12	-0.001
743.30	-0.001
743.48	-0.002
743.67	-0.002
743.85	-0.002
744.03	-0.002
744.22	-0.002
744.40	-0.002
744.58	-0.002
744.77	-0.002
744.95	-0.002
745.13	-0.002
745.32	-0.001
745.50	-0.002
745.68	-0.002
745.87	-0.002
746.05	-0.002
746.23	-0.002
746.41	-0.002
746.60	-0.002
746.78	-0.002
746.96	-0.002
747.15	-0.002
747.33	-0.002
747.51	-0.002
747.70	-0.002
747.88	-0.002
748.06	-0.002
748.24	-0.002
748.43	-0.002
748.61	-0.002
748.79	-0.002
748.97	-0.001
749.16	-0.001
749.34	-0.001
749.52	-0.001
749.71	-0.001
749.89	-0.001
750.07	-0.001
750.25	-0.001
750.44	-0.002
750.62	-0.002
750.80	-0.001
750.98	-0.002
751.17	-0.001
751.35	-0.002
751.53	-0.001
751.71	-0.002
751.90	-0.001
752.08	-0.002
752.26	-0.001
752.44	-0.002
752.63	-0.002
752.81	-0.002
752.99	-0.002
753.17	-0.002
753.36	-0.002
753.54	-0.002
753.72	-0.002
753.90	-0.002
754.09	-0.002
754.27	-0.002
754.45	-0.002
754.63	-0.001
754.82	-0.001
755.00	-0.001
755.18	-0.001
755.36	-0.001
755.54	-0.001
755.73	-0.001
755.91	-0.001
756.09	-0.001
756.27	-0.001
756.45	-0.002
756.64	-0.002
756.82	-0.002
757.00	-0.002
757.18	-0.003
757.37	-0.002
757.55	-0.002
757.73	-0.002
757.91	-0.002
758.09	-0.001
758.27	-0.001
758.46	-0.001
758.64	-0.001
758.82	-0.001
759.00	-0.001
759.18	-0.001
759.37	-0.001
759.55	-0.001
759.73	-0.001
759.91	-0.001
760.09	-0.001
760.28	-0.001
760.46	-0.001
760.64	-0.001
760.82	-0.001
761.00	-0.001
761.18	-0.001
761.37	-0.001
761.55	-0.001
761.73	-0.001
761.91	-0.000
762.09	-0.000
762.27	-0.000
762.46	-0.000
762.64	-0.001
762.82	-0.001
763.00	-0.000
763.18	-0.000
763.36	0.000
763.54	-0.000
763.73	-0.000
763.91	-0.000
764.09	-0.000
764.27	-0.000
764.45	-0.001
764.63	-0.001
764.81	-0.001
765.00	-0.001
765.18	-0.000
765.36	-0.001
765.54	-0.001
765.72	-0.001
765.90	-0.000
766.08	-0.000
766.27	-0.000
766.45	-0.000
766.63	-0.000
766.81	-0.001
766.99	-0.001
767.17	-0.001
767.35	-0.001
767.53	-0.001
767.71	-0.001
767.90	-0.000
768.08	-0.000
768.26	-0.001
768.44	-0.000
768.62	-0.001
768.80	-0.000
768.98	-0.000
769.16	-0.000
769.34	-0.000
769.52	-0.000
769.71	-0.000
769.89	-0.000
770.07	-0.001
770.25	-0.000
770.43	-0.001
770.61	-0.001
770.79	-0.001
770.97	-0.001
771.15	-0.001
771.33	-0.001
771.51	-0.001
771.69	-0.001
771.88	-0.002
772.06	-0.002
772.24	-0.002
772.42	-0.002
772.60	-0.002
772.78	-0.002
772.96	-0.003
773.14	-0.002
773.32	-0.002
773.50	-0.002
773.68	-0.001
773.86	-0.001
774.04	-0.001
774.22	-0.001
774.40	-0.000
774.58	-0.000
774.77	0.000
774.95	0.000
775.13	0.000
775.31	-0.000
775.49	-0.000
775.67	-0.000
775.85	-0.000
776.03	-0.001
776.21	-0.001
776.39	-0.001
776.57	-0.001
776.75	-0.001
776.93	-0.001
777.11	-0.001
777.29	-0.001
777.47	-0.001
777.65	-0.001
777.83	-0.001
778.01	-0.001
778.19	-0.000
778.37	-0.000
778.55	-0.000
778.73	-0.000
778.91	-0.001
779.09	-0.001
779.27	-0.001
779.45	-0.001
779.63	-0.001
779.81	-0.001
779.99	-0.001
780.17	-0.001
780.35	-0.001
780.53	-0.001
780.71	-0.001
780.89	-0.001
781.07	-0.001
781.25	-0.001
781.43	-0.001
781.61	-0.001
781.79	-0.001
781.97	-0.000
782.15	-0.001
782.33	-0.001
782.51	-0.001
782.69	-0.001
782.87	-0.002
783.05	-0.002
783.23	-0.002
783.41	-0.002
783.59	-0.003
783.77	-0.002
783.95	-0.002
784.13	-0.002
784.31	-0.002
784.49	-0.002
784.67	-0.002
784.85	-0.002
785.03	-0.002
785.21	-0.002
785.38	-0.002
785.56	-0.002
785.74	-0.002
785.92	-0.002
786.10	-0.001
786.28	-0.001
786.46	-0.001
786.64	-0.002
786.82	-0.001
787.00	-0.001
787.18	-0.001
787.36	-0.001
787.54	-0.001
787.72	-0.001
787.90	-0.001
788.08	-0.001
788.25	-0.001
788.43	-0.001
788.61	-0.001
788.79	-0.001
788.97	-0.001
789.15	-0.001
789.33	-0.001
789.51	-0.001
789.69	-0.002
789.87	-0.002
790.05	-0.002
790.23	-0.002
790.40	-0.002
790.58	-0.001
790.76	-0.001
790.94	-0.001
791.12	-0.001
791.30	-0.001
791.48	-0.001
791.66	-0.001
791.84	-0.001
792.02	-0.002
792.19	-0.002
792.37	-0.002
792.55	-0.001
792.73	-0.001
792.91	-0.001
793.09	-0.001
793.27	-0.001
793.45	-0.001
793.63	-0.001
793.80	-0.001
793.98	-0.002
794.16	-0.002
794.34	-0.002
794.52	-0.002
794.70	-0.002
794.88	-0.002
795.05	-0.002
795.23	-0.002
795.41	-0.002
795.59	-0.002
795.77	-0.001
795.95	-0.001
796.13	-0.001
796.30	-0.001
796.48	-0.001
796.66	-0.001
796.84	-0.001
797.02	-0.001
797.20	-0.001
797.38	-0.001
797.55	-0.001
797.73	-0.001
797.91	-0.001
798.09	-0.001
798.27	-0.001
798.45	-0.001
798.62	-0.002
798.80	-0.002
798.98	-0.001
799.16	-0.001
799.34	-0.001
799.52	-0.001
799.69	-0.001
799.87	-0.001
800.05	-0.001
800.23	-0.000
800.41	-0.000
800.58	-0.000
800.76	-0.001
800.94	-0.001
801.12	-0.001
801.30	-0.001
801.47	-0.001
801.65	-0.001
801.83	-0.002
802.01	-0.002
802.19	-0.001
802.36	-0.001
802.54	-0.000
802.72	-0.001
802.90	-0.000
803.08	-0.001
803.25	-0.000
803.43	-0.001
803.61	-0.001
803.79	-0.001
803.97	-0.002
804.14	-0.002
804.32	-0.002
804.50	-0.002
804.68	-0.002
804.85	-0.002
805.03	-0.002
805.21	-0.002
805.39	-0.002
805.56	-0.002
805.74	-0.002
805.92	-0.002
806.10	-0.002
806.28	-0.002
806.45	-0.001
806.63	-0.001
806.81	-0.001
806.99	-0.001
807.16	-0.001
807.34	-0.001
807.52	-0.001
807.70	-0.001
807.87	-0.001
808.05	-0.002
808.23	-0.002
808.41	-0.001
808.58	-0.002
808.76	-0.001
808.94	-0.001
809.11	-0.001
809.29	-0.001
809.47	-0.001
809.65	-0.001
809.82	-0.001
810.00	-0.002
810.18	-0.001
810.36	-0.002
810.53	-0.001
810.71	-0.000
810.89	-0.000
811.06	-0.001
811.24	-0.001
811.42	-0.001
811.60	-0.001
811.77	-0.001
811.95	-0.000
812.13	-0.001
812.30	-0.001
812.48	-0.001
812.66	-0.002
812.83	-0.001
813.01	-0.001
813.19	-0.001
813.37	-0.001
813.54	-0.001
813.72	-0.001
813.90	-0.001
814.07	-0.001
814.25	-0.000
814.43	-0.000
814.60	-0.000
814.78	-0.000
814.96	-0.001
815.13	-0.001
815.31	-0.001
815.49	-0.001
815.66	-0.000
815.84	-0.001
816.02	-0.001
816.19	-0.001
816.37	-0.001
816.55	-0.001
816.72	-0.001
816.90	-0.001
817.08	-0.001
817.25	-0.002
817.43	-0.001
817.61	-0.002
817.78	-0.002
817.96	-0.002
818.14	-0.001
818.31	-0.001
818.49	-0.001
818.67	-0.001
818.84	-0.001
819.02	-0.001
819.19	-0.000
819.37	-0.001
819.55	-0.001
819.72	-0.001
819.90	-0.001
820.08	-0.001
820.25	-0.001
820.43	-0.001
820.60	-0.002
820.78	-0.002
820.96	-0.002
821.13	-0.001
821.31	-0.001
821.49	-0.001
821.66	-0.001
821.84	-0.001
822.01	-0.000
822.19	0.000
822.37	0.001
822.54	0.001
822.72	0.001
822.89	0.000
823.07	0.000
823.25	0.000
823.42	-0.000
823.60	-0.001
823.77	-0.001
823.95	-0.001
824.13	-0.002
824.30	-0.002
824.48	-0.002
824.65	-0.002
824.83	-0.002
825.01	-0.002
825.18	-0.002
825.36	-0.001
825.53	-0.002
825.71	-0.001
825.88	-0.001
826.06	-0.001
826.24	-0.001
826.41	-0.001
826.59	-0.001
826.76	-0.001
826.94	-0.002
827.11	-0.001
827.29	-0.002
827.47	-0.002
827.64	-0.001
827.82	-0.002
827.99	-0.002
828.17	-0.002
828.34	-0.002
828.52	-0.001
828.69	-0.001
828.87	-0.001
829.04	-0.000
829.22	0.000
829.40	0.000
829.57	-0.000
829.75	-0.000
829.92	-0.000
830.10	-0.001
830.27	-0.001
830.45	-0.001
830.62	-0.001
830.80	-0.002
830.97	-0.001
831.15	-0.001
831.32	-0.001
831.50	-0.001
831.67	-0.000
831.85	-0.000
832.02	0.000
832.20	-0.000
832.37	-0.001
832.55	-0.001
832.73	-0.001
832.90	-0.000
833.08	-0.000
833.25	-0.001
833.43	-0.001
833.60	-0.001
833.78	-0.002
833.95	-0.001
834.13	-0.001
834.30	-0.001
834.48	-0.001
834.65	-0.001
834.82	-0.001
835.00	-0.001
835.17	-0.001
835.35	-0.001
835.52	-0.002
835.70	-0.002
835.87	-0.002
836.05	-0.002
836.22	-0.002
836.40	-0.002
836.57	-0.002
836.75	-0.001
836.92	-0.001
837.10	0.000
837.27	0.001
837.45	0.000
837.62	0.001
837.80	0.000
837.97	0.001
838.14	0.001
838.32	0.000
838.49	0.000
838.67	-0.000
838.84	-0.000
839.02	-0.000
839.19	-0.001
839.37	-0.001
839.54	-0.001
839.71	-0.001
839.89	-0.001
840.06	-0.001
840.24	-0.001
840.41	-0.001
840.59	-0.001
840.76	-0.001
840.94	-0.001
841.11	-0.001
841.28	-0.001
841.46	-0.001
841.63	-0.001
841.81	-0.001
841.98	-0.001
842.15	-0.001
842.33	-0.000
842.50	-0.001
842.68	-0.001
842.85	-0.001
843.03	-0.001
843.20	-0.001
843.37	-0.001
843.55	-0.002
843.72	-0.002
843.90	-0.002
844.07	-0.003
844.24	-0.003
844.42	-0.002
844.59	-0.002
844.77	-0.002
844.94	-0.001
845.11	-0.001
845.29	-0.001
845.46	-0.001
845.63	-0.001
845.81	-0.001
845.98	-0.001
846.16	-0.002
846.33	-0.001
846.50	-0.002
846.68	-0.002
846.85	-0.001
847.02	-0.001
847.20	-0.000
847.37	-0.000
847.55	-0.000
847.72	0.000
847.89	-0.000
848.07	-0.001
848.24	-0.000
848.41	-0.001
848.59	-0.000
848.76	-0.000
848.93	-0.000
849.11	0.000
849.28	0.001
849.45	0.001
849.63	0.001
849.80	0.001
849.97	0.002
850.15	0.001
850.32	0.000
850.49	0.000
850.67	-0.000
850.84	-0.001
851.01	-0.001
851.19	-0.001
851.36	-0.001
851.53	-0.001
851.71	-0.001
851.88	-0.000
852.05	-0.001
852.23	-0.001
852.40	-0.000
852.57	-0.000
852.75	-0.000
852.92	-0.000
853.09	-0.000
853.27	0.000
853.44	-0.000
853.61	0.001
853.79	0.001
853.96	0.001
854.13	0.001
854.30	0.002
854.48	0.001
854.65	0.002
854.82	0.001
855.00	0.002
855.17	0.002
855.34	0.002
855.51	0.002
855.69	0.002
855.86	0.001
856.03	0.002
856.21	0.002
856.38	0.002
856.55	0.002
856.72	0.002
856.90	0.001
857.07	0.001
857.24	0.001
857.42	0.001
857.59	0.001
857.76	0.002
857.93	0.002
858.11	0.001
858.28	0.001
858.45	0.001
858.62	0.001
858.80	0.001
858.97	0.001
859.14	0.001
859.31	0.000
859.49	0.000
859.66	0.001
859.83	0.000
860.00	0.000
860.18	0.001
860.35	0.001
860.52	0.001
860.69	0.002
860.86	0.002
861.04	0.002
861.21	0.002
861.38	0.002
861.55	0.002
861.73	0.002
861.90	0.002
862.07	0.002
862.24	0.002
862.42	0.002
862.59	0.002
862.76	0.001
862.93	0.001
863.10	0.002
863.28	0.001
863.45	0.002
863.62	0.001
863.79	0.001
863.96	0.001
864.14	0.002
864.31	0.002
864.48	0.001
864.65	0.001
864.82	0.001
865.00	0.001
865.17	0.002
865.34	0.002
865.51	0.002
865.68	0.002
865.86	0.002
866.03	0.002
866.20	0.002
866.37	0.003
866.54	0.003
866.71	0.002
866.89	0.002
867.06	0.001
867.23	0.001
867.40	0.000
867.57	-0.000
867.74	0.000
867.92	0.000
868.09	-0.000
868.26	-0.000
868.43	0.000
868.60	0.000
868.77	0.002
868.95	0.003
869.12	0.003
869.29	0.004
869.46	0.004
869.63	0.004
869.80	0.004
869.97	0.004
870.15	0.004
870.32	0.004
870.49	0.003
870.66	0.004
870.83	0.003
871.00	0.004
871.17	0.004
871.34	0.004
871.52	0.004
871.69	0.003
871.86	0.003
872.03	0.003
872.20	0.003
872.37	0.003
872.54	0.004
872.71	0.003
872.89	0.004
873.06	0.003
873.23	0.003
873.40	0.003
873.57	0.003
873.74	0.004
873.91	0.004
874.08	0.003
874.25	0.003
874.42	0.004
874.60	0.005
874.77	0.004
874.94	0.005
875.11	0.006
875.28	0.005
875.45	0.005
875.62	0.004
875.79	0.005
875.96	0.005
876.13	0.004
876.30	0.004
876.47	0.004
876.65	0.003
876.82	0.004
876.99	0.004
877.16	0.004
877.33	0.005
877.50	0.005
877.67	0.005
877.84	0.005
878.01	0.005
878.18	0.005
878.35	0.004
878.52	0.003
878.69	0.003
878.86	0.003
879.03	0.003
879.20	0.003
879.38	0.004
879.55	0.005
879.72	0.005
879.89	0.005
880.06	0.005
880.23	0.006
880.40	0.007
880.57	0.006
880.74	0.007
880.91	0.006
881.08	0.006
881.25	0.005
881.42	0.006
881.59	0.006
881.76	0.006
881.93	0.006
882.10	0.007
882.27	0.006
882.44	0.006
882.61	0.006
882.78	0.006
882.95	0.006
883.12	0.007
883.29	0.007
883.46	0.006
883.63	0.005
883.80	0.005
883.97	0.006
884.14	0.006
884.31	0.007
884.48	0.007
884.65	0.007
884.82	0.007
884.99	0.007
885.16	0.008
885.33	0.007
885.50	0.006
885.67	0.007
885.84	0.007
886.01	0.005
886.18	0.005
886.35	0.005
886.52	0.006
886.69	0.006
886.86	0.007
887.03	0.007
887.20	0.006
887.37	0.005
887.54	0.005
887.71	0.005
887.88	0.005
888.05	0.005
888.22	0.004
888.39	0.004
888.55	0.005
888.72	0.004
888.89	0.004
889.06	0.005
889.23	0.005
889.40	0.006
889.57	0.006
889.74	0.005
889.91	0.005
890.08	0.005
890.25	0.005
890.42	0.007
890.59	0.007
890.76	0.007
890.93	0.006
891.10	0.006
891.26	0.005
891.43	0.006
891.60	0.006
891.77	0.006
891.94	0.005
892.11	0.005
892.28	0.005
892.45	0.006
892.62	0.006
892.79	0.007
892.96	0.006
893.13	0.005
893.29	0.005
893.46	0.005
893.63	0.005
893.80	0.006
893.97	0.006
894.14	0.006
894.31	0.005
894.48	0.011
894.65	0.007
894.81	0.007
894.98	0.000
