177.34	-0.000
177.56	-0.000
177.78	-0.000
178.00	-0.142
178.22	0.149
178.44	-0.168
178.66	-0.230
178.89	-0.169
179.11	-0.324
179.33	-0.999
179.55	-0.614
179.77	-0.000
179.99	-0.000
180.21	-0.000
180.43	-0.696
180.65	0.001
180.87	-0.016
181.09	0.194
181.31	0.283
181.53	0.312
181.75	0.323
181.97	0.370
182.19	0.414
182.41	0.436
182.63	0.440
182.85	0.513
183.07	0.477
183.30	0.437
183.52	0.467
183.74	0.448
183.96	0.458
184.18	0.424
184.40	0.407
184.62	0.426
184.84	0.404
185.06	0.421
185.28	0.488
185.50	0.479
185.72	0.530
185.94	0.536
186.16	0.547
186.38	0.565
186.60	0.577
186.82	0.689
187.04	0.697
187.26	0.640
187.48	0.654
187.70	0.641
187.92	0.671
188.14	0.698
188.36	0.726
188.58	0.749
188.80	0.740
189.02	0.794
189.24	0.819
189.46	0.900
189.68	0.929
189.90	0.973
190.12	0.970
190.34	1.036
190.56	1.087
190.78	1.137
191.00	1.117
191.22	1.217
191.44	1.160
191.66	1.207
191.88	1.232
192.10	1.246
192.32	1.226
192.54	1.210
192.76	1.154
192.98	1.176
193.20	1.172
193.42	1.219
193.64	1.227
193.86	1.229
194.08	1.276
194.30	1.302
194.52	1.302
194.74	1.357
194.96	1.330
195.18	1.355
195.40	1.372
195.62	1.399
195.84	1.381
196.06	1.458
196.28	1.467
196.50	1.568
196.72	1.528
196.94	1.521
197.16	1.488
197.38	1.479
197.60	1.433
197.82	1.509
198.04	1.450
198.26	1.424
198.48	1.395
198.70	1.427
198.92	1.445
199.13	1.455
199.35	1.479
199.57	1.516
199.79	1.473
200.01	1.486
200.23	1.538
200.45	1.560
200.67	1.611
200.89	1.653
201.11	1.653
201.33	1.667
201.55	1.707
201.77	1.742
201.99	1.752
202.21	1.758
202.43	1.746
202.65	1.697
202.87	1.707
203.09	1.755
203.31	1.772
203.52	1.723
203.74	1.741
203.96	1.743
204.18	1.711
204.40	1.756
204.62	1.779
204.84	1.787
205.06	1.810
205.28	1.827
205.50	1.843
205.72	1.850
205.94	1.873
206.16	1.951
206.38	1.982
206.59	1.949
206.81	1.915
207.03	1.886
207.25	1.837
207.47	1.851
207.69	1.821
207.91	1.804
208.13	1.791
208.35	1.780
208.57	1.808
208.79	1.834
209.01	1.799
209.22	1.845
209.44	1.868
209.66	1.877
209.88	1.897
210.10	1.902
210.32	1.886
210.54	1.891
210.76	1.922
210.98	1.998
211.20	1.990
211.42	1.946
211.63	1.973
211.85	1.973
212.07	1.958
212.29	1.964
212.51	1.999
212.73	1.975
212.95	1.991
213.17	1.967
213.39	2.002
213.60	1.987
213.82	1.995
214.04	2.039
214.26	2.045
214.48	2.008
214.70	2.014
214.92	1.979
215.14	1.998
215.35	2.001
215.57	2.029
215.79	2.021
216.01	2.005
216.23	2.027
216.45	2.009
216.67	2.028
216.89	2.055
217.10	2.084
217.32	2.107
217.54	2.107
217.76	2.118
217.98	2.124
218.20	2.109
218.42	2.158
218.64	2.165
218.85	2.140
219.07	2.102
219.29	2.116
219.51	2.127
219.73	2.145
219.95	2.151
220.17	2.157
220.38	2.137
220.60	2.135
220.82	2.123
221.04	2.131
221.26	2.089
221.48	2.091
221.69	2.070
221.91	2.060
222.13	2.044
222.35	2.059
222.57	2.067
222.79	2.067
223.00	2.063
223.22	2.080
223.44	2.064
223.66	2.088
223.88	2.079
224.10	2.074
224.32	2.054
224.53	2.019
224.75	2.030
224.97	2.017
225.19	1.987
225.41	1.971
225.62	1.941
225.84	1.925
226.06	1.915
226.28	1.891
226.50	1.874
226.72	1.857
226.93	1.845
227.15	1.832
227.37	1.816
227.59	1.800
227.81	1.783
228.02	1.768
228.24	1.764
228.46	1.747
228.68	1.732
228.90	1.713
229.12	1.701
229.33	1.690
229.55	1.676
229.77	1.660
229.99	1.641
230.21	1.615
230.42	1.597
230.64	1.579
230.86	1.567
231.08	1.549
231.30	1.527
231.51	1.509
231.73	1.494
231.95	1.478
232.17	1.471
232.38	1.460
232.60	1.447
232.82	1.428
233.04	1.413
233.26	1.398
233.47	1.385
233.69	1.372
233.91	1.360
234.13	1.344
234.35	1.330
234.56	1.316
234.78	1.302
235.00	1.290
235.22	1.282
235.43	1.269
235.65	1.257
235.87	1.244
236.09	1.231
236.30	1.218
236.52	1.206
236.74	1.195
236.96	1.184
237.18	1.173
237.39	1.164
237.61	1.154
237.83	1.144
238.05	1.135
238.26	1.127
238.48	1.118
238.70	1.111
238.92	1.101
239.13	1.093
239.35	1.082
239.57	1.073
239.79	1.064
240.00	1.056
240.22	1.049
240.44	1.041
240.66	1.034
240.87	1.026
241.09	1.017
241.31	1.012
241.53	1.006
241.74	1.000
241.96	0.994
242.18	0.988
242.40	0.982
242.61	0.976
242.83	0.971
243.05	0.967
243.27	0.961
243.48	0.955
243.70	0.952
243.92	0.947
244.13	0.943
244.35	0.938
244.57	0.934
244.79	0.930
245.00	0.925
245.22	0.922
245.44	0.918
245.65	0.913
245.87	0.909
246.09	0.904
246.31	0.901
246.52	0.897
246.74	0.894
246.96	0.892
247.18	0.889
247.39	0.886
247.61	0.883
247.83	0.881
248.04	0.879
248.26	0.876
248.48	0.874
248.69	0.870
248.91	0.867
249.13	0.864
249.35	0.862
249.56	0.859
249.78	0.856
250.00	0.854
250.21	0.851
250.43	0.849
250.65	0.847
250.86	0.846
251.08	0.845
251.30	0.843
251.51	0.841
251.73	0.840
251.95	0.837
252.17	0.835
252.38	0.833
252.60	0.832
252.82	0.831
253.03	0.829
253.25	0.828
253.47	0.827
253.68	0.825
253.90	0.824
254.12	0.823
254.33	0.821
254.55	0.819
254.77	0.818
254.98	0.817
255.20	0.816
255.42	0.815
255.63	0.814
255.85	0.814
256.07	0.813
256.28	0.812
256.50	0.812
256.72	0.810
256.93	0.808
257.15	0.806
257.37	0.805
257.58	0.804
257.80	0.802
258.02	0.801
258.23	0.800
258.45	0.800
258.67	0.799
258.88	0.798
259.10	0.797
259.32	0.796
259.53	0.795
259.75	0.795
259.96	0.794
260.18	0.793
260.40	0.792
260.61	0.792
260.83	0.791
261.05	0.790
261.26	0.790
261.48	0.789
261.70	0.788
261.91	0.786
262.13	0.786
262.34	0.785
262.56	0.783
262.78	0.782
262.99	0.781
263.21	0.780
263.43	0.780
263.64	0.779
263.86	0.778
264.07	0.778
264.29	0.777
264.51	0.776
264.72	0.777
264.94	0.775
265.16	0.774
265.37	0.774
265.59	0.773
265.80	0.772
266.02	0.771
266.24	0.770
266.45	0.769
266.67	0.768
266.88	0.767
267.10	0.766
267.32	0.763
267.53	0.762
267.75	0.762
267.96	0.761
268.18	0.761
268.40	0.760
268.61	0.759
268.83	0.759
269.04	0.759
269.26	0.759
269.48	0.758
269.69	0.757
269.91	0.755
270.12	0.754
270.34	0.753
270.56	0.752
270.77	0.750
270.99	0.749
271.20	0.748
271.42	0.747
271.64	0.745
271.85	0.743
272.07	0.742
272.28	0.740
272.50	0.739
272.71	0.737
272.93	0.736
273.15	0.734
273.36	0.733
273.58	0.731
273.79	0.730
274.01	0.729
274.22	0.727
274.44	0.726
274.66	0.725
274.87	0.724
275.09	0.723
275.30	0.720
275.52	0.719
275.73	0.718
275.95	0.716
276.16	0.716
276.38	0.714
276.60	0.712
276.81	0.711
277.03	0.709
277.24	0.707
277.46	0.705
277.67	0.704
277.89	0.702
278.10	0.699
278.32	0.697
278.53	0.695
278.75	0.693
278.97	0.692
279.18	0.690
279.40	0.689
279.61	0.686
279.83	0.684
280.04	0.683
280.26	0.682
280.47	0.680
280.69	0.678
280.90	0.675
281.12	0.673
281.33	0.670
281.55	0.668
281.76	0.666
281.98	0.663
282.20	0.661
282.41	0.659
282.63	0.657
282.84	0.654
283.06	0.653
283.27	0.650
283.49	0.648
283.70	0.646
283.92	0.644
284.13	0.641
284.35	0.639
284.56	0.636
284.78	0.634
284.99	0.631
285.21	0.629
285.42	0.627
285.64	0.625
285.85	0.623
286.07	0.621
286.28	0.618
286.50	0.616
286.71	0.614
286.93	0.612
287.14	0.609
287.36	0.606
287.57	0.604
287.79	0.601
288.00	0.598
288.22	0.595
288.43	0.592
288.65	0.590
288.86	0.587
289.08	0.584
289.29	0.581
289.51	0.578
289.72	0.576
289.94	0.574
290.15	0.572
290.37	0.570
290.58	0.568
290.80	0.566
291.01	0.564
291.22	0.562
291.44	0.560
291.65	0.558
291.87	0.555
292.08	0.553
292.30	0.552
292.51	0.550
292.73	0.548
292.94	0.545
293.16	0.544
293.37	0.541
293.59	0.540
293.80	0.538
294.02	0.536
294.23	0.534
294.44	0.532
294.66	0.530
294.87	0.528
295.09	0.526
295.30	0.524
295.52	0.522
295.73	0.520
295.95	0.518
296.16	0.517
296.37	0.515
296.59	0.514
296.80	0.512
297.02	0.510
297.23	0.508
297.45	0.506
297.66	0.504
297.88	0.502
298.09	0.500
298.30	0.497
298.52	0.496
298.73	0.494
298.95	0.493
299.16	0.492
299.38	0.490
299.59	0.487
299.80	0.485
300.02	0.484
300.23	0.483
300.45	0.482
300.66	0.480
300.88	0.478
301.09	0.475
301.30	0.474
301.52	0.473
301.73	0.472
301.95	0.470
302.16	0.468
302.37	0.467
302.59	0.466
302.80	0.465
303.02	0.464
303.23	0.463
303.45	0.461
303.66	0.459
303.87	0.458
304.09	0.457
304.30	0.456
304.52	0.454
304.73	0.452
304.94	0.451
305.16	0.450
305.37	0.449
305.59	0.447
305.80	0.446
306.01	0.445
306.23	0.444
306.44	0.442
306.65	0.441
306.87	0.440
307.08	0.438
307.30	0.437
307.51	0.436
307.72	0.434
307.94	0.432
308.15	0.430
308.37	0.429
308.58	0.427
308.79	0.426
309.01	0.425
309.22	0.424
309.43	0.423
309.65	0.421
309.86	0.420
310.07	0.419
310.29	0.418
310.50	0.417
310.72	0.417
310.93	0.415
311.14	0.414
311.36	0.413
311.57	0.411
311.78	0.410
312.00	0.409
312.21	0.407
312.42	0.406
312.64	0.405
312.85	0.404
313.07	0.403
313.28	0.401
313.49	0.400
313.71	0.399
313.92	0.398
314.13	0.397
314.35	0.396
314.56	0.394
314.77	0.394
314.99	0.392
315.20	0.391
315.41	0.390
315.63	0.389
315.84	0.388
316.05	0.387
316.27	0.386
316.48	0.385
316.69	0.384
316.91	0.383
317.12	0.382
317.33	0.381
317.55	0.380
317.76	0.379
317.97	0.377
318.19	0.376
318.40	0.375
318.61	0.374
318.83	0.373
319.04	0.372
319.25	0.371
319.47	0.370
319.68	0.368
319.89	0.368
320.10	0.367
320.32	0.366
320.53	0.365
320.74	0.364
320.96	0.363
321.17	0.362
321.38	0.362
321.60	0.361
321.81	0.359
322.02	0.359
322.24	0.357
322.45	0.356
322.66	0.354
322.87	0.354
323.09	0.353
323.30	0.351
323.51	0.350
323.73	0.349
323.94	0.348
324.15	0.347
324.36	0.347
324.58	0.346
324.79	0.345
325.00	0.344
325.22	0.343
325.43	0.343
325.64	0.342
325.85	0.341
326.07	0.340
326.28	0.340
326.49	0.339
326.71	0.338
326.92	0.337
327.13	0.336
327.34	0.335
327.56	0.335
327.77	0.334
327.98	0.333
328.19	0.332
328.41	0.331
328.62	0.330
328.83	0.329
329.04	0.329
329.26	0.328
329.47	0.327
329.68	0.326
329.90	0.325
330.11	0.324
330.32	0.323
330.53	0.322
330.75	0.321
330.96	0.319
331.17	0.318
331.38	0.318
331.60	0.317
331.81	0.316
332.02	0.315
332.23	0.314
332.44	0.314
332.66	0.314
332.87	0.314
333.08	0.313
333.29	0.312
333.51	0.312
333.72	0.311
333.93	0.311
334.14	0.310
334.36	0.309
334.57	0.308
334.78	0.306
334.99	0.305
335.21	0.305
335.42	0.304
335.63	0.303
335.84	0.302
336.05	0.301
336.27	0.301
336.48	0.300
336.69	0.300
336.90	0.300
337.11	0.299
337.33	0.299
337.54	0.297
337.75	0.296
337.96	0.296
338.18	0.295
338.39	0.294
338.60	0.292
338.81	0.292
339.02	0.291
339.24	0.290
339.45	0.290
339.66	0.289
339.87	0.288
340.08	0.287
340.30	0.287
340.51	0.286
340.72	0.285
340.93	0.284
341.14	0.284
341.36	0.283
341.57	0.283
341.78	0.282
341.99	0.282
342.20	0.281
342.41	0.281
342.63	0.281
342.84	0.281
343.05	0.280
343.26	0.279
343.47	0.278
343.69	0.278
343.90	0.277
344.11	0.276
344.32	0.275
344.53	0.275
344.74	0.274
344.96	0.274
345.17	0.273
345.38	0.272
345.59	0.271
345.80	0.271
346.01	0.270
346.23	0.269
346.44	0.269
346.65	0.268
346.86	0.267
347.07	0.267
347.28	0.266
347.50	0.266
347.71	0.265
347.92	0.265
348.13	0.264
348.34	0.263
348.55	0.263
348.76	0.262
348.98	0.261
349.19	0.261
349.40	0.260
349.61	0.259
349.82	0.258
350.03	0.258
350.24	0.257
350.46	0.257
350.67	0.256
350.88	0.255
351.09	0.254
351.30	0.254
351.51	0.253
351.72	0.252
351.93	0.251
352.15	0.251
352.36	0.250
352.57	0.249
352.78	0.248
352.99	0.248
353.20	0.246
353.41	0.246
353.62	0.245
353.84	0.245
354.05	0.244
354.26	0.244
354.47	0.243
354.68	0.243
354.89	0.242
355.10	0.242
355.31	0.242
355.52	0.241
355.74	0.240
355.95	0.240
356.16	0.240
356.37	0.239
356.58	0.239
356.79	0.239
357.00	0.238
357.21	0.238
357.42	0.238
357.63	0.237
357.85	0.236
358.06	0.236
358.27	0.235
358.48	0.235
358.69	0.234
358.90	0.233
359.11	0.233
359.32	0.232
359.53	0.231
359.74	0.231
359.95	0.231
360.17	0.230
360.38	0.229
360.59	0.229
360.80	0.228
361.01	0.227
361.22	0.226
361.43	0.226
361.64	0.225
361.85	0.225
362.06	0.225
362.27	0.224
362.48	0.224
362.69	0.223
362.90	0.223
363.12	0.223
363.33	0.222
363.54	0.221
363.75	0.219
363.96	0.218
364.17	0.218
364.38	0.217
364.59	0.217
364.80	0.217
365.01	0.217
365.22	0.216
365.43	0.216
365.64	0.216
365.85	0.216
366.06	0.215
366.27	0.215
366.48	0.214
366.69	0.214
366.90	0.213
367.11	0.213
367.32	0.213
367.54	0.212
367.75	0.212
367.96	0.211
368.17	0.211
368.38	0.210
368.59	0.210
368.80	0.209
369.01	0.209
369.22	0.208
369.43	0.207
369.64	0.207
369.85	0.206
370.06	0.206
370.27	0.206
370.48	0.205
370.69	0.205
370.90	0.204
371.11	0.204
371.32	0.204
371.53	0.203
371.74	0.203
371.95	0.202
372.16	0.202
372.37	0.202
372.58	0.201
372.79	0.201
373.00	0.200
373.21	0.200
373.42	0.200
373.63	0.200
373.84	0.199
374.05	0.198
374.26	0.198
374.47	0.197
374.68	0.197
374.89	0.197
375.10	0.196
375.31	0.196
375.52	0.195
375.73	0.195
375.94	0.195
376.15	0.194
376.36	0.194
376.57	0.194
376.78	0.194
376.99	0.193
377.20	0.193
377.41	0.192
377.62	0.192
377.83	0.192
378.04	0.192
378.25	0.191
378.46	0.190
378.67	0.189
378.88	0.189
379.09	0.188
379.30	0.189
379.51	0.188
379.72	0.187
379.92	0.186
380.13	0.186
380.34	0.186
380.55	0.186
380.76	0.186
380.97	0.186
381.18	0.185
381.39	0.185
381.60	0.185
381.81	0.185
382.02	0.184
382.23	0.184
382.44	0.184
382.65	0.183
382.86	0.183
383.07	0.182
383.28	0.181
383.49	0.182
383.70	0.181
383.91	0.182
384.11	0.181
384.32	0.181
384.53	0.181
384.74	0.181
384.95	0.180
385.16	0.180
385.37	0.180
385.58	0.179
385.79	0.179
386.00	0.178
386.21	0.178
386.42	0.178
386.63	0.177
386.84	0.177
387.04	0.177
387.25	0.176
387.46	0.176
387.67	0.176
387.88	0.176
388.09	0.176
388.30	0.175
388.51	0.175
388.72	0.175
388.93	0.174
389.14	0.174
389.34	0.174
389.55	0.173
389.76	0.173
389.97	0.172
390.18	0.172
390.39	0.172
390.60	0.171
390.81	0.171
391.02	0.171
391.23	0.171
391.43	0.171
391.64	0.170
391.85	0.170
392.06	0.170
392.27	0.169
392.48	0.169
392.69	0.168
392.90	0.168
393.11	0.168
393.31	0.167
393.52	0.167
393.73	0.167
393.94	0.166
394.15	0.167
394.36	0.167
394.57	0.167
394.78	0.166
394.98	0.166
395.19	0.166
395.40	0.166
395.61	0.166
395.82	0.166
396.03	0.165
396.24	0.165
396.44	0.165
396.65	0.164
396.86	0.164
397.07	0.164
397.28	0.164
397.49	0.164
397.70	0.164
397.90	0.163
398.11	0.163
398.32	0.163
398.53	0.162
398.74	0.162
398.95	0.161
399.16	0.161
399.36	0.160
399.57	0.159
399.78	0.159
399.99	0.159
400.20	0.159
400.41	0.159
400.61	0.159
400.82	0.159
401.03	0.159
401.24	0.159
401.45	0.160
401.66	0.159
401.86	0.159
402.07	0.159
402.28	0.160
402.49	0.159
402.70	0.160
402.91	0.159
403.11	0.158
403.32	0.158
403.53	0.158
403.74	0.158
403.95	0.157
404.15	0.156
404.36	0.156
404.57	0.156
404.78	0.155
404.99	0.155
405.20	0.155
405.40	0.154
405.61	0.154
405.82	0.154
406.03	0.154
406.24	0.154
406.44	0.155
406.65	0.155
406.86	0.155
407.07	0.154
407.28	0.154
407.48	0.154
407.69	0.154
407.90	0.153
408.11	0.153
408.32	0.153
408.52	0.153
408.73	0.153
408.94	0.153
409.15	0.153
409.35	0.152
409.56	0.152
409.77	0.151
409.98	0.151
410.19	0.151
410.39	0.151
410.60	0.150
410.81	0.150
411.02	0.150
411.22	0.150
411.43	0.150
411.64	0.150
411.85	0.149
412.05	0.149
412.26	0.150
412.47	0.150
412.68	0.149
412.89	0.149
413.09	0.149
413.30	0.148
413.51	0.149
413.72	0.148
413.92	0.148
414.13	0.148
414.34	0.148
414.55	0.148
414.75	0.148
414.96	0.148
415.17	0.149
415.38	0.149
415.58	0.148
415.79	0.149
416.00	0.148
416.21	0.148
416.41	0.148
416.62	0.147
416.83	0.147
417.03	0.146
417.24	0.146
417.45	0.146
417.66	0.146
417.86	0.146
418.07	0.145
418.28	0.145
418.49	0.144
418.69	0.144
418.90	0.145
419.11	0.144
419.31	0.144
419.52	0.144
419.73	0.144
419.94	0.144
420.14	0.144
420.35	0.144
420.56	0.144
420.76	0.144
420.97	0.143
421.18	0.143
421.39	0.143
421.59	0.143
421.80	0.143
422.01	0.143
422.21	0.143
422.42	0.143
422.63	0.143
422.84	0.143
423.04	0.143
423.25	0.143
423.46	0.143
423.66	0.143
423.87	0.143
424.08	0.142
424.28	0.142
424.49	0.142
424.70	0.142
424.90	0.142
425.11	0.142
425.32	0.142
425.52	0.141
425.73	0.141
425.94	0.141
426.15	0.141
426.35	0.141
426.56	0.141
426.77	0.141
426.97	0.140
427.18	0.140
427.39	0.140
427.59	0.140
427.80	0.140
428.01	0.140
428.21	0.140
428.42	0.139
428.63	0.139
428.83	0.140
429.04	0.140
429.25	0.140
429.45	0.139
429.66	0.139
429.87	0.139
430.07	0.139
430.28	0.139
430.48	0.138
430.69	0.138
430.90	0.138
431.10	0.138
431.31	0.138
431.52	0.138
431.72	0.138
431.93	0.137
432.14	0.137
432.34	0.137
432.55	0.137
432.76	0.136
432.96	0.136
433.17	0.136
433.37	0.135
433.58	0.135
433.79	0.135
433.99	0.135
434.20	0.135
434.41	0.135
434.61	0.134
434.82	0.135
435.02	0.135
435.23	0.134
435.44	0.135
435.64	0.135
435.85	0.135
436.06	0.134
436.26	0.134
436.47	0.134
436.67	0.134
436.88	0.134
437.09	0.134
437.29	0.133
437.50	0.133
437.70	0.134
437.91	0.134
438.12	0.133
438.32	0.133
438.53	0.134
438.73	0.134
438.94	0.134
439.15	0.134
439.35	0.133
439.56	0.132
439.76	0.132
439.97	0.133
440.18	0.133
440.38	0.133
440.59	0.132
440.79	0.132
441.00	0.132
441.20	0.133
441.41	0.133
441.62	0.133
441.82	0.132
442.03	0.132
442.23	0.132
442.44	0.131
442.65	0.131
442.85	0.131
443.06	0.131
443.26	0.132
443.47	0.131
443.67	0.131
443.88	0.131
444.09	0.131
444.29	0.131
444.50	0.131
444.70	0.131
444.91	0.131
445.11	0.130
445.32	0.131
445.52	0.130
445.73	0.130
445.94	0.130
446.14	0.130
446.35	0.130
446.55	0.130
446.76	0.130
446.96	0.129
447.17	0.129
447.37	0.129
447.58	0.129
447.78	0.129
447.99	0.129
448.20	0.128
448.40	0.128
448.61	0.128
448.81	0.128
449.02	0.128
449.22	0.129
449.43	0.129
449.63	0.129
449.84	0.129
450.04	0.129
450.25	0.129
450.45	0.129
450.66	0.129
450.86	0.128
451.07	0.127
451.27	0.127
451.48	0.126
451.68	0.125
451.89	0.125
452.09	0.126
452.30	0.125
452.50	0.125
452.71	0.126
452.91	0.127
453.12	0.127
453.33	0.127
453.53	0.127
453.74	0.127
453.94	0.127
454.15	0.127
454.35	0.127
454.56	0.126
454.76	0.125
454.96	0.126
455.17	0.126
455.37	0.126
455.58	0.126
455.78	0.125
455.99	0.124
456.19	0.125
456.40	0.124
456.60	0.125
456.81	0.125
457.01	0.124
457.22	0.124
457.42	0.124
457.63	0.125
457.83	0.124
458.04	0.124
458.24	0.125
458.45	0.125
458.65	0.124
458.86	0.125
459.06	0.124
459.27	0.124
459.47	0.124
459.67	0.125
459.88	0.125
460.08	0.125
460.29	0.125
460.49	0.124
460.70	0.123
460.90	0.124
461.11	0.124
461.31	0.123
461.52	0.123
461.72	0.123
461.92	0.122
462.13	0.123
462.33	0.123
462.54	0.123
462.74	0.123
462.95	0.123
463.15	0.123
463.36	0.123
463.56	0.123
463.76	0.123
463.97	0.123
464.17	0.124
464.38	0.124
464.58	0.124
464.79	0.124
464.99	0.124
465.19	0.124
465.40	0.123
465.60	0.123
465.81	0.123
466.01	0.122
466.22	0.122
466.42	0.122
466.62	0.122
466.83	0.121
467.03	0.121
467.24	0.121
467.44	0.121
467.65	0.120
467.85	0.120
468.05	0.120
468.26	0.120
468.46	0.120
468.67	0.120
468.87	0.120
469.07	0.120
469.28	0.120
469.48	0.120
469.69	0.120
469.89	0.120
470.09	0.121
470.30	0.121
470.50	0.121
470.71	0.121
470.91	0.121
471.11	0.121
471.32	0.122
471.52	0.121
471.72	0.121
471.93	0.121
472.13	0.120
472.34	0.120
472.54	0.119
472.74	0.119
472.95	0.119
473.15	0.118
473.35	0.118
473.56	0.118
473.76	0.118
473.97	0.119
474.17	0.119
474.37	0.118
474.58	0.118
474.78	0.118
474.98	0.118
475.19	0.118
475.39	0.118
475.60	0.119
475.80	0.119
476.00	0.119
476.21	0.118
476.41	0.118
476.61	0.119
476.82	0.119
477.02	0.119
477.22	0.119
477.43	0.118
477.63	0.118
477.83	0.118
478.04	0.118
478.24	0.118
478.44	0.118
478.65	0.118
478.85	0.118
479.05	0.118
479.26	0.118
479.46	0.118
479.66	0.118
479.87	0.119
480.07	0.119
480.27	0.118
480.48	0.118
480.68	0.118
480.88	0.117
481.09	0.117
481.29	0.117
481.49	0.117
481.70	0.117
481.90	0.116
482.10	0.116
482.31	0.116
482.51	0.116
482.71	0.116
482.92	0.116
483.12	0.117
483.32	0.117
483.52	0.117
483.73	0.117
483.93	0.117
484.13	0.117
484.34	0.117
484.54	0.117
484.74	0.116
484.95	0.116
485.15	0.116
485.35	0.115
485.55	0.115
485.76	0.115
485.96	0.115
486.16	0.115
486.37	0.115
486.57	0.114
486.77	0.114
486.97	0.114
487.18	0.114
487.38	0.113
487.58	0.113
487.79	0.113
487.99	0.113
488.19	0.113
488.39	0.113
488.60	0.113
488.80	0.113
489.00	0.114
489.20	0.114
489.41	0.114
489.61	0.114
489.81	0.114
490.02	0.114
490.22	0.114
490.42	0.114
490.62	0.114
490.83	0.113
491.03	0.113
491.23	0.113
491.43	0.113
491.64	0.113
491.84	0.113
492.04	0.113
492.24	0.113
492.45	0.112
492.65	0.113
492.85	0.113
493.05	0.113
493.26	0.113
493.46	0.113
493.66	0.113
493.86	0.113
494.07	0.113
494.27	0.114
494.47	0.113
494.67	0.113
494.87	0.113
495.08	0.113
495.28	0.113
495.48	0.112
495.68	0.112
495.89	0.113
496.09	0.112
496.29	0.113
496.49	0.113
496.69	0.112
496.90	0.112
497.10	0.112
497.30	0.112
497.50	0.112
497.71	0.112
497.91	0.112
498.11	0.111
498.31	0.111
498.51	0.111
498.72	0.111
498.92	0.111
499.12	0.111
499.32	0.111
499.52	0.112
499.73	0.112
499.93	0.111
500.13	0.111
500.33	0.111
500.53	0.112
500.74	0.112
500.94	0.112
501.14	0.112
501.34	0.112
501.54	0.112
501.74	0.112
501.95	0.112
502.15	0.111
502.35	0.111
502.55	0.111
502.75	0.110
502.96	0.109
503.16	0.110
503.36	0.110
503.56	0.110
503.76	0.110
503.96	0.111
504.17	0.111
504.37	0.110
504.57	0.111
504.77	0.110
504.97	0.110
505.17	0.110
505.38	0.109
505.58	0.109
505.78	0.109
505.98	0.109
506.18	0.109
506.38	0.108
506.58	0.109
506.79	0.109
506.99	0.109
507.19	0.109
507.39	0.109
507.59	0.109
507.79	0.109
507.99	0.109
508.20	0.109
508.40	0.109
508.60	0.108
508.80	0.109
509.00	0.110
509.20	0.110
509.40	0.109
509.61	0.108
509.81	0.109
510.01	0.109
510.21	0.109
510.41	0.109
510.61	0.108
510.81	0.108
511.01	0.108
511.22	0.109
511.42	0.108
511.62	0.108
511.82	0.108
512.02	0.108
512.22	0.108
512.42	0.109
512.62	0.109
512.82	0.109
513.03	0.109
513.23	0.109
513.43	0.108
513.63	0.108
513.83	0.108
514.03	0.107
514.23	0.106
514.43	0.106
514.63	0.106
514.83	0.107
515.04	0.107
515.24	0.107
515.44	0.108
515.64	0.108
515.84	0.108
516.04	0.108
516.24	0.109
516.44	0.108
516.64	0.108
516.84	0.108
517.04	0.108
517.24	0.108
517.45	0.108
517.65	0.107
517.85	0.107
518.05	0.107
518.25	0.106
518.45	0.106
518.65	0.106
518.85	0.106
519.05	0.106
519.25	0.106
519.45	0.105
519.65	0.105
519.85	0.105
520.05	0.105
520.25	0.105
520.46	0.105
520.66	0.105
520.86	0.106
521.06	0.106
521.26	0.106
521.46	0.106
521.66	0.106
521.86	0.106
522.06	0.106
522.26	0.106
522.46	0.106
522.66	0.106
522.86	0.106
523.06	0.106
523.26	0.106
523.46	0.105
523.66	0.105
523.86	0.105
524.06	0.104
524.26	0.104
524.46	0.104
524.66	0.104
524.86	0.104
525.06	0.104
525.26	0.105
525.46	0.104
525.66	0.104
525.87	0.104
526.07	0.105
526.27	0.104
526.47	0.104
526.67	0.104
526.87	0.104
527.07	0.103
527.27	0.103
527.47	0.104
527.67	0.104
527.87	0.104
528.07	0.104
528.27	0.104
528.47	0.105
528.67	0.104
528.87	0.104
529.07	0.105
529.27	0.104
529.47	0.104
529.67	0.104
529.87	0.104
530.07	0.104
530.27	0.104
530.47	0.104
530.67	0.103
530.87	0.103
531.06	0.104
531.26	0.104
531.46	0.104
531.66	0.103
531.86	0.104
532.06	0.104
532.26	0.104
532.46	0.104
532.66	0.104
532.86	0.104
533.06	0.103
533.26	0.104
533.46	0.104
533.66	0.104
533.86	0.103
534.06	0.104
534.26	0.104
534.46	0.103
534.66	0.103
534.86	0.103
535.06	0.102
535.26	0.102
535.46	0.101
535.66	0.102
535.86	0.101
536.06	0.101
536.26	0.102
536.45	0.102
536.65	0.102
536.85	0.102
537.05	0.103
537.25	0.103
537.45	0.103
537.65	0.104
537.85	0.103
538.05	0.102
538.25	0.102
538.45	0.102
538.65	0.102
538.85	0.102
539.05	0.101
539.25	0.101
539.44	0.100
539.64	0.101
539.84	0.101
540.04	0.101
540.24	0.101
540.44	0.101
540.64	0.100
540.84	0.101
541.04	0.101
541.24	0.101
541.44	0.101
541.64	0.101
541.83	0.101
542.03	0.101
542.23	0.101
542.43	0.102
542.63	0.101
542.83	0.101
543.03	0.101
543.23	0.101
543.43	0.101
543.63	0.101
543.82	0.101
544.02	0.101
544.22	0.101
544.42	0.101
544.62	0.101
544.82	0.100
545.02	0.101
545.22	0.101
545.42	0.100
545.61	0.101
545.81	0.100
546.01	0.100
546.21	0.101
546.41	0.101
546.61	0.101
546.81	0.101
547.01	0.101
547.20	0.101
547.40	0.100
547.60	0.101
547.80	0.100
548.00	0.101
548.20	0.101
548.40	0.100
548.59	0.100
548.79	0.100
548.99	0.100
549.19	0.101
549.39	0.101
549.59	0.101
549.79	0.099
549.98	0.099
550.18	0.099
550.38	0.099
550.58	0.099
550.78	0.100
550.98	0.099
551.17	0.099
551.37	0.100
551.57	0.100
551.77	0.099
551.97	0.099
552.17	0.100
552.36	0.099
552.56	0.099
552.76	0.099
552.96	0.099
553.16	0.099
553.36	0.099
553.55	0.099
553.75	0.099
553.95	0.099
554.15	0.099
554.35	0.099
554.55	0.099
554.74	0.098
554.94	0.099
555.14	0.099
555.34	0.098
555.54	0.098
555.73	0.098
555.93	0.098
556.13	0.098
556.33	0.098
556.53	0.099
556.72	0.098
556.92	0.099
557.12	0.099
557.32	0.099
557.52	0.099
557.71	0.100
557.91	0.099
558.11	0.099
558.31	0.099
558.51	0.099
558.70	0.099
558.90	0.098
559.10	0.098
559.30	0.099
559.49	0.098
559.69	0.099
559.89	0.099
560.09	0.099
560.29	0.099
560.48	0.100
560.68	0.100
560.88	0.099
561.08	0.098
561.27	0.098
561.47	0.098
561.67	0.097
561.87	0.097
562.06	0.097
562.26	0.097
562.46	0.097
562.66	0.097
562.86	0.098
563.05	0.098
563.25	0.098
563.45	0.098
563.65	0.098
563.84	0.098
564.04	0.098
564.24	0.098
564.44	0.098
564.63	0.098
564.83	0.098
565.03	0.098
565.22	0.097
565.42	0.097
565.62	0.097
565.82	0.098
566.01	0.098
566.21	0.098
566.41	0.098
566.61	0.099
566.80	0.099
567.00	0.099
567.20	0.099
567.40	0.099
567.59	0.098
567.79	0.098
567.99	0.098
568.18	0.098
568.38	0.098
568.58	0.098
568.78	0.098
568.97	0.098
569.17	0.098
569.37	0.098
569.56	0.098
569.76	0.099
569.96	0.099
570.16	0.098
570.35	0.099
570.55	0.098
570.75	0.098
570.94	0.097
571.14	0.097
571.34	0.096
571.53	0.096
571.73	0.096
571.93	0.096
572.12	0.096
572.32	0.096
572.52	0.096
572.72	0.096
572.91	0.096
573.11	0.097
573.31	0.097
573.50	0.096
573.70	0.096
573.90	0.095
574.09	0.095
574.29	0.095
574.49	0.095
574.68	0.095
574.88	0.096
575.08	0.096
575.27	0.096
575.47	0.096
575.67	0.097
575.86	0.097
576.06	0.098
576.26	0.098
576.45	0.097
576.65	0.096
576.85	0.095
577.04	0.095
577.24	0.094
577.44	0.094
577.63	0.094
577.83	0.094
578.02	0.093
578.22	0.093
578.42	0.094
578.61	0.094
578.81	0.094
579.01	0.095
579.20	0.095
579.40	0.095
579.60	0.095
579.79	0.096
579.99	0.096
580.19	0.096
580.38	0.096
580.58	0.096
580.77	0.095
580.97	0.095
581.17	0.094
581.36	0.094
581.56	0.093
581.75	0.093
581.95	0.092
582.15	0.092
582.34	0.092
582.54	0.092
582.74	0.093
582.93	0.094
583.13	0.094
583.32	0.094
583.52	0.095
583.72	0.095
583.91	0.096
584.11	0.096
584.30	0.095
584.50	0.095
584.70	0.095
584.89	0.094
585.09	0.094
585.28	0.093
585.48	0.093
585.68	0.093
585.87	0.093
586.07	0.093
586.26	0.093
586.46	0.093
586.66	0.093
586.85	0.093
587.05	0.093
587.24	0.093
587.44	0.094
587.63	0.094
587.83	0.094
588.03	0.094
588.22	0.093
588.42	0.093
588.61	0.093
588.81	0.093
589.00	0.093
589.20	0.093
589.40	0.093
589.59	0.093
589.79	0.093
589.98	0.093
590.18	0.093
590.37	0.093
590.57	0.093
590.76	0.093
590.96	0.094
591.16	0.094
591.35	0.094
591.55	0.095
591.74	0.095
591.94	0.095
592.13	0.095
592.33	0.095
592.52	0.094
592.72	0.094
592.91	0.093
593.11	0.092
593.30	0.092
593.50	0.092
593.70	0.091
593.89	0.092
594.09	0.091
594.28	0.092
594.48	0.092
594.67	0.092
594.87	0.092
595.06	0.092
595.26	0.092
595.45	0.093
595.65	0.093
595.84	0.094
596.04	0.094
596.23	0.093
596.43	0.094
596.62	0.094
596.82	0.094
597.01	0.094
597.21	0.093
597.40	0.093
597.60	0.093
597.79	0.093
597.99	0.093
598.18	0.092
598.38	0.092
598.57	0.092
598.77	0.091
598.96	0.091
599.16	0.091
599.35	0.090
599.55	0.090
599.74	0.090
599.94	0.090
600.13	0.090
600.33	0.090
600.52	0.090
600.72	0.090
600.91	0.090
601.11	0.090
601.30	0.091
601.50	0.091
601.69	0.092
601.89	0.092
602.08	0.092
602.27	0.093
602.47	0.094
602.66	0.093
602.86	0.093
603.05	0.093
603.25	0.093
603.44	0.093
603.64	0.092
603.83	0.092
604.03	0.092
604.22	0.091
604.41	0.091
604.61	0.092
604.80	0.092
605.00	0.092
605.19	0.091
605.39	0.091
605.58	0.092
605.78	0.092
605.97	0.091
606.16	0.092
606.36	0.091
606.55	0.091
606.75	0.092
606.94	0.092
607.14	0.091
607.33	0.090
607.52	0.091
607.72	0.091
607.91	0.091
608.11	0.091
608.30	0.090
608.50	0.090
608.69	0.090
608.88	0.090
609.08	0.090
609.27	0.090
609.47	0.089
609.66	0.090
609.85	0.090
610.05	0.090
610.24	0.090
610.44	0.090
610.63	0.091
610.83	0.091
611.02	0.091
611.21	0.091
611.41	0.091
611.60	0.091
611.80	0.091
611.99	0.090
612.18	0.090
612.38	0.090
612.57	0.090
612.76	0.089
612.96	0.090
613.15	0.090
613.35	0.090
613.54	0.090
613.73	0.089
613.93	0.089
614.12	0.089
614.32	0.089
614.51	0.089
614.70	0.089
614.90	0.088
615.09	0.088
615.28	0.088
615.48	0.089
615.67	0.088
615.86	0.088
616.06	0.088
616.25	0.088
616.45	0.088
616.64	0.089
616.83	0.089
617.03	0.089
617.22	0.089
617.41	0.089
617.61	0.089
617.80	0.089
617.99	0.089
618.19	0.089
618.38	0.089
618.57	0.089
618.77	0.089
618.96	0.089
619.15	0.089
619.35	0.089
619.54	0.089
619.73	0.089
619.93	0.089
620.12	0.089
620.31	0.089
620.51	0.089
620.70	0.089
620.89	0.090
621.09	0.090
621.28	0.090
621.47	0.089
621.67	0.090
621.86	0.090
622.05	0.090
622.25	0.089
622.44	0.089
622.63	0.088
622.83	0.089
623.02	0.088
623.21	0.088
623.41	0.088
623.60	0.087
623.79	0.087
623.98	0.087
624.18	0.088
624.37	0.088
624.56	0.088
624.76	0.088
624.95	0.088
625.14	0.088
625.33	0.089
625.53	0.088
625.72	0.089
625.91	0.089
626.11	0.089
626.30	0.088
626.49	0.088
626.68	0.089
626.88	0.088
627.07	0.088
627.26	0.088
627.46	0.088
627.65	0.088
627.84	0.088
628.03	0.088
628.23	0.088
628.42	0.088
628.61	0.088
628.80	0.088
629.00	0.088
629.19	0.088
629.38	0.087
629.58	0.088
629.77	0.088
629.96	0.088
630.15	0.089
630.35	0.089
630.54	0.089
630.73	0.089
630.92	0.089
631.12	0.090
631.31	0.090
631.50	0.089
631.69	0.089
631.89	0.089
632.08	0.089
632.27	0.088
632.46	0.089
632.65	0.088
632.85	0.088
633.04	0.088
633.23	0.088
633.42	0.088
633.62	0.088
633.81	0.088
634.00	0.088
634.19	0.088
634.39	0.088
634.58	0.088
634.77	0.087
634.96	0.088
635.15	0.088
635.35	0.088
635.54	0.088
635.73	0.087
635.92	0.088
636.11	0.088
636.31	0.088
636.50	0.088
636.69	0.088
636.88	0.087
637.07	0.087
637.27	0.088
637.46	0.088
637.65	0.088
637.84	0.088
638.03	0.088
638.23	0.088
638.42	0.087
638.61	0.088
638.80	0.088
638.99	0.087
639.19	0.087
639.38	0.087
639.57	0.086
639.76	0.086
639.95	0.086
640.14	0.086
640.34	0.086
640.53	0.086
640.72	0.086
640.91	0.086
641.10	0.086
641.30	0.086
641.49	0.086
641.68	0.085
641.87	0.085
642.06	0.085
642.25	0.086
642.44	0.086
642.64	0.086
642.83	0.086
643.02	0.086
643.21	0.086
643.40	0.087
643.59	0.087
643.79	0.087
643.98	0.087
644.17	0.087
644.36	0.087
644.55	0.086
644.74	0.087
644.93	0.087
645.13	0.087
645.32	0.086
645.51	0.086
645.70	0.087
645.89	0.086
646.08	0.086
646.27	0.086
646.46	0.086
646.66	0.085
646.85	0.086
647.04	0.086
647.23	0.086
647.42	0.086
647.61	0.085
647.80	0.086
647.99	0.086
648.19	0.086
648.38	0.086
648.57	0.086
648.76	0.085
648.95	0.086
649.14	0.086
649.33	0.086
649.52	0.086
649.71	0.085
649.91	0.086
650.10	0.086
650.29	0.086
650.48	0.086
650.67	0.086
650.86	0.086
651.05	0.086
651.24	0.086
651.43	0.086
651.62	0.086
651.81	0.086
652.01	0.086
652.20	0.085
652.39	0.085
652.58	0.085
652.77	0.085
652.96	0.086
653.15	0.085
653.34	0.085
653.53	0.085
653.72	0.085
653.91	0.086
654.10	0.087
654.29	0.087
654.48	0.087
654.68	0.087
654.87	0.086
655.06	0.086
655.25	0.085
655.44	0.085
655.63	0.084
655.82	0.083
656.01	0.082
656.20	0.082
656.39	0.082
656.58	0.082
656.77	0.082
656.96	0.084
657.15	0.084
657.34	0.085
657.53	0.085
657.72	0.085
657.91	0.085
658.10	0.085
658.29	0.085
658.48	0.085
658.68	0.085
658.87	0.085
659.06	0.085
659.25	0.085
659.44	0.085
659.63	0.085
659.82	0.085
660.01	0.085
660.20	0.085
660.39	0.085
660.58	0.084
660.77	0.084
660.96	0.084
661.15	0.084
661.34	0.084
661.53	0.084
661.72	0.084
661.91	0.084
662.10	0.084
662.29	0.084
662.48	0.084
662.67	0.085
662.86	0.085
663.05	0.084
663.24	0.084
663.43	0.084
663.62	0.084
663.81	0.084
664.00	0.084
664.19	0.084
664.38	0.084
664.57	0.084
664.76	0.085
664.95	0.085
665.14	0.084
665.33	0.084
665.52	0.084
665.71	0.084
665.90	0.084
666.09	0.084
666.28	0.083
666.46	0.084
666.65	0.084
666.84	0.085
667.03	0.084
667.22	0.084
667.41	0.084
667.60	0.084
667.79	0.084
667.98	0.085
668.17	0.084
668.36	0.084
668.55	0.084
668.74	0.084
668.93	0.084
669.12	0.084
669.31	0.083
669.50	0.083
669.69	0.083
669.88	0.083
670.07	0.083
670.26	0.083
670.44	0.083
670.63	0.084
670.82	0.084
671.01	0.084
671.20	0.083
671.39	0.083
671.58	0.083
671.77	0.083
671.96	0.083
672.15	0.083
672.34	0.083
672.53	0.083
672.72	0.083
672.91	0.083
673.09	0.083
673.28	0.083
673.47	0.083
673.66	0.083
673.85	0.083
674.04	0.083
674.23	0.083
674.42	0.084
674.61	0.083
674.80	0.083
674.98	0.084
675.17	0.084
675.36	0.083
675.55	0.083
675.74	0.083
675.93	0.083
676.12	0.083
676.31	0.083
676.50	0.083
676.69	0.083
676.87	0.083
677.06	0.083
677.25	0.083
677.44	0.083
677.63	0.083
677.82	0.083
678.01	0.083
678.20	0.083
678.38	0.083
678.57	0.083
678.76	0.083
678.95	0.083
679.14	0.083
679.33	0.083
679.52	0.083
679.71	0.083
679.89	0.083
680.08	0.083
680.27	0.083
680.46	0.083
680.65	0.083
680.84	0.083
681.02	0.083
681.21	0.082
681.40	0.083
681.59	0.082
681.78	0.082
681.97	0.083
682.16	0.082
682.34	0.083
682.53	0.083
682.72	0.083
682.91	0.083
683.10	0.083
683.29	0.083
683.47	0.083
683.66	0.083
683.85	0.083
684.04	0.082
684.23	0.082
684.42	0.082
684.60	0.082
684.79	0.082
684.98	0.082
685.17	0.081
685.36	0.082
685.54	0.082
685.73	0.082
685.92	0.082
686.11	0.082
686.30	0.082
686.49	0.082
686.67	0.082
686.86	0.082
687.05	0.082
687.24	0.082
687.43	0.081
687.61	0.081
687.80	0.081
687.99	0.082
688.18	0.082
688.36	0.083
688.55	0.083
688.74	0.083
688.93	0.083
689.12	0.083
689.30	0.083
689.49	0.084
689.68	0.083
689.87	0.083
690.06	0.083
690.24	0.083
690.43	0.083
690.62	0.082
690.81	0.083
690.99	0.083
691.18	0.082
691.37	0.082
691.56	0.082
691.74	0.082
691.93	0.082
692.12	0.082
692.31	0.082
692.50	0.081
692.68	0.081
692.87	0.081
693.06	0.081
693.25	0.081
693.43	0.081
693.62	0.081
693.81	0.081
694.00	0.082
694.18	0.082
694.37	0.082
694.56	0.082
694.74	0.082
694.93	0.081
695.12	0.081
695.31	0.082
695.49	0.082
695.68	0.081
695.87	0.080
696.06	0.080
696.24	0.080
696.43	0.081
696.62	0.080
696.80	0.080
696.99	0.080
697.18	0.080
697.37	0.080
697.55	0.081
697.74	0.081
697.93	0.081
698.12	0.081
698.30	0.081
698.49	0.081
698.68	0.081
698.86	0.080
699.05	0.081
699.24	0.081
699.42	0.080
699.61	0.080
699.80	0.080
699.99	0.080
700.17	0.080
700.36	0.080
700.55	0.081
700.73	0.082
700.92	0.082
701.11	0.081
701.29	0.081
701.48	0.082
701.67	0.082
701.85	0.081
702.04	0.081
702.23	0.081
702.41	0.081
702.60	0.081
702.79	0.081
702.97	0.081
703.16	0.081
703.35	0.082
703.53	0.081
703.72	0.081
703.91	0.081
704.09	0.081
704.28	0.081
704.47	0.081
704.65	0.081
704.84	0.081
705.03	0.081
705.21	0.082
705.40	0.082
705.59	0.082
705.77	0.082
705.96	0.082
706.15	0.082
706.33	0.082
706.52	0.082
706.71	0.081
706.89	0.080
707.08	0.081
707.26	0.080
707.45	0.080
707.64	0.080
707.82	0.080
708.01	0.080
708.20	0.080
708.38	0.080
708.57	0.081
708.75	0.081
708.94	0.081
709.13	0.081
709.31	0.081
709.50	0.081
709.69	0.080
709.87	0.080
710.06	0.080
710.24	0.080
710.43	0.080
710.62	0.080
710.80	0.080
710.99	0.080
711.17	0.080
711.36	0.080
711.55	0.080
711.73	0.080
711.92	0.080
712.10	0.080
712.29	0.080
712.48	0.080
712.66	0.080
712.85	0.080
713.03	0.080
713.22	0.080
713.40	0.081
713.59	0.081
713.78	0.080
713.96	0.080
714.15	0.080
714.33	0.081
714.52	0.081
714.71	0.081
714.89	0.080
715.08	0.080
715.26	0.080
715.45	0.080
715.63	0.081
715.82	0.081
716.00	0.080
716.19	0.080
716.38	0.080
716.56	0.080
716.75	0.080
716.93	0.080
717.12	0.080
717.30	0.080
717.49	0.080
717.67	0.080
717.86	0.080
718.05	0.079
718.23	0.079
718.42	0.079
718.60	0.079
718.79	0.079
718.97	0.079
719.16	0.079
719.34	0.079
719.53	0.080
719.71	0.080
719.90	0.080
720.08	0.080
720.27	0.080
720.45	0.080
720.64	0.080
720.83	0.080
721.01	0.080
721.20	0.080
721.38	0.080
721.57	0.080
721.75	0.080
721.94	0.080
722.12	0.080
722.31	0.080
722.49	0.080
722.68	0.080
722.86	0.080
723.05	0.080
723.23	0.080
723.42	0.080
723.60	0.080
723.79	0.079
723.97	0.079
724.16	0.079
724.34	0.079
724.53	0.079
724.71	0.079
724.90	0.079
725.08	0.079
725.27	0.079
725.45	0.079
725.64	0.079
725.82	0.079
726.00	0.080
726.19	0.080
726.37	0.080
726.56	0.080
726.74	0.080
726.93	0.080
727.11	0.080
727.30	0.080
727.48	0.080
727.67	0.080
727.85	0.080
728.04	0.080
728.22	0.080
728.40	0.080
728.59	0.080
728.77	0.080
728.96	0.080
729.14	0.080
729.33	0.080
729.51	0.080
729.70	0.080
729.88	0.080
730.07	0.079
730.25	0.079
730.43	0.080
730.62	0.079
730.80	0.079
730.99	0.078
731.17	0.078
731.36	0.078
731.54	0.078
731.72	0.079
731.91	0.078
732.09	0.078
732.28	0.078
732.46	0.078
732.65	0.078
732.83	0.078
733.01	0.078
733.20	0.078
733.38	0.078
733.57	0.078
733.75	0.078
733.93	0.079
734.12	0.079
734.30	0.079
734.49	0.079
734.67	0.079
734.85	0.079
735.04	0.080
735.22	0.080
735.41	0.079
735.59	0.079
735.77	0.079
735.96	0.079
736.14	0.079
736.33	0.079
736.51	0.079
736.69	0.078
736.88	0.078
737.06	0.079
737.25	0.079
737.43	0.079
737.61	0.078
737.80	0.079
737.98	0.078
738.16	0.078
738.35	0.078
738.53	0.078
738.71	0.079
738.90	0.079
739.08	0.079
739.27	0.079
739.45	0.078
739.63	0.078
739.82	0.079
740.00	0.078
740.18	0.078
740.37	0.078
740.55	0.078
740.73	0.078
740.92	0.079
741.10	0.079
741.28	0.079
741.47	0.079
741.65	0.080
741.83	0.080
742.02	0.080
742.20	0.080
742.38	0.079
742.57	0.080
742.75	0.080
742.93	0.079
743.12	0.079
743.30	0.079
743.48	0.080
743.67	0.080
743.85	0.079
744.03	0.080
744.22	0.079
744.40	0.079
744.58	0.079
744.77	0.079
744.95	0.078
745.13	0.078
745.32	0.078
745.50	0.078
745.68	0.078
745.87	0.078
746.05	0.078
746.23	0.078
746.41	0.079
746.60	0.079
746.78	0.079
746.96	0.079
747.15	0.079
747.33	0.079
747.51	0.079
747.70	0.079
747.88	0.080
748.06	0.080
748.24	0.080
748.43	0.080
748.61	0.080
748.79	0.079
748.97	0.079
749.16	0.079
749.34	0.079
749.52	0.079
749.71	0.079
749.89	0.079
750.07	0.079
750.25	0.079
750.44	0.079
750.62	0.079
750.80	0.078
750.98	0.078
751.17	0.078
751.35	0.078
751.53	0.078
751.71	0.078
751.90	0.078
752.08	0.078
752.26	0.078
752.44	0.078
752.63	0.078
752.81	0.078
752.99	0.078
753.17	0.078
753.36	0.077
753.54	0.078
753.72	0.078
753.90	0.078
754.09	0.078
754.27	0.078
754.45	0.078
754.63	0.078
754.82	0.078
755.00	0.078
755.18	0.079
755.36	0.078
755.54	0.078
755.73	0.078
755.91	0.078
756.09	0.079
756.27	0.078
756.45	0.078
756.64	0.079
756.82	0.079
757.00	0.079
757.18	0.079
757.37	0.079
757.55	0.080
757.73	0.079
757.91	0.079
758.09	0.079
758.27	0.079
758.46	0.079
758.64	0.079
758.82	0.080
759.00	0.079
759.18	0.079
759.37	0.079
759.55	0.079
759.73	0.079
759.91	0.079
760.09	0.079
760.28	0.079
760.46	0.078
760.64	0.078
760.82	0.078
761.00	0.078
761.18	0.079
761.37	0.078
761.55	0.078
761.73	0.079
761.91	0.079
762.09	0.080
762.27	0.080
762.46	0.080
762.64	0.080
762.82	0.080
763.00	0.080
763.18	0.080
763.36	0.080
763.54	0.079
763.73	0.079
763.91	0.080
764.09	0.079
764.27	0.079
764.45	0.079
764.63	0.079
764.81	0.079
765.00	0.079
765.18	0.079
765.36	0.079
765.54	0.079
765.72	0.078
765.90	0.078
766.08	0.078
766.27	0.079
766.45	0.078
766.63	0.079
766.81	0.079
766.99	0.079
767.17	0.079
767.35	0.079
767.53	0.079
767.71	0.078
767.90	0.078
768.08	0.078
768.26	0.078
768.44	0.078
768.62	0.078
768.80	0.078
768.98	0.077
769.16	0.078
769.34	0.078
769.52	0.077
769.71	0.077
769.89	0.077
770.07	0.077
770.25	0.077
770.43	0.077
770.61	0.077
770.79	0.077
770.97	0.077
771.15	0.077
771.33	0.077
771.51	0.077
771.69	0.077
771.88	0.077
772.06	0.078
772.24	0.078
772.42	0.078
772.60	0.078
772.78	0.078
772.96	0.078
773.14	0.078
773.32	0.078
773.50	0.078
773.68	0.078
773.86	0.078
774.04	0.078
774.22	0.078
774.40	0.078
774.58	0.078
774.77	0.078
774.95	0.078
775.13	0.078
775.31	0.078
775.49	0.078
775.67	0.079
775.85	0.079
776.03	0.079
776.21	0.078
776.39	0.078
776.57	0.078
776.75	0.078
776.93	0.078
777.11	0.078
777.29	0.078
777.47	0.078
777.65	0.078
777.83	0.078
778.01	0.078
778.19	0.078
778.37	0.078
778.55	0.078
778.73	0.078
778.91	0.078
779.09	0.078
779.27	0.078
779.45	0.078
779.63	0.078
779.81	0.078
779.99	0.078
780.17	0.078
780.35	0.078
780.53	0.078
780.71	0.079
780.89	0.079
781.07	0.079
781.25	0.079
781.43	0.079
781.61	0.079
781.79	0.079
781.97	0.079
782.15	0.078
782.33	0.078
782.51	0.078
782.69	0.078
782.87	0.078
783.05	0.078
783.23	0.078
783.41	0.078
783.59	0.078
783.77	0.078
783.95	0.078
784.13	0.079
784.31	0.078
784.49	0.078
784.67	0.078
784.85	0.078
785.03	0.078
785.21	0.078
785.38	0.078
785.56	0.078
785.74	0.078
785.92	0.078
786.10	0.078
786.28	0.078
786.46	0.078
786.64	0.078
786.82	0.078
787.00	0.078
787.18	0.078
787.36	0.078
787.54	0.079
787.72	0.079
787.90	0.079
788.08	0.078
788.25	0.078
788.43	0.078
788.61	0.078
788.79	0.078
788.97	0.078
789.15	0.077
789.33	0.077
789.51	0.078
789.69	0.078
789.87	0.078
790.05	0.078
790.23	0.078
790.40	0.079
790.58	0.079
790.76	0.079
790.94	0.079
791.12	0.079
791.30	0.079
791.48	0.080
791.66	0.080
791.84	0.080
792.02	0.080
792.19	0.080
792.37	0.080
792.55	0.081
792.73	0.080
792.91	0.080
793.09	0.080
793.27	0.080
793.45	0.080
793.63	0.079
793.80	0.079
793.98	0.078
794.16	0.079
794.34	0.078
794.52	0.078
794.70	0.078
794.88	0.078
795.05	0.078
795.23	0.079
795.41	0.078
795.59	0.079
795.77	0.078
795.95	0.078
796.13	0.078
796.30	0.079
796.48	0.079
796.66	0.078
796.84	0.078
797.02	0.078
797.20	0.078
797.38	0.078
797.55	0.079
797.73	0.078
797.91	0.078
798.09	0.078
798.27	0.078
798.45	0.078
798.62	0.078
798.80	0.079
798.98	0.079
799.16	0.079
799.34	0.079
799.52	0.080
799.69	0.079
799.87	0.079
800.05	0.079
800.23	0.079
800.41	0.079
800.58	0.079
800.76	0.078
800.94	0.078
801.12	0.077
801.30	0.078
801.47	0.078
801.65	0.077
801.83	0.077
802.01	0.077
802.19	0.077
802.36	0.077
802.54	0.077
802.72	0.077
802.90	0.077
803.08	0.077
803.25	0.078
803.43	0.078
803.61	0.079
803.79	0.079
803.97	0.079
804.14	0.079
804.32	0.079
804.50	0.079
804.68	0.080
804.85	0.080
805.03	0.080
805.21	0.080
805.39	0.080
805.56	0.080
805.74	0.080
805.92	0.080
806.10	0.080
806.28	0.080
806.45	0.079
806.63	0.079
806.81	0.079
806.99	0.079
807.16	0.079
807.34	0.078
807.52	0.079
807.70	0.078
807.87	0.079
808.05	0.079
808.23	0.079
808.41	0.079
808.58	0.079
808.76	0.080
808.94	0.080
809.11	0.080
809.29	0.080
809.47	0.080
809.65	0.079
809.82	0.079
810.00	0.079
810.18	0.079
810.36	0.078
810.53	0.079
810.71	0.079
810.89	0.078
811.06	0.079
811.24	0.079
811.42	0.079
811.60	0.079
811.77	0.079
811.95	0.080
812.13	0.081
812.30	0.080
812.48	0.080
812.66	0.080
812.83	0.081
813.01	0.081
813.19	0.081
813.37	0.080
813.54	0.079
813.72	0.079
813.90	0.079
814.07	0.079
814.25	0.079
814.43	0.079
814.60	0.079
814.78	0.079
814.96	0.080
815.13	0.080
815.31	0.079
815.49	0.080
815.66	0.079
815.84	0.079
816.02	0.079
816.19	0.079
816.37	0.079
816.55	0.079
816.72	0.079
816.90	0.079
817.08	0.079
817.25	0.079
817.43	0.080
817.61	0.079
817.78	0.079
817.96	0.079
818.14	0.079
818.31	0.079
818.49	0.079
818.67	0.080
818.84	0.080
819.02	0.080
819.19	0.080
819.37	0.080
819.55	0.080
819.72	0.080
819.90	0.079
820.08	0.079
820.25	0.079
820.43	0.079
820.60	0.079
820.78	0.079
820.96	0.079
821.13	0.079
821.31	0.079
821.49	0.078
821.66	0.079
821.84	0.079
822.01	0.079
822.19	0.079
822.37	0.079
822.54	0.079
822.72	0.079
822.89	0.079
823.07	0.079
823.25	0.079
823.42	0.079
823.60	0.079
823.77	0.080
823.95	0.080
824.13	0.079
824.30	0.080
824.48	0.079
824.65	0.080
824.83	0.080
825.01	0.079
825.18	0.079
825.36	0.079
825.53	0.079
825.71	0.079
825.88	0.079
826.06	0.079
826.24	0.079
826.41	0.078
826.59	0.078
826.76	0.078
826.94	0.078
827.11	0.078
827.29	0.078
827.47	0.078
827.64	0.078
827.82	0.078
827.99	0.078
828.17	0.078
828.34	0.079
828.52	0.078
828.69	0.078
828.87	0.078
829.04	0.078
829.22	0.078
829.40	0.079
829.57	0.079
829.75	0.079
829.92	0.078
830.10	0.078
830.27	0.078
830.45	0.079
830.62	0.078
830.80	0.078
830.97	0.078
831.15	0.078
831.32	0.078
831.50	0.079
831.67	0.078
831.85	0.078
832.02	0.077
832.20	0.078
832.37	0.078
832.55	0.078
832.73	0.078
832.90	0.078
833.08	0.078
833.25	0.078
833.43	0.078
833.60	0.079
833.78	0.079
833.95	0.078
834.13	0.078
834.30	0.078
834.48	0.077
834.65	0.077
834.82	0.077
835.00	0.077
835.17	0.077
835.35	0.077
835.52	0.077
835.70	0.077
835.87	0.078
836.05	0.078
836.22	0.078
836.40	0.078
836.57	0.077
836.75	0.078
836.92	0.078
837.10	0.077
837.27	0.078
837.45	0.078
837.62	0.078
837.80	0.078
837.97	0.078
838.14	0.078
838.32	0.078
838.49	0.078
838.67	0.079
838.84	0.078
839.02	0.079
839.19	0.079
839.37	0.079
839.54	0.079
839.71	0.079
839.89	0.079
840.06	0.079
840.24	0.079
840.41	0.080
840.59	0.079
840.76	0.079
840.94	0.079
841.11	0.079
841.28	0.079
841.46	0.079
841.63	0.079
841.81	0.079
841.98	0.079
842.15	0.079
842.33	0.079
842.50	0.079
842.68	0.079
842.85	0.079
843.03	0.079
843.20	0.079
843.37	0.078
843.55	0.077
843.72	0.077
843.90	0.077
844.07	0.077
844.24	0.077
844.42	0.077
844.59	0.077
844.77	0.076
844.94	0.077
845.11	0.076
845.29	0.076
845.46	0.077
845.63	0.077
845.81	0.077
845.98	0.077
846.16	0.077
846.33	0.078
846.50	0.078
846.68	0.079
846.85	0.079
847.02	0.079
847.20	0.078
847.37	0.078
847.55	0.078
847.72	0.079
847.89	0.078
848.07	0.078
848.24	0.078
848.41	0.078
848.59	0.078
848.76	0.078
848.93	0.079
849.11	0.079
849.28	0.078
849.45	0.078
849.63	0.079
849.80	0.078
849.97	0.079
850.15	0.079
850.32	0.079
850.49	0.080
850.67	0.080
850.84	0.080
851.01	0.080
851.19	0.080
851.36	0.080
851.53	0.080
851.71	0.080
851.88	0.079
852.05	0.079
852.23	0.079
852.40	0.080
852.57	0.080
852.75	0.081
852.92	0.081
853.09	0.081
853.27	0.081
853.44	0.081
853.61	0.082
853.79	0.081
853.96	0.082
854.13	0.083
854.30	0.083
854.48	0.083
854.65	0.083
854.82	0.083
855.00	0.083
855.17	0.083
855.34	0.084
855.51	0.084
855.69	0.083
855.86	0.084
856.03	0.084
856.21	0.085
856.38	0.085
856.55	0.085
856.72	0.084
856.90	0.083
857.07	0.083
857.24	0.083
857.42	0.082
857.59	0.083
857.76	0.083
857.93	0.083
858.11	0.084
858.28	0.085
858.45	0.086
858.62	0.087
858.80	0.088
858.97	0.088
859.14	0.089
859.31	0.089
859.49	0.088
859.66	0.088
859.83	0.088
860.00	0.088
860.18	0.088
860.35	0.088
860.52	0.087
860.69	0.088
860.86	0.088
861.04	0.089
861.21	0.089
861.38	0.089
861.55	0.088
861.73	0.089
861.90	0.089
862.07	0.090
862.24	0.089
862.42	0.090
862.59	0.090
862.76	0.090
862.93	0.090
863.10	0.091
863.28	0.091
863.45	0.091
863.62	0.091
863.79	0.091
863.96	0.090
864.14	0.090
864.31	0.090
864.48	0.089
864.65	0.090
864.82	0.090
865.00	0.091
865.17	0.091
865.34	0.092
865.51	0.092
865.68	0.092
865.86	0.093
866.03	0.094
866.20	0.094
866.37	0.094
866.54	0.093
866.71	0.093
866.89	0.093
867.06	0.092
867.23	0.093
867.40	0.093
867.57	0.094
867.74	0.094
867.92	0.095
868.09	0.095
868.26	0.095
868.43	0.096
868.60	0.097
868.77	0.098
868.95	0.098
869.12	0.098
869.29	0.098
869.46	0.098
869.63	0.098
869.80	0.098
869.97	0.097
870.15	0.097
870.32	0.097
870.49	0.097
870.66	0.097
870.83	0.097
871.00	0.096
871.17	0.097
871.34	0.096
871.52	0.096
871.69	0.097
871.86	0.098
872.03	0.099
872.20	0.098
872.37	0.099
872.54	0.100
872.71	0.101
872.89	0.101
873.06	0.101
873.23	0.101
873.40	0.101
873.57	0.100
873.74	0.100
873.91	0.100
874.08	0.101
874.25	0.100
874.42	0.101
874.60	0.101
874.77	0.100
874.94	0.101
875.11	0.101
875.28	0.101
875.45	0.102
875.62	0.101
875.79	0.101
875.96	0.101
876.13	0.102
876.30	0.104
876.47	0.105
876.65	0.105
876.82	0.105
876.99	0.106
877.16	0.106
877.33	0.107
877.50	0.107
877.67	0.106
877.84	0.106
878.01	0.105
878.18	0.105
878.35	0.104
878.52	0.103
878.69	0.103
878.86	0.103
879.03	0.103
879.20	0.104
879.38	0.104
879.55	0.104
879.72	0.104
879.89	0.104
880.06	0.104
880.23	0.104
880.40	0.104
880.57	0.104
880.74	0.103
880.91	0.102
881.08	0.103
881.25	0.103
881.42	0.104
881.59	0.104
881.76	0.105
881.93	0.105
882.10	0.106
882.27	0.105
882.44	0.106
882.61	0.106
882.78	0.106
882.95	0.106
883.12	0.106
883.29	0.106
883.46	0.106
883.63	0.106
883.80	0.106
883.97	0.106
884.14	0.106
884.31	0.106
884.48	0.105
884.65	0.106
884.82	0.106
884.99	0.106
885.16	0.105
885.33	0.107
885.50	0.108
885.67	0.107
885.84	0.109
886.01	0.110
886.18	0.109
886.35	0.109
886.52	0.109
886.69	0.108
886.86	0.107
887.03	0.106
887.20	0.106
887.37	0.104
887.54	0.104
887.71	0.105
887.88	0.106
888.05	0.105
888.22	0.106
888.39	0.107
888.55	0.108
888.72	0.107
888.89	0.108
889.06	0.107
889.23	0.106
889.40	0.106
889.57	0.106
889.74	0.108
889.91	0.107
890.08	0.108
890.25	0.108
890.42	0.108
890.59	0.109
890.76	0.109
890.93	0.109
891.10	0.109
891.26	0.109
891.43	0.108
891.60	0.108
891.77	0.108
891.94	0.106
892.11	0.106
892.28	0.106
892.45	0.106
892.62	0.106
892.79	0.106
892.96	0.105
893.13	0.106
893.29	0.108
893.46	0.109
893.63	0.110
893.80	0.109
893.97	0.110
894.14	0.110
894.31	0.110
894.48	0.103
894.65	0.114
894.81	0.103
894.98	0.110
