177.34	-0.000
177.56	-0.000
177.78	-0.000
178.00	0.075
178.22	-0.000
178.44	-0.000
178.66	-0.000
178.89	-0.000
179.11	-0.000
179.33	-0.000
179.55	-0.000
179.77	-0.263
179.99	-0.173
180.21	0.411
180.43	0.222
180.65	-0.061
180.87	0.264
181.09	0.235
181.31	0.318
181.53	0.255
181.75	0.289
181.97	0.339
182.19	0.358
182.41	0.355
182.63	0.349
182.85	0.332
183.07	0.340
183.30	0.323
183.52	0.380
183.74	0.393
183.96	0.366
184.18	0.353
184.40	0.356
184.62	0.385
184.84	0.381
185.06	0.345
185.28	0.383
185.50	0.371
185.72	0.358
185.94	0.375
186.16	0.423
186.38	0.424
186.60	0.469
186.82	0.510
187.04	0.589
187.26	0.591
187.48	0.638
187.70	0.706
187.92	0.741
188.14	0.775
188.36	0.798
188.58	0.787
188.80	0.818
189.02	0.827
189.24	0.864
189.46	0.884
189.68	0.926
189.90	0.883
190.12	0.904
190.34	0.958
190.56	0.984
190.78	1.023
191.00	1.025
191.22	1.023
191.44	0.993
191.66	0.988
191.88	1.047
192.10	1.040
192.32	1.044
192.54	1.051
192.76	1.041
192.98	1.063
193.20	1.072
193.42	1.136
193.64	1.159
193.86	1.187
194.08	1.247
194.30	1.256
194.52	1.285
194.74	1.287
194.96	1.314
195.18	1.357
195.40	1.344
195.62	1.303
195.84	1.305
196.06	1.286
196.28	1.310
196.50	1.319
196.72	1.330
196.94	1.320
197.16	1.339
197.38	1.331
197.60	1.433
197.82	1.435
198.04	1.456
198.26	1.480
198.48	1.457
198.70	1.484
198.92	1.512
199.13	1.525
199.35	1.564
199.57	1.482
199.79	1.496
200.01	1.493
200.23	1.475
200.45	1.484
200.67	1.487
200.89	1.457
201.11	1.449
201.33	1.476
201.55	1.506
201.77	1.510
201.99	1.523
202.21	1.552
202.43	1.549
202.65	1.594
202.87	1.671
203.09	1.681
203.31	1.639
203.52	1.670
203.74	1.654
203.96	1.641
204.18	1.612
204.40	1.624
204.62	1.623
204.84	1.615
205.06	1.630
205.28	1.677
205.50	1.686
205.72	1.700
205.94	1.738
206.16	1.754
206.38	1.798
206.59	1.783
206.81	1.806
207.03	1.815
207.25	1.805
207.47	1.794
207.69	1.809
207.91	1.804
208.13	1.790
208.35	1.792
208.57	1.788
208.79	1.784
209.01	1.777
209.22	1.764
209.44	1.758
209.66	1.775
209.88	1.771
210.10	1.802
210.32	1.810
210.54	1.843
210.76	1.858
210.98	1.855
211.20	1.883
211.42	1.922
211.63	1.947
211.85	1.952
212.07	1.959
212.29	1.950
212.51	1.954
212.73	1.980
212.95	1.990
213.17	2.003
213.39	1.999
213.60	1.979
213.82	1.991
214.04	2.011
214.26	2.052
214.48	2.018
214.70	1.992
214.92	2.009
215.14	1.986
215.35	1.976
215.57	1.992
215.79	2.001
216.01	2.039
216.23	2.001
216.45	2.033
216.67	2.044
216.89	2.058
217.10	2.072
217.32	2.073
217.54	2.057
217.76	2.049
217.98	2.018
218.20	2.040
218.42	2.032
218.64	2.075
218.85	2.078
219.07	2.068
219.29	2.089
219.51	2.121
219.73	2.143
219.95	2.128
220.17	2.120
220.38	2.113
220.60	2.090
220.82	2.086
221.04	2.106
221.26	2.100
221.48	2.078
221.69	2.073
221.91	2.077
222.13	2.074
222.35	2.094
222.57	2.070
222.79	2.066
223.00	2.071
223.22	2.055
223.44	2.048
223.66	2.035
223.88	2.037
224.10	2.046
224.32	2.048
224.53	2.031
224.75	2.023
224.97	2.013
225.19	2.011
225.41	2.018
225.62	2.003
225.84	1.986
226.06	1.950
226.28	1.914
226.50	1.922
226.72	1.896
226.93	1.884
227.15	1.868
227.37	1.852
227.59	1.850
227.81	1.827
228.02	1.827
228.24	1.820
228.46	1.805
228.68	1.800
228.90	1.781
229.12	1.767
229.33	1.746
229.55	1.726
229.77	1.717
229.99	1.705
230.21	1.694
230.42	1.681
230.64	1.672
230.86	1.650
231.08	1.637
231.30	1.623
231.51	1.612
231.73	1.599
231.95	1.581
232.17	1.566
232.38	1.552
232.60	1.535
232.82	1.526
233.04	1.516
233.26	1.505
233.47	1.489
233.69	1.476
233.91	1.469
234.13	1.457
234.35	1.442
234.56	1.429
234.78	1.416
235.00	1.403
235.22	1.393
235.43	1.378
235.65	1.368
235.87	1.350
236.09	1.339
236.30	1.327
236.52	1.316
236.74	1.306
236.96	1.295
237.18	1.283
237.39	1.276
237.61	1.263
237.83	1.255
238.05	1.246
238.26	1.236
238.48	1.228
238.70	1.220
238.92	1.211
239.13	1.205
239.35	1.197
239.57	1.191
239.79	1.183
240.00	1.174
240.22	1.168
240.44	1.161
240.66	1.153
240.87	1.147
241.09	1.139
241.31	1.132
241.53	1.125
241.74	1.119
241.96	1.114
242.18	1.107
242.40	1.100
242.61	1.095
242.83	1.090
243.05	1.085
243.27	1.081
243.48	1.076
243.70	1.072
243.92	1.068
244.13	1.063
244.35	1.060
244.57	1.056
244.79	1.049
245.00	1.045
245.22	1.039
245.44	1.035
245.65	1.028
245.87	1.024
246.09	1.021
246.31	1.016
246.52	1.013
246.74	1.011
246.96	1.008
247.18	1.004
247.39	1.002
247.61	1.001
247.83	0.998
248.04	0.995
248.26	0.993
248.48	0.990
248.69	0.989
248.91	0.986
249.13	0.984
249.35	0.982
249.56	0.978
249.78	0.975
250.00	0.972
250.21	0.970
250.43	0.967
250.65	0.963
250.86	0.961
251.08	0.958
251.30	0.955
251.51	0.953
251.73	0.951
251.95	0.949
252.17	0.946
252.38	0.945
252.60	0.944
252.82	0.943
253.03	0.942
253.25	0.940
253.47	0.939
253.68	0.938
253.90	0.936
254.12	0.935
254.33	0.933
254.55	0.932
254.77	0.929
254.98	0.927
255.20	0.926
255.42	0.924
255.63	0.923
255.85	0.923
256.07	0.921
256.28	0.920
256.50	0.918
256.72	0.917
256.93	0.916
257.15	0.914
257.37	0.915
257.58	0.913
257.80	0.912
258.02	0.910
258.23	0.908
258.45	0.907
258.67	0.907
258.88	0.906
259.10	0.905
259.32	0.903
259.53	0.902
259.75	0.900
259.96	0.898
260.18	0.897
260.40	0.896
260.61	0.893
260.83	0.892
261.05	0.891
261.26	0.889
261.48	0.888
261.70	0.886
261.91	0.885
262.13	0.885
262.34	0.884
262.56	0.885
262.78	0.883
262.99	0.882
263.21	0.881
263.43	0.880
263.64	0.879
263.86	0.877
264.07	0.876
264.29	0.874
264.51	0.871
264.72	0.870
264.94	0.869
265.16	0.867
265.37	0.864
265.59	0.864
265.80	0.864
266.02	0.861
266.24	0.860
266.45	0.861
266.67	0.858
266.88	0.856
267.10	0.855
267.32	0.854
267.53	0.852
267.75	0.850
267.96	0.849
268.18	0.848
268.40	0.845
268.61	0.844
268.83	0.842
269.04	0.841
269.26	0.839
269.48	0.838
269.69	0.837
269.91	0.836
270.12	0.834
270.34	0.832
270.56	0.831
270.77	0.830
270.99	0.829
271.20	0.827
271.42	0.824
271.64	0.821
271.85	0.820
272.07	0.819
272.28	0.817
272.50	0.816
272.71	0.814
272.93	0.812
273.15	0.810
273.36	0.809
273.58	0.808
273.79	0.805
274.01	0.803
274.22	0.801
274.44	0.798
274.66	0.795
274.87	0.792
275.09	0.790
275.30	0.790
275.52	0.787
275.73	0.786
275.95	0.784
276.16	0.781
276.38	0.779
276.60	0.778
276.81	0.776
277.03	0.773
277.24	0.770
277.46	0.767
277.67	0.764
277.89	0.762
278.10	0.759
278.32	0.757
278.53	0.754
278.75	0.752
278.97	0.749
279.18	0.746
279.40	0.745
279.61	0.742
279.83	0.740
280.04	0.737
280.26	0.734
280.47	0.732
280.69	0.730
280.90	0.728
281.12	0.725
281.33	0.721
281.55	0.718
281.76	0.715
281.98	0.712
282.20	0.709
282.41	0.707
282.63	0.704
282.84	0.701
283.06	0.698
283.27	0.695
283.49	0.692
283.70	0.688
283.92	0.685
284.13	0.681
284.35	0.678
284.56	0.675
284.78	0.672
284.99	0.669
285.21	0.666
285.42	0.662
285.64	0.659
285.85	0.656
286.07	0.653
286.28	0.650
286.50	0.646
286.71	0.643
286.93	0.640
287.14	0.636
287.36	0.633
287.57	0.630
287.79	0.627
288.00	0.623
288.22	0.619
288.43	0.616
288.65	0.613
288.86	0.610
289.08	0.607
289.29	0.603
289.51	0.599
289.72	0.596
289.94	0.592
290.15	0.588
290.37	0.585
290.58	0.581
290.80	0.577
291.01	0.574
291.22	0.573
291.44	0.569
291.65	0.567
291.87	0.564
292.08	0.561
292.30	0.558
292.51	0.555
292.73	0.553
292.94	0.549
293.16	0.546
293.37	0.543
293.59	0.540
293.80	0.537
294.02	0.535
294.23	0.531
294.44	0.528
294.66	0.525
294.87	0.522
295.09	0.520
295.30	0.518
295.52	0.515
295.73	0.513
295.95	0.511
296.16	0.508
296.37	0.505
296.59	0.503
296.80	0.501
297.02	0.498
297.23	0.495
297.45	0.493
297.66	0.490
297.88	0.487
298.09	0.485
298.30	0.483
298.52	0.481
298.73	0.479
298.95	0.477
299.16	0.475
299.38	0.472
299.59	0.470
299.80	0.468
300.02	0.466
300.23	0.464
300.45	0.461
300.66	0.459
300.88	0.458
301.09	0.456
301.30	0.454
301.52	0.452
301.73	0.450
301.95	0.448
302.16	0.446
302.37	0.444
302.59	0.442
302.80	0.440
303.02	0.437
303.23	0.435
303.45	0.434
303.66	0.431
303.87	0.430
304.09	0.429
304.30	0.427
304.52	0.425
304.73	0.423
304.94	0.421
305.16	0.420
305.37	0.418
305.59	0.416
305.80	0.414
306.01	0.412
306.23	0.410
306.44	0.409
306.65	0.408
306.87	0.407
307.08	0.405
307.30	0.403
307.51	0.402
307.72	0.400
307.94	0.399
308.15	0.397
308.37	0.394
308.58	0.393
308.79	0.391
309.01	0.389
309.22	0.387
309.43	0.385
309.65	0.383
309.86	0.381
310.07	0.380
310.29	0.378
310.50	0.377
310.72	0.375
310.93	0.373
311.14	0.371
311.36	0.370
311.57	0.368
311.78	0.366
312.00	0.365
312.21	0.364
312.42	0.361
312.64	0.360
312.85	0.358
313.07	0.357
313.28	0.355
313.49	0.354
313.71	0.353
313.92	0.351
314.13	0.349
314.35	0.348
314.56	0.346
314.77	0.345
314.99	0.343
315.20	0.342
315.41	0.341
315.63	0.339
315.84	0.338
316.05	0.337
316.27	0.336
316.48	0.334
316.69	0.333
316.91	0.332
317.12	0.330
317.33	0.329
317.55	0.327
317.76	0.326
317.97	0.324
318.19	0.323
318.40	0.321
318.61	0.320
318.83	0.319
319.04	0.318
319.25	0.317
319.47	0.316
319.68	0.314
319.89	0.313
320.10	0.311
320.32	0.310
320.53	0.308
320.74	0.307
320.96	0.305
321.17	0.304
321.38	0.302
321.60	0.301
321.81	0.300
322.02	0.299
322.24	0.298
322.45	0.297
322.66	0.295
322.87	0.294
323.09	0.293
323.30	0.292
323.51	0.290
323.73	0.289
323.94	0.288
324.15	0.286
324.36	0.285
324.58	0.284
324.79	0.283
325.00	0.281
325.22	0.280
325.43	0.279
325.64	0.278
325.85	0.276
326.07	0.275
326.28	0.274
326.49	0.273
326.71	0.272
326.92	0.271
327.13	0.270
327.34	0.269
327.56	0.268
327.77	0.267
327.98	0.266
328.19	0.264
328.41	0.264
328.62	0.262
328.83	0.261
329.04	0.260
329.26	0.259
329.47	0.258
329.68	0.257
329.90	0.256
330.11	0.254
330.32	0.252
330.53	0.251
330.75	0.250
330.96	0.249
331.17	0.248
331.38	0.247
331.60	0.245
331.81	0.244
332.02	0.243
332.23	0.242
332.44	0.241
332.66	0.240
332.87	0.238
333.08	0.238
333.29	0.237
333.51	0.236
333.72	0.236
333.93	0.235
334.14	0.234
334.36	0.233
334.57	0.232
334.78	0.231
334.99	0.231
335.21	0.230
335.42	0.228
335.63	0.227
335.84	0.226
336.05	0.224
336.27	0.223
336.48	0.222
336.69	0.221
336.90	0.220
337.11	0.219
337.33	0.218
337.54	0.217
337.75	0.216
337.96	0.215
338.18	0.214
338.39	0.213
338.60	0.213
338.81	0.212
339.02	0.211
339.24	0.210
339.45	0.209
339.66	0.208
339.87	0.208
340.08	0.207
340.30	0.207
340.51	0.206
340.72	0.205
340.93	0.205
341.14	0.203
341.36	0.203
341.57	0.201
341.78	0.200
341.99	0.199
342.20	0.198
342.41	0.197
342.63	0.197
342.84	0.195
343.05	0.195
343.26	0.194
343.47	0.193
343.69	0.192
343.90	0.191
344.11	0.191
344.32	0.189
344.53	0.189
344.74	0.189
344.96	0.188
345.17	0.187
345.38	0.187
345.59	0.186
345.80	0.185
346.01	0.184
346.23	0.184
346.44	0.182
346.65	0.182
346.86	0.181
347.07	0.181
347.28	0.180
347.50	0.179
347.71	0.178
347.92	0.177
348.13	0.176
348.34	0.174
348.55	0.173
348.76	0.172
348.98	0.171
349.19	0.170
349.40	0.169
349.61	0.168
349.82	0.168
350.03	0.168
350.24	0.167
350.46	0.166
350.67	0.165
350.88	0.164
351.09	0.164
351.30	0.164
351.51	0.163
351.72	0.162
351.93	0.161
352.15	0.160
352.36	0.160
352.57	0.160
352.78	0.159
352.99	0.159
353.20	0.158
353.41	0.156
353.62	0.156
353.84	0.155
354.05	0.154
354.26	0.154
354.47	0.153
354.68	0.152
354.89	0.151
355.10	0.150
355.31	0.150
355.52	0.149
355.74	0.149
355.95	0.148
356.16	0.147
356.37	0.146
356.58	0.146
356.79	0.145
357.00	0.145
357.21	0.144
357.42	0.143
357.63	0.142
357.85	0.141
358.06	0.141
358.27	0.140
358.48	0.139
358.69	0.138
358.90	0.138
359.11	0.138
359.32	0.138
359.53	0.137
359.74	0.137
359.95	0.137
360.17	0.136
360.38	0.135
360.59	0.135
360.80	0.134
361.01	0.133
361.22	0.132
361.43	0.131
361.64	0.130
361.85	0.129
362.06	0.128
362.27	0.127
362.48	0.126
362.69	0.126
362.90	0.125
363.12	0.125
363.33	0.125
363.54	0.124
363.75	0.123
363.96	0.123
364.17	0.122
364.38	0.122
364.59	0.122
364.80	0.121
365.01	0.120
365.22	0.120
365.43	0.119
365.64	0.119
365.85	0.118
366.06	0.117
366.27	0.117
366.48	0.116
366.69	0.115
366.90	0.114
367.11	0.114
367.32	0.114
367.54	0.113
367.75	0.113
367.96	0.113
368.17	0.112
368.38	0.111
368.59	0.110
368.80	0.110
369.01	0.109
369.22	0.108
369.43	0.108
369.64	0.107
369.85	0.106
370.06	0.106
370.27	0.106
370.48	0.106
370.69	0.105
370.90	0.105
371.11	0.104
371.32	0.104
371.53	0.103
371.74	0.102
371.95	0.101
372.16	0.101
372.37	0.101
372.58	0.101
372.79	0.100
373.00	0.098
373.21	0.098
373.42	0.098
373.63	0.098
373.84	0.097
374.05	0.096
374.26	0.096
374.47	0.094
374.68	0.094
374.89	0.094
375.10	0.093
375.31	0.093
375.52	0.093
375.73	0.092
375.94	0.091
376.15	0.091
376.36	0.090
376.57	0.090
376.78	0.090
376.99	0.090
377.20	0.089
377.41	0.089
377.62	0.089
377.83	0.089
378.04	0.089
378.25	0.089
378.46	0.089
378.67	0.088
378.88	0.088
379.09	0.087
379.30	0.086
379.51	0.086
379.72	0.085
379.92	0.084
380.13	0.084
380.34	0.083
380.55	0.083
380.76	0.083
380.97	0.083
381.18	0.082
381.39	0.081
381.60	0.080
381.81	0.080
382.02	0.080
382.23	0.079
382.44	0.079
382.65	0.079
382.86	0.078
383.07	0.078
383.28	0.078
383.49	0.078
383.70	0.077
383.91	0.077
384.11	0.077
384.32	0.076
384.53	0.075
384.74	0.075
384.95	0.075
385.16	0.075
385.37	0.075
385.58	0.074
385.79	0.074
386.00	0.074
386.21	0.074
386.42	0.074
386.63	0.073
386.84	0.073
387.04	0.072
387.25	0.071
387.46	0.071
387.67	0.071
387.88	0.071
388.09	0.070
388.30	0.070
388.51	0.069
388.72	0.069
388.93	0.069
389.14	0.068
389.34	0.068
389.55	0.067
389.76	0.067
389.97	0.067
390.18	0.067
390.39	0.067
390.60	0.067
390.81	0.067
391.02	0.068
391.23	0.067
391.43	0.066
391.64	0.066
391.85	0.065
392.06	0.064
392.27	0.065
392.48	0.064
392.69	0.063
392.90	0.063
393.11	0.063
393.31	0.063
393.52	0.063
393.73	0.063
393.94	0.062
394.15	0.062
394.36	0.062
394.57	0.061
394.78	0.060
394.98	0.060
395.19	0.060
395.40	0.059
395.61	0.059
395.82	0.058
396.03	0.058
396.24	0.059
396.44	0.059
396.65	0.059
396.86	0.059
397.07	0.058
397.28	0.058
397.49	0.058
397.70	0.058
397.90	0.057
398.11	0.057
398.32	0.056
398.53	0.056
398.74	0.056
398.95	0.056
399.16	0.055
399.36	0.056
399.57	0.055
399.78	0.055
399.99	0.054
400.20	0.054
400.41	0.054
400.61	0.053
400.82	0.053
401.03	0.053
401.24	0.053
401.45	0.053
401.66	0.052
401.86	0.052
402.07	0.052
402.28	0.052
402.49	0.052
402.70	0.051
402.91	0.051
403.11	0.051
403.32	0.051
403.53	0.051
403.74	0.051
403.95	0.051
404.15	0.051
404.36	0.051
404.57	0.050
404.78	0.050
404.99	0.049
405.20	0.048
405.40	0.048
405.61	0.048
405.82	0.047
406.03	0.047
406.24	0.047
406.44	0.047
406.65	0.047
406.86	0.047
407.07	0.047
407.28	0.047
407.48	0.047
407.69	0.047
407.90	0.047
408.11	0.047
408.32	0.046
408.52	0.046
408.73	0.045
408.94	0.046
409.15	0.046
409.35	0.046
409.56	0.046
409.77	0.045
409.98	0.044
410.19	0.044
410.39	0.044
410.60	0.044
410.81	0.043
411.02	0.043
411.22	0.043
411.43	0.043
411.64	0.043
411.85	0.043
412.05	0.043
412.26	0.043
412.47	0.042
412.68	0.042
412.89	0.042
413.09	0.041
413.30	0.042
413.51	0.041
413.72	0.042
413.92	0.042
414.13	0.042
414.34	0.042
414.55	0.042
414.75	0.042
414.96	0.042
415.17	0.041
415.38	0.041
415.58	0.041
415.79	0.040
416.00	0.040
416.21	0.040
416.41	0.040
416.62	0.040
416.83	0.040
417.03	0.040
417.24	0.040
417.45	0.040
417.66	0.040
417.86	0.040
418.07	0.039
418.28	0.039
418.49	0.039
418.69	0.039
418.90	0.039
419.11	0.039
419.31	0.038
419.52	0.039
419.73	0.038
419.94	0.038
420.14	0.038
420.35	0.038
420.56	0.038
420.76	0.037
420.97	0.037
421.18	0.036
421.39	0.037
421.59	0.037
421.80	0.037
422.01	0.037
422.21	0.036
422.42	0.036
422.63	0.037
422.84	0.037
423.04	0.037
423.25	0.037
423.46	0.037
423.66	0.036
423.87	0.036
424.08	0.036
424.28	0.036
424.49	0.036
424.70	0.036
424.90	0.036
425.11	0.035
425.32	0.035
425.52	0.035
425.73	0.035
425.94	0.035
426.15	0.034
426.35	0.034
426.56	0.034
426.77	0.034
426.97	0.034
427.18	0.034
427.39	0.034
427.59	0.034
427.80	0.034
428.01	0.034
428.21	0.033
428.42	0.033
428.63	0.033
428.83	0.032
429.04	0.033
429.25	0.033
429.45	0.032
429.66	0.032
429.87	0.032
430.07	0.032
430.28	0.032
430.48	0.032
430.69	0.032
430.90	0.032
431.10	0.032
431.31	0.032
431.52	0.032
431.72	0.032
431.93	0.032
432.14	0.032
432.34	0.032
432.55	0.032
432.76	0.032
432.96	0.032
433.17	0.031
433.37	0.031
433.58	0.030
433.79	0.031
433.99	0.031
434.20	0.030
434.41	0.031
434.61	0.031
434.82	0.031
435.02	0.031
435.23	0.030
435.44	0.031
435.64	0.030
435.85	0.030
436.06	0.030
436.26	0.029
436.47	0.029
436.67	0.028
436.88	0.028
437.09	0.029
437.29	0.028
437.50	0.028
437.70	0.028
437.91	0.028
438.12	0.028
438.32	0.027
438.53	0.027
438.73	0.028
438.94	0.027
439.15	0.027
439.35	0.028
439.56	0.027
439.76	0.027
439.97	0.026
440.18	0.027
440.38	0.027
440.59	0.027
440.79	0.027
441.00	0.027
441.20	0.027
441.41	0.027
441.62	0.027
441.82	0.028
442.03	0.028
442.23	0.027
442.44	0.027
442.65	0.026
442.85	0.025
443.06	0.025
443.26	0.025
443.47	0.025
443.67	0.025
443.88	0.025
444.09	0.025
444.29	0.025
444.50	0.025
444.70	0.025
444.91	0.026
445.11	0.025
445.32	0.025
445.52	0.025
445.73	0.025
445.94	0.025
446.14	0.024
446.35	0.024
446.55	0.024
446.76	0.024
446.96	0.024
447.17	0.024
447.37	0.024
447.58	0.023
447.78	0.023
447.99	0.023
448.20	0.024
448.40	0.024
448.61	0.024
448.81	0.024
449.02	0.024
449.22	0.025
449.43	0.025
449.63	0.024
449.84	0.025
450.04	0.024
450.25	0.024
450.45	0.024
450.66	0.023
450.86	0.023
451.07	0.023
451.27	0.023
451.48	0.023
451.68	0.023
451.89	0.023
452.09	0.023
452.30	0.023
452.50	0.023
452.71	0.023
452.91	0.023
453.12	0.022
453.33	0.023
453.53	0.023
453.74	0.022
453.94	0.022
454.15	0.022
454.35	0.022
454.56	0.022
454.76	0.022
454.96	0.023
455.17	0.022
455.37	0.022
455.58	0.022
455.78	0.022
455.99	0.022
456.19	0.022
456.40	0.021
456.60	0.022
456.81	0.022
457.01	0.022
457.22	0.021
457.42	0.022
457.63	0.022
457.83	0.021
458.04	0.022
458.24	0.021
458.45	0.021
458.65	0.021
458.86	0.021
459.06	0.021
459.27	0.021
459.47	0.020
459.67	0.020
459.88	0.020
460.08	0.020
460.29	0.020
460.49	0.019
460.70	0.019
460.90	0.019
461.11	0.019
461.31	0.020
461.52	0.020
461.72	0.020
461.92	0.020
462.13	0.020
462.33	0.020
462.54	0.020
462.74	0.020
462.95	0.020
463.15	0.020
463.36	0.019
463.56	0.020
463.76	0.020
463.97	0.020
464.17	0.020
464.38	0.020
464.58	0.019
464.79	0.019
464.99	0.019
465.19	0.019
465.40	0.018
465.60	0.018
465.81	0.018
466.01	0.018
466.22	0.018
466.42	0.018
466.62	0.018
466.83	0.018
467.03	0.017
467.24	0.017
467.44	0.017
467.65	0.016
467.85	0.017
468.05	0.017
468.26	0.017
468.46	0.017
468.67	0.018
468.87	0.018
469.07	0.019
469.28	0.018
469.48	0.018
469.69	0.018
469.89	0.018
470.09	0.018
470.30	0.018
470.50	0.017
470.71	0.017
470.91	0.017
471.11	0.017
471.32	0.017
471.52	0.016
471.72	0.016
471.93	0.015
472.13	0.016
472.34	0.016
472.54	0.017
472.74	0.017
472.95	0.018
473.15	0.018
473.35	0.018
473.56	0.019
473.76	0.019
473.97	0.019
474.17	0.019
474.37	0.019
474.58	0.019
474.78	0.018
474.98	0.017
475.19	0.017
475.39	0.017
475.60	0.016
475.80	0.016
476.00	0.016
476.21	0.016
476.41	0.016
476.61	0.016
476.82	0.016
477.02	0.015
477.22	0.016
477.43	0.016
477.63	0.016
477.83	0.016
478.04	0.015
478.24	0.015
478.44	0.015
478.65	0.015
478.85	0.016
479.05	0.016
479.26	0.015
479.46	0.015
479.66	0.016
479.87	0.016
480.07	0.016
480.27	0.017
480.48	0.017
480.68	0.017
480.88	0.017
481.09	0.016
481.29	0.017
481.49	0.016
481.70	0.016
481.90	0.017
482.10	0.016
482.31	0.017
482.51	0.017
482.71	0.017
482.92	0.017
483.12	0.016
483.32	0.017
483.52	0.017
483.73	0.016
483.93	0.016
484.13	0.016
484.34	0.016
484.54	0.016
484.74	0.015
484.95	0.015
485.15	0.015
485.35	0.015
485.55	0.015
485.76	0.015
485.96	0.015
486.16	0.015
486.37	0.014
486.57	0.014
486.77	0.014
486.97	0.014
487.18	0.014
487.38	0.013
487.58	0.014
487.79	0.014
487.99	0.014
488.19	0.014
488.39	0.014
488.60	0.015
488.80	0.015
489.00	0.015
489.20	0.015
489.41	0.015
489.61	0.015
489.81	0.015
490.02	0.015
490.22	0.015
490.42	0.015
490.62	0.015
490.83	0.015
491.03	0.015
491.23	0.015
491.43	0.015
491.64	0.015
491.84	0.015
492.04	0.015
492.24	0.015
492.45	0.015
492.65	0.014
492.85	0.014
493.05	0.014
493.26	0.014
493.46	0.013
493.66	0.013
493.86	0.013
494.07	0.013
494.27	0.013
494.47	0.013
494.67	0.014
494.87	0.013
495.08	0.013
495.28	0.013
495.48	0.013
495.68	0.013
495.89	0.013
496.09	0.013
496.29	0.013
496.49	0.013
496.69	0.013
496.90	0.014
497.10	0.014
497.30	0.014
497.50	0.014
497.71	0.014
497.91	0.014
498.11	0.014
498.31	0.014
498.51	0.014
498.72	0.014
498.92	0.013
499.12	0.013
499.32	0.013
499.52	0.013
499.73	0.013
499.93	0.013
500.13	0.012
500.33	0.012
500.53	0.012
500.74	0.013
500.94	0.013
501.14	0.013
501.34	0.013
501.54	0.013
501.74	0.013
501.95	0.013
502.15	0.013
502.35	0.013
502.55	0.012
502.75	0.012
502.96	0.012
503.16	0.012
503.36	0.012
503.56	0.013
503.76	0.013
503.96	0.013
504.17	0.012
504.37	0.013
504.57	0.012
504.77	0.013
504.97	0.013
505.17	0.012
505.38	0.012
505.58	0.011
505.78	0.011
505.98	0.011
506.18	0.011
506.38	0.011
506.58	0.011
506.79	0.010
506.99	0.010
507.19	0.010
507.39	0.010
507.59	0.010
507.79	0.011
507.99	0.011
508.20	0.011
508.40	0.011
508.60	0.012
508.80	0.012
509.00	0.012
509.20	0.012
509.40	0.012
509.61	0.013
509.81	0.012
510.01	0.012
510.21	0.012
510.41	0.012
510.61	0.012
510.81	0.012
511.01	0.011
511.22	0.012
511.42	0.011
511.62	0.011
511.82	0.011
512.02	0.011
512.22	0.011
512.42	0.011
512.62	0.011
512.82	0.012
513.03	0.011
513.23	0.012
513.43	0.012
513.63	0.012
513.83	0.012
514.03	0.012
514.23	0.012
514.43	0.011
514.63	0.011
514.83	0.011
515.04	0.011
515.24	0.011
515.44	0.011
515.64	0.011
515.84	0.011
516.04	0.011
516.24	0.011
516.44	0.012
516.64	0.011
516.84	0.011
517.04	0.011
517.24	0.011
517.45	0.011
517.65	0.011
517.85	0.011
518.05	0.011
518.25	0.010
518.45	0.010
518.65	0.011
518.85	0.011
519.05	0.011
519.25	0.011
519.45	0.012
519.65	0.012
519.85	0.011
520.05	0.011
520.25	0.012
520.46	0.011
520.66	0.011
520.86	0.011
521.06	0.011
521.26	0.011
521.46	0.010
521.66	0.010
521.86	0.010
522.06	0.010
522.26	0.010
522.46	0.010
522.66	0.010
522.86	0.009
523.06	0.009
523.26	0.009
523.46	0.009
523.66	0.010
523.86	0.010
524.06	0.010
524.26	0.010
524.46	0.010
524.66	0.011
524.86	0.010
525.06	0.010
525.26	0.010
525.46	0.010
525.66	0.010
525.87	0.010
526.07	0.009
526.27	0.009
526.47	0.009
526.67	0.010
526.87	0.011
527.07	0.011
527.27	0.011
527.47	0.011
527.67	0.012
527.87	0.012
528.07	0.012
528.27	0.011
528.47	0.011
528.67	0.010
528.87	0.011
529.07	0.011
529.27	0.010
529.47	0.010
529.67	0.010
529.87	0.010
530.07	0.010
530.27	0.009
530.47	0.010
530.67	0.009
530.87	0.010
531.06	0.009
531.26	0.009
531.46	0.009
531.66	0.009
531.86	0.010
532.06	0.010
532.26	0.010
532.46	0.011
532.66	0.011
532.86	0.011
533.06	0.011
533.26	0.010
533.46	0.010
533.66	0.009
533.86	0.009
534.06	0.009
534.26	0.008
534.46	0.008
534.66	0.008
534.86	0.008
535.06	0.008
535.26	0.008
535.46	0.009
535.66	0.009
535.86	0.008
536.06	0.008
536.26	0.008
536.45	0.009
536.65	0.009
536.85	0.009
537.05	0.009
537.25	0.009
537.45	0.009
537.65	0.009
537.85	0.009
538.05	0.009
538.25	0.009
538.45	0.009
538.65	0.008
538.85	0.008
539.05	0.008
539.25	0.008
539.44	0.009
539.64	0.009
539.84	0.009
540.04	0.009
540.24	0.009
540.44	0.009
540.64	0.009
540.84	0.009
541.04	0.008
541.24	0.008
541.44	0.008
541.64	0.008
541.83	0.008
542.03	0.008
542.23	0.008
542.43	0.008
542.63	0.008
542.83	0.007
543.03	0.007
543.23	0.007
543.43	0.007
543.63	0.008
543.82	0.008
544.02	0.008
544.22	0.008
544.42	0.008
544.62	0.008
544.82	0.008
545.02	0.007
545.22	0.007
545.42	0.007
545.61	0.007
545.81	0.006
546.01	0.007
546.21	0.007
546.41	0.006
546.61	0.007
546.81	0.008
547.01	0.007
547.20	0.007
547.40	0.007
547.60	0.008
547.80	0.007
548.00	0.007
548.20	0.008
548.40	0.008
548.59	0.007
548.79	0.007
548.99	0.008
549.19	0.008
549.39	0.008
549.59	0.008
549.79	0.009
549.98	0.008
550.18	0.008
550.38	0.009
550.58	0.008
550.78	0.009
550.98	0.008
551.17	0.008
551.37	0.008
551.57	0.008
551.77	0.008
551.97	0.008
552.17	0.008
552.36	0.008
552.56	0.007
552.76	0.008
552.96	0.008
553.16	0.008
553.36	0.008
553.55	0.008
553.75	0.008
553.95	0.008
554.15	0.008
554.35	0.008
554.55	0.008
554.74	0.008
554.94	0.008
555.14	0.007
555.34	0.007
555.54	0.007
555.73	0.007
555.93	0.007
556.13	0.007
556.33	0.007
556.53	0.006
556.72	0.006
556.92	0.007
557.12	0.007
557.32	0.006
557.52	0.006
557.71	0.006
557.91	0.006
558.11	0.007
558.31	0.007
558.51	0.007
558.70	0.007
558.90	0.007
559.10	0.008
559.30	0.008
559.49	0.008
559.69	0.008
559.89	0.007
560.09	0.007
560.29	0.007
560.48	0.007
560.68	0.007
560.88	0.006
561.08	0.006
561.27	0.007
561.47	0.006
561.67	0.007
561.87	0.007
562.06	0.007
562.26	0.006
562.46	0.006
562.66	0.007
562.86	0.006
563.05	0.006
563.25	0.006
563.45	0.006
563.65	0.006
563.84	0.006
564.04	0.006
564.24	0.006
564.44	0.006
564.63	0.006
564.83	0.006
565.03	0.007
565.22	0.007
565.42	0.006
565.62	0.006
565.82	0.006
566.01	0.007
566.21	0.007
566.41	0.007
566.61	0.007
566.80	0.007
567.00	0.006
567.20	0.007
567.40	0.006
567.59	0.006
567.79	0.007
567.99	0.007
568.18	0.006
568.38	0.006
568.58	0.006
568.78	0.006
568.97	0.007
569.17	0.007
569.37	0.007
569.56	0.007
569.76	0.007
569.96	0.007
570.16	0.006
570.35	0.006
570.55	0.006
570.75	0.006
570.94	0.006
571.14	0.006
571.34	0.006
571.53	0.006
571.73	0.006
571.93	0.006
572.12	0.006
572.32	0.005
572.52	0.006
572.72	0.006
572.91	0.006
573.11	0.006
573.31	0.006
573.50	0.005
573.70	0.006
573.90	0.006
574.09	0.006
574.29	0.006
574.49	0.005
574.68	0.005
574.88	0.005
575.08	0.005
575.27	0.006
575.47	0.005
575.67	0.005
575.86	0.006
576.06	0.005
576.26	0.005
576.45	0.005
576.65	0.005
576.85	0.005
577.04	0.005
577.24	0.005
577.44	0.005
577.63	0.005
577.83	0.005
578.02	0.005
578.22	0.005
578.42	0.005
578.61	0.005
578.81	0.005
579.01	0.005
579.20	0.005
579.40	0.005
579.60	0.006
579.79	0.006
579.99	0.006
580.19	0.007
580.38	0.007
580.58	0.006
580.77	0.006
580.97	0.006
581.17	0.005
581.36	0.005
581.56	0.005
581.75	0.004
581.95	0.004
582.15	0.004
582.34	0.004
582.54	0.005
582.74	0.005
582.93	0.005
583.13	0.005
583.32	0.005
583.52	0.005
583.72	0.006
583.91	0.006
584.11	0.006
584.30	0.005
584.50	0.005
584.70	0.005
584.89	0.005
585.09	0.005
585.28	0.005
585.48	0.004
585.68	0.004
585.87	0.005
586.07	0.005
586.26	0.005
586.46	0.006
586.66	0.005
586.85	0.006
587.05	0.006
587.24	0.006
587.44	0.006
587.63	0.006
587.83	0.005
588.03	0.006
588.22	0.005
588.42	0.005
588.61	0.005
588.81	0.005
589.00	0.005
589.20	0.006
589.40	0.006
589.59	0.006
589.79	0.006
589.98	0.006
590.18	0.006
590.37	0.006
590.57	0.006
590.76	0.005
590.96	0.005
591.16	0.005
591.35	0.005
591.55	0.005
591.74	0.005
591.94	0.005
592.13	0.005
592.33	0.005
592.52	0.005
592.72	0.005
592.91	0.005
593.11	0.005
593.30	0.005
593.50	0.005
593.70	0.005
593.89	0.005
594.09	0.005
594.28	0.005
594.48	0.005
594.67	0.005
594.87	0.004
595.06	0.004
595.26	0.005
595.45	0.005
595.65	0.005
595.84	0.005
596.04	0.005
596.23	0.005
596.43	0.005
596.62	0.005
596.82	0.006
597.01	0.006
597.21	0.006
597.40	0.006
597.60	0.006
597.79	0.006
597.99	0.006
598.18	0.005
598.38	0.005
598.57	0.005
598.77	0.005
598.96	0.005
599.16	0.005
599.35	0.004
599.55	0.004
599.74	0.004
599.94	0.005
600.13	0.004
600.33	0.005
600.52	0.005
600.72	0.004
600.91	0.005
601.11	0.005
601.30	0.005
601.50	0.005
601.69	0.005
601.89	0.005
602.08	0.006
602.27	0.005
602.47	0.005
602.66	0.005
602.86	0.005
603.05	0.004
603.25	0.004
603.44	0.004
603.64	0.004
603.83	0.004
604.03	0.004
604.22	0.004
604.41	0.004
604.61	0.004
604.80	0.004
605.00	0.004
605.19	0.004
605.39	0.004
605.58	0.004
605.78	0.004
605.97	0.004
606.16	0.004
606.36	0.004
606.55	0.004
606.75	0.004
606.94	0.004
607.14	0.004
607.33	0.004
607.52	0.004
607.72	0.003
607.91	0.004
608.11	0.004
608.30	0.003
608.50	0.004
608.69	0.004
608.88	0.004
609.08	0.004
609.27	0.004
609.47	0.005
609.66	0.005
609.85	0.004
610.05	0.004
610.24	0.004
610.44	0.004
610.63	0.004
610.83	0.003
611.02	0.003
611.21	0.003
611.41	0.003
611.60	0.004
611.80	0.003
611.99	0.004
612.18	0.003
612.38	0.004
612.57	0.004
612.76	0.004
612.96	0.004
613.15	0.004
613.35	0.004
613.54	0.004
613.73	0.004
613.93	0.004
614.12	0.005
614.32	0.005
614.51	0.004
614.70	0.004
614.90	0.004
615.09	0.004
615.28	0.004
615.48	0.004
615.67	0.004
615.86	0.004
616.06	0.004
616.25	0.004
616.45	0.005
616.64	0.005
616.83	0.005
617.03	0.005
617.22	0.005
617.41	0.004
617.61	0.004
617.80	0.004
617.99	0.004
618.19	0.004
618.38	0.003
618.57	0.003
618.77	0.004
618.96	0.004
619.15	0.003
619.35	0.003
619.54	0.003
619.73	0.003
619.93	0.003
620.12	0.004
620.31	0.004
620.51	0.004
620.70	0.004
620.89	0.005
621.09	0.005
621.28	0.005
621.47	0.005
621.67	0.004
621.86	0.004
622.05	0.004
622.25	0.004
622.44	0.003
622.63	0.003
622.83	0.002
623.02	0.002
623.21	0.003
623.41	0.003
623.60	0.003
623.79	0.003
623.98	0.003
624.18	0.003
624.37	0.003
624.56	0.003
624.76	0.003
624.95	0.003
625.14	0.002
625.33	0.002
625.53	0.002
625.72	0.003
625.91	0.003
626.11	0.003
626.30	0.003
626.49	0.003
626.68	0.004
626.88	0.003
627.07	0.003
627.26	0.003
627.46	0.002
627.65	0.002
627.84	0.003
628.03	0.003
628.23	0.003
628.42	0.002
628.61	0.003
628.80	0.003
629.00	0.003
629.19	0.003
629.38	0.003
629.58	0.002
629.77	0.003
629.96	0.002
630.15	0.003
630.35	0.002
630.54	0.002
630.73	0.002
630.92	0.002
631.12	0.002
631.31	0.002
631.50	0.003
631.69	0.003
631.89	0.004
632.08	0.004
632.27	0.004
632.46	0.004
632.65	0.004
632.85	0.004
633.04	0.004
633.23	0.003
633.42	0.003
633.62	0.003
633.81	0.003
634.00	0.003
634.19	0.003
634.39	0.003
634.58	0.003
634.77	0.003
634.96	0.003
635.15	0.003
635.35	0.003
635.54	0.004
635.73	0.003
635.92	0.003
636.11	0.003
636.31	0.003
636.50	0.003
636.69	0.003
636.88	0.004
637.07	0.003
637.27	0.003
637.46	0.003
637.65	0.003
637.84	0.004
638.03	0.004
638.23	0.004
638.42	0.003
638.61	0.003
638.80	0.003
638.99	0.003
639.19	0.003
639.38	0.003
639.57	0.003
639.76	0.003
639.95	0.003
640.14	0.003
640.34	0.003
640.53	0.003
640.72	0.003
640.91	0.003
641.10	0.003
641.30	0.003
641.49	0.003
641.68	0.003
641.87	0.004
642.06	0.004
642.25	0.004
642.44	0.003
642.64	0.004
642.83	0.003
643.02	0.003
643.21	0.003
643.40	0.003
643.59	0.003
643.79	0.003
643.98	0.003
644.17	0.003
644.36	0.003
644.55	0.003
644.74	0.004
644.93	0.004
645.13	0.004
645.32	0.004
645.51	0.004
645.70	0.004
645.89	0.004
646.08	0.004
646.27	0.004
646.46	0.004
646.66	0.004
646.85	0.004
647.04	0.004
647.23	0.004
647.42	0.004
647.61	0.004
647.80	0.004
647.99	0.004
648.19	0.004
648.38	0.004
648.57	0.003
648.76	0.003
648.95	0.003
649.14	0.003
649.33	0.003
649.52	0.002
649.71	0.003
649.91	0.003
650.10	0.003
650.29	0.004
650.48	0.003
650.67	0.003
650.86	0.003
651.05	0.002
651.24	0.003
651.43	0.003
651.62	0.002
651.81	0.002
652.01	0.002
652.20	0.002
652.39	0.003
652.58	0.002
652.77	0.003
652.96	0.003
653.15	0.003
653.34	0.003
653.53	0.003
653.72	0.003
653.91	0.003
654.10	0.003
654.29	0.004
654.48	0.003
654.68	0.004
654.87	0.004
655.06	0.003
655.25	0.003
655.44	0.003
655.63	0.003
655.82	0.003
656.01	0.003
656.20	0.003
656.39	0.003
656.58	0.003
656.77	0.003
656.96	0.003
657.15	0.003
657.34	0.003
657.53	0.003
657.72	0.003
657.91	0.003
658.10	0.003
658.29	0.003
658.48	0.003
658.68	0.003
658.87	0.003
659.06	0.003
659.25	0.003
659.44	0.003
659.63	0.003
659.82	0.004
660.01	0.003
660.20	0.003
660.39	0.003
660.58	0.003
660.77	0.003
660.96	0.003
661.15	0.003
661.34	0.003
661.53	0.003
661.72	0.003
661.91	0.003
662.10	0.003
662.29	0.003
662.48	0.003
662.67	0.003
662.86	0.003
663.05	0.003
663.24	0.003
663.43	0.003
663.62	0.003
663.81	0.003
664.00	0.004
664.19	0.004
664.38	0.004
664.57	0.004
664.76	0.004
664.95	0.003
665.14	0.003
665.33	0.003
665.52	0.003
665.71	0.002
665.90	0.002
666.09	0.002
666.28	0.002
666.46	0.003
666.65	0.003
666.84	0.003
667.03	0.003
667.22	0.004
667.41	0.003
667.60	0.003
667.79	0.003
667.98	0.002
668.17	0.002
668.36	0.002
668.55	0.002
668.74	0.002
668.93	0.002
669.12	0.003
669.31	0.003
669.50	0.003
669.69	0.003
669.88	0.003
670.07	0.003
670.26	0.003
670.44	0.003
670.63	0.002
670.82	0.002
671.01	0.002
671.20	0.002
671.39	0.002
671.58	0.002
671.77	0.002
671.96	0.002
672.15	0.002
672.34	0.003
672.53	0.003
672.72	0.003
672.91	0.003
673.09	0.003
673.28	0.003
673.47	0.003
673.66	0.003
673.85	0.003
674.04	0.003
674.23	0.003
674.42	0.003
674.61	0.003
674.80	0.003
674.98	0.003
675.17	0.003
675.36	0.003
675.55	0.003
675.74	0.002
675.93	0.002
676.12	0.002
676.31	0.002
676.50	0.002
676.69	0.003
676.87	0.002
677.06	0.003
677.25	0.003
677.44	0.003
677.63	0.003
677.82	0.003
678.01	0.004
678.20	0.004
678.38	0.003
678.57	0.003
678.76	0.003
678.95	0.003
679.14	0.002
679.33	0.002
679.52	0.003
679.71	0.002
679.89	0.002
680.08	0.002
680.27	0.003
680.46	0.003
680.65	0.003
680.84	0.003
681.02	0.003
681.21	0.002
681.40	0.002
681.59	0.002
681.78	0.002
681.97	0.002
682.16	0.002
682.34	0.002
682.53	0.002
682.72	0.002
682.91	0.003
683.10	0.003
683.29	0.003
683.47	0.003
683.66	0.002
683.85	0.002
684.04	0.002
684.23	0.002
684.42	0.002
684.60	0.002
684.79	0.002
684.98	0.001
685.17	0.002
685.36	0.002
685.54	0.002
685.73	0.002
685.92	0.003
686.11	0.003
686.30	0.003
686.49	0.003
686.67	0.003
686.86	0.003
687.05	0.003
687.24	0.003
687.43	0.003
687.61	0.003
687.80	0.003
687.99	0.002
688.18	0.002
688.36	0.003
688.55	0.003
688.74	0.003
688.93	0.003
689.12	0.003
689.30	0.003
689.49	0.003
689.68	0.003
689.87	0.002
690.06	0.002
690.24	0.002
690.43	0.002
690.62	0.002
690.81	0.001
690.99	0.001
691.18	0.002
691.37	0.002
691.56	0.002
691.74	0.002
691.93	0.002
692.12	0.002
692.31	0.002
692.50	0.002
692.68	0.002
692.87	0.002
693.06	0.002
693.25	0.002
693.43	0.002
693.62	0.002
693.81	0.002
694.00	0.002
694.18	0.002
694.37	0.002
694.56	0.002
694.74	0.002
694.93	0.002
695.12	0.003
695.31	0.003
695.49	0.003
695.68	0.003
695.87	0.003
696.06	0.003
696.24	0.003
696.43	0.003
696.62	0.003
696.80	0.003
696.99	0.002
697.18	0.002
697.37	0.002
697.55	0.002
697.74	0.002
697.93	0.002
698.12	0.002
698.30	0.002
698.49	0.002
698.68	0.002
698.86	0.002
699.05	0.002
699.24	0.002
699.42	0.002
699.61	0.002
699.80	0.002
699.99	0.002
700.17	0.002
700.36	0.002
700.55	0.002
700.73	0.002
700.92	0.002
701.11	0.003
701.29	0.003
701.48	0.002
701.67	0.002
701.85	0.002
702.04	0.001
702.23	0.001
702.41	0.001
702.60	0.001
702.79	0.001
702.97	0.001
703.16	0.001
703.35	0.001
703.53	0.002
703.72	0.002
703.91	0.002
704.09	0.002
704.28	0.002
704.47	0.002
704.65	0.003
704.84	0.003
705.03	0.002
705.21	0.003
705.40	0.003
705.59	0.003
705.77	0.003
705.96	0.003
706.15	0.003
706.33	0.003
706.52	0.002
706.71	0.002
706.89	0.002
707.08	0.002
707.26	0.002
707.45	0.002
707.64	0.002
707.82	0.001
708.01	0.002
708.20	0.002
708.38	0.002
708.57	0.002
708.75	0.001
708.94	0.001
709.13	0.002
709.31	0.002
709.50	0.002
709.69	0.002
709.87	0.002
710.06	0.002
710.24	0.002
710.43	0.002
710.62	0.002
710.80	0.001
710.99	0.001
711.17	0.001
711.36	0.001
711.55	0.001
711.73	0.001
711.92	0.001
712.10	0.001
712.29	0.002
712.48	0.002
712.66	0.002
712.85	0.002
713.03	0.002
713.22	0.002
713.40	0.002
713.59	0.002
713.78	0.002
713.96	0.002
714.15	0.002
714.33	0.002
714.52	0.001
714.71	0.001
714.89	0.002
715.08	0.002
715.26	0.001
715.45	0.001
715.63	0.002
715.82	0.002
716.00	0.002
716.19	0.002
716.38	0.002
716.56	0.002
716.75	0.002
716.93	0.002
717.12	0.002
717.30	0.001
717.49	0.001
717.67	0.001
717.86	0.001
718.05	0.001
718.23	0.001
718.42	0.001
718.60	0.002
718.79	0.002
718.97	0.002
719.16	0.002
719.34	0.002
719.53	0.002
719.71	0.003
719.90	0.003
720.08	0.003
720.27	0.003
720.45	0.002
720.64	0.002
720.83	0.002
721.01	0.002
721.20	0.002
721.38	0.001
721.57	0.001
721.75	0.001
721.94	0.001
722.12	0.001
722.31	0.001
722.49	0.001
722.68	0.001
722.86	0.002
723.05	0.002
723.23	0.002
723.42	0.002
723.60	0.002
723.79	0.002
723.97	0.003
724.16	0.003
724.34	0.002
724.53	0.002
724.71	0.002
724.90	0.001
725.08	0.001
725.27	0.001
725.45	0.001
725.64	0.001
725.82	0.001
726.00	0.001
726.19	0.001
726.37	0.001
726.56	0.001
726.74	0.001
726.93	0.001
727.11	0.001
727.30	0.001
727.48	0.001
727.67	0.001
727.85	0.002
728.04	0.002
728.22	0.002
728.40	0.001
728.59	0.001
728.77	0.001
728.96	0.001
729.14	0.001
729.33	0.000
729.51	0.000
729.70	0.000
729.88	0.000
730.07	0.001
730.25	0.001
730.43	0.002
730.62	0.002
730.80	0.002
730.99	0.002
731.17	0.002
731.36	0.002
731.54	0.002
731.72	0.001
731.91	0.001
732.09	0.001
732.28	0.001
732.46	0.002
732.65	0.001
732.83	0.002
733.01	0.001
733.20	0.002
733.38	0.002
733.57	0.002
733.75	0.002
733.93	0.002
734.12	0.001
734.30	0.002
734.49	0.002
734.67	0.002
734.85	0.002
735.04	0.001
735.22	0.001
735.41	0.001
735.59	0.001
735.77	0.001
735.96	0.001
736.14	0.001
736.33	0.001
736.51	0.001
736.69	0.001
736.88	0.001
737.06	0.001
737.25	0.001
737.43	0.001
737.61	0.001
737.80	0.001
737.98	0.001
738.16	0.002
738.35	0.001
738.53	0.001
738.71	0.001
738.90	0.001
739.08	0.002
739.27	0.002
739.45	0.001
739.63	0.002
739.82	0.001
740.00	0.002
740.18	0.002
740.37	0.001
740.55	0.001
740.73	0.001
740.92	0.001
741.10	0.001
741.28	0.001
741.47	0.001
741.65	0.001
741.83	0.001
742.02	0.001
742.20	0.001
742.38	0.001
742.57	0.001
742.75	0.001
742.93	0.001
743.12	0.002
743.30	0.002
743.48	0.002
743.67	0.002
743.85	0.002
744.03	0.002
744.22	0.002
744.40	0.002
744.58	0.002
744.77	0.001
744.95	0.001
745.13	0.001
745.32	0.001
745.50	0.001
745.68	0.000
745.87	0.001
746.05	0.001
746.23	0.001
746.41	0.001
746.60	0.001
746.78	0.001
746.96	0.001
747.15	0.001
747.33	0.001
747.51	0.001
747.70	0.001
747.88	0.001
748.06	0.001
748.24	0.001
748.43	0.001
748.61	0.001
748.79	0.002
748.97	0.001
749.16	0.001
749.34	0.001
749.52	0.001
749.71	0.001
749.89	0.001
750.07	0.001
750.25	0.001
750.44	0.001
750.62	0.001
750.80	0.001
750.98	0.001
751.17	0.001
751.35	0.001
751.53	0.001
751.71	0.001
751.90	0.001
752.08	0.001
752.26	0.001
752.44	0.002
752.63	0.002
752.81	0.002
752.99	0.002
753.17	0.002
753.36	0.002
753.54	0.002
753.72	0.002
753.90	0.001
754.09	0.001
754.27	0.001
754.45	0.000
754.63	0.000
754.82	0.001
755.00	0.001
755.18	0.001
755.36	0.001
755.54	0.001
755.73	0.001
755.91	0.001
756.09	0.002
756.27	0.002
756.45	0.001
756.64	0.001
756.82	0.001
757.00	0.000
757.18	0.000
757.37	0.000
757.55	0.001
757.73	0.001
757.91	0.000
758.09	0.000
758.27	0.001
758.46	0.001
758.64	0.001
758.82	0.001
759.00	0.001
759.18	0.001
759.37	0.001
759.55	0.001
759.73	0.001
759.91	0.001
760.09	0.001
760.28	0.001
760.46	0.001
760.64	0.001
760.82	0.001
761.00	0.001
761.18	0.001
761.37	0.002
761.55	0.002
761.73	0.001
761.91	0.001
762.09	0.002
762.27	0.002
762.46	0.001
762.64	0.001
762.82	0.001
763.00	0.000
763.18	0.000
763.36	0.001
763.54	0.001
763.73	0.000
763.91	0.000
764.09	0.001
764.27	0.001
764.45	0.001
764.63	0.001
764.81	0.001
765.00	0.001
765.18	0.001
765.36	0.002
765.54	0.002
765.72	0.001
765.90	0.002
766.08	0.002
766.27	0.002
766.45	0.002
766.63	0.002
766.81	0.001
766.99	0.001
767.17	0.001
767.35	0.001
767.53	0.001
767.71	0.001
767.90	0.001
768.08	0.001
768.26	0.001
768.44	0.001
768.62	0.001
768.80	0.001
768.98	0.002
769.16	0.002
769.34	0.002
769.52	0.002
769.71	0.002
769.89	0.002
770.07	0.001
770.25	0.001
770.43	0.001
770.61	0.001
770.79	0.001
770.97	0.001
771.15	0.001
771.33	0.001
771.51	0.001
771.69	0.001
771.88	0.001
772.06	0.001
772.24	0.001
772.42	0.001
772.60	-0.000
772.78	-0.001
772.96	-0.000
773.14	-0.000
773.32	-0.000
773.50	-0.000
773.68	0.001
773.86	0.001
774.04	0.000
774.22	0.001
774.40	0.001
774.58	0.001
774.77	0.001
774.95	0.001
775.13	0.001
775.31	0.001
775.49	0.001
775.67	0.001
775.85	0.001
776.03	0.001
776.21	0.001
776.39	0.001
776.57	0.001
776.75	0.001
776.93	0.001
777.11	0.001
777.29	0.001
777.47	0.001
777.65	0.001
777.83	0.001
778.01	0.001
778.19	0.001
778.37	0.001
778.55	0.001
778.73	0.001
778.91	0.001
779.09	0.001
779.27	0.001
779.45	0.001
779.63	0.001
779.81	0.001
779.99	0.001
780.17	0.001
780.35	0.001
780.53	0.002
780.71	0.002
780.89	0.002
781.07	0.001
781.25	0.001
781.43	0.001
781.61	0.001
781.79	0.001
781.97	0.001
782.15	0.001
782.33	0.001
782.51	0.000
782.69	-0.000
782.87	-0.000
783.05	-0.001
783.23	-0.001
783.41	-0.001
783.59	-0.001
783.77	-0.001
783.95	0.000
784.13	0.001
784.31	0.001
784.49	0.001
784.67	0.001
784.85	0.001
785.03	0.000
785.21	0.000
785.38	0.001
785.56	0.000
785.74	0.000
785.92	0.000
786.10	0.000
786.28	0.001
786.46	0.001
786.64	0.001
786.82	0.001
787.00	0.001
787.18	0.001
787.36	0.001
787.54	0.001
787.72	0.001
787.90	0.001
788.08	0.001
788.25	0.001
788.43	0.001
788.61	0.001
788.79	0.001
788.97	0.001
789.15	0.001
789.33	0.001
789.51	0.000
789.69	0.000
789.87	0.000
790.05	-0.000
790.23	-0.000
790.40	0.000
790.58	0.000
790.76	-0.000
790.94	0.000
791.12	-0.000
791.30	-0.000
791.48	0.000
791.66	0.000
791.84	0.000
792.02	-0.000
792.19	-0.000
792.37	-0.000
792.55	0.000
792.73	0.000
792.91	0.000
793.09	0.000
793.27	0.000
793.45	0.000
793.63	0.001
793.80	0.000
793.98	0.000
794.16	0.000
794.34	0.000
794.52	0.000
794.70	0.000
794.88	0.000
795.05	0.000
795.23	0.000
795.41	0.000
795.59	0.000
795.77	-0.000
795.95	-0.000
796.13	-0.000
796.30	0.000
796.48	-0.000
796.66	-0.000
796.84	-0.000
797.02	0.000
797.20	0.000
797.38	0.000
797.55	0.000
797.73	0.000
797.91	0.000
798.09	0.000
798.27	0.000
798.45	0.000
798.62	-0.000
798.80	-0.000
798.98	-0.000
799.16	0.000
799.34	0.000
799.52	0.001
799.69	0.001
799.87	0.001
800.05	0.001
800.23	0.001
800.41	0.001
800.58	0.001
800.76	0.001
800.94	0.001
801.12	0.001
801.30	0.000
801.47	0.000
801.65	0.000
801.83	0.000
802.01	-0.000
802.19	0.000
802.36	0.001
802.54	0.001
802.72	0.001
802.90	0.001
803.08	0.001
803.25	0.001
803.43	0.001
803.61	0.001
803.79	0.000
803.97	-0.000
804.14	-0.000
804.32	-0.000
804.50	-0.001
804.68	-0.001
804.85	-0.000
805.03	-0.000
805.21	0.000
805.39	0.000
805.56	-0.000
805.74	0.000
805.92	0.000
806.10	0.000
806.28	0.001
806.45	0.000
806.63	0.000
806.81	0.000
806.99	-0.000
807.16	0.001
807.34	0.000
807.52	-0.000
807.70	-0.000
807.87	-0.000
808.05	-0.000
808.23	-0.000
808.41	0.000
808.58	0.000
808.76	-0.000
808.94	0.000
809.11	0.001
809.29	0.001
809.47	0.001
809.65	0.001
809.82	0.001
810.00	0.000
810.18	0.000
810.36	0.000
810.53	0.000
810.71	0.000
810.89	-0.000
811.06	-0.000
811.24	-0.001
811.42	-0.000
811.60	-0.000
811.77	-0.001
811.95	-0.000
812.13	-0.000
812.30	-0.000
812.48	0.000
812.66	0.000
812.83	0.000
813.01	-0.000
813.19	0.000
813.37	0.000
813.54	0.000
813.72	0.000
813.90	0.000
814.07	0.000
814.25	0.000
814.43	0.001
814.60	0.001
814.78	0.001
814.96	0.001
815.13	0.001
815.31	0.001
815.49	0.001
815.66	0.001
815.84	0.001
816.02	0.000
816.19	0.000
816.37	-0.000
816.55	-0.000
816.72	0.000
816.90	0.000
817.08	0.000
817.25	0.000
817.43	0.000
817.61	0.001
817.78	0.001
817.96	0.001
818.14	0.001
818.31	0.001
818.49	0.001
818.67	0.001
818.84	0.001
819.02	0.000
819.19	0.000
819.37	0.000
819.55	0.000
819.72	-0.000
819.90	-0.000
820.08	0.000
820.25	0.000
820.43	0.000
820.60	0.000
820.78	0.000
820.96	0.000
821.13	-0.000
821.31	0.000
821.49	0.000
821.66	0.001
821.84	0.000
822.01	0.000
822.19	0.001
822.37	0.001
822.54	0.001
822.72	0.002
822.89	0.001
823.07	0.001
823.25	0.001
823.42	0.001
823.60	0.001
823.77	-0.000
823.95	-0.000
824.13	-0.001
824.30	-0.001
824.48	-0.001
824.65	-0.000
824.83	-0.001
825.01	-0.001
825.18	0.000
825.36	0.001
825.53	0.001
825.71	0.001
825.88	0.001
826.06	0.001
826.24	0.001
826.41	0.001
826.59	0.001
826.76	0.000
826.94	-0.000
827.11	0.000
827.29	0.000
827.47	-0.000
827.64	-0.000
827.82	-0.000
827.99	-0.001
828.17	-0.001
828.34	-0.001
828.52	-0.002
828.69	-0.002
828.87	-0.001
829.04	-0.001
829.22	-0.000
829.40	-0.000
829.57	0.000
829.75	0.001
829.92	0.001
830.10	0.001
830.27	0.001
830.45	0.001
830.62	0.001
830.80	0.000
830.97	-0.000
831.15	-0.000
831.32	-0.000
831.50	0.000
831.67	0.000
831.85	0.000
832.02	0.000
832.20	0.000
832.37	0.000
832.55	0.000
832.73	0.000
832.90	0.001
833.08	0.001
833.25	0.001
833.43	0.001
833.60	0.001
833.78	0.000
833.95	0.001
834.13	0.001
834.30	0.001
834.48	0.001
834.65	0.000
834.82	-0.000
835.00	-0.000
835.17	-0.000
835.35	0.000
835.52	-0.001
835.70	-0.001
835.87	-0.001
836.05	-0.001
836.22	-0.001
836.40	-0.001
836.57	-0.001
836.75	-0.000
836.92	-0.000
837.10	0.001
837.27	0.001
837.45	0.002
837.62	0.002
837.80	0.002
837.97	0.002
838.14	0.002
838.32	0.001
838.49	0.001
838.67	0.001
838.84	0.001
839.02	0.000
839.19	-0.000
839.37	0.000
839.54	0.001
839.71	0.001
839.89	0.001
840.06	0.001
840.24	0.001
840.41	0.001
840.59	0.001
840.76	0.001
840.94	0.001
841.11	0.001
841.28	0.001
841.46	0.001
841.63	0.001
841.81	0.001
841.98	0.000
842.15	0.000
842.33	0.000
842.50	-0.000
842.68	-0.000
842.85	-0.000
843.03	-0.000
843.20	-0.001
843.37	-0.001
843.55	-0.001
843.72	-0.001
843.90	-0.002
844.07	-0.002
844.24	-0.001
844.42	-0.001
844.59	-0.000
844.77	-0.000
844.94	-0.000
845.11	0.000
845.29	0.000
845.46	0.000
845.63	0.000
845.81	-0.000
845.98	-0.000
846.16	-0.001
846.33	-0.001
846.50	-0.001
846.68	-0.001
846.85	-0.000
847.02	0.000
847.20	0.001
847.37	0.001
847.55	0.001
847.72	0.001
847.89	0.000
848.07	-0.000
848.24	0.000
848.41	0.000
848.59	-0.000
848.76	-0.000
848.93	0.000
849.11	0.000
849.28	0.001
849.45	0.001
849.63	0.001
849.80	0.001
849.97	0.001
850.15	0.001
850.32	0.001
850.49	0.001
850.67	0.000
850.84	0.000
851.01	0.001
851.19	0.001
851.36	0.001
851.53	0.001
851.71	0.000
851.88	-0.000
852.05	-0.001
852.23	-0.000
852.40	-0.001
852.57	-0.001
852.75	-0.000
852.92	0.000
853.09	-0.000
853.27	0.001
853.44	0.001
853.61	0.001
853.79	0.001
853.96	0.001
854.13	0.001
854.30	0.001
854.48	0.000
854.65	0.000
854.82	-0.000
855.00	-0.001
855.17	-0.000
855.34	0.000
855.51	0.000
855.69	0.001
855.86	0.001
856.03	0.002
856.21	0.002
856.38	0.002
856.55	0.002
856.72	0.002
856.90	0.001
857.07	0.001
857.24	0.001
857.42	0.001
857.59	0.000
857.76	0.000
857.93	0.001
858.11	-0.000
858.28	0.000
858.45	0.000
858.62	0.000
858.80	0.000
858.97	0.000
859.14	0.000
859.31	0.000
859.49	0.000
859.66	0.001
859.83	0.001
860.00	0.001
860.18	0.001
860.35	0.002
860.52	0.001
860.69	0.001
860.86	0.001
861.04	0.001
861.21	0.001
861.38	0.001
861.55	0.000
861.73	0.000
861.90	-0.000
862.07	0.000
862.24	0.000
862.42	0.000
862.59	-0.000
862.76	0.000
862.93	0.001
863.10	0.000
863.28	0.001
863.45	0.001
863.62	0.000
863.79	0.000
863.96	-0.000
864.14	0.001
864.31	0.001
864.48	0.001
864.65	0.001
864.82	0.001
865.00	0.001
865.17	0.001
865.34	0.001
865.51	0.002
865.68	0.001
865.86	0.001
866.03	0.001
866.20	0.001
866.37	0.001
866.54	0.001
866.71	0.001
866.89	0.001
867.06	0.001
867.23	0.000
867.40	0.000
867.57	-0.000
867.74	0.000
867.92	-0.000
868.09	-0.001
868.26	-0.001
868.43	-0.001
868.60	-0.001
868.77	-0.001
868.95	-0.000
869.12	-0.000
869.29	-0.000
869.46	-0.000
869.63	0.001
869.80	0.000
869.97	0.001
870.15	0.001
870.32	0.002
870.49	0.001
870.66	0.002
870.83	0.002
871.00	0.002
871.17	0.002
871.34	0.002
871.52	0.001
871.69	0.001
871.86	0.000
872.03	0.001
872.20	0.000
872.37	0.001
872.54	0.001
872.71	0.001
872.89	0.001
873.06	-0.000
873.23	-0.000
873.40	-0.000
873.57	-0.001
873.74	-0.000
873.91	-0.001
874.08	-0.001
874.25	-0.001
874.42	-0.000
874.60	0.001
874.77	0.000
874.94	0.001
875.11	0.001
875.28	0.000
875.45	0.000
875.62	0.000
875.79	0.001
875.96	0.001
876.13	0.000
876.30	0.001
876.47	0.000
876.65	-0.000
876.82	0.001
876.99	0.001
877.16	0.001
877.33	-0.000
877.50	0.000
877.67	0.000
877.84	0.000
878.01	-0.000
878.18	-0.001
878.35	-0.002
878.52	-0.001
878.69	-0.002
878.86	-0.002
879.03	-0.002
879.20	-0.002
879.38	-0.002
879.55	-0.001
879.72	-0.000
879.89	-0.001
880.06	-0.001
880.23	-0.001
880.40	-0.000
880.57	-0.001
880.74	-0.001
880.91	-0.002
881.08	-0.002
881.25	-0.002
881.42	-0.001
881.59	-0.001
881.76	-0.001
881.93	-0.000
882.10	-0.000
882.27	0.001
882.44	0.001
882.61	0.001
882.78	0.000
882.95	-0.001
883.12	-0.001
883.29	-0.001
883.46	-0.001
883.63	-0.001
883.80	-0.001
883.97	-0.001
884.14	-0.001
884.31	-0.000
884.48	0.001
884.65	0.002
884.82	0.002
884.99	0.001
885.16	0.001
885.33	0.001
885.50	0.002
885.67	0.001
885.84	0.001
886.01	0.000
886.18	-0.001
886.35	-0.001
886.52	-0.001
886.69	-0.000
886.86	-0.001
887.03	-0.001
887.20	-0.002
887.37	-0.003
887.54	-0.003
887.71	-0.002
887.88	-0.003
888.05	-0.002
888.22	-0.003
888.39	-0.003
888.55	-0.003
888.72	-0.003
888.89	-0.003
889.06	-0.003
889.23	-0.002
889.40	-0.002
889.57	-0.002
889.74	-0.003
889.91	-0.003
890.08	-0.003
890.25	-0.003
890.42	-0.003
890.59	-0.002
890.76	-0.003
890.93	-0.002
891.10	-0.002
891.26	-0.003
891.43	-0.002
891.60	-0.001
891.77	-0.001
891.94	-0.001
892.11	-0.001
892.28	-0.002
892.45	-0.002
892.62	-0.002
892.79	-0.001
892.96	-0.001
893.13	-0.002
893.29	-0.002
893.46	-0.003
893.63	-0.002
893.80	-0.001
893.97	-0.001
894.14	-0.001
894.31	-0.002
894.48	0.003
894.65	-0.005
894.81	0.004
894.98	-0.005
