177.34	-0.000
177.56	-0.000
177.78	-0.000
178.00	-0.000
178.22	-0.000
178.44	-0.000
178.66	-0.074
178.89	-0.313
179.11	-0.235
179.33	-0.869
179.55	-0.648
179.77	-0.000
179.99	-0.000
180.21	2.144
180.43	-0.469
180.65	0.595
180.87	0.417
181.09	0.617
181.31	0.951
181.53	-0.000
181.75	1.804
181.97	1.484
182.19	-0.000
182.41	-0.000
182.63	-0.000
182.85	-0.000
183.07	-0.000
183.30	2.645
183.52	1.235
183.74	0.939
183.96	1.040
184.18	1.007
184.40	0.967
184.62	0.955
184.84	1.049
185.06	1.017
185.28	0.959
185.50	1.011
185.72	1.185
185.94	0.918
186.16	0.865
186.38	0.838
186.60	0.808
186.82	0.806
187.04	0.843
187.26	0.979
187.48	0.977
187.70	0.865
187.92	0.900
188.14	0.941
188.36	1.025
188.58	1.056
188.80	1.169
189.02	1.357
189.24	1.140
189.46	1.253
189.68	1.406
189.90	1.661
190.12	1.577
190.34	1.585
190.56	1.585
190.78	1.556
191.00	1.411
191.22	1.629
191.44	1.402
191.66	1.480
191.88	1.475
192.10	1.487
192.32	1.451
192.54	1.528
192.76	1.530
192.98	1.585
193.20	1.569
193.42	1.997
193.64	1.956
193.86	1.916
194.08	1.826
194.30	1.850
194.52	1.809
194.74	1.704
194.96	1.590
195.18	1.611
195.40	1.602
195.62	1.687
195.84	1.708
196.06	1.917
196.28	2.043
196.50	2.386
196.72	2.274
196.94	2.286
197.16	2.137
197.38	1.880
197.60	1.744
197.82	1.781
198.04	1.795
198.26	1.825
198.48	1.704
198.70	1.751
198.92	1.786
199.13	1.905
199.35	2.041
199.57	2.129
199.79	2.089
200.01	2.025
200.23	2.025
200.45	2.167
200.67	2.127
200.89	2.253
201.11	2.110
201.33	2.070
201.55	2.147
201.77	2.205
201.99	2.279
202.21	2.248
202.43	2.253
202.65	2.180
202.87	2.131
203.09	2.314
203.31	2.511
203.52	2.292
203.74	2.186
203.96	2.133
204.18	2.102
204.40	2.117
204.62	2.361
204.84	2.324
205.06	2.239
205.28	2.250
205.50	2.229
205.72	2.218
205.94	2.292
206.16	2.282
206.38	2.338
206.59	2.176
206.81	2.147
207.03	2.088
207.25	2.056
207.47	2.121
207.69	2.141
207.91	2.096
208.13	2.176
208.35	2.101
208.57	2.252
208.79	2.410
209.01	2.417
209.22	2.420
209.44	2.404
209.66	2.629
209.88	2.670
210.10	2.617
210.32	2.635
210.54	2.446
210.76	2.494
210.98	2.719
211.20	2.716
211.42	2.541
211.63	2.472
211.85	2.429
212.07	2.371
212.29	2.406
212.51	2.486
212.73	2.394
212.95	2.431
213.17	2.410
213.39	2.521
213.60	2.450
213.82	2.498
214.04	2.584
214.26	2.564
214.48	2.533
214.70	2.552
214.92	2.430
215.14	2.503
215.35	2.509
215.57	2.661
215.79	2.645
216.01	2.636
216.23	2.688
216.45	2.573
216.67	2.547
216.89	2.537
217.10	2.541
217.32	2.639
217.54	2.451
217.76	2.454
217.98	2.420
218.20	2.396
218.42	2.455
218.64	2.555
218.85	2.657
219.07	2.570
219.29	2.482
219.51	2.594
219.73	2.644
219.95	2.670
220.17	2.782
220.38	2.738
220.60	2.680
220.82	2.637
221.04	2.636
221.26	2.690
221.48	2.749
221.69	2.699
221.91	2.720
222.13	2.648
222.35	2.647
222.57	2.637
222.79	2.612
223.00	2.685
223.22	2.676
223.44	2.596
223.66	2.630
223.88	2.667
224.10	2.690
224.32	2.801
224.53	2.772
224.75	2.949
224.97	2.851
225.19	2.797
225.41	2.814
225.62	2.840
225.84	2.826
226.06	2.860
226.28	2.748
226.50	2.779
226.72	2.723
226.93	2.799
227.15	2.877
227.37	2.854
227.59	2.824
227.81	2.804
228.02	2.838
228.24	2.908
228.46	2.875
228.68	2.917
228.90	2.893
229.12	2.893
229.33	2.930
229.55	2.959
229.77	2.999
229.99	2.901
230.21	2.794
230.42	2.777
230.64	2.750
230.86	2.764
231.08	2.753
231.30	2.707
231.51	2.715
231.73	2.729
231.95	2.802
232.17	2.956
232.38	3.011
232.60	3.002
232.82	2.961
233.04	2.962
233.26	3.025
233.47	3.012
233.69	3.030
233.91	2.986
234.13	2.912
234.35	2.949
234.56	2.954
234.78	2.917
235.00	2.948
235.22	2.958
235.43	2.980
235.65	3.006
235.87	2.976
236.09	2.942
236.30	2.834
236.52	2.815
236.74	2.841
236.96	2.831
237.18	2.867
237.39	2.890
237.61	2.890
237.83	2.852
238.05	2.939
238.26	2.995
238.48	3.056
238.70	3.276
238.92	3.397
239.13	3.500
239.35	3.249
239.57	3.199
239.79	3.241
240.00	3.146
240.22	3.300
240.44	3.270
240.66	3.068
240.87	2.966
241.09	2.820
241.31	2.837
241.53	2.847
241.74	2.868
241.96	2.816
242.18	2.795
242.40	2.786
242.61	2.784
242.83	2.775
243.05	2.858
243.27	2.825
243.48	2.805
243.70	2.806
243.92	2.881
244.13	2.883
244.35	2.864
244.57	2.874
244.79	2.878
245.00	2.807
245.22	2.842
245.44	2.784
245.65	2.776
245.87	2.744
246.09	2.718
246.31	2.746
246.52	2.718
246.74	2.746
246.96	2.788
247.18	2.795
247.39	2.843
247.61	2.846
247.83	2.817
248.04	2.879
248.26	2.865
248.48	2.888
248.69	2.853
248.91	2.818
249.13	2.813
249.35	2.783
249.56	2.836
249.78	2.874
250.00	2.853
250.21	2.814
250.43	2.827
250.65	2.835
250.86	2.884
251.08	2.859
251.30	2.879
251.51	2.836
251.73	2.853
251.95	2.811
252.17	2.856
252.38	2.808
252.60	2.806
252.82	2.788
253.03	2.794
253.25	2.786
253.47	2.760
253.68	2.754
253.90	2.751
254.12	2.716
254.33	2.720
254.55	2.678
254.77	2.678
254.98	2.675
255.20	2.649
255.42	2.677
255.63	2.665
255.85	2.648
256.07	2.664
256.28	2.666
256.50	2.690
256.72	2.656
256.93	2.635
257.15	2.668
257.37	2.657
257.58	2.663
257.80	2.675
258.02	2.670
258.23	2.655
258.45	2.652
258.67	2.685
258.88	2.708
259.10	2.671
259.32	2.665
259.53	2.655
259.75	2.671
259.96	2.693
260.18	2.688
260.40	2.670
260.61	2.660
260.83	2.656
261.05	2.670
261.26	2.660
261.48	2.634
261.70	2.620
261.91	2.589
262.13	2.595
262.34	2.611
262.56	2.631
262.78	2.616
262.99	2.655
263.21	2.632
263.43	2.652
263.64	2.632
263.86	2.622
264.07	2.626
264.29	2.610
264.51	2.579
264.72	2.598
264.94	2.585
265.16	2.572
265.37	2.571
265.59	2.591
265.80	2.596
266.02	2.598
266.24	2.575
266.45	2.604
266.67	2.576
266.88	2.538
267.10	2.549
267.32	2.540
267.53	2.547
267.75	2.549
267.96	2.549
268.18	2.572
268.40	2.564
268.61	2.565
268.83	2.619
269.04	2.635
269.26	2.633
269.48	2.619
269.69	2.611
269.91	2.634
270.12	2.641
270.34	2.644
270.56	2.671
270.77	2.652
270.99	2.642
271.20	2.638
271.42	2.641
271.64	2.640
271.85	2.607
272.07	2.610
272.28	2.595
272.50	2.592
272.71	2.570
272.93	2.577
273.15	2.606
273.36	2.597
273.58	2.598
273.79	2.608
274.01	2.641
274.22	2.627
274.44	2.606
274.66	2.612
274.87	2.604
275.09	2.583
275.30	2.576
275.52	2.563
275.73	2.537
275.95	2.503
276.16	2.506
276.38	2.498
276.60	2.482
276.81	2.467
277.03	2.452
277.24	2.458
277.46	2.442
277.67	2.448
277.89	2.439
278.10	2.438
278.32	2.440
278.53	2.430
278.75	2.429
278.97	2.434
279.18	2.411
279.40	2.423
279.61	2.403
279.83	2.412
280.04	2.419
280.26	2.416
280.47	2.412
280.69	2.399
280.90	2.377
281.12	2.375
281.33	2.365
281.55	2.382
281.76	2.352
281.98	2.328
282.20	2.304
282.41	2.307
282.63	2.311
282.84	2.322
283.06	2.313
283.27	2.307
283.49	2.301
283.70	2.314
283.92	2.316
284.13	2.338
284.35	2.334
284.56	2.319
284.78	2.295
284.99	2.303
285.21	2.302
285.42	2.276
285.64	2.252
285.85	2.245
286.07	2.222
286.28	2.217
286.50	2.219
286.71	2.211
286.93	2.194
287.14	2.183
287.36	2.192
287.57	2.196
287.79	2.189
288.00	2.179
288.22	2.160
288.43	2.149
288.65	2.147
288.86	2.139
289.08	2.133
289.29	2.121
289.51	2.106
289.72	2.085
289.94	2.090
290.15	2.077
290.37	2.068
290.58	2.065
290.80	2.062
291.01	2.047
291.22	2.037
291.44	2.034
291.65	2.031
291.87	2.019
292.08	2.026
292.30	2.017
292.51	1.999
292.73	1.980
292.94	1.982
293.16	1.968
293.37	1.964
293.59	1.959
293.80	1.949
294.02	1.942
294.23	1.937
294.44	1.932
294.66	1.932
294.87	1.917
295.09	1.920
295.30	1.912
295.52	1.909
295.73	1.908
295.95	1.897
296.16	1.888
296.37	1.894
296.59	1.892
296.80	1.892
297.02	1.883
297.23	1.883
297.45	1.873
297.66	1.868
297.88	1.864
298.09	1.856
298.30	1.844
298.52	1.838
298.73	1.831
298.95	1.824
299.16	1.813
299.38	1.810
299.59	1.802
299.80	1.791
300.02	1.786
300.23	1.783
300.45	1.777
300.66	1.768
300.88	1.768
301.09	1.762
301.30	1.756
301.52	1.752
301.73	1.753
301.95	1.751
302.16	1.742
302.37	1.738
302.59	1.736
302.80	1.731
303.02	1.725
303.23	1.721
303.45	1.713
303.66	1.710
303.87	1.706
304.09	1.703
304.30	1.695
304.52	1.692
304.73	1.683
304.94	1.683
305.16	1.680
305.37	1.678
305.59	1.673
305.80	1.665
306.01	1.659
306.23	1.658
306.44	1.652
306.65	1.650
306.87	1.644
307.08	1.637
307.30	1.632
307.51	1.624
307.72	1.624
307.94	1.621
308.15	1.615
308.37	1.607
308.58	1.602
308.79	1.599
309.01	1.591
309.22	1.587
309.43	1.587
309.65	1.583
309.86	1.582
310.07	1.577
310.29	1.576
310.50	1.574
310.72	1.569
310.93	1.565
311.14	1.562
311.36	1.557
311.57	1.552
311.78	1.544
312.00	1.540
312.21	1.537
312.42	1.531
312.64	1.529
312.85	1.529
313.07	1.526
313.28	1.521
313.49	1.518
313.71	1.518
313.92	1.517
314.13	1.515
314.35	1.513
314.56	1.508
314.77	1.502
314.99	1.495
315.20	1.492
315.41	1.489
315.63	1.483
315.84	1.478
316.05	1.475
316.27	1.469
316.48	1.465
316.69	1.461
316.91	1.457
317.12	1.455
317.33	1.450
317.55	1.448
317.76	1.446
317.97	1.441
318.19	1.440
318.40	1.440
318.61	1.436
318.83	1.435
319.04	1.431
319.25	1.425
319.47	1.420
319.68	1.416
319.89	1.412
320.10	1.407
320.32	1.401
320.53	1.399
320.74	1.394
320.96	1.392
321.17	1.390
321.38	1.386
321.60	1.380
321.81	1.376
322.02	1.372
322.24	1.372
322.45	1.368
322.66	1.364
322.87	1.361
323.09	1.358
323.30	1.357
323.51	1.356
323.73	1.353
323.94	1.350
324.15	1.347
324.36	1.344
324.58	1.342
324.79	1.336
325.00	1.332
325.22	1.329
325.43	1.328
325.64	1.327
325.85	1.324
326.07	1.320
326.28	1.316
326.49	1.313
326.71	1.313
326.92	1.309
327.13	1.307
327.34	1.303
327.56	1.300
327.77	1.297
327.98	1.292
328.19	1.290
328.41	1.285
328.62	1.283
328.83	1.280
329.04	1.275
329.26	1.271
329.47	1.267
329.68	1.264
329.90	1.261
330.11	1.260
330.32	1.258
330.53	1.254
330.75	1.250
330.96	1.247
331.17	1.245
331.38	1.242
331.60	1.237
331.81	1.235
332.02	1.231
332.23	1.229
332.44	1.226
332.66	1.224
332.87	1.223
333.08	1.220
333.29	1.217
333.51	1.216
333.72	1.215
333.93	1.209
334.14	1.206
334.36	1.203
334.57	1.202
334.78	1.199
334.99	1.198
335.21	1.194
335.42	1.191
335.63	1.189
335.84	1.188
336.05	1.186
336.27	1.185
336.48	1.180
336.69	1.179
336.90	1.175
337.11	1.172
337.33	1.171
337.54	1.165
337.75	1.164
337.96	1.159
338.18	1.155
338.39	1.152
338.60	1.148
338.81	1.147
339.02	1.145
339.24	1.143
339.45	1.141
339.66	1.138
339.87	1.136
340.08	1.135
340.30	1.134
340.51	1.133
340.72	1.130
340.93	1.129
341.14	1.125
341.36	1.125
341.57	1.123
341.78	1.121
341.99	1.117
342.20	1.115
342.41	1.114
342.63	1.112
342.84	1.109
343.05	1.107
343.26	1.105
343.47	1.102
343.69	1.100
343.90	1.099
344.11	1.097
344.32	1.092
344.53	1.090
344.74	1.088
344.96	1.086
345.17	1.083
345.38	1.080
345.59	1.079
345.80	1.079
346.01	1.075
346.23	1.075
346.44	1.073
346.65	1.069
346.86	1.069
347.07	1.069
347.28	1.067
347.50	1.064
347.71	1.060
347.92	1.058
348.13	1.054
348.34	1.052
348.55	1.049
348.76	1.047
348.98	1.042
349.19	1.040
349.40	1.038
349.61	1.036
349.82	1.035
350.03	1.033
350.24	1.030
350.46	1.030
350.67	1.027
350.88	1.026
351.09	1.023
351.30	1.023
351.51	1.021
351.72	1.018
351.93	1.016
352.15	1.015
352.36	1.013
352.57	1.011
352.78	1.009
352.99	1.006
353.20	1.002
353.41	1.000
353.62	0.998
353.84	0.999
354.05	0.995
354.26	0.994
354.47	0.992
354.68	0.990
354.89	0.988
355.10	0.988
355.31	0.987
355.52	0.986
355.74	0.983
355.95	0.983
356.16	0.981
356.37	0.978
356.58	0.976
356.79	0.975
357.00	0.973
357.21	0.969
357.42	0.967
357.63	0.967
357.85	0.964
358.06	0.963
358.27	0.962
358.48	0.960
358.69	0.959
358.90	0.956
359.11	0.954
359.32	0.951
359.53	0.948
359.74	0.945
359.95	0.943
360.17	0.941
360.38	0.940
360.59	0.938
360.80	0.936
361.01	0.935
361.22	0.933
361.43	0.932
361.64	0.932
361.85	0.929
362.06	0.927
362.27	0.926
362.48	0.925
362.69	0.924
362.90	0.922
363.12	0.921
363.33	0.919
363.54	0.917
363.75	0.915
363.96	0.914
364.17	0.912
364.38	0.911
364.59	0.910
364.80	0.909
365.01	0.907
365.22	0.906
365.43	0.903
365.64	0.903
365.85	0.900
366.06	0.898
366.27	0.896
366.48	0.893
366.69	0.891
366.90	0.890
367.11	0.888
367.32	0.887
367.54	0.884
367.75	0.883
367.96	0.882
368.17	0.882
368.38	0.881
368.59	0.880
368.80	0.879
369.01	0.877
369.22	0.877
369.43	0.876
369.64	0.874
369.85	0.871
370.06	0.868
370.27	0.867
370.48	0.866
370.69	0.864
370.90	0.863
371.11	0.859
371.32	0.858
371.53	0.856
371.74	0.855
371.95	0.855
372.16	0.856
372.37	0.853
372.58	0.853
372.79	0.852
373.00	0.852
373.21	0.851
373.42	0.850
373.63	0.849
373.84	0.847
374.05	0.843
374.26	0.843
374.47	0.841
374.68	0.839
374.89	0.838
375.10	0.837
375.31	0.835
375.52	0.835
375.73	0.833
375.94	0.831
376.15	0.830
376.36	0.829
376.57	0.828
376.78	0.828
376.99	0.826
377.20	0.826
377.41	0.825
377.62	0.824
377.83	0.823
378.04	0.821
378.25	0.820
378.46	0.817
378.67	0.815
378.88	0.815
379.09	0.813
379.30	0.811
379.51	0.811
379.72	0.810
379.92	0.809
380.13	0.807
380.34	0.807
380.55	0.807
380.76	0.806
380.97	0.804
381.18	0.802
381.39	0.802
381.60	0.800
381.81	0.799
382.02	0.798
382.23	0.796
382.44	0.795
382.65	0.793
382.86	0.792
383.07	0.790
383.28	0.787
383.49	0.788
383.70	0.786
383.91	0.785
384.11	0.784
384.32	0.781
384.53	0.780
384.74	0.780
384.95	0.779
385.16	0.779
385.37	0.777
385.58	0.777
385.79	0.775
386.00	0.775
386.21	0.775
386.42	0.774
386.63	0.772
386.84	0.771
387.04	0.769
387.25	0.768
387.46	0.767
387.67	0.767
387.88	0.767
388.09	0.766
388.30	0.764
388.51	0.764
388.72	0.763
388.93	0.762
389.14	0.761
389.34	0.759
389.55	0.758
389.76	0.756
389.97	0.756
390.18	0.756
390.39	0.755
390.60	0.753
390.81	0.752
391.02	0.752
391.23	0.751
391.43	0.750
391.64	0.749
391.85	0.748
392.06	0.746
392.27	0.745
392.48	0.744
392.69	0.743
392.90	0.741
393.11	0.740
393.31	0.738
393.52	0.737
393.73	0.736
393.94	0.735
394.15	0.734
394.36	0.734
394.57	0.734
394.78	0.734
394.98	0.735
395.19	0.734
395.40	0.733
395.61	0.732
395.82	0.731
396.03	0.730
396.24	0.729
396.44	0.728
396.65	0.728
396.86	0.726
397.07	0.726
397.28	0.726
397.49	0.726
397.70	0.724
397.90	0.724
398.11	0.722
398.32	0.722
398.53	0.720
398.74	0.719
398.95	0.717
399.16	0.716
399.36	0.714
399.57	0.714
399.78	0.714
399.99	0.713
400.20	0.712
400.41	0.711
400.61	0.711
400.82	0.710
401.03	0.709
401.24	0.709
401.45	0.708
401.66	0.706
401.86	0.706
402.07	0.705
402.28	0.704
402.49	0.702
402.70	0.701
402.91	0.701
403.11	0.699
403.32	0.698
403.53	0.699
403.74	0.697
403.95	0.696
404.15	0.696
404.36	0.697
404.57	0.697
404.78	0.696
404.99	0.696
405.20	0.695
405.40	0.694
405.61	0.694
405.82	0.694
406.03	0.693
406.24	0.691
406.44	0.691
406.65	0.690
406.86	0.689
407.07	0.689
407.28	0.689
407.48	0.688
407.69	0.689
407.90	0.687
408.11	0.688
408.32	0.688
408.52	0.687
408.73	0.686
408.94	0.686
409.15	0.684
409.35	0.683
409.56	0.681
409.77	0.681
409.98	0.679
410.19	0.678
410.39	0.679
410.60	0.678
410.81	0.677
411.02	0.677
411.22	0.676
411.43	0.676
411.64	0.675
411.85	0.674
412.05	0.674
412.26	0.674
412.47	0.674
412.68	0.673
412.89	0.672
413.09	0.671
413.30	0.670
413.51	0.670
413.72	0.670
413.92	0.669
414.13	0.669
414.34	0.668
414.55	0.668
414.75	0.668
414.96	0.668
415.17	0.667
415.38	0.667
415.58	0.667
415.79	0.666
416.00	0.664
416.21	0.664
416.41	0.664
416.62	0.663
416.83	0.663
417.03	0.663
417.24	0.662
417.45	0.662
417.66	0.660
417.86	0.660
418.07	0.658
418.28	0.658
418.49	0.657
418.69	0.656
418.90	0.656
419.11	0.655
419.31	0.654
419.52	0.654
419.73	0.654
419.94	0.655
420.14	0.655
420.35	0.654
420.56	0.654
420.76	0.653
420.97	0.653
421.18	0.652
421.39	0.651
421.59	0.650
421.80	0.649
422.01	0.648
422.21	0.647
422.42	0.647
422.63	0.646
422.84	0.646
423.04	0.646
423.25	0.646
423.46	0.645
423.66	0.645
423.87	0.646
424.08	0.646
424.28	0.645
424.49	0.644
424.70	0.643
424.90	0.643
425.11	0.642
425.32	0.641
425.52	0.640
425.73	0.640
425.94	0.640
426.15	0.639
426.35	0.639
426.56	0.639
426.77	0.638
426.97	0.637
427.18	0.637
427.39	0.637
427.59	0.635
427.80	0.634
428.01	0.634
428.21	0.634
428.42	0.634
428.63	0.634
428.83	0.633
429.04	0.634
429.25	0.633
429.45	0.633
429.66	0.633
429.87	0.631
430.07	0.630
430.28	0.629
430.48	0.629
430.69	0.628
430.90	0.627
431.10	0.627
431.31	0.626
431.52	0.626
431.72	0.627
431.93	0.626
432.14	0.626
432.34	0.626
432.55	0.626
432.76	0.625
432.96	0.626
433.17	0.625
433.37	0.624
433.58	0.623
433.79	0.623
433.99	0.622
434.20	0.621
434.41	0.620
434.61	0.620
434.82	0.620
435.02	0.621
435.23	0.620
435.44	0.620
435.64	0.620
435.85	0.619
436.06	0.618
436.26	0.618
436.47	0.617
436.67	0.616
436.88	0.615
437.09	0.615
437.29	0.614
437.50	0.615
437.70	0.614
437.91	0.615
438.12	0.614
438.32	0.614
438.53	0.613
438.73	0.612
438.94	0.611
439.15	0.611
439.35	0.610
439.56	0.609
439.76	0.610
439.97	0.609
440.18	0.608
440.38	0.607
440.59	0.608
440.79	0.607
441.00	0.607
441.20	0.607
441.41	0.607
441.62	0.606
441.82	0.606
442.03	0.607
442.23	0.607
442.44	0.607
442.65	0.605
442.85	0.604
443.06	0.603
443.26	0.604
443.47	0.603
443.67	0.602
443.88	0.600
444.09	0.601
444.29	0.600
444.50	0.601
444.70	0.600
444.91	0.601
445.11	0.600
445.32	0.600
445.52	0.600
445.73	0.598
445.94	0.598
446.14	0.597
446.35	0.596
446.55	0.597
446.76	0.595
446.96	0.596
447.17	0.595
447.37	0.595
447.58	0.596
447.78	0.597
447.99	0.597
448.20	0.596
448.40	0.595
448.61	0.595
448.81	0.595
449.02	0.595
449.22	0.595
449.43	0.594
449.63	0.593
449.84	0.593
450.04	0.593
450.25	0.593
450.45	0.592
450.66	0.591
450.86	0.591
451.07	0.590
451.27	0.589
451.48	0.589
451.68	0.587
451.89	0.586
452.09	0.585
452.30	0.585
452.50	0.584
452.71	0.585
452.91	0.584
453.12	0.585
453.33	0.584
453.53	0.586
453.74	0.586
453.94	0.588
454.15	0.587
454.35	0.587
454.56	0.585
454.76	0.585
454.96	0.585
455.17	0.585
455.37	0.584
455.58	0.584
455.78	0.583
455.99	0.584
456.19	0.585
456.40	0.584
456.60	0.584
456.81	0.584
457.01	0.583
457.22	0.583
457.42	0.583
457.63	0.582
457.83	0.582
458.04	0.580
458.24	0.581
458.45	0.580
458.65	0.579
458.86	0.578
459.06	0.577
459.27	0.576
459.47	0.576
459.67	0.576
459.88	0.576
460.08	0.575
460.29	0.575
460.49	0.574
460.70	0.574
460.90	0.574
461.11	0.573
461.31	0.572
461.52	0.572
461.72	0.571
461.92	0.571
462.13	0.571
462.33	0.572
462.54	0.572
462.74	0.573
462.95	0.573
463.15	0.573
463.36	0.573
463.56	0.571
463.76	0.571
463.97	0.571
464.17	0.571
464.38	0.571
464.58	0.571
464.79	0.571
464.99	0.571
465.19	0.571
465.40	0.570
465.60	0.570
465.81	0.569
466.01	0.569
466.22	0.569
466.42	0.569
466.62	0.569
466.83	0.568
467.03	0.567
467.24	0.569
467.44	0.568
467.65	0.567
467.85	0.566
468.05	0.566
468.26	0.565
468.46	0.564
468.67	0.564
468.87	0.565
469.07	0.565
469.28	0.565
469.48	0.565
469.69	0.565
469.89	0.565
470.09	0.564
470.30	0.564
470.50	0.563
470.71	0.563
470.91	0.563
471.11	0.562
471.32	0.564
471.52	0.563
471.72	0.562
471.93	0.563
472.13	0.563
472.34	0.563
472.54	0.562
472.74	0.561
472.95	0.561
473.15	0.560
473.35	0.559
473.56	0.559
473.76	0.560
473.97	0.560
474.17	0.560
474.37	0.560
474.58	0.561
474.78	0.560
474.98	0.560
475.19	0.561
475.39	0.560
475.60	0.559
475.80	0.558
476.00	0.557
476.21	0.556
476.41	0.555
476.61	0.555
476.82	0.555
477.02	0.554
477.22	0.554
477.43	0.554
477.63	0.553
477.83	0.553
478.04	0.553
478.24	0.553
478.44	0.553
478.65	0.552
478.85	0.553
479.05	0.553
479.26	0.553
479.46	0.553
479.66	0.553
479.87	0.553
480.07	0.553
480.27	0.553
480.48	0.553
480.68	0.552
480.88	0.551
481.09	0.550
481.29	0.550
481.49	0.550
481.70	0.549
481.90	0.548
482.10	0.548
482.31	0.546
482.51	0.546
482.71	0.546
482.92	0.546
483.12	0.547
483.32	0.547
483.52	0.547
483.73	0.547
483.93	0.547
484.13	0.548
484.34	0.548
484.54	0.549
484.74	0.549
484.95	0.548
485.15	0.546
485.35	0.546
485.55	0.545
485.76	0.545
485.96	0.545
486.16	0.543
486.37	0.541
486.57	0.541
486.77	0.541
486.97	0.541
487.18	0.542
487.38	0.541
487.58	0.541
487.79	0.540
487.99	0.540
488.19	0.540
488.39	0.540
488.60	0.539
488.80	0.539
489.00	0.539
489.20	0.539
489.41	0.538
489.61	0.538
489.81	0.538
490.02	0.538
490.22	0.537
490.42	0.537
490.62	0.537
490.83	0.536
491.03	0.536
491.23	0.535
491.43	0.535
491.64	0.535
491.84	0.535
492.04	0.536
492.24	0.536
492.45	0.536
492.65	0.537
492.85	0.537
493.05	0.537
493.26	0.538
493.46	0.538
493.66	0.539
493.86	0.538
494.07	0.538
494.27	0.538
494.47	0.537
494.67	0.537
494.87	0.536
495.08	0.535
495.28	0.535
495.48	0.534
495.68	0.533
495.89	0.533
496.09	0.531
496.29	0.532
496.49	0.532
496.69	0.531
496.90	0.531
497.10	0.531
497.30	0.530
497.50	0.530
497.71	0.530
497.91	0.531
498.11	0.530
498.31	0.530
498.51	0.531
498.72	0.529
498.92	0.529
499.12	0.529
499.32	0.529
499.52	0.529
499.73	0.529
499.93	0.528
500.13	0.528
500.33	0.527
500.53	0.528
500.74	0.527
500.94	0.528
501.14	0.527
501.34	0.527
501.54	0.527
501.74	0.526
501.95	0.526
502.15	0.526
502.35	0.526
502.55	0.525
502.75	0.524
502.96	0.524
503.16	0.523
503.36	0.524
503.56	0.524
503.76	0.523
503.96	0.523
504.17	0.523
504.37	0.523
504.57	0.523
504.77	0.523
504.97	0.523
505.17	0.523
505.38	0.523
505.58	0.523
505.78	0.522
505.98	0.522
506.18	0.522
506.38	0.521
506.58	0.522
506.79	0.522
506.99	0.520
507.19	0.520
507.39	0.520
507.59	0.520
507.79	0.520
507.99	0.520
508.20	0.520
508.40	0.519
508.60	0.518
508.80	0.519
509.00	0.519
509.20	0.519
509.40	0.519
509.61	0.518
509.81	0.518
510.01	0.518
510.21	0.518
510.41	0.518
510.61	0.517
510.81	0.517
511.01	0.517
511.22	0.517
511.42	0.516
511.62	0.516
511.82	0.516
512.02	0.516
512.22	0.516
512.42	0.517
512.62	0.517
512.82	0.517
513.03	0.517
513.23	0.517
513.43	0.516
513.63	0.517
513.83	0.516
514.03	0.516
514.23	0.515
514.43	0.514
514.63	0.514
514.83	0.513
515.04	0.513
515.24	0.513
515.44	0.512
515.64	0.512
515.84	0.511
516.04	0.511
516.24	0.511
516.44	0.510
516.64	0.510
516.84	0.510
517.04	0.510
517.24	0.510
517.45	0.510
517.65	0.510
517.85	0.509
518.05	0.509
518.25	0.510
518.45	0.509
518.65	0.509
518.85	0.509
519.05	0.509
519.25	0.508
519.45	0.508
519.65	0.508
519.85	0.507
520.05	0.506
520.25	0.507
520.46	0.506
520.66	0.507
520.86	0.507
521.06	0.507
521.26	0.508
521.46	0.508
521.66	0.507
521.86	0.507
522.06	0.507
522.26	0.508
522.46	0.507
522.66	0.507
522.86	0.506
523.06	0.506
523.26	0.506
523.46	0.506
523.66	0.506
523.86	0.505
524.06	0.504
524.26	0.504
524.46	0.504
524.66	0.503
524.86	0.503
525.06	0.502
525.26	0.503
525.46	0.502
525.66	0.503
525.87	0.502
526.07	0.502
526.27	0.501
526.47	0.502
526.67	0.502
526.87	0.503
527.07	0.502
527.27	0.502
527.47	0.501
527.67	0.501
527.87	0.501
528.07	0.500
528.27	0.500
528.47	0.500
528.67	0.499
528.87	0.498
529.07	0.499
529.27	0.499
529.47	0.499
529.67	0.499
529.87	0.499
530.07	0.498
530.27	0.499
530.47	0.498
530.67	0.497
530.87	0.497
531.06	0.497
531.26	0.497
531.46	0.497
531.66	0.498
531.86	0.497
532.06	0.497
532.26	0.497
532.46	0.498
532.66	0.497
532.86	0.497
533.06	0.497
533.26	0.497
533.46	0.497
533.66	0.497
533.86	0.497
534.06	0.495
534.26	0.496
534.46	0.496
534.66	0.495
534.86	0.496
535.06	0.495
535.26	0.495
535.46	0.495
535.66	0.495
535.86	0.495
536.06	0.494
536.26	0.494
536.45	0.495
536.65	0.493
536.85	0.494
537.05	0.494
537.25	0.494
537.45	0.495
537.65	0.495
537.85	0.495
538.05	0.495
538.25	0.494
538.45	0.494
538.65	0.493
538.85	0.492
539.05	0.491
539.25	0.491
539.44	0.491
539.64	0.491
539.84	0.491
540.04	0.491
540.24	0.491
540.44	0.490
540.64	0.491
540.84	0.492
541.04	0.491
541.24	0.491
541.44	0.490
541.64	0.490
541.83	0.490
542.03	0.490
542.23	0.490
542.43	0.490
542.63	0.489
542.83	0.489
543.03	0.489
543.23	0.489
543.43	0.489
543.63	0.488
543.82	0.488
544.02	0.490
544.22	0.489
544.42	0.488
544.62	0.488
544.82	0.487
545.02	0.488
545.22	0.488
545.42	0.487
545.61	0.488
545.81	0.487
546.01	0.486
546.21	0.487
546.41	0.487
546.61	0.488
546.81	0.488
547.01	0.488
547.20	0.487
547.40	0.486
547.60	0.487
547.80	0.487
548.00	0.487
548.20	0.487
548.40	0.486
548.59	0.486
548.79	0.485
548.99	0.486
549.19	0.487
549.39	0.486
549.59	0.486
549.79	0.486
549.98	0.485
550.18	0.484
550.38	0.484
550.58	0.484
550.78	0.484
550.98	0.483
551.17	0.482
551.37	0.482
551.57	0.482
551.77	0.482
551.97	0.482
552.17	0.481
552.36	0.481
552.56	0.481
552.76	0.481
552.96	0.482
553.16	0.482
553.36	0.482
553.55	0.482
553.75	0.482
553.95	0.482
554.15	0.482
554.35	0.481
554.55	0.480
554.74	0.481
554.94	0.480
555.14	0.480
555.34	0.480
555.54	0.480
555.73	0.480
555.93	0.480
556.13	0.480
556.33	0.480
556.53	0.479
556.72	0.480
556.92	0.479
557.12	0.479
557.32	0.478
557.52	0.478
557.71	0.478
557.91	0.477
558.11	0.477
558.31	0.478
558.51	0.477
558.70	0.477
558.90	0.477
559.10	0.478
559.30	0.478
559.49	0.479
559.69	0.480
559.89	0.479
560.09	0.480
560.29	0.480
560.48	0.479
560.68	0.479
560.88	0.478
561.08	0.477
561.27	0.476
561.47	0.477
561.67	0.477
561.87	0.477
562.06	0.477
562.26	0.477
562.46	0.477
562.66	0.478
562.86	0.478
563.05	0.477
563.25	0.476
563.45	0.476
563.65	0.476
563.84	0.475
564.04	0.474
564.24	0.474
564.44	0.473
564.63	0.473
564.83	0.473
565.03	0.473
565.22	0.473
565.42	0.473
565.62	0.473
565.82	0.473
566.01	0.474
566.21	0.474
566.41	0.474
566.61	0.474
566.80	0.474
567.00	0.474
567.20	0.474
567.40	0.474
567.59	0.474
567.79	0.474
567.99	0.473
568.18	0.474
568.38	0.474
568.58	0.474
568.78	0.474
568.97	0.474
569.17	0.474
569.37	0.473
569.56	0.473
569.76	0.473
569.96	0.473
570.16	0.473
570.35	0.473
570.55	0.473
570.75	0.473
570.94	0.472
571.14	0.472
571.34	0.473
571.53	0.472
571.73	0.472
571.93	0.471
572.12	0.472
572.32	0.471
572.52	0.471
572.72	0.472
572.91	0.472
573.11	0.471
573.31	0.472
573.50	0.471
573.70	0.471
573.90	0.470
574.09	0.470
574.29	0.469
574.49	0.469
574.68	0.469
574.88	0.468
575.08	0.468
575.27	0.468
575.47	0.468
575.67	0.469
575.86	0.470
576.06	0.471
576.26	0.471
576.45	0.472
576.65	0.472
576.85	0.471
577.04	0.470
577.24	0.470
577.44	0.469
577.63	0.468
577.83	0.467
578.02	0.466
578.22	0.466
578.42	0.466
578.61	0.466
578.81	0.466
579.01	0.466
579.20	0.467
579.40	0.467
579.60	0.468
579.79	0.469
579.99	0.469
580.19	0.470
580.38	0.470
580.58	0.469
580.77	0.468
580.97	0.467
581.17	0.466
581.36	0.464
581.56	0.463
581.75	0.462
581.95	0.460
582.15	0.460
582.34	0.461
582.54	0.461
582.74	0.462
582.93	0.462
583.13	0.463
583.32	0.463
583.52	0.464
583.72	0.466
583.91	0.466
584.11	0.466
584.30	0.465
584.50	0.465
584.70	0.464
584.89	0.464
585.09	0.463
585.28	0.462
585.48	0.461
585.68	0.460
585.87	0.461
586.07	0.461
586.26	0.462
586.46	0.462
586.66	0.462
586.85	0.462
587.05	0.461
587.24	0.461
587.44	0.460
587.63	0.460
587.83	0.459
588.03	0.459
588.22	0.459
588.42	0.459
588.61	0.460
588.81	0.460
589.00	0.460
589.20	0.461
589.40	0.461
589.59	0.461
589.79	0.461
589.98	0.461
590.18	0.460
590.37	0.460
590.57	0.460
590.76	0.460
590.96	0.461
591.16	0.461
591.35	0.462
591.55	0.463
591.74	0.463
591.94	0.463
592.13	0.463
592.33	0.463
592.52	0.461
592.72	0.460
592.91	0.459
593.11	0.458
593.30	0.457
593.50	0.457
593.70	0.456
593.89	0.455
594.09	0.456
594.28	0.456
594.48	0.457
594.67	0.457
594.87	0.457
595.06	0.457
595.26	0.457
595.45	0.457
595.65	0.458
595.84	0.458
596.04	0.459
596.23	0.458
596.43	0.459
596.62	0.459
596.82	0.459
597.01	0.459
597.21	0.458
597.40	0.458
597.60	0.458
597.79	0.458
597.99	0.458
598.18	0.457
598.38	0.457
598.57	0.457
598.77	0.456
598.96	0.455
599.16	0.455
599.35	0.454
599.55	0.453
599.74	0.453
599.94	0.452
600.13	0.452
600.33	0.451
600.52	0.452
600.72	0.451
600.91	0.451
601.11	0.451
601.30	0.451
601.50	0.452
601.69	0.453
601.89	0.454
602.08	0.454
602.27	0.455
602.47	0.455
602.66	0.456
602.86	0.456
603.05	0.455
603.25	0.455
603.44	0.454
603.64	0.454
603.83	0.453
604.03	0.453
604.22	0.453
604.41	0.452
604.61	0.452
604.80	0.453
605.00	0.453
605.19	0.452
605.39	0.452
605.58	0.453
605.78	0.452
605.97	0.453
606.16	0.453
606.36	0.453
606.55	0.452
606.75	0.452
606.94	0.452
607.14	0.452
607.33	0.450
607.52	0.450
607.72	0.450
607.91	0.448
608.11	0.449
608.30	0.449
608.50	0.449
608.69	0.450
608.88	0.449
609.08	0.450
609.27	0.449
609.47	0.449
609.66	0.450
609.85	0.449
610.05	0.449
610.24	0.450
610.44	0.449
610.63	0.449
610.83	0.449
611.02	0.449
611.21	0.449
611.41	0.448
611.60	0.449
611.80	0.449
611.99	0.448
612.18	0.448
612.38	0.448
612.57	0.448
612.76	0.449
612.96	0.449
613.15	0.449
613.35	0.449
613.54	0.448
613.73	0.448
613.93	0.448
614.12	0.448
614.32	0.447
614.51	0.446
614.70	0.446
614.90	0.445
615.09	0.445
615.28	0.444
615.48	0.444
615.67	0.444
615.86	0.443
616.06	0.444
616.25	0.444
616.45	0.444
616.64	0.444
616.83	0.444
617.03	0.444
617.22	0.444
617.41	0.444
617.61	0.444
617.80	0.445
617.99	0.445
618.19	0.445
618.38	0.445
618.57	0.445
618.77	0.445
618.96	0.445
619.15	0.444
619.35	0.444
619.54	0.443
619.73	0.443
619.93	0.443
620.12	0.443
620.31	0.443
620.51	0.444
620.70	0.444
620.89	0.444
621.09	0.445
621.28	0.445
621.47	0.444
621.67	0.444
621.86	0.443
622.05	0.443
622.25	0.442
622.44	0.442
622.63	0.442
622.83	0.442
623.02	0.442
623.21	0.441
623.41	0.442
623.60	0.443
623.79	0.443
623.98	0.442
624.18	0.442
624.37	0.442
624.56	0.441
624.76	0.441
624.95	0.442
625.14	0.441
625.33	0.441
625.53	0.441
625.72	0.441
625.91	0.440
626.11	0.440
626.30	0.440
626.49	0.441
626.68	0.440
626.88	0.440
627.07	0.439
627.26	0.439
627.46	0.439
627.65	0.439
627.84	0.439
628.03	0.439
628.23	0.439
628.42	0.439
628.61	0.439
628.80	0.439
629.00	0.440
629.19	0.439
629.38	0.439
629.58	0.439
629.77	0.439
629.96	0.440
630.15	0.440
630.35	0.440
630.54	0.440
630.73	0.439
630.92	0.439
631.12	0.439
631.31	0.439
631.50	0.438
631.69	0.438
631.89	0.438
632.08	0.437
632.27	0.438
632.46	0.438
632.65	0.437
632.85	0.437
633.04	0.437
633.23	0.437
633.42	0.437
633.62	0.437
633.81	0.438
634.00	0.437
634.19	0.437
634.39	0.438
634.58	0.438
634.77	0.438
634.96	0.438
635.15	0.438
635.35	0.438
635.54	0.437
635.73	0.436
635.92	0.437
636.11	0.436
636.31	0.436
636.50	0.436
636.69	0.436
636.88	0.435
637.07	0.435
637.27	0.435
637.46	0.435
637.65	0.435
637.84	0.435
638.03	0.435
638.23	0.435
638.42	0.434
638.61	0.435
638.80	0.434
638.99	0.435
639.19	0.434
639.38	0.435
639.57	0.434
639.76	0.433
639.95	0.434
640.14	0.433
640.34	0.432
640.53	0.433
640.72	0.432
640.91	0.432
641.10	0.432
641.30	0.433
641.49	0.433
641.68	0.432
641.87	0.432
642.06	0.433
642.25	0.433
642.44	0.433
642.64	0.433
642.83	0.433
643.02	0.433
643.21	0.433
643.40	0.433
643.59	0.433
643.79	0.433
643.98	0.432
644.17	0.433
644.36	0.432
644.55	0.432
644.74	0.432
644.93	0.432
645.13	0.432
645.32	0.432
645.51	0.432
645.70	0.431
645.89	0.431
646.08	0.432
646.27	0.432
646.46	0.432
646.66	0.432
646.85	0.433
647.04	0.434
647.23	0.434
647.42	0.434
647.61	0.434
647.80	0.434
647.99	0.435
648.19	0.434
648.38	0.433
648.57	0.432
648.76	0.431
648.95	0.431
649.14	0.431
649.33	0.431
649.52	0.431
649.71	0.430
649.91	0.430
650.10	0.430
650.29	0.430
650.48	0.430
650.67	0.429
650.86	0.429
651.05	0.429
651.24	0.429
651.43	0.428
651.62	0.429
651.81	0.429
652.01	0.429
652.20	0.430
652.39	0.430
652.58	0.430
652.77	0.430
652.96	0.430
653.15	0.429
653.34	0.428
653.53	0.429
653.72	0.429
653.91	0.429
654.10	0.431
654.29	0.432
654.48	0.432
654.68	0.432
654.87	0.431
655.06	0.430
655.25	0.428
655.44	0.427
655.63	0.426
655.82	0.424
656.01	0.423
656.20	0.422
656.39	0.422
656.58	0.422
656.77	0.423
656.96	0.425
657.15	0.425
657.34	0.426
657.53	0.427
657.72	0.427
657.91	0.427
658.10	0.427
658.29	0.428
658.48	0.428
658.68	0.428
658.87	0.428
659.06	0.427
659.25	0.426
659.44	0.427
659.63	0.427
659.82	0.427
660.01	0.426
660.20	0.426
660.39	0.426
660.58	0.426
660.77	0.426
660.96	0.426
661.15	0.426
661.34	0.426
661.53	0.426
661.72	0.426
661.91	0.426
662.10	0.425
662.29	0.425
662.48	0.424
662.67	0.425
662.86	0.425
663.05	0.425
663.24	0.424
663.43	0.424
663.62	0.424
663.81	0.425
664.00	0.425
664.19	0.425
664.38	0.426
664.57	0.425
664.76	0.425
664.95	0.425
665.14	0.425
665.33	0.425
665.52	0.425
665.71	0.425
665.90	0.425
666.09	0.424
666.28	0.424
666.46	0.424
666.65	0.424
666.84	0.424
667.03	0.424
667.22	0.424
667.41	0.424
667.60	0.424
667.79	0.424
667.98	0.424
668.17	0.424
668.36	0.425
668.55	0.424
668.74	0.425
668.93	0.424
669.12	0.424
669.31	0.423
669.50	0.423
669.69	0.423
669.88	0.423
670.07	0.423
670.26	0.423
670.44	0.423
670.63	0.423
670.82	0.423
671.01	0.423
671.20	0.423
671.39	0.422
671.58	0.422
671.77	0.422
671.96	0.422
672.15	0.421
672.34	0.421
672.53	0.421
672.72	0.421
672.91	0.421
673.09	0.422
673.28	0.422
673.47	0.422
673.66	0.422
673.85	0.422
674.04	0.421
674.23	0.421
674.42	0.421
674.61	0.421
674.80	0.421
674.98	0.421
675.17	0.421
675.36	0.421
675.55	0.421
675.74	0.421
675.93	0.421
676.12	0.421
676.31	0.421
676.50	0.421
676.69	0.421
676.87	0.420
677.06	0.420
677.25	0.421
677.44	0.421
677.63	0.421
677.82	0.420
678.01	0.420
678.20	0.420
678.38	0.420
678.57	0.420
678.76	0.420
678.95	0.420
679.14	0.420
679.33	0.420
679.52	0.419
679.71	0.420
679.89	0.420
680.08	0.420
680.27	0.419
680.46	0.419
680.65	0.419
680.84	0.419
681.02	0.419
681.21	0.419
681.40	0.419
681.59	0.418
681.78	0.418
681.97	0.418
682.16	0.418
682.34	0.418
682.53	0.418
682.72	0.418
682.91	0.419
683.10	0.419
683.29	0.419
683.47	0.419
683.66	0.419
683.85	0.419
684.04	0.419
684.23	0.419
684.42	0.419
684.60	0.418
684.79	0.418
684.98	0.418
685.17	0.418
685.36	0.418
685.54	0.418
685.73	0.417
685.92	0.418
686.11	0.418
686.30	0.418
686.49	0.418
686.67	0.418
686.86	0.417
687.05	0.417
687.24	0.417
687.43	0.417
687.61	0.416
687.80	0.416
687.99	0.416
688.18	0.416
688.36	0.416
688.55	0.417
688.74	0.416
688.93	0.416
689.12	0.417
689.30	0.417
689.49	0.417
689.68	0.416
689.87	0.416
690.06	0.416
690.24	0.416
690.43	0.416
690.62	0.416
690.81	0.415
690.99	0.415
691.18	0.415
691.37	0.416
691.56	0.416
691.74	0.415
691.93	0.415
692.12	0.415
692.31	0.416
692.50	0.416
692.68	0.416
692.87	0.416
693.06	0.416
693.25	0.416
693.43	0.416
693.62	0.416
693.81	0.416
694.00	0.416
694.18	0.416
694.37	0.416
694.56	0.416
694.74	0.416
694.93	0.416
695.12	0.416
695.31	0.416
695.49	0.416
695.68	0.415
695.87	0.415
696.06	0.414
696.24	0.414
696.43	0.414
696.62	0.414
696.80	0.414
696.99	0.414
697.18	0.414
697.37	0.413
697.55	0.413
697.74	0.413
697.93	0.413
698.12	0.413
698.30	0.414
698.49	0.414
698.68	0.414
698.86	0.413
699.05	0.413
699.24	0.413
699.42	0.413
699.61	0.413
699.80	0.413
699.99	0.412
700.17	0.413
700.36	0.413
700.55	0.413
700.73	0.413
700.92	0.413
701.11	0.413
701.29	0.413
701.48	0.414
701.67	0.413
701.85	0.413
702.04	0.413
702.23	0.413
702.41	0.413
702.60	0.413
702.79	0.413
702.97	0.412
703.16	0.412
703.35	0.412
703.53	0.411
703.72	0.411
703.91	0.411
704.09	0.411
704.28	0.410
704.47	0.410
704.65	0.411
704.84	0.411
705.03	0.411
705.21	0.411
705.40	0.411
705.59	0.411
705.77	0.411
705.96	0.411
706.15	0.411
706.33	0.411
706.52	0.411
706.71	0.411
706.89	0.411
707.08	0.411
707.26	0.411
707.45	0.411
707.64	0.411
707.82	0.411
708.01	0.412
708.20	0.412
708.38	0.412
708.57	0.411
708.75	0.411
708.94	0.411
709.13	0.411
709.31	0.411
709.50	0.411
709.69	0.409
709.87	0.409
710.06	0.409
710.24	0.410
710.43	0.410
710.62	0.410
710.80	0.409
710.99	0.409
711.17	0.409
711.36	0.410
711.55	0.410
711.73	0.410
711.92	0.410
712.10	0.410
712.29	0.410
712.48	0.410
712.66	0.410
712.85	0.409
713.03	0.409
713.22	0.409
713.40	0.409
713.59	0.409
713.78	0.409
713.96	0.410
714.15	0.410
714.33	0.409
714.52	0.409
714.71	0.409
714.89	0.408
715.08	0.408
715.26	0.409
715.45	0.409
715.63	0.409
715.82	0.409
716.00	0.409
716.19	0.409
716.38	0.409
716.56	0.409
716.75	0.409
716.93	0.409
717.12	0.409
717.30	0.408
717.49	0.408
717.67	0.408
717.86	0.408
718.05	0.408
718.23	0.407
718.42	0.407
718.60	0.407
718.79	0.407
718.97	0.407
719.16	0.407
719.34	0.408
719.53	0.408
719.71	0.408
719.90	0.408
720.08	0.408
720.27	0.408
720.45	0.408
720.64	0.408
720.83	0.407
721.01	0.407
721.20	0.406
721.38	0.406
721.57	0.406
721.75	0.406
721.94	0.406
722.12	0.405
722.31	0.405
722.49	0.405
722.68	0.405
722.86	0.405
723.05	0.406
723.23	0.406
723.42	0.406
723.60	0.406
723.79	0.406
723.97	0.406
724.16	0.405
724.34	0.406
724.53	0.406
724.71	0.406
724.90	0.406
725.08	0.406
725.27	0.406
725.45	0.406
725.64	0.406
725.82	0.406
726.00	0.405
726.19	0.405
726.37	0.405
726.56	0.405
726.74	0.405
726.93	0.405
727.11	0.405
727.30	0.405
727.48	0.405
727.67	0.406
727.85	0.405
728.04	0.405
728.22	0.405
728.40	0.405
728.59	0.405
728.77	0.405
728.96	0.405
729.14	0.405
729.33	0.405
729.51	0.405
729.70	0.405
729.88	0.405
730.07	0.405
730.25	0.405
730.43	0.405
730.62	0.405
730.80	0.405
730.99	0.405
731.17	0.405
731.36	0.404
731.54	0.404
731.72	0.404
731.91	0.404
732.09	0.404
732.28	0.404
732.46	0.404
732.65	0.403
732.83	0.403
733.01	0.403
733.20	0.403
733.38	0.403
733.57	0.402
733.75	0.402
733.93	0.402
734.12	0.403
734.30	0.403
734.49	0.403
734.67	0.403
734.85	0.403
735.04	0.403
735.22	0.403
735.41	0.403
735.59	0.404
735.77	0.403
735.96	0.403
736.14	0.403
736.33	0.403
736.51	0.403
736.69	0.403
736.88	0.402
737.06	0.403
737.25	0.403
737.43	0.403
737.61	0.403
737.80	0.403
737.98	0.403
738.16	0.403
738.35	0.402
738.53	0.403
738.71	0.402
738.90	0.402
739.08	0.401
739.27	0.401
739.45	0.401
739.63	0.401
739.82	0.402
740.00	0.402
740.18	0.402
740.37	0.401
740.55	0.401
740.73	0.401
740.92	0.401
741.10	0.401
741.28	0.401
741.47	0.401
741.65	0.401
741.83	0.401
742.02	0.402
742.20	0.403
742.38	0.402
742.57	0.403
742.75	0.403
742.93	0.402
743.12	0.402
743.30	0.403
743.48	0.402
743.67	0.402
743.85	0.401
744.03	0.401
744.22	0.401
744.40	0.401
744.58	0.400
744.77	0.400
744.95	0.400
745.13	0.401
745.32	0.400
745.50	0.401
745.68	0.401
745.87	0.401
746.05	0.401
746.23	0.401
746.41	0.401
746.60	0.401
746.78	0.400
746.96	0.400
747.15	0.400
747.33	0.400
747.51	0.400
747.70	0.400
747.88	0.400
748.06	0.400
748.24	0.400
748.43	0.400
748.61	0.400
748.79	0.400
748.97	0.400
749.16	0.400
749.34	0.401
749.52	0.401
749.71	0.400
749.89	0.400
750.07	0.400
750.25	0.400
750.44	0.400
750.62	0.400
750.80	0.399
750.98	0.399
751.17	0.399
751.35	0.400
751.53	0.399
751.71	0.399
751.90	0.399
752.08	0.400
752.26	0.400
752.44	0.400
752.63	0.399
752.81	0.399
752.99	0.400
753.17	0.400
753.36	0.399
753.54	0.399
753.72	0.399
753.90	0.399
754.09	0.399
754.27	0.399
754.45	0.399
754.63	0.398
754.82	0.399
755.00	0.399
755.18	0.400
755.36	0.399
755.54	0.399
755.73	0.400
755.91	0.400
756.09	0.400
756.27	0.401
756.45	0.400
756.64	0.400
756.82	0.400
757.00	0.400
757.18	0.400
757.37	0.400
757.55	0.400
757.73	0.400
757.91	0.399
758.09	0.399
758.27	0.399
758.46	0.399
758.64	0.399
758.82	0.399
759.00	0.400
759.18	0.399
759.37	0.400
759.55	0.400
759.73	0.400
759.91	0.399
760.09	0.399
760.28	0.399
760.46	0.399
760.64	0.399
760.82	0.399
761.00	0.399
761.18	0.399
761.37	0.398
761.55	0.398
761.73	0.398
761.91	0.398
762.09	0.398
762.27	0.397
762.46	0.397
762.64	0.397
762.82	0.397
763.00	0.397
763.18	0.397
763.36	0.397
763.54	0.397
763.73	0.397
763.91	0.397
764.09	0.397
764.27	0.396
764.45	0.396
764.63	0.396
764.81	0.396
765.00	0.395
765.18	0.396
765.36	0.396
765.54	0.395
765.72	0.396
765.90	0.395
766.08	0.395
766.27	0.395
766.45	0.395
766.63	0.395
766.81	0.395
766.99	0.394
767.17	0.394
767.35	0.394
767.53	0.393
767.71	0.393
767.90	0.393
768.08	0.393
768.26	0.393
768.44	0.393
768.62	0.393
768.80	0.394
768.98	0.393
769.16	0.394
769.34	0.394
769.52	0.394
769.71	0.394
769.89	0.393
770.07	0.394
770.25	0.393
770.43	0.393
770.61	0.393
770.79	0.393
770.97	0.393
771.15	0.393
771.33	0.392
771.51	0.393
771.69	0.393
771.88	0.393
772.06	0.393
772.24	0.393
772.42	0.392
772.60	0.392
772.78	0.392
772.96	0.392
773.14	0.392
773.32	0.392
773.50	0.392
773.68	0.392
773.86	0.392
774.04	0.393
774.22	0.393
774.40	0.394
774.58	0.393
774.77	0.393
774.95	0.393
775.13	0.393
775.31	0.393
775.49	0.392
775.67	0.393
775.85	0.393
776.03	0.393
776.21	0.393
776.39	0.393
776.57	0.393
776.75	0.392
776.93	0.393
777.11	0.393
777.29	0.393
777.47	0.393
777.65	0.393
777.83	0.393
778.01	0.393
778.19	0.394
778.37	0.394
778.55	0.393
778.73	0.393
778.91	0.393
779.09	0.393
779.27	0.393
779.45	0.392
779.63	0.392
779.81	0.392
779.99	0.392
780.17	0.392
780.35	0.393
780.53	0.393
780.71	0.393
780.89	0.393
781.07	0.393
781.25	0.393
781.43	0.394
781.61	0.394
781.79	0.393
781.97	0.393
782.15	0.393
782.33	0.394
782.51	0.394
782.69	0.393
782.87	0.393
783.05	0.393
783.23	0.393
783.41	0.393
783.59	0.393
783.77	0.393
783.95	0.393
784.13	0.393
784.31	0.393
784.49	0.393
784.67	0.393
784.85	0.393
785.03	0.393
785.21	0.393
785.38	0.392
785.56	0.392
785.74	0.393
785.92	0.393
786.10	0.392
786.28	0.392
786.46	0.392
786.64	0.393
786.82	0.393
787.00	0.393
787.18	0.393
787.36	0.393
787.54	0.394
787.72	0.394
787.90	0.394
788.08	0.394
788.25	0.394
788.43	0.394
788.61	0.394
788.79	0.393
788.97	0.393
789.15	0.393
789.33	0.393
789.51	0.392
789.69	0.392
789.87	0.392
790.05	0.392
790.23	0.392
790.40	0.392
790.58	0.392
790.76	0.392
790.94	0.392
791.12	0.392
791.30	0.392
791.48	0.392
791.66	0.392
791.84	0.393
792.02	0.393
792.19	0.394
792.37	0.393
792.55	0.394
792.73	0.393
792.91	0.393
793.09	0.393
793.27	0.393
793.45	0.393
793.63	0.392
793.80	0.392
793.98	0.392
794.16	0.393
794.34	0.392
794.52	0.392
794.70	0.392
794.88	0.392
795.05	0.392
795.23	0.392
795.41	0.392
795.59	0.392
795.77	0.391
795.95	0.391
796.13	0.391
796.30	0.391
796.48	0.392
796.66	0.391
796.84	0.391
797.02	0.391
797.20	0.391
797.38	0.391
797.55	0.392
797.73	0.391
797.91	0.391
798.09	0.391
798.27	0.391
798.45	0.391
798.62	0.391
798.80	0.391
798.98	0.391
799.16	0.391
799.34	0.392
799.52	0.392
799.69	0.391
799.87	0.391
800.05	0.391
800.23	0.390
800.41	0.390
800.58	0.390
800.76	0.390
800.94	0.390
801.12	0.390
801.30	0.390
801.47	0.391
801.65	0.391
801.83	0.391
802.01	0.391
802.19	0.391
802.36	0.390
802.54	0.390
802.72	0.390
802.90	0.390
803.08	0.390
803.25	0.390
803.43	0.391
803.61	0.391
803.79	0.392
803.97	0.392
804.14	0.391
804.32	0.391
804.50	0.391
804.68	0.391
804.85	0.390
805.03	0.390
805.21	0.390
805.39	0.389
805.56	0.390
805.74	0.390
805.92	0.390
806.10	0.391
806.28	0.391
806.45	0.391
806.63	0.391
806.81	0.391
806.99	0.391
807.16	0.391
807.34	0.391
807.52	0.391
807.70	0.391
807.87	0.390
808.05	0.390
808.23	0.390
808.41	0.391
808.58	0.391
808.76	0.391
808.94	0.391
809.11	0.390
809.29	0.390
809.47	0.390
809.65	0.390
809.82	0.390
810.00	0.390
810.18	0.389
810.36	0.390
810.53	0.390
810.71	0.390
810.89	0.390
811.06	0.390
811.24	0.390
811.42	0.390
811.60	0.390
811.77	0.391
811.95	0.391
812.13	0.391
812.30	0.391
812.48	0.391
812.66	0.391
812.83	0.391
813.01	0.391
813.19	0.391
813.37	0.390
813.54	0.390
813.72	0.390
813.90	0.391
814.07	0.391
814.25	0.390
814.43	0.390
814.60	0.391
814.78	0.390
814.96	0.390
815.13	0.390
815.31	0.389
815.49	0.389
815.66	0.389
815.84	0.389
816.02	0.389
816.19	0.388
816.37	0.388
816.55	0.388
816.72	0.389
816.90	0.389
817.08	0.389
817.25	0.389
817.43	0.389
817.61	0.389
817.78	0.389
817.96	0.389
818.14	0.388
818.31	0.388
818.49	0.389
818.67	0.388
818.84	0.388
819.02	0.388
819.19	0.388
819.37	0.388
819.55	0.389
819.72	0.389
819.90	0.388
820.08	0.388
820.25	0.388
820.43	0.388
820.60	0.389
820.78	0.388
820.96	0.388
821.13	0.387
821.31	0.387
821.49	0.387
821.66	0.387
821.84	0.387
822.01	0.387
822.19	0.387
822.37	0.388
822.54	0.388
822.72	0.388
822.89	0.389
823.07	0.389
823.25	0.389
823.42	0.389
823.60	0.389
823.77	0.389
823.95	0.389
824.13	0.389
824.30	0.389
824.48	0.389
824.65	0.389
824.83	0.389
825.01	0.389
825.18	0.388
825.36	0.389
825.53	0.388
825.71	0.388
825.88	0.388
826.06	0.388
826.24	0.388
826.41	0.388
826.59	0.388
826.76	0.388
826.94	0.388
827.11	0.388
827.29	0.388
827.47	0.388
827.64	0.387
827.82	0.387
827.99	0.387
828.17	0.387
828.34	0.387
828.52	0.387
828.69	0.387
828.87	0.387
829.04	0.388
829.22	0.387
829.40	0.388
829.57	0.388
829.75	0.388
829.92	0.386
830.10	0.386
830.27	0.388
830.45	0.387
830.62	0.387
830.80	0.387
830.97	0.387
831.15	0.387
831.32	0.387
831.50	0.388
831.67	0.388
831.85	0.387
832.02	0.387
832.20	0.387
832.37	0.387
832.55	0.387
832.73	0.387
832.90	0.387
833.08	0.387
833.25	0.387
833.43	0.387
833.60	0.387
833.78	0.387
833.95	0.387
834.13	0.387
834.30	0.387
834.48	0.387
834.65	0.387
834.82	0.388
835.00	0.387
835.17	0.387
835.35	0.387
835.52	0.386
835.70	0.387
835.87	0.387
836.05	0.387
836.22	0.386
836.40	0.385
836.57	0.386
836.75	0.386
836.92	0.386
837.10	0.385
837.27	0.384
837.45	0.385
837.62	0.385
837.80	0.385
837.97	0.385
838.14	0.385
838.32	0.384
838.49	0.384
838.67	0.384
838.84	0.384
839.02	0.384
839.19	0.384
839.37	0.384
839.54	0.384
839.71	0.384
839.89	0.385
840.06	0.385
840.24	0.385
840.41	0.385
840.59	0.386
840.76	0.385
840.94	0.385
841.11	0.385
841.28	0.386
841.46	0.386
841.63	0.386
841.81	0.385
841.98	0.386
842.15	0.386
842.33	0.386
842.50	0.386
842.68	0.386
842.85	0.385
843.03	0.385
843.20	0.385
843.37	0.385
843.55	0.385
843.72	0.385
843.90	0.384
844.07	0.384
844.24	0.383
844.42	0.383
844.59	0.383
844.77	0.383
844.94	0.384
845.11	0.384
845.29	0.383
845.46	0.384
845.63	0.383
845.81	0.383
845.98	0.383
846.16	0.383
846.33	0.384
846.50	0.384
846.68	0.384
846.85	0.384
847.02	0.385
847.20	0.385
847.37	0.386
847.55	0.386
847.72	0.386
847.89	0.385
848.07	0.385
848.24	0.386
848.41	0.385
848.59	0.385
848.76	0.385
848.93	0.384
849.11	0.385
849.28	0.384
849.45	0.384
849.63	0.383
849.80	0.383
849.97	0.384
850.15	0.385
850.32	0.386
850.49	0.385
850.67	0.385
850.84	0.385
851.01	0.386
851.19	0.386
851.36	0.386
851.53	0.385
851.71	0.385
851.88	0.385
852.05	0.385
852.23	0.385
852.40	0.385
852.57	0.385
852.75	0.385
852.92	0.384
853.09	0.385
853.27	0.384
853.44	0.385
853.61	0.384
853.79	0.384
853.96	0.385
854.13	0.385
854.30	0.384
854.48	0.385
854.65	0.385
854.82	0.385
855.00	0.384
855.17	0.385
855.34	0.385
855.51	0.385
855.69	0.384
855.86	0.385
856.03	0.384
856.21	0.384
856.38	0.384
856.55	0.384
856.72	0.384
856.90	0.385
857.07	0.385
857.24	0.385
857.42	0.384
857.59	0.385
857.76	0.386
857.93	0.386
858.11	0.387
858.28	0.386
858.45	0.386
858.62	0.387
858.80	0.388
858.97	0.388
859.14	0.387
859.31	0.386
859.49	0.386
859.66	0.386
859.83	0.387
860.00	0.386
860.18	0.386
860.35	0.386
860.52	0.386
860.69	0.387
860.86	0.387
861.04	0.386
861.21	0.386
861.38	0.386
861.55	0.385
861.73	0.385
861.90	0.384
862.07	0.385
862.24	0.386
862.42	0.386
862.59	0.386
862.76	0.387
862.93	0.386
863.10	0.387
863.28	0.386
863.45	0.387
863.62	0.387
863.79	0.386
863.96	0.386
864.14	0.386
864.31	0.385
864.48	0.387
864.65	0.387
864.82	0.387
865.00	0.387
865.17	0.387
865.34	0.387
865.51	0.387
865.68	0.387
865.86	0.387
866.03	0.386
866.20	0.386
866.37	0.386
866.54	0.387
866.71	0.387
866.89	0.387
867.06	0.387
867.23	0.388
867.40	0.388
867.57	0.388
867.74	0.389
867.92	0.389
868.09	0.389
868.26	0.389
868.43	0.389
868.60	0.389
868.77	0.389
868.95	0.389
869.12	0.390
869.29	0.390
869.46	0.391
869.63	0.390
869.80	0.389
869.97	0.389
870.15	0.389
870.32	0.388
870.49	0.389
870.66	0.388
870.83	0.389
871.00	0.388
871.17	0.389
871.34	0.388
871.52	0.388
871.69	0.389
871.86	0.390
872.03	0.390
872.20	0.390
872.37	0.390
872.54	0.389
872.71	0.390
872.89	0.391
873.06	0.391
873.23	0.390
873.40	0.389
873.57	0.389
873.74	0.389
873.91	0.388
874.08	0.389
874.25	0.388
874.42	0.388
874.60	0.389
874.77	0.389
874.94	0.389
875.11	0.389
875.28	0.389
875.45	0.388
875.62	0.388
875.79	0.389
875.96	0.389
876.13	0.388
876.30	0.388
876.47	0.388
876.65	0.389
876.82	0.390
876.99	0.391
877.16	0.391
877.33	0.390
877.50	0.390
877.67	0.391
877.84	0.391
878.01	0.391
878.18	0.390
878.35	0.390
878.52	0.389
878.69	0.389
878.86	0.390
879.03	0.390
879.20	0.389
879.38	0.388
879.55	0.388
879.72	0.389
879.89	0.389
880.06	0.390
880.23	0.391
880.40	0.391
880.57	0.392
880.74	0.392
880.91	0.392
881.08	0.392
881.25	0.392
881.42	0.391
881.59	0.390
881.76	0.389
881.93	0.389
882.10	0.388
882.27	0.388
882.44	0.388
882.61	0.389
882.78	0.389
882.95	0.390
883.12	0.390
883.29	0.389
883.46	0.390
883.63	0.389
883.80	0.390
883.97	0.390
884.14	0.390
884.31	0.389
884.48	0.390
884.65	0.391
884.82	0.391
884.99	0.391
885.16	0.392
885.33	0.392
885.50	0.392
885.67	0.392
885.84	0.393
886.01	0.392
886.18	0.392
886.35	0.392
886.52	0.392
886.69	0.391
886.86	0.391
887.03	0.391
887.20	0.389
887.37	0.389
887.54	0.391
887.71	0.391
887.88	0.391
888.05	0.391
888.22	0.392
888.39	0.392
888.55	0.392
888.72	0.393
888.89	0.394
889.06	0.391
889.23	0.392
889.40	0.391
889.57	0.392
889.74	0.392
889.91	0.392
890.08	0.393
890.25	0.393
890.42	0.394
890.59	0.394
890.76	0.394
890.93	0.396
891.10	0.396
891.26	0.395
891.43	0.395
891.60	0.395
891.77	0.395
891.94	0.393
892.11	0.393
892.28	0.392
892.45	0.391
892.62	0.391
892.79	0.391
892.96	0.391
893.13	0.392
893.29	0.391
893.46	0.392
893.63	0.392
893.80	0.391
893.97	0.391
894.14	0.391
894.31	0.393
894.48	0.381
894.65	0.397
894.81	0.389
894.98	0.398
