177.34	-0.068
177.56	-0.068
177.78	-0.068
178.00	-0.000
178.22	0.009
178.44	-0.163
178.66	-0.133
178.89	-0.274
179.11	-0.148
179.33	-0.103
179.55	-0.241
179.77	-0.000
179.99	-0.000
180.21	-0.000
180.43	-0.000
180.65	-0.202
180.87	0.098
181.09	0.219
181.31	0.254
181.53	0.290
181.75	0.301
181.97	0.411
182.19	0.466
182.41	0.539
182.63	0.476
182.85	0.467
183.07	0.476
183.30	0.485
183.52	0.487
183.74	0.444
183.96	0.382
184.18	0.370
184.40	0.334
184.62	0.347
184.84	0.336
185.06	0.317
185.28	0.349
185.50	0.367
185.72	0.409
185.94	0.466
186.16	0.496
186.38	0.526
186.60	0.567
186.82	0.665
187.04	0.777
187.26	0.781
187.48	0.882
187.70	0.893
187.92	0.920
188.14	0.954
188.36	1.010
188.58	1.006
188.80	1.020
189.02	1.008
189.24	1.068
189.46	1.040
189.68	1.109
189.90	1.121
190.12	1.111
190.34	1.104
190.56	1.112
190.78	1.122
191.00	1.139
191.22	1.137
191.44	1.122
191.66	1.119
191.88	1.176
192.10	1.197
192.32	1.208
192.54	1.193
192.76	1.177
192.98	1.171
193.20	1.148
193.42	1.181
193.64	1.198
193.86	1.192
194.08	1.214
194.30	1.232
194.52	1.275
194.74	1.292
194.96	1.312
195.18	1.402
195.40	1.414
195.62	1.400
195.84	1.365
196.06	1.383
196.28	1.428
196.50	1.466
196.72	1.465
196.94	1.517
197.16	1.535
197.38	1.515
197.60	1.523
197.82	1.493
198.04	1.496
198.26	1.536
198.48	1.483
198.70	1.506
198.92	1.503
199.13	1.523
199.35	1.588
199.57	1.619
199.79	1.667
200.01	1.690
200.23	1.643
200.45	1.636
200.67	1.677
200.89	1.637
201.11	1.605
201.33	1.599
201.55	1.609
201.77	1.644
201.99	1.638
202.21	1.628
202.43	1.674
202.65	1.703
202.87	1.760
203.09	1.751
203.31	1.722
203.52	1.751
203.74	1.745
203.96	1.727
204.18	1.727
204.40	1.710
204.62	1.725
204.84	1.708
205.06	1.756
205.28	1.796
205.50	1.770
205.72	1.763
205.94	1.782
206.16	1.801
206.38	1.847
206.59	1.803
206.81	1.815
207.03	1.846
207.25	1.856
207.47	1.882
207.69	1.881
207.91	1.878
208.13	1.895
208.35	1.876
208.57	1.870
208.79	1.899
209.01	1.868
209.22	1.866
209.44	1.839
209.66	1.867
209.88	1.898
210.10	1.891
210.32	1.884
210.54	1.896
210.76	1.911
210.98	1.925
211.20	1.956
211.42	2.026
211.63	2.033
211.85	2.038
212.07	2.057
212.29	2.061
212.51	2.109
212.73	2.114
212.95	2.086
213.17	2.065
213.39	2.027
213.60	2.020
213.82	2.029
214.04	2.025
214.26	2.114
214.48	2.124
214.70	2.097
214.92	2.129
215.14	2.130
215.35	2.140
215.57	2.155
215.79	2.170
216.01	2.238
216.23	2.175
216.45	2.161
216.67	2.184
216.89	2.186
217.10	2.166
217.32	2.158
217.54	2.163
217.76	2.123
217.98	2.116
218.20	2.123
218.42	2.102
218.64	2.128
218.85	2.111
219.07	2.139
219.29	2.186
219.51	2.211
219.73	2.238
219.95	2.182
220.17	2.192
220.38	2.237
220.60	2.230
220.82	2.232
221.04	2.235
221.26	2.208
221.48	2.170
221.69	2.157
221.91	2.173
222.13	2.163
222.35	2.161
222.57	2.146
222.79	2.187
223.00	2.202
223.22	2.210
223.44	2.256
223.66	2.281
223.88	2.296
224.10	2.346
224.32	2.347
224.53	2.366
224.75	2.352
224.97	2.391
225.19	2.390
225.41	2.376
225.62	2.377
225.84	2.375
226.06	2.294
226.28	2.303
226.50	2.306
226.72	2.269
226.93	2.239
227.15	2.252
227.37	2.233
227.59	2.247
227.81	2.226
228.02	2.247
228.24	2.235
228.46	2.233
228.68	2.245
228.90	2.237
229.12	2.208
229.33	2.212
229.55	2.194
229.77	2.201
229.99	2.190
230.21	2.172
230.42	2.163
230.64	2.152
230.86	2.115
231.08	2.117
231.30	2.103
231.51	2.083
231.73	2.074
231.95	2.066
232.17	2.060
232.38	2.047
232.60	2.034
232.82	2.043
233.04	2.023
233.26	2.023
233.47	2.015
233.69	1.998
233.91	1.991
234.13	1.981
234.35	1.959
234.56	1.950
234.78	1.940
235.00	1.928
235.22	1.910
235.43	1.891
235.65	1.884
235.87	1.861
236.09	1.843
236.30	1.835
236.52	1.821
236.74	1.809
236.96	1.794
237.18	1.782
237.39	1.769
237.61	1.758
237.83	1.755
238.05	1.746
238.26	1.734
238.48	1.726
238.70	1.717
238.92	1.709
239.13	1.700
239.35	1.698
239.57	1.686
239.79	1.674
240.00	1.663
240.22	1.656
240.44	1.646
240.66	1.634
240.87	1.626
241.09	1.615
241.31	1.603
241.53	1.596
241.74	1.591
241.96	1.583
242.18	1.574
242.40	1.567
242.61	1.563
242.83	1.554
243.05	1.550
243.27	1.546
243.48	1.540
243.70	1.533
243.92	1.529
244.13	1.523
244.35	1.517
244.57	1.511
244.79	1.504
245.00	1.500
245.22	1.495
245.44	1.487
245.65	1.481
245.87	1.479
246.09	1.478
246.31	1.475
246.52	1.469
246.74	1.468
246.96	1.463
247.18	1.460
247.39	1.456
247.61	1.453
247.83	1.447
248.04	1.439
248.26	1.438
248.48	1.433
248.69	1.432
248.91	1.426
249.13	1.423
249.35	1.418
249.56	1.412
249.78	1.407
250.00	1.408
250.21	1.404
250.43	1.403
250.65	1.400
250.86	1.397
251.08	1.394
251.30	1.394
251.51	1.392
251.73	1.391
251.95	1.385
252.17	1.381
252.38	1.378
252.60	1.374
252.82	1.372
253.03	1.369
253.25	1.368
253.47	1.367
253.68	1.365
253.90	1.364
254.12	1.363
254.33	1.363
254.55	1.359
254.77	1.358
254.98	1.356
255.20	1.351
255.42	1.349
255.63	1.346
255.85	1.345
256.07	1.341
256.28	1.336
256.50	1.335
256.72	1.331
256.93	1.330
257.15	1.331
257.37	1.328
257.58	1.327
257.80	1.324
258.02	1.324
258.23	1.323
258.45	1.321
258.67	1.321
258.88	1.318
259.10	1.317
259.32	1.317
259.53	1.314
259.75	1.312
259.96	1.309
260.18	1.309
260.40	1.309
260.61	1.307
260.83	1.306
261.05	1.303
261.26	1.301
261.48	1.301
261.70	1.299
261.91	1.297
262.13	1.294
262.34	1.291
262.56	1.291
262.78	1.290
262.99	1.288
263.21	1.287
263.43	1.286
263.64	1.285
263.86	1.285
264.07	1.282
264.29	1.280
264.51	1.277
264.72	1.274
264.94	1.273
265.16	1.269
265.37	1.266
265.59	1.264
265.80	1.261
266.02	1.259
266.24	1.257
266.45	1.256
266.67	1.254
266.88	1.252
267.10	1.251
267.32	1.249
267.53	1.248
267.75	1.245
267.96	1.243
268.18	1.242
268.40	1.239
268.61	1.237
268.83	1.234
269.04	1.231
269.26	1.227
269.48	1.224
269.69	1.223
269.91	1.223
270.12	1.220
270.34	1.217
270.56	1.216
270.77	1.214
270.99	1.212
271.20	1.210
271.42	1.207
271.64	1.203
271.85	1.198
272.07	1.195
272.28	1.193
272.50	1.190
272.71	1.187
272.93	1.184
273.15	1.182
273.36	1.181
273.58	1.179
273.79	1.177
274.01	1.175
274.22	1.172
274.44	1.169
274.66	1.166
274.87	1.164
275.09	1.161
275.30	1.159
275.52	1.156
275.73	1.152
275.95	1.149
276.16	1.145
276.38	1.141
276.60	1.137
276.81	1.133
277.03	1.130
277.24	1.125
277.46	1.121
277.67	1.117
277.89	1.115
278.10	1.112
278.32	1.109
278.53	1.107
278.75	1.103
278.97	1.099
279.18	1.095
279.40	1.093
279.61	1.088
279.83	1.083
280.04	1.079
280.26	1.076
280.47	1.073
280.69	1.069
280.90	1.065
281.12	1.062
281.33	1.057
281.55	1.053
281.76	1.049
281.98	1.046
282.20	1.041
282.41	1.036
282.63	1.032
282.84	1.028
283.06	1.023
283.27	1.017
283.49	1.013
283.70	1.008
283.92	1.002
284.13	0.998
284.35	0.995
284.56	0.990
284.78	0.985
284.99	0.981
285.21	0.977
285.42	0.973
285.64	0.967
285.85	0.962
286.07	0.957
286.28	0.951
286.50	0.945
286.71	0.940
286.93	0.935
287.14	0.930
287.36	0.926
287.57	0.922
287.79	0.917
288.00	0.912
288.22	0.908
288.43	0.903
288.65	0.898
288.86	0.893
289.08	0.888
289.29	0.882
289.51	0.876
289.72	0.871
289.94	0.865
290.15	0.860
290.37	0.855
290.58	0.850
290.80	0.846
291.01	0.842
291.22	0.838
291.44	0.835
291.65	0.831
291.87	0.826
292.08	0.821
292.30	0.817
292.51	0.813
292.73	0.808
292.94	0.803
293.16	0.799
293.37	0.794
293.59	0.789
293.80	0.786
294.02	0.783
294.23	0.778
294.44	0.773
294.66	0.770
294.87	0.765
295.09	0.761
295.30	0.758
295.52	0.754
295.73	0.749
295.95	0.745
296.16	0.741
296.37	0.737
296.59	0.734
296.80	0.730
297.02	0.727
297.23	0.723
297.45	0.720
297.66	0.716
297.88	0.712
298.09	0.709
298.30	0.705
298.52	0.700
298.73	0.697
298.95	0.694
299.16	0.690
299.38	0.686
299.59	0.684
299.80	0.681
300.02	0.678
300.23	0.675
300.45	0.672
300.66	0.668
300.88	0.665
301.09	0.663
301.30	0.661
301.52	0.658
301.73	0.654
301.95	0.651
302.16	0.648
302.37	0.645
302.59	0.643
302.80	0.640
303.02	0.636
303.23	0.632
303.45	0.629
303.66	0.627
303.87	0.624
304.09	0.621
304.30	0.619
304.52	0.616
304.73	0.613
304.94	0.610
305.16	0.608
305.37	0.605
305.59	0.602
305.80	0.600
306.01	0.598
306.23	0.596
306.44	0.593
306.65	0.591
306.87	0.589
307.08	0.588
307.30	0.585
307.51	0.583
307.72	0.580
307.94	0.577
308.15	0.575
308.37	0.572
308.58	0.569
308.79	0.567
309.01	0.565
309.22	0.562
309.43	0.559
309.65	0.557
309.86	0.554
310.07	0.552
310.29	0.549
310.50	0.547
310.72	0.544
310.93	0.542
311.14	0.539
311.36	0.536
311.57	0.532
311.78	0.530
312.00	0.528
312.21	0.526
312.42	0.523
312.64	0.520
312.85	0.518
313.07	0.516
313.28	0.514
313.49	0.512
313.71	0.510
313.92	0.508
314.13	0.505
314.35	0.502
314.56	0.500
314.77	0.498
314.99	0.496
315.20	0.495
315.41	0.493
315.63	0.491
315.84	0.489
316.05	0.488
316.27	0.485
316.48	0.484
316.69	0.481
316.91	0.479
317.12	0.477
317.33	0.474
317.55	0.472
317.76	0.470
317.97	0.467
318.19	0.466
318.40	0.463
318.61	0.462
318.83	0.461
319.04	0.458
319.25	0.456
319.47	0.454
319.68	0.452
319.89	0.451
320.10	0.448
320.32	0.447
320.53	0.445
320.74	0.442
320.96	0.441
321.17	0.439
321.38	0.437
321.60	0.435
321.81	0.432
322.02	0.431
322.24	0.429
322.45	0.426
322.66	0.425
322.87	0.423
323.09	0.421
323.30	0.419
323.51	0.417
323.73	0.416
323.94	0.414
324.15	0.411
324.36	0.410
324.58	0.408
324.79	0.406
325.00	0.404
325.22	0.403
325.43	0.401
325.64	0.400
325.85	0.398
326.07	0.396
326.28	0.394
326.49	0.393
326.71	0.392
326.92	0.389
327.13	0.387
327.34	0.386
327.56	0.384
327.77	0.383
327.98	0.381
328.19	0.379
328.41	0.378
328.62	0.376
328.83	0.375
329.04	0.373
329.26	0.371
329.47	0.369
329.68	0.368
329.90	0.366
330.11	0.364
330.32	0.362
330.53	0.360
330.75	0.358
330.96	0.356
331.17	0.354
331.38	0.353
331.60	0.352
331.81	0.350
332.02	0.349
332.23	0.347
332.44	0.346
332.66	0.345
332.87	0.343
333.08	0.342
333.29	0.340
333.51	0.339
333.72	0.337
333.93	0.336
334.14	0.335
334.36	0.334
334.57	0.332
334.78	0.330
334.99	0.329
335.21	0.328
335.42	0.325
335.63	0.324
335.84	0.322
336.05	0.321
336.27	0.320
336.48	0.319
336.69	0.317
336.90	0.316
337.11	0.314
337.33	0.313
337.54	0.312
337.75	0.311
337.96	0.309
338.18	0.307
338.39	0.306
338.60	0.305
338.81	0.303
339.02	0.302
339.24	0.300
339.45	0.299
339.66	0.297
339.87	0.296
340.08	0.295
340.30	0.294
340.51	0.293
340.72	0.292
340.93	0.291
341.14	0.290
341.36	0.288
341.57	0.287
341.78	0.286
341.99	0.285
342.20	0.284
342.41	0.282
342.63	0.281
342.84	0.280
343.05	0.278
343.26	0.277
343.47	0.276
343.69	0.274
343.90	0.273
344.11	0.271
344.32	0.270
344.53	0.269
344.74	0.268
344.96	0.267
345.17	0.265
345.38	0.265
345.59	0.264
345.80	0.263
346.01	0.262
346.23	0.261
346.44	0.259
346.65	0.258
346.86	0.257
347.07	0.256
347.28	0.254
347.50	0.253
347.71	0.252
347.92	0.250
348.13	0.249
348.34	0.247
348.55	0.247
348.76	0.246
348.98	0.245
349.19	0.243
349.40	0.242
349.61	0.241
349.82	0.240
350.03	0.240
350.24	0.239
350.46	0.238
350.67	0.237
350.88	0.236
351.09	0.235
351.30	0.233
351.51	0.232
351.72	0.231
351.93	0.229
352.15	0.228
352.36	0.226
352.57	0.225
352.78	0.224
352.99	0.224
353.20	0.223
353.41	0.222
353.62	0.221
353.84	0.219
354.05	0.219
354.26	0.218
354.47	0.218
354.68	0.217
354.89	0.216
355.10	0.215
355.31	0.214
355.52	0.213
355.74	0.213
355.95	0.211
356.16	0.210
356.37	0.209
356.58	0.208
356.79	0.207
357.00	0.206
357.21	0.205
357.42	0.203
357.63	0.202
357.85	0.201
358.06	0.200
358.27	0.199
358.48	0.198
358.69	0.197
358.90	0.196
359.11	0.195
359.32	0.195
359.53	0.195
359.74	0.194
359.95	0.193
360.17	0.192
360.38	0.191
360.59	0.191
360.80	0.190
361.01	0.189
361.22	0.188
361.43	0.186
361.64	0.185
361.85	0.185
362.06	0.183
362.27	0.182
362.48	0.181
362.69	0.180
362.90	0.179
363.12	0.178
363.33	0.177
363.54	0.175
363.75	0.175
363.96	0.175
364.17	0.174
364.38	0.174
364.59	0.174
364.80	0.173
365.01	0.173
365.22	0.172
365.43	0.171
365.64	0.170
365.85	0.169
366.06	0.168
366.27	0.167
366.48	0.166
366.69	0.165
366.90	0.163
367.11	0.163
367.32	0.162
367.54	0.161
367.75	0.160
367.96	0.160
368.17	0.159
368.38	0.158
368.59	0.157
368.80	0.156
369.01	0.155
369.22	0.155
369.43	0.153
369.64	0.153
369.85	0.152
370.06	0.152
370.27	0.151
370.48	0.150
370.69	0.149
370.90	0.148
371.11	0.148
371.32	0.148
371.53	0.147
371.74	0.146
371.95	0.146
372.16	0.144
372.37	0.144
372.58	0.143
372.79	0.143
373.00	0.142
373.21	0.140
373.42	0.140
373.63	0.139
373.84	0.138
374.05	0.138
374.26	0.137
374.47	0.136
374.68	0.135
374.89	0.135
375.10	0.134
375.31	0.133
375.52	0.133
375.73	0.133
375.94	0.132
376.15	0.131
376.36	0.130
376.57	0.130
376.78	0.129
376.99	0.129
377.20	0.129
377.41	0.128
377.62	0.127
377.83	0.126
378.04	0.126
378.25	0.126
378.46	0.125
378.67	0.124
378.88	0.124
379.09	0.123
379.30	0.123
379.51	0.122
379.72	0.121
379.92	0.120
380.13	0.119
380.34	0.119
380.55	0.118
380.76	0.117
380.97	0.117
381.18	0.116
381.39	0.116
381.60	0.116
381.81	0.115
382.02	0.115
382.23	0.115
382.44	0.115
382.65	0.114
382.86	0.114
383.07	0.114
383.28	0.113
383.49	0.112
383.70	0.111
383.91	0.111
384.11	0.110
384.32	0.109
384.53	0.109
384.74	0.108
384.95	0.108
385.16	0.108
385.37	0.108
385.58	0.107
385.79	0.106
386.00	0.106
386.21	0.106
386.42	0.105
386.63	0.105
386.84	0.104
387.04	0.103
387.25	0.102
387.46	0.102
387.67	0.101
387.88	0.100
388.09	0.099
388.30	0.099
388.51	0.098
388.72	0.098
388.93	0.098
389.14	0.097
389.34	0.096
389.55	0.096
389.76	0.095
389.97	0.095
390.18	0.094
390.39	0.094
390.60	0.094
390.81	0.093
391.02	0.094
391.23	0.093
391.43	0.093
391.64	0.092
391.85	0.092
392.06	0.091
392.27	0.091
392.48	0.090
392.69	0.090
392.90	0.090
393.11	0.089
393.31	0.089
393.52	0.089
393.73	0.088
393.94	0.088
394.15	0.088
394.36	0.087
394.57	0.086
394.78	0.086
394.98	0.086
395.19	0.086
395.40	0.085
395.61	0.085
395.82	0.085
396.03	0.085
396.24	0.085
396.44	0.086
396.65	0.085
396.86	0.085
397.07	0.083
397.28	0.083
397.49	0.082
397.70	0.082
397.90	0.081
398.11	0.081
398.32	0.080
398.53	0.079
398.74	0.080
398.95	0.079
399.16	0.079
399.36	0.080
399.57	0.079
399.78	0.079
399.99	0.078
400.20	0.078
400.41	0.078
400.61	0.078
400.82	0.077
401.03	0.077
401.24	0.076
401.45	0.076
401.66	0.076
401.86	0.076
402.07	0.076
402.28	0.075
402.49	0.074
402.70	0.074
402.91	0.074
403.11	0.074
403.32	0.073
403.53	0.073
403.74	0.073
403.95	0.073
404.15	0.072
404.36	0.072
404.57	0.072
404.78	0.071
404.99	0.071
405.20	0.070
405.40	0.068
405.61	0.068
405.82	0.068
406.03	0.068
406.24	0.067
406.44	0.067
406.65	0.067
406.86	0.067
407.07	0.067
407.28	0.067
407.48	0.068
407.69	0.067
407.90	0.067
408.11	0.067
408.32	0.066
408.52	0.066
408.73	0.066
408.94	0.066
409.15	0.066
409.35	0.066
409.56	0.065
409.77	0.065
409.98	0.064
410.19	0.064
410.39	0.064
410.60	0.064
410.81	0.063
411.02	0.063
411.22	0.062
411.43	0.062
411.64	0.062
411.85	0.061
412.05	0.061
412.26	0.061
412.47	0.061
412.68	0.061
412.89	0.061
413.09	0.060
413.30	0.060
413.51	0.060
413.72	0.060
413.92	0.061
414.13	0.061
414.34	0.060
414.55	0.060
414.75	0.060
414.96	0.060
415.17	0.059
415.38	0.059
415.58	0.058
415.79	0.058
416.00	0.058
416.21	0.058
416.41	0.058
416.62	0.057
416.83	0.056
417.03	0.056
417.24	0.055
417.45	0.055
417.66	0.055
417.86	0.055
418.07	0.055
418.28	0.055
418.49	0.055
418.69	0.055
418.90	0.054
419.11	0.054
419.31	0.054
419.52	0.054
419.73	0.054
419.94	0.053
420.14	0.052
420.35	0.052
420.56	0.052
420.76	0.052
420.97	0.052
421.18	0.052
421.39	0.051
421.59	0.051
421.80	0.052
422.01	0.052
422.21	0.051
422.42	0.051
422.63	0.052
422.84	0.051
423.04	0.051
423.25	0.051
423.46	0.051
423.66	0.051
423.87	0.051
424.08	0.051
424.28	0.050
424.49	0.050
424.70	0.050
424.90	0.050
425.11	0.049
425.32	0.049
425.52	0.049
425.73	0.048
425.94	0.048
426.15	0.048
426.35	0.048
426.56	0.048
426.77	0.048
426.97	0.048
427.18	0.048
427.39	0.048
427.59	0.048
427.80	0.048
428.01	0.048
428.21	0.048
428.42	0.047
428.63	0.047
428.83	0.046
429.04	0.047
429.25	0.046
429.45	0.046
429.66	0.046
429.87	0.046
430.07	0.046
430.28	0.045
430.48	0.045
430.69	0.045
430.90	0.044
431.10	0.044
431.31	0.044
431.52	0.044
431.72	0.043
431.93	0.043
432.14	0.043
432.34	0.043
432.55	0.043
432.76	0.043
432.96	0.043
433.17	0.042
433.37	0.042
433.58	0.042
433.79	0.043
433.99	0.043
434.20	0.043
434.41	0.043
434.61	0.043
434.82	0.043
435.02	0.043
435.23	0.043
435.44	0.042
435.64	0.041
435.85	0.041
436.06	0.041
436.26	0.041
436.47	0.041
436.67	0.040
436.88	0.040
437.09	0.040
437.29	0.040
437.50	0.040
437.70	0.039
437.91	0.039
438.12	0.039
438.32	0.039
438.53	0.039
438.73	0.039
438.94	0.039
439.15	0.039
439.35	0.039
439.56	0.038
439.76	0.038
439.97	0.038
440.18	0.037
440.38	0.037
440.59	0.037
440.79	0.037
441.00	0.037
441.20	0.037
441.41	0.037
441.62	0.038
441.82	0.037
442.03	0.037
442.23	0.036
442.44	0.036
442.65	0.035
442.85	0.034
443.06	0.034
443.26	0.034
443.47	0.034
443.67	0.033
443.88	0.033
444.09	0.034
444.29	0.035
444.50	0.035
444.70	0.035
444.91	0.036
445.11	0.035
445.32	0.035
445.52	0.035
445.73	0.035
445.94	0.035
446.14	0.035
446.35	0.035
446.55	0.034
446.76	0.035
446.96	0.035
447.17	0.034
447.37	0.034
447.58	0.033
447.78	0.033
447.99	0.032
448.20	0.032
448.40	0.032
448.61	0.032
448.81	0.032
449.02	0.032
449.22	0.033
449.43	0.034
449.63	0.034
449.84	0.034
450.04	0.034
450.25	0.034
450.45	0.033
450.66	0.033
450.86	0.032
451.07	0.031
451.27	0.031
451.48	0.031
451.68	0.031
451.89	0.031
452.09	0.031
452.30	0.031
452.50	0.032
452.71	0.033
452.91	0.032
453.12	0.031
453.33	0.031
453.53	0.031
453.74	0.031
453.94	0.031
454.15	0.031
454.35	0.030
454.56	0.030
454.76	0.030
454.96	0.031
455.17	0.031
455.37	0.030
455.58	0.030
455.78	0.030
455.99	0.031
456.19	0.030
456.40	0.029
456.60	0.030
456.81	0.029
457.01	0.030
457.22	0.030
457.42	0.030
457.63	0.029
457.83	0.029
458.04	0.029
458.24	0.029
458.45	0.029
458.65	0.029
458.86	0.029
459.06	0.028
459.27	0.028
459.47	0.028
459.67	0.027
459.88	0.027
460.08	0.027
460.29	0.027
460.49	0.027
460.70	0.026
460.90	0.027
461.11	0.027
461.31	0.027
461.52	0.028
461.72	0.028
461.92	0.028
462.13	0.028
462.33	0.028
462.54	0.028
462.74	0.027
462.95	0.028
463.15	0.027
463.36	0.027
463.56	0.027
463.76	0.027
463.97	0.027
464.17	0.028
464.38	0.027
464.58	0.026
464.79	0.026
464.99	0.025
465.19	0.026
465.40	0.026
465.60	0.025
465.81	0.025
466.01	0.024
466.22	0.024
466.42	0.024
466.62	0.024
466.83	0.024
467.03	0.023
467.24	0.024
467.44	0.024
467.65	0.024
467.85	0.024
468.05	0.025
468.26	0.025
468.46	0.025
468.67	0.025
468.87	0.025
469.07	0.025
469.28	0.024
469.48	0.024
469.69	0.024
469.89	0.023
470.09	0.024
470.30	0.024
470.50	0.023
470.71	0.023
470.91	0.023
471.11	0.023
471.32	0.023
471.52	0.023
471.72	0.023
471.93	0.022
472.13	0.023
472.34	0.023
472.54	0.023
472.74	0.022
472.95	0.023
473.15	0.023
473.35	0.023
473.56	0.023
473.76	0.023
473.97	0.024
474.17	0.023
474.37	0.024
474.58	0.024
474.78	0.023
474.98	0.023
475.19	0.024
475.39	0.023
475.60	0.023
475.80	0.023
476.00	0.024
476.21	0.023
476.41	0.023
476.61	0.023
476.82	0.023
477.02	0.022
477.22	0.023
477.43	0.023
477.63	0.023
477.83	0.022
478.04	0.022
478.24	0.022
478.44	0.021
478.65	0.022
478.85	0.022
479.05	0.022
479.26	0.021
479.46	0.021
479.66	0.022
479.87	0.022
480.07	0.022
480.27	0.022
480.48	0.022
480.68	0.021
480.88	0.021
481.09	0.021
481.29	0.021
481.49	0.021
481.70	0.021
481.90	0.022
482.10	0.021
482.31	0.021
482.51	0.022
482.71	0.022
482.92	0.023
483.12	0.022
483.32	0.022
483.52	0.022
483.73	0.022
483.93	0.022
484.13	0.022
484.34	0.021
484.54	0.021
484.74	0.021
484.95	0.020
485.15	0.021
485.35	0.020
485.55	0.020
485.76	0.020
485.96	0.020
486.16	0.019
486.37	0.019
486.57	0.020
486.77	0.019
486.97	0.020
487.18	0.019
487.38	0.019
487.58	0.019
487.79	0.020
487.99	0.020
488.19	0.020
488.39	0.020
488.60	0.020
488.80	0.020
489.00	0.020
489.20	0.020
489.41	0.020
489.61	0.020
489.81	0.020
490.02	0.019
490.22	0.020
490.42	0.019
490.62	0.020
490.83	0.020
491.03	0.020
491.23	0.020
491.43	0.020
491.64	0.020
491.84	0.020
492.04	0.019
492.24	0.020
492.45	0.019
492.65	0.019
492.85	0.018
493.05	0.018
493.26	0.018
493.46	0.018
493.66	0.018
493.86	0.017
494.07	0.017
494.27	0.018
494.47	0.018
494.67	0.018
494.87	0.018
495.08	0.018
495.28	0.018
495.48	0.018
495.68	0.018
495.89	0.018
496.09	0.018
496.29	0.017
496.49	0.017
496.69	0.017
496.90	0.017
497.10	0.017
497.30	0.017
497.50	0.017
497.71	0.018
497.91	0.018
498.11	0.018
498.31	0.018
498.51	0.018
498.72	0.018
498.92	0.018
499.12	0.018
499.32	0.017
499.52	0.017
499.73	0.016
499.93	0.016
500.13	0.016
500.33	0.016
500.53	0.016
500.74	0.016
500.94	0.016
501.14	0.016
501.34	0.016
501.54	0.017
501.74	0.017
501.95	0.017
502.15	0.017
502.35	0.016
502.55	0.016
502.75	0.016
502.96	0.015
503.16	0.016
503.36	0.016
503.56	0.016
503.76	0.016
503.96	0.016
504.17	0.016
504.37	0.016
504.57	0.016
504.77	0.016
504.97	0.016
505.17	0.016
505.38	0.015
505.58	0.015
505.78	0.015
505.98	0.015
506.18	0.015
506.38	0.015
506.58	0.015
506.79	0.015
506.99	0.015
507.19	0.015
507.39	0.015
507.59	0.014
507.79	0.015
507.99	0.015
508.20	0.015
508.40	0.015
508.60	0.015
508.80	0.015
509.00	0.015
509.20	0.015
509.40	0.015
509.61	0.015
509.81	0.015
510.01	0.015
510.21	0.014
510.41	0.015
510.61	0.015
510.81	0.014
511.01	0.013
511.22	0.014
511.42	0.014
511.62	0.013
511.82	0.013
512.02	0.014
512.22	0.014
512.42	0.014
512.62	0.014
512.82	0.015
513.03	0.014
513.23	0.015
513.43	0.015
513.63	0.014
513.83	0.014
514.03	0.014
514.23	0.014
514.43	0.013
514.63	0.014
514.83	0.014
515.04	0.014
515.24	0.014
515.44	0.014
515.64	0.015
515.84	0.015
516.04	0.014
516.24	0.015
516.44	0.015
516.64	0.014
516.84	0.014
517.04	0.014
517.24	0.014
517.45	0.014
517.65	0.014
517.85	0.015
518.05	0.014
518.25	0.013
518.45	0.014
518.65	0.014
518.85	0.015
519.05	0.014
519.25	0.014
519.45	0.014
519.65	0.013
519.85	0.014
520.05	0.014
520.25	0.014
520.46	0.013
520.66	0.013
520.86	0.013
521.06	0.013
521.26	0.013
521.46	0.013
521.66	0.013
521.86	0.013
522.06	0.013
522.26	0.013
522.46	0.014
522.66	0.013
522.86	0.013
523.06	0.013
523.26	0.013
523.46	0.013
523.66	0.013
523.86	0.013
524.06	0.012
524.26	0.012
524.46	0.013
524.66	0.012
524.86	0.012
525.06	0.012
525.26	0.013
525.46	0.013
525.66	0.012
525.87	0.013
526.07	0.012
526.27	0.012
526.47	0.012
526.67	0.012
526.87	0.013
527.07	0.013
527.27	0.013
527.47	0.013
527.67	0.014
527.87	0.014
528.07	0.014
528.27	0.014
528.47	0.014
528.67	0.013
528.87	0.014
529.07	0.013
529.27	0.013
529.47	0.012
529.67	0.012
529.87	0.012
530.07	0.012
530.27	0.012
530.47	0.012
530.67	0.011
530.87	0.012
531.06	0.012
531.26	0.012
531.46	0.012
531.66	0.012
531.86	0.012
532.06	0.012
532.26	0.011
532.46	0.012
532.66	0.012
532.86	0.011
533.06	0.011
533.26	0.010
533.46	0.010
533.66	0.010
533.86	0.010
534.06	0.011
534.26	0.011
534.46	0.010
534.66	0.010
534.86	0.011
535.06	0.012
535.26	0.011
535.46	0.011
535.66	0.011
535.86	0.011
536.06	0.010
536.26	0.011
536.45	0.011
536.65	0.010
536.85	0.010
537.05	0.010
537.25	0.010
537.45	0.010
537.65	0.010
537.85	0.011
538.05	0.010
538.25	0.010
538.45	0.010
538.65	0.011
538.85	0.010
539.05	0.010
539.25	0.010
539.44	0.010
539.64	0.010
539.84	0.010
540.04	0.010
540.24	0.010
540.44	0.010
540.64	0.010
540.84	0.010
541.04	0.010
541.24	0.010
541.44	0.010
541.64	0.010
541.83	0.010
542.03	0.010
542.23	0.010
542.43	0.010
542.63	0.010
542.83	0.010
543.03	0.010
543.23	0.010
543.43	0.010
543.63	0.009
543.82	0.009
544.02	0.009
544.22	0.010
544.42	0.010
544.62	0.010
544.82	0.009
545.02	0.009
545.22	0.008
545.42	0.009
545.61	0.009
545.81	0.009
546.01	0.008
546.21	0.008
546.41	0.008
546.61	0.008
546.81	0.009
547.01	0.010
547.20	0.010
547.40	0.009
547.60	0.009
547.80	0.010
548.00	0.010
548.20	0.010
548.40	0.010
548.59	0.010
548.79	0.009
548.99	0.009
549.19	0.009
549.39	0.010
549.59	0.010
549.79	0.010
549.98	0.009
550.18	0.009
550.38	0.010
550.58	0.010
550.78	0.010
550.98	0.010
551.17	0.009
551.37	0.009
551.57	0.009
551.77	0.009
551.97	0.009
552.17	0.009
552.36	0.008
552.56	0.008
552.76	0.008
552.96	0.009
553.16	0.008
553.36	0.009
553.55	0.008
553.75	0.008
553.95	0.009
554.15	0.009
554.35	0.009
554.55	0.008
554.74	0.009
554.94	0.009
555.14	0.009
555.34	0.009
555.54	0.009
555.73	0.008
555.93	0.008
556.13	0.008
556.33	0.008
556.53	0.008
556.72	0.008
556.92	0.007
557.12	0.007
557.32	0.007
557.52	0.007
557.71	0.007
557.91	0.007
558.11	0.007
558.31	0.007
558.51	0.007
558.70	0.008
558.90	0.008
559.10	0.008
559.30	0.008
559.49	0.009
559.69	0.008
559.89	0.008
560.09	0.008
560.29	0.008
560.48	0.008
560.68	0.008
560.88	0.007
561.08	0.007
561.27	0.007
561.47	0.007
561.67	0.007
561.87	0.007
562.06	0.007
562.26	0.008
562.46	0.008
562.66	0.008
562.86	0.007
563.05	0.008
563.25	0.007
563.45	0.007
563.65	0.007
563.84	0.007
564.04	0.007
564.24	0.006
564.44	0.006
564.63	0.006
564.83	0.006
565.03	0.007
565.22	0.007
565.42	0.006
565.62	0.006
565.82	0.006
566.01	0.007
566.21	0.007
566.41	0.007
566.61	0.006
566.80	0.007
567.00	0.007
567.20	0.007
567.40	0.007
567.59	0.008
567.79	0.008
567.99	0.008
568.18	0.008
568.38	0.008
568.58	0.008
568.78	0.008
568.97	0.008
569.17	0.008
569.37	0.007
569.56	0.007
569.76	0.007
569.96	0.007
570.16	0.007
570.35	0.007
570.55	0.008
570.75	0.007
570.94	0.007
571.14	0.007
571.34	0.007
571.53	0.007
571.73	0.007
571.93	0.007
572.12	0.007
572.32	0.007
572.52	0.007
572.72	0.007
572.91	0.008
573.11	0.008
573.31	0.008
573.50	0.008
573.70	0.007
573.90	0.007
574.09	0.007
574.29	0.007
574.49	0.007
574.68	0.007
574.88	0.006
575.08	0.007
575.27	0.007
575.47	0.007
575.67	0.007
575.86	0.007
576.06	0.007
576.26	0.007
576.45	0.007
576.65	0.007
576.85	0.007
577.04	0.007
577.24	0.006
577.44	0.006
577.63	0.006
577.83	0.006
578.02	0.005
578.22	0.005
578.42	0.005
578.61	0.005
578.81	0.005
579.01	0.005
579.20	0.006
579.40	0.006
579.60	0.006
579.79	0.007
579.99	0.008
580.19	0.008
580.38	0.008
580.58	0.007
580.77	0.007
580.97	0.007
581.17	0.007
581.36	0.006
581.56	0.006
581.75	0.005
581.95	0.005
582.15	0.005
582.34	0.005
582.54	0.006
582.74	0.006
582.93	0.006
583.13	0.006
583.32	0.007
583.52	0.007
583.72	0.007
583.91	0.007
584.11	0.006
584.30	0.006
584.50	0.006
584.70	0.005
584.89	0.005
585.09	0.005
585.28	0.005
585.48	0.005
585.68	0.005
585.87	0.005
586.07	0.006
586.26	0.006
586.46	0.006
586.66	0.006
586.85	0.006
587.05	0.006
587.24	0.006
587.44	0.006
587.63	0.006
587.83	0.006
588.03	0.006
588.22	0.006
588.42	0.005
588.61	0.006
588.81	0.006
589.00	0.006
589.20	0.006
589.40	0.006
589.59	0.005
589.79	0.006
589.98	0.006
590.18	0.006
590.37	0.005
590.57	0.005
590.76	0.005
590.96	0.006
591.16	0.006
591.35	0.006
591.55	0.005
591.74	0.005
591.94	0.005
592.13	0.006
592.33	0.006
592.52	0.006
592.72	0.006
592.91	0.006
593.11	0.006
593.30	0.005
593.50	0.005
593.70	0.005
593.89	0.005
594.09	0.005
594.28	0.005
594.48	0.005
594.67	0.004
594.87	0.005
595.06	0.005
595.26	0.005
595.45	0.005
595.65	0.005
595.84	0.006
596.04	0.006
596.23	0.006
596.43	0.006
596.62	0.006
596.82	0.006
597.01	0.006
597.21	0.006
597.40	0.007
597.60	0.007
597.79	0.006
597.99	0.006
598.18	0.006
598.38	0.006
598.57	0.006
598.77	0.006
598.96	0.005
599.16	0.005
599.35	0.005
599.55	0.005
599.74	0.005
599.94	0.005
600.13	0.005
600.33	0.005
600.52	0.005
600.72	0.004
600.91	0.004
601.11	0.004
601.30	0.004
601.50	0.005
601.69	0.005
601.89	0.005
602.08	0.005
602.27	0.005
602.47	0.005
602.66	0.005
602.86	0.005
603.05	0.005
603.25	0.005
603.44	0.005
603.64	0.005
603.83	0.005
604.03	0.005
604.22	0.005
604.41	0.005
604.61	0.005
604.80	0.005
605.00	0.005
605.19	0.005
605.39	0.005
605.58	0.006
605.78	0.005
605.97	0.005
606.16	0.005
606.36	0.005
606.55	0.005
606.75	0.005
606.94	0.004
607.14	0.004
607.33	0.003
607.52	0.003
607.72	0.003
607.91	0.004
608.11	0.004
608.30	0.004
608.50	0.004
608.69	0.004
608.88	0.004
609.08	0.004
609.27	0.004
609.47	0.004
609.66	0.004
609.85	0.004
610.05	0.004
610.24	0.004
610.44	0.004
610.63	0.004
610.83	0.004
611.02	0.003
611.21	0.004
611.41	0.004
611.60	0.004
611.80	0.005
611.99	0.005
612.18	0.004
612.38	0.005
612.57	0.005
612.76	0.005
612.96	0.005
613.15	0.005
613.35	0.005
613.54	0.005
613.73	0.004
613.93	0.005
614.12	0.005
614.32	0.004
614.51	0.004
614.70	0.004
614.90	0.004
615.09	0.003
615.28	0.004
615.48	0.004
615.67	0.004
615.86	0.003
616.06	0.004
616.25	0.004
616.45	0.004
616.64	0.004
616.83	0.004
617.03	0.004
617.22	0.004
617.41	0.004
617.61	0.004
617.80	0.004
617.99	0.004
618.19	0.004
618.38	0.003
618.57	0.004
618.77	0.004
618.96	0.004
619.15	0.004
619.35	0.003
619.54	0.003
619.73	0.003
619.93	0.003
620.12	0.003
620.31	0.003
620.51	0.003
620.70	0.003
620.89	0.004
621.09	0.004
621.28	0.005
621.47	0.005
621.67	0.004
621.86	0.004
622.05	0.004
622.25	0.004
622.44	0.004
622.63	0.003
622.83	0.003
623.02	0.003
623.21	0.002
623.41	0.003
623.60	0.002
623.79	0.002
623.98	0.002
624.18	0.003
624.37	0.003
624.56	0.003
624.76	0.002
624.95	0.003
625.14	0.003
625.33	0.003
625.53	0.003
625.72	0.003
625.91	0.003
626.11	0.004
626.30	0.004
626.49	0.003
626.68	0.004
626.88	0.003
627.07	0.003
627.26	0.003
627.46	0.003
627.65	0.003
627.84	0.003
628.03	0.003
628.23	0.003
628.42	0.003
628.61	0.003
628.80	0.003
629.00	0.003
629.19	0.002
629.38	0.002
629.58	0.001
629.77	0.002
629.96	0.001
630.15	0.001
630.35	0.001
630.54	0.001
630.73	0.001
630.92	0.002
631.12	0.002
631.31	0.002
631.50	0.002
631.69	0.002
631.89	0.003
632.08	0.002
632.27	0.002
632.46	0.002
632.65	0.003
632.85	0.003
633.04	0.003
633.23	0.002
633.42	0.002
633.62	0.003
633.81	0.003
634.00	0.003
634.19	0.003
634.39	0.003
634.58	0.003
634.77	0.004
634.96	0.004
635.15	0.004
635.35	0.004
635.54	0.004
635.73	0.004
635.92	0.004
636.11	0.004
636.31	0.003
636.50	0.003
636.69	0.003
636.88	0.003
637.07	0.003
637.27	0.003
637.46	0.003
637.65	0.003
637.84	0.003
638.03	0.003
638.23	0.004
638.42	0.003
638.61	0.003
638.80	0.003
638.99	0.003
639.19	0.003
639.38	0.003
639.57	0.003
639.76	0.003
639.95	0.003
640.14	0.003
640.34	0.003
640.53	0.003
640.72	0.003
640.91	0.003
641.10	0.003
641.30	0.003
641.49	0.002
641.68	0.002
641.87	0.002
642.06	0.002
642.25	0.002
642.44	0.003
642.64	0.003
642.83	0.002
643.02	0.002
643.21	0.002
643.40	0.002
643.59	0.002
643.79	0.002
643.98	0.003
644.17	0.003
644.36	0.003
644.55	0.003
644.74	0.003
644.93	0.003
645.13	0.004
645.32	0.004
645.51	0.003
645.70	0.003
645.89	0.003
646.08	0.003
646.27	0.003
646.46	0.003
646.66	0.004
646.85	0.004
647.04	0.004
647.23	0.004
647.42	0.004
647.61	0.004
647.80	0.004
647.99	0.004
648.19	0.004
648.38	0.004
648.57	0.003
648.76	0.003
648.95	0.003
649.14	0.003
649.33	0.003
649.52	0.002
649.71	0.002
649.91	0.002
650.10	0.002
650.29	0.002
650.48	0.002
650.67	0.002
650.86	0.002
651.05	0.002
651.24	0.002
651.43	0.002
651.62	0.002
651.81	0.002
652.01	0.002
652.20	0.002
652.39	0.002
652.58	0.003
652.77	0.003
652.96	0.003
653.15	0.003
653.34	0.003
653.53	0.003
653.72	0.003
653.91	0.003
654.10	0.003
654.29	0.003
654.48	0.002
654.68	0.003
654.87	0.003
655.06	0.003
655.25	0.003
655.44	0.003
655.63	0.003
655.82	0.003
656.01	0.003
656.20	0.003
656.39	0.003
656.58	0.002
656.77	0.002
656.96	0.003
657.15	0.003
657.34	0.002
657.53	0.002
657.72	0.002
657.91	0.002
658.10	0.002
658.29	0.003
658.48	0.003
658.68	0.003
658.87	0.003
659.06	0.003
659.25	0.003
659.44	0.003
659.63	0.003
659.82	0.003
660.01	0.003
660.20	0.002
660.39	0.002
660.58	0.002
660.77	0.002
660.96	0.003
661.15	0.002
661.34	0.003
661.53	0.003
661.72	0.003
661.91	0.003
662.10	0.003
662.29	0.003
662.48	0.004
662.67	0.003
662.86	0.003
663.05	0.003
663.24	0.003
663.43	0.003
663.62	0.003
663.81	0.003
664.00	0.003
664.19	0.003
664.38	0.003
664.57	0.003
664.76	0.003
664.95	0.003
665.14	0.003
665.33	0.003
665.52	0.002
665.71	0.002
665.90	0.002
666.09	0.002
666.28	0.003
666.46	0.003
666.65	0.003
666.84	0.003
667.03	0.003
667.22	0.004
667.41	0.003
667.60	0.004
667.79	0.004
667.98	0.003
668.17	0.003
668.36	0.003
668.55	0.003
668.74	0.003
668.93	0.003
669.12	0.003
669.31	0.003
669.50	0.003
669.69	0.003
669.88	0.003
670.07	0.003
670.26	0.003
670.44	0.003
670.63	0.003
670.82	0.003
671.01	0.003
671.20	0.003
671.39	0.003
671.58	0.003
671.77	0.003
671.96	0.002
672.15	0.002
672.34	0.003
672.53	0.002
672.72	0.002
672.91	0.003
673.09	0.002
673.28	0.002
673.47	0.002
673.66	0.002
673.85	0.002
674.04	0.002
674.23	0.002
674.42	0.002
674.61	0.002
674.80	0.002
674.98	0.002
675.17	0.002
675.36	0.002
675.55	0.002
675.74	0.001
675.93	0.001
676.12	0.001
676.31	0.001
676.50	0.001
676.69	0.001
676.87	0.001
677.06	0.001
677.25	0.002
677.44	0.002
677.63	0.002
677.82	0.002
678.01	0.002
678.20	0.003
678.38	0.002
678.57	0.002
678.76	0.002
678.95	0.002
679.14	0.002
679.33	0.002
679.52	0.002
679.71	0.002
679.89	0.002
680.08	0.002
680.27	0.002
680.46	0.002
680.65	0.002
680.84	0.002
681.02	0.002
681.21	0.002
681.40	0.001
681.59	0.001
681.78	0.002
681.97	0.001
682.16	0.001
682.34	0.002
682.53	0.002
682.72	0.001
682.91	0.001
683.10	0.001
683.29	0.002
683.47	0.001
683.66	0.001
683.85	0.001
684.04	0.000
684.23	0.001
684.42	0.001
684.60	0.001
684.79	0.001
684.98	0.001
685.17	0.001
685.36	0.002
685.54	0.002
685.73	0.003
685.92	0.003
686.11	0.002
686.30	0.002
686.49	0.003
686.67	0.003
686.86	0.002
687.05	0.002
687.24	0.002
687.43	0.001
687.61	0.001
687.80	0.001
687.99	0.001
688.18	0.000
688.36	0.001
688.55	0.001
688.74	0.002
688.93	0.001
689.12	0.002
689.30	0.002
689.49	0.002
689.68	0.002
689.87	0.002
690.06	0.001
690.24	0.001
690.43	0.001
690.62	0.001
690.81	0.001
690.99	0.001
691.18	0.001
691.37	0.000
691.56	0.000
691.74	0.000
691.93	0.001
692.12	0.000
692.31	0.000
692.50	0.000
692.68	0.001
692.87	0.001
693.06	0.002
693.25	0.002
693.43	0.002
693.62	0.001
693.81	0.002
694.00	0.001
694.18	0.001
694.37	0.001
694.56	0.001
694.74	0.001
694.93	0.001
695.12	0.001
695.31	0.001
695.49	0.001
695.68	0.002
695.87	0.001
696.06	0.001
696.24	0.002
696.43	0.002
696.62	0.002
696.80	0.002
696.99	0.002
697.18	0.002
697.37	0.002
697.55	0.002
697.74	0.002
697.93	0.002
698.12	0.002
698.30	0.002
698.49	0.002
698.68	0.002
698.86	0.002
699.05	0.002
699.24	0.002
699.42	0.002
699.61	0.002
699.80	0.002
699.99	0.001
700.17	0.001
700.36	0.001
700.55	0.001
700.73	0.001
700.92	0.002
701.11	0.002
701.29	0.002
701.48	0.002
701.67	0.002
701.85	0.001
702.04	0.001
702.23	0.001
702.41	0.001
702.60	0.001
702.79	0.001
702.97	0.001
703.16	0.001
703.35	0.001
703.53	0.001
703.72	0.001
703.91	0.001
704.09	0.001
704.28	0.001
704.47	0.001
704.65	0.001
704.84	0.001
705.03	0.001
705.21	0.001
705.40	0.002
705.59	0.002
705.77	0.003
705.96	0.003
706.15	0.002
706.33	0.002
706.52	0.001
706.71	0.001
706.89	0.001
707.08	0.001
707.26	0.001
707.45	0.001
707.64	0.001
707.82	0.001
708.01	0.002
708.20	0.002
708.38	0.001
708.57	0.001
708.75	0.001
708.94	0.001
709.13	0.001
709.31	0.002
709.50	0.002
709.69	0.002
709.87	0.002
710.06	0.002
710.24	0.003
710.43	0.003
710.62	0.002
710.80	0.002
710.99	0.001
711.17	0.002
711.36	0.002
711.55	0.001
711.73	0.001
711.92	0.001
712.10	0.001
712.29	0.001
712.48	0.001
712.66	0.001
712.85	0.001
713.03	0.001
713.22	0.001
713.40	0.001
713.59	0.001
713.78	0.001
713.96	0.001
714.15	0.001
714.33	0.001
714.52	0.000
714.71	0.000
714.89	0.001
715.08	0.001
715.26	0.000
715.45	0.000
715.63	0.001
715.82	0.001
716.00	0.001
716.19	0.001
716.38	0.000
716.56	0.001
716.75	0.001
716.93	0.001
717.12	0.001
717.30	0.001
717.49	0.001
717.67	0.001
717.86	0.002
718.05	0.002
718.23	0.002
718.42	0.002
718.60	0.002
718.79	0.001
718.97	0.001
719.16	0.001
719.34	0.001
719.53	0.001
719.71	0.002
719.90	0.001
720.08	0.001
720.27	0.001
720.45	0.001
720.64	0.001
720.83	0.001
721.01	0.001
721.20	0.001
721.38	0.001
721.57	0.001
721.75	0.001
721.94	0.001
722.12	0.001
722.31	0.002
722.49	0.002
722.68	0.002
722.86	0.001
723.05	0.001
723.23	0.001
723.42	0.001
723.60	0.001
723.79	0.002
723.97	0.001
724.16	0.001
724.34	0.001
724.53	0.001
724.71	0.001
724.90	0.001
725.08	0.001
725.27	0.001
725.45	0.001
725.64	0.001
725.82	0.001
726.00	0.001
726.19	0.001
726.37	0.001
726.56	0.001
726.74	0.001
726.93	0.001
727.11	0.001
727.30	0.002
727.48	0.001
727.67	0.001
727.85	0.001
728.04	0.001
728.22	0.001
728.40	0.001
728.59	0.001
728.77	0.001
728.96	0.001
729.14	0.001
729.33	0.000
729.51	0.000
729.70	0.000
729.88	0.000
730.07	0.000
730.25	0.000
730.43	0.000
730.62	0.000
730.80	0.001
730.99	0.000
731.17	0.000
731.36	0.001
731.54	0.001
731.72	0.001
731.91	0.001
732.09	0.001
732.28	0.001
732.46	0.001
732.65	0.002
732.83	0.001
733.01	0.001
733.20	0.001
733.38	0.001
733.57	0.001
733.75	0.001
733.93	0.001
734.12	0.001
734.30	0.001
734.49	0.001
734.67	0.001
734.85	0.001
735.04	0.001
735.22	0.000
735.41	0.000
735.59	0.001
735.77	0.001
735.96	0.000
736.14	0.000
736.33	0.000
736.51	0.000
736.69	0.000
736.88	0.000
737.06	0.000
737.25	0.000
737.43	-0.000
737.61	0.000
737.80	0.000
737.98	0.000
738.16	0.001
738.35	0.000
738.53	0.001
738.71	0.001
738.90	0.001
739.08	0.001
739.27	0.000
739.45	0.001
739.63	0.000
739.82	0.000
740.00	0.000
740.18	0.000
740.37	0.000
740.55	0.000
740.73	0.001
740.92	0.001
741.10	0.000
741.28	0.000
741.47	0.000
741.65	0.001
741.83	0.001
742.02	0.000
742.20	0.001
742.38	0.000
742.57	0.000
742.75	0.001
742.93	0.001
743.12	0.001
743.30	0.001
743.48	0.001
743.67	0.001
743.85	0.000
744.03	0.000
744.22	0.000
744.40	0.000
744.58	0.000
744.77	0.000
744.95	-0.000
745.13	-0.000
745.32	-0.000
745.50	-0.000
745.68	-0.000
745.87	-0.000
746.05	-0.000
746.23	-0.000
746.41	-0.000
746.60	-0.000
746.78	0.000
746.96	-0.000
747.15	0.000
747.33	0.000
747.51	0.000
747.70	0.000
747.88	0.001
748.06	0.001
748.24	0.001
748.43	0.000
748.61	0.001
748.79	0.001
748.97	0.001
749.16	0.001
749.34	0.000
749.52	-0.000
749.71	-0.000
749.89	0.000
750.07	0.001
750.25	0.000
750.44	-0.000
750.62	-0.000
750.80	-0.000
750.98	-0.001
751.17	-0.000
751.35	-0.001
751.53	-0.001
751.71	-0.001
751.90	-0.001
752.08	-0.001
752.26	-0.001
752.44	-0.001
752.63	0.000
752.81	0.000
752.99	-0.000
753.17	-0.001
753.36	-0.001
753.54	-0.000
753.72	-0.000
753.90	-0.000
754.09	-0.000
754.27	-0.000
754.45	-0.000
754.63	0.000
754.82	0.001
755.00	0.001
755.18	0.000
755.36	0.000
755.54	0.001
755.73	0.000
755.91	0.000
756.09	0.000
756.27	-0.000
756.45	-0.000
756.64	-0.000
756.82	0.000
757.00	-0.000
757.18	-0.000
757.37	0.000
757.55	0.000
757.73	0.000
757.91	0.000
758.09	0.000
758.27	-0.000
758.46	0.000
758.64	0.000
758.82	0.000
759.00	-0.000
759.18	-0.001
759.37	-0.000
759.55	-0.000
759.73	0.000
759.91	0.000
760.09	-0.000
760.28	-0.000
760.46	0.000
760.64	0.000
760.82	0.001
761.00	0.000
761.18	0.000
761.37	0.000
761.55	0.000
761.73	-0.000
761.91	-0.000
762.09	-0.000
762.27	-0.000
762.46	-0.001
762.64	-0.001
762.82	-0.000
763.00	0.000
763.18	0.000
763.36	0.001
763.54	0.001
763.73	0.000
763.91	0.001
764.09	0.001
764.27	0.001
764.45	0.000
764.63	0.000
764.81	0.000
765.00	-0.000
765.18	0.000
765.36	0.000
765.54	0.000
765.72	0.000
765.90	0.000
766.08	0.000
766.27	0.000
766.45	0.000
766.63	0.001
766.81	0.000
766.99	0.000
767.17	0.000
767.35	0.000
767.53	0.000
767.71	0.000
767.90	0.000
768.08	-0.000
768.26	-0.000
768.44	0.000
768.62	0.000
768.80	0.001
768.98	0.001
769.16	0.001
769.34	0.001
769.52	0.001
769.71	0.001
769.89	0.001
770.07	0.000
770.25	-0.000
770.43	0.000
770.61	0.000
770.79	-0.000
770.97	-0.000
771.15	-0.001
771.33	-0.001
771.51	-0.001
771.69	-0.000
771.88	-0.001
772.06	-0.001
772.24	-0.001
772.42	-0.001
772.60	-0.001
772.78	-0.001
772.96	-0.001
773.14	-0.001
773.32	-0.001
773.50	-0.001
773.68	-0.000
773.86	-0.000
774.04	-0.000
774.22	0.000
774.40	0.000
774.58	0.000
774.77	0.000
774.95	0.000
775.13	-0.000
775.31	-0.000
775.49	-0.001
775.67	-0.000
775.85	-0.000
776.03	-0.000
776.21	-0.000
776.39	0.000
776.57	0.000
776.75	0.000
776.93	0.000
777.11	0.001
777.29	0.001
777.47	0.001
777.65	0.000
777.83	0.001
778.01	0.000
778.19	0.001
778.37	0.001
778.55	0.000
778.73	0.000
778.91	0.000
779.09	-0.000
779.27	0.000
779.45	0.000
779.63	0.000
779.81	-0.000
779.99	0.000
780.17	-0.000
780.35	-0.000
780.53	-0.000
780.71	-0.000
780.89	-0.000
781.07	-0.000
781.25	-0.000
781.43	-0.000
781.61	-0.001
781.79	-0.001
781.97	-0.000
782.15	-0.000
782.33	-0.001
782.51	-0.001
782.69	-0.001
782.87	-0.002
783.05	-0.002
783.23	-0.002
783.41	-0.002
783.59	-0.002
783.77	-0.002
783.95	-0.001
784.13	-0.001
784.31	-0.001
784.49	-0.001
784.67	-0.001
784.85	-0.001
785.03	-0.001
785.21	-0.001
785.38	-0.001
785.56	-0.001
785.74	-0.001
785.92	-0.001
786.10	-0.001
786.28	-0.001
786.46	-0.001
786.64	-0.001
786.82	-0.001
787.00	-0.000
787.18	-0.000
787.36	-0.000
787.54	-0.000
787.72	-0.000
787.90	-0.000
788.08	-0.000
788.25	0.000
788.43	0.000
788.61	-0.000
788.79	-0.000
788.97	-0.000
789.15	-0.000
789.33	-0.000
789.51	-0.001
789.69	-0.001
789.87	-0.001
790.05	-0.002
790.23	-0.001
790.40	-0.001
790.58	-0.000
790.76	-0.001
790.94	-0.001
791.12	-0.000
791.30	-0.000
791.48	0.000
791.66	0.000
791.84	-0.000
792.02	-0.001
792.19	-0.001
792.37	-0.001
792.55	-0.001
792.73	-0.001
792.91	-0.001
793.09	-0.001
793.27	-0.001
793.45	-0.002
793.63	-0.001
793.80	-0.001
793.98	-0.002
794.16	-0.001
794.34	-0.001
794.52	-0.001
794.70	-0.001
794.88	-0.001
795.05	-0.001
795.23	-0.001
795.41	-0.001
795.59	-0.001
795.77	-0.002
795.95	-0.002
796.13	-0.002
796.30	-0.002
796.48	-0.002
796.66	-0.002
796.84	-0.002
797.02	-0.001
797.20	-0.002
797.38	-0.002
797.55	-0.002
797.73	-0.002
797.91	-0.002
798.09	-0.002
798.27	-0.002
798.45	-0.003
798.62	-0.003
798.80	-0.002
798.98	-0.003
799.16	-0.002
799.34	-0.002
799.52	-0.002
799.69	-0.001
799.87	-0.001
800.05	-0.001
800.23	-0.001
800.41	-0.000
800.58	-0.001
800.76	-0.001
800.94	-0.001
801.12	-0.001
801.30	-0.001
801.47	-0.001
801.65	-0.001
801.83	-0.001
802.01	-0.001
802.19	-0.001
802.36	-0.000
802.54	-0.000
802.72	-0.001
802.90	-0.001
803.08	-0.001
803.25	-0.001
803.43	-0.001
803.61	-0.001
803.79	-0.002
803.97	-0.002
804.14	-0.002
804.32	-0.002
804.50	-0.002
804.68	-0.002
804.85	-0.002
805.03	-0.002
805.21	-0.002
805.39	-0.002
805.56	-0.002
805.74	-0.001
805.92	-0.001
806.10	-0.001
806.28	-0.001
806.45	-0.001
806.63	-0.001
806.81	-0.001
806.99	-0.001
807.16	-0.001
807.34	-0.001
807.52	-0.002
807.70	-0.002
807.87	-0.002
808.05	-0.002
808.23	-0.002
808.41	-0.002
808.58	-0.002
808.76	-0.002
808.94	-0.002
809.11	-0.002
809.29	-0.001
809.47	-0.001
809.65	-0.001
809.82	-0.001
810.00	-0.002
810.18	-0.001
810.36	-0.001
810.53	-0.001
810.71	-0.001
810.89	-0.001
811.06	-0.001
811.24	-0.002
811.42	-0.001
811.60	-0.001
811.77	-0.002
811.95	-0.001
812.13	-0.002
812.30	-0.002
812.48	-0.003
812.66	-0.003
812.83	-0.003
813.01	-0.003
813.19	-0.003
813.37	-0.003
813.54	-0.003
813.72	-0.003
813.90	-0.003
814.07	-0.002
814.25	-0.001
814.43	-0.001
814.60	-0.000
814.78	-0.000
814.96	-0.000
815.13	-0.000
815.31	-0.000
815.49	-0.000
815.66	-0.001
815.84	-0.001
816.02	-0.002
816.19	-0.001
816.37	-0.002
816.55	-0.002
816.72	-0.002
816.90	-0.002
817.08	-0.002
817.25	-0.002
817.43	-0.002
817.61	-0.002
817.78	-0.002
817.96	-0.002
818.14	-0.001
818.31	-0.001
818.49	-0.001
818.67	-0.001
818.84	-0.001
819.02	-0.001
819.19	-0.001
819.37	-0.001
819.55	-0.000
819.72	-0.001
819.90	-0.002
820.08	-0.001
820.25	-0.001
820.43	-0.001
820.60	-0.001
820.78	-0.002
820.96	-0.002
821.13	-0.002
821.31	-0.002
821.49	-0.002
821.66	-0.002
821.84	-0.002
822.01	-0.002
822.19	-0.002
822.37	-0.001
822.54	-0.001
822.72	-0.001
822.89	-0.001
823.07	-0.001
823.25	-0.001
823.42	-0.001
823.60	-0.000
823.77	-0.001
823.95	-0.001
824.13	-0.002
824.30	-0.001
824.48	-0.001
824.65	-0.001
824.83	-0.002
825.01	-0.002
825.18	-0.002
825.36	-0.001
825.53	-0.002
825.71	-0.002
825.88	-0.001
826.06	-0.002
826.24	-0.002
826.41	-0.001
826.59	-0.002
826.76	-0.002
826.94	-0.002
827.11	-0.002
827.29	-0.001
827.47	-0.002
827.64	-0.002
827.82	-0.002
827.99	-0.003
828.17	-0.002
828.34	-0.002
828.52	-0.002
828.69	-0.003
828.87	-0.003
829.04	-0.002
829.22	-0.002
829.40	-0.002
829.57	-0.002
829.75	-0.002
829.92	-0.002
830.10	-0.002
830.27	-0.003
830.45	-0.002
830.62	-0.002
830.80	-0.002
830.97	-0.002
831.15	-0.002
831.32	-0.002
831.50	-0.002
831.67	-0.001
831.85	-0.001
832.02	-0.001
832.20	-0.001
832.37	-0.001
832.55	-0.000
832.73	-0.001
832.90	-0.000
833.08	-0.001
833.25	-0.001
833.43	-0.001
833.60	-0.002
833.78	-0.002
833.95	-0.002
834.13	-0.003
834.30	-0.003
834.48	-0.002
834.65	-0.002
834.82	-0.002
835.00	-0.002
835.17	-0.002
835.35	-0.002
835.52	-0.002
835.70	-0.002
835.87	-0.002
836.05	-0.002
836.22	-0.002
836.40	-0.002
836.57	-0.002
836.75	-0.001
836.92	-0.001
837.10	-0.000
837.27	0.000
837.45	-0.001
837.62	-0.000
837.80	-0.000
837.97	-0.001
838.14	-0.001
838.32	-0.001
838.49	-0.001
838.67	-0.002
838.84	-0.002
839.02	-0.001
839.19	-0.001
839.37	-0.001
839.54	-0.001
839.71	-0.001
839.89	-0.001
840.06	-0.000
840.24	-0.001
840.41	-0.000
840.59	-0.001
840.76	-0.001
840.94	-0.001
841.11	-0.001
841.28	-0.001
841.46	-0.001
841.63	-0.001
841.81	-0.001
841.98	-0.001
842.15	-0.001
842.33	-0.001
842.50	-0.002
842.68	-0.002
842.85	-0.002
843.03	-0.003
843.20	-0.003
843.37	-0.003
843.55	-0.003
843.72	-0.003
843.90	-0.003
844.07	-0.003
844.24	-0.002
844.42	-0.002
844.59	-0.002
844.77	-0.002
844.94	-0.002
845.11	-0.002
845.29	-0.002
845.46	-0.002
845.63	-0.002
845.81	-0.002
845.98	-0.002
846.16	-0.002
846.33	-0.002
846.50	-0.002
846.68	-0.002
846.85	-0.002
847.02	-0.001
847.20	-0.001
847.37	-0.001
847.55	-0.001
847.72	-0.001
847.89	-0.001
848.07	-0.001
848.24	-0.000
848.41	-0.001
848.59	-0.000
848.76	-0.001
848.93	-0.000
849.11	-0.001
849.28	-0.001
849.45	-0.001
849.63	-0.001
849.80	-0.002
849.97	-0.001
850.15	-0.002
850.32	-0.002
850.49	-0.002
850.67	-0.002
850.84	-0.002
851.01	-0.001
851.19	-0.002
851.36	-0.002
851.53	-0.002
851.71	-0.002
851.88	-0.002
852.05	-0.002
852.23	-0.002
852.40	-0.002
852.57	-0.002
852.75	-0.002
852.92	-0.002
853.09	-0.003
853.27	-0.003
853.44	-0.003
853.61	-0.002
853.79	-0.003
853.96	-0.003
854.13	-0.002
854.30	-0.002
854.48	-0.002
854.65	-0.001
854.82	-0.001
855.00	-0.002
855.17	-0.002
855.34	-0.002
855.51	-0.001
855.69	-0.002
855.86	-0.002
856.03	-0.002
856.21	-0.002
856.38	-0.002
856.55	-0.002
856.72	-0.002
856.90	-0.002
857.07	-0.003
857.24	-0.002
857.42	-0.003
857.59	-0.003
857.76	-0.002
857.93	-0.002
858.11	-0.002
858.28	-0.002
858.45	-0.002
858.62	-0.001
858.80	-0.001
858.97	-0.002
859.14	-0.002
859.31	-0.002
859.49	-0.003
859.66	-0.002
859.83	-0.002
860.00	-0.002
860.18	-0.003
860.35	-0.002
860.52	-0.002
860.69	-0.002
860.86	-0.002
861.04	-0.002
861.21	-0.002
861.38	-0.002
861.55	-0.002
861.73	-0.003
861.90	-0.003
862.07	-0.002
862.24	-0.002
862.42	-0.002
862.59	-0.003
862.76	-0.003
862.93	-0.003
863.10	-0.002
863.28	-0.003
863.45	-0.003
863.62	-0.003
863.79	-0.004
863.96	-0.004
864.14	-0.004
864.31	-0.004
864.48	-0.004
864.65	-0.005
864.82	-0.005
865.00	-0.005
865.17	-0.004
865.34	-0.004
865.51	-0.004
865.68	-0.003
865.86	-0.004
866.03	-0.004
866.20	-0.004
866.37	-0.003
866.54	-0.003
866.71	-0.004
866.89	-0.004
867.06	-0.005
867.23	-0.005
867.40	-0.005
867.57	-0.005
867.74	-0.004
867.92	-0.005
868.09	-0.006
868.26	-0.006
868.43	-0.005
868.60	-0.006
868.77	-0.005
868.95	-0.005
869.12	-0.004
869.29	-0.004
869.46	-0.004
869.63	-0.003
869.80	-0.003
869.97	-0.003
870.15	-0.003
870.32	-0.003
870.49	-0.004
870.66	-0.003
870.83	-0.004
871.00	-0.003
871.17	-0.004
871.34	-0.004
871.52	-0.004
871.69	-0.005
871.86	-0.005
872.03	-0.004
872.20	-0.005
872.37	-0.006
872.54	-0.006
872.71	-0.006
872.89	-0.006
873.06	-0.006
873.23	-0.006
873.40	-0.006
873.57	-0.006
873.74	-0.006
873.91	-0.006
874.08	-0.006
874.25	-0.006
874.42	-0.007
874.60	-0.006
874.77	-0.006
874.94	-0.006
875.11	-0.006
875.28	-0.007
875.45	-0.006
875.62	-0.005
875.79	-0.005
875.96	-0.005
876.13	-0.006
876.30	-0.007
876.47	-0.007
876.65	-0.008
876.82	-0.008
876.99	-0.008
877.16	-0.008
877.33	-0.008
877.50	-0.007
877.67	-0.007
877.84	-0.007
878.01	-0.007
878.18	-0.007
878.35	-0.007
878.52	-0.007
878.69	-0.007
878.86	-0.008
879.03	-0.008
879.20	-0.008
879.38	-0.007
879.55	-0.007
879.72	-0.007
879.89	-0.006
880.06	-0.007
880.23	-0.006
880.40	-0.006
880.57	-0.006
880.74	-0.005
880.91	-0.006
881.08	-0.006
881.25	-0.007
881.42	-0.006
881.59	-0.006
881.76	-0.007
881.93	-0.006
882.10	-0.006
882.27	-0.006
882.44	-0.006
882.61	-0.005
882.78	-0.006
882.95	-0.006
883.12	-0.005
883.29	-0.005
883.46	-0.006
883.63	-0.007
883.80	-0.007
883.97	-0.007
884.14	-0.007
884.31	-0.006
884.48	-0.006
884.65	-0.006
884.82	-0.006
884.99	-0.006
885.16	-0.006
885.33	-0.007
885.50	-0.006
885.67	-0.006
885.84	-0.007
886.01	-0.008
886.18	-0.008
886.35	-0.009
886.52	-0.009
886.69	-0.008
886.86	-0.008
887.03	-0.009
887.20	-0.010
887.37	-0.010
887.54	-0.009
887.71	-0.009
887.88	-0.009
888.05	-0.008
888.22	-0.009
888.39	-0.010
888.55	-0.009
888.72	-0.009
888.89	-0.009
889.06	-0.008
889.23	-0.008
889.40	-0.008
889.57	-0.008
889.74	-0.008
889.91	-0.007
890.08	-0.008
890.25	-0.008
890.42	-0.007
890.59	-0.007
890.76	-0.008
890.93	-0.008
891.10	-0.008
891.26	-0.009
891.43	-0.008
891.60	-0.007
891.77	-0.006
891.94	-0.006
892.11	-0.007
892.28	-0.006
892.45	-0.006
892.62	-0.007
892.79	-0.005
892.96	-0.006
893.13	-0.008
893.29	-0.008
893.46	-0.009
893.63	-0.009
893.80	-0.009
893.97	-0.009
894.14	-0.008
894.31	-0.010
894.48	-0.006
894.65	-0.008
894.81	-0.002
894.98	-0.013
