177.34	-0.576
177.56	-0.576
177.78	-0.576
178.00	-0.581
178.22	0.313
178.44	0.313
178.66	0.687
178.89	-0.000
179.11	-0.000
179.33	0.851
179.55	0.609
179.77	-0.515
179.99	-0.077
180.21	0.070
180.43	-0.000
180.65	-0.000
180.87	-0.000
181.09	-0.000
181.31	-0.000
181.53	-0.000
181.75	1.960
181.97	1.616
182.19	1.734
182.41	1.282
182.63	1.290
182.85	1.274
183.07	1.658
183.30	1.238
183.52	1.133
183.74	1.028
183.96	1.122
184.18	1.091
184.40	1.173
184.62	1.075
184.84	0.913
185.06	0.811
185.28	0.708
185.50	0.760
185.72	0.806
185.94	0.764
186.16	0.714
186.38	0.717
186.60	0.716
186.82	0.757
187.04	0.800
187.26	0.945
187.48	0.950
187.70	0.959
187.92	1.049
188.14	1.128
188.36	1.166
188.58	1.321
188.80	1.410
189.02	1.401
189.24	1.316
189.46	1.441
189.68	1.523
189.90	1.472
190.12	1.444
190.34	1.569
190.56	1.488
190.78	1.606
191.00	1.617
191.22	1.678
191.44	1.417
191.66	1.497
191.88	1.599
192.10	1.589
192.32	1.563
192.54	1.725
192.76	1.633
192.98	1.776
193.20	1.837
193.42	2.511
193.64	2.144
193.86	1.912
194.08	1.943
194.30	1.992
194.52	1.978
194.74	2.164
194.96	1.929
195.18	1.999
195.40	2.045
195.62	1.994
195.84	2.087
196.06	2.355
196.28	2.533
196.50	2.435
196.72	2.185
196.94	2.165
197.16	1.969
197.38	1.879
197.60	1.922
197.82	1.965
198.04	1.999
198.26	2.007
198.48	2.004
198.70	2.166
198.92	2.197
199.13	2.279
199.35	2.196
199.57	2.179
199.79	2.277
200.01	2.283
200.23	2.127
200.45	2.097
200.67	2.121
200.89	2.140
201.11	2.023
201.33	2.124
201.55	2.169
201.77	2.166
201.99	2.092
202.21	2.168
202.43	2.277
202.65	2.206
202.87	2.208
203.09	2.530
203.31	2.730
203.52	2.607
203.74	2.498
203.96	2.410
204.18	2.305
204.40	2.304
204.62	2.257
204.84	2.209
205.06	2.193
205.28	2.155
205.50	2.131
205.72	2.125
205.94	2.194
206.16	2.241
206.38	2.269
206.59	2.331
206.81	2.356
207.03	2.268
207.25	2.217
207.47	2.307
207.69	2.263
207.91	2.337
208.13	2.288
208.35	2.316
208.57	2.338
208.79	2.397
209.01	2.508
209.22	2.634
209.44	2.506
209.66	2.648
209.88	2.573
210.10	2.783
210.32	2.727
210.54	3.148
210.76	4.060
210.98	-0.000
211.20	-0.000
211.42	-0.000
211.63	-0.000
211.85	-0.000
212.07	4.165
212.29	3.161
212.51	3.044
212.73	2.945
212.95	3.264
213.17	2.964
213.39	4.150
213.60	3.520
213.82	2.885
214.04	3.076
214.26	3.408
214.48	3.016
214.70	2.921
214.92	2.694
215.14	2.614
215.35	2.654
215.57	2.781
215.79	3.226
216.01	3.037
216.23	2.803
216.45	2.710
216.67	2.805
216.89	2.781
217.10	2.914
217.32	3.044
217.54	2.790
217.76	2.730
217.98	2.775
218.20	2.888
218.42	2.938
218.64	3.049
218.85	3.001
219.07	2.797
219.29	2.652
219.51	2.700
219.73	2.767
219.95	2.660
220.17	2.685
220.38	2.690
220.60	2.593
220.82	2.591
221.04	2.686
221.26	2.638
221.48	2.654
221.69	2.648
221.91	2.740
222.13	2.689
222.35	2.688
222.57	2.744
222.79	2.721
223.00	2.694
223.22	2.840
223.44	2.767
223.66	2.754
223.88	2.761
224.10	2.756
224.32	2.740
224.53	2.681
224.75	2.721
224.97	2.743
225.19	2.663
225.41	2.699
225.62	2.683
225.84	2.706
226.06	2.807
226.28	2.859
226.50	2.840
226.72	2.973
226.93	2.963
227.15	3.093
227.37	3.044
227.59	3.087
227.81	2.950
228.02	2.826
228.24	2.856
228.46	2.898
228.68	2.913
228.90	2.912
229.12	2.928
229.33	3.072
229.55	3.278
229.77	4.240
229.99	-0.000
230.21	4.426
230.42	3.590
230.64	3.174
230.86	3.364
231.08	3.196
231.30	2.988
231.51	2.869
231.73	2.837
231.95	2.866
232.17	2.925
232.38	3.037
232.60	3.314
232.82	3.128
233.04	3.143
233.26	3.173
233.47	3.166
233.69	3.139
233.91	3.124
234.13	3.015
234.35	3.056
234.56	2.973
234.78	2.923
235.00	2.932
235.22	3.069
235.43	3.149
235.65	3.209
235.87	3.080
236.09	3.003
236.30	2.903
236.52	2.964
236.74	3.057
236.96	3.144
237.18	3.100
237.39	3.097
237.61	3.038
237.83	3.111
238.05	3.479
238.26	-0.000
238.48	3.673
238.70	-0.000
238.92	-0.000
239.13	-0.000
239.35	-0.000
239.57	-0.000
239.79	-0.000
240.00	-0.000
240.22	5.399
240.44	-0.000
240.66	4.017
240.87	3.550
241.09	3.167
241.31	3.173
241.53	3.127
241.74	3.104
241.96	2.927
242.18	2.960
242.40	3.040
242.61	3.013
242.83	3.019
243.05	3.175
243.27	3.204
243.48	3.265
243.70	3.242
243.92	3.534
244.13	3.765
244.35	3.559
244.57	3.446
244.79	3.506
245.00	3.260
245.22	3.325
245.44	3.240
245.65	3.308
245.87	3.276
246.09	3.138
246.31	3.112
246.52	3.100
246.74	3.110
246.96	3.241
247.18	3.226
247.39	3.271
247.61	3.232
247.83	3.173
248.04	3.351
248.26	3.418
248.48	3.595
248.69	3.450
248.91	3.202
249.13	3.302
249.35	3.305
249.56	3.512
249.78	3.748
250.00	3.574
250.21	3.352
250.43	3.307
250.65	3.408
250.86	3.919
251.08	3.813
251.30	3.611
251.51	3.629
251.73	3.800
251.95	3.904
252.17	3.965
252.38	3.691
252.60	3.997
252.82	3.598
253.03	3.455
253.25	3.544
253.47	3.434
253.68	3.335
253.90	3.278
254.12	3.454
254.33	3.521
254.55	3.388
254.77	3.516
254.98	3.608
255.20	3.771
255.42	3.785
255.63	4.051
255.85	4.261
256.07	-0.000
256.28	-0.000
256.50	4.412
256.72	4.062
256.93	3.472
257.15	3.312
257.37	3.304
257.58	3.136
257.80	3.122
258.02	3.072
258.23	3.012
258.45	3.056
258.67	3.113
258.88	3.228
259.10	3.187
259.32	3.200
259.53	3.466
259.75	3.479
259.96	3.446
260.18	3.309
260.40	3.442
260.61	3.386
260.83	3.314
261.05	3.422
261.26	3.335
261.48	3.182
261.70	3.253
261.91	3.208
262.13	3.337
262.34	3.225
262.56	3.239
262.78	3.293
262.99	3.508
263.21	3.673
263.43	3.774
263.64	3.487
263.86	3.500
264.07	3.583
264.29	3.497
264.51	3.332
264.72	3.447
264.94	3.271
265.16	3.175
265.37	3.155
265.59	3.126
265.80	3.189
266.02	3.220
266.24	3.133
266.45	3.295
266.67	3.135
266.88	3.115
267.10	3.075
267.32	3.015
267.53	3.040
267.75	2.977
267.96	2.991
268.18	3.079
268.40	3.005
268.61	3.012
268.83	3.058
269.04	3.119
269.26	3.200
269.48	3.305
269.69	3.619
269.91	3.537
270.12	3.397
270.34	3.458
270.56	3.743
270.77	3.665
270.99	3.802
271.20	3.496
271.42	3.359
271.64	3.250
271.85	3.103
272.07	3.228
272.28	3.230
272.50	3.150
272.71	3.065
272.93	3.076
273.15	3.257
273.36	3.293
273.58	3.270
273.79	3.455
274.01	3.548
274.22	3.594
274.44	3.934
274.66	-0.000
274.87	-0.000
275.09	4.174
275.30	3.975
275.52	4.210
275.73	3.669
275.95	3.524
276.16	3.293
276.38	3.174
276.60	3.114
276.81	3.241
277.03	3.172
277.24	3.181
277.46	3.151
277.67	3.256
277.89	3.197
278.10	3.351
278.32	3.352
278.53	3.234
278.75	3.159
278.97	3.121
279.18	3.051
279.40	3.041
279.61	3.013
279.83	3.060
280.04	3.083
280.26	3.110
280.47	3.106
280.69	3.051
280.90	3.085
281.12	3.087
281.33	3.015
281.55	3.120
281.76	3.106
281.98	3.076
282.20	3.051
282.41	3.042
282.63	3.091
282.84	3.140
283.06	3.227
283.27	3.263
283.49	3.210
283.70	3.216
283.92	3.152
284.13	3.212
284.35	3.246
284.56	3.192
284.78	3.089
284.99	3.076
285.21	3.116
285.42	3.037
285.64	3.007
285.85	3.063
286.07	3.027
286.28	3.079
286.50	3.136
286.71	3.157
286.93	3.041
287.14	3.001
287.36	3.098
287.57	3.068
287.79	3.074
288.00	3.082
288.22	2.973
288.43	2.970
288.65	3.026
288.86	3.145
289.08	3.297
289.29	3.189
289.51	3.176
289.72	3.035
289.94	3.019
290.15	3.039
290.37	2.966
290.58	2.960
290.80	2.968
291.01	2.933
291.22	2.905
291.44	2.902
291.65	3.050
291.87	3.060
292.08	3.127
292.30	3.228
292.51	3.109
292.73	3.058
292.94	3.020
293.16	2.972
293.37	2.958
293.59	2.861
293.80	2.857
294.02	2.856
294.23	2.868
294.44	2.898
294.66	2.901
294.87	2.883
295.09	2.955
295.30	2.972
295.52	2.943
295.73	2.956
295.95	2.915
296.16	2.871
296.37	2.891
296.59	2.833
296.80	2.856
297.02	2.804
297.23	2.800
297.45	2.823
297.66	2.790
297.88	2.781
298.09	2.741
298.30	2.717
298.52	2.770
298.73	2.765
298.95	2.725
299.16	2.726
299.38	2.721
299.59	2.706
299.80	2.683
300.02	2.718
300.23	2.710
300.45	2.680
300.66	2.641
300.88	2.668
301.09	2.634
301.30	2.611
301.52	2.616
301.73	2.637
301.95	2.602
302.16	2.581
302.37	2.592
302.59	2.601
302.80	2.596
303.02	2.586
303.23	2.577
303.45	2.543
303.66	2.520
303.87	2.524
304.09	2.520
304.30	2.486
304.52	2.477
304.73	2.438
304.94	2.450
305.16	2.472
305.37	2.503
305.59	2.499
305.80	2.488
306.01	2.497
306.23	2.514
306.44	2.506
306.65	2.545
306.87	2.543
307.08	2.511
307.30	2.477
307.51	2.472
307.72	2.475
307.94	2.459
308.15	2.440
308.37	2.415
308.58	2.409
308.79	2.402
309.01	2.373
309.22	2.377
309.43	2.376
309.65	2.387
309.86	2.397
310.07	2.409
310.29	2.447
310.50	2.438
310.72	2.423
310.93	2.440
311.14	2.451
311.36	2.458
311.57	2.422
311.78	2.407
312.00	2.381
312.21	2.343
312.42	2.338
312.64	2.343
312.85	2.353
313.07	2.351
313.28	2.343
313.49	2.342
313.71	2.334
313.92	2.342
314.13	2.349
314.35	2.355
314.56	2.359
314.77	2.347
314.99	2.331
315.20	2.307
315.41	2.303
315.63	2.311
315.84	2.302
316.05	2.301
316.27	2.275
316.48	2.251
316.69	2.241
316.91	2.235
317.12	2.234
317.33	2.236
317.55	2.222
317.76	2.214
317.97	2.209
318.19	2.217
318.40	2.223
318.61	2.217
318.83	2.221
319.04	2.217
319.25	2.213
319.47	2.206
319.68	2.212
319.89	2.203
320.10	2.185
320.32	2.178
320.53	2.176
320.74	2.162
320.96	2.164
321.17	2.161
321.38	2.154
321.60	2.133
321.81	2.128
322.02	2.133
322.24	2.131
322.45	2.125
322.66	2.115
322.87	2.109
323.09	2.102
323.30	2.111
323.51	2.108
323.73	2.099
323.94	2.095
324.15	2.094
324.36	2.092
324.58	2.102
324.79	2.094
325.00	2.089
325.22	2.071
325.43	2.084
325.64	2.091
325.85	2.083
326.07	2.070
326.28	2.063
326.49	2.052
326.71	2.062
326.92	2.050
327.13	2.062
327.34	2.050
327.56	2.042
327.77	2.042
327.98	2.034
328.19	2.035
328.41	2.028
328.62	2.010
328.83	2.014
329.04	1.998
329.26	1.994
329.47	1.992
329.68	1.994
329.90	1.988
330.11	1.990
330.32	1.987
330.53	1.982
330.75	1.966
330.96	1.966
331.17	1.965
331.38	1.961
331.60	1.952
331.81	1.951
332.02	1.945
332.23	1.943
332.44	1.941
332.66	1.944
332.87	1.942
333.08	1.934
333.29	1.934
333.51	1.925
333.72	1.922
333.93	1.915
334.14	1.907
334.36	1.901
334.57	1.908
334.78	1.903
334.99	1.900
335.21	1.896
335.42	1.895
335.63	1.890
335.84	1.886
336.05	1.885
336.27	1.887
336.48	1.867
336.69	1.866
336.90	1.862
337.11	1.851
337.33	1.853
337.54	1.845
337.75	1.843
337.96	1.839
338.18	1.829
338.39	1.836
338.60	1.831
338.81	1.827
339.02	1.828
339.24	1.825
339.45	1.831
339.66	1.817
339.87	1.809
340.08	1.811
340.30	1.801
340.51	1.803
340.72	1.801
340.93	1.795
341.14	1.779
341.36	1.777
341.57	1.778
341.78	1.777
341.99	1.771
342.20	1.776
342.41	1.774
342.63	1.768
342.84	1.765
343.05	1.769
343.26	1.764
343.47	1.763
343.69	1.761
343.90	1.760
344.11	1.755
344.32	1.744
344.53	1.744
344.74	1.741
344.96	1.742
345.17	1.736
345.38	1.731
345.59	1.726
345.80	1.723
346.01	1.716
346.23	1.715
346.44	1.713
346.65	1.707
346.86	1.703
347.07	1.700
347.28	1.694
347.50	1.691
347.71	1.687
347.92	1.680
348.13	1.676
348.34	1.672
348.55	1.665
348.76	1.663
348.98	1.663
349.19	1.664
349.40	1.659
349.61	1.648
349.82	1.654
350.03	1.654
350.24	1.652
350.46	1.654
350.67	1.650
350.88	1.643
351.09	1.640
351.30	1.643
351.51	1.648
351.72	1.639
351.93	1.632
352.15	1.626
352.36	1.622
352.57	1.618
352.78	1.618
352.99	1.613
353.20	1.614
353.41	1.612
353.62	1.609
353.84	1.609
354.05	1.607
354.26	1.604
354.47	1.601
354.68	1.596
354.89	1.596
355.10	1.591
355.31	1.590
355.52	1.586
355.74	1.585
355.95	1.585
356.16	1.582
356.37	1.577
356.58	1.574
356.79	1.567
357.00	1.560
357.21	1.551
357.42	1.552
357.63	1.548
357.85	1.547
358.06	1.546
358.27	1.547
358.48	1.544
358.69	1.545
358.90	1.542
359.11	1.544
359.32	1.537
359.53	1.533
359.74	1.523
359.95	1.518
360.17	1.512
360.38	1.512
360.59	1.509
360.80	1.509
361.01	1.506
361.22	1.504
361.43	1.499
361.64	1.501
361.85	1.501
362.06	1.499
362.27	1.497
362.48	1.494
362.69	1.490
362.90	1.490
363.12	1.486
363.33	1.485
363.54	1.482
363.75	1.480
363.96	1.476
364.17	1.474
364.38	1.473
364.59	1.473
364.80	1.470
365.01	1.469
365.22	1.469
365.43	1.466
365.64	1.469
365.85	1.465
366.06	1.463
366.27	1.458
366.48	1.455
366.69	1.452
366.90	1.452
367.11	1.450
367.32	1.450
367.54	1.442
367.75	1.440
367.96	1.439
368.17	1.437
368.38	1.435
368.59	1.432
368.80	1.430
369.01	1.424
369.22	1.421
369.43	1.419
369.64	1.421
369.85	1.418
370.06	1.415
370.27	1.413
370.48	1.413
370.69	1.408
370.90	1.407
371.11	1.402
371.32	1.401
371.53	1.396
371.74	1.395
371.95	1.395
372.16	1.393
372.37	1.388
372.58	1.389
372.79	1.389
373.00	1.390
373.21	1.384
373.42	1.378
373.63	1.374
373.84	1.369
374.05	1.365
374.26	1.366
374.47	1.360
374.68	1.358
374.89	1.357
375.10	1.358
375.31	1.358
375.52	1.359
375.73	1.361
375.94	1.361
376.15	1.360
376.36	1.364
376.57	1.361
376.78	1.358
376.99	1.355
377.20	1.357
377.41	1.356
377.62	1.353
377.83	1.351
378.04	1.346
378.25	1.342
378.46	1.341
378.67	1.336
378.88	1.337
379.09	1.332
379.30	1.329
379.51	1.328
379.72	1.325
379.92	1.325
380.13	1.322
380.34	1.321
380.55	1.323
380.76	1.319
380.97	1.318
381.18	1.313
381.39	1.311
381.60	1.309
381.81	1.305
382.02	1.303
382.23	1.301
382.44	1.296
382.65	1.296
382.86	1.293
383.07	1.294
383.28	1.290
383.49	1.287
383.70	1.287
383.91	1.289
384.11	1.284
384.32	1.283
384.53	1.282
384.74	1.281
384.95	1.277
385.16	1.277
385.37	1.275
385.58	1.271
385.79	1.266
386.00	1.267
386.21	1.266
386.42	1.263
386.63	1.261
386.84	1.261
387.04	1.260
387.25	1.262
387.46	1.263
387.67	1.262
387.88	1.261
388.09	1.258
388.30	1.259
388.51	1.257
388.72	1.256
388.93	1.254
389.14	1.251
389.34	1.249
389.55	1.250
389.76	1.250
389.97	1.251
390.18	1.247
390.39	1.246
390.60	1.244
390.81	1.241
391.02	1.241
391.23	1.240
391.43	1.236
391.64	1.234
391.85	1.232
392.06	1.230
392.27	1.230
392.48	1.228
392.69	1.227
392.90	1.223
393.11	1.219
393.31	1.217
393.52	1.215
393.73	1.215
393.94	1.215
394.15	1.212
394.36	1.211
394.57	1.211
394.78	1.210
394.98	1.209
395.19	1.211
395.40	1.208
395.61	1.206
395.82	1.207
396.03	1.205
396.24	1.206
396.44	1.205
396.65	1.205
396.86	1.204
397.07	1.202
397.28	1.202
397.49	1.201
397.70	1.197
397.90	1.195
398.11	1.191
398.32	1.188
398.53	1.187
398.74	1.187
398.95	1.185
399.16	1.182
399.36	1.181
399.57	1.180
399.78	1.183
399.99	1.181
400.20	1.182
400.41	1.179
400.61	1.176
400.82	1.174
401.03	1.174
401.24	1.171
401.45	1.170
401.66	1.166
401.86	1.165
402.07	1.163
402.28	1.164
402.49	1.163
402.70	1.160
402.91	1.159
403.11	1.160
403.32	1.158
403.53	1.159
403.74	1.158
403.95	1.157
404.15	1.156
404.36	1.156
404.57	1.157
404.78	1.153
404.99	1.151
405.20	1.149
405.40	1.147
405.61	1.147
405.82	1.145
406.03	1.145
406.24	1.145
406.44	1.143
406.65	1.143
406.86	1.142
407.07	1.139
407.28	1.140
407.48	1.140
407.69	1.140
407.90	1.137
408.11	1.138
408.32	1.136
408.52	1.135
408.73	1.135
408.94	1.137
409.15	1.133
409.35	1.132
409.56	1.131
409.77	1.129
409.98	1.127
410.19	1.128
410.39	1.128
410.60	1.127
410.81	1.125
411.02	1.123
411.22	1.121
411.43	1.117
411.64	1.117
411.85	1.114
412.05	1.113
412.26	1.111
412.47	1.111
412.68	1.111
412.89	1.112
413.09	1.111
413.30	1.111
413.51	1.110
413.72	1.111
413.92	1.110
414.13	1.108
414.34	1.107
414.55	1.105
414.75	1.104
414.96	1.104
415.17	1.101
415.38	1.099
415.58	1.096
415.79	1.094
416.00	1.093
416.21	1.092
416.41	1.091
416.62	1.091
416.83	1.091
417.03	1.092
417.24	1.094
417.45	1.093
417.66	1.093
417.86	1.094
418.07	1.091
418.28	1.092
418.49	1.091
418.69	1.089
418.90	1.088
419.11	1.090
419.31	1.091
419.52	1.088
419.73	1.088
419.94	1.088
420.14	1.086
420.35	1.087
420.56	1.086
420.76	1.084
420.97	1.080
421.18	1.077
421.39	1.077
421.59	1.076
421.80	1.075
422.01	1.073
422.21	1.071
422.42	1.069
422.63	1.069
422.84	1.067
423.04	1.067
423.25	1.067
423.46	1.065
423.66	1.065
423.87	1.066
424.08	1.065
424.28	1.065
424.49	1.064
424.70	1.062
424.90	1.062
425.11	1.063
425.32	1.061
425.52	1.059
425.73	1.059
425.94	1.057
426.15	1.055
426.35	1.054
426.56	1.056
426.77	1.054
426.97	1.052
427.18	1.050
427.39	1.051
427.59	1.049
427.80	1.049
428.01	1.048
428.21	1.049
428.42	1.047
428.63	1.046
428.83	1.046
429.04	1.048
429.25	1.048
429.45	1.047
429.66	1.047
429.87	1.046
430.07	1.044
430.28	1.042
430.48	1.040
430.69	1.039
430.90	1.037
431.10	1.034
431.31	1.033
431.52	1.032
431.72	1.032
431.93	1.030
432.14	1.030
432.34	1.031
432.55	1.032
432.76	1.030
432.96	1.031
433.17	1.031
433.37	1.031
433.58	1.030
433.79	1.029
433.99	1.029
434.20	1.028
434.41	1.026
434.61	1.025
434.82	1.024
435.02	1.023
435.23	1.021
435.44	1.020
435.64	1.022
435.85	1.022
436.06	1.018
436.26	1.017
436.47	1.017
436.67	1.016
436.88	1.016
437.09	1.016
437.29	1.017
437.50	1.015
437.70	1.014
437.91	1.016
438.12	1.017
438.32	1.017
438.53	1.016
438.73	1.015
438.94	1.014
439.15	1.013
439.35	1.012
439.56	1.012
439.76	1.013
439.97	1.012
440.18	1.012
440.38	1.012
440.59	1.012
440.79	1.010
441.00	1.010
441.20	1.008
441.41	1.006
441.62	1.003
441.82	1.003
442.03	1.003
442.23	1.001
442.44	0.999
442.65	0.998
442.85	0.996
443.06	0.998
443.26	0.997
443.47	0.999
443.67	0.996
443.88	0.994
444.09	0.995
444.29	0.995
444.50	0.995
444.70	0.995
444.91	0.993
445.11	0.994
445.32	0.991
445.52	0.991
445.73	0.990
445.94	0.991
446.14	0.992
446.35	0.991
446.55	0.990
446.76	0.989
446.96	0.987
447.17	0.987
447.37	0.988
447.58	0.988
447.78	0.987
447.99	0.984
448.20	0.982
448.40	0.982
448.61	0.981
448.81	0.983
449.02	0.985
449.22	0.983
449.43	0.981
449.63	0.980
449.84	0.980
450.04	0.981
450.25	0.979
450.45	0.981
450.66	0.979
450.86	0.976
451.07	0.976
451.27	0.977
451.48	0.975
451.68	0.973
451.89	0.973
452.09	0.975
452.30	0.974
452.50	0.972
452.71	0.970
452.91	0.969
453.12	0.968
453.33	0.967
453.53	0.968
453.74	0.969
453.94	0.967
454.15	0.964
454.35	0.966
454.56	0.966
454.76	0.965
454.96	0.967
455.17	0.967
455.37	0.964
455.58	0.961
455.78	0.960
455.99	0.960
456.19	0.961
456.40	0.961
456.60	0.960
456.81	0.959
457.01	0.958
457.22	0.958
457.42	0.957
457.63	0.956
457.83	0.960
458.04	0.956
458.24	0.956
458.45	0.956
458.65	0.956
458.86	0.954
459.06	0.953
459.27	0.955
459.47	0.955
459.67	0.953
459.88	0.955
460.08	0.953
460.29	0.951
460.49	0.949
460.70	0.950
460.90	0.950
461.11	0.949
461.31	0.949
461.52	0.947
461.72	0.945
461.92	0.944
462.13	0.946
462.33	0.947
462.54	0.947
462.74	0.948
462.95	0.946
463.15	0.945
463.36	0.945
463.56	0.946
463.76	0.948
463.97	0.948
464.17	0.948
464.38	0.949
464.58	0.946
464.79	0.947
464.99	0.947
465.19	0.947
465.40	0.946
465.60	0.944
465.81	0.943
466.01	0.942
466.22	0.940
466.42	0.940
466.62	0.938
466.83	0.937
467.03	0.935
467.24	0.936
467.44	0.935
467.65	0.934
467.85	0.934
468.05	0.934
468.26	0.934
468.46	0.934
468.67	0.933
468.87	0.934
469.07	0.933
469.28	0.932
469.48	0.930
469.69	0.931
469.89	0.930
470.09	0.928
470.30	0.928
470.50	0.928
470.71	0.926
470.91	0.926
471.11	0.928
471.32	0.929
471.52	0.927
471.72	0.926
471.93	0.927
472.13	0.928
472.34	0.928
472.54	0.927
472.74	0.926
472.95	0.924
473.15	0.924
473.35	0.925
473.56	0.924
473.76	0.924
473.97	0.924
474.17	0.926
474.37	0.925
474.58	0.924
474.78	0.923
474.98	0.923
475.19	0.921
475.39	0.921
475.60	0.920
475.80	0.918
476.00	0.915
476.21	0.915
476.41	0.914
476.61	0.914
476.82	0.912
477.02	0.912
477.22	0.912
477.43	0.913
477.63	0.914
477.83	0.914
478.04	0.914
478.24	0.916
478.44	0.915
478.65	0.915
478.85	0.916
479.05	0.917
479.26	0.915
479.46	0.914
479.66	0.915
479.87	0.913
480.07	0.911
480.27	0.911
480.48	0.910
480.68	0.909
480.88	0.907
481.09	0.907
481.29	0.907
481.49	0.906
481.70	0.906
481.90	0.906
482.10	0.906
482.31	0.905
482.51	0.904
482.71	0.904
482.92	0.904
483.12	0.905
483.32	0.905
483.52	0.906
483.73	0.906
483.93	0.905
484.13	0.905
484.34	0.907
484.54	0.907
484.74	0.907
484.95	0.904
485.15	0.903
485.35	0.902
485.55	0.902
485.76	0.903
485.96	0.902
486.16	0.901
486.37	0.900
486.57	0.899
486.77	0.899
486.97	0.898
487.18	0.896
487.38	0.896
487.58	0.896
487.79	0.894
487.99	0.894
488.19	0.893
488.39	0.893
488.60	0.893
488.80	0.893
489.00	0.893
489.20	0.893
489.41	0.891
489.61	0.891
489.81	0.890
490.02	0.891
490.22	0.890
490.42	0.888
490.62	0.888
490.83	0.887
491.03	0.886
491.23	0.886
491.43	0.886
491.64	0.886
491.84	0.885
492.04	0.886
492.24	0.886
492.45	0.885
492.65	0.886
492.85	0.885
493.05	0.885
493.26	0.884
493.46	0.884
493.66	0.884
493.86	0.882
494.07	0.881
494.27	0.883
494.47	0.881
494.67	0.882
494.87	0.882
495.08	0.883
495.28	0.882
495.48	0.882
495.68	0.883
495.89	0.882
496.09	0.880
496.29	0.881
496.49	0.879
496.69	0.879
496.90	0.878
497.10	0.877
497.30	0.877
497.50	0.876
497.71	0.877
497.91	0.877
498.11	0.876
498.31	0.878
498.51	0.877
498.72	0.878
498.92	0.878
499.12	0.877
499.32	0.879
499.52	0.879
499.73	0.879
499.93	0.879
500.13	0.878
500.33	0.877
500.53	0.876
500.74	0.875
500.94	0.875
501.14	0.874
501.34	0.874
501.54	0.873
501.74	0.871
501.95	0.871
502.15	0.870
502.35	0.870
502.55	0.870
502.75	0.869
502.96	0.869
503.16	0.869
503.36	0.869
503.56	0.870
503.76	0.869
503.96	0.868
504.17	0.869
504.37	0.868
504.57	0.869
504.77	0.867
504.97	0.866
505.17	0.866
505.38	0.865
505.58	0.866
505.78	0.866
505.98	0.863
506.18	0.862
506.38	0.862
506.58	0.863
506.79	0.863
506.99	0.861
507.19	0.861
507.39	0.861
507.59	0.860
507.79	0.861
507.99	0.862
508.20	0.861
508.40	0.860
508.60	0.860
508.80	0.860
509.00	0.859
509.20	0.858
509.40	0.858
509.61	0.858
509.81	0.857
510.01	0.857
510.21	0.857
510.41	0.856
510.61	0.855
510.81	0.855
511.01	0.856
511.22	0.855
511.42	0.855
511.62	0.855
511.82	0.854
512.02	0.854
512.22	0.854
512.42	0.856
512.62	0.855
512.82	0.853
513.03	0.854
513.23	0.853
513.43	0.852
513.63	0.852
513.83	0.851
514.03	0.851
514.23	0.849
514.43	0.850
514.63	0.851
514.83	0.851
515.04	0.853
515.24	0.853
515.44	0.851
515.64	0.851
515.84	0.850
516.04	0.849
516.24	0.848
516.44	0.847
516.64	0.845
516.84	0.844
517.04	0.843
517.24	0.843
517.45	0.842
517.65	0.842
517.85	0.843
518.05	0.842
518.25	0.842
518.45	0.842
518.65	0.844
518.85	0.844
519.05	0.843
519.25	0.843
519.45	0.842
519.65	0.841
519.85	0.841
520.05	0.841
520.25	0.840
520.46	0.838
520.66	0.839
520.86	0.840
521.06	0.841
521.26	0.841
521.46	0.840
521.66	0.840
521.86	0.839
522.06	0.839
522.26	0.839
522.46	0.837
522.66	0.836
522.86	0.834
523.06	0.833
523.26	0.834
523.46	0.834
523.66	0.833
523.86	0.834
524.06	0.834
524.26	0.834
524.46	0.835
524.66	0.835
524.86	0.835
525.06	0.835
525.26	0.836
525.46	0.836
525.66	0.835
525.87	0.834
526.07	0.834
526.27	0.832
526.47	0.831
526.67	0.830
526.87	0.829
527.07	0.828
527.27	0.828
527.47	0.828
527.67	0.829
527.87	0.829
528.07	0.829
528.27	0.829
528.47	0.830
528.67	0.829
528.87	0.828
529.07	0.827
529.27	0.826
529.47	0.825
529.67	0.825
529.87	0.825
530.07	0.825
530.27	0.826
530.47	0.826
530.67	0.826
530.87	0.826
531.06	0.825
531.26	0.826
531.46	0.825
531.66	0.826
531.86	0.827
532.06	0.827
532.26	0.827
532.46	0.827
532.66	0.827
532.86	0.828
533.06	0.827
533.26	0.826
533.46	0.825
533.66	0.825
533.86	0.823
534.06	0.821
534.26	0.821
534.46	0.820
534.66	0.819
534.86	0.819
535.06	0.818
535.26	0.818
535.46	0.816
535.66	0.817
535.86	0.818
536.06	0.818
536.26	0.819
536.45	0.820
536.65	0.819
536.85	0.819
537.05	0.818
537.25	0.819
537.45	0.819
537.65	0.819
537.85	0.820
538.05	0.818
538.25	0.817
538.45	0.817
538.65	0.817
538.85	0.817
539.05	0.815
539.25	0.814
539.44	0.813
539.64	0.813
539.84	0.813
540.04	0.813
540.24	0.813
540.44	0.812
540.64	0.813
540.84	0.813
541.04	0.813
541.24	0.813
541.44	0.810
541.64	0.810
541.83	0.811
542.03	0.811
542.23	0.812
542.43	0.811
542.63	0.811
542.83	0.812
543.03	0.812
543.23	0.813
543.43	0.812
543.63	0.811
543.82	0.811
544.02	0.811
544.22	0.809
544.42	0.810
544.62	0.808
544.82	0.807
545.02	0.807
545.22	0.807
545.42	0.805
545.61	0.805
545.81	0.805
546.01	0.806
546.21	0.805
546.41	0.805
546.61	0.806
546.81	0.806
547.01	0.806
547.20	0.807
547.40	0.805
547.60	0.804
547.80	0.804
548.00	0.802
548.20	0.802
548.40	0.801
548.59	0.801
548.79	0.801
548.99	0.800
549.19	0.800
549.39	0.800
549.59	0.799
549.79	0.801
549.98	0.801
550.18	0.802
550.38	0.802
550.58	0.802
550.78	0.802
550.98	0.802
551.17	0.802
551.37	0.802
551.57	0.800
551.77	0.800
551.97	0.799
552.17	0.797
552.36	0.797
552.56	0.798
552.76	0.798
552.96	0.798
553.16	0.797
553.36	0.798
553.55	0.799
553.75	0.798
553.95	0.800
554.15	0.798
554.35	0.797
554.55	0.796
554.74	0.796
554.94	0.796
555.14	0.795
555.34	0.793
555.54	0.793
555.73	0.792
555.93	0.792
556.13	0.793
556.33	0.792
556.53	0.792
556.72	0.791
556.92	0.792
557.12	0.792
557.32	0.792
557.52	0.791
557.71	0.791
557.91	0.790
558.11	0.791
558.31	0.792
558.51	0.792
558.70	0.792
558.90	0.793
559.10	0.793
559.30	0.794
559.49	0.794
559.69	0.794
559.89	0.795
560.09	0.794
560.29	0.794
560.48	0.793
560.68	0.792
560.88	0.791
561.08	0.790
561.27	0.790
561.47	0.791
561.67	0.791
561.87	0.790
562.06	0.790
562.26	0.790
562.46	0.789
562.66	0.788
562.86	0.789
563.05	0.788
563.25	0.786
563.45	0.786
563.65	0.785
563.84	0.787
564.04	0.787
564.24	0.786
564.44	0.787
564.63	0.786
564.83	0.787
565.03	0.786
565.22	0.786
565.42	0.786
565.62	0.785
565.82	0.784
566.01	0.785
566.21	0.784
566.41	0.785
566.61	0.784
566.80	0.784
567.00	0.784
567.20	0.783
567.40	0.783
567.59	0.784
567.79	0.784
567.99	0.785
568.18	0.785
568.38	0.785
568.58	0.785
568.78	0.784
568.97	0.784
569.17	0.783
569.37	0.783
569.56	0.783
569.76	0.783
569.96	0.782
570.16	0.782
570.35	0.783
570.55	0.783
570.75	0.783
570.94	0.782
571.14	0.781
571.34	0.781
571.53	0.781
571.73	0.783
571.93	0.781
572.12	0.781
572.32	0.781
572.52	0.782
572.72	0.781
572.91	0.781
573.11	0.780
573.31	0.779
573.50	0.778
573.70	0.778
573.90	0.776
574.09	0.776
574.29	0.774
574.49	0.775
574.68	0.776
574.88	0.775
575.08	0.776
575.27	0.775
575.47	0.776
575.67	0.776
575.86	0.778
576.06	0.780
576.26	0.781
576.45	0.780
576.65	0.779
576.85	0.778
577.04	0.778
577.24	0.776
577.44	0.775
577.63	0.774
577.83	0.772
578.02	0.770
578.22	0.770
578.42	0.770
578.61	0.770
578.81	0.769
579.01	0.770
579.20	0.772
579.40	0.772
579.60	0.773
579.79	0.775
579.99	0.774
580.19	0.774
580.38	0.774
580.58	0.773
580.77	0.771
580.97	0.770
581.17	0.768
581.36	0.766
581.56	0.764
581.75	0.763
581.95	0.762
582.15	0.760
582.34	0.761
582.54	0.762
582.74	0.762
582.93	0.762
583.13	0.764
583.32	0.766
583.52	0.767
583.72	0.768
583.91	0.769
584.11	0.769
584.30	0.768
584.50	0.767
584.70	0.767
584.89	0.766
585.09	0.764
585.28	0.763
585.48	0.763
585.68	0.762
585.87	0.763
586.07	0.763
586.26	0.764
586.46	0.764
586.66	0.763
586.85	0.764
587.05	0.764
587.24	0.763
587.44	0.763
587.63	0.762
587.83	0.762
588.03	0.761
588.22	0.761
588.42	0.762
588.61	0.762
588.81	0.761
589.00	0.761
589.20	0.761
589.40	0.759
589.59	0.760
589.79	0.759
589.98	0.759
590.18	0.758
590.37	0.759
590.57	0.759
590.76	0.760
590.96	0.761
591.16	0.762
591.35	0.763
591.55	0.764
591.74	0.765
591.94	0.764
592.13	0.763
592.33	0.762
592.52	0.761
592.72	0.759
592.91	0.758
593.11	0.756
593.30	0.754
593.50	0.753
593.70	0.754
593.89	0.753
594.09	0.752
594.28	0.753
594.48	0.753
594.67	0.753
594.87	0.754
595.06	0.754
595.26	0.753
595.45	0.753
595.65	0.754
595.84	0.755
596.04	0.756
596.23	0.755
596.43	0.757
596.62	0.757
596.82	0.757
597.01	0.757
597.21	0.757
597.40	0.757
597.60	0.756
597.79	0.755
597.99	0.755
598.18	0.752
598.38	0.751
598.57	0.750
598.77	0.750
598.96	0.749
599.16	0.748
599.35	0.748
599.55	0.746
599.74	0.746
599.94	0.746
600.13	0.746
600.33	0.747
600.52	0.748
600.72	0.747
600.91	0.747
601.11	0.748
601.30	0.748
601.50	0.749
601.69	0.749
601.89	0.750
602.08	0.750
602.27	0.750
602.47	0.751
602.66	0.751
602.86	0.751
603.05	0.751
603.25	0.751
603.44	0.750
603.64	0.750
603.83	0.749
604.03	0.749
604.22	0.749
604.41	0.749
604.61	0.748
604.80	0.749
605.00	0.748
605.19	0.748
605.39	0.748
605.58	0.749
605.78	0.748
605.97	0.746
606.16	0.746
606.36	0.745
606.55	0.744
606.75	0.744
606.94	0.743
607.14	0.743
607.33	0.742
607.52	0.741
607.72	0.741
607.91	0.741
608.11	0.741
608.30	0.741
608.50	0.741
608.69	0.742
608.88	0.741
609.08	0.742
609.27	0.742
609.47	0.743
609.66	0.743
609.85	0.743
610.05	0.743
610.24	0.743
610.44	0.743
610.63	0.744
610.83	0.743
611.02	0.743
611.21	0.743
611.41	0.743
611.60	0.743
611.80	0.742
611.99	0.742
612.18	0.741
612.38	0.741
612.57	0.740
612.76	0.741
612.96	0.741
613.15	0.741
613.35	0.742
613.54	0.742
613.73	0.740
613.93	0.740
614.12	0.740
614.32	0.740
614.51	0.739
614.70	0.738
614.90	0.736
615.09	0.735
615.28	0.735
615.48	0.735
615.67	0.735
615.86	0.734
616.06	0.735
616.25	0.735
616.45	0.735
616.64	0.736
616.83	0.736
617.03	0.736
617.22	0.736
617.41	0.736
617.61	0.735
617.80	0.734
617.99	0.734
618.19	0.734
618.38	0.733
618.57	0.733
618.77	0.733
618.96	0.734
619.15	0.733
619.35	0.733
619.54	0.733
619.73	0.733
619.93	0.733
620.12	0.734
620.31	0.734
620.51	0.734
620.70	0.734
620.89	0.735
621.09	0.736
621.28	0.736
621.47	0.735
621.67	0.736
621.86	0.735
622.05	0.735
622.25	0.734
622.44	0.733
622.63	0.733
622.83	0.733
623.02	0.732
623.21	0.732
623.41	0.731
623.60	0.730
623.79	0.730
623.98	0.731
624.18	0.731
624.37	0.730
624.56	0.730
624.76	0.730
624.95	0.730
625.14	0.731
625.33	0.730
625.53	0.731
625.72	0.730
625.91	0.730
626.11	0.730
626.30	0.729
626.49	0.728
626.68	0.728
626.88	0.726
627.07	0.726
627.26	0.725
627.46	0.725
627.65	0.725
627.84	0.725
628.03	0.725
628.23	0.726
628.42	0.725
628.61	0.724
628.80	0.724
629.00	0.725
629.19	0.725
629.38	0.725
629.58	0.726
629.77	0.726
629.96	0.725
630.15	0.726
630.35	0.727
630.54	0.727
630.73	0.725
630.92	0.725
631.12	0.724
631.31	0.724
631.50	0.724
631.69	0.724
631.89	0.725
632.08	0.725
632.27	0.725
632.46	0.725
632.65	0.725
632.85	0.724
633.04	0.724
633.23	0.722
633.42	0.722
633.62	0.721
633.81	0.722
634.00	0.722
634.19	0.722
634.39	0.722
634.58	0.723
634.77	0.723
634.96	0.724
635.15	0.724
635.35	0.724
635.54	0.723
635.73	0.723
635.92	0.723
636.11	0.722
636.31	0.721
636.50	0.722
636.69	0.722
636.88	0.722
637.07	0.721
637.27	0.721
637.46	0.721
637.65	0.720
637.84	0.721
638.03	0.722
638.23	0.721
638.42	0.720
638.61	0.720
638.80	0.720
638.99	0.719
639.19	0.719
639.38	0.719
639.57	0.718
639.76	0.718
639.95	0.719
640.14	0.718
640.34	0.717
640.53	0.718
640.72	0.718
640.91	0.718
641.10	0.717
641.30	0.717
641.49	0.716
641.68	0.715
641.87	0.716
642.06	0.716
642.25	0.716
642.44	0.716
642.64	0.716
642.83	0.717
643.02	0.717
643.21	0.717
643.40	0.718
643.59	0.718
643.79	0.718
643.98	0.717
644.17	0.718
644.36	0.717
644.55	0.717
644.74	0.717
644.93	0.717
645.13	0.716
645.32	0.715
645.51	0.715
645.70	0.715
645.89	0.715
646.08	0.714
646.27	0.714
646.46	0.714
646.66	0.714
646.85	0.715
647.04	0.715
647.23	0.715
647.42	0.715
647.61	0.714
647.80	0.715
647.99	0.715
648.19	0.714
648.38	0.714
648.57	0.713
648.76	0.713
648.95	0.714
649.14	0.713
649.33	0.713
649.52	0.712
649.71	0.711
649.91	0.712
650.10	0.711
650.29	0.712
650.48	0.712
650.67	0.710
650.86	0.710
651.05	0.710
651.24	0.711
651.43	0.710
651.62	0.710
651.81	0.711
652.01	0.710
652.20	0.709
652.39	0.709
652.58	0.710
652.77	0.709
652.96	0.708
653.15	0.709
653.34	0.708
653.53	0.708
653.72	0.708
653.91	0.709
654.10	0.712
654.29	0.714
654.48	0.714
654.68	0.714
654.87	0.713
655.06	0.712
655.25	0.709
655.44	0.708
655.63	0.706
655.82	0.704
656.01	0.702
656.20	0.701
656.39	0.700
656.58	0.700
656.77	0.701
656.96	0.703
657.15	0.704
657.34	0.705
657.53	0.704
657.72	0.704
657.91	0.706
658.10	0.707
658.29	0.707
658.48	0.706
658.68	0.706
658.87	0.706
659.06	0.705
659.25	0.705
659.44	0.706
659.63	0.704
659.82	0.702
660.01	0.702
660.20	0.703
660.39	0.703
660.58	0.703
660.77	0.703
660.96	0.703
661.15	0.703
661.34	0.703
661.53	0.703
661.72	0.704
661.91	0.703
662.10	0.702
662.29	0.702
662.48	0.701
662.67	0.703
662.86	0.703
663.05	0.703
663.24	0.702
663.43	0.702
663.62	0.702
663.81	0.702
664.00	0.702
664.19	0.702
664.38	0.702
664.57	0.701
664.76	0.701
664.95	0.701
665.14	0.700
665.33	0.700
665.52	0.700
665.71	0.700
665.90	0.699
666.09	0.699
666.28	0.699
666.46	0.699
666.65	0.699
666.84	0.699
667.03	0.699
667.22	0.699
667.41	0.699
667.60	0.700
667.79	0.700
667.98	0.700
668.17	0.699
668.36	0.700
668.55	0.699
668.74	0.699
668.93	0.698
669.12	0.699
669.31	0.698
669.50	0.698
669.69	0.698
669.88	0.699
670.07	0.699
670.26	0.699
670.44	0.700
670.63	0.700
670.82	0.700
671.01	0.698
671.20	0.698
671.39	0.698
671.58	0.697
671.77	0.698
671.96	0.697
672.15	0.697
672.34	0.697
672.53	0.697
672.72	0.698
672.91	0.698
673.09	0.698
673.28	0.698
673.47	0.698
673.66	0.698
673.85	0.698
674.04	0.697
674.23	0.696
674.42	0.697
674.61	0.696
674.80	0.696
674.98	0.696
675.17	0.696
675.36	0.696
675.55	0.696
675.74	0.696
675.93	0.696
676.12	0.696
676.31	0.696
676.50	0.696
676.69	0.696
676.87	0.695
677.06	0.696
677.25	0.694
677.44	0.694
677.63	0.694
677.82	0.693
678.01	0.693
678.20	0.693
678.38	0.694
678.57	0.694
678.76	0.693
678.95	0.693
679.14	0.693
679.33	0.693
679.52	0.693
679.71	0.693
679.89	0.692
680.08	0.692
680.27	0.692
680.46	0.693
680.65	0.692
680.84	0.692
681.02	0.693
681.21	0.693
681.40	0.693
681.59	0.692
681.78	0.693
681.97	0.692
682.16	0.692
682.34	0.692
682.53	0.692
682.72	0.692
682.91	0.692
683.10	0.692
683.29	0.692
683.47	0.691
683.66	0.690
683.85	0.690
684.04	0.690
684.23	0.690
684.42	0.689
684.60	0.689
684.79	0.689
684.98	0.689
685.17	0.689
685.36	0.689
685.54	0.689
685.73	0.688
685.92	0.688
686.11	0.688
686.30	0.688
686.49	0.688
686.67	0.688
686.86	0.687
687.05	0.687
687.24	0.686
687.43	0.686
687.61	0.686
687.80	0.686
687.99	0.687
688.18	0.687
688.36	0.688
688.55	0.688
688.74	0.688
688.93	0.689
689.12	0.690
689.30	0.690
689.49	0.690
689.68	0.689
689.87	0.689
690.06	0.688
690.24	0.688
690.43	0.688
690.62	0.687
690.81	0.687
690.99	0.687
691.18	0.687
691.37	0.688
691.56	0.688
691.74	0.688
691.93	0.687
692.12	0.687
692.31	0.687
692.50	0.686
692.68	0.686
692.87	0.685
693.06	0.685
693.25	0.685
693.43	0.685
693.62	0.685
693.81	0.685
694.00	0.685
694.18	0.686
694.37	0.686
694.56	0.685
694.74	0.685
694.93	0.684
695.12	0.684
695.31	0.685
695.49	0.684
695.68	0.684
695.87	0.683
696.06	0.683
696.24	0.683
696.43	0.683
696.62	0.684
696.80	0.683
696.99	0.682
697.18	0.682
697.37	0.682
697.55	0.681
697.74	0.682
697.93	0.681
698.12	0.681
698.30	0.681
698.49	0.682
698.68	0.682
698.86	0.682
699.05	0.681
699.24	0.681
699.42	0.680
699.61	0.680
699.80	0.679
699.99	0.679
700.17	0.679
700.36	0.679
700.55	0.679
700.73	0.680
700.92	0.680
701.11	0.681
701.29	0.681
701.48	0.681
701.67	0.680
701.85	0.681
702.04	0.681
702.23	0.680
702.41	0.680
702.60	0.680
702.79	0.680
702.97	0.680
703.16	0.681
703.35	0.680
703.53	0.680
703.72	0.679
703.91	0.679
704.09	0.678
704.28	0.678
704.47	0.678
704.65	0.677
704.84	0.676
705.03	0.676
705.21	0.677
705.40	0.678
705.59	0.678
705.77	0.678
705.96	0.679
706.15	0.679
706.33	0.679
706.52	0.679
706.71	0.679
706.89	0.679
707.08	0.678
707.26	0.677
707.45	0.676
707.64	0.675
707.82	0.675
708.01	0.675
708.20	0.674
708.38	0.674
708.57	0.674
708.75	0.674
708.94	0.674
709.13	0.674
709.31	0.675
709.50	0.675
709.69	0.675
709.87	0.675
710.06	0.675
710.24	0.676
710.43	0.676
710.62	0.675
710.80	0.675
710.99	0.675
711.17	0.675
711.36	0.675
711.55	0.676
711.73	0.676
711.92	0.675
712.10	0.675
712.29	0.675
712.48	0.675
712.66	0.676
712.85	0.675
713.03	0.674
713.22	0.674
713.40	0.673
713.59	0.673
713.78	0.673
713.96	0.672
714.15	0.672
714.33	0.672
714.52	0.672
714.71	0.673
714.89	0.673
715.08	0.674
715.26	0.674
715.45	0.674
715.63	0.675
715.82	0.674
716.00	0.674
716.19	0.674
716.38	0.673
716.56	0.673
716.75	0.672
716.93	0.671
717.12	0.672
717.30	0.672
717.49	0.672
717.67	0.672
717.86	0.673
718.05	0.673
718.23	0.672
718.42	0.672
718.60	0.672
718.79	0.672
718.97	0.670
719.16	0.671
719.34	0.671
719.53	0.670
719.71	0.670
719.90	0.670
720.08	0.670
720.27	0.670
720.45	0.671
720.64	0.672
720.83	0.671
721.01	0.670
721.20	0.671
721.38	0.671
721.57	0.670
721.75	0.670
721.94	0.671
722.12	0.670
722.31	0.669
722.49	0.669
722.68	0.670
722.86	0.669
723.05	0.669
723.23	0.669
723.42	0.669
723.60	0.669
723.79	0.668
723.97	0.668
724.16	0.668
724.34	0.667
724.53	0.667
724.71	0.667
724.90	0.667
725.08	0.667
725.27	0.666
725.45	0.667
725.64	0.667
725.82	0.668
726.00	0.668
726.19	0.668
726.37	0.669
726.56	0.668
726.74	0.669
726.93	0.669
727.11	0.669
727.30	0.669
727.48	0.669
727.67	0.669
727.85	0.669
728.04	0.670
728.22	0.670
728.40	0.670
728.59	0.670
728.77	0.670
728.96	0.669
729.14	0.669
729.33	0.668
729.51	0.668
729.70	0.667
729.88	0.667
730.07	0.666
730.25	0.666
730.43	0.666
730.62	0.666
730.80	0.665
730.99	0.665
731.17	0.666
731.36	0.666
731.54	0.666
731.72	0.666
731.91	0.666
732.09	0.666
732.28	0.666
732.46	0.666
732.65	0.666
732.83	0.665
733.01	0.664
733.20	0.663
733.38	0.663
733.57	0.662
733.75	0.662
733.93	0.662
734.12	0.663
734.30	0.662
734.49	0.663
734.67	0.663
734.85	0.664
735.04	0.665
735.22	0.665
735.41	0.665
735.59	0.665
735.77	0.665
735.96	0.665
736.14	0.665
736.33	0.665
736.51	0.664
736.69	0.664
736.88	0.663
737.06	0.664
737.25	0.663
737.43	0.663
737.61	0.663
737.80	0.663
737.98	0.662
738.16	0.663
738.35	0.662
738.53	0.662
738.71	0.662
738.90	0.662
739.08	0.661
739.27	0.662
739.45	0.661
739.63	0.661
739.82	0.661
740.00	0.661
740.18	0.661
740.37	0.661
740.55	0.661
740.73	0.661
740.92	0.660
741.10	0.659
741.28	0.660
741.47	0.660
741.65	0.661
741.83	0.661
742.02	0.660
742.20	0.660
742.38	0.660
742.57	0.661
742.75	0.661
742.93	0.660
743.12	0.660
743.30	0.660
743.48	0.659
743.67	0.660
743.85	0.660
744.03	0.659
744.22	0.659
744.40	0.659
744.58	0.659
744.77	0.660
744.95	0.659
745.13	0.659
745.32	0.659
745.50	0.659
745.68	0.659
745.87	0.659
746.05	0.659
746.23	0.659
746.41	0.658
746.60	0.658
746.78	0.659
746.96	0.658
747.15	0.658
747.33	0.659
747.51	0.660
747.70	0.659
747.88	0.659
748.06	0.659
748.24	0.660
748.43	0.659
748.61	0.659
748.79	0.659
748.97	0.658
749.16	0.659
749.34	0.659
749.52	0.658
749.71	0.658
749.89	0.658
750.07	0.658
750.25	0.658
750.44	0.658
750.62	0.659
750.80	0.658
750.98	0.658
751.17	0.658
751.35	0.658
751.53	0.658
751.71	0.658
751.90	0.658
752.08	0.658
752.26	0.657
752.44	0.657
752.63	0.656
752.81	0.657
752.99	0.657
753.17	0.657
753.36	0.657
753.54	0.657
753.72	0.656
753.90	0.656
754.09	0.656
754.27	0.656
754.45	0.655
754.63	0.654
754.82	0.655
755.00	0.654
755.18	0.655
755.36	0.655
755.54	0.655
755.73	0.656
755.91	0.656
756.09	0.656
756.27	0.657
756.45	0.656
756.64	0.656
756.82	0.657
757.00	0.656
757.18	0.656
757.37	0.656
757.55	0.656
757.73	0.656
757.91	0.656
758.09	0.656
758.27	0.656
758.46	0.656
758.64	0.656
758.82	0.656
759.00	0.656
759.18	0.656
759.37	0.656
759.55	0.656
759.73	0.656
759.91	0.655
760.09	0.654
760.28	0.654
760.46	0.654
760.64	0.654
760.82	0.655
761.00	0.654
761.18	0.654
761.37	0.655
761.55	0.655
761.73	0.655
761.91	0.656
762.09	0.656
762.27	0.655
762.46	0.655
762.64	0.655
762.82	0.655
763.00	0.655
763.18	0.654
763.36	0.654
763.54	0.654
763.73	0.653
763.91	0.654
764.09	0.653
764.27	0.653
764.45	0.652
764.63	0.651
764.81	0.651
765.00	0.651
765.18	0.650
765.36	0.650
765.54	0.649
765.72	0.650
765.90	0.650
766.08	0.650
766.27	0.650
766.45	0.651
766.63	0.651
766.81	0.652
766.99	0.651
767.17	0.651
767.35	0.650
767.53	0.650
767.71	0.651
767.90	0.651
768.08	0.650
768.26	0.650
768.44	0.650
768.62	0.651
768.80	0.652
768.98	0.651
769.16	0.652
769.34	0.651
769.52	0.651
769.71	0.651
769.89	0.651
770.07	0.650
770.25	0.649
770.43	0.648
770.61	0.649
770.79	0.649
770.97	0.648
771.15	0.648
771.33	0.647
771.51	0.646
771.69	0.646
771.88	0.646
772.06	0.646
772.24	0.646
772.42	0.646
772.60	0.646
772.78	0.647
772.96	0.648
773.14	0.649
773.32	0.649
773.50	0.649
773.68	0.649
773.86	0.651
774.04	0.650
774.22	0.650
774.40	0.650
774.58	0.649
774.77	0.650
774.95	0.650
775.13	0.649
775.31	0.650
775.49	0.649
775.67	0.649
775.85	0.649
776.03	0.648
776.21	0.648
776.39	0.647
776.57	0.646
776.75	0.646
776.93	0.646
777.11	0.645
777.29	0.645
777.47	0.645
777.65	0.644
777.83	0.645
778.01	0.646
778.19	0.645
778.37	0.645
778.55	0.645
778.73	0.645
778.91	0.645
779.09	0.646
779.27	0.646
779.45	0.646
779.63	0.645
779.81	0.645
779.99	0.645
780.17	0.646
780.35	0.646
780.53	0.646
780.71	0.646
780.89	0.646
781.07	0.646
781.25	0.646
781.43	0.647
781.61	0.647
781.79	0.647
781.97	0.647
782.15	0.647
782.33	0.646
782.51	0.646
782.69	0.646
782.87	0.646
783.05	0.646
783.23	0.646
783.41	0.646
783.59	0.646
783.77	0.646
783.95	0.646
784.13	0.645
784.31	0.645
784.49	0.646
784.67	0.646
784.85	0.645
785.03	0.645
785.21	0.645
785.38	0.645
785.56	0.645
785.74	0.645
785.92	0.645
786.10	0.645
786.28	0.644
786.46	0.645
786.64	0.645
786.82	0.645
787.00	0.645
787.18	0.645
787.36	0.646
787.54	0.646
787.72	0.646
787.90	0.646
788.08	0.645
788.25	0.645
788.43	0.645
788.61	0.645
788.79	0.644
788.97	0.645
789.15	0.644
789.33	0.643
789.51	0.644
789.69	0.645
789.87	0.645
790.05	0.645
790.23	0.645
790.40	0.645
790.58	0.645
790.76	0.646
790.94	0.646
791.12	0.646
791.30	0.644
791.48	0.644
791.66	0.644
791.84	0.645
792.02	0.644
792.19	0.644
792.37	0.645
792.55	0.644
792.73	0.644
792.91	0.644
793.09	0.644
793.27	0.644
793.45	0.644
793.63	0.644
793.80	0.644
793.98	0.643
794.16	0.643
794.34	0.643
794.52	0.643
794.70	0.643
794.88	0.643
795.05	0.643
795.23	0.643
795.41	0.643
795.59	0.642
795.77	0.642
795.95	0.642
796.13	0.643
796.30	0.643
796.48	0.643
796.66	0.643
796.84	0.643
797.02	0.643
797.20	0.643
797.38	0.643
797.55	0.644
797.73	0.643
797.91	0.642
798.09	0.642
798.27	0.641
798.45	0.641
798.62	0.641
798.80	0.641
798.98	0.641
799.16	0.641
799.34	0.641
799.52	0.642
799.69	0.642
799.87	0.643
800.05	0.643
800.23	0.642
800.41	0.642
800.58	0.642
800.76	0.641
800.94	0.642
801.12	0.640
801.30	0.640
801.47	0.641
801.65	0.640
801.83	0.640
802.01	0.640
802.19	0.641
802.36	0.641
802.54	0.641
802.72	0.641
802.90	0.641
803.08	0.641
803.25	0.642
803.43	0.642
803.61	0.641
803.79	0.641
803.97	0.641
804.14	0.640
804.32	0.640
804.50	0.640
804.68	0.639
804.85	0.639
805.03	0.639
805.21	0.639
805.39	0.639
805.56	0.640
805.74	0.641
805.92	0.640
806.10	0.641
806.28	0.641
806.45	0.640
806.63	0.641
806.81	0.641
806.99	0.641
807.16	0.641
807.34	0.640
807.52	0.640
807.70	0.639
807.87	0.640
808.05	0.641
808.23	0.640
808.41	0.639
808.58	0.640
808.76	0.640
808.94	0.640
809.11	0.640
809.29	0.640
809.47	0.639
809.65	0.639
809.82	0.639
810.00	0.639
810.18	0.639
810.36	0.639
810.53	0.639
810.71	0.638
810.89	0.639
811.06	0.639
811.24	0.638
811.42	0.639
811.60	0.639
811.77	0.639
811.95	0.639
812.13	0.639
812.30	0.640
812.48	0.640
812.66	0.640
812.83	0.640
813.01	0.639
813.19	0.640
813.37	0.639
813.54	0.639
813.72	0.639
813.90	0.639
814.07	0.639
814.25	0.638
814.43	0.639
814.60	0.639
814.78	0.638
814.96	0.638
815.13	0.638
815.31	0.638
815.49	0.638
815.66	0.637
815.84	0.637
816.02	0.637
816.19	0.636
816.37	0.637
816.55	0.637
816.72	0.637
816.90	0.636
817.08	0.636
817.25	0.637
817.43	0.636
817.61	0.635
817.78	0.635
817.96	0.635
818.14	0.635
818.31	0.635
818.49	0.636
818.67	0.637
818.84	0.637
819.02	0.637
819.19	0.638
819.37	0.638
819.55	0.638
819.72	0.637
819.90	0.637
820.08	0.637
820.25	0.636
820.43	0.636
820.60	0.636
820.78	0.636
820.96	0.636
821.13	0.636
821.31	0.637
821.49	0.637
821.66	0.637
821.84	0.637
822.01	0.636
822.19	0.637
822.37	0.637
822.54	0.637
822.72	0.637
822.89	0.637
823.07	0.639
823.25	0.638
823.42	0.637
823.60	0.638
823.77	0.637
823.95	0.637
824.13	0.636
824.30	0.637
824.48	0.636
824.65	0.636
824.83	0.636
825.01	0.636
825.18	0.635
825.36	0.635
825.53	0.635
825.71	0.635
825.88	0.633
826.06	0.634
826.24	0.633
826.41	0.634
826.59	0.634
826.76	0.635
826.94	0.636
827.11	0.635
827.29	0.635
827.47	0.637
827.64	0.636
827.82	0.636
827.99	0.635
828.17	0.635
828.34	0.635
828.52	0.633
828.69	0.633
828.87	0.633
829.04	0.632
829.22	0.631
829.40	0.631
829.57	0.633
829.75	0.632
829.92	0.632
830.10	0.633
830.27	0.633
830.45	0.632
830.62	0.632
830.80	0.633
830.97	0.633
831.15	0.633
831.32	0.633
831.50	0.634
831.67	0.633
831.85	0.633
832.02	0.634
832.20	0.634
832.37	0.634
832.55	0.633
832.73	0.634
832.90	0.633
833.08	0.634
833.25	0.633
833.43	0.633
833.60	0.632
833.78	0.633
833.95	0.633
834.13	0.633
834.30	0.631
834.48	0.631
834.65	0.630
834.82	0.631
835.00	0.631
835.17	0.631
835.35	0.630
835.52	0.629
835.70	0.630
835.87	0.631
836.05	0.632
836.22	0.631
836.40	0.631
836.57	0.630
836.75	0.630
836.92	0.630
837.10	0.630
837.27	0.630
837.45	0.630
837.62	0.629
837.80	0.630
837.97	0.630
838.14	0.630
838.32	0.630
838.49	0.630
838.67	0.630
838.84	0.630
839.02	0.629
839.19	0.630
839.37	0.631
839.54	0.631
839.71	0.630
839.89	0.631
840.06	0.631
840.24	0.630
840.41	0.630
840.59	0.631
840.76	0.629
840.94	0.628
841.11	0.628
841.28	0.628
841.46	0.628
841.63	0.629
841.81	0.629
841.98	0.630
842.15	0.629
842.33	0.630
842.50	0.630
842.68	0.629
842.85	0.628
843.03	0.628
843.20	0.629
843.37	0.630
843.55	0.629
843.72	0.629
843.90	0.627
844.07	0.629
844.24	0.629
844.42	0.629
844.59	0.630
844.77	0.630
844.94	0.630
845.11	0.631
845.29	0.630
845.46	0.631
845.63	0.630
845.81	0.629
845.98	0.630
846.16	0.630
846.33	0.629
846.50	0.629
846.68	0.628
846.85	0.628
847.02	0.628
847.20	0.628
847.37	0.629
847.55	0.628
847.72	0.628
847.89	0.628
848.07	0.629
848.24	0.629
848.41	0.629
848.59	0.629
848.76	0.630
848.93	0.630
849.11	0.630
849.28	0.630
849.45	0.630
849.63	0.630
849.80	0.630
849.97	0.630
850.15	0.630
850.32	0.631
850.49	0.630
850.67	0.631
850.84	0.631
851.01	0.631
851.19	0.630
851.36	0.630
851.53	0.629
851.71	0.628
851.88	0.628
852.05	0.628
852.23	0.627
852.40	0.628
852.57	0.628
852.75	0.630
852.92	0.629
853.09	0.629
853.27	0.630
853.44	0.631
853.61	0.631
853.79	0.631
853.96	0.632
854.13	0.632
854.30	0.630
854.48	0.632
854.65	0.631
854.82	0.631
855.00	0.630
855.17	0.630
855.34	0.630
855.51	0.630
855.69	0.630
855.86	0.631
856.03	0.632
856.21	0.632
856.38	0.633
856.55	0.632
856.72	0.632
856.90	0.631
857.07	0.630
857.24	0.630
857.42	0.629
857.59	0.629
857.76	0.629
857.93	0.629
858.11	0.631
858.28	0.632
858.45	0.633
858.62	0.634
858.80	0.635
858.97	0.635
859.14	0.635
859.31	0.635
859.49	0.636
859.66	0.635
859.83	0.635
860.00	0.635
860.18	0.635
860.35	0.635
860.52	0.635
860.69	0.635
860.86	0.636
861.04	0.635
861.21	0.636
861.38	0.636
861.55	0.634
861.73	0.635
861.90	0.634
862.07	0.635
862.24	0.635
862.42	0.635
862.59	0.636
862.76	0.636
862.93	0.636
863.10	0.638
863.28	0.638
863.45	0.639
863.62	0.639
863.79	0.640
863.96	0.640
864.14	0.639
864.31	0.639
864.48	0.639
864.65	0.639
864.82	0.639
865.00	0.639
865.17	0.638
865.34	0.638
865.51	0.640
865.68	0.640
865.86	0.639
866.03	0.639
866.20	0.639
866.37	0.640
866.54	0.640
866.71	0.640
866.89	0.640
867.06	0.639
867.23	0.639
867.40	0.640
867.57	0.641
867.74	0.641
867.92	0.641
868.09	0.640
868.26	0.640
868.43	0.641
868.60	0.641
868.77	0.641
868.95	0.640
869.12	0.641
869.29	0.641
869.46	0.642
869.63	0.642
869.80	0.644
869.97	0.642
870.15	0.643
870.32	0.644
870.49	0.645
870.66	0.645
870.83	0.647
871.00	0.646
871.17	0.647
871.34	0.646
871.52	0.646
871.69	0.646
871.86	0.646
872.03	0.647
872.20	0.646
872.37	0.646
872.54	0.645
872.71	0.645
872.89	0.646
873.06	0.646
873.23	0.647
873.40	0.646
873.57	0.646
873.74	0.645
873.91	0.645
874.08	0.647
874.25	0.646
874.42	0.646
874.60	0.647
874.77	0.647
874.94	0.648
875.11	0.647
875.28	0.647
875.45	0.647
875.62	0.645
875.79	0.646
875.96	0.646
876.13	0.646
876.30	0.646
876.47	0.645
876.65	0.645
876.82	0.646
876.99	0.645
877.16	0.646
877.33	0.647
877.50	0.646
877.67	0.645
877.84	0.646
878.01	0.646
878.18	0.646
878.35	0.647
878.52	0.647
878.69	0.647
878.86	0.646
879.03	0.647
879.20	0.647
879.38	0.647
879.55	0.647
879.72	0.647
879.89	0.646
880.06	0.646
880.23	0.646
880.40	0.647
880.57	0.647
880.74	0.648
880.91	0.647
881.08	0.647
881.25	0.648
881.42	0.647
881.59	0.647
881.76	0.646
881.93	0.647
882.10	0.648
882.27	0.646
882.44	0.647
882.61	0.649
882.78	0.650
882.95	0.650
883.12	0.650
883.29	0.651
883.46	0.652
883.63	0.652
883.80	0.652
883.97	0.652
884.14	0.650
884.31	0.648
884.48	0.648
884.65	0.649
884.82	0.648
884.99	0.646
885.16	0.645
885.33	0.645
885.50	0.645
885.67	0.648
885.84	0.648
886.01	0.649
886.18	0.649
886.35	0.651
886.52	0.652
886.69	0.653
886.86	0.651
887.03	0.651
887.20	0.649
887.37	0.649
887.54	0.651
887.71	0.650
887.88	0.649
888.05	0.649
888.22	0.648
888.39	0.650
888.55	0.648
888.72	0.647
888.89	0.646
889.06	0.645
889.23	0.645
889.40	0.646
889.57	0.646
889.74	0.646
889.91	0.645
890.08	0.646
890.25	0.646
890.42	0.646
890.59	0.648
890.76	0.647
890.93	0.649
891.10	0.648
891.26	0.647
891.43	0.647
891.60	0.648
891.77	0.650
891.94	0.649
892.11	0.648
892.28	0.648
892.45	0.647
892.62	0.647
892.79	0.646
892.96	0.649
893.13	0.651
893.29	0.649
893.46	0.647
893.63	0.649
893.80	0.647
893.97	0.645
894.14	0.645
894.31	0.645
894.48	0.633
894.65	0.639
894.81	0.647
894.98	0.638
