177.34	0.316
177.56	0.316
177.78	0.316
178.00	0.234
178.22	0.206
178.44	0.364
178.66	0.529
178.89	-0.000
179.11	-0.000
179.33	-0.369
179.55	-0.801
179.77	-0.608
179.99	-0.597
180.21	-0.349
180.43	-0.179
180.65	-0.040
180.87	0.054
181.09	0.095
181.31	0.124
181.53	0.160
181.75	0.185
181.97	0.211
182.19	0.217
182.41	0.234
182.63	0.233
182.85	0.241
183.07	0.244
183.30	0.267
183.52	0.279
183.74	0.291
183.96	0.298
184.18	0.289
184.40	0.308
184.62	0.333
184.84	0.342
185.06	0.380
185.28	0.384
185.50	0.421
185.72	0.438
185.94	0.445
186.16	0.493
186.38	0.511
186.60	0.520
186.82	0.560
187.04	0.547
187.26	0.573
187.48	0.567
187.70	0.596
187.92	0.617
188.14	0.666
188.36	0.673
188.58	0.716
188.80	0.727
189.02	0.761
189.24	0.808
189.46	0.854
189.68	0.874
189.90	0.923
190.12	0.945
190.34	0.969
190.56	0.984
190.78	1.022
191.00	1.095
191.22	1.130
191.44	1.170
191.66	1.204
191.88	1.225
192.10	1.197
192.32	1.208
192.54	1.198
192.76	1.232
192.98	1.235
193.20	1.234
193.42	1.246
193.64	1.284
193.86	1.271
194.08	1.254
194.30	1.299
194.52	1.342
194.74	1.328
194.96	1.322
195.18	1.327
195.40	1.349
195.62	1.356
195.84	1.386
196.06	1.442
196.28	1.447
196.50	1.418
196.72	1.461
196.94	1.459
197.16	1.488
197.38	1.468
197.60	1.467
197.82	1.495
198.04	1.528
198.26	1.539
198.48	1.560
198.70	1.542
198.92	1.570
199.13	1.509
199.35	1.515
199.57	1.529
199.79	1.513
200.01	1.493
200.23	1.464
200.45	1.488
200.67	1.488
200.89	1.514
201.11	1.557
201.33	1.569
201.55	1.566
201.77	1.563
201.99	1.575
202.21	1.677
202.43	1.719
202.65	1.701
202.87	1.671
203.09	1.664
203.31	1.686
203.52	1.668
203.74	1.649
203.96	1.643
204.18	1.614
204.40	1.599
204.62	1.640
204.84	1.668
205.06	1.685
205.28	1.680
205.50	1.714
205.72	1.752
205.94	1.758
206.16	1.747
206.38	1.743
206.59	1.740
206.81	1.719
207.03	1.735
207.25	1.720
207.47	1.720
207.69	1.706
207.91	1.710
208.13	1.721
208.35	1.728
208.57	1.740
208.79	1.765
209.01	1.750
209.22	1.760
209.44	1.755
209.66	1.765
209.88	1.780
210.10	1.800
210.32	1.802
210.54	1.819
210.76	1.799
210.98	1.806
211.20	1.827
211.42	1.852
211.63	1.878
211.85	1.914
212.07	1.905
212.29	1.923
212.51	1.931
212.73	1.969
212.95	1.960
213.17	1.971
213.39	1.963
213.60	1.953
213.82	1.916
214.04	1.927
214.26	1.936
214.48	1.918
214.70	1.911
214.92	1.931
215.14	1.917
215.35	1.938
215.57	1.951
215.79	1.970
216.01	1.967
216.23	1.941
216.45	1.959
216.67	1.976
216.89	1.993
217.10	2.029
217.32	2.027
217.54	2.030
217.76	2.007
217.98	2.020
218.20	2.064
218.42	2.052
218.64	2.052
218.85	2.048
219.07	2.053
219.29	2.049
219.51	2.062
219.73	2.093
219.95	2.081
220.17	2.083
220.38	2.087
220.60	2.089
220.82	2.126
221.04	2.129
221.26	2.154
221.48	2.138
221.69	2.132
221.91	2.119
222.13	2.110
222.35	2.108
222.57	2.099
222.79	2.079
223.00	2.070
223.22	2.072
223.44	2.087
223.66	2.085
223.88	2.137
224.10	2.152
224.32	2.175
224.53	2.188
224.75	2.190
224.97	2.198
225.19	2.175
225.41	2.177
225.62	2.189
225.84	2.145
226.06	2.139
226.28	2.113
226.50	2.116
226.72	2.113
226.93	2.100
227.15	2.099
227.37	2.074
227.59	2.056
227.81	2.045
228.02	2.021
228.24	2.014
228.46	1.992
228.68	1.964
228.90	1.950
229.12	1.929
229.33	1.908
229.55	1.889
229.77	1.863
229.99	1.844
230.21	1.824
230.42	1.805
230.64	1.785
230.86	1.763
231.08	1.742
231.30	1.720
231.51	1.696
231.73	1.677
231.95	1.652
232.17	1.633
232.38	1.610
232.60	1.592
232.82	1.568
233.04	1.548
233.26	1.530
233.47	1.514
233.69	1.495
233.91	1.479
234.13	1.455
234.35	1.437
234.56	1.417
234.78	1.400
235.00	1.379
235.22	1.359
235.43	1.340
235.65	1.324
235.87	1.306
236.09	1.293
236.30	1.278
236.52	1.261
236.74	1.246
236.96	1.232
237.18	1.219
237.39	1.204
237.61	1.188
237.83	1.175
238.05	1.162
238.26	1.150
238.48	1.139
238.70	1.126
238.92	1.112
239.13	1.100
239.35	1.089
239.57	1.078
239.79	1.066
240.00	1.054
240.22	1.041
240.44	1.029
240.66	1.018
240.87	1.008
241.09	0.998
241.31	0.987
241.53	0.977
241.74	0.966
241.96	0.957
242.18	0.947
242.40	0.938
242.61	0.928
242.83	0.919
243.05	0.909
243.27	0.900
243.48	0.892
243.70	0.883
243.92	0.875
244.13	0.867
244.35	0.859
244.57	0.851
244.79	0.842
245.00	0.834
245.22	0.827
245.44	0.821
245.65	0.815
245.87	0.809
246.09	0.802
246.31	0.795
246.52	0.789
246.74	0.784
246.96	0.779
247.18	0.773
247.39	0.767
247.61	0.761
247.83	0.755
248.04	0.750
248.26	0.744
248.48	0.740
248.69	0.735
248.91	0.729
249.13	0.723
249.35	0.718
249.56	0.713
249.78	0.709
250.00	0.705
250.21	0.701
250.43	0.696
250.65	0.692
250.86	0.688
251.08	0.685
251.30	0.682
251.51	0.678
251.73	0.674
251.95	0.670
252.17	0.667
252.38	0.663
252.60	0.660
252.82	0.657
253.03	0.654
253.25	0.649
253.47	0.646
253.68	0.643
253.90	0.640
254.12	0.638
254.33	0.635
254.55	0.632
254.77	0.629
254.98	0.627
255.20	0.625
255.42	0.622
255.63	0.620
255.85	0.618
256.07	0.616
256.28	0.613
256.50	0.611
256.72	0.609
256.93	0.606
257.15	0.604
257.37	0.602
257.58	0.600
257.80	0.598
258.02	0.595
258.23	0.594
258.45	0.592
258.67	0.590
258.88	0.588
259.10	0.586
259.32	0.585
259.53	0.583
259.75	0.582
259.96	0.581
260.18	0.580
260.40	0.578
260.61	0.577
260.83	0.576
261.05	0.574
261.26	0.573
261.48	0.571
261.70	0.570
261.91	0.568
262.13	0.566
262.34	0.565
262.56	0.564
262.78	0.562
262.99	0.561
263.21	0.559
263.43	0.558
263.64	0.556
263.86	0.555
264.07	0.553
264.29	0.551
264.51	0.550
264.72	0.548
264.94	0.546
265.16	0.545
265.37	0.543
265.59	0.542
265.80	0.540
266.02	0.539
266.24	0.538
266.45	0.536
266.67	0.535
266.88	0.533
267.10	0.532
267.32	0.530
267.53	0.529
267.75	0.527
267.96	0.525
268.18	0.524
268.40	0.522
268.61	0.521
268.83	0.519
269.04	0.518
269.26	0.517
269.48	0.515
269.69	0.513
269.91	0.512
270.12	0.510
270.34	0.508
270.56	0.506
270.77	0.504
270.99	0.503
271.20	0.501
271.42	0.500
271.64	0.498
271.85	0.496
272.07	0.494
272.28	0.492
272.50	0.490
272.71	0.488
272.93	0.485
273.15	0.483
273.36	0.481
273.58	0.479
273.79	0.477
274.01	0.475
274.22	0.474
274.44	0.472
274.66	0.470
274.87	0.468
275.09	0.466
275.30	0.464
275.52	0.461
275.73	0.458
275.95	0.455
276.16	0.453
276.38	0.451
276.60	0.449
276.81	0.447
277.03	0.444
277.24	0.442
277.46	0.439
277.67	0.437
277.89	0.435
278.10	0.433
278.32	0.430
278.53	0.428
278.75	0.425
278.97	0.423
279.18	0.421
279.40	0.418
279.61	0.416
279.83	0.414
280.04	0.411
280.26	0.409
280.47	0.406
280.69	0.404
280.90	0.401
281.12	0.399
281.33	0.397
281.55	0.394
281.76	0.392
281.98	0.390
282.20	0.387
282.41	0.385
282.63	0.383
282.84	0.381
283.06	0.378
283.27	0.376
283.49	0.373
283.70	0.370
283.92	0.368
284.13	0.365
284.35	0.363
284.56	0.360
284.78	0.357
284.99	0.354
285.21	0.351
285.42	0.349
285.64	0.346
285.85	0.343
286.07	0.341
286.28	0.338
286.50	0.335
286.71	0.333
286.93	0.330
287.14	0.329
287.36	0.326
287.57	0.324
287.79	0.321
288.00	0.319
288.22	0.316
288.43	0.314
288.65	0.311
288.86	0.309
289.08	0.306
289.29	0.304
289.51	0.302
289.72	0.299
289.94	0.297
290.15	0.294
290.37	0.292
290.58	0.290
290.80	0.288
291.01	0.286
291.22	0.284
291.44	0.282
291.65	0.280
291.87	0.278
292.08	0.277
292.30	0.275
292.51	0.273
292.73	0.271
292.94	0.268
293.16	0.266
293.37	0.265
293.59	0.263
293.80	0.261
294.02	0.259
294.23	0.257
294.44	0.255
294.66	0.253
294.87	0.252
295.09	0.250
295.30	0.248
295.52	0.246
295.73	0.244
295.95	0.242
296.16	0.240
296.37	0.239
296.59	0.237
296.80	0.236
297.02	0.234
297.23	0.232
297.45	0.230
297.66	0.228
297.88	0.227
298.09	0.225
298.30	0.223
298.52	0.222
298.73	0.220
298.95	0.219
299.16	0.217
299.38	0.216
299.59	0.214
299.80	0.213
300.02	0.212
300.23	0.210
300.45	0.209
300.66	0.207
300.88	0.206
301.09	0.204
301.30	0.203
301.52	0.202
301.73	0.200
301.95	0.198
302.16	0.197
302.37	0.195
302.59	0.194
302.80	0.193
303.02	0.192
303.23	0.191
303.45	0.189
303.66	0.188
303.87	0.187
304.09	0.186
304.30	0.185
304.52	0.184
304.73	0.182
304.94	0.181
305.16	0.180
305.37	0.179
305.59	0.178
305.80	0.177
306.01	0.176
306.23	0.174
306.44	0.173
306.65	0.172
306.87	0.171
307.08	0.170
307.30	0.169
307.51	0.168
307.72	0.167
307.94	0.166
308.15	0.165
308.37	0.164
308.58	0.162
308.79	0.161
309.01	0.160
309.22	0.159
309.43	0.158
309.65	0.157
309.86	0.156
310.07	0.154
310.29	0.153
310.50	0.151
310.72	0.150
310.93	0.149
311.14	0.147
311.36	0.146
311.57	0.145
311.78	0.144
312.00	0.143
312.21	0.143
312.42	0.142
312.64	0.142
312.85	0.142
313.07	0.141
313.28	0.140
313.49	0.139
313.71	0.138
313.92	0.137
314.13	0.136
314.35	0.135
314.56	0.134
314.77	0.133
314.99	0.133
315.20	0.132
315.41	0.131
315.63	0.130
315.84	0.130
316.05	0.129
316.27	0.128
316.48	0.127
316.69	0.127
316.91	0.126
317.12	0.125
317.33	0.124
317.55	0.124
317.76	0.124
317.97	0.123
318.19	0.122
318.40	0.121
318.61	0.120
318.83	0.119
319.04	0.119
319.25	0.118
319.47	0.117
319.68	0.116
319.89	0.116
320.10	0.115
320.32	0.115
320.53	0.114
320.74	0.114
320.96	0.114
321.17	0.114
321.38	0.113
321.60	0.113
321.81	0.112
322.02	0.111
322.24	0.111
322.45	0.110
322.66	0.109
322.87	0.108
323.09	0.107
323.30	0.107
323.51	0.107
323.73	0.106
323.94	0.106
324.15	0.106
324.36	0.105
324.58	0.105
324.79	0.104
325.00	0.104
325.22	0.104
325.43	0.103
325.64	0.103
325.85	0.102
326.07	0.102
326.28	0.101
326.49	0.100
326.71	0.100
326.92	0.099
327.13	0.099
327.34	0.098
327.56	0.098
327.77	0.097
327.98	0.097
328.19	0.097
328.41	0.096
328.62	0.095
328.83	0.095
329.04	0.095
329.26	0.094
329.47	0.093
329.68	0.093
329.90	0.093
330.11	0.093
330.32	0.093
330.53	0.093
330.75	0.093
330.96	0.092
331.17	0.092
331.38	0.092
331.60	0.091
331.81	0.091
332.02	0.090
332.23	0.090
332.44	0.089
332.66	0.089
332.87	0.089
333.08	0.088
333.29	0.088
333.51	0.088
333.72	0.088
333.93	0.087
334.14	0.087
334.36	0.086
334.57	0.086
334.78	0.085
334.99	0.085
335.21	0.085
335.42	0.085
335.63	0.084
335.84	0.084
336.05	0.084
336.27	0.084
336.48	0.083
336.69	0.083
336.90	0.083
337.11	0.083
337.33	0.083
337.54	0.082
337.75	0.081
337.96	0.081
338.18	0.081
338.39	0.081
338.60	0.081
338.81	0.080
339.02	0.080
339.24	0.080
339.45	0.080
339.66	0.080
339.87	0.079
340.08	0.079
340.30	0.078
340.51	0.078
340.72	0.078
340.93	0.077
341.14	0.077
341.36	0.077
341.57	0.076
341.78	0.077
341.99	0.076
342.20	0.076
342.41	0.076
342.63	0.076
342.84	0.075
343.05	0.075
343.26	0.074
343.47	0.075
343.69	0.074
343.90	0.073
344.11	0.073
344.32	0.073
344.53	0.072
344.74	0.072
344.96	0.072
345.17	0.072
345.38	0.072
345.59	0.072
345.80	0.072
346.01	0.072
346.23	0.071
346.44	0.071
346.65	0.070
346.86	0.070
347.07	0.069
347.28	0.069
347.50	0.069
347.71	0.068
347.92	0.068
348.13	0.068
348.34	0.068
348.55	0.067
348.76	0.067
348.98	0.067
349.19	0.066
349.40	0.066
349.61	0.066
349.82	0.065
350.03	0.065
350.24	0.065
350.46	0.065
350.67	0.065
350.88	0.065
351.09	0.065
351.30	0.065
351.51	0.064
351.72	0.064
351.93	0.064
352.15	0.064
352.36	0.063
352.57	0.063
352.78	0.062
352.99	0.062
353.20	0.062
353.41	0.062
353.62	0.062
353.84	0.062
354.05	0.061
354.26	0.061
354.47	0.061
354.68	0.061
354.89	0.060
355.10	0.061
355.31	0.060
355.52	0.060
355.74	0.060
355.95	0.060
356.16	0.059
356.37	0.059
356.58	0.059
356.79	0.059
357.00	0.059
357.21	0.058
357.42	0.058
357.63	0.058
357.85	0.058
358.06	0.058
358.27	0.058
358.48	0.058
358.69	0.058
358.90	0.057
359.11	0.057
359.32	0.057
359.53	0.057
359.74	0.057
359.95	0.057
360.17	0.056
360.38	0.056
360.59	0.055
360.80	0.055
361.01	0.055
361.22	0.055
361.43	0.054
361.64	0.054
361.85	0.054
362.06	0.054
362.27	0.053
362.48	0.053
362.69	0.053
362.90	0.054
363.12	0.053
363.33	0.053
363.54	0.053
363.75	0.052
363.96	0.052
364.17	0.052
364.38	0.052
364.59	0.052
364.80	0.052
365.01	0.052
365.22	0.052
365.43	0.051
365.64	0.051
365.85	0.051
366.06	0.051
366.27	0.051
366.48	0.050
366.69	0.050
366.90	0.049
367.11	0.049
367.32	0.049
367.54	0.049
367.75	0.049
367.96	0.048
368.17	0.048
368.38	0.048
368.59	0.048
368.80	0.048
369.01	0.047
369.22	0.047
369.43	0.047
369.64	0.047
369.85	0.047
370.06	0.047
370.27	0.047
370.48	0.047
370.69	0.047
370.90	0.046
371.11	0.046
371.32	0.046
371.53	0.046
371.74	0.046
371.95	0.045
372.16	0.045
372.37	0.045
372.58	0.045
372.79	0.045
373.00	0.044
373.21	0.044
373.42	0.044
373.63	0.043
373.84	0.044
374.05	0.045
374.26	0.044
374.47	0.044
374.68	0.044
374.89	0.044
375.10	0.044
375.31	0.044
375.52	0.044
375.73	0.044
375.94	0.044
376.15	0.044
376.36	0.043
376.57	0.043
376.78	0.044
376.99	0.044
377.20	0.044
377.41	0.044
377.62	0.044
377.83	0.044
378.04	0.044
378.25	0.043
378.46	0.043
378.67	0.042
378.88	0.041
379.09	0.041
379.30	0.041
379.51	0.040
379.72	0.040
379.92	0.040
380.13	0.040
380.34	0.039
380.55	0.040
380.76	0.040
380.97	0.040
381.18	0.040
381.39	0.040
381.60	0.039
381.81	0.039
382.02	0.039
382.23	0.038
382.44	0.038
382.65	0.038
382.86	0.038
383.07	0.038
383.28	0.038
383.49	0.038
383.70	0.038
383.91	0.038
384.11	0.038
384.32	0.038
384.53	0.038
384.74	0.038
384.95	0.037
385.16	0.038
385.37	0.037
385.58	0.037
385.79	0.037
386.00	0.036
386.21	0.036
386.42	0.036
386.63	0.037
386.84	0.037
387.04	0.036
387.25	0.037
387.46	0.036
387.67	0.037
387.88	0.037
388.09	0.037
388.30	0.037
388.51	0.036
388.72	0.035
388.93	0.035
389.14	0.035
389.34	0.035
389.55	0.034
389.76	0.034
389.97	0.034
390.18	0.034
390.39	0.035
390.60	0.036
390.81	0.036
391.02	0.036
391.23	0.037
391.43	0.037
391.64	0.038
391.85	0.038
392.06	0.037
392.27	0.037
392.48	0.036
392.69	0.035
392.90	0.034
393.11	0.034
393.31	0.032
393.52	0.032
393.73	0.031
393.94	0.031
394.15	0.031
394.36	0.031
394.57	0.031
394.78	0.031
394.98	0.032
395.19	0.032
395.40	0.032
395.61	0.032
395.82	0.033
396.03	0.033
396.24	0.034
396.44	0.034
396.65	0.035
396.86	0.035
397.07	0.035
397.28	0.035
397.49	0.036
397.70	0.035
397.90	0.034
398.11	0.033
398.32	0.032
398.53	0.032
398.74	0.032
398.95	0.031
399.16	0.030
399.36	0.029
399.57	0.029
399.78	0.030
399.99	0.031
400.20	0.031
400.41	0.030
400.61	0.030
400.82	0.030
401.03	0.031
401.24	0.031
401.45	0.031
401.66	0.031
401.86	0.031
402.07	0.031
402.28	0.030
402.49	0.030
402.70	0.030
402.91	0.030
403.11	0.030
403.32	0.030
403.53	0.030
403.74	0.030
403.95	0.031
404.15	0.031
404.36	0.032
404.57	0.032
404.78	0.031
404.99	0.031
405.20	0.031
405.40	0.030
405.61	0.030
405.82	0.029
406.03	0.028
406.24	0.028
406.44	0.028
406.65	0.029
406.86	0.029
407.07	0.030
407.28	0.030
407.48	0.030
407.69	0.030
407.90	0.030
408.11	0.030
408.32	0.030
408.52	0.030
408.73	0.029
408.94	0.029
409.15	0.029
409.35	0.030
409.56	0.030
409.77	0.030
409.98	0.030
410.19	0.030
410.39	0.031
410.60	0.031
410.81	0.030
411.02	0.030
411.22	0.030
411.43	0.030
411.64	0.030
411.85	0.029
412.05	0.030
412.26	0.029
412.47	0.029
412.68	0.029
412.89	0.029
413.09	0.029
413.30	0.027
413.51	0.028
413.72	0.028
413.92	0.027
414.13	0.027
414.34	0.028
414.55	0.028
414.75	0.028
414.96	0.028
415.17	0.029
415.38	0.028
415.58	0.028
415.79	0.028
416.00	0.028
416.21	0.029
416.41	0.028
416.62	0.029
416.83	0.029
417.03	0.029
417.24	0.029
417.45	0.029
417.66	0.029
417.86	0.029
418.07	0.029
418.28	0.029
418.49	0.029
418.69	0.030
418.90	0.030
419.11	0.029
419.31	0.030
419.52	0.030
419.73	0.030
419.94	0.030
420.14	0.030
420.35	0.030
420.56	0.030
420.76	0.030
420.97	0.030
421.18	0.029
421.39	0.029
421.59	0.028
421.80	0.028
422.01	0.027
422.21	0.027
422.42	0.026
422.63	0.026
422.84	0.027
423.04	0.027
423.25	0.028
423.46	0.029
423.66	0.029
423.87	0.029
424.08	0.029
424.28	0.029
424.49	0.029
424.70	0.029
424.90	0.028
425.11	0.027
425.32	0.027
425.52	0.026
425.73	0.026
425.94	0.027
426.15	0.027
426.35	0.027
426.56	0.027
426.77	0.027
426.97	0.028
427.18	0.028
427.39	0.028
427.59	0.028
427.80	0.028
428.01	0.029
428.21	0.028
428.42	0.029
428.63	0.030
428.83	0.030
429.04	0.030
429.25	0.030
429.45	0.029
429.66	0.029
429.87	0.028
430.07	0.028
430.28	0.026
430.48	0.026
430.69	0.025
430.90	0.025
431.10	0.025
431.31	0.025
431.52	0.025
431.72	0.025
431.93	0.026
432.14	0.026
432.34	0.026
432.55	0.026
432.76	0.026
432.96	0.026
433.17	0.027
433.37	0.027
433.58	0.026
433.79	0.026
433.99	0.026
434.20	0.026
434.41	0.027
434.61	0.027
434.82	0.026
435.02	0.026
435.23	0.027
435.44	0.027
435.64	0.028
435.85	0.027
436.06	0.027
436.26	0.027
436.47	0.026
436.67	0.026
436.88	0.026
437.09	0.026
437.29	0.025
437.50	0.026
437.70	0.025
437.91	0.026
438.12	0.026
438.32	0.026
438.53	0.026
438.73	0.025
438.94	0.025
439.15	0.025
439.35	0.025
439.56	0.026
439.76	0.026
439.97	0.027
440.18	0.027
440.38	0.027
440.59	0.027
440.79	0.027
441.00	0.027
441.20	0.027
441.41	0.027
441.62	0.027
441.82	0.027
442.03	0.027
442.23	0.027
442.44	0.027
442.65	0.027
442.85	0.026
443.06	0.025
443.26	0.025
443.47	0.024
443.67	0.024
443.88	0.024
444.09	0.024
444.29	0.023
444.50	0.024
444.70	0.024
444.91	0.025
445.11	0.025
445.32	0.025
445.52	0.025
445.73	0.025
445.94	0.024
446.14	0.025
446.35	0.026
446.55	0.026
446.76	0.026
446.96	0.026
447.17	0.026
447.37	0.026
447.58	0.025
447.78	0.026
447.99	0.025
448.20	0.026
448.40	0.026
448.61	0.026
448.81	0.026
449.02	0.027
449.22	0.027
449.43	0.028
449.63	0.028
449.84	0.027
450.04	0.027
450.25	0.026
450.45	0.027
450.66	0.026
450.86	0.025
451.07	0.025
451.27	0.024
451.48	0.024
451.68	0.024
451.89	0.024
452.09	0.024
452.30	0.024
452.50	0.024
452.71	0.024
452.91	0.024
453.12	0.024
453.33	0.024
453.53	0.025
453.74	0.025
453.94	0.025
454.15	0.025
454.35	0.025
454.56	0.026
454.76	0.026
454.96	0.026
455.17	0.026
455.37	0.026
455.58	0.026
455.78	0.026
455.99	0.026
456.19	0.025
456.40	0.025
456.60	0.025
456.81	0.025
457.01	0.025
457.22	0.025
457.42	0.025
457.63	0.024
457.83	0.024
458.04	0.025
458.24	0.025
458.45	0.025
458.65	0.025
458.86	0.025
459.06	0.025
459.27	0.026
459.47	0.027
459.67	0.027
459.88	0.027
460.08	0.027
460.29	0.026
460.49	0.026
460.70	0.024
460.90	0.024
461.11	0.024
461.31	0.023
461.52	0.023
461.72	0.023
461.92	0.024
462.13	0.024
462.33	0.025
462.54	0.026
462.74	0.027
462.95	0.027
463.15	0.027
463.36	0.028
463.56	0.028
463.76	0.028
463.97	0.029
464.17	0.029
464.38	0.029
464.58	0.030
464.79	0.028
464.99	0.028
465.19	0.026
465.40	0.025
465.60	0.025
465.81	0.024
466.01	0.023
466.22	0.023
466.42	0.022
466.62	0.023
466.83	0.024
467.03	0.025
467.24	0.025
467.44	0.026
467.65	0.025
467.85	0.026
468.05	0.027
468.26	0.026
468.46	0.025
468.67	0.025
468.87	0.025
469.07	0.025
469.28	0.024
469.48	0.025
469.69	0.024
469.89	0.024
470.09	0.025
470.30	0.026
470.50	0.026
470.71	0.026
470.91	0.026
471.11	0.027
471.32	0.027
471.52	0.027
471.72	0.027
471.93	0.027
472.13	0.027
472.34	0.027
472.54	0.027
472.74	0.027
472.95	0.027
473.15	0.027
473.35	0.027
473.56	0.028
473.76	0.028
473.97	0.028
474.17	0.028
474.37	0.028
474.58	0.027
474.78	0.027
474.98	0.027
475.19	0.027
475.39	0.026
475.60	0.026
475.80	0.025
476.00	0.025
476.21	0.025
476.41	0.025
476.61	0.025
476.82	0.025
477.02	0.025
477.22	0.025
477.43	0.025
477.63	0.026
477.83	0.027
478.04	0.026
478.24	0.026
478.44	0.026
478.65	0.026
478.85	0.026
479.05	0.027
479.26	0.026
479.46	0.026
479.66	0.026
479.87	0.026
480.07	0.026
480.27	0.027
480.48	0.027
480.68	0.027
480.88	0.026
481.09	0.026
481.29	0.026
481.49	0.026
481.70	0.026
481.90	0.026
482.10	0.026
482.31	0.025
482.51	0.025
482.71	0.026
482.92	0.026
483.12	0.026
483.32	0.026
483.52	0.027
483.73	0.027
483.93	0.026
484.13	0.027
484.34	0.028
484.54	0.028
484.74	0.028
484.95	0.027
485.15	0.026
485.35	0.025
485.55	0.025
485.76	0.026
485.96	0.025
486.16	0.024
486.37	0.023
486.57	0.022
486.77	0.023
486.97	0.023
487.18	0.023
487.38	0.023
487.58	0.024
487.79	0.024
487.99	0.024
488.19	0.024
488.39	0.025
488.60	0.025
488.80	0.025
489.00	0.026
489.20	0.025
489.41	0.025
489.61	0.025
489.81	0.025
490.02	0.025
490.22	0.025
490.42	0.025
490.62	0.025
490.83	0.024
491.03	0.025
491.23	0.025
491.43	0.025
491.64	0.025
491.84	0.025
492.04	0.026
492.24	0.025
492.45	0.026
492.65	0.026
492.85	0.026
493.05	0.026
493.26	0.025
493.46	0.026
493.66	0.026
493.86	0.026
494.07	0.025
494.27	0.025
494.47	0.026
494.67	0.026
494.87	0.027
495.08	0.028
495.28	0.027
495.48	0.026
495.68	0.026
495.89	0.025
496.09	0.024
496.29	0.024
496.49	0.023
496.69	0.022
496.90	0.021
497.10	0.022
497.30	0.022
497.50	0.022
497.71	0.023
497.91	0.024
498.11	0.024
498.31	0.024
498.51	0.024
498.72	0.024
498.92	0.024
499.12	0.024
499.32	0.024
499.52	0.024
499.73	0.024
499.93	0.025
500.13	0.025
500.33	0.025
500.53	0.026
500.74	0.026
500.94	0.025
501.14	0.025
501.34	0.025
501.54	0.025
501.74	0.025
501.95	0.025
502.15	0.025
502.35	0.024
502.55	0.024
502.75	0.025
502.96	0.024
503.16	0.024
503.36	0.024
503.56	0.024
503.76	0.023
503.96	0.023
504.17	0.023
504.37	0.023
504.57	0.023
504.77	0.023
504.97	0.023
505.17	0.024
505.38	0.024
505.58	0.025
505.78	0.025
505.98	0.025
506.18	0.025
506.38	0.025
506.58	0.026
506.79	0.026
506.99	0.025
507.19	0.025
507.39	0.025
507.59	0.024
507.79	0.024
507.99	0.024
508.20	0.024
508.40	0.024
508.60	0.024
508.80	0.024
509.00	0.025
509.20	0.025
509.40	0.025
509.61	0.025
509.81	0.025
510.01	0.024
510.21	0.024
510.41	0.024
510.61	0.024
510.81	0.025
511.01	0.025
511.22	0.026
511.42	0.026
511.62	0.026
511.82	0.026
512.02	0.026
512.22	0.026
512.42	0.025
512.62	0.025
512.82	0.024
513.03	0.024
513.23	0.024
513.43	0.024
513.63	0.024
513.83	0.024
514.03	0.024
514.23	0.024
514.43	0.024
514.63	0.025
514.83	0.025
515.04	0.026
515.24	0.026
515.44	0.026
515.64	0.026
515.84	0.026
516.04	0.026
516.24	0.026
516.44	0.026
516.64	0.026
516.84	0.025
517.04	0.025
517.24	0.025
517.45	0.026
517.65	0.026
517.85	0.026
518.05	0.026
518.25	0.026
518.45	0.026
518.65	0.026
518.85	0.025
519.05	0.025
519.25	0.025
519.45	0.025
519.65	0.025
519.85	0.025
520.05	0.025
520.25	0.025
520.46	0.026
520.66	0.026
520.86	0.026
521.06	0.026
521.26	0.026
521.46	0.026
521.66	0.026
521.86	0.026
522.06	0.026
522.26	0.026
522.46	0.026
522.66	0.026
522.86	0.026
523.06	0.026
523.26	0.026
523.46	0.026
523.66	0.025
523.86	0.025
524.06	0.025
524.26	0.025
524.46	0.025
524.66	0.026
524.86	0.026
525.06	0.025
525.26	0.025
525.46	0.025
525.66	0.025
525.87	0.025
526.07	0.025
526.27	0.025
526.47	0.025
526.67	0.025
526.87	0.026
527.07	0.026
527.27	0.027
527.47	0.027
527.67	0.027
527.87	0.027
528.07	0.027
528.27	0.027
528.47	0.027
528.67	0.027
528.87	0.027
529.07	0.026
529.27	0.025
529.47	0.025
529.67	0.025
529.87	0.025
530.07	0.025
530.27	0.025
530.47	0.025
530.67	0.025
530.87	0.025
531.06	0.026
531.26	0.027
531.46	0.027
531.66	0.027
531.86	0.028
532.06	0.027
532.26	0.027
532.46	0.027
532.66	0.027
532.86	0.027
533.06	0.026
533.26	0.026
533.46	0.026
533.66	0.026
533.86	0.026
534.06	0.026
534.26	0.026
534.46	0.027
534.66	0.026
534.86	0.026
535.06	0.026
535.26	0.026
535.46	0.026
535.66	0.026
535.86	0.026
536.06	0.026
536.26	0.026
536.45	0.026
536.65	0.026
536.85	0.027
537.05	0.027
537.25	0.027
537.45	0.028
537.65	0.028
537.85	0.028
538.05	0.028
538.25	0.028
538.45	0.028
538.65	0.027
538.85	0.027
539.05	0.027
539.25	0.027
539.44	0.026
539.64	0.026
539.84	0.026
540.04	0.026
540.24	0.025
540.44	0.026
540.64	0.026
540.84	0.025
541.04	0.026
541.24	0.025
541.44	0.025
541.64	0.026
541.83	0.026
542.03	0.026
542.23	0.026
542.43	0.026
542.63	0.027
542.83	0.027
543.03	0.027
543.23	0.027
543.43	0.028
543.63	0.027
543.82	0.027
544.02	0.027
544.22	0.027
544.42	0.026
544.62	0.027
544.82	0.026
545.02	0.026
545.22	0.026
545.42	0.027
545.61	0.027
545.81	0.027
546.01	0.028
546.21	0.028
546.41	0.028
546.61	0.028
546.81	0.028
547.01	0.028
547.20	0.027
547.40	0.026
547.60	0.025
547.80	0.025
548.00	0.024
548.20	0.024
548.40	0.025
548.59	0.025
548.79	0.026
548.99	0.026
549.19	0.027
549.39	0.027
549.59	0.027
549.79	0.028
549.98	0.029
550.18	0.028
550.38	0.029
550.58	0.028
550.78	0.028
550.98	0.028
551.17	0.028
551.37	0.028
551.57	0.028
551.77	0.027
551.97	0.027
552.17	0.027
552.36	0.027
552.56	0.026
552.76	0.026
552.96	0.026
553.16	0.026
553.36	0.026
553.55	0.026
553.75	0.027
553.95	0.027
554.15	0.027
554.35	0.027
554.55	0.028
554.74	0.028
554.94	0.028
555.14	0.028
555.34	0.028
555.54	0.028
555.73	0.028
555.93	0.028
556.13	0.028
556.33	0.027
556.53	0.028
556.72	0.028
556.92	0.029
557.12	0.028
557.32	0.028
557.52	0.028
557.71	0.028
557.91	0.028
558.11	0.029
558.31	0.029
558.51	0.029
558.70	0.029
558.90	0.029
559.10	0.029
559.30	0.030
559.49	0.030
559.69	0.030
559.89	0.029
560.09	0.029
560.29	0.028
560.48	0.028
560.68	0.028
560.88	0.027
561.08	0.027
561.27	0.027
561.47	0.027
561.67	0.027
561.87	0.028
562.06	0.027
562.26	0.027
562.46	0.027
562.66	0.028
562.86	0.027
563.05	0.027
563.25	0.026
563.45	0.026
563.65	0.026
563.84	0.026
564.04	0.026
564.24	0.026
564.44	0.026
564.63	0.026
564.83	0.027
565.03	0.027
565.22	0.027
565.42	0.027
565.62	0.027
565.82	0.028
566.01	0.028
566.21	0.028
566.41	0.028
566.61	0.028
566.80	0.028
567.00	0.027
567.20	0.027
567.40	0.027
567.59	0.027
567.79	0.028
567.99	0.028
568.18	0.028
568.38	0.028
568.58	0.028
568.78	0.028
568.97	0.028
569.17	0.029
569.37	0.028
569.56	0.028
569.76	0.028
569.96	0.028
570.16	0.028
570.35	0.028
570.55	0.027
570.75	0.027
570.94	0.026
571.14	0.026
571.34	0.026
571.53	0.026
571.73	0.026
571.93	0.026
572.12	0.026
572.32	0.026
572.52	0.026
572.72	0.027
572.91	0.027
573.11	0.027
573.31	0.027
573.50	0.027
573.70	0.026
573.90	0.026
574.09	0.025
574.29	0.024
574.49	0.024
574.68	0.024
574.88	0.024
575.08	0.024
575.27	0.024
575.47	0.024
575.67	0.025
575.86	0.027
576.06	0.028
576.26	0.029
576.45	0.029
576.65	0.029
576.85	0.028
577.04	0.027
577.24	0.025
577.44	0.024
577.63	0.023
577.83	0.023
578.02	0.022
578.22	0.021
578.42	0.022
578.61	0.022
578.81	0.023
579.01	0.024
579.20	0.025
579.40	0.025
579.60	0.027
579.79	0.028
579.99	0.029
580.19	0.028
580.38	0.028
580.58	0.028
580.77	0.027
580.97	0.026
581.17	0.025
581.36	0.023
581.56	0.021
581.75	0.020
581.95	0.019
582.15	0.019
582.34	0.020
582.54	0.022
582.74	0.022
582.93	0.024
583.13	0.025
583.32	0.027
583.52	0.028
583.72	0.029
583.91	0.029
584.11	0.029
584.30	0.027
584.50	0.027
584.70	0.026
584.89	0.025
585.09	0.024
585.28	0.023
585.48	0.023
585.68	0.023
585.87	0.024
586.07	0.024
586.26	0.025
586.46	0.025
586.66	0.025
586.85	0.025
587.05	0.025
587.24	0.025
587.44	0.025
587.63	0.024
587.83	0.024
588.03	0.024
588.22	0.024
588.42	0.025
588.61	0.025
588.81	0.025
589.00	0.025
589.20	0.025
589.40	0.026
589.59	0.026
589.79	0.026
589.98	0.026
590.18	0.026
590.37	0.026
590.57	0.026
590.76	0.027
590.96	0.027
591.16	0.028
591.35	0.029
591.55	0.029
591.74	0.029
591.94	0.028
592.13	0.028
592.33	0.027
592.52	0.026
592.72	0.025
592.91	0.025
593.11	0.024
593.30	0.023
593.50	0.023
593.70	0.024
593.89	0.025
594.09	0.025
594.28	0.025
594.48	0.026
594.67	0.026
594.87	0.026
595.06	0.026
595.26	0.026
595.45	0.026
595.65	0.026
595.84	0.026
596.04	0.027
596.23	0.027
596.43	0.027
596.62	0.028
596.82	0.028
597.01	0.028
597.21	0.028
597.40	0.029
597.60	0.028
597.79	0.027
597.99	0.027
598.18	0.026
598.38	0.026
598.57	0.026
598.77	0.025
598.96	0.024
599.16	0.023
599.35	0.023
599.55	0.023
599.74	0.023
599.94	0.022
600.13	0.023
600.33	0.023
600.52	0.023
600.72	0.023
600.91	0.023
601.11	0.024
601.30	0.025
601.50	0.026
601.69	0.027
601.89	0.027
602.08	0.028
602.27	0.028
602.47	0.029
602.66	0.029
602.86	0.029
603.05	0.028
603.25	0.028
603.44	0.027
603.64	0.027
603.83	0.027
604.03	0.027
604.22	0.027
604.41	0.027
604.61	0.027
604.80	0.028
605.00	0.027
605.19	0.027
605.39	0.026
605.58	0.026
605.78	0.026
605.97	0.025
606.16	0.024
606.36	0.024
606.55	0.023
606.75	0.023
606.94	0.023
607.14	0.024
607.33	0.024
607.52	0.024
607.72	0.024
607.91	0.024
608.11	0.025
608.30	0.025
608.50	0.026
608.69	0.027
608.88	0.027
609.08	0.027
609.27	0.027
609.47	0.027
609.66	0.027
609.85	0.027
610.05	0.027
610.24	0.027
610.44	0.027
610.63	0.027
610.83	0.027
611.02	0.027
611.21	0.027
611.41	0.028
611.60	0.028
611.80	0.028
611.99	0.028
612.18	0.028
612.38	0.028
612.57	0.028
612.76	0.028
612.96	0.027
613.15	0.028
613.35	0.027
613.54	0.028
613.73	0.027
613.93	0.027
614.12	0.026
614.32	0.026
614.51	0.026
614.70	0.025
614.90	0.025
615.09	0.024
615.28	0.025
615.48	0.025
615.67	0.025
615.86	0.026
616.06	0.026
616.25	0.027
616.45	0.027
616.64	0.028
616.83	0.028
617.03	0.027
617.22	0.028
617.41	0.028
617.61	0.028
617.80	0.028
617.99	0.028
618.19	0.029
618.38	0.028
618.57	0.028
618.77	0.029
618.96	0.028
619.15	0.028
619.35	0.028
619.54	0.028
619.73	0.028
619.93	0.027
620.12	0.028
620.31	0.028
620.51	0.028
620.70	0.029
620.89	0.029
621.09	0.029
621.28	0.029
621.47	0.029
621.67	0.030
621.86	0.029
622.05	0.028
622.25	0.028
622.44	0.028
622.63	0.028
622.83	0.028
623.02	0.028
623.21	0.028
623.41	0.027
623.60	0.028
623.79	0.028
623.98	0.028
624.18	0.027
624.37	0.027
624.56	0.027
624.76	0.027
624.95	0.028
625.14	0.029
625.33	0.028
625.53	0.028
625.72	0.029
625.91	0.029
626.11	0.029
626.30	0.029
626.49	0.029
626.68	0.028
626.88	0.028
627.07	0.028
627.26	0.028
627.46	0.028
627.65	0.028
627.84	0.028
628.03	0.028
628.23	0.028
628.42	0.028
628.61	0.028
628.80	0.028
629.00	0.028
629.19	0.029
629.38	0.028
629.58	0.028
629.77	0.028
629.96	0.028
630.15	0.028
630.35	0.028
630.54	0.028
630.73	0.028
630.92	0.028
631.12	0.028
631.31	0.029
631.50	0.028
631.69	0.029
631.89	0.028
632.08	0.029
632.27	0.028
632.46	0.029
632.65	0.029
632.85	0.029
633.04	0.030
633.23	0.030
633.42	0.030
633.62	0.030
633.81	0.030
634.00	0.030
634.19	0.030
634.39	0.030
634.58	0.030
634.77	0.030
634.96	0.030
635.15	0.030
635.35	0.030
635.54	0.030
635.73	0.030
635.92	0.029
636.11	0.029
636.31	0.029
636.50	0.029
636.69	0.028
636.88	0.028
637.07	0.028
637.27	0.028
637.46	0.028
637.65	0.028
637.84	0.029
638.03	0.029
638.23	0.029
638.42	0.030
638.61	0.030
638.80	0.030
638.99	0.030
639.19	0.030
639.38	0.030
639.57	0.030
639.76	0.030
639.95	0.030
640.14	0.030
640.34	0.030
640.53	0.030
640.72	0.030
640.91	0.030
641.10	0.030
641.30	0.031
641.49	0.031
641.68	0.031
641.87	0.031
642.06	0.031
642.25	0.031
642.44	0.031
642.64	0.031
642.83	0.031
643.02	0.030
643.21	0.030
643.40	0.030
643.59	0.030
643.79	0.030
643.98	0.030
644.17	0.031
644.36	0.030
644.55	0.030
644.74	0.030
644.93	0.030
645.13	0.030
645.32	0.030
645.51	0.030
645.70	0.030
645.89	0.030
646.08	0.030
646.27	0.030
646.46	0.030
646.66	0.031
646.85	0.030
647.04	0.031
647.23	0.031
647.42	0.030
647.61	0.030
647.80	0.030
647.99	0.030
648.19	0.029
648.38	0.029
648.57	0.029
648.76	0.029
648.95	0.029
649.14	0.029
649.33	0.029
649.52	0.030
649.71	0.030
649.91	0.030
650.10	0.031
650.29	0.030
650.48	0.030
650.67	0.030
650.86	0.031
651.05	0.030
651.24	0.031
651.43	0.030
651.62	0.030
651.81	0.030
652.01	0.030
652.20	0.029
652.39	0.030
652.58	0.030
652.77	0.030
652.96	0.029
653.15	0.030
653.34	0.030
653.53	0.030
653.72	0.030
653.91	0.031
654.10	0.032
654.29	0.032
654.48	0.031
654.68	0.031
654.87	0.029
655.06	0.027
655.25	0.025
655.44	0.024
655.63	0.023
655.82	0.022
656.01	0.022
656.20	0.022
656.39	0.022
656.58	0.024
656.77	0.026
656.96	0.028
657.15	0.029
657.34	0.029
657.53	0.030
657.72	0.030
657.91	0.030
658.10	0.030
658.29	0.030
658.48	0.030
658.68	0.030
658.87	0.030
659.06	0.030
659.25	0.030
659.44	0.030
659.63	0.030
659.82	0.030
660.01	0.030
660.20	0.030
660.39	0.030
660.58	0.030
660.77	0.030
660.96	0.030
661.15	0.030
661.34	0.030
661.53	0.029
661.72	0.029
661.91	0.029
662.10	0.029
662.29	0.029
662.48	0.029
662.67	0.029
662.86	0.030
663.05	0.030
663.24	0.030
663.43	0.030
663.62	0.030
663.81	0.030
664.00	0.030
664.19	0.030
664.38	0.030
664.57	0.029
664.76	0.029
664.95	0.029
665.14	0.030
665.33	0.030
665.52	0.030
665.71	0.030
665.90	0.030
666.09	0.031
666.28	0.031
666.46	0.031
666.65	0.031
666.84	0.031
667.03	0.031
667.22	0.031
667.41	0.031
667.60	0.031
667.79	0.030
667.98	0.031
668.17	0.030
668.36	0.030
668.55	0.030
668.74	0.029
668.93	0.030
669.12	0.029
669.31	0.029
669.50	0.029
669.69	0.029
669.88	0.029
670.07	0.030
670.26	0.030
670.44	0.030
670.63	0.030
670.82	0.029
671.01	0.029
671.20	0.029
671.39	0.029
671.58	0.028
671.77	0.028
671.96	0.028
672.15	0.029
672.34	0.029
672.53	0.029
672.72	0.029
672.91	0.030
673.09	0.030
673.28	0.030
673.47	0.030
673.66	0.030
673.85	0.029
674.04	0.029
674.23	0.030
674.42	0.030
674.61	0.029
674.80	0.030
674.98	0.029
675.17	0.029
675.36	0.029
675.55	0.029
675.74	0.029
675.93	0.028
676.12	0.028
676.31	0.028
676.50	0.028
676.69	0.029
676.87	0.028
677.06	0.029
677.25	0.029
677.44	0.029
677.63	0.029
677.82	0.029
678.01	0.029
678.20	0.028
678.38	0.028
678.57	0.028
678.76	0.028
678.95	0.028
679.14	0.028
679.33	0.028
679.52	0.028
679.71	0.029
679.89	0.029
680.08	0.029
680.27	0.029
680.46	0.029
680.65	0.028
680.84	0.028
681.02	0.029
681.21	0.028
681.40	0.028
681.59	0.028
681.78	0.028
681.97	0.028
682.16	0.028
682.34	0.028
682.53	0.028
682.72	0.028
682.91	0.028
683.10	0.028
683.29	0.028
683.47	0.028
683.66	0.028
683.85	0.028
684.04	0.028
684.23	0.029
684.42	0.029
684.60	0.029
684.79	0.029
684.98	0.029
685.17	0.029
685.36	0.029
685.54	0.029
685.73	0.029
685.92	0.029
686.11	0.029
686.30	0.029
686.49	0.029
686.67	0.029
686.86	0.028
687.05	0.029
687.24	0.028
687.43	0.028
687.61	0.028
687.80	0.029
687.99	0.028
688.18	0.028
688.36	0.029
688.55	0.029
688.74	0.029
688.93	0.029
689.12	0.029
689.30	0.029
689.49	0.029
689.68	0.029
689.87	0.029
690.06	0.029
690.24	0.028
690.43	0.028
690.62	0.028
690.81	0.028
690.99	0.028
691.18	0.028
691.37	0.028
691.56	0.028
691.74	0.028
691.93	0.029
692.12	0.029
692.31	0.029
692.50	0.029
692.68	0.029
692.87	0.030
693.06	0.029
693.25	0.030
693.43	0.030
693.62	0.029
693.81	0.029
694.00	0.029
694.18	0.029
694.37	0.028
694.56	0.028
694.74	0.028
694.93	0.028
695.12	0.028
695.31	0.028
695.49	0.027
695.68	0.027
695.87	0.027
696.06	0.027
696.24	0.027
696.43	0.027
696.62	0.028
696.80	0.027
696.99	0.028
697.18	0.028
697.37	0.028
697.55	0.028
697.74	0.029
697.93	0.029
698.12	0.029
698.30	0.029
698.49	0.029
698.68	0.029
698.86	0.029
699.05	0.029
699.24	0.029
699.42	0.029
699.61	0.029
699.80	0.029
699.99	0.029
700.17	0.029
700.36	0.030
700.55	0.030
700.73	0.029
700.92	0.029
701.11	0.029
701.29	0.029
701.48	0.029
701.67	0.029
701.85	0.029
702.04	0.029
702.23	0.029
702.41	0.029
702.60	0.029
702.79	0.029
702.97	0.030
703.16	0.029
703.35	0.029
703.53	0.029
703.72	0.029
703.91	0.029
704.09	0.029
704.28	0.029
704.47	0.029
704.65	0.029
704.84	0.029
705.03	0.029
705.21	0.029
705.40	0.029
705.59	0.028
705.77	0.028
705.96	0.028
706.15	0.028
706.33	0.028
706.52	0.028
706.71	0.027
706.89	0.027
707.08	0.028
707.26	0.028
707.45	0.027
707.64	0.028
707.82	0.027
708.01	0.028
708.20	0.028
708.38	0.028
708.57	0.029
708.75	0.029
708.94	0.029
709.13	0.030
709.31	0.029
709.50	0.029
709.69	0.029
709.87	0.029
710.06	0.029
710.24	0.029
710.43	0.029
710.62	0.029
710.80	0.029
710.99	0.029
711.17	0.029
711.36	0.029
711.55	0.029
711.73	0.029
711.92	0.028
712.10	0.029
712.29	0.029
712.48	0.028
712.66	0.028
712.85	0.028
713.03	0.028
713.22	0.028
713.40	0.028
713.59	0.028
713.78	0.028
713.96	0.028
714.15	0.028
714.33	0.028
714.52	0.028
714.71	0.028
714.89	0.028
715.08	0.027
715.26	0.028
715.45	0.028
715.63	0.028
715.82	0.028
716.00	0.028
716.19	0.028
716.38	0.028
716.56	0.029
716.75	0.029
716.93	0.029
717.12	0.029
717.30	0.028
717.49	0.028
717.67	0.028
717.86	0.028
718.05	0.028
718.23	0.028
718.42	0.028
718.60	0.027
718.79	0.027
718.97	0.028
719.16	0.028
719.34	0.028
719.53	0.028
719.71	0.028
719.90	0.028
720.08	0.028
720.27	0.028
720.45	0.028
720.64	0.028
720.83	0.028
721.01	0.029
721.20	0.029
721.38	0.029
721.57	0.028
721.75	0.028
721.94	0.029
722.12	0.029
722.31	0.029
722.49	0.029
722.68	0.029
722.86	0.029
723.05	0.029
723.23	0.029
723.42	0.029
723.60	0.029
723.79	0.028
723.97	0.028
724.16	0.028
724.34	0.028
724.53	0.028
724.71	0.028
724.90	0.028
725.08	0.028
725.27	0.028
725.45	0.029
725.64	0.028
725.82	0.028
726.00	0.028
726.19	0.028
726.37	0.028
726.56	0.028
726.74	0.028
726.93	0.028
727.11	0.028
727.30	0.027
727.48	0.028
727.67	0.028
727.85	0.028
728.04	0.028
728.22	0.028
728.40	0.028
728.59	0.028
728.77	0.028
728.96	0.028
729.14	0.028
729.33	0.028
729.51	0.027
729.70	0.027
729.88	0.027
730.07	0.027
730.25	0.026
730.43	0.026
730.62	0.027
730.80	0.027
730.99	0.027
731.17	0.027
731.36	0.027
731.54	0.027
731.72	0.027
731.91	0.027
732.09	0.027
732.28	0.027
732.46	0.027
732.65	0.027
732.83	0.027
733.01	0.027
733.20	0.027
733.38	0.027
733.57	0.027
733.75	0.027
733.93	0.028
734.12	0.027
734.30	0.027
734.49	0.027
734.67	0.027
734.85	0.027
735.04	0.027
735.22	0.027
735.41	0.028
735.59	0.027
735.77	0.027
735.96	0.027
736.14	0.027
736.33	0.028
736.51	0.028
736.69	0.028
736.88	0.027
737.06	0.027
737.25	0.027
737.43	0.027
737.61	0.027
737.80	0.027
737.98	0.027
738.16	0.026
738.35	0.027
738.53	0.027
738.71	0.027
738.90	0.027
739.08	0.027
739.27	0.027
739.45	0.028
739.63	0.028
739.82	0.028
740.00	0.027
740.18	0.028
740.37	0.027
740.55	0.027
740.73	0.027
740.92	0.027
741.10	0.027
741.28	0.027
741.47	0.027
741.65	0.027
741.83	0.028
742.02	0.028
742.20	0.028
742.38	0.028
742.57	0.028
742.75	0.028
742.93	0.028
743.12	0.028
743.30	0.028
743.48	0.028
743.67	0.028
743.85	0.028
744.03	0.028
744.22	0.028
744.40	0.028
744.58	0.028
744.77	0.028
744.95	0.028
745.13	0.028
745.32	0.028
745.50	0.028
745.68	0.028
745.87	0.029
746.05	0.029
746.23	0.029
746.41	0.029
746.60	0.029
746.78	0.029
746.96	0.029
747.15	0.028
747.33	0.028
747.51	0.028
747.70	0.028
747.88	0.027
748.06	0.027
748.24	0.027
748.43	0.027
748.61	0.027
748.79	0.028
748.97	0.028
749.16	0.028
749.34	0.028
749.52	0.028
749.71	0.028
749.89	0.028
750.07	0.028
750.25	0.028
750.44	0.028
750.62	0.028
750.80	0.028
750.98	0.028
751.17	0.028
751.35	0.028
751.53	0.028
751.71	0.028
751.90	0.028
752.08	0.028
752.26	0.028
752.44	0.028
752.63	0.028
752.81	0.028
752.99	0.028
753.17	0.028
753.36	0.028
753.54	0.028
753.72	0.028
753.90	0.028
754.09	0.028
754.27	0.028
754.45	0.027
754.63	0.028
754.82	0.027
755.00	0.027
755.18	0.027
755.36	0.027
755.54	0.027
755.73	0.027
755.91	0.027
756.09	0.027
756.27	0.026
756.45	0.026
756.64	0.026
756.82	0.026
757.00	0.026
757.18	0.026
757.37	0.026
757.55	0.026
757.73	0.027
757.91	0.027
758.09	0.027
758.27	0.028
758.46	0.028
758.64	0.027
758.82	0.027
759.00	0.027
759.18	0.027
759.37	0.027
759.55	0.026
759.73	0.026
759.91	0.025
760.09	0.026
760.28	0.026
760.46	0.026
760.64	0.026
760.82	0.026
761.00	0.026
761.18	0.026
761.37	0.026
761.55	0.027
761.73	0.026
761.91	0.026
762.09	0.026
762.27	0.025
762.46	0.025
762.64	0.025
762.82	0.025
763.00	0.025
763.18	0.025
763.36	0.025
763.54	0.025
763.73	0.025
763.91	0.025
764.09	0.025
764.27	0.025
764.45	0.025
764.63	0.025
764.81	0.026
765.00	0.026
765.18	0.027
765.36	0.027
765.54	0.027
765.72	0.028
765.90	0.027
766.08	0.027
766.27	0.027
766.45	0.027
766.63	0.026
766.81	0.025
766.99	0.025
767.17	0.024
767.35	0.024
767.53	0.025
767.71	0.025
767.90	0.025
768.08	0.025
768.26	0.025
768.44	0.026
768.62	0.026
768.80	0.026
768.98	0.026
769.16	0.025
769.34	0.025
769.52	0.025
769.71	0.026
769.89	0.025
770.07	0.025
770.25	0.025
770.43	0.025
770.61	0.025
770.79	0.025
770.97	0.025
771.15	0.025
771.33	0.025
771.51	0.025
771.69	0.025
771.88	0.025
772.06	0.025
772.24	0.026
772.42	0.025
772.60	0.026
772.78	0.026
772.96	0.026
773.14	0.026
773.32	0.026
773.50	0.026
773.68	0.027
773.86	0.027
774.04	0.027
774.22	0.027
774.40	0.027
774.58	0.027
774.77	0.027
774.95	0.027
775.13	0.026
775.31	0.026
775.49	0.026
775.67	0.027
775.85	0.027
776.03	0.027
776.21	0.027
776.39	0.027
776.57	0.027
776.75	0.027
776.93	0.027
777.11	0.027
777.29	0.027
777.47	0.027
777.65	0.027
777.83	0.027
778.01	0.027
778.19	0.027
778.37	0.027
778.55	0.027
778.73	0.027
778.91	0.027
779.09	0.027
779.27	0.027
779.45	0.027
779.63	0.027
779.81	0.026
779.99	0.026
780.17	0.027
780.35	0.026
780.53	0.026
780.71	0.026
780.89	0.026
781.07	0.026
781.25	0.026
781.43	0.027
781.61	0.027
781.79	0.027
781.97	0.027
782.15	0.027
782.33	0.027
782.51	0.027
782.69	0.027
782.87	0.027
783.05	0.027
783.23	0.027
783.41	0.027
783.59	0.027
783.77	0.027
783.95	0.027
784.13	0.027
784.31	0.026
784.49	0.027
784.67	0.026
784.85	0.026
785.03	0.026
785.21	0.026
785.38	0.027
785.56	0.027
785.74	0.027
785.92	0.027
786.10	0.028
786.28	0.028
786.46	0.028
786.64	0.028
786.82	0.028
787.00	0.027
787.18	0.027
787.36	0.027
787.54	0.027
787.72	0.026
787.90	0.026
788.08	0.026
788.25	0.026
788.43	0.027
788.61	0.027
788.79	0.028
788.97	0.028
789.15	0.028
789.33	0.028
789.51	0.028
789.69	0.028
789.87	0.028
790.05	0.027
790.23	0.027
790.40	0.027
790.58	0.027
790.76	0.027
790.94	0.027
791.12	0.027
791.30	0.028
791.48	0.028
791.66	0.028
791.84	0.028
792.02	0.028
792.19	0.027
792.37	0.027
792.55	0.027
792.73	0.027
792.91	0.027
793.09	0.026
793.27	0.026
793.45	0.026
793.63	0.026
793.80	0.026
793.98	0.026
794.16	0.027
794.34	0.027
794.52	0.027
794.70	0.027
794.88	0.027
795.05	0.027
795.23	0.028
795.41	0.027
795.59	0.028
795.77	0.027
795.95	0.027
796.13	0.027
796.30	0.027
796.48	0.027
796.66	0.027
796.84	0.027
797.02	0.027
797.20	0.027
797.38	0.027
797.55	0.027
797.73	0.027
797.91	0.028
798.09	0.028
798.27	0.027
798.45	0.027
798.62	0.027
798.80	0.027
798.98	0.027
799.16	0.027
799.34	0.028
799.52	0.027
799.69	0.028
799.87	0.028
800.05	0.029
800.23	0.029
800.41	0.029
800.58	0.029
800.76	0.029
800.94	0.028
801.12	0.029
801.30	0.028
801.47	0.028
801.65	0.027
801.83	0.028
802.01	0.027
802.19	0.027
802.36	0.027
802.54	0.027
802.72	0.028
802.90	0.028
803.08	0.028
803.25	0.028
803.43	0.028
803.61	0.028
803.79	0.028
803.97	0.028
804.14	0.028
804.32	0.027
804.50	0.027
804.68	0.026
804.85	0.026
805.03	0.026
805.21	0.026
805.39	0.027
805.56	0.027
805.74	0.027
805.92	0.027
806.10	0.027
806.28	0.027
806.45	0.028
806.63	0.028
806.81	0.028
806.99	0.028
807.16	0.028
807.34	0.028
807.52	0.028
807.70	0.028
807.87	0.028
808.05	0.029
808.23	0.028
808.41	0.029
808.58	0.029
808.76	0.029
808.94	0.029
809.11	0.029
809.29	0.030
809.47	0.029
809.65	0.029
809.82	0.029
810.00	0.029
810.18	0.029
810.36	0.029
810.53	0.029
810.71	0.029
810.89	0.029
811.06	0.029
811.24	0.029
811.42	0.029
811.60	0.029
811.77	0.029
811.95	0.029
812.13	0.029
812.30	0.028
812.48	0.028
812.66	0.029
812.83	0.028
813.01	0.029
813.19	0.029
813.37	0.029
813.54	0.029
813.72	0.029
813.90	0.029
814.07	0.029
814.25	0.029
814.43	0.029
814.60	0.028
814.78	0.028
814.96	0.028
815.13	0.028
815.31	0.028
815.49	0.027
815.66	0.027
815.84	0.027
816.02	0.028
816.19	0.028
816.37	0.028
816.55	0.028
816.72	0.028
816.90	0.028
817.08	0.029
817.25	0.029
817.43	0.029
817.61	0.029
817.78	0.029
817.96	0.029
818.14	0.029
818.31	0.029
818.49	0.030
818.67	0.030
818.84	0.029
819.02	0.029
819.19	0.029
819.37	0.029
819.55	0.029
819.72	0.030
819.90	0.030
820.08	0.029
820.25	0.029
820.43	0.029
820.60	0.029
820.78	0.029
820.96	0.028
821.13	0.028
821.31	0.027
821.49	0.027
821.66	0.028
821.84	0.028
822.01	0.028
822.19	0.029
822.37	0.029
822.54	0.029
822.72	0.029
822.89	0.029
823.07	0.029
823.25	0.029
823.42	0.029
823.60	0.029
823.77	0.029
823.95	0.029
824.13	0.029
824.30	0.030
824.48	0.030
824.65	0.030
824.83	0.029
825.01	0.029
825.18	0.029
825.36	0.028
825.53	0.028
825.71	0.028
825.88	0.027
826.06	0.027
826.24	0.028
826.41	0.028
826.59	0.028
826.76	0.028
826.94	0.028
827.11	0.028
827.29	0.028
827.47	0.029
827.64	0.029
827.82	0.029
827.99	0.029
828.17	0.029
828.34	0.028
828.52	0.029
828.69	0.029
828.87	0.029
829.04	0.029
829.22	0.029
829.40	0.029
829.57	0.029
829.75	0.029
829.92	0.029
830.10	0.029
830.27	0.029
830.45	0.028
830.62	0.029
830.80	0.029
830.97	0.028
831.15	0.029
831.32	0.029
831.50	0.029
831.67	0.029
831.85	0.029
832.02	0.030
832.20	0.030
832.37	0.030
832.55	0.031
832.73	0.031
832.90	0.031
833.08	0.031
833.25	0.030
833.43	0.030
833.60	0.030
833.78	0.029
833.95	0.029
834.13	0.028
834.30	0.028
834.48	0.028
834.65	0.028
834.82	0.029
835.00	0.030
835.17	0.030
835.35	0.030
835.52	0.030
835.70	0.030
835.87	0.030
836.05	0.030
836.22	0.030
836.40	0.029
836.57	0.029
836.75	0.029
836.92	0.030
837.10	0.030
837.27	0.030
837.45	0.030
837.62	0.031
837.80	0.031
837.97	0.031
838.14	0.031
838.32	0.031
838.49	0.030
838.67	0.030
838.84	0.030
839.02	0.030
839.19	0.029
839.37	0.029
839.54	0.029
839.71	0.029
839.89	0.029
840.06	0.029
840.24	0.029
840.41	0.029
840.59	0.029
840.76	0.029
840.94	0.029
841.11	0.028
841.28	0.028
841.46	0.029
841.63	0.029
841.81	0.029
841.98	0.030
842.15	0.030
842.33	0.030
842.50	0.030
842.68	0.031
842.85	0.031
843.03	0.031
843.20	0.031
843.37	0.031
843.55	0.031
843.72	0.031
843.90	0.032
844.07	0.032
844.24	0.032
844.42	0.032
844.59	0.031
844.77	0.031
844.94	0.031
845.11	0.031
845.29	0.030
845.46	0.030
845.63	0.030
845.81	0.029
845.98	0.029
846.16	0.030
846.33	0.030
846.50	0.030
846.68	0.030
846.85	0.030
847.02	0.030
847.20	0.030
847.37	0.031
847.55	0.031
847.72	0.031
847.89	0.031
848.07	0.031
848.24	0.031
848.41	0.031
848.59	0.031
848.76	0.032
848.93	0.031
849.11	0.030
849.28	0.030
849.45	0.031
849.63	0.031
849.80	0.032
849.97	0.031
850.15	0.031
850.32	0.031
850.49	0.031
850.67	0.031
850.84	0.030
851.01	0.030
851.19	0.030
851.36	0.029
851.53	0.030
851.71	0.030
851.88	0.029
852.05	0.030
852.23	0.030
852.40	0.031
852.57	0.031
852.75	0.031
852.92	0.032
853.09	0.032
853.27	0.033
853.44	0.033
853.61	0.033
853.79	0.033
853.96	0.032
854.13	0.032
854.30	0.032
854.48	0.031
854.65	0.031
854.82	0.031
855.00	0.031
855.17	0.031
855.34	0.031
855.51	0.031
855.69	0.032
855.86	0.032
856.03	0.032
856.21	0.032
856.38	0.032
856.55	0.033
856.72	0.032
856.90	0.032
857.07	0.032
857.24	0.032
857.42	0.032
857.59	0.032
857.76	0.032
857.93	0.032
858.11	0.032
858.28	0.032
858.45	0.032
858.62	0.032
858.80	0.032
858.97	0.032
859.14	0.032
859.31	0.032
859.49	0.031
859.66	0.030
859.83	0.030
860.00	0.030
860.18	0.031
860.35	0.032
860.52	0.032
860.69	0.031
860.86	0.031
861.04	0.032
861.21	0.032
861.38	0.032
861.55	0.032
861.73	0.031
861.90	0.031
862.07	0.031
862.24	0.032
862.42	0.032
862.59	0.032
862.76	0.032
862.93	0.032
863.10	0.031
863.28	0.031
863.45	0.031
863.62	0.031
863.79	0.031
863.96	0.030
864.14	0.030
864.31	0.031
864.48	0.030
864.65	0.031
864.82	0.030
865.00	0.030
865.17	0.030
865.34	0.030
865.51	0.030
865.68	0.030
865.86	0.030
866.03	0.030
866.20	0.031
866.37	0.031
866.54	0.031
866.71	0.030
866.89	0.031
867.06	0.031
867.23	0.031
867.40	0.031
867.57	0.031
867.74	0.031
867.92	0.030
868.09	0.031
868.26	0.031
868.43	0.031
868.60	0.030
868.77	0.030
868.95	0.029
869.12	0.029
869.29	0.029
869.46	0.029
869.63	0.029
869.80	0.029
869.97	0.029
870.15	0.029
870.32	0.029
870.49	0.031
870.66	0.031
870.83	0.031
871.00	0.031
871.17	0.031
871.34	0.032
871.52	0.031
871.69	0.031
871.86	0.032
872.03	0.031
872.20	0.031
872.37	0.030
872.54	0.031
872.71	0.031
872.89	0.031
873.06	0.032
873.23	0.031
873.40	0.031
873.57	0.031
873.74	0.031
873.91	0.032
874.08	0.032
874.25	0.031
874.42	0.031
874.60	0.031
874.77	0.030
874.94	0.031
875.11	0.031
875.28	0.032
875.45	0.030
875.62	0.030
875.79	0.029
875.96	0.029
876.13	0.030
876.30	0.030
876.47	0.029
876.65	0.029
876.82	0.029
876.99	0.029
877.16	0.029
877.33	0.030
877.50	0.031
877.67	0.030
877.84	0.030
878.01	0.030
878.18	0.030
878.35	0.029
878.52	0.030
878.69	0.030
878.86	0.029
879.03	0.029
879.20	0.029
879.38	0.029
879.55	0.029
879.72	0.028
879.89	0.028
880.06	0.028
880.23	0.028
880.40	0.028
880.57	0.029
880.74	0.029
880.91	0.028
881.08	0.029
881.25	0.028
881.42	0.029
881.59	0.029
881.76	0.028
881.93	0.028
882.10	0.028
882.27	0.029
882.44	0.029
882.61	0.029
882.78	0.028
882.95	0.029
883.12	0.028
883.29	0.029
883.46	0.029
883.63	0.027
883.80	0.027
883.97	0.027
884.14	0.027
884.31	0.028
884.48	0.027
884.65	0.027
884.82	0.027
884.99	0.026
885.16	0.027
885.33	0.027
885.50	0.026
885.67	0.025
885.84	0.025
886.01	0.025
886.18	0.024
886.35	0.024
886.52	0.024
886.69	0.024
886.86	0.024
887.03	0.025
887.20	0.026
887.37	0.027
887.54	0.026
887.71	0.027
887.88	0.027
888.05	0.027
888.22	0.027
888.39	0.027
888.55	0.027
888.72	0.026
888.89	0.025
889.06	0.026
889.23	0.026
889.40	0.025
889.57	0.025
889.74	0.024
889.91	0.025
890.08	0.025
890.25	0.024
890.42	0.024
890.59	0.023
890.76	0.022
890.93	0.023
891.10	0.024
891.26	0.024
891.43	0.023
891.60	0.022
891.77	0.021
891.94	0.022
892.11	0.023
892.28	0.023
892.45	0.023
892.62	0.022
892.79	0.023
892.96	0.023
893.13	0.023
893.29	0.024
893.46	0.025
893.63	0.023
893.80	0.024
893.97	0.024
894.14	0.024
894.31	0.024
894.48	0.026
894.65	0.031
894.81	0.019
894.98	0.021
