177.34	0.048
177.56	0.048
177.78	0.048
178.00	-0.000
178.22	0.096
178.44	0.076
178.66	0.149
178.89	0.515
179.11	-0.390
179.33	0.116
179.55	-0.330
179.77	-0.330
179.99	-0.294
180.21	-0.146
180.43	-0.063
180.65	0.097
180.87	0.150
181.09	0.127
181.31	0.210
181.53	0.246
181.75	0.259
181.97	0.281
182.19	0.308
182.41	0.330
182.63	0.374
182.85	0.384
183.07	0.379
183.30	0.339
183.52	0.325
183.74	0.339
183.96	0.328
184.18	0.318
184.40	0.349
184.62	0.318
184.84	0.329
185.06	0.359
185.28	0.385
185.50	0.463
185.72	0.481
185.94	0.529
186.16	0.582
186.38	0.579
186.60	0.628
186.82	0.659
187.04	0.679
187.26	0.724
187.48	0.701
187.70	0.754
187.92	0.750
188.14	0.784
188.36	0.793
188.58	0.831
188.80	0.841
189.02	0.841
189.24	0.886
189.46	0.900
189.68	0.910
189.90	0.945
190.12	0.964
190.34	0.979
190.56	0.984
190.78	1.025
191.00	1.106
191.22	1.120
191.44	1.185
191.66	1.203
191.88	1.230
192.10	1.199
192.32	1.231
192.54	1.213
192.76	1.245
192.98	1.265
193.20	1.264
193.42	1.274
193.64	1.268
193.86	1.295
194.08	1.320
194.30	1.354
194.52	1.399
194.74	1.344
194.96	1.322
195.18	1.328
195.40	1.353
195.62	1.380
195.84	1.368
196.06	1.385
196.28	1.358
196.50	1.363
196.72	1.416
196.94	1.405
197.16	1.414
197.38	1.403
197.60	1.403
197.82	1.419
198.04	1.452
198.26	1.511
198.48	1.539
198.70	1.556
198.92	1.603
199.13	1.582
199.35	1.584
199.57	1.645
199.79	1.621
200.01	1.579
200.23	1.570
200.45	1.560
200.67	1.572
200.89	1.570
201.11	1.601
201.33	1.614
201.55	1.586
201.77	1.596
201.99	1.636
202.21	1.657
202.43	1.681
202.65	1.651
202.87	1.660
203.09	1.670
203.31	1.685
203.52	1.687
203.74	1.699
203.96	1.677
204.18	1.666
204.40	1.657
204.62	1.706
204.84	1.737
205.06	1.773
205.28	1.783
205.50	1.816
205.72	1.820
205.94	1.833
206.16	1.847
206.38	1.859
206.59	1.844
206.81	1.827
207.03	1.817
207.25	1.792
207.47	1.785
207.69	1.767
207.91	1.762
208.13	1.764
208.35	1.795
208.57	1.809
208.79	1.783
209.01	1.777
209.22	1.802
209.44	1.818
209.66	1.849
209.88	1.876
210.10	1.887
210.32	1.882
210.54	1.882
210.76	1.914
210.98	1.925
211.20	1.938
211.42	1.941
211.63	1.941
211.85	1.955
212.07	1.960
212.29	1.962
212.51	1.974
212.73	2.007
212.95	2.007
213.17	1.974
213.39	1.968
213.60	2.007
213.82	2.005
214.04	1.994
214.26	1.987
214.48	1.985
214.70	1.974
214.92	1.961
215.14	1.970
215.35	1.995
215.57	1.976
215.79	1.997
216.01	2.003
216.23	1.991
216.45	2.006
216.67	2.020
216.89	2.053
217.10	2.107
217.32	2.125
217.54	2.141
217.76	2.120
217.98	2.175
218.20	2.225
218.42	2.178
218.64	2.198
218.85	2.165
219.07	2.161
219.29	2.136
219.51	2.139
219.73	2.139
219.95	2.096
220.17	2.110
220.38	2.140
220.60	2.113
220.82	2.170
221.04	2.182
221.26	2.205
221.48	2.216
221.69	2.232
221.91	2.229
222.13	2.197
222.35	2.194
222.57	2.206
222.79	2.203
223.00	2.174
223.22	2.170
223.44	2.181
223.66	2.194
223.88	2.238
224.10	2.249
224.32	2.279
224.53	2.299
224.75	2.276
224.97	2.299
225.19	2.308
225.41	2.316
225.62	2.330
225.84	2.310
226.06	2.325
226.28	2.311
226.50	2.308
226.72	2.304
226.93	2.286
227.15	2.259
227.37	2.234
227.59	2.221
227.81	2.223
228.02	2.203
228.24	2.198
228.46	2.190
228.68	2.187
228.90	2.207
229.12	2.217
229.33	2.209
229.55	2.187
229.77	2.163
229.99	2.160
230.21	2.150
230.42	2.138
230.64	2.139
230.86	2.118
231.08	2.105
231.30	2.089
231.51	2.063
231.73	2.054
231.95	2.037
232.17	2.017
232.38	2.001
232.60	1.970
232.82	1.947
233.04	1.928
233.26	1.915
233.47	1.911
233.69	1.893
233.91	1.875
234.13	1.857
234.35	1.838
234.56	1.826
234.78	1.811
235.00	1.786
235.22	1.767
235.43	1.750
235.65	1.733
235.87	1.713
236.09	1.700
236.30	1.685
236.52	1.668
236.74	1.652
236.96	1.641
237.18	1.627
237.39	1.609
237.61	1.590
237.83	1.579
238.05	1.568
238.26	1.555
238.48	1.541
238.70	1.525
238.92	1.511
239.13	1.500
239.35	1.488
239.57	1.478
239.79	1.467
240.00	1.453
240.22	1.439
240.44	1.428
240.66	1.417
240.87	1.408
241.09	1.395
241.31	1.385
241.53	1.373
241.74	1.360
241.96	1.348
242.18	1.337
242.40	1.327
242.61	1.318
242.83	1.307
243.05	1.298
243.27	1.288
243.48	1.280
243.70	1.273
243.92	1.265
244.13	1.257
244.35	1.249
244.57	1.239
244.79	1.230
245.00	1.220
245.22	1.212
245.44	1.205
245.65	1.198
245.87	1.191
246.09	1.184
246.31	1.177
246.52	1.170
246.74	1.165
246.96	1.159
247.18	1.155
247.39	1.147
247.61	1.139
247.83	1.133
248.04	1.127
248.26	1.123
248.48	1.117
248.69	1.111
248.91	1.104
249.13	1.096
249.35	1.091
249.56	1.086
249.78	1.079
250.00	1.075
250.21	1.068
250.43	1.062
250.65	1.058
250.86	1.054
251.08	1.050
251.30	1.045
251.51	1.041
251.73	1.037
251.95	1.031
252.17	1.027
252.38	1.023
252.60	1.019
252.82	1.015
253.03	1.011
253.25	1.007
253.47	1.003
253.68	1.000
253.90	0.996
254.12	0.994
254.33	0.990
254.55	0.988
254.77	0.984
254.98	0.981
255.20	0.978
255.42	0.976
255.63	0.973
255.85	0.970
256.07	0.965
256.28	0.962
256.50	0.958
256.72	0.955
256.93	0.952
257.15	0.949
257.37	0.947
257.58	0.945
257.80	0.942
258.02	0.940
258.23	0.937
258.45	0.935
258.67	0.933
258.88	0.930
259.10	0.927
259.32	0.924
259.53	0.921
259.75	0.919
259.96	0.916
260.18	0.916
260.40	0.913
260.61	0.911
260.83	0.909
261.05	0.907
261.26	0.905
261.48	0.903
261.70	0.902
261.91	0.899
262.13	0.896
262.34	0.895
262.56	0.892
262.78	0.890
262.99	0.888
263.21	0.885
263.43	0.883
263.64	0.881
263.86	0.879
264.07	0.877
264.29	0.875
264.51	0.873
264.72	0.872
264.94	0.870
265.16	0.868
265.37	0.865
265.59	0.863
265.80	0.861
266.02	0.859
266.24	0.857
266.45	0.856
266.67	0.853
266.88	0.850
267.10	0.848
267.32	0.846
267.53	0.842
267.75	0.840
267.96	0.837
268.18	0.834
268.40	0.831
268.61	0.829
268.83	0.828
269.04	0.825
269.26	0.823
269.48	0.822
269.69	0.820
269.91	0.818
270.12	0.815
270.34	0.813
270.56	0.810
270.77	0.808
270.99	0.806
271.20	0.803
271.42	0.801
271.64	0.798
271.85	0.794
272.07	0.792
272.28	0.789
272.50	0.787
272.71	0.783
272.93	0.780
273.15	0.777
273.36	0.774
273.58	0.771
273.79	0.768
274.01	0.765
274.22	0.763
274.44	0.761
274.66	0.758
274.87	0.755
275.09	0.752
275.30	0.749
275.52	0.746
275.73	0.743
275.95	0.740
276.16	0.737
276.38	0.733
276.60	0.731
276.81	0.727
277.03	0.724
277.24	0.721
277.46	0.718
277.67	0.714
277.89	0.711
278.10	0.707
278.32	0.704
278.53	0.701
278.75	0.698
278.97	0.694
279.18	0.691
279.40	0.688
279.61	0.684
279.83	0.682
280.04	0.679
280.26	0.676
280.47	0.672
280.69	0.669
280.90	0.666
281.12	0.662
281.33	0.659
281.55	0.656
281.76	0.652
281.98	0.649
282.20	0.646
282.41	0.643
282.63	0.639
282.84	0.635
283.06	0.632
283.27	0.629
283.49	0.625
283.70	0.622
283.92	0.618
284.13	0.614
284.35	0.611
284.56	0.607
284.78	0.604
284.99	0.601
285.21	0.597
285.42	0.594
285.64	0.591
285.85	0.587
286.07	0.584
286.28	0.579
286.50	0.576
286.71	0.572
286.93	0.568
287.14	0.565
287.36	0.561
287.57	0.558
287.79	0.554
288.00	0.551
288.22	0.548
288.43	0.545
288.65	0.542
288.86	0.538
289.08	0.534
289.29	0.530
289.51	0.527
289.72	0.523
289.94	0.519
290.15	0.516
290.37	0.513
290.58	0.509
290.80	0.506
291.01	0.504
291.22	0.501
291.44	0.498
291.65	0.496
291.87	0.494
292.08	0.490
292.30	0.488
292.51	0.485
292.73	0.483
292.94	0.479
293.16	0.476
293.37	0.474
293.59	0.471
293.80	0.468
294.02	0.465
294.23	0.463
294.44	0.459
294.66	0.456
294.87	0.453
295.09	0.450
295.30	0.447
295.52	0.444
295.73	0.441
295.95	0.438
296.16	0.435
296.37	0.433
296.59	0.431
296.80	0.428
297.02	0.426
297.23	0.424
297.45	0.421
297.66	0.418
297.88	0.416
298.09	0.413
298.30	0.411
298.52	0.408
298.73	0.405
298.95	0.403
299.16	0.400
299.38	0.398
299.59	0.395
299.80	0.393
300.02	0.391
300.23	0.388
300.45	0.386
300.66	0.384
300.88	0.382
301.09	0.380
301.30	0.378
301.52	0.376
301.73	0.374
301.95	0.371
302.16	0.369
302.37	0.367
302.59	0.365
302.80	0.363
303.02	0.361
303.23	0.359
303.45	0.357
303.66	0.355
303.87	0.353
304.09	0.351
304.30	0.349
304.52	0.347
304.73	0.345
304.94	0.343
305.16	0.341
305.37	0.339
305.59	0.337
305.80	0.336
306.01	0.334
306.23	0.333
306.44	0.331
306.65	0.330
306.87	0.328
307.08	0.326
307.30	0.324
307.51	0.323
307.72	0.321
307.94	0.319
308.15	0.317
308.37	0.315
308.58	0.313
308.79	0.311
309.01	0.309
309.22	0.307
309.43	0.305
309.65	0.302
309.86	0.300
310.07	0.298
310.29	0.295
310.50	0.293
310.72	0.292
310.93	0.290
311.14	0.288
311.36	0.286
311.57	0.286
311.78	0.284
312.00	0.283
312.21	0.282
312.42	0.281
312.64	0.280
312.85	0.279
313.07	0.277
313.28	0.276
313.49	0.274
313.71	0.273
313.92	0.271
314.13	0.270
314.35	0.269
314.56	0.267
314.77	0.265
314.99	0.264
315.20	0.262
315.41	0.261
315.63	0.259
315.84	0.257
316.05	0.256
316.27	0.254
316.48	0.253
316.69	0.252
316.91	0.251
317.12	0.250
317.33	0.249
317.55	0.248
317.76	0.248
317.97	0.246
318.19	0.245
318.40	0.244
318.61	0.243
318.83	0.241
319.04	0.240
319.25	0.238
319.47	0.237
319.68	0.235
319.89	0.235
320.10	0.234
320.32	0.233
320.53	0.231
320.74	0.230
320.96	0.230
321.17	0.229
321.38	0.228
321.60	0.227
321.81	0.226
322.02	0.224
322.24	0.224
322.45	0.222
322.66	0.221
322.87	0.220
323.09	0.219
323.30	0.218
323.51	0.217
323.73	0.216
323.94	0.214
324.15	0.213
324.36	0.212
324.58	0.212
324.79	0.211
325.00	0.210
325.22	0.209
325.43	0.208
325.64	0.207
325.85	0.207
326.07	0.205
326.28	0.205
326.49	0.204
326.71	0.202
326.92	0.201
327.13	0.200
327.34	0.200
327.56	0.199
327.77	0.198
327.98	0.197
328.19	0.197
328.41	0.196
328.62	0.195
328.83	0.194
329.04	0.193
329.26	0.192
329.47	0.192
329.68	0.191
329.90	0.191
330.11	0.190
330.32	0.189
330.53	0.188
330.75	0.188
330.96	0.187
331.17	0.187
331.38	0.185
331.60	0.184
331.81	0.184
332.02	0.183
332.23	0.183
332.44	0.182
332.66	0.181
332.87	0.181
333.08	0.180
333.29	0.180
333.51	0.179
333.72	0.178
333.93	0.177
334.14	0.177
334.36	0.176
334.57	0.175
334.78	0.174
334.99	0.173
335.21	0.173
335.42	0.172
335.63	0.172
335.84	0.171
336.05	0.171
336.27	0.170
336.48	0.170
336.69	0.169
336.90	0.169
337.11	0.168
337.33	0.167
337.54	0.166
337.75	0.166
337.96	0.165
338.18	0.165
338.39	0.164
338.60	0.163
338.81	0.163
339.02	0.163
339.24	0.163
339.45	0.162
339.66	0.162
339.87	0.160
340.08	0.160
340.30	0.160
340.51	0.159
340.72	0.159
340.93	0.158
341.14	0.158
341.36	0.157
341.57	0.157
341.78	0.157
341.99	0.155
342.20	0.155
342.41	0.154
342.63	0.154
342.84	0.153
343.05	0.152
343.26	0.151
343.47	0.151
343.69	0.151
343.90	0.150
344.11	0.149
344.32	0.149
344.53	0.148
344.74	0.148
344.96	0.148
345.17	0.147
345.38	0.147
345.59	0.147
345.80	0.146
346.01	0.146
346.23	0.146
346.44	0.145
346.65	0.144
346.86	0.144
347.07	0.144
347.28	0.143
347.50	0.142
347.71	0.142
347.92	0.141
348.13	0.141
348.34	0.140
348.55	0.140
348.76	0.139
348.98	0.138
349.19	0.137
349.40	0.136
349.61	0.136
349.82	0.135
350.03	0.135
350.24	0.134
350.46	0.134
350.67	0.133
350.88	0.134
351.09	0.134
351.30	0.134
351.51	0.133
351.72	0.133
351.93	0.133
352.15	0.133
352.36	0.133
352.57	0.132
352.78	0.131
352.99	0.130
353.20	0.129
353.41	0.130
353.62	0.129
353.84	0.128
354.05	0.127
354.26	0.127
354.47	0.127
354.68	0.126
354.89	0.125
355.10	0.126
355.31	0.126
355.52	0.125
355.74	0.125
355.95	0.125
356.16	0.125
356.37	0.125
356.58	0.125
356.79	0.124
357.00	0.124
357.21	0.124
357.42	0.123
357.63	0.123
357.85	0.122
358.06	0.122
358.27	0.121
358.48	0.122
358.69	0.121
358.90	0.120
359.11	0.120
359.32	0.119
359.53	0.119
359.74	0.119
359.95	0.118
360.17	0.118
360.38	0.118
360.59	0.117
360.80	0.117
361.01	0.117
361.22	0.116
361.43	0.115
361.64	0.115
361.85	0.115
362.06	0.114
362.27	0.113
362.48	0.113
362.69	0.113
362.90	0.113
363.12	0.112
363.33	0.112
363.54	0.111
363.75	0.110
363.96	0.111
364.17	0.110
364.38	0.110
364.59	0.110
364.80	0.109
365.01	0.110
365.22	0.109
365.43	0.109
365.64	0.110
365.85	0.109
366.06	0.109
366.27	0.108
366.48	0.108
366.69	0.108
366.90	0.107
367.11	0.107
367.32	0.106
367.54	0.106
367.75	0.105
367.96	0.104
368.17	0.104
368.38	0.104
368.59	0.103
368.80	0.102
369.01	0.102
369.22	0.103
369.43	0.103
369.64	0.103
369.85	0.103
370.06	0.102
370.27	0.102
370.48	0.102
370.69	0.102
370.90	0.101
371.11	0.101
371.32	0.100
371.53	0.100
371.74	0.100
371.95	0.099
372.16	0.099
372.37	0.100
372.58	0.100
372.79	0.099
373.00	0.099
373.21	0.099
373.42	0.099
373.63	0.098
373.84	0.098
374.05	0.097
374.26	0.096
374.47	0.096
374.68	0.096
374.89	0.097
375.10	0.096
375.31	0.096
375.52	0.096
375.73	0.097
375.94	0.096
376.15	0.096
376.36	0.096
376.57	0.095
376.78	0.096
376.99	0.095
377.20	0.094
377.41	0.094
377.62	0.094
377.83	0.094
378.04	0.094
378.25	0.094
378.46	0.093
378.67	0.093
378.88	0.092
379.09	0.092
379.30	0.092
379.51	0.091
379.72	0.091
379.92	0.090
380.13	0.089
380.34	0.088
380.55	0.088
380.76	0.089
380.97	0.088
381.18	0.089
381.39	0.089
381.60	0.089
381.81	0.089
382.02	0.089
382.23	0.089
382.44	0.089
382.65	0.088
382.86	0.087
383.07	0.087
383.28	0.086
383.49	0.086
383.70	0.086
383.91	0.086
384.11	0.085
384.32	0.085
384.53	0.085
384.74	0.085
384.95	0.085
385.16	0.085
385.37	0.085
385.58	0.084
385.79	0.084
386.00	0.084
386.21	0.084
386.42	0.085
386.63	0.085
386.84	0.085
387.04	0.084
387.25	0.085
387.46	0.084
387.67	0.085
387.88	0.084
388.09	0.084
388.30	0.083
388.51	0.083
388.72	0.082
388.93	0.082
389.14	0.082
389.34	0.082
389.55	0.081
389.76	0.081
389.97	0.081
390.18	0.081
390.39	0.081
390.60	0.081
390.81	0.082
391.02	0.082
391.23	0.082
391.43	0.082
391.64	0.082
391.85	0.082
392.06	0.082
392.27	0.081
392.48	0.080
392.69	0.079
392.90	0.079
393.11	0.078
393.31	0.078
393.52	0.077
393.73	0.076
393.94	0.076
394.15	0.076
394.36	0.076
394.57	0.076
394.78	0.076
394.98	0.077
395.19	0.077
395.40	0.077
395.61	0.077
395.82	0.077
396.03	0.078
396.24	0.078
396.44	0.078
396.65	0.079
396.86	0.079
397.07	0.080
397.28	0.079
397.49	0.079
397.70	0.079
397.90	0.078
398.11	0.077
398.32	0.077
398.53	0.076
398.74	0.075
398.95	0.074
399.16	0.074
399.36	0.073
399.57	0.073
399.78	0.073
399.99	0.073
400.20	0.073
400.41	0.073
400.61	0.073
400.82	0.073
401.03	0.074
401.24	0.074
401.45	0.074
401.66	0.073
401.86	0.073
402.07	0.072
402.28	0.072
402.49	0.072
402.70	0.072
402.91	0.072
403.11	0.072
403.32	0.071
403.53	0.072
403.74	0.073
403.95	0.073
404.15	0.074
404.36	0.073
404.57	0.073
404.78	0.073
404.99	0.073
405.20	0.073
405.40	0.072
405.61	0.071
405.82	0.069
406.03	0.069
406.24	0.069
406.44	0.069
406.65	0.069
406.86	0.070
407.07	0.070
407.28	0.071
407.48	0.071
407.69	0.072
407.90	0.072
408.11	0.072
408.32	0.072
408.52	0.071
408.73	0.071
408.94	0.071
409.15	0.071
409.35	0.071
409.56	0.071
409.77	0.072
409.98	0.072
410.19	0.072
410.39	0.072
410.60	0.072
410.81	0.071
411.02	0.071
411.22	0.071
411.43	0.071
411.64	0.070
411.85	0.069
412.05	0.069
412.26	0.069
412.47	0.069
412.68	0.069
412.89	0.068
413.09	0.068
413.30	0.067
413.51	0.067
413.72	0.067
413.92	0.067
414.13	0.067
414.34	0.067
414.55	0.067
414.75	0.068
414.96	0.068
415.17	0.069
415.38	0.069
415.58	0.069
415.79	0.069
416.00	0.069
416.21	0.069
416.41	0.069
416.62	0.069
416.83	0.068
417.03	0.068
417.24	0.069
417.45	0.069
417.66	0.068
417.86	0.068
418.07	0.067
418.28	0.067
418.49	0.067
418.69	0.067
418.90	0.067
419.11	0.066
419.31	0.067
419.52	0.067
419.73	0.068
419.94	0.069
420.14	0.069
420.35	0.069
420.56	0.069
420.76	0.068
420.97	0.068
421.18	0.068
421.39	0.067
421.59	0.066
421.80	0.066
422.01	0.064
422.21	0.064
422.42	0.064
422.63	0.064
422.84	0.064
423.04	0.064
423.25	0.064
423.46	0.065
423.66	0.065
423.87	0.066
424.08	0.066
424.28	0.066
424.49	0.065
424.70	0.065
424.90	0.066
425.11	0.065
425.32	0.065
425.52	0.064
425.73	0.064
425.94	0.064
426.15	0.064
426.35	0.065
426.56	0.065
426.77	0.065
426.97	0.065
427.18	0.065
427.39	0.065
427.59	0.065
427.80	0.066
428.01	0.066
428.21	0.065
428.42	0.066
428.63	0.065
428.83	0.065
429.04	0.065
429.25	0.065
429.45	0.065
429.66	0.065
429.87	0.064
430.07	0.063
430.28	0.062
430.48	0.062
430.69	0.061
430.90	0.060
431.10	0.060
431.31	0.060
431.52	0.059
431.72	0.060
431.93	0.060
432.14	0.061
432.34	0.061
432.55	0.061
432.76	0.062
432.96	0.062
433.17	0.062
433.37	0.062
433.58	0.062
433.79	0.062
433.99	0.062
434.20	0.062
434.41	0.062
434.61	0.062
434.82	0.062
435.02	0.063
435.23	0.063
435.44	0.063
435.64	0.063
435.85	0.063
436.06	0.063
436.26	0.062
436.47	0.062
436.67	0.061
436.88	0.061
437.09	0.060
437.29	0.060
437.50	0.061
437.70	0.061
437.91	0.061
438.12	0.061
438.32	0.061
438.53	0.061
438.73	0.060
438.94	0.060
439.15	0.060
439.35	0.059
439.56	0.060
439.76	0.060
439.97	0.061
440.18	0.061
440.38	0.061
440.59	0.061
440.79	0.062
441.00	0.062
441.20	0.062
441.41	0.062
441.62	0.062
441.82	0.062
442.03	0.063
442.23	0.063
442.44	0.063
442.65	0.062
442.85	0.061
443.06	0.060
443.26	0.059
443.47	0.059
443.67	0.058
443.88	0.058
444.09	0.058
444.29	0.057
444.50	0.058
444.70	0.059
444.91	0.059
445.11	0.060
445.32	0.059
445.52	0.060
445.73	0.059
445.94	0.059
446.14	0.059
446.35	0.059
446.55	0.059
446.76	0.059
446.96	0.058
447.17	0.058
447.37	0.058
447.58	0.057
447.78	0.057
447.99	0.057
448.20	0.057
448.40	0.057
448.61	0.057
448.81	0.057
449.02	0.058
449.22	0.058
449.43	0.058
449.63	0.059
449.84	0.058
450.04	0.059
450.25	0.059
450.45	0.058
450.66	0.058
450.86	0.057
451.07	0.057
451.27	0.056
451.48	0.057
451.68	0.056
451.89	0.056
452.09	0.056
452.30	0.056
452.50	0.057
452.71	0.057
452.91	0.057
453.12	0.057
453.33	0.056
453.53	0.057
453.74	0.057
453.94	0.057
454.15	0.057
454.35	0.057
454.56	0.057
454.76	0.057
454.96	0.058
455.17	0.058
455.37	0.058
455.58	0.058
455.78	0.059
455.99	0.059
456.19	0.059
456.40	0.059
456.60	0.058
456.81	0.058
457.01	0.059
457.22	0.059
457.42	0.058
457.63	0.058
457.83	0.057
458.04	0.057
458.24	0.057
458.45	0.058
458.65	0.057
458.86	0.057
459.06	0.057
459.27	0.057
459.47	0.058
459.67	0.059
459.88	0.058
460.08	0.058
460.29	0.057
460.49	0.057
460.70	0.056
460.90	0.055
461.11	0.055
461.31	0.055
461.52	0.055
461.72	0.055
461.92	0.055
462.13	0.055
462.33	0.056
462.54	0.057
462.74	0.057
462.95	0.058
463.15	0.058
463.36	0.057
463.56	0.057
463.76	0.057
463.97	0.058
464.17	0.058
464.38	0.059
464.58	0.059
464.79	0.058
464.99	0.058
465.19	0.058
465.40	0.057
465.60	0.056
465.81	0.055
466.01	0.054
466.22	0.054
466.42	0.053
466.62	0.054
466.83	0.054
467.03	0.054
467.24	0.055
467.44	0.055
467.65	0.055
467.85	0.055
468.05	0.055
468.26	0.055
468.46	0.054
468.67	0.054
468.87	0.054
469.07	0.055
469.28	0.055
469.48	0.055
469.69	0.055
469.89	0.055
470.09	0.055
470.30	0.055
470.50	0.056
470.71	0.056
470.91	0.056
471.11	0.056
471.32	0.057
471.52	0.057
471.72	0.056
471.93	0.056
472.13	0.057
472.34	0.057
472.54	0.057
472.74	0.057
472.95	0.057
473.15	0.056
473.35	0.056
473.56	0.057
473.76	0.057
473.97	0.056
474.17	0.056
474.37	0.056
474.58	0.055
474.78	0.055
474.98	0.056
475.19	0.055
475.39	0.055
475.60	0.055
475.80	0.054
476.00	0.054
476.21	0.054
476.41	0.054
476.61	0.053
476.82	0.053
477.02	0.053
477.22	0.053
477.43	0.054
477.63	0.054
477.83	0.054
478.04	0.054
478.24	0.055
478.44	0.055
478.65	0.055
478.85	0.055
479.05	0.055
479.26	0.054
479.46	0.054
479.66	0.053
479.87	0.054
480.07	0.053
480.27	0.053
480.48	0.054
480.68	0.053
480.88	0.053
481.09	0.053
481.29	0.054
481.49	0.053
481.70	0.053
481.90	0.054
482.10	0.054
482.31	0.053
482.51	0.053
482.71	0.053
482.92	0.053
483.12	0.053
483.32	0.054
483.52	0.055
483.73	0.054
483.93	0.053
484.13	0.054
484.34	0.055
484.54	0.055
484.74	0.054
484.95	0.053
485.15	0.052
485.35	0.052
485.55	0.052
485.76	0.053
485.96	0.052
486.16	0.052
486.37	0.051
486.57	0.051
486.77	0.050
486.97	0.050
487.18	0.051
487.38	0.050
487.58	0.050
487.79	0.050
487.99	0.049
488.19	0.050
488.39	0.050
488.60	0.051
488.80	0.051
489.00	0.051
489.20	0.051
489.41	0.050
489.61	0.051
489.81	0.051
490.02	0.051
490.22	0.051
490.42	0.051
490.62	0.051
490.83	0.051
491.03	0.051
491.23	0.051
491.43	0.051
491.64	0.051
491.84	0.051
492.04	0.050
492.24	0.050
492.45	0.051
492.65	0.051
492.85	0.050
493.05	0.050
493.26	0.050
493.46	0.050
493.66	0.050
493.86	0.050
494.07	0.050
494.27	0.049
494.47	0.050
494.67	0.051
494.87	0.051
495.08	0.052
495.28	0.052
495.48	0.051
495.68	0.051
495.89	0.050
496.09	0.050
496.29	0.049
496.49	0.048
496.69	0.048
496.90	0.047
497.10	0.048
497.30	0.048
497.50	0.048
497.71	0.049
497.91	0.049
498.11	0.049
498.31	0.049
498.51	0.049
498.72	0.049
498.92	0.047
499.12	0.048
499.32	0.048
499.52	0.048
499.73	0.048
499.93	0.048
500.13	0.048
500.33	0.049
500.53	0.049
500.74	0.049
500.94	0.049
501.14	0.049
501.34	0.048
501.54	0.048
501.74	0.048
501.95	0.048
502.15	0.048
502.35	0.048
502.55	0.048
502.75	0.048
502.96	0.048
503.16	0.048
503.36	0.048
503.56	0.048
503.76	0.047
503.96	0.047
504.17	0.047
504.37	0.047
504.57	0.046
504.77	0.046
504.97	0.046
505.17	0.047
505.38	0.047
505.58	0.047
505.78	0.047
505.98	0.047
506.18	0.047
506.38	0.047
506.58	0.047
506.79	0.048
506.99	0.047
507.19	0.047
507.39	0.047
507.59	0.046
507.79	0.046
507.99	0.046
508.20	0.046
508.40	0.046
508.60	0.046
508.80	0.046
509.00	0.046
509.20	0.047
509.40	0.047
509.61	0.047
509.81	0.046
510.01	0.046
510.21	0.046
510.41	0.046
510.61	0.046
510.81	0.046
511.01	0.045
511.22	0.045
511.42	0.045
511.62	0.045
511.82	0.045
512.02	0.046
512.22	0.046
512.42	0.045
512.62	0.045
512.82	0.045
513.03	0.045
513.23	0.045
513.43	0.046
513.63	0.046
513.83	0.046
514.03	0.045
514.23	0.045
514.43	0.045
514.63	0.046
514.83	0.045
515.04	0.046
515.24	0.046
515.44	0.046
515.64	0.046
515.84	0.046
516.04	0.045
516.24	0.045
516.44	0.044
516.64	0.044
516.84	0.043
517.04	0.043
517.24	0.043
517.45	0.043
517.65	0.044
517.85	0.044
518.05	0.045
518.25	0.045
518.45	0.045
518.65	0.045
518.85	0.044
519.05	0.044
519.25	0.044
519.45	0.044
519.65	0.044
519.85	0.044
520.05	0.044
520.25	0.044
520.46	0.045
520.66	0.045
520.86	0.045
521.06	0.044
521.26	0.044
521.46	0.044
521.66	0.044
521.86	0.043
522.06	0.044
522.26	0.044
522.46	0.043
522.66	0.044
522.86	0.044
523.06	0.044
523.26	0.044
523.46	0.043
523.66	0.043
523.86	0.044
524.06	0.044
524.26	0.043
524.46	0.043
524.66	0.044
524.86	0.044
525.06	0.043
525.26	0.043
525.46	0.043
525.66	0.043
525.87	0.043
526.07	0.042
526.27	0.042
526.47	0.042
526.67	0.042
526.87	0.043
527.07	0.043
527.27	0.043
527.47	0.043
527.67	0.044
527.87	0.044
528.07	0.044
528.27	0.044
528.47	0.044
528.67	0.043
528.87	0.043
529.07	0.042
529.27	0.042
529.47	0.041
529.67	0.041
529.87	0.041
530.07	0.041
530.27	0.041
530.47	0.040
530.67	0.040
530.87	0.041
531.06	0.041
531.26	0.042
531.46	0.042
531.66	0.042
531.86	0.043
532.06	0.043
532.26	0.043
532.46	0.043
532.66	0.043
532.86	0.043
533.06	0.042
533.26	0.042
533.46	0.041
533.66	0.041
533.86	0.041
534.06	0.041
534.26	0.041
534.46	0.041
534.66	0.041
534.86	0.041
535.06	0.041
535.26	0.041
535.46	0.041
535.66	0.041
535.86	0.041
536.06	0.041
536.26	0.041
536.45	0.041
536.65	0.042
536.85	0.042
537.05	0.041
537.25	0.042
537.45	0.042
537.65	0.042
537.85	0.042
538.05	0.042
538.25	0.042
538.45	0.042
538.65	0.041
538.85	0.041
539.05	0.041
539.25	0.041
539.44	0.040
539.64	0.040
539.84	0.040
540.04	0.040
540.24	0.039
540.44	0.040
540.64	0.040
540.84	0.040
541.04	0.040
541.24	0.040
541.44	0.040
541.64	0.040
541.83	0.040
542.03	0.039
542.23	0.039
542.43	0.039
542.63	0.040
542.83	0.040
543.03	0.040
543.23	0.040
543.43	0.040
543.63	0.040
543.82	0.040
544.02	0.040
544.22	0.040
544.42	0.039
544.62	0.039
544.82	0.039
545.02	0.039
545.22	0.039
545.42	0.039
545.61	0.040
545.81	0.040
546.01	0.040
546.21	0.041
546.41	0.041
546.61	0.041
546.81	0.041
547.01	0.041
547.20	0.041
547.40	0.040
547.60	0.039
547.80	0.039
548.00	0.038
548.20	0.037
548.40	0.037
548.59	0.037
548.79	0.038
548.99	0.037
549.19	0.038
549.39	0.038
549.59	0.038
549.79	0.039
549.98	0.039
550.18	0.040
550.38	0.040
550.58	0.040
550.78	0.040
550.98	0.040
551.17	0.040
551.37	0.040
551.57	0.040
551.77	0.040
551.97	0.039
552.17	0.039
552.36	0.039
552.56	0.039
552.76	0.039
552.96	0.039
553.16	0.038
553.36	0.038
553.55	0.039
553.75	0.039
553.95	0.039
554.15	0.039
554.35	0.039
554.55	0.039
554.74	0.039
554.94	0.039
555.14	0.039
555.34	0.039
555.54	0.040
555.73	0.039
555.93	0.039
556.13	0.039
556.33	0.039
556.53	0.039
556.72	0.039
556.92	0.039
557.12	0.039
557.32	0.038
557.52	0.039
557.71	0.039
557.91	0.039
558.11	0.039
558.31	0.039
558.51	0.039
558.70	0.039
558.90	0.040
559.10	0.040
559.30	0.040
559.49	0.040
559.69	0.040
559.89	0.040
560.09	0.040
560.29	0.040
560.48	0.040
560.68	0.039
560.88	0.039
561.08	0.038
561.27	0.038
561.47	0.038
561.67	0.038
561.87	0.039
562.06	0.038
562.26	0.038
562.46	0.038
562.66	0.038
562.86	0.038
563.05	0.037
563.25	0.037
563.45	0.036
563.65	0.035
563.84	0.035
564.04	0.035
564.24	0.035
564.44	0.035
564.63	0.036
564.83	0.036
565.03	0.036
565.22	0.037
565.42	0.038
565.62	0.038
565.82	0.038
566.01	0.038
566.21	0.039
566.41	0.039
566.61	0.038
566.80	0.038
567.00	0.038
567.20	0.038
567.40	0.038
567.59	0.039
567.79	0.039
567.99	0.039
568.18	0.039
568.38	0.039
568.58	0.039
568.78	0.039
568.97	0.039
569.17	0.040
569.37	0.039
569.56	0.039
569.76	0.039
569.96	0.039
570.16	0.040
570.35	0.040
570.55	0.039
570.75	0.039
570.94	0.039
571.14	0.039
571.34	0.039
571.53	0.039
571.73	0.039
571.93	0.038
572.12	0.038
572.32	0.039
572.52	0.039
572.72	0.040
572.91	0.040
573.11	0.040
573.31	0.040
573.50	0.040
573.70	0.039
573.90	0.039
574.09	0.039
574.29	0.038
574.49	0.038
574.68	0.038
574.88	0.038
575.08	0.037
575.27	0.038
575.47	0.038
575.67	0.038
575.86	0.040
576.06	0.041
576.26	0.042
576.45	0.043
576.65	0.043
576.85	0.042
577.04	0.041
577.24	0.040
577.44	0.039
577.63	0.038
577.83	0.037
578.02	0.036
578.22	0.036
578.42	0.035
578.61	0.035
578.81	0.036
579.01	0.036
579.20	0.037
579.40	0.038
579.60	0.039
579.79	0.040
579.99	0.041
580.19	0.041
580.38	0.041
580.58	0.041
580.77	0.040
580.97	0.040
581.17	0.038
581.36	0.037
581.56	0.036
581.75	0.035
581.95	0.034
582.15	0.033
582.34	0.034
582.54	0.035
582.74	0.035
582.93	0.036
583.13	0.038
583.32	0.039
583.52	0.040
583.72	0.041
583.91	0.041
584.11	0.042
584.30	0.041
584.50	0.040
584.70	0.040
584.89	0.038
585.09	0.037
585.28	0.036
585.48	0.036
585.68	0.036
585.87	0.035
586.07	0.036
586.26	0.036
586.46	0.036
586.66	0.036
586.85	0.036
587.05	0.036
587.24	0.036
587.44	0.035
587.63	0.035
587.83	0.035
588.03	0.035
588.22	0.035
588.42	0.035
588.61	0.036
588.81	0.036
589.00	0.035
589.20	0.035
589.40	0.036
589.59	0.036
589.79	0.036
589.98	0.036
590.18	0.036
590.37	0.035
590.57	0.035
590.76	0.036
590.96	0.037
591.16	0.037
591.35	0.038
591.55	0.038
591.74	0.038
591.94	0.038
592.13	0.038
592.33	0.038
592.52	0.037
592.72	0.036
592.91	0.035
593.11	0.034
593.30	0.034
593.50	0.033
593.70	0.033
593.89	0.034
594.09	0.034
594.28	0.035
594.48	0.035
594.67	0.035
594.87	0.035
595.06	0.035
595.26	0.035
595.45	0.035
595.65	0.034
595.84	0.035
596.04	0.035
596.23	0.035
596.43	0.036
596.62	0.036
596.82	0.036
597.01	0.036
597.21	0.037
597.40	0.038
597.60	0.037
597.79	0.038
597.99	0.038
598.18	0.038
598.38	0.037
598.57	0.037
598.77	0.036
598.96	0.036
599.16	0.035
599.35	0.034
599.55	0.034
599.74	0.033
599.94	0.033
600.13	0.033
600.33	0.033
600.52	0.033
600.72	0.033
600.91	0.033
601.11	0.033
601.30	0.033
601.50	0.034
601.69	0.034
601.89	0.035
602.08	0.036
602.27	0.036
602.47	0.036
602.66	0.036
602.86	0.036
603.05	0.036
603.25	0.036
603.44	0.035
603.64	0.036
603.83	0.035
604.03	0.036
604.22	0.036
604.41	0.036
604.61	0.037
604.80	0.037
605.00	0.037
605.19	0.036
605.39	0.036
605.58	0.036
605.78	0.036
605.97	0.036
606.16	0.035
606.36	0.035
606.55	0.035
606.75	0.035
606.94	0.034
607.14	0.034
607.33	0.034
607.52	0.034
607.72	0.033
607.91	0.033
608.11	0.033
608.30	0.033
608.50	0.033
608.69	0.034
608.88	0.034
609.08	0.034
609.27	0.033
609.47	0.034
609.66	0.034
609.85	0.035
610.05	0.035
610.24	0.035
610.44	0.034
610.63	0.034
610.83	0.034
611.02	0.034
611.21	0.034
611.41	0.035
611.60	0.034
611.80	0.035
611.99	0.035
612.18	0.035
612.38	0.035
612.57	0.035
612.76	0.035
612.96	0.035
613.15	0.034
613.35	0.034
613.54	0.034
613.73	0.034
613.93	0.034
614.12	0.034
614.32	0.034
614.51	0.033
614.70	0.033
614.90	0.033
615.09	0.032
615.28	0.033
615.48	0.032
615.67	0.032
615.86	0.032
616.06	0.032
616.25	0.033
616.45	0.033
616.64	0.034
616.83	0.034
617.03	0.033
617.22	0.034
617.41	0.034
617.61	0.033
617.80	0.034
617.99	0.033
618.19	0.033
618.38	0.033
618.57	0.032
618.77	0.032
618.96	0.032
619.15	0.032
619.35	0.032
619.54	0.032
619.73	0.032
619.93	0.031
620.12	0.032
620.31	0.032
620.51	0.032
620.70	0.032
620.89	0.033
621.09	0.033
621.28	0.033
621.47	0.033
621.67	0.033
621.86	0.033
622.05	0.033
622.25	0.033
622.44	0.033
622.63	0.033
622.83	0.033
623.02	0.032
623.21	0.032
623.41	0.032
623.60	0.032
623.79	0.032
623.98	0.031
624.18	0.031
624.37	0.031
624.56	0.031
624.76	0.031
624.95	0.032
625.14	0.032
625.33	0.032
625.53	0.032
625.72	0.032
625.91	0.032
626.11	0.032
626.30	0.032
626.49	0.031
626.68	0.031
626.88	0.031
627.07	0.031
627.26	0.030
627.46	0.030
627.65	0.030
627.84	0.030
628.03	0.030
628.23	0.030
628.42	0.030
628.61	0.030
628.80	0.030
629.00	0.030
629.19	0.031
629.38	0.031
629.58	0.031
629.77	0.031
629.96	0.031
630.15	0.031
630.35	0.031
630.54	0.031
630.73	0.031
630.92	0.031
631.12	0.030
631.31	0.030
631.50	0.030
631.69	0.030
631.89	0.030
632.08	0.030
632.27	0.030
632.46	0.030
632.65	0.030
632.85	0.030
633.04	0.030
633.23	0.030
633.42	0.031
633.62	0.031
633.81	0.031
634.00	0.030
634.19	0.031
634.39	0.031
634.58	0.031
634.77	0.031
634.96	0.031
635.15	0.030
635.35	0.030
635.54	0.030
635.73	0.030
635.92	0.030
636.11	0.030
636.31	0.029
636.50	0.029
636.69	0.029
636.88	0.028
637.07	0.029
637.27	0.028
637.46	0.029
637.65	0.029
637.84	0.029
638.03	0.030
638.23	0.030
638.42	0.030
638.61	0.030
638.80	0.030
638.99	0.030
639.19	0.029
639.38	0.029
639.57	0.029
639.76	0.028
639.95	0.028
640.14	0.029
640.34	0.029
640.53	0.029
640.72	0.029
640.91	0.028
641.10	0.028
641.30	0.029
641.49	0.029
641.68	0.029
641.87	0.029
642.06	0.029
642.25	0.029
642.44	0.029
642.64	0.029
642.83	0.029
643.02	0.029
643.21	0.029
643.40	0.030
643.59	0.029
643.79	0.029
643.98	0.029
644.17	0.030
644.36	0.030
644.55	0.030
644.74	0.029
644.93	0.029
645.13	0.029
645.32	0.029
645.51	0.028
645.70	0.028
645.89	0.028
646.08	0.028
646.27	0.029
646.46	0.028
646.66	0.028
646.85	0.028
647.04	0.028
647.23	0.029
647.42	0.029
647.61	0.029
647.80	0.029
647.99	0.029
648.19	0.029
648.38	0.029
648.57	0.029
648.76	0.029
648.95	0.029
649.14	0.030
649.33	0.029
649.52	0.029
649.71	0.029
649.91	0.029
650.10	0.030
650.29	0.030
650.48	0.030
650.67	0.030
650.86	0.029
651.05	0.030
651.24	0.030
651.43	0.030
651.62	0.030
651.81	0.029
652.01	0.029
652.20	0.029
652.39	0.029
652.58	0.029
652.77	0.030
652.96	0.029
653.15	0.029
653.34	0.029
653.53	0.029
653.72	0.030
653.91	0.030
654.10	0.032
654.29	0.033
654.48	0.033
654.68	0.034
654.87	0.033
655.06	0.033
655.25	0.032
655.44	0.032
655.63	0.031
655.82	0.030
656.01	0.029
656.20	0.029
656.39	0.029
656.58	0.029
656.77	0.030
656.96	0.031
657.15	0.031
657.34	0.031
657.53	0.031
657.72	0.031
657.91	0.031
658.10	0.030
658.29	0.030
658.48	0.030
658.68	0.030
658.87	0.029
659.06	0.029
659.25	0.029
659.44	0.029
659.63	0.029
659.82	0.029
660.01	0.029
660.20	0.029
660.39	0.029
660.58	0.029
660.77	0.029
660.96	0.029
661.15	0.029
661.34	0.029
661.53	0.029
661.72	0.029
661.91	0.029
662.10	0.029
662.29	0.029
662.48	0.028
662.67	0.029
662.86	0.028
663.05	0.028
663.24	0.028
663.43	0.028
663.62	0.028
663.81	0.028
664.00	0.028
664.19	0.029
664.38	0.028
664.57	0.028
664.76	0.028
664.95	0.028
665.14	0.028
665.33	0.027
665.52	0.027
665.71	0.027
665.90	0.027
666.09	0.028
666.28	0.028
666.46	0.028
666.65	0.028
666.84	0.028
667.03	0.029
667.22	0.029
667.41	0.029
667.60	0.030
667.79	0.029
667.98	0.029
668.17	0.029
668.36	0.029
668.55	0.029
668.74	0.028
668.93	0.028
669.12	0.028
669.31	0.028
669.50	0.028
669.69	0.028
669.88	0.028
670.07	0.029
670.26	0.029
670.44	0.029
670.63	0.030
670.82	0.029
671.01	0.029
671.20	0.029
671.39	0.029
671.58	0.029
671.77	0.028
671.96	0.028
672.15	0.028
672.34	0.028
672.53	0.028
672.72	0.028
672.91	0.028
673.09	0.028
673.28	0.028
673.47	0.028
673.66	0.028
673.85	0.028
674.04	0.029
674.23	0.029
674.42	0.029
674.61	0.028
674.80	0.028
674.98	0.028
675.17	0.028
675.36	0.028
675.55	0.028
675.74	0.028
675.93	0.027
676.12	0.028
676.31	0.028
676.50	0.028
676.69	0.028
676.87	0.028
677.06	0.028
677.25	0.028
677.44	0.028
677.63	0.029
677.82	0.028
678.01	0.028
678.20	0.028
678.38	0.028
678.57	0.028
678.76	0.028
678.95	0.027
679.14	0.028
679.33	0.028
679.52	0.028
679.71	0.028
679.89	0.028
680.08	0.028
680.27	0.028
680.46	0.028
680.65	0.028
680.84	0.028
681.02	0.028
681.21	0.027
681.40	0.027
681.59	0.027
681.78	0.027
681.97	0.027
682.16	0.027
682.34	0.028
682.53	0.028
682.72	0.027
682.91	0.027
683.10	0.028
683.29	0.028
683.47	0.027
683.66	0.028
683.85	0.028
684.04	0.028
684.23	0.028
684.42	0.029
684.60	0.029
684.79	0.029
684.98	0.029
685.17	0.030
685.36	0.030
685.54	0.030
685.73	0.030
685.92	0.029
686.11	0.029
686.30	0.030
686.49	0.029
686.67	0.029
686.86	0.028
687.05	0.028
687.24	0.028
687.43	0.028
687.61	0.028
687.80	0.028
687.99	0.028
688.18	0.028
688.36	0.028
688.55	0.028
688.74	0.028
688.93	0.028
689.12	0.028
689.30	0.028
689.49	0.028
689.68	0.028
689.87	0.028
690.06	0.028
690.24	0.028
690.43	0.028
690.62	0.028
690.81	0.028
690.99	0.028
691.18	0.028
691.37	0.028
691.56	0.028
691.74	0.028
691.93	0.028
692.12	0.028
692.31	0.028
692.50	0.027
692.68	0.028
692.87	0.028
693.06	0.028
693.25	0.028
693.43	0.028
693.62	0.028
693.81	0.028
694.00	0.028
694.18	0.028
694.37	0.028
694.56	0.028
694.74	0.028
694.93	0.028
695.12	0.027
695.31	0.027
695.49	0.027
695.68	0.027
695.87	0.026
696.06	0.027
696.24	0.027
696.43	0.027
696.62	0.027
696.80	0.028
696.99	0.028
697.18	0.028
697.37	0.029
697.55	0.029
697.74	0.028
697.93	0.028
698.12	0.028
698.30	0.028
698.49	0.028
698.68	0.027
698.86	0.028
699.05	0.027
699.24	0.027
699.42	0.027
699.61	0.027
699.80	0.027
699.99	0.027
700.17	0.028
700.36	0.028
700.55	0.028
700.73	0.028
700.92	0.028
701.11	0.028
701.29	0.028
701.48	0.027
701.67	0.027
701.85	0.028
702.04	0.027
702.23	0.027
702.41	0.028
702.60	0.028
702.79	0.028
702.97	0.028
703.16	0.028
703.35	0.028
703.53	0.027
703.72	0.027
703.91	0.027
704.09	0.027
704.28	0.026
704.47	0.026
704.65	0.026
704.84	0.026
705.03	0.026
705.21	0.026
705.40	0.026
705.59	0.027
705.77	0.027
705.96	0.027
706.15	0.028
706.33	0.028
706.52	0.028
706.71	0.028
706.89	0.028
707.08	0.028
707.26	0.029
707.45	0.028
707.64	0.028
707.82	0.028
708.01	0.028
708.20	0.028
708.38	0.027
708.57	0.027
708.75	0.027
708.94	0.027
709.13	0.027
709.31	0.027
709.50	0.027
709.69	0.027
709.87	0.027
710.06	0.027
710.24	0.027
710.43	0.027
710.62	0.027
710.80	0.027
710.99	0.027
711.17	0.028
711.36	0.028
711.55	0.028
711.73	0.028
711.92	0.028
712.10	0.028
712.29	0.028
712.48	0.028
712.66	0.028
712.85	0.028
713.03	0.028
713.22	0.028
713.40	0.028
713.59	0.028
713.78	0.027
713.96	0.027
714.15	0.027
714.33	0.027
714.52	0.027
714.71	0.026
714.89	0.026
715.08	0.026
715.26	0.026
715.45	0.025
715.63	0.026
715.82	0.025
716.00	0.026
716.19	0.026
716.38	0.026
716.56	0.026
716.75	0.027
716.93	0.027
717.12	0.027
717.30	0.027
717.49	0.028
717.67	0.028
717.86	0.027
718.05	0.028
718.23	0.028
718.42	0.027
718.60	0.027
718.79	0.027
718.97	0.027
719.16	0.027
719.34	0.026
719.53	0.027
719.71	0.026
719.90	0.026
720.08	0.026
720.27	0.026
720.45	0.026
720.64	0.026
720.83	0.026
721.01	0.027
721.20	0.026
721.38	0.027
721.57	0.026
721.75	0.027
721.94	0.027
722.12	0.027
722.31	0.027
722.49	0.027
722.68	0.027
722.86	0.027
723.05	0.027
723.23	0.027
723.42	0.027
723.60	0.027
723.79	0.027
723.97	0.027
724.16	0.027
724.34	0.027
724.53	0.026
724.71	0.026
724.90	0.027
725.08	0.026
725.27	0.027
725.45	0.027
725.64	0.027
725.82	0.027
726.00	0.027
726.19	0.027
726.37	0.027
726.56	0.026
726.74	0.027
726.93	0.027
727.11	0.027
727.30	0.027
727.48	0.027
727.67	0.026
727.85	0.026
728.04	0.027
728.22	0.027
728.40	0.027
728.59	0.027
728.77	0.027
728.96	0.027
729.14	0.027
729.33	0.027
729.51	0.027
729.70	0.027
729.88	0.027
730.07	0.027
730.25	0.027
730.43	0.027
730.62	0.027
730.80	0.027
730.99	0.027
731.17	0.027
731.36	0.027
731.54	0.027
731.72	0.027
731.91	0.027
732.09	0.027
732.28	0.027
732.46	0.027
732.65	0.027
732.83	0.027
733.01	0.027
733.20	0.028
733.38	0.027
733.57	0.027
733.75	0.027
733.93	0.027
734.12	0.027
734.30	0.027
734.49	0.027
734.67	0.027
734.85	0.027
735.04	0.027
735.22	0.027
735.41	0.028
735.59	0.027
735.77	0.027
735.96	0.027
736.14	0.027
736.33	0.027
736.51	0.027
736.69	0.027
736.88	0.026
737.06	0.026
737.25	0.026
737.43	0.026
737.61	0.026
737.80	0.027
737.98	0.027
738.16	0.026
738.35	0.027
738.53	0.027
738.71	0.027
738.90	0.028
739.08	0.028
739.27	0.028
739.45	0.028
739.63	0.028
739.82	0.027
740.00	0.027
740.18	0.027
740.37	0.027
740.55	0.026
740.73	0.027
740.92	0.027
741.10	0.027
741.28	0.027
741.47	0.027
741.65	0.027
741.83	0.027
742.02	0.027
742.20	0.026
742.38	0.026
742.57	0.026
742.75	0.025
742.93	0.025
743.12	0.025
743.30	0.026
743.48	0.026
743.67	0.026
743.85	0.025
744.03	0.025
744.22	0.025
744.40	0.026
744.58	0.025
744.77	0.025
744.95	0.025
745.13	0.025
745.32	0.026
745.50	0.026
745.68	0.027
745.87	0.027
746.05	0.027
746.23	0.027
746.41	0.028
746.60	0.027
746.78	0.027
746.96	0.027
747.15	0.027
747.33	0.027
747.51	0.026
747.70	0.026
747.88	0.026
748.06	0.026
748.24	0.026
748.43	0.026
748.61	0.026
748.79	0.026
748.97	0.026
749.16	0.026
749.34	0.026
749.52	0.026
749.71	0.026
749.89	0.026
750.07	0.025
750.25	0.025
750.44	0.025
750.62	0.025
750.80	0.026
750.98	0.026
751.17	0.026
751.35	0.026
751.53	0.026
751.71	0.026
751.90	0.026
752.08	0.026
752.26	0.026
752.44	0.026
752.63	0.025
752.81	0.026
752.99	0.026
753.17	0.027
753.36	0.026
753.54	0.026
753.72	0.026
753.90	0.026
754.09	0.026
754.27	0.026
754.45	0.026
754.63	0.026
754.82	0.025
755.00	0.026
755.18	0.026
755.36	0.026
755.54	0.026
755.73	0.026
755.91	0.026
756.09	0.026
756.27	0.026
756.45	0.027
756.64	0.027
756.82	0.027
757.00	0.027
757.18	0.028
757.37	0.028
757.55	0.028
757.73	0.028
757.91	0.028
758.09	0.028
758.27	0.028
758.46	0.028
758.64	0.027
758.82	0.027
759.00	0.027
759.18	0.027
759.37	0.026
759.55	0.027
759.73	0.027
759.91	0.027
760.09	0.027
760.28	0.027
760.46	0.027
760.64	0.027
760.82	0.027
761.00	0.027
761.18	0.027
761.37	0.027
761.55	0.027
761.73	0.027
761.91	0.027
762.09	0.027
762.27	0.026
762.46	0.026
762.64	0.026
762.82	0.026
763.00	0.026
763.18	0.026
763.36	0.026
763.54	0.026
763.73	0.026
763.91	0.026
764.09	0.026
764.27	0.026
764.45	0.026
764.63	0.026
764.81	0.026
765.00	0.027
765.18	0.027
765.36	0.027
765.54	0.027
765.72	0.026
765.90	0.026
766.08	0.026
766.27	0.026
766.45	0.026
766.63	0.025
766.81	0.025
766.99	0.024
767.17	0.024
767.35	0.024
767.53	0.024
767.71	0.025
767.90	0.025
768.08	0.025
768.26	0.025
768.44	0.026
768.62	0.026
768.80	0.026
768.98	0.026
769.16	0.026
769.34	0.026
769.52	0.026
769.71	0.026
769.89	0.026
770.07	0.026
770.25	0.026
770.43	0.026
770.61	0.025
770.79	0.025
770.97	0.025
771.15	0.025
771.33	0.024
771.51	0.025
771.69	0.025
771.88	0.025
772.06	0.025
772.24	0.025
772.42	0.025
772.60	0.025
772.78	0.025
772.96	0.025
773.14	0.025
773.32	0.025
773.50	0.025
773.68	0.025
773.86	0.025
774.04	0.025
774.22	0.025
774.40	0.025
774.58	0.025
774.77	0.025
774.95	0.025
775.13	0.025
775.31	0.025
775.49	0.025
775.67	0.025
775.85	0.026
776.03	0.026
776.21	0.026
776.39	0.026
776.57	0.026
776.75	0.026
776.93	0.026
777.11	0.026
777.29	0.026
777.47	0.025
777.65	0.026
777.83	0.026
778.01	0.026
778.19	0.026
778.37	0.025
778.55	0.026
778.73	0.026
778.91	0.026
779.09	0.026
779.27	0.025
779.45	0.025
779.63	0.025
779.81	0.025
779.99	0.025
780.17	0.025
780.35	0.025
780.53	0.025
780.71	0.025
780.89	0.025
781.07	0.025
781.25	0.025
781.43	0.026
781.61	0.026
781.79	0.026
781.97	0.026
782.15	0.026
782.33	0.026
782.51	0.026
782.69	0.026
782.87	0.025
783.05	0.025
783.23	0.025
783.41	0.025
783.59	0.025
783.77	0.026
783.95	0.025
784.13	0.025
784.31	0.025
784.49	0.025
784.67	0.025
784.85	0.025
785.03	0.025
785.21	0.025
785.38	0.025
785.56	0.026
785.74	0.026
785.92	0.026
786.10	0.026
786.28	0.026
786.46	0.026
786.64	0.026
786.82	0.026
787.00	0.026
787.18	0.026
787.36	0.026
787.54	0.026
787.72	0.026
787.90	0.026
788.08	0.026
788.25	0.027
788.43	0.027
788.61	0.027
788.79	0.027
788.97	0.027
789.15	0.027
789.33	0.027
789.51	0.027
789.69	0.027
789.87	0.027
790.05	0.027
790.23	0.027
790.40	0.027
790.58	0.027
790.76	0.027
790.94	0.027
791.12	0.027
791.30	0.027
791.48	0.026
791.66	0.027
791.84	0.027
792.02	0.026
792.19	0.026
792.37	0.026
792.55	0.026
792.73	0.026
792.91	0.026
793.09	0.026
793.27	0.026
793.45	0.027
793.63	0.027
793.80	0.027
793.98	0.027
794.16	0.027
794.34	0.027
794.52	0.027
794.70	0.027
794.88	0.027
795.05	0.027
795.23	0.027
795.41	0.026
795.59	0.026
795.77	0.025
795.95	0.025
796.13	0.025
796.30	0.025
796.48	0.025
796.66	0.025
796.84	0.025
797.02	0.025
797.20	0.026
797.38	0.026
797.55	0.026
797.73	0.026
797.91	0.027
798.09	0.027
798.27	0.027
798.45	0.026
798.62	0.026
798.80	0.026
798.98	0.027
799.16	0.026
799.34	0.027
799.52	0.026
799.69	0.026
799.87	0.025
800.05	0.026
800.23	0.026
800.41	0.025
800.58	0.025
800.76	0.025
800.94	0.025
801.12	0.025
801.30	0.025
801.47	0.025
801.65	0.024
801.83	0.025
802.01	0.025
802.19	0.025
802.36	0.025
802.54	0.025
802.72	0.025
802.90	0.025
803.08	0.025
803.25	0.025
803.43	0.026
803.61	0.026
803.79	0.026
803.97	0.025
804.14	0.026
804.32	0.025
804.50	0.025
804.68	0.025
804.85	0.025
805.03	0.024
805.21	0.024
805.39	0.025
805.56	0.025
805.74	0.025
805.92	0.025
806.10	0.025
806.28	0.025
806.45	0.026
806.63	0.026
806.81	0.026
806.99	0.025
807.16	0.026
807.34	0.026
807.52	0.025
807.70	0.025
807.87	0.025
808.05	0.025
808.23	0.026
808.41	0.026
808.58	0.026
808.76	0.026
808.94	0.026
809.11	0.026
809.29	0.026
809.47	0.026
809.65	0.026
809.82	0.025
810.00	0.025
810.18	0.025
810.36	0.026
810.53	0.026
810.71	0.025
810.89	0.025
811.06	0.025
811.24	0.025
811.42	0.025
811.60	0.025
811.77	0.025
811.95	0.025
812.13	0.025
812.30	0.025
812.48	0.024
812.66	0.024
812.83	0.025
813.01	0.025
813.19	0.025
813.37	0.025
813.54	0.025
813.72	0.025
813.90	0.025
814.07	0.026
814.25	0.026
814.43	0.026
814.60	0.025
814.78	0.025
814.96	0.025
815.13	0.025
815.31	0.025
815.49	0.025
815.66	0.025
815.84	0.025
816.02	0.024
816.19	0.025
816.37	0.025
816.55	0.025
816.72	0.025
816.90	0.025
817.08	0.025
817.25	0.025
817.43	0.025
817.61	0.026
817.78	0.026
817.96	0.026
818.14	0.026
818.31	0.026
818.49	0.026
818.67	0.026
818.84	0.026
819.02	0.026
819.19	0.025
819.37	0.025
819.55	0.026
819.72	0.026
819.90	0.026
820.08	0.026
820.25	0.026
820.43	0.026
820.60	0.026
820.78	0.026
820.96	0.026
821.13	0.025
821.31	0.025
821.49	0.024
821.66	0.025
821.84	0.025
822.01	0.025
822.19	0.025
822.37	0.025
822.54	0.025
822.72	0.025
822.89	0.025
823.07	0.025
823.25	0.025
823.42	0.025
823.60	0.025
823.77	0.025
823.95	0.025
824.13	0.025
824.30	0.025
824.48	0.025
824.65	0.025
824.83	0.025
825.01	0.024
825.18	0.025
825.36	0.025
825.53	0.025
825.71	0.025
825.88	0.025
826.06	0.025
826.24	0.026
826.41	0.026
826.59	0.026
826.76	0.027
826.94	0.026
827.11	0.026
827.29	0.026
827.47	0.027
827.64	0.026
827.82	0.026
827.99	0.027
828.17	0.026
828.34	0.026
828.52	0.026
828.69	0.026
828.87	0.026
829.04	0.026
829.22	0.027
829.40	0.026
829.57	0.025
829.75	0.026
829.92	0.025
830.10	0.025
830.27	0.025
830.45	0.025
830.62	0.025
830.80	0.025
830.97	0.025
831.15	0.025
831.32	0.025
831.50	0.025
831.67	0.025
831.85	0.026
832.02	0.026
832.20	0.026
832.37	0.026
832.55	0.026
832.73	0.027
832.90	0.027
833.08	0.026
833.25	0.026
833.43	0.025
833.60	0.025
833.78	0.025
833.95	0.025
834.13	0.025
834.30	0.025
834.48	0.025
834.65	0.025
834.82	0.025
835.00	0.025
835.17	0.025
835.35	0.024
835.52	0.025
835.70	0.025
835.87	0.024
836.05	0.024
836.22	0.025
836.40	0.025
836.57	0.025
836.75	0.025
836.92	0.025
837.10	0.025
837.27	0.025
837.45	0.026
837.62	0.026
837.80	0.026
837.97	0.026
838.14	0.026
838.32	0.025
838.49	0.025
838.67	0.025
838.84	0.025
839.02	0.024
839.19	0.025
839.37	0.024
839.54	0.024
839.71	0.024
839.89	0.024
840.06	0.024
840.24	0.024
840.41	0.024
840.59	0.024
840.76	0.024
840.94	0.024
841.11	0.024
841.28	0.024
841.46	0.024
841.63	0.024
841.81	0.024
841.98	0.025
842.15	0.024
842.33	0.025
842.50	0.024
842.68	0.025
842.85	0.025
843.03	0.025
843.20	0.025
843.37	0.025
843.55	0.025
843.72	0.026
843.90	0.026
844.07	0.026
844.24	0.026
844.42	0.025
844.59	0.025
844.77	0.025
844.94	0.024
845.11	0.025
845.29	0.024
845.46	0.024
845.63	0.024
845.81	0.024
845.98	0.025
846.16	0.025
846.33	0.025
846.50	0.025
846.68	0.024
846.85	0.024
847.02	0.025
847.20	0.025
847.37	0.025
847.55	0.025
847.72	0.025
847.89	0.025
848.07	0.025
848.24	0.025
848.41	0.026
848.59	0.026
848.76	0.026
848.93	0.025
849.11	0.025
849.28	0.025
849.45	0.025
849.63	0.026
849.80	0.026
849.97	0.026
850.15	0.025
850.32	0.025
850.49	0.025
850.67	0.025
850.84	0.025
851.01	0.025
851.19	0.025
851.36	0.025
851.53	0.025
851.71	0.025
851.88	0.025
852.05	0.025
852.23	0.025
852.40	0.025
852.57	0.025
852.75	0.026
852.92	0.026
853.09	0.027
853.27	0.027
853.44	0.027
853.61	0.027
853.79	0.027
853.96	0.027
854.13	0.027
854.30	0.027
854.48	0.026
854.65	0.026
854.82	0.026
855.00	0.026
855.17	0.026
855.34	0.026
855.51	0.026
855.69	0.027
855.86	0.027
856.03	0.027
856.21	0.028
856.38	0.027
856.55	0.028
856.72	0.027
856.90	0.027
857.07	0.027
857.24	0.027
857.42	0.027
857.59	0.027
857.76	0.027
857.93	0.027
858.11	0.026
858.28	0.026
858.45	0.027
858.62	0.027
858.80	0.026
858.97	0.027
859.14	0.027
859.31	0.027
859.49	0.026
859.66	0.026
859.83	0.026
860.00	0.026
860.18	0.026
860.35	0.027
860.52	0.027
860.69	0.027
860.86	0.027
861.04	0.027
861.21	0.028
861.38	0.027
861.55	0.027
861.73	0.027
861.90	0.027
862.07	0.026
862.24	0.027
862.42	0.027
862.59	0.027
862.76	0.026
862.93	0.026
863.10	0.026
863.28	0.026
863.45	0.026
863.62	0.026
863.79	0.025
863.96	0.025
864.14	0.026
864.31	0.026
864.48	0.027
864.65	0.027
864.82	0.026
865.00	0.026
865.17	0.026
865.34	0.025
865.51	0.025
865.68	0.026
865.86	0.026
866.03	0.026
866.20	0.026
866.37	0.027
866.54	0.027
866.71	0.027
866.89	0.028
867.06	0.028
867.23	0.028
867.40	0.028
867.57	0.028
867.74	0.028
867.92	0.028
868.09	0.028
868.26	0.028
868.43	0.028
868.60	0.028
868.77	0.028
868.95	0.027
869.12	0.027
869.29	0.027
869.46	0.028
869.63	0.028
869.80	0.028
869.97	0.028
870.15	0.028
870.32	0.029
870.49	0.029
870.66	0.029
870.83	0.030
871.00	0.029
871.17	0.029
871.34	0.030
871.52	0.030
871.69	0.030
871.86	0.030
872.03	0.029
872.20	0.029
872.37	0.029
872.54	0.029
872.71	0.029
872.89	0.030
873.06	0.030
873.23	0.030
873.40	0.030
873.57	0.030
873.74	0.030
873.91	0.031
874.08	0.031
874.25	0.030
874.42	0.030
874.60	0.030
874.77	0.029
874.94	0.030
875.11	0.030
875.28	0.031
875.45	0.030
875.62	0.030
875.79	0.030
875.96	0.030
876.13	0.030
876.30	0.030
876.47	0.030
876.65	0.030
876.82	0.030
876.99	0.030
877.16	0.031
877.33	0.031
877.50	0.032
877.67	0.031
877.84	0.031
878.01	0.030
878.18	0.031
878.35	0.030
878.52	0.031
878.69	0.031
878.86	0.031
879.03	0.030
879.20	0.031
879.38	0.031
879.55	0.032
879.72	0.031
879.89	0.031
880.06	0.031
880.23	0.031
880.40	0.031
880.57	0.033
880.74	0.033
880.91	0.033
881.08	0.033
881.25	0.033
881.42	0.033
881.59	0.033
881.76	0.033
881.93	0.033
882.10	0.032
882.27	0.031
882.44	0.032
882.61	0.032
882.78	0.033
882.95	0.033
883.12	0.033
883.29	0.033
883.46	0.033
883.63	0.034
883.80	0.034
883.97	0.034
884.14	0.033
884.31	0.034
884.48	0.033
884.65	0.033
884.82	0.034
884.99	0.034
885.16	0.035
885.33	0.034
885.50	0.034
885.67	0.033
885.84	0.033
886.01	0.033
886.18	0.032
886.35	0.031
886.52	0.031
886.69	0.030
886.86	0.031
887.03	0.031
887.20	0.032
887.37	0.033
887.54	0.034
887.71	0.034
887.88	0.035
888.05	0.034
888.22	0.035
888.39	0.035
888.55	0.035
888.72	0.036
888.89	0.034
889.06	0.035
889.23	0.035
889.40	0.035
889.57	0.036
889.74	0.035
889.91	0.035
890.08	0.036
890.25	0.035
890.42	0.036
890.59	0.035
890.76	0.034
890.93	0.035
891.10	0.036
891.26	0.036
891.43	0.035
891.60	0.034
891.77	0.034
891.94	0.035
892.11	0.036
892.28	0.036
892.45	0.037
892.62	0.035
892.79	0.037
892.96	0.037
893.13	0.038
893.29	0.038
893.46	0.038
893.63	0.038
893.80	0.039
893.97	0.039
894.14	0.040
894.31	0.039
894.48	0.047
894.65	0.040
894.81	0.035
894.98	0.038
