177.34	0.193
177.56	0.193
177.78	0.193
178.00	-0.000
178.22	0.396
178.44	-0.000
178.66	-0.000
178.89	-0.470
179.11	-0.044
179.33	-0.284
179.55	-0.679
179.77	-0.000
179.99	-0.486
180.21	0.278
180.43	0.527
180.65	0.599
180.87	1.188
181.09	0.752
181.31	0.650
181.53	0.781
181.75	0.645
181.97	0.709
182.19	0.544
182.41	0.509
182.63	0.494
182.85	0.486
183.07	0.459
183.30	0.478
183.52	0.448
183.74	0.425
183.96	0.417
184.18	0.470
184.40	0.483
184.62	0.520
184.84	0.529
185.06	0.555
185.28	0.524
185.50	0.543
185.72	0.579
185.94	0.625
186.16	0.626
186.38	0.673
186.60	0.702
186.82	0.703
187.04	0.726
187.26	0.742
187.48	0.852
187.70	0.918
187.92	0.893
188.14	0.902
188.36	0.931
188.58	0.922
188.80	1.011
189.02	1.032
189.24	1.067
189.46	1.008
189.68	0.973
189.90	0.978
190.12	1.021
190.34	1.080
190.56	1.122
190.78	1.098
191.00	1.119
191.22	1.092
191.44	1.123
191.66	1.202
191.88	1.290
192.10	1.285
192.32	1.274
192.54	1.274
192.76	1.316
192.98	1.472
193.20	1.662
193.42	1.681
193.64	1.661
193.86	1.674
194.08	1.660
194.30	1.654
194.52	1.751
194.74	1.820
194.96	1.623
195.18	1.599
195.40	1.551
195.62	1.561
195.84	1.559
196.06	1.539
196.28	1.567
196.50	1.535
196.72	1.498
196.94	1.563
197.16	1.517
197.38	1.654
197.60	1.583
197.82	1.594
198.04	1.703
198.26	1.747
198.48	1.748
198.70	1.757
198.92	1.680
199.13	1.773
199.35	1.734
199.57	1.780
199.79	1.670
200.01	1.640
200.23	1.596
200.45	1.614
200.67	1.606
200.89	1.600
201.11	1.614
201.33	1.616
201.55	1.647
201.77	1.762
201.99	1.748
202.21	1.827
202.43	1.879
202.65	1.913
202.87	1.954
203.09	2.053
203.31	1.953
203.52	1.977
203.74	1.903
203.96	1.925
204.18	1.911
204.40	1.863
204.62	1.860
204.84	1.914
205.06	1.867
205.28	1.940
205.50	1.932
205.72	1.966
205.94	1.999
206.16	1.984
206.38	1.998
206.59	2.060
206.81	1.990
207.03	2.002
207.25	2.045
207.47	2.064
207.69	2.063
207.91	2.117
208.13	2.044
208.35	2.026
208.57	2.001
208.79	2.026
209.01	2.048
209.22	2.036
209.44	1.999
209.66	1.994
209.88	2.005
210.10	2.077
210.32	2.159
210.54	2.136
210.76	2.144
210.98	2.095
211.20	2.120
211.42	2.172
211.63	2.202
211.85	2.176
212.07	2.220
212.29	2.147
212.51	2.192
212.73	2.198
212.95	2.252
213.17	2.188
213.39	2.174
213.60	2.160
213.82	2.163
214.04	2.152
214.26	2.218
214.48	2.210
214.70	2.167
214.92	2.143
215.14	2.234
215.35	2.277
215.57	2.280
215.79	2.271
216.01	2.291
216.23	2.259
216.45	2.258
216.67	2.277
216.89	2.338
217.10	2.216
217.32	2.203
217.54	2.236
217.76	2.254
217.98	2.241
218.20	2.248
218.42	2.255
218.64	2.256
218.85	2.229
219.07	2.280
219.29	2.303
219.51	2.286
219.73	2.297
219.95	2.256
220.17	2.239
220.38	2.274
220.60	2.359
220.82	2.361
221.04	2.315
221.26	2.333
221.48	2.349
221.69	2.340
221.91	2.431
222.13	2.479
222.35	2.466
222.57	2.397
222.79	2.419
223.00	2.460
223.22	2.437
223.44	2.451
223.66	2.432
223.88	2.407
224.10	2.439
224.32	2.428
224.53	2.417
224.75	2.451
224.97	2.442
225.19	2.474
225.41	2.476
225.62	2.528
225.84	2.533
226.06	2.515
226.28	2.520
226.50	2.570
226.72	2.519
226.93	2.528
227.15	2.464
227.37	2.466
227.59	2.436
227.81	2.455
228.02	2.422
228.24	2.433
228.46	2.408
228.68	2.426
228.90	2.461
229.12	2.504
229.33	2.510
229.55	2.503
229.77	2.461
229.99	2.484
230.21	2.465
230.42	2.507
230.64	2.474
230.86	2.458
231.08	2.441
231.30	2.389
231.51	2.414
231.73	2.412
231.95	2.388
232.17	2.390
232.38	2.362
232.60	2.365
232.82	2.390
233.04	2.386
233.26	2.383
233.47	2.361
233.69	2.342
233.91	2.346
234.13	2.323
234.35	2.304
234.56	2.261
234.78	2.209
235.00	2.188
235.22	2.200
235.43	2.179
235.65	2.163
235.87	2.133
236.09	2.119
236.30	2.107
236.52	2.108
236.74	2.083
236.96	2.063
237.18	2.031
237.39	2.016
237.61	1.999
237.83	1.997
238.05	1.979
238.26	1.960
238.48	1.941
238.70	1.936
238.92	1.923
239.13	1.909
239.35	1.893
239.57	1.883
239.79	1.869
240.00	1.856
240.22	1.846
240.44	1.834
240.66	1.819
240.87	1.804
241.09	1.797
241.31	1.786
241.53	1.767
241.74	1.753
241.96	1.741
242.18	1.726
242.40	1.708
242.61	1.696
242.83	1.684
243.05	1.671
243.27	1.659
243.48	1.649
243.70	1.635
243.92	1.623
244.13	1.614
244.35	1.606
244.57	1.596
244.79	1.586
245.00	1.572
245.22	1.555
245.44	1.546
245.65	1.538
245.87	1.526
246.09	1.519
246.31	1.513
246.52	1.503
246.74	1.492
246.96	1.485
247.18	1.479
247.39	1.470
247.61	1.462
247.83	1.458
248.04	1.448
248.26	1.441
248.48	1.435
248.69	1.433
248.91	1.427
249.13	1.422
249.35	1.415
249.56	1.407
249.78	1.398
250.00	1.392
250.21	1.384
250.43	1.377
250.65	1.368
250.86	1.365
251.08	1.357
251.30	1.355
251.51	1.350
251.73	1.346
251.95	1.340
252.17	1.335
252.38	1.328
252.60	1.322
252.82	1.316
253.03	1.315
253.25	1.309
253.47	1.305
253.68	1.300
253.90	1.297
254.12	1.292
254.33	1.290
254.55	1.285
254.77	1.281
254.98	1.275
255.20	1.270
255.42	1.268
255.63	1.264
255.85	1.260
256.07	1.256
256.28	1.253
256.50	1.251
256.72	1.249
256.93	1.246
257.15	1.244
257.37	1.239
257.58	1.237
257.80	1.234
258.02	1.231
258.23	1.227
258.45	1.223
258.67	1.219
258.88	1.216
259.10	1.215
259.32	1.212
259.53	1.208
259.75	1.204
259.96	1.201
260.18	1.199
260.40	1.196
260.61	1.194
260.83	1.191
261.05	1.185
261.26	1.183
261.48	1.182
261.70	1.181
261.91	1.178
262.13	1.176
262.34	1.173
262.56	1.170
262.78	1.168
262.99	1.168
263.21	1.164
263.43	1.160
263.64	1.158
263.86	1.155
264.07	1.153
264.29	1.150
264.51	1.145
264.72	1.141
264.94	1.137
265.16	1.135
265.37	1.132
265.59	1.128
265.80	1.125
266.02	1.122
266.24	1.119
266.45	1.118
266.67	1.116
266.88	1.114
267.10	1.112
267.32	1.108
267.53	1.107
267.75	1.104
267.96	1.102
268.18	1.099
268.40	1.096
268.61	1.092
268.83	1.089
269.04	1.087
269.26	1.084
269.48	1.081
269.69	1.076
269.91	1.073
270.12	1.071
270.34	1.067
270.56	1.065
270.77	1.060
270.99	1.056
271.20	1.053
271.42	1.050
271.64	1.048
271.85	1.045
272.07	1.042
272.28	1.039
272.50	1.035
272.71	1.033
272.93	1.030
273.15	1.027
273.36	1.022
273.58	1.017
273.79	1.012
274.01	1.009
274.22	1.005
274.44	1.000
274.66	0.996
274.87	0.990
275.09	0.987
275.30	0.984
275.52	0.981
275.73	0.978
275.95	0.973
276.16	0.969
276.38	0.965
276.60	0.960
276.81	0.957
277.03	0.953
277.24	0.948
277.46	0.943
277.67	0.939
277.89	0.934
278.10	0.930
278.32	0.926
278.53	0.922
278.75	0.918
278.97	0.914
279.18	0.911
279.40	0.906
279.61	0.902
279.83	0.898
280.04	0.893
280.26	0.888
280.47	0.883
280.69	0.879
280.90	0.874
281.12	0.870
281.33	0.865
281.55	0.862
281.76	0.857
281.98	0.854
282.20	0.849
282.41	0.845
282.63	0.840
282.84	0.835
283.06	0.830
283.27	0.826
283.49	0.820
283.70	0.816
283.92	0.811
284.13	0.808
284.35	0.803
284.56	0.799
284.78	0.794
284.99	0.790
285.21	0.786
285.42	0.782
285.64	0.777
285.85	0.772
286.07	0.768
286.28	0.763
286.50	0.758
286.71	0.754
286.93	0.749
287.14	0.745
287.36	0.741
287.57	0.738
287.79	0.733
288.00	0.729
288.22	0.725
288.43	0.722
288.65	0.717
288.86	0.713
289.08	0.708
289.29	0.704
289.51	0.700
289.72	0.696
289.94	0.691
290.15	0.687
290.37	0.683
290.58	0.679
290.80	0.675
291.01	0.671
291.22	0.667
291.44	0.663
291.65	0.660
291.87	0.657
292.08	0.653
292.30	0.649
292.51	0.646
292.73	0.643
292.94	0.639
293.16	0.636
293.37	0.631
293.59	0.628
293.80	0.624
294.02	0.621
294.23	0.617
294.44	0.613
294.66	0.610
294.87	0.606
295.09	0.603
295.30	0.600
295.52	0.597
295.73	0.594
295.95	0.590
296.16	0.588
296.37	0.584
296.59	0.581
296.80	0.578
297.02	0.575
297.23	0.571
297.45	0.569
297.66	0.566
297.88	0.563
298.09	0.559
298.30	0.557
298.52	0.553
298.73	0.550
298.95	0.547
299.16	0.544
299.38	0.541
299.59	0.539
299.80	0.536
300.02	0.533
300.23	0.530
300.45	0.528
300.66	0.525
300.88	0.523
301.09	0.520
301.30	0.517
301.52	0.513
301.73	0.511
301.95	0.509
302.16	0.506
302.37	0.504
302.59	0.501
302.80	0.498
303.02	0.496
303.23	0.495
303.45	0.492
303.66	0.489
303.87	0.486
304.09	0.483
304.30	0.480
304.52	0.478
304.73	0.476
304.94	0.473
305.16	0.471
305.37	0.469
305.59	0.468
305.80	0.466
306.01	0.464
306.23	0.463
306.44	0.461
306.65	0.458
306.87	0.456
307.08	0.453
307.30	0.451
307.51	0.448
307.72	0.446
307.94	0.444
308.15	0.443
308.37	0.441
308.58	0.438
308.79	0.435
309.01	0.432
309.22	0.430
309.43	0.428
309.65	0.427
309.86	0.424
310.07	0.422
310.29	0.420
310.50	0.419
310.72	0.418
310.93	0.416
311.14	0.414
311.36	0.411
311.57	0.408
311.78	0.406
312.00	0.404
312.21	0.402
312.42	0.400
312.64	0.398
312.85	0.397
313.07	0.396
313.28	0.394
313.49	0.393
313.71	0.391
313.92	0.389
314.13	0.387
314.35	0.385
314.56	0.383
314.77	0.382
314.99	0.380
315.20	0.379
315.41	0.378
315.63	0.376
315.84	0.375
316.05	0.374
316.27	0.372
316.48	0.371
316.69	0.369
316.91	0.367
317.12	0.365
317.33	0.364
317.55	0.363
317.76	0.361
317.97	0.360
318.19	0.358
318.40	0.356
318.61	0.355
318.83	0.354
319.04	0.352
319.25	0.350
319.47	0.349
319.68	0.348
319.89	0.346
320.10	0.346
320.32	0.345
320.53	0.343
320.74	0.342
320.96	0.341
321.17	0.340
321.38	0.338
321.60	0.337
321.81	0.336
322.02	0.334
322.24	0.332
322.45	0.331
322.66	0.330
322.87	0.329
323.09	0.329
323.30	0.328
323.51	0.327
323.73	0.326
323.94	0.325
324.15	0.324
324.36	0.323
324.58	0.322
324.79	0.321
325.00	0.320
325.22	0.319
325.43	0.318
325.64	0.316
325.85	0.315
326.07	0.315
326.28	0.314
326.49	0.313
326.71	0.312
326.92	0.311
327.13	0.310
327.34	0.309
327.56	0.308
327.77	0.307
327.98	0.306
328.19	0.305
328.41	0.303
328.62	0.302
328.83	0.301
329.04	0.300
329.26	0.299
329.47	0.299
329.68	0.299
329.90	0.298
330.11	0.297
330.32	0.297
330.53	0.297
330.75	0.296
330.96	0.295
331.17	0.295
331.38	0.294
331.60	0.292
331.81	0.292
332.02	0.291
332.23	0.290
332.44	0.288
332.66	0.288
332.87	0.287
333.08	0.286
333.29	0.285
333.51	0.285
333.72	0.284
333.93	0.283
334.14	0.283
334.36	0.283
334.57	0.282
334.78	0.282
334.99	0.281
335.21	0.280
335.42	0.280
335.63	0.279
335.84	0.278
336.05	0.278
336.27	0.277
336.48	0.276
336.69	0.276
336.90	0.275
337.11	0.275
337.33	0.274
337.54	0.273
337.75	0.272
337.96	0.272
338.18	0.271
338.39	0.270
338.60	0.270
338.81	0.269
339.02	0.268
339.24	0.268
339.45	0.267
339.66	0.267
339.87	0.267
340.08	0.265
340.30	0.266
340.51	0.265
340.72	0.264
340.93	0.265
341.14	0.264
341.36	0.264
341.57	0.263
341.78	0.262
341.99	0.263
342.20	0.262
342.41	0.262
342.63	0.261
342.84	0.261
343.05	0.260
343.26	0.260
343.47	0.258
343.69	0.258
343.90	0.257
344.11	0.257
344.32	0.256
344.53	0.255
344.74	0.254
344.96	0.254
345.17	0.253
345.38	0.253
345.59	0.252
345.80	0.252
346.01	0.251
346.23	0.250
346.44	0.250
346.65	0.250
346.86	0.249
347.07	0.248
347.28	0.248
347.50	0.247
347.71	0.247
347.92	0.246
348.13	0.246
348.34	0.246
348.55	0.245
348.76	0.245
348.98	0.246
349.19	0.246
349.40	0.246
349.61	0.246
349.82	0.245
350.03	0.246
350.24	0.245
350.46	0.245
350.67	0.244
350.88	0.243
351.09	0.243
351.30	0.242
351.51	0.241
351.72	0.241
351.93	0.240
352.15	0.240
352.36	0.239
352.57	0.238
352.78	0.238
352.99	0.237
353.20	0.238
353.41	0.238
353.62	0.238
353.84	0.238
354.05	0.237
354.26	0.237
354.47	0.237
354.68	0.237
354.89	0.236
355.10	0.236
355.31	0.234
355.52	0.234
355.74	0.233
355.95	0.233
356.16	0.233
356.37	0.232
356.58	0.232
356.79	0.232
357.00	0.232
357.21	0.232
357.42	0.231
357.63	0.231
357.85	0.231
358.06	0.231
358.27	0.230
358.48	0.230
358.69	0.229
358.90	0.228
359.11	0.228
359.32	0.227
359.53	0.227
359.74	0.227
359.95	0.226
360.17	0.226
360.38	0.225
360.59	0.225
360.80	0.225
361.01	0.225
361.22	0.225
361.43	0.224
361.64	0.224
361.85	0.224
362.06	0.223
362.27	0.223
362.48	0.223
362.69	0.223
362.90	0.222
363.12	0.222
363.33	0.222
363.54	0.221
363.75	0.220
363.96	0.221
364.17	0.221
364.38	0.221
364.59	0.221
364.80	0.220
365.01	0.219
365.22	0.219
365.43	0.218
365.64	0.219
365.85	0.218
366.06	0.217
366.27	0.216
366.48	0.215
366.69	0.215
366.90	0.215
367.11	0.215
367.32	0.215
367.54	0.215
367.75	0.214
367.96	0.215
368.17	0.215
368.38	0.214
368.59	0.214
368.80	0.214
369.01	0.213
369.22	0.213
369.43	0.212
369.64	0.212
369.85	0.212
370.06	0.212
370.27	0.211
370.48	0.212
370.69	0.211
370.90	0.210
371.11	0.210
371.32	0.210
371.53	0.210
371.74	0.209
371.95	0.209
372.16	0.209
372.37	0.208
372.58	0.208
372.79	0.209
373.00	0.208
373.21	0.208
373.42	0.208
373.63	0.208
373.84	0.208
374.05	0.208
374.26	0.208
374.47	0.208
374.68	0.207
374.89	0.207
375.10	0.207
375.31	0.206
375.52	0.206
375.73	0.205
375.94	0.205
376.15	0.204
376.36	0.204
376.57	0.204
376.78	0.204
376.99	0.204
377.20	0.204
377.41	0.204
377.62	0.204
377.83	0.204
378.04	0.204
378.25	0.204
378.46	0.203
378.67	0.203
378.88	0.203
379.09	0.202
379.30	0.202
379.51	0.202
379.72	0.202
379.92	0.202
380.13	0.202
380.34	0.201
380.55	0.201
380.76	0.201
380.97	0.201
381.18	0.201
381.39	0.201
381.60	0.201
381.81	0.201
382.02	0.201
382.23	0.201
382.44	0.200
382.65	0.200
382.86	0.200
383.07	0.200
383.28	0.200
383.49	0.200
383.70	0.200
383.91	0.199
384.11	0.199
384.32	0.198
384.53	0.198
384.74	0.198
384.95	0.197
385.16	0.197
385.37	0.196
385.58	0.196
385.79	0.197
386.00	0.197
386.21	0.197
386.42	0.196
386.63	0.196
386.84	0.196
387.04	0.196
387.25	0.196
387.46	0.195
387.67	0.195
387.88	0.195
388.09	0.195
388.30	0.195
388.51	0.195
388.72	0.195
388.93	0.195
389.14	0.195
389.34	0.195
389.55	0.195
389.76	0.194
389.97	0.194
390.18	0.194
390.39	0.193
390.60	0.193
390.81	0.193
391.02	0.193
391.23	0.194
391.43	0.194
391.64	0.194
391.85	0.193
392.06	0.193
392.27	0.193
392.48	0.193
392.69	0.193
392.90	0.193
393.11	0.192
393.31	0.191
393.52	0.191
393.73	0.192
393.94	0.191
394.15	0.191
394.36	0.191
394.57	0.191
394.78	0.190
394.98	0.191
395.19	0.191
395.40	0.191
395.61	0.191
395.82	0.191
396.03	0.190
396.24	0.191
396.44	0.191
396.65	0.192
396.86	0.192
397.07	0.192
397.28	0.191
397.49	0.191
397.70	0.191
397.90	0.191
398.11	0.191
398.32	0.189
398.53	0.189
398.74	0.188
398.95	0.188
399.16	0.189
399.36	0.188
399.57	0.188
399.78	0.189
399.99	0.189
400.20	0.189
400.41	0.188
400.61	0.189
400.82	0.188
401.03	0.188
401.24	0.188
401.45	0.189
401.66	0.189
401.86	0.188
402.07	0.188
402.28	0.188
402.49	0.188
402.70	0.188
402.91	0.188
403.11	0.187
403.32	0.186
403.53	0.186
403.74	0.186
403.95	0.186
404.15	0.186
404.36	0.186
404.57	0.185
404.78	0.186
404.99	0.186
405.20	0.186
405.40	0.187
405.61	0.187
405.82	0.187
406.03	0.188
406.24	0.187
406.44	0.188
406.65	0.187
406.86	0.187
407.07	0.187
407.28	0.187
407.48	0.187
407.69	0.186
407.90	0.185
408.11	0.185
408.32	0.185
408.52	0.185
408.73	0.185
408.94	0.184
409.15	0.185
409.35	0.184
409.56	0.185
409.77	0.186
409.98	0.186
410.19	0.186
410.39	0.186
410.60	0.186
410.81	0.186
411.02	0.186
411.22	0.187
411.43	0.186
411.64	0.186
411.85	0.185
412.05	0.185
412.26	0.184
412.47	0.185
412.68	0.184
412.89	0.185
413.09	0.184
413.30	0.184
413.51	0.184
413.72	0.184
413.92	0.184
414.13	0.184
414.34	0.184
414.55	0.184
414.75	0.184
414.96	0.185
415.17	0.186
415.38	0.185
415.58	0.185
415.79	0.185
416.00	0.186
416.21	0.186
416.41	0.186
416.62	0.185
416.83	0.185
417.03	0.185
417.24	0.185
417.45	0.185
417.66	0.186
417.86	0.185
418.07	0.185
418.28	0.184
418.49	0.185
418.69	0.185
418.90	0.184
419.11	0.184
419.31	0.185
419.52	0.185
419.73	0.184
419.94	0.184
420.14	0.185
420.35	0.185
420.56	0.185
420.76	0.185
420.97	0.185
421.18	0.184
421.39	0.184
421.59	0.183
421.80	0.183
422.01	0.182
422.21	0.182
422.42	0.182
422.63	0.181
422.84	0.181
423.04	0.181
423.25	0.182
423.46	0.182
423.66	0.183
423.87	0.183
424.08	0.182
424.28	0.182
424.49	0.182
424.70	0.182
424.90	0.182
425.11	0.181
425.32	0.181
425.52	0.181
425.73	0.181
425.94	0.182
426.15	0.182
426.35	0.182
426.56	0.182
426.77	0.182
426.97	0.183
427.18	0.183
427.39	0.183
427.59	0.182
427.80	0.183
428.01	0.183
428.21	0.182
428.42	0.182
428.63	0.182
428.83	0.182
429.04	0.182
429.25	0.182
429.45	0.182
429.66	0.181
429.87	0.181
430.07	0.180
430.28	0.180
430.48	0.180
430.69	0.180
430.90	0.179
431.10	0.180
431.31	0.179
431.52	0.179
431.72	0.180
431.93	0.180
432.14	0.179
432.34	0.180
432.55	0.181
432.76	0.181
432.96	0.181
433.17	0.181
433.37	0.181
433.58	0.182
433.79	0.182
433.99	0.182
434.20	0.181
434.41	0.180
434.61	0.180
434.82	0.180
435.02	0.181
435.23	0.180
435.44	0.179
435.64	0.179
435.85	0.179
436.06	0.180
436.26	0.180
436.47	0.180
436.67	0.180
436.88	0.180
437.09	0.181
437.29	0.181
437.50	0.182
437.70	0.181
437.91	0.182
438.12	0.182
438.32	0.182
438.53	0.181
438.73	0.181
438.94	0.181
439.15	0.180
439.35	0.180
439.56	0.181
439.76	0.180
439.97	0.181
440.18	0.181
440.38	0.181
440.59	0.182
440.79	0.182
441.00	0.183
441.20	0.183
441.41	0.183
441.62	0.183
441.82	0.184
442.03	0.184
442.23	0.184
442.44	0.183
442.65	0.183
442.85	0.183
443.06	0.182
443.26	0.183
443.47	0.182
443.67	0.182
443.88	0.182
444.09	0.182
444.29	0.182
444.50	0.182
444.70	0.182
444.91	0.181
445.11	0.181
445.32	0.181
445.52	0.181
445.73	0.180
445.94	0.180
446.14	0.179
446.35	0.180
446.55	0.179
446.76	0.179
446.96	0.179
447.17	0.178
447.37	0.179
447.58	0.179
447.78	0.179
447.99	0.179
448.20	0.178
448.40	0.178
448.61	0.178
448.81	0.179
449.02	0.179
449.22	0.180
449.43	0.180
449.63	0.180
449.84	0.179
450.04	0.180
450.25	0.180
450.45	0.180
450.66	0.179
450.86	0.180
451.07	0.179
451.27	0.179
451.48	0.180
451.68	0.180
451.89	0.180
452.09	0.180
452.30	0.180
452.50	0.180
452.71	0.180
452.91	0.180
453.12	0.180
453.33	0.179
453.53	0.180
453.74	0.180
453.94	0.181
454.15	0.180
454.35	0.179
454.56	0.180
454.76	0.179
454.96	0.179
455.17	0.179
455.37	0.179
455.58	0.179
455.78	0.179
455.99	0.179
456.19	0.178
456.40	0.179
456.60	0.179
456.81	0.179
457.01	0.180
457.22	0.180
457.42	0.179
457.63	0.179
457.83	0.180
458.04	0.180
458.24	0.179
458.45	0.178
458.65	0.179
458.86	0.179
459.06	0.179
459.27	0.181
459.47	0.181
459.67	0.180
459.88	0.180
460.08	0.181
460.29	0.181
460.49	0.181
460.70	0.180
460.90	0.180
461.11	0.179
461.31	0.179
461.52	0.180
461.72	0.181
461.92	0.181
462.13	0.181
462.33	0.181
462.54	0.180
462.74	0.181
462.95	0.181
463.15	0.181
463.36	0.181
463.56	0.181
463.76	0.182
463.97	0.182
464.17	0.182
464.38	0.182
464.58	0.182
464.79	0.181
464.99	0.180
465.19	0.180
465.40	0.178
465.60	0.177
465.81	0.176
466.01	0.177
466.22	0.176
466.42	0.177
466.62	0.178
466.83	0.179
467.03	0.179
467.24	0.180
467.44	0.180
467.65	0.181
467.85	0.180
468.05	0.181
468.26	0.180
468.46	0.180
468.67	0.180
468.87	0.180
469.07	0.181
469.28	0.181
469.48	0.181
469.69	0.182
469.89	0.181
470.09	0.181
470.30	0.181
470.50	0.180
470.71	0.180
470.91	0.179
471.11	0.179
471.32	0.179
471.52	0.179
471.72	0.180
471.93	0.180
472.13	0.180
472.34	0.180
472.54	0.180
472.74	0.180
472.95	0.181
473.15	0.181
473.35	0.181
473.56	0.181
473.76	0.181
473.97	0.181
474.17	0.182
474.37	0.183
474.58	0.183
474.78	0.182
474.98	0.181
475.19	0.181
475.39	0.181
475.60	0.181
475.80	0.181
476.00	0.180
476.21	0.179
476.41	0.180
476.61	0.180
476.82	0.180
477.02	0.180
477.22	0.180
477.43	0.180
477.63	0.180
477.83	0.181
478.04	0.180
478.24	0.180
478.44	0.180
478.65	0.180
478.85	0.181
479.05	0.181
479.26	0.181
479.46	0.181
479.66	0.182
479.87	0.182
480.07	0.182
480.27	0.182
480.48	0.182
480.68	0.182
480.88	0.182
481.09	0.181
481.29	0.181
481.49	0.181
481.70	0.181
481.90	0.181
482.10	0.181
482.31	0.182
482.51	0.182
482.71	0.181
482.92	0.182
483.12	0.181
483.32	0.180
483.52	0.180
483.73	0.180
483.93	0.180
484.13	0.180
484.34	0.180
484.54	0.180
484.74	0.180
484.95	0.179
485.15	0.180
485.35	0.180
485.55	0.180
485.76	0.180
485.96	0.179
486.16	0.179
486.37	0.178
486.57	0.177
486.77	0.178
486.97	0.178
487.18	0.178
487.38	0.177
487.58	0.177
487.79	0.178
487.99	0.178
488.19	0.179
488.39	0.180
488.60	0.180
488.80	0.179
489.00	0.180
489.20	0.180
489.41	0.180
489.61	0.179
489.81	0.179
490.02	0.180
490.22	0.179
490.42	0.180
490.62	0.180
490.83	0.180
491.03	0.180
491.23	0.181
491.43	0.181
491.64	0.181
491.84	0.180
492.04	0.181
492.24	0.180
492.45	0.181
492.65	0.181
492.85	0.181
493.05	0.181
493.26	0.181
493.46	0.180
493.66	0.180
493.86	0.180
494.07	0.180
494.27	0.180
494.47	0.180
494.67	0.180
494.87	0.181
495.08	0.181
495.28	0.180
495.48	0.180
495.68	0.180
495.89	0.180
496.09	0.180
496.29	0.180
496.49	0.179
496.69	0.179
496.90	0.179
497.10	0.180
497.30	0.181
497.50	0.181
497.71	0.181
497.91	0.181
498.11	0.181
498.31	0.181
498.51	0.181
498.72	0.181
498.92	0.182
499.12	0.181
499.32	0.181
499.52	0.181
499.73	0.181
499.93	0.182
500.13	0.182
500.33	0.182
500.53	0.181
500.74	0.180
500.94	0.181
501.14	0.180
501.34	0.181
501.54	0.180
501.74	0.180
501.95	0.180
502.15	0.180
502.35	0.180
502.55	0.181
502.75	0.181
502.96	0.181
503.16	0.182
503.36	0.182
503.56	0.182
503.76	0.182
503.96	0.181
504.17	0.182
504.37	0.182
504.57	0.182
504.77	0.181
504.97	0.180
505.17	0.180
505.38	0.180
505.58	0.180
505.78	0.180
505.98	0.180
506.18	0.180
506.38	0.181
506.58	0.181
506.79	0.181
506.99	0.182
507.19	0.181
507.39	0.182
507.59	0.182
507.79	0.182
507.99	0.182
508.20	0.182
508.40	0.183
508.60	0.183
508.80	0.183
509.00	0.184
509.20	0.183
509.40	0.183
509.61	0.184
509.81	0.184
510.01	0.184
510.21	0.184
510.41	0.183
510.61	0.183
510.81	0.183
511.01	0.183
511.22	0.183
511.42	0.183
511.62	0.182
511.82	0.183
512.02	0.182
512.22	0.182
512.42	0.182
512.62	0.182
512.82	0.182
513.03	0.182
513.23	0.182
513.43	0.182
513.63	0.182
513.83	0.183
514.03	0.183
514.23	0.183
514.43	0.183
514.63	0.184
514.83	0.185
515.04	0.185
515.24	0.185
515.44	0.185
515.64	0.185
515.84	0.185
516.04	0.185
516.24	0.185
516.44	0.185
516.64	0.185
516.84	0.184
517.04	0.184
517.24	0.184
517.45	0.184
517.65	0.184
517.85	0.184
518.05	0.183
518.25	0.183
518.45	0.183
518.65	0.184
518.85	0.184
519.05	0.183
519.25	0.183
519.45	0.184
519.65	0.185
519.85	0.185
520.05	0.185
520.25	0.185
520.46	0.185
520.66	0.185
520.86	0.185
521.06	0.186
521.26	0.185
521.46	0.185
521.66	0.185
521.86	0.185
522.06	0.185
522.26	0.185
522.46	0.185
522.66	0.186
522.86	0.185
523.06	0.185
523.26	0.185
523.46	0.184
523.66	0.184
523.86	0.184
524.06	0.184
524.26	0.184
524.46	0.184
524.66	0.185
524.86	0.185
525.06	0.186
525.26	0.186
525.46	0.186
525.66	0.186
525.87	0.186
526.07	0.186
526.27	0.186
526.47	0.186
526.67	0.186
526.87	0.186
527.07	0.186
527.27	0.186
527.47	0.186
527.67	0.186
527.87	0.186
528.07	0.186
528.27	0.186
528.47	0.186
528.67	0.185
528.87	0.185
529.07	0.185
529.27	0.185
529.47	0.185
529.67	0.185
529.87	0.185
530.07	0.185
530.27	0.185
530.47	0.185
530.67	0.185
530.87	0.186
531.06	0.187
531.26	0.187
531.46	0.187
531.66	0.187
531.86	0.187
532.06	0.187
532.26	0.187
532.46	0.187
532.66	0.187
532.86	0.186
533.06	0.187
533.26	0.187
533.46	0.186
533.66	0.186
533.86	0.186
534.06	0.186
534.26	0.186
534.46	0.186
534.66	0.185
534.86	0.185
535.06	0.185
535.26	0.185
535.46	0.186
535.66	0.186
535.86	0.186
536.06	0.186
536.26	0.186
536.45	0.186
536.65	0.187
536.85	0.186
537.05	0.186
537.25	0.186
537.45	0.185
537.65	0.185
537.85	0.185
538.05	0.185
538.25	0.185
538.45	0.184
538.65	0.184
538.85	0.184
539.05	0.184
539.25	0.184
539.44	0.183
539.64	0.183
539.84	0.182
540.04	0.182
540.24	0.183
540.44	0.183
540.64	0.183
540.84	0.183
541.04	0.183
541.24	0.183
541.44	0.183
541.64	0.183
541.83	0.183
542.03	0.183
542.23	0.183
542.43	0.184
542.63	0.183
542.83	0.183
543.03	0.184
543.23	0.185
543.43	0.185
543.63	0.184
543.82	0.184
544.02	0.184
544.22	0.183
544.42	0.183
544.62	0.184
544.82	0.183
545.02	0.182
545.22	0.182
545.42	0.183
545.61	0.183
545.81	0.183
546.01	0.183
546.21	0.184
546.41	0.183
546.61	0.184
546.81	0.185
547.01	0.185
547.20	0.185
547.40	0.185
547.60	0.185
547.80	0.184
548.00	0.185
548.20	0.185
548.40	0.185
548.59	0.186
548.79	0.186
548.99	0.186
549.19	0.186
549.39	0.187
549.59	0.188
549.79	0.188
549.98	0.188
550.18	0.189
550.38	0.189
550.58	0.190
550.78	0.190
550.98	0.190
551.17	0.190
551.37	0.189
551.57	0.189
551.77	0.188
551.97	0.187
552.17	0.187
552.36	0.187
552.56	0.187
552.76	0.186
552.96	0.187
553.16	0.187
553.36	0.188
553.55	0.188
553.75	0.188
553.95	0.188
554.15	0.187
554.35	0.187
554.55	0.187
554.74	0.187
554.94	0.187
555.14	0.188
555.34	0.188
555.54	0.189
555.73	0.188
555.93	0.189
556.13	0.189
556.33	0.189
556.53	0.189
556.72	0.189
556.92	0.189
557.12	0.188
557.32	0.187
557.52	0.188
557.71	0.188
557.91	0.188
558.11	0.189
558.31	0.189
558.51	0.189
558.70	0.189
558.90	0.190
559.10	0.190
559.30	0.190
559.49	0.190
559.69	0.189
559.89	0.189
560.09	0.189
560.29	0.188
560.48	0.188
560.68	0.187
560.88	0.187
561.08	0.187
561.27	0.186
561.47	0.187
561.67	0.188
561.87	0.188
562.06	0.187
562.26	0.187
562.46	0.187
562.66	0.188
562.86	0.188
563.05	0.188
563.25	0.188
563.45	0.188
563.65	0.188
563.84	0.188
564.04	0.189
564.24	0.189
564.44	0.189
564.63	0.190
564.83	0.191
565.03	0.190
565.22	0.191
565.42	0.191
565.62	0.191
565.82	0.190
566.01	0.190
566.21	0.191
566.41	0.190
566.61	0.189
566.80	0.189
567.00	0.190
567.20	0.190
567.40	0.190
567.59	0.189
567.79	0.189
567.99	0.189
568.18	0.189
568.38	0.188
568.58	0.188
568.78	0.188
568.97	0.188
569.17	0.188
569.37	0.188
569.56	0.188
569.76	0.188
569.96	0.188
570.16	0.188
570.35	0.187
570.55	0.187
570.75	0.186
570.94	0.184
571.14	0.184
571.34	0.185
571.53	0.185
571.73	0.184
571.93	0.184
572.12	0.185
572.32	0.184
572.52	0.185
572.72	0.185
572.91	0.185
573.11	0.185
573.31	0.185
573.50	0.184
573.70	0.184
573.90	0.184
574.09	0.184
574.29	0.183
574.49	0.184
574.68	0.184
574.88	0.184
575.08	0.185
575.27	0.185
575.47	0.185
575.67	0.186
575.86	0.186
576.06	0.186
576.26	0.186
576.45	0.185
576.65	0.184
576.85	0.183
577.04	0.183
577.24	0.182
577.44	0.182
577.63	0.182
577.83	0.182
578.02	0.181
578.22	0.182
578.42	0.182
578.61	0.183
578.81	0.183
579.01	0.184
579.20	0.185
579.40	0.185
579.60	0.186
579.79	0.185
579.99	0.185
580.19	0.184
580.38	0.183
580.58	0.182
580.77	0.182
580.97	0.181
581.17	0.180
581.36	0.179
581.56	0.179
581.75	0.179
581.95	0.180
582.15	0.181
582.34	0.182
582.54	0.183
582.74	0.184
582.93	0.185
583.13	0.186
583.32	0.186
583.52	0.187
583.72	0.187
583.91	0.186
584.11	0.186
584.30	0.185
584.50	0.184
584.70	0.183
584.89	0.182
585.09	0.182
585.28	0.182
585.48	0.182
585.68	0.183
585.87	0.183
586.07	0.184
586.26	0.184
586.46	0.185
586.66	0.185
586.85	0.185
587.05	0.185
587.24	0.185
587.44	0.184
587.63	0.184
587.83	0.185
588.03	0.186
588.22	0.186
588.42	0.187
588.61	0.187
588.81	0.187
589.00	0.187
589.20	0.187
589.40	0.188
589.59	0.187
589.79	0.187
589.98	0.188
590.18	0.187
590.37	0.188
590.57	0.188
590.76	0.188
590.96	0.189
591.16	0.189
591.35	0.189
591.55	0.188
591.74	0.188
591.94	0.187
592.13	0.186
592.33	0.185
592.52	0.185
592.72	0.185
592.91	0.184
593.11	0.184
593.30	0.185
593.50	0.185
593.70	0.186
593.89	0.186
594.09	0.187
594.28	0.187
594.48	0.187
594.67	0.188
594.87	0.188
595.06	0.188
595.26	0.189
595.45	0.189
595.65	0.189
595.84	0.190
596.04	0.190
596.23	0.190
596.43	0.190
596.62	0.189
596.82	0.189
597.01	0.189
597.21	0.189
597.40	0.189
597.60	0.188
597.79	0.188
597.99	0.187
598.18	0.186
598.38	0.186
598.57	0.185
598.77	0.185
598.96	0.184
599.16	0.184
599.35	0.183
599.55	0.183
599.74	0.184
599.94	0.184
600.13	0.184
600.33	0.184
600.52	0.184
600.72	0.186
600.91	0.186
601.11	0.187
601.30	0.188
601.50	0.189
601.69	0.189
601.89	0.191
602.08	0.191
602.27	0.191
602.47	0.190
602.66	0.190
602.86	0.189
603.05	0.189
603.25	0.189
603.44	0.189
603.64	0.188
603.83	0.189
604.03	0.189
604.22	0.189
604.41	0.189
604.61	0.189
604.80	0.189
605.00	0.188
605.19	0.188
605.39	0.188
605.58	0.187
605.78	0.186
605.97	0.187
606.16	0.187
606.36	0.186
606.55	0.186
606.75	0.186
606.94	0.187
607.14	0.187
607.33	0.187
607.52	0.187
607.72	0.187
607.91	0.188
608.11	0.188
608.30	0.189
608.50	0.189
608.69	0.190
608.88	0.189
609.08	0.189
609.27	0.190
609.47	0.190
609.66	0.189
609.85	0.189
610.05	0.188
610.24	0.188
610.44	0.187
610.63	0.187
610.83	0.187
611.02	0.187
611.21	0.187
611.41	0.187
611.60	0.187
611.80	0.188
611.99	0.189
612.18	0.189
612.38	0.189
612.57	0.189
612.76	0.189
612.96	0.189
613.15	0.189
613.35	0.189
613.54	0.189
613.73	0.188
613.93	0.188
614.12	0.187
614.32	0.187
614.51	0.187
614.70	0.186
614.90	0.187
615.09	0.187
615.28	0.187
615.48	0.188
615.67	0.188
615.86	0.189
616.06	0.190
616.25	0.190
616.45	0.191
616.64	0.191
616.83	0.191
617.03	0.192
617.22	0.192
617.41	0.192
617.61	0.192
617.80	0.192
617.99	0.192
618.19	0.192
618.38	0.192
618.57	0.192
618.77	0.193
618.96	0.192
619.15	0.193
619.35	0.193
619.54	0.193
619.73	0.193
619.93	0.193
620.12	0.194
620.31	0.193
620.51	0.193
620.70	0.193
620.89	0.193
621.09	0.193
621.28	0.193
621.47	0.193
621.67	0.192
621.86	0.192
622.05	0.192
622.25	0.192
622.44	0.193
622.63	0.192
622.83	0.193
623.02	0.193
623.21	0.193
623.41	0.193
623.60	0.192
623.79	0.192
623.98	0.192
624.18	0.192
624.37	0.192
624.56	0.191
624.76	0.191
624.95	0.192
625.14	0.192
625.33	0.192
625.53	0.193
625.72	0.193
625.91	0.193
626.11	0.194
626.30	0.194
626.49	0.194
626.68	0.194
626.88	0.194
627.07	0.194
627.26	0.195
627.46	0.194
627.65	0.194
627.84	0.194
628.03	0.194
628.23	0.194
628.42	0.194
628.61	0.194
628.80	0.194
629.00	0.194
629.19	0.194
629.38	0.194
629.58	0.194
629.77	0.195
629.96	0.195
630.15	0.196
630.35	0.196
630.54	0.196
630.73	0.196
630.92	0.196
631.12	0.196
631.31	0.196
631.50	0.196
631.69	0.196
631.89	0.196
632.08	0.196
632.27	0.196
632.46	0.197
632.65	0.197
632.85	0.196
633.04	0.196
633.23	0.196
633.42	0.196
633.62	0.196
633.81	0.196
634.00	0.196
634.19	0.195
634.39	0.195
634.58	0.195
634.77	0.196
634.96	0.196
635.15	0.195
635.35	0.196
635.54	0.196
635.73	0.196
635.92	0.195
636.11	0.195
636.31	0.196
636.50	0.196
636.69	0.196
636.88	0.197
637.07	0.196
637.27	0.197
637.46	0.197
637.65	0.197
637.84	0.197
638.03	0.197
638.23	0.197
638.42	0.197
638.61	0.197
638.80	0.197
638.99	0.197
639.19	0.197
639.38	0.198
639.57	0.197
639.76	0.197
639.95	0.197
640.14	0.197
640.34	0.196
640.53	0.196
640.72	0.196
640.91	0.196
641.10	0.196
641.30	0.196
641.49	0.196
641.68	0.197
641.87	0.196
642.06	0.197
642.25	0.196
642.44	0.196
642.64	0.197
642.83	0.197
643.02	0.197
643.21	0.197
643.40	0.198
643.59	0.198
643.79	0.198
643.98	0.198
644.17	0.198
644.36	0.198
644.55	0.197
644.74	0.197
644.93	0.197
645.13	0.196
645.32	0.197
645.51	0.197
645.70	0.196
645.89	0.197
646.08	0.197
646.27	0.197
646.46	0.197
646.66	0.197
646.85	0.198
647.04	0.197
647.23	0.197
647.42	0.197
647.61	0.197
647.80	0.196
647.99	0.196
648.19	0.196
648.38	0.196
648.57	0.196
648.76	0.196
648.95	0.197
649.14	0.196
649.33	0.197
649.52	0.197
649.71	0.197
649.91	0.197
650.10	0.197
650.29	0.197
650.48	0.197
650.67	0.197
650.86	0.197
651.05	0.197
651.24	0.197
651.43	0.196
651.62	0.197
651.81	0.197
652.01	0.197
652.20	0.197
652.39	0.197
652.58	0.197
652.77	0.197
652.96	0.197
653.15	0.197
653.34	0.197
653.53	0.198
653.72	0.197
653.91	0.198
654.10	0.197
654.29	0.196
654.48	0.194
654.68	0.192
654.87	0.189
655.06	0.186
655.25	0.185
655.44	0.185
655.63	0.185
655.82	0.185
656.01	0.185
656.20	0.186
656.39	0.187
656.58	0.190
656.77	0.193
656.96	0.194
657.15	0.194
657.34	0.194
657.53	0.195
657.72	0.195
657.91	0.195
658.10	0.196
658.29	0.196
658.48	0.196
658.68	0.196
658.87	0.196
659.06	0.196
659.25	0.196
659.44	0.197
659.63	0.197
659.82	0.197
660.01	0.197
660.20	0.197
660.39	0.197
660.58	0.198
660.77	0.197
660.96	0.197
661.15	0.197
661.34	0.197
661.53	0.197
661.72	0.197
661.91	0.197
662.10	0.197
662.29	0.197
662.48	0.197
662.67	0.197
662.86	0.197
663.05	0.197
663.24	0.197
663.43	0.197
663.62	0.197
663.81	0.197
664.00	0.197
664.19	0.196
664.38	0.197
664.57	0.197
664.76	0.197
664.95	0.197
665.14	0.197
665.33	0.197
665.52	0.197
665.71	0.198
665.90	0.198
666.09	0.198
666.28	0.197
666.46	0.197
666.65	0.197
666.84	0.196
667.03	0.196
667.22	0.196
667.41	0.196
667.60	0.196
667.79	0.196
667.98	0.197
668.17	0.197
668.36	0.197
668.55	0.197
668.74	0.197
668.93	0.197
669.12	0.196
669.31	0.196
669.50	0.196
669.69	0.196
669.88	0.196
670.07	0.196
670.26	0.196
670.44	0.196
670.63	0.196
670.82	0.196
671.01	0.195
671.20	0.195
671.39	0.195
671.58	0.195
671.77	0.195
671.96	0.194
672.15	0.194
672.34	0.195
672.53	0.195
672.72	0.196
672.91	0.196
673.09	0.197
673.28	0.197
673.47	0.197
673.66	0.197
673.85	0.197
674.04	0.198
674.23	0.198
674.42	0.197
674.61	0.197
674.80	0.197
674.98	0.197
675.17	0.196
675.36	0.195
675.55	0.195
675.74	0.195
675.93	0.195
676.12	0.195
676.31	0.195
676.50	0.195
676.69	0.195
676.87	0.195
677.06	0.196
677.25	0.196
677.44	0.196
677.63	0.196
677.82	0.195
678.01	0.195
678.20	0.195
678.38	0.195
678.57	0.195
678.76	0.195
678.95	0.195
679.14	0.195
679.33	0.195
679.52	0.195
679.71	0.195
679.89	0.195
680.08	0.196
680.27	0.196
680.46	0.196
680.65	0.196
680.84	0.196
681.02	0.196
681.21	0.196
681.40	0.196
681.59	0.195
681.78	0.195
681.97	0.195
682.16	0.195
682.34	0.195
682.53	0.195
682.72	0.195
682.91	0.195
683.10	0.195
683.29	0.195
683.47	0.195
683.66	0.194
683.85	0.194
684.04	0.194
684.23	0.194
684.42	0.194
684.60	0.193
684.79	0.193
684.98	0.193
685.17	0.193
685.36	0.193
685.54	0.193
685.73	0.194
685.92	0.194
686.11	0.195
686.30	0.194
686.49	0.194
686.67	0.194
686.86	0.194
687.05	0.194
687.24	0.194
687.43	0.195
687.61	0.194
687.80	0.194
687.99	0.195
688.18	0.195
688.36	0.195
688.55	0.195
688.74	0.195
688.93	0.195
689.12	0.194
689.30	0.194
689.49	0.194
689.68	0.195
689.87	0.195
690.06	0.195
690.24	0.195
690.43	0.195
690.62	0.195
690.81	0.195
690.99	0.195
691.18	0.195
691.37	0.195
691.56	0.194
691.74	0.194
691.93	0.194
692.12	0.195
692.31	0.195
692.50	0.195
692.68	0.196
692.87	0.196
693.06	0.196
693.25	0.196
693.43	0.196
693.62	0.196
693.81	0.195
694.00	0.196
694.18	0.196
694.37	0.196
694.56	0.196
694.74	0.196
694.93	0.196
695.12	0.196
695.31	0.196
695.49	0.196
695.68	0.196
695.87	0.195
696.06	0.194
696.24	0.194
696.43	0.194
696.62	0.194
696.80	0.194
696.99	0.195
697.18	0.194
697.37	0.194
697.55	0.195
697.74	0.196
697.93	0.196
698.12	0.196
698.30	0.196
698.49	0.195
698.68	0.195
698.86	0.196
699.05	0.196
699.24	0.196
699.42	0.196
699.61	0.197
699.80	0.197
699.99	0.196
700.17	0.197
700.36	0.197
700.55	0.197
700.73	0.197
700.92	0.196
701.11	0.196
701.29	0.196
701.48	0.195
701.67	0.195
701.85	0.195
702.04	0.195
702.23	0.195
702.41	0.195
702.60	0.195
702.79	0.195
702.97	0.195
703.16	0.195
703.35	0.196
703.53	0.195
703.72	0.195
703.91	0.195
704.09	0.195
704.28	0.195
704.47	0.195
704.65	0.195
704.84	0.195
705.03	0.195
705.21	0.195
705.40	0.195
705.59	0.195
705.77	0.195
705.96	0.195
706.15	0.195
706.33	0.195
706.52	0.195
706.71	0.195
706.89	0.194
707.08	0.194
707.26	0.194
707.45	0.194
707.64	0.194
707.82	0.194
708.01	0.194
708.20	0.195
708.38	0.195
708.57	0.195
708.75	0.195
708.94	0.196
709.13	0.195
709.31	0.196
709.50	0.196
709.69	0.196
709.87	0.196
710.06	0.196
710.24	0.196
710.43	0.195
710.62	0.196
710.80	0.196
710.99	0.196
711.17	0.196
711.36	0.196
711.55	0.196
711.73	0.195
711.92	0.195
712.10	0.196
712.29	0.195
712.48	0.195
712.66	0.195
712.85	0.195
713.03	0.195
713.22	0.196
713.40	0.196
713.59	0.195
713.78	0.195
713.96	0.195
714.15	0.195
714.33	0.195
714.52	0.195
714.71	0.195
714.89	0.195
715.08	0.195
715.26	0.195
715.45	0.196
715.63	0.196
715.82	0.196
716.00	0.196
716.19	0.195
716.38	0.194
716.56	0.194
716.75	0.194
716.93	0.195
717.12	0.194
717.30	0.194
717.49	0.194
717.67	0.194
717.86	0.194
718.05	0.195
718.23	0.195
718.42	0.195
718.60	0.194
718.79	0.195
718.97	0.195
719.16	0.194
719.34	0.195
719.53	0.195
719.71	0.196
719.90	0.196
720.08	0.196
720.27	0.196
720.45	0.196
720.64	0.196
720.83	0.196
721.01	0.195
721.20	0.195
721.38	0.195
721.57	0.194
721.75	0.195
721.94	0.195
722.12	0.195
722.31	0.195
722.49	0.196
722.68	0.196
722.86	0.196
723.05	0.196
723.23	0.197
723.42	0.196
723.60	0.196
723.79	0.196
723.97	0.196
724.16	0.196
724.34	0.195
724.53	0.195
724.71	0.195
724.90	0.195
725.08	0.194
725.27	0.194
725.45	0.194
725.64	0.194
725.82	0.194
726.00	0.194
726.19	0.194
726.37	0.194
726.56	0.194
726.74	0.195
726.93	0.194
727.11	0.194
727.30	0.194
727.48	0.194
727.67	0.195
727.85	0.195
728.04	0.195
728.22	0.195
728.40	0.195
728.59	0.195
728.77	0.195
728.96	0.195
729.14	0.195
729.33	0.195
729.51	0.195
729.70	0.194
729.88	0.194
730.07	0.193
730.25	0.193
730.43	0.193
730.62	0.193
730.80	0.193
730.99	0.193
731.17	0.193
731.36	0.193
731.54	0.193
731.72	0.193
731.91	0.193
732.09	0.193
732.28	0.193
732.46	0.192
732.65	0.193
732.83	0.192
733.01	0.192
733.20	0.192
733.38	0.192
733.57	0.192
733.75	0.192
733.93	0.193
734.12	0.193
734.30	0.193
734.49	0.193
734.67	0.193
734.85	0.193
735.04	0.193
735.22	0.193
735.41	0.193
735.59	0.193
735.77	0.193
735.96	0.193
736.14	0.194
736.33	0.193
736.51	0.194
736.69	0.194
736.88	0.193
737.06	0.193
737.25	0.193
737.43	0.193
737.61	0.193
737.80	0.192
737.98	0.192
738.16	0.192
738.35	0.192
738.53	0.192
738.71	0.192
738.90	0.192
739.08	0.192
739.27	0.193
739.45	0.193
739.63	0.193
739.82	0.194
740.00	0.194
740.18	0.194
740.37	0.194
740.55	0.193
740.73	0.194
740.92	0.194
741.10	0.194
741.28	0.194
741.47	0.194
741.65	0.193
741.83	0.194
742.02	0.194
742.20	0.194
742.38	0.194
742.57	0.194
742.75	0.194
742.93	0.194
743.12	0.195
743.30	0.195
743.48	0.196
743.67	0.196
743.85	0.196
744.03	0.196
744.22	0.196
744.40	0.196
744.58	0.196
744.77	0.196
744.95	0.196
745.13	0.195
745.32	0.195
745.50	0.195
745.68	0.194
745.87	0.194
746.05	0.194
746.23	0.194
746.41	0.194
746.60	0.194
746.78	0.195
746.96	0.196
747.15	0.196
747.33	0.196
747.51	0.196
747.70	0.196
747.88	0.196
748.06	0.196
748.24	0.196
748.43	0.196
748.61	0.196
748.79	0.196
748.97	0.196
749.16	0.196
749.34	0.196
749.52	0.196
749.71	0.196
749.89	0.195
750.07	0.195
750.25	0.195
750.44	0.195
750.62	0.195
750.80	0.195
750.98	0.195
751.17	0.195
751.35	0.195
751.53	0.195
751.71	0.195
751.90	0.194
752.08	0.195
752.26	0.195
752.44	0.195
752.63	0.195
752.81	0.195
752.99	0.195
753.17	0.195
753.36	0.195
753.54	0.195
753.72	0.195
753.90	0.195
754.09	0.195
754.27	0.194
754.45	0.194
754.63	0.195
754.82	0.194
755.00	0.195
755.18	0.195
755.36	0.194
755.54	0.194
755.73	0.194
755.91	0.194
756.09	0.195
756.27	0.194
756.45	0.194
756.64	0.194
756.82	0.193
757.00	0.194
757.18	0.193
757.37	0.194
757.55	0.193
757.73	0.193
757.91	0.194
758.09	0.194
758.27	0.194
758.46	0.195
758.64	0.195
758.82	0.195
759.00	0.195
759.18	0.195
759.37	0.194
759.55	0.194
759.73	0.194
759.91	0.194
760.09	0.194
760.28	0.193
760.46	0.193
760.64	0.193
760.82	0.193
761.00	0.194
761.18	0.194
761.37	0.194
761.55	0.194
761.73	0.194
761.91	0.194
762.09	0.194
762.27	0.194
762.46	0.194
762.64	0.193
762.82	0.193
763.00	0.193
763.18	0.193
763.36	0.192
763.54	0.192
763.73	0.192
763.91	0.192
764.09	0.192
764.27	0.193
764.45	0.192
764.63	0.192
764.81	0.192
765.00	0.192
765.18	0.192
765.36	0.192
765.54	0.192
765.72	0.193
765.90	0.193
766.08	0.193
766.27	0.194
766.45	0.194
766.63	0.194
766.81	0.194
766.99	0.194
767.17	0.194
767.35	0.193
767.53	0.193
767.71	0.193
767.90	0.192
768.08	0.192
768.26	0.192
768.44	0.192
768.62	0.192
768.80	0.192
768.98	0.193
769.16	0.193
769.34	0.193
769.52	0.193
769.71	0.193
769.89	0.193
770.07	0.194
770.25	0.193
770.43	0.193
770.61	0.193
770.79	0.193
770.97	0.193
771.15	0.193
771.33	0.193
771.51	0.193
771.69	0.193
771.88	0.193
772.06	0.194
772.24	0.193
772.42	0.194
772.60	0.193
772.78	0.194
772.96	0.194
773.14	0.194
773.32	0.194
773.50	0.194
773.68	0.195
773.86	0.195
774.04	0.195
774.22	0.194
774.40	0.194
774.58	0.194
774.77	0.195
774.95	0.195
775.13	0.195
775.31	0.194
775.49	0.194
775.67	0.194
775.85	0.195
776.03	0.195
776.21	0.194
776.39	0.194
776.57	0.194
776.75	0.194
776.93	0.195
777.11	0.195
777.29	0.195
777.47	0.195
777.65	0.195
777.83	0.195
778.01	0.195
778.19	0.195
778.37	0.195
778.55	0.195
778.73	0.195
778.91	0.195
779.09	0.196
779.27	0.196
779.45	0.196
779.63	0.196
779.81	0.196
779.99	0.196
780.17	0.196
780.35	0.196
780.53	0.195
780.71	0.195
780.89	0.195
781.07	0.195
781.25	0.195
781.43	0.195
781.61	0.196
781.79	0.196
781.97	0.196
782.15	0.196
782.33	0.196
782.51	0.196
782.69	0.196
782.87	0.196
783.05	0.196
783.23	0.196
783.41	0.196
783.59	0.196
783.77	0.197
783.95	0.197
784.13	0.197
784.31	0.197
784.49	0.197
784.67	0.197
784.85	0.197
785.03	0.196
785.21	0.197
785.38	0.197
785.56	0.197
785.74	0.197
785.92	0.197
786.10	0.198
786.28	0.197
786.46	0.197
786.64	0.197
786.82	0.197
787.00	0.196
787.18	0.196
787.36	0.196
787.54	0.196
787.72	0.196
787.90	0.196
788.08	0.196
788.25	0.197
788.43	0.197
788.61	0.197
788.79	0.197
788.97	0.197
789.15	0.197
789.33	0.197
789.51	0.198
789.69	0.198
789.87	0.198
790.05	0.198
790.23	0.198
790.40	0.199
790.58	0.199
790.76	0.198
790.94	0.199
791.12	0.198
791.30	0.199
791.48	0.199
791.66	0.199
791.84	0.199
792.02	0.199
792.19	0.199
792.37	0.199
792.55	0.199
792.73	0.200
792.91	0.199
793.09	0.199
793.27	0.198
793.45	0.198
793.63	0.198
793.80	0.197
793.98	0.198
794.16	0.198
794.34	0.198
794.52	0.199
794.70	0.199
794.88	0.199
795.05	0.199
795.23	0.199
795.41	0.200
795.59	0.199
795.77	0.200
795.95	0.200
796.13	0.199
796.30	0.199
796.48	0.200
796.66	0.200
796.84	0.200
797.02	0.200
797.20	0.200
797.38	0.199
797.55	0.200
797.73	0.200
797.91	0.200
798.09	0.199
798.27	0.200
798.45	0.200
798.62	0.200
798.80	0.200
798.98	0.201
799.16	0.201
799.34	0.201
799.52	0.202
799.69	0.202
799.87	0.202
800.05	0.203
800.23	0.203
800.41	0.203
800.58	0.203
800.76	0.203
800.94	0.202
801.12	0.203
801.30	0.202
801.47	0.202
801.65	0.201
801.83	0.201
802.01	0.201
802.19	0.201
802.36	0.201
802.54	0.201
802.72	0.201
802.90	0.200
803.08	0.201
803.25	0.201
803.43	0.201
803.61	0.201
803.79	0.201
803.97	0.201
804.14	0.202
804.32	0.202
804.50	0.202
804.68	0.201
804.85	0.202
805.03	0.201
805.21	0.201
805.39	0.201
805.56	0.201
805.74	0.201
805.92	0.201
806.10	0.201
806.28	0.201
806.45	0.201
806.63	0.201
806.81	0.202
806.99	0.202
807.16	0.202
807.34	0.202
807.52	0.202
807.70	0.202
807.87	0.201
808.05	0.201
808.23	0.201
808.41	0.201
808.58	0.201
808.76	0.201
808.94	0.201
809.11	0.201
809.29	0.202
809.47	0.202
809.65	0.203
809.82	0.203
810.00	0.203
810.18	0.202
810.36	0.202
810.53	0.202
810.71	0.203
810.89	0.203
811.06	0.203
811.24	0.202
811.42	0.202
811.60	0.202
811.77	0.202
811.95	0.202
812.13	0.202
812.30	0.201
812.48	0.201
812.66	0.201
812.83	0.201
813.01	0.201
813.19	0.201
813.37	0.201
813.54	0.202
813.72	0.202
813.90	0.202
814.07	0.202
814.25	0.202
814.43	0.202
814.60	0.202
814.78	0.203
814.96	0.203
815.13	0.202
815.31	0.202
815.49	0.202
815.66	0.202
815.84	0.202
816.02	0.202
816.19	0.202
816.37	0.202
816.55	0.202
816.72	0.202
816.90	0.203
817.08	0.202
817.25	0.202
817.43	0.203
817.61	0.203
817.78	0.204
817.96	0.204
818.14	0.204
818.31	0.203
818.49	0.203
818.67	0.203
818.84	0.203
819.02	0.203
819.19	0.203
819.37	0.202
819.55	0.202
819.72	0.202
819.90	0.202
820.08	0.202
820.25	0.202
820.43	0.202
820.60	0.202
820.78	0.202
820.96	0.201
821.13	0.202
821.31	0.201
821.49	0.202
821.66	0.202
821.84	0.202
822.01	0.201
822.19	0.201
822.37	0.201
822.54	0.201
822.72	0.201
822.89	0.202
823.07	0.201
823.25	0.201
823.42	0.201
823.60	0.201
823.77	0.202
823.95	0.202
824.13	0.202
824.30	0.203
824.48	0.203
824.65	0.203
824.83	0.203
825.01	0.203
825.18	0.203
825.36	0.203
825.53	0.203
825.71	0.203
825.88	0.203
826.06	0.202
826.24	0.201
826.41	0.201
826.59	0.201
826.76	0.201
826.94	0.201
827.11	0.201
827.29	0.201
827.47	0.201
827.64	0.202
827.82	0.202
827.99	0.202
828.17	0.202
828.34	0.202
828.52	0.203
828.69	0.202
828.87	0.203
829.04	0.202
829.22	0.203
829.40	0.202
829.57	0.202
829.75	0.202
829.92	0.201
830.10	0.202
830.27	0.203
830.45	0.203
830.62	0.204
830.80	0.203
830.97	0.204
831.15	0.203
831.32	0.204
831.50	0.204
831.67	0.203
831.85	0.202
832.02	0.201
832.20	0.201
832.37	0.201
832.55	0.202
832.73	0.202
832.90	0.202
833.08	0.202
833.25	0.203
833.43	0.203
833.60	0.203
833.78	0.203
833.95	0.203
834.13	0.202
834.30	0.202
834.48	0.202
834.65	0.203
834.82	0.203
835.00	0.203
835.17	0.203
835.35	0.203
835.52	0.204
835.70	0.204
835.87	0.204
836.05	0.204
836.22	0.204
836.40	0.204
836.57	0.204
836.75	0.204
836.92	0.204
837.10	0.203
837.27	0.204
837.45	0.203
837.62	0.202
837.80	0.203
837.97	0.202
838.14	0.203
838.32	0.202
838.49	0.202
838.67	0.203
838.84	0.202
839.02	0.203
839.19	0.203
839.37	0.203
839.54	0.203
839.71	0.203
839.89	0.204
840.06	0.203
840.24	0.203
840.41	0.203
840.59	0.203
840.76	0.203
840.94	0.202
841.11	0.202
841.28	0.202
841.46	0.202
841.63	0.202
841.81	0.203
841.98	0.202
842.15	0.203
842.33	0.204
842.50	0.204
842.68	0.204
842.85	0.205
843.03	0.205
843.20	0.205
843.37	0.205
843.55	0.205
843.72	0.204
843.90	0.204
844.07	0.203
844.24	0.203
844.42	0.203
844.59	0.202
844.77	0.203
844.94	0.203
845.11	0.202
845.29	0.203
845.46	0.203
845.63	0.204
845.81	0.204
845.98	0.204
846.16	0.204
846.33	0.203
846.50	0.204
846.68	0.204
846.85	0.204
847.02	0.203
847.20	0.204
847.37	0.204
847.55	0.204
847.72	0.204
847.89	0.205
848.07	0.205
848.24	0.205
848.41	0.205
848.59	0.205
848.76	0.204
848.93	0.204
849.11	0.204
849.28	0.204
849.45	0.204
849.63	0.204
849.80	0.204
849.97	0.205
850.15	0.205
850.32	0.205
850.49	0.206
850.67	0.205
850.84	0.205
851.01	0.205
851.19	0.205
851.36	0.206
851.53	0.205
851.71	0.205
851.88	0.206
852.05	0.206
852.23	0.206
852.40	0.206
852.57	0.206
852.75	0.207
852.92	0.206
853.09	0.207
853.27	0.206
853.44	0.206
853.61	0.205
853.79	0.205
853.96	0.206
854.13	0.206
854.30	0.206
854.48	0.206
854.65	0.205
854.82	0.206
855.00	0.206
855.17	0.206
855.34	0.206
855.51	0.206
855.69	0.207
855.86	0.206
856.03	0.207
856.21	0.207
856.38	0.207
856.55	0.207
856.72	0.207
856.90	0.208
857.07	0.207
857.24	0.207
857.42	0.207
857.59	0.207
857.76	0.207
857.93	0.206
858.11	0.207
858.28	0.206
858.45	0.206
858.62	0.206
858.80	0.206
858.97	0.207
859.14	0.207
859.31	0.207
859.49	0.207
859.66	0.208
859.83	0.207
860.00	0.207
860.18	0.207
860.35	0.207
860.52	0.206
860.69	0.206
860.86	0.205
861.04	0.205
861.21	0.204
861.38	0.205
861.55	0.204
861.73	0.205
861.90	0.206
862.07	0.205
862.24	0.205
862.42	0.206
862.59	0.206
862.76	0.207
862.93	0.207
863.10	0.207
863.28	0.207
863.45	0.207
863.62	0.207
863.79	0.207
863.96	0.207
864.14	0.207
864.31	0.206
864.48	0.206
864.65	0.206
864.82	0.206
865.00	0.205
865.17	0.205
865.34	0.204
865.51	0.205
865.68	0.205
865.86	0.205
866.03	0.205
866.20	0.205
866.37	0.206
866.54	0.206
866.71	0.207
866.89	0.208
867.06	0.208
867.23	0.208
867.40	0.208
867.57	0.208
867.74	0.207
867.92	0.207
868.09	0.207
868.26	0.207
868.43	0.207
868.60	0.206
868.77	0.206
868.95	0.206
869.12	0.206
869.29	0.206
869.46	0.205
869.63	0.205
869.80	0.206
869.97	0.205
870.15	0.207
870.32	0.207
870.49	0.206
870.66	0.206
870.83	0.206
871.00	0.207
871.17	0.207
871.34	0.207
871.52	0.207
871.69	0.207
871.86	0.206
872.03	0.207
872.20	0.207
872.37	0.206
872.54	0.205
872.71	0.205
872.89	0.205
873.06	0.205
873.23	0.205
873.40	0.204
873.57	0.203
873.74	0.204
873.91	0.204
874.08	0.205
874.25	0.205
874.42	0.204
874.60	0.204
874.77	0.204
874.94	0.206
875.11	0.207
875.28	0.207
875.45	0.206
875.62	0.205
875.79	0.205
875.96	0.205
876.13	0.204
876.30	0.205
876.47	0.205
876.65	0.204
876.82	0.204
876.99	0.204
877.16	0.204
877.33	0.205
877.50	0.206
877.67	0.206
877.84	0.206
878.01	0.204
878.18	0.203
878.35	0.203
878.52	0.203
878.69	0.203
878.86	0.202
879.03	0.201
879.20	0.200
879.38	0.201
879.55	0.202
879.72	0.202
879.89	0.201
880.06	0.202
880.23	0.202
880.40	0.201
880.57	0.201
880.74	0.200
880.91	0.199
881.08	0.199
881.25	0.201
881.42	0.201
881.59	0.201
881.76	0.200
881.93	0.200
882.10	0.201
882.27	0.202
882.44	0.201
882.61	0.201
882.78	0.200
882.95	0.200
883.12	0.199
883.29	0.199
883.46	0.198
883.63	0.198
883.80	0.196
883.97	0.196
884.14	0.196
884.31	0.195
884.48	0.195
884.65	0.195
884.82	0.195
884.99	0.196
885.16	0.195
885.33	0.195
885.50	0.196
885.67	0.195
885.84	0.196
886.01	0.196
886.18	0.196
886.35	0.196
886.52	0.196
886.69	0.197
886.86	0.198
887.03	0.198
887.20	0.198
887.37	0.197
887.54	0.197
887.71	0.196
887.88	0.196
888.05	0.197
888.22	0.196
888.39	0.195
888.55	0.196
888.72	0.196
888.89	0.196
889.06	0.196
889.23	0.195
889.40	0.195
889.57	0.193
889.74	0.194
889.91	0.194
890.08	0.194
890.25	0.193
890.42	0.193
890.59	0.192
890.76	0.193
890.93	0.192
891.10	0.193
891.26	0.192
891.43	0.191
891.60	0.190
891.77	0.190
891.94	0.190
892.11	0.191
892.28	0.190
892.45	0.191
892.62	0.190
892.79	0.189
892.96	0.189
893.13	0.190
893.29	0.190
893.46	0.190
893.63	0.189
893.80	0.189
893.97	0.189
894.14	0.189
894.31	0.190
894.48	0.181
894.65	0.197
894.81	0.182
894.98	0.192
