177.34	0.042
177.56	0.042
177.78	0.042
178.00	0.044
178.22	0.020
178.44	0.186
178.66	0.087
178.89	0.086
179.11	-0.149
179.33	0.457
179.55	-0.000
179.77	-0.027
179.99	0.035
180.21	-0.040
180.43	0.198
180.65	0.189
180.87	0.252
181.09	0.217
181.31	0.284
181.53	0.267
181.75	0.340
181.97	0.398
182.19	0.413
182.41	0.443
182.63	0.492
182.85	0.441
183.07	0.457
183.30	0.444
183.52	0.443
183.74	0.434
183.96	0.411
184.18	0.425
184.40	0.414
184.62	0.400
184.84	0.443
185.06	0.438
185.28	0.454
185.50	0.474
185.72	0.462
185.94	0.486
186.16	0.488
186.38	0.496
186.60	0.539
186.82	0.556
187.04	0.581
187.26	0.608
187.48	0.645
187.70	0.733
187.92	0.732
188.14	0.786
188.36	0.818
188.58	0.841
188.80	0.887
189.02	0.899
189.24	0.985
189.46	1.006
189.68	1.026
189.90	1.105
190.12	1.127
190.34	1.130
190.56	1.146
190.78	1.166
191.00	1.253
191.22	1.256
191.44	1.282
191.66	1.245
191.88	1.269
192.10	1.233
192.32	1.256
192.54	1.261
192.76	1.273
192.98	1.263
193.20	1.247
193.42	1.296
193.64	1.351
193.86	1.312
194.08	1.348
194.30	1.399
194.52	1.436
194.74	1.405
194.96	1.430
195.18	1.423
195.40	1.439
195.62	1.454
195.84	1.529
196.06	1.525
196.28	1.545
196.50	1.566
196.72	1.641
196.94	1.632
197.16	1.681
197.38	1.626
197.60	1.603
197.82	1.590
198.04	1.641
198.26	1.632
198.48	1.640
198.70	1.635
198.92	1.669
199.13	1.662
199.35	1.712
199.57	1.740
199.79	1.696
200.01	1.696
200.23	1.644
200.45	1.627
200.67	1.621
200.89	1.633
201.11	1.653
201.33	1.615
201.55	1.608
201.77	1.638
201.99	1.651
202.21	1.713
202.43	1.784
202.65	1.796
202.87	1.770
203.09	1.779
203.31	1.849
203.52	1.834
203.74	1.811
203.96	1.752
204.18	1.767
204.40	1.731
204.62	1.747
204.84	1.780
205.06	1.785
205.28	1.777
205.50	1.826
205.72	1.862
205.94	1.906
206.16	1.889
206.38	1.905
206.59	1.911
206.81	1.901
207.03	1.914
207.25	1.922
207.47	1.936
207.69	1.930
207.91	1.918
208.13	1.938
208.35	1.973
208.57	1.962
208.79	1.991
209.01	2.005
209.22	1.965
209.44	1.959
209.66	1.962
209.88	1.994
210.10	2.031
210.32	2.025
210.54	2.035
210.76	2.006
210.98	1.986
211.20	2.045
211.42	2.030
211.63	2.030
211.85	2.069
212.07	2.084
212.29	2.063
212.51	2.102
212.73	2.168
212.95	2.156
213.17	2.189
213.39	2.226
213.60	2.270
213.82	2.208
214.04	2.175
214.26	2.209
214.48	2.170
214.70	2.117
214.92	2.111
215.14	2.088
215.35	2.097
215.57	2.097
215.79	2.121
216.01	2.139
216.23	2.082
216.45	2.123
216.67	2.172
216.89	2.234
217.10	2.281
217.32	2.301
217.54	2.322
217.76	2.339
217.98	2.330
218.20	2.421
218.42	2.385
218.64	2.381
218.85	2.370
219.07	2.337
219.29	2.322
219.51	2.295
219.73	2.287
219.95	2.283
220.17	2.324
220.38	2.356
220.60	2.336
220.82	2.356
221.04	2.363
221.26	2.396
221.48	2.426
221.69	2.425
221.91	2.402
222.13	2.361
222.35	2.388
222.57	2.421
222.79	2.394
223.00	2.364
223.22	2.385
223.44	2.414
223.66	2.425
223.88	2.479
224.10	2.493
224.32	2.465
224.53	2.466
224.75	2.492
224.97	2.598
225.19	2.581
225.41	2.544
225.62	2.608
225.84	2.590
226.06	2.578
226.28	2.566
226.50	2.560
226.72	2.561
226.93	2.518
227.15	2.485
227.37	2.527
227.59	2.507
227.81	2.501
228.02	2.519
228.24	2.551
228.46	2.561
228.68	2.594
228.90	2.604
229.12	2.622
229.33	2.599
229.55	2.602
229.77	2.571
229.99	2.578
230.21	2.541
230.42	2.535
230.64	2.521
230.86	2.541
231.08	2.573
231.30	2.563
231.51	2.536
231.73	2.577
231.95	2.574
232.17	2.608
232.38	2.640
232.60	2.632
232.82	2.585
233.04	2.549
233.26	2.543
233.47	2.580
233.69	2.550
233.91	2.555
234.13	2.522
234.35	2.504
234.56	2.499
234.78	2.517
235.00	2.507
235.22	2.511
235.43	2.477
235.65	2.511
235.87	2.475
236.09	2.494
236.30	2.495
236.52	2.479
236.74	2.444
236.96	2.423
237.18	2.421
237.39	2.413
237.61	2.373
237.83	2.374
238.05	2.387
238.26	2.371
238.48	2.376
238.70	2.398
238.92	2.403
239.13	2.396
239.35	2.395
239.57	2.402
239.79	2.397
240.00	2.358
240.22	2.353
240.44	2.340
240.66	2.320
240.87	2.308
241.09	2.300
241.31	2.288
241.53	2.286
241.74	2.284
241.96	2.271
242.18	2.254
242.40	2.249
242.61	2.236
242.83	2.229
243.05	2.223
243.27	2.224
243.48	2.210
243.70	2.198
243.92	2.197
244.13	2.196
244.35	2.179
244.57	2.170
244.79	2.171
245.00	2.157
245.22	2.150
245.44	2.152
245.65	2.156
245.87	2.155
246.09	2.143
246.31	2.147
246.52	2.155
246.74	2.150
246.96	2.159
247.18	2.159
247.39	2.152
247.61	2.144
247.83	2.144
248.04	2.153
248.26	2.161
248.48	2.166
248.69	2.164
248.91	2.153
249.13	2.143
249.35	2.136
249.56	2.133
249.78	2.125
250.00	2.131
250.21	2.125
250.43	2.113
250.65	2.117
250.86	2.117
251.08	2.120
251.30	2.120
251.51	2.109
251.73	2.107
251.95	2.096
252.17	2.090
252.38	2.084
252.60	2.076
252.82	2.077
253.03	2.067
253.25	2.069
253.47	2.076
253.68	2.072
253.90	2.073
254.12	2.071
254.33	2.069
254.55	2.069
254.77	2.067
254.98	2.071
255.20	2.065
255.42	2.056
255.63	2.054
255.85	2.044
256.07	2.037
256.28	2.038
256.50	2.034
256.72	2.036
256.93	2.035
257.15	2.042
257.37	2.043
257.58	2.055
257.80	2.056
258.02	2.053
258.23	2.055
258.45	2.048
258.67	2.045
258.88	2.037
259.10	2.026
259.32	2.027
259.53	2.012
259.75	2.007
259.96	2.005
260.18	1.998
260.40	2.003
260.61	1.996
260.83	1.999
261.05	1.994
261.26	1.993
261.48	1.999
261.70	2.001
261.91	1.998
262.13	1.999
262.34	1.995
262.56	1.994
262.78	1.989
262.99	1.989
263.21	1.990
263.43	1.980
263.64	1.971
263.86	1.973
264.07	1.975
264.29	1.967
264.51	1.965
264.72	1.964
264.94	1.960
265.16	1.953
265.37	1.961
265.59	1.962
265.80	1.960
266.02	1.948
266.24	1.949
266.45	1.947
266.67	1.940
266.88	1.944
267.10	1.944
267.32	1.933
267.53	1.926
267.75	1.920
267.96	1.923
268.18	1.915
268.40	1.907
268.61	1.900
268.83	1.899
269.04	1.887
269.26	1.882
269.48	1.884
269.69	1.878
269.91	1.877
270.12	1.876
270.34	1.873
270.56	1.866
270.77	1.863
270.99	1.861
271.20	1.857
271.42	1.855
271.64	1.853
271.85	1.844
272.07	1.840
272.28	1.841
272.50	1.843
272.71	1.830
272.93	1.825
273.15	1.821
273.36	1.814
273.58	1.808
273.79	1.804
274.01	1.801
274.22	1.796
274.44	1.796
274.66	1.793
274.87	1.790
275.09	1.784
275.30	1.782
275.52	1.776
275.73	1.770
275.95	1.764
276.16	1.755
276.38	1.747
276.60	1.743
276.81	1.739
277.03	1.738
277.24	1.729
277.46	1.728
277.67	1.718
277.89	1.712
278.10	1.705
278.32	1.699
278.53	1.692
278.75	1.688
278.97	1.682
279.18	1.679
279.40	1.672
279.61	1.668
279.83	1.666
280.04	1.662
280.26	1.657
280.47	1.654
280.69	1.648
280.90	1.641
281.12	1.635
281.33	1.628
281.55	1.626
281.76	1.618
281.98	1.614
282.20	1.607
282.41	1.600
282.63	1.591
282.84	1.581
283.06	1.576
283.27	1.570
283.49	1.564
283.70	1.556
283.92	1.547
284.13	1.537
284.35	1.527
284.56	1.521
284.78	1.515
284.99	1.505
285.21	1.497
285.42	1.488
285.64	1.480
285.85	1.472
286.07	1.465
286.28	1.456
286.50	1.449
286.71	1.442
286.93	1.434
287.14	1.424
287.36	1.415
287.57	1.406
287.79	1.399
288.00	1.392
288.22	1.384
288.43	1.376
288.65	1.368
288.86	1.358
289.08	1.351
289.29	1.344
289.51	1.335
289.72	1.325
289.94	1.317
290.15	1.309
290.37	1.301
290.58	1.294
290.80	1.288
291.01	1.282
291.22	1.273
291.44	1.267
291.65	1.260
291.87	1.253
292.08	1.245
292.30	1.238
292.51	1.229
292.73	1.222
292.94	1.214
293.16	1.206
293.37	1.198
293.59	1.191
293.80	1.184
294.02	1.178
294.23	1.170
294.44	1.163
294.66	1.155
294.87	1.149
295.09	1.142
295.30	1.136
295.52	1.129
295.73	1.122
295.95	1.115
296.16	1.108
296.37	1.103
296.59	1.098
296.80	1.091
297.02	1.086
297.23	1.081
297.45	1.074
297.66	1.068
297.88	1.062
298.09	1.058
298.30	1.052
298.52	1.045
298.73	1.039
298.95	1.034
299.16	1.028
299.38	1.022
299.59	1.017
299.80	1.011
300.02	1.006
300.23	1.000
300.45	0.995
300.66	0.989
300.88	0.984
301.09	0.980
301.30	0.974
301.52	0.970
301.73	0.965
301.95	0.960
302.16	0.955
302.37	0.951
302.59	0.947
302.80	0.941
303.02	0.936
303.23	0.932
303.45	0.926
303.66	0.922
303.87	0.919
304.09	0.914
304.30	0.909
304.52	0.905
304.73	0.902
304.94	0.898
305.16	0.894
305.37	0.890
305.59	0.886
305.80	0.881
306.01	0.877
306.23	0.872
306.44	0.868
306.65	0.863
306.87	0.859
307.08	0.855
307.30	0.852
307.51	0.848
307.72	0.845
307.94	0.841
308.15	0.838
308.37	0.834
308.58	0.832
308.79	0.828
309.01	0.825
309.22	0.820
309.43	0.817
309.65	0.814
309.86	0.810
310.07	0.806
310.29	0.802
310.50	0.797
310.72	0.793
310.93	0.790
311.14	0.786
311.36	0.782
311.57	0.778
311.78	0.774
312.00	0.771
312.21	0.768
312.42	0.765
312.64	0.763
312.85	0.759
313.07	0.757
313.28	0.754
313.49	0.750
313.71	0.748
313.92	0.744
314.13	0.741
314.35	0.736
314.56	0.732
314.77	0.729
314.99	0.725
315.20	0.722
315.41	0.719
315.63	0.715
315.84	0.712
316.05	0.709
316.27	0.705
316.48	0.703
316.69	0.700
316.91	0.697
317.12	0.694
317.33	0.691
317.55	0.688
317.76	0.685
317.97	0.682
318.19	0.679
318.40	0.676
318.61	0.672
318.83	0.669
319.04	0.666
319.25	0.662
319.47	0.660
319.68	0.657
319.89	0.654
320.10	0.652
320.32	0.649
320.53	0.647
320.74	0.644
320.96	0.642
321.17	0.639
321.38	0.637
321.60	0.634
321.81	0.632
322.02	0.629
322.24	0.626
322.45	0.623
322.66	0.620
322.87	0.617
323.09	0.614
323.30	0.611
323.51	0.608
323.73	0.604
323.94	0.601
324.15	0.599
324.36	0.597
324.58	0.594
324.79	0.592
325.00	0.589
325.22	0.586
325.43	0.584
325.64	0.582
325.85	0.579
326.07	0.577
326.28	0.575
326.49	0.572
326.71	0.569
326.92	0.567
327.13	0.564
327.34	0.562
327.56	0.559
327.77	0.557
327.98	0.554
328.19	0.552
328.41	0.549
328.62	0.546
328.83	0.544
329.04	0.541
329.26	0.538
329.47	0.537
329.68	0.534
329.90	0.532
330.11	0.529
330.32	0.528
330.53	0.525
330.75	0.523
330.96	0.521
331.17	0.519
331.38	0.517
331.60	0.514
331.81	0.512
332.02	0.510
332.23	0.507
332.44	0.505
332.66	0.502
332.87	0.499
333.08	0.497
333.29	0.495
333.51	0.493
333.72	0.490
333.93	0.487
334.14	0.485
334.36	0.482
334.57	0.481
334.78	0.478
334.99	0.476
335.21	0.475
335.42	0.472
335.63	0.470
335.84	0.469
336.05	0.466
336.27	0.464
336.48	0.462
336.69	0.460
336.90	0.459
337.11	0.456
337.33	0.454
337.54	0.451
337.75	0.448
337.96	0.447
338.18	0.445
338.39	0.443
338.60	0.441
338.81	0.438
339.02	0.436
339.24	0.434
339.45	0.432
339.66	0.431
339.87	0.428
340.08	0.427
340.30	0.425
340.51	0.423
340.72	0.421
340.93	0.419
341.14	0.417
341.36	0.415
341.57	0.413
341.78	0.411
341.99	0.409
342.20	0.407
342.41	0.406
342.63	0.404
342.84	0.403
343.05	0.401
343.26	0.399
343.47	0.398
343.69	0.395
343.90	0.393
344.11	0.391
344.32	0.388
344.53	0.386
344.74	0.384
344.96	0.381
345.17	0.380
345.38	0.378
345.59	0.377
345.80	0.375
346.01	0.374
346.23	0.373
346.44	0.372
346.65	0.370
346.86	0.369
347.07	0.366
347.28	0.365
347.50	0.362
347.71	0.360
347.92	0.358
348.13	0.356
348.34	0.354
348.55	0.352
348.76	0.351
348.98	0.349
349.19	0.348
349.40	0.346
349.61	0.345
349.82	0.343
350.03	0.342
350.24	0.340
350.46	0.338
350.67	0.336
350.88	0.335
351.09	0.334
351.30	0.332
351.51	0.330
351.72	0.328
351.93	0.327
352.15	0.325
352.36	0.323
352.57	0.322
352.78	0.320
352.99	0.318
353.20	0.317
353.41	0.315
353.62	0.314
353.84	0.312
354.05	0.311
354.26	0.310
354.47	0.309
354.68	0.307
354.89	0.306
355.10	0.304
355.31	0.303
355.52	0.301
355.74	0.300
355.95	0.299
356.16	0.298
356.37	0.297
356.58	0.295
356.79	0.294
357.00	0.293
357.21	0.291
357.42	0.290
357.63	0.288
357.85	0.287
358.06	0.285
358.27	0.284
358.48	0.283
358.69	0.281
358.90	0.280
359.11	0.279
359.32	0.278
359.53	0.276
359.74	0.275
359.95	0.274
360.17	0.272
360.38	0.271
360.59	0.270
360.80	0.269
361.01	0.267
361.22	0.265
361.43	0.264
361.64	0.262
361.85	0.261
362.06	0.259
362.27	0.259
362.48	0.257
362.69	0.255
362.90	0.254
363.12	0.253
363.33	0.252
363.54	0.250
363.75	0.249
363.96	0.248
364.17	0.246
364.38	0.246
364.59	0.245
364.80	0.244
365.01	0.243
365.22	0.242
365.43	0.240
365.64	0.239
365.85	0.238
366.06	0.237
366.27	0.235
366.48	0.233
366.69	0.232
366.90	0.231
367.11	0.230
367.32	0.229
367.54	0.227
367.75	0.226
367.96	0.225
368.17	0.224
368.38	0.223
368.59	0.222
368.80	0.220
369.01	0.219
369.22	0.218
369.43	0.217
369.64	0.216
369.85	0.215
370.06	0.214
370.27	0.213
370.48	0.212
370.69	0.212
370.90	0.210
371.11	0.210
371.32	0.209
371.53	0.208
371.74	0.207
371.95	0.206
372.16	0.204
372.37	0.204
372.58	0.203
372.79	0.202
373.00	0.201
373.21	0.200
373.42	0.199
373.63	0.198
373.84	0.197
374.05	0.196
374.26	0.194
374.47	0.193
374.68	0.193
374.89	0.192
375.10	0.191
375.31	0.190
375.52	0.189
375.73	0.188
375.94	0.187
376.15	0.187
376.36	0.186
376.57	0.185
376.78	0.185
376.99	0.184
377.20	0.184
377.41	0.182
377.62	0.182
377.83	0.181
378.04	0.181
378.25	0.180
378.46	0.178
378.67	0.177
378.88	0.175
379.09	0.174
379.30	0.173
379.51	0.172
379.72	0.172
379.92	0.171
380.13	0.170
380.34	0.169
380.55	0.169
380.76	0.169
380.97	0.168
381.18	0.167
381.39	0.166
381.60	0.165
381.81	0.164
382.02	0.164
382.23	0.163
382.44	0.162
382.65	0.161
382.86	0.161
383.07	0.160
383.28	0.158
383.49	0.157
383.70	0.157
383.91	0.156
384.11	0.156
384.32	0.156
384.53	0.155
384.74	0.154
384.95	0.153
385.16	0.153
385.37	0.153
385.58	0.153
385.79	0.152
386.00	0.151
386.21	0.150
386.42	0.150
386.63	0.149
386.84	0.149
387.04	0.148
387.25	0.147
387.46	0.146
387.67	0.146
387.88	0.146
388.09	0.145
388.30	0.144
388.51	0.143
388.72	0.142
388.93	0.141
389.14	0.141
389.34	0.140
389.55	0.139
389.76	0.138
389.97	0.137
390.18	0.136
390.39	0.136
390.60	0.136
390.81	0.136
391.02	0.136
391.23	0.136
391.43	0.136
391.64	0.136
391.85	0.136
392.06	0.135
392.27	0.134
392.48	0.133
392.69	0.132
392.90	0.131
393.11	0.129
393.31	0.128
393.52	0.127
393.73	0.125
393.94	0.125
394.15	0.124
394.36	0.123
394.57	0.123
394.78	0.123
394.98	0.122
395.19	0.122
395.40	0.122
395.61	0.122
395.82	0.122
396.03	0.122
396.24	0.122
396.44	0.123
396.65	0.123
396.86	0.123
397.07	0.123
397.28	0.122
397.49	0.121
397.70	0.121
397.90	0.119
398.11	0.118
398.32	0.117
398.53	0.116
398.74	0.116
398.95	0.114
399.16	0.114
399.36	0.112
399.57	0.112
399.78	0.112
399.99	0.112
400.20	0.112
400.41	0.112
400.61	0.111
400.82	0.111
401.03	0.111
401.24	0.111
401.45	0.111
401.66	0.110
401.86	0.110
402.07	0.109
402.28	0.108
402.49	0.107
402.70	0.107
402.91	0.106
403.11	0.106
403.32	0.105
403.53	0.105
403.74	0.105
403.95	0.105
404.15	0.105
404.36	0.105
404.57	0.105
404.78	0.104
404.99	0.103
405.20	0.103
405.40	0.102
405.61	0.102
405.82	0.101
406.03	0.100
406.24	0.099
406.44	0.099
406.65	0.099
406.86	0.099
407.07	0.099
407.28	0.099
407.48	0.099
407.69	0.100
407.90	0.099
408.11	0.099
408.32	0.099
408.52	0.099
408.73	0.098
408.94	0.097
409.15	0.096
409.35	0.096
409.56	0.096
409.77	0.096
409.98	0.096
410.19	0.095
410.39	0.095
410.60	0.094
410.81	0.094
411.02	0.094
411.22	0.094
411.43	0.094
411.64	0.093
411.85	0.092
412.05	0.092
412.26	0.092
412.47	0.091
412.68	0.091
412.89	0.090
413.09	0.089
413.30	0.088
413.51	0.088
413.72	0.088
413.92	0.086
414.13	0.086
414.34	0.086
414.55	0.086
414.75	0.086
414.96	0.086
415.17	0.086
415.38	0.086
415.58	0.086
415.79	0.086
416.00	0.086
416.21	0.087
416.41	0.086
416.62	0.085
416.83	0.085
417.03	0.084
417.24	0.084
417.45	0.084
417.66	0.084
417.86	0.083
418.07	0.083
418.28	0.082
418.49	0.083
418.69	0.083
418.90	0.083
419.11	0.083
419.31	0.083
419.52	0.083
419.73	0.083
419.94	0.083
420.14	0.084
420.35	0.083
420.56	0.083
420.76	0.082
420.97	0.082
421.18	0.081
421.39	0.081
421.59	0.079
421.80	0.078
422.01	0.077
422.21	0.077
422.42	0.075
422.63	0.075
422.84	0.075
423.04	0.075
423.25	0.075
423.46	0.075
423.66	0.076
423.87	0.076
424.08	0.076
424.28	0.076
424.49	0.075
424.70	0.075
424.90	0.074
425.11	0.074
425.32	0.073
425.52	0.072
425.73	0.072
425.94	0.072
426.15	0.072
426.35	0.073
426.56	0.074
426.77	0.074
426.97	0.074
427.18	0.074
427.39	0.074
427.59	0.073
427.80	0.073
428.01	0.074
428.21	0.073
428.42	0.073
428.63	0.073
428.83	0.073
429.04	0.073
429.25	0.073
429.45	0.073
429.66	0.072
429.87	0.071
430.07	0.070
430.28	0.069
430.48	0.067
430.69	0.067
430.90	0.066
431.10	0.066
431.31	0.066
431.52	0.065
431.72	0.065
431.93	0.065
432.14	0.066
432.34	0.066
432.55	0.066
432.76	0.066
432.96	0.066
433.17	0.066
433.37	0.066
433.58	0.066
433.79	0.066
433.99	0.065
434.20	0.066
434.41	0.065
434.61	0.065
434.82	0.065
435.02	0.066
435.23	0.065
435.44	0.066
435.64	0.066
435.85	0.065
436.06	0.064
436.26	0.064
436.47	0.064
436.67	0.063
436.88	0.063
437.09	0.063
437.29	0.062
437.50	0.063
437.70	0.063
437.91	0.063
438.12	0.063
438.32	0.062
438.53	0.062
438.73	0.061
438.94	0.061
439.15	0.060
439.35	0.060
439.56	0.060
439.76	0.061
439.97	0.061
440.18	0.061
440.38	0.061
440.59	0.061
440.79	0.061
441.00	0.061
441.20	0.061
441.41	0.060
441.62	0.060
441.82	0.060
442.03	0.060
442.23	0.060
442.44	0.060
442.65	0.059
442.85	0.058
443.06	0.058
443.26	0.057
443.47	0.056
443.67	0.056
443.88	0.056
444.09	0.056
444.29	0.055
444.50	0.055
444.70	0.056
444.91	0.056
445.11	0.057
445.32	0.057
445.52	0.057
445.73	0.056
445.94	0.056
446.14	0.057
446.35	0.056
446.55	0.056
446.76	0.056
446.96	0.056
447.17	0.055
447.37	0.055
447.58	0.055
447.78	0.055
447.99	0.055
448.20	0.055
448.40	0.055
448.61	0.055
448.81	0.054
449.02	0.055
449.22	0.055
449.43	0.054
449.63	0.054
449.84	0.053
450.04	0.054
450.25	0.053
450.45	0.052
450.66	0.052
450.86	0.052
451.07	0.051
451.27	0.051
451.48	0.052
451.68	0.052
451.89	0.051
452.09	0.052
452.30	0.051
452.50	0.052
452.71	0.052
452.91	0.051
453.12	0.051
453.33	0.051
453.53	0.051
453.74	0.051
453.94	0.051
454.15	0.051
454.35	0.050
454.56	0.050
454.76	0.050
454.96	0.051
455.17	0.051
455.37	0.050
455.58	0.050
455.78	0.050
455.99	0.050
456.19	0.050
456.40	0.050
456.60	0.049
456.81	0.048
457.01	0.048
457.22	0.048
457.42	0.048
457.63	0.047
457.83	0.047
458.04	0.047
458.24	0.047
458.45	0.048
458.65	0.048
458.86	0.048
459.06	0.047
459.27	0.048
459.47	0.049
459.67	0.050
459.88	0.050
460.08	0.050
460.29	0.049
460.49	0.048
460.70	0.047
460.90	0.047
461.11	0.047
461.31	0.046
461.52	0.046
461.72	0.045
461.92	0.045
462.13	0.046
462.33	0.047
462.54	0.047
462.74	0.048
462.95	0.049
463.15	0.049
463.36	0.049
463.56	0.048
463.76	0.049
463.97	0.049
464.17	0.049
464.38	0.050
464.58	0.050
464.79	0.048
464.99	0.048
465.19	0.046
465.40	0.045
465.60	0.045
465.81	0.044
466.01	0.042
466.22	0.042
466.42	0.042
466.62	0.043
466.83	0.043
467.03	0.044
467.24	0.044
467.44	0.045
467.65	0.045
467.85	0.045
468.05	0.045
468.26	0.045
468.46	0.044
468.67	0.044
468.87	0.043
469.07	0.043
469.28	0.043
469.48	0.043
469.69	0.042
469.89	0.042
470.09	0.042
470.30	0.043
470.50	0.043
470.71	0.044
470.91	0.044
471.11	0.044
471.32	0.044
471.52	0.044
471.72	0.043
471.93	0.043
472.13	0.043
472.34	0.043
472.54	0.043
472.74	0.043
472.95	0.043
473.15	0.043
473.35	0.044
473.56	0.044
473.76	0.044
473.97	0.044
474.17	0.044
474.37	0.044
474.58	0.043
474.78	0.043
474.98	0.042
475.19	0.042
475.39	0.041
475.60	0.041
475.80	0.040
476.00	0.039
476.21	0.039
476.41	0.039
476.61	0.039
476.82	0.039
477.02	0.039
477.22	0.039
477.43	0.040
477.63	0.041
477.83	0.041
478.04	0.041
478.24	0.041
478.44	0.041
478.65	0.041
478.85	0.041
479.05	0.041
479.26	0.041
479.46	0.041
479.66	0.040
479.87	0.040
480.07	0.040
480.27	0.040
480.48	0.040
480.68	0.040
480.88	0.040
481.09	0.040
481.29	0.040
481.49	0.040
481.70	0.040
481.90	0.040
482.10	0.039
482.31	0.039
482.51	0.039
482.71	0.040
482.92	0.039
483.12	0.039
483.32	0.039
483.52	0.040
483.73	0.040
483.93	0.039
484.13	0.039
484.34	0.039
484.54	0.040
484.74	0.039
484.95	0.039
485.15	0.038
485.35	0.037
485.55	0.038
485.76	0.038
485.96	0.038
486.16	0.038
486.37	0.037
486.57	0.036
486.77	0.036
486.97	0.036
487.18	0.036
487.38	0.036
487.58	0.036
487.79	0.035
487.99	0.035
488.19	0.035
488.39	0.036
488.60	0.036
488.80	0.036
489.00	0.036
489.20	0.036
489.41	0.036
489.61	0.035
489.81	0.035
490.02	0.035
490.22	0.035
490.42	0.035
490.62	0.035
490.83	0.035
491.03	0.035
491.23	0.035
491.43	0.035
491.64	0.035
491.84	0.035
492.04	0.035
492.24	0.035
492.45	0.034
492.65	0.034
492.85	0.034
493.05	0.034
493.26	0.033
493.46	0.034
493.66	0.033
493.86	0.034
494.07	0.034
494.27	0.034
494.47	0.035
494.67	0.035
494.87	0.035
495.08	0.036
495.28	0.035
495.48	0.035
495.68	0.035
495.89	0.034
496.09	0.034
496.29	0.033
496.49	0.032
496.69	0.032
496.90	0.031
497.10	0.032
497.30	0.032
497.50	0.032
497.71	0.032
497.91	0.033
498.11	0.033
498.31	0.033
498.51	0.033
498.72	0.033
498.92	0.032
499.12	0.032
499.32	0.032
499.52	0.031
499.73	0.031
499.93	0.031
500.13	0.032
500.33	0.032
500.53	0.032
500.74	0.033
500.94	0.032
501.14	0.032
501.34	0.032
501.54	0.032
501.74	0.031
501.95	0.032
502.15	0.031
502.35	0.031
502.55	0.031
502.75	0.031
502.96	0.031
503.16	0.031
503.36	0.031
503.56	0.031
503.76	0.030
503.96	0.030
504.17	0.030
504.37	0.030
504.57	0.030
504.77	0.030
504.97	0.030
505.17	0.030
505.38	0.031
505.58	0.031
505.78	0.031
505.98	0.031
506.18	0.030
506.38	0.030
506.58	0.030
506.79	0.030
506.99	0.030
507.19	0.029
507.39	0.029
507.59	0.028
507.79	0.027
507.99	0.028
508.20	0.028
508.40	0.028
508.60	0.028
508.80	0.028
509.00	0.029
509.20	0.029
509.40	0.029
509.61	0.029
509.81	0.029
510.01	0.029
510.21	0.028
510.41	0.028
510.61	0.028
510.81	0.028
511.01	0.028
511.22	0.028
511.42	0.028
511.62	0.028
511.82	0.029
512.02	0.029
512.22	0.029
512.42	0.028
512.62	0.028
512.82	0.028
513.03	0.027
513.23	0.028
513.43	0.028
513.63	0.027
513.83	0.027
514.03	0.027
514.23	0.027
514.43	0.027
514.63	0.028
514.83	0.028
515.04	0.029
515.24	0.029
515.44	0.029
515.64	0.029
515.84	0.029
516.04	0.029
516.24	0.029
516.44	0.028
516.64	0.028
516.84	0.027
517.04	0.027
517.24	0.027
517.45	0.027
517.65	0.027
517.85	0.027
518.05	0.027
518.25	0.028
518.45	0.027
518.65	0.028
518.85	0.028
519.05	0.027
519.25	0.027
519.45	0.027
519.65	0.026
519.85	0.026
520.05	0.026
520.25	0.027
520.46	0.027
520.66	0.026
520.86	0.026
521.06	0.026
521.26	0.026
521.46	0.027
521.66	0.027
521.86	0.026
522.06	0.026
522.26	0.026
522.46	0.027
522.66	0.027
522.86	0.027
523.06	0.027
523.26	0.027
523.46	0.026
523.66	0.026
523.86	0.026
524.06	0.026
524.26	0.026
524.46	0.025
524.66	0.025
524.86	0.025
525.06	0.025
525.26	0.025
525.46	0.025
525.66	0.025
525.87	0.024
526.07	0.024
526.27	0.024
526.47	0.024
526.67	0.024
526.87	0.024
527.07	0.025
527.27	0.025
527.47	0.025
527.67	0.026
527.87	0.026
528.07	0.026
528.27	0.026
528.47	0.026
528.67	0.026
528.87	0.025
529.07	0.025
529.27	0.024
529.47	0.024
529.67	0.024
529.87	0.024
530.07	0.024
530.27	0.024
530.47	0.024
530.67	0.024
530.87	0.024
531.06	0.025
531.26	0.025
531.46	0.026
531.66	0.025
531.86	0.025
532.06	0.025
532.26	0.025
532.46	0.025
532.66	0.024
532.86	0.024
533.06	0.024
533.26	0.024
533.46	0.024
533.66	0.023
533.86	0.023
534.06	0.024
534.26	0.024
534.46	0.024
534.66	0.024
534.86	0.024
535.06	0.024
535.26	0.024
535.46	0.024
535.66	0.024
535.86	0.024
536.06	0.024
536.26	0.024
536.45	0.024
536.65	0.025
536.85	0.024
537.05	0.024
537.25	0.024
537.45	0.024
537.65	0.024
537.85	0.024
538.05	0.024
538.25	0.024
538.45	0.024
538.65	0.023
538.85	0.024
539.05	0.023
539.25	0.023
539.44	0.022
539.64	0.022
539.84	0.022
540.04	0.022
540.24	0.021
540.44	0.022
540.64	0.022
540.84	0.022
541.04	0.022
541.24	0.022
541.44	0.023
541.64	0.022
541.83	0.023
542.03	0.023
542.23	0.022
542.43	0.022
542.63	0.023
542.83	0.022
543.03	0.023
543.23	0.023
543.43	0.023
543.63	0.023
543.82	0.022
544.02	0.023
544.22	0.023
544.42	0.023
544.62	0.022
544.82	0.022
545.02	0.021
545.22	0.021
545.42	0.021
545.61	0.022
545.81	0.022
546.01	0.022
546.21	0.022
546.41	0.022
546.61	0.022
546.81	0.022
547.01	0.023
547.20	0.022
547.40	0.021
547.60	0.021
547.80	0.021
548.00	0.020
548.20	0.019
548.40	0.020
548.59	0.020
548.79	0.020
548.99	0.020
549.19	0.020
549.39	0.021
549.59	0.020
549.79	0.021
549.98	0.021
550.18	0.021
550.38	0.021
550.58	0.022
550.78	0.022
550.98	0.022
551.17	0.022
551.37	0.022
551.57	0.021
551.77	0.021
551.97	0.021
552.17	0.020
552.36	0.020
552.56	0.020
552.76	0.020
552.96	0.020
553.16	0.020
553.36	0.020
553.55	0.021
553.75	0.022
553.95	0.022
554.15	0.022
554.35	0.022
554.55	0.022
554.74	0.023
554.94	0.022
555.14	0.022
555.34	0.021
555.54	0.021
555.73	0.020
555.93	0.020
556.13	0.021
556.33	0.020
556.53	0.020
556.72	0.021
556.92	0.021
557.12	0.021
557.32	0.020
557.52	0.020
557.71	0.020
557.91	0.020
558.11	0.021
558.31	0.021
558.51	0.021
558.70	0.021
558.90	0.021
559.10	0.021
559.30	0.022
559.49	0.021
559.69	0.021
559.89	0.021
560.09	0.020
560.29	0.020
560.48	0.020
560.68	0.020
560.88	0.020
561.08	0.020
561.27	0.020
561.47	0.020
561.67	0.020
561.87	0.021
562.06	0.021
562.26	0.020
562.46	0.020
562.66	0.020
562.86	0.020
563.05	0.020
563.25	0.020
563.45	0.019
563.65	0.018
563.84	0.018
564.04	0.018
564.24	0.018
564.44	0.018
564.63	0.019
564.83	0.019
565.03	0.019
565.22	0.019
565.42	0.019
565.62	0.019
565.82	0.020
566.01	0.020
566.21	0.021
566.41	0.020
566.61	0.020
566.80	0.020
567.00	0.020
567.20	0.020
567.40	0.019
567.59	0.019
567.79	0.019
567.99	0.019
568.18	0.019
568.38	0.020
568.58	0.020
568.78	0.020
568.97	0.020
569.17	0.020
569.37	0.020
569.56	0.020
569.76	0.020
569.96	0.020
570.16	0.020
570.35	0.020
570.55	0.020
570.75	0.019
570.94	0.018
571.14	0.018
571.34	0.018
571.53	0.018
571.73	0.018
571.93	0.019
572.12	0.019
572.32	0.019
572.52	0.020
572.72	0.020
572.91	0.020
573.11	0.020
573.31	0.020
573.50	0.020
573.70	0.019
573.90	0.019
574.09	0.019
574.29	0.018
574.49	0.017
574.68	0.017
574.88	0.017
575.08	0.017
575.27	0.017
575.47	0.017
575.67	0.017
575.86	0.018
576.06	0.020
576.26	0.020
576.45	0.021
576.65	0.021
576.85	0.020
577.04	0.019
577.24	0.018
577.44	0.017
577.63	0.017
577.83	0.016
578.02	0.016
578.22	0.015
578.42	0.015
578.61	0.015
578.81	0.015
579.01	0.017
579.20	0.017
579.40	0.018
579.60	0.020
579.79	0.021
579.99	0.021
580.19	0.021
580.38	0.021
580.58	0.021
580.77	0.019
580.97	0.019
581.17	0.017
581.36	0.015
581.56	0.014
581.75	0.013
581.95	0.012
582.15	0.012
582.34	0.012
582.54	0.014
582.74	0.014
582.93	0.016
583.13	0.017
583.32	0.019
583.52	0.020
583.72	0.020
583.91	0.021
584.11	0.021
584.30	0.020
584.50	0.019
584.70	0.018
584.89	0.017
585.09	0.016
585.28	0.015
585.48	0.015
585.68	0.015
585.87	0.015
586.07	0.016
586.26	0.016
586.46	0.017
586.66	0.017
586.85	0.017
587.05	0.017
587.24	0.017
587.44	0.016
587.63	0.015
587.83	0.015
588.03	0.015
588.22	0.016
588.42	0.016
588.61	0.016
588.81	0.016
589.00	0.016
589.20	0.016
589.40	0.016
589.59	0.016
589.79	0.017
589.98	0.016
590.18	0.016
590.37	0.016
590.57	0.016
590.76	0.017
590.96	0.017
591.16	0.018
591.35	0.018
591.55	0.018
591.74	0.018
591.94	0.018
592.13	0.018
592.33	0.017
592.52	0.017
592.72	0.015
592.91	0.015
593.11	0.014
593.30	0.013
593.50	0.013
593.70	0.013
593.89	0.014
594.09	0.015
594.28	0.015
594.48	0.015
594.67	0.015
594.87	0.015
595.06	0.015
595.26	0.016
595.45	0.015
595.65	0.015
595.84	0.015
596.04	0.016
596.23	0.016
596.43	0.016
596.62	0.017
596.82	0.017
597.01	0.017
597.21	0.017
597.40	0.018
597.60	0.018
597.79	0.017
597.99	0.017
598.18	0.017
598.38	0.016
598.57	0.017
598.77	0.016
598.96	0.015
599.16	0.015
599.35	0.014
599.55	0.014
599.74	0.013
599.94	0.013
600.13	0.013
600.33	0.013
600.52	0.013
600.72	0.013
600.91	0.013
601.11	0.013
601.30	0.014
601.50	0.014
601.69	0.015
601.89	0.016
602.08	0.017
602.27	0.017
602.47	0.017
602.66	0.017
602.86	0.017
603.05	0.017
603.25	0.016
603.44	0.016
603.64	0.016
603.83	0.015
604.03	0.016
604.22	0.016
604.41	0.016
604.61	0.016
604.80	0.017
605.00	0.017
605.19	0.016
605.39	0.016
605.58	0.016
605.78	0.015
605.97	0.015
606.16	0.015
606.36	0.014
606.55	0.014
606.75	0.014
606.94	0.014
607.14	0.014
607.33	0.014
607.52	0.014
607.72	0.014
607.91	0.014
608.11	0.014
608.30	0.014
608.50	0.015
608.69	0.015
608.88	0.015
609.08	0.015
609.27	0.015
609.47	0.015
609.66	0.015
609.85	0.015
610.05	0.015
610.24	0.015
610.44	0.015
610.63	0.015
610.83	0.014
611.02	0.014
611.21	0.014
611.41	0.015
611.60	0.015
611.80	0.016
611.99	0.016
612.18	0.016
612.38	0.016
612.57	0.016
612.76	0.016
612.96	0.016
613.15	0.016
613.35	0.016
613.54	0.016
613.73	0.016
613.93	0.016
614.12	0.016
614.32	0.015
614.51	0.015
614.70	0.014
614.90	0.014
615.09	0.014
615.28	0.014
615.48	0.014
615.67	0.014
615.86	0.014
616.06	0.014
616.25	0.015
616.45	0.015
616.64	0.015
616.83	0.015
617.03	0.014
617.22	0.015
617.41	0.015
617.61	0.015
617.80	0.015
617.99	0.015
618.19	0.015
618.38	0.015
618.57	0.015
618.77	0.015
618.96	0.015
619.15	0.014
619.35	0.014
619.54	0.014
619.73	0.014
619.93	0.013
620.12	0.014
620.31	0.014
620.51	0.014
620.70	0.014
620.89	0.015
621.09	0.015
621.28	0.015
621.47	0.015
621.67	0.016
621.86	0.015
622.05	0.015
622.25	0.015
622.44	0.015
622.63	0.015
622.83	0.015
623.02	0.015
623.21	0.015
623.41	0.015
623.60	0.015
623.79	0.014
623.98	0.014
624.18	0.014
624.37	0.014
624.56	0.014
624.76	0.014
624.95	0.015
625.14	0.015
625.33	0.014
625.53	0.015
625.72	0.015
625.91	0.015
626.11	0.015
626.30	0.014
626.49	0.014
626.68	0.014
626.88	0.014
627.07	0.014
627.26	0.013
627.46	0.013
627.65	0.013
627.84	0.013
628.03	0.013
628.23	0.013
628.42	0.014
628.61	0.013
628.80	0.013
629.00	0.013
629.19	0.013
629.38	0.013
629.58	0.013
629.77	0.013
629.96	0.013
630.15	0.014
630.35	0.014
630.54	0.014
630.73	0.014
630.92	0.014
631.12	0.014
631.31	0.014
631.50	0.014
631.69	0.014
631.89	0.014
632.08	0.014
632.27	0.014
632.46	0.014
632.65	0.014
632.85	0.014
633.04	0.014
633.23	0.014
633.42	0.014
633.62	0.014
633.81	0.014
634.00	0.014
634.19	0.014
634.39	0.014
634.58	0.014
634.77	0.014
634.96	0.014
635.15	0.014
635.35	0.014
635.54	0.014
635.73	0.014
635.92	0.014
636.11	0.014
636.31	0.014
636.50	0.013
636.69	0.013
636.88	0.013
637.07	0.013
637.27	0.013
637.46	0.013
637.65	0.013
637.84	0.013
638.03	0.013
638.23	0.014
638.42	0.014
638.61	0.014
638.80	0.014
638.99	0.014
639.19	0.014
639.38	0.014
639.57	0.014
639.76	0.014
639.95	0.014
640.14	0.014
640.34	0.013
640.53	0.013
640.72	0.014
640.91	0.014
641.10	0.013
641.30	0.014
641.49	0.014
641.68	0.014
641.87	0.014
642.06	0.014
642.25	0.014
642.44	0.014
642.64	0.013
642.83	0.013
643.02	0.014
643.21	0.014
643.40	0.014
643.59	0.014
643.79	0.014
643.98	0.014
644.17	0.014
644.36	0.015
644.55	0.015
644.74	0.014
644.93	0.014
645.13	0.014
645.32	0.013
645.51	0.013
645.70	0.013
645.89	0.013
646.08	0.012
646.27	0.012
646.46	0.013
646.66	0.013
646.85	0.013
647.04	0.013
647.23	0.014
647.42	0.013
647.61	0.014
647.80	0.014
647.99	0.014
648.19	0.014
648.38	0.013
648.57	0.013
648.76	0.013
648.95	0.013
649.14	0.013
649.33	0.013
649.52	0.013
649.71	0.012
649.91	0.013
650.10	0.013
650.29	0.013
650.48	0.013
650.67	0.013
650.86	0.013
651.05	0.013
651.24	0.014
651.43	0.014
651.62	0.014
651.81	0.014
652.01	0.014
652.20	0.014
652.39	0.014
652.58	0.014
652.77	0.014
652.96	0.014
653.15	0.013
653.34	0.013
653.53	0.013
653.72	0.014
653.91	0.014
654.10	0.016
654.29	0.016
654.48	0.016
654.68	0.016
654.87	0.015
655.06	0.014
655.25	0.013
655.44	0.012
655.63	0.012
655.82	0.010
656.01	0.010
656.20	0.010
656.39	0.010
656.58	0.010
656.77	0.012
656.96	0.013
657.15	0.014
657.34	0.014
657.53	0.014
657.72	0.015
657.91	0.015
658.10	0.014
658.29	0.014
658.48	0.013
658.68	0.013
658.87	0.013
659.06	0.013
659.25	0.013
659.44	0.013
659.63	0.013
659.82	0.013
660.01	0.013
660.20	0.013
660.39	0.013
660.58	0.012
660.77	0.013
660.96	0.012
661.15	0.012
661.34	0.012
661.53	0.012
661.72	0.012
661.91	0.013
662.10	0.012
662.29	0.013
662.48	0.013
662.67	0.013
662.86	0.013
663.05	0.013
663.24	0.013
663.43	0.013
663.62	0.013
663.81	0.014
664.00	0.013
664.19	0.014
664.38	0.013
664.57	0.013
664.76	0.013
664.95	0.013
665.14	0.013
665.33	0.013
665.52	0.012
665.71	0.013
665.90	0.012
666.09	0.013
666.28	0.013
666.46	0.013
666.65	0.012
666.84	0.012
667.03	0.013
667.22	0.013
667.41	0.013
667.60	0.013
667.79	0.013
667.98	0.013
668.17	0.013
668.36	0.013
668.55	0.013
668.74	0.013
668.93	0.012
669.12	0.012
669.31	0.012
669.50	0.013
669.69	0.013
669.88	0.013
670.07	0.013
670.26	0.014
670.44	0.013
670.63	0.013
670.82	0.013
671.01	0.013
671.20	0.013
671.39	0.012
671.58	0.012
671.77	0.012
671.96	0.012
672.15	0.012
672.34	0.012
672.53	0.012
672.72	0.012
672.91	0.013
673.09	0.013
673.28	0.013
673.47	0.013
673.66	0.013
673.85	0.013
674.04	0.013
674.23	0.013
674.42	0.013
674.61	0.013
674.80	0.013
674.98	0.013
675.17	0.013
675.36	0.013
675.55	0.012
675.74	0.012
675.93	0.012
676.12	0.012
676.31	0.012
676.50	0.013
676.69	0.012
676.87	0.012
677.06	0.012
677.25	0.013
677.44	0.013
677.63	0.013
677.82	0.013
678.01	0.013
678.20	0.012
678.38	0.012
678.57	0.012
678.76	0.012
678.95	0.012
679.14	0.012
679.33	0.012
679.52	0.012
679.71	0.013
679.89	0.013
680.08	0.013
680.27	0.013
680.46	0.013
680.65	0.013
680.84	0.013
681.02	0.013
681.21	0.013
681.40	0.013
681.59	0.013
681.78	0.012
681.97	0.013
682.16	0.013
682.34	0.013
682.53	0.013
682.72	0.012
682.91	0.012
683.10	0.012
683.29	0.012
683.47	0.012
683.66	0.012
683.85	0.012
684.04	0.012
684.23	0.012
684.42	0.012
684.60	0.012
684.79	0.013
684.98	0.013
685.17	0.013
685.36	0.013
685.54	0.013
685.73	0.013
685.92	0.013
686.11	0.013
686.30	0.013
686.49	0.013
686.67	0.012
686.86	0.013
687.05	0.013
687.24	0.012
687.43	0.012
687.61	0.012
687.80	0.012
687.99	0.012
688.18	0.012
688.36	0.013
688.55	0.013
688.74	0.012
688.93	0.013
689.12	0.013
689.30	0.013
689.49	0.013
689.68	0.013
689.87	0.012
690.06	0.012
690.24	0.012
690.43	0.012
690.62	0.012
690.81	0.011
690.99	0.011
691.18	0.011
691.37	0.011
691.56	0.011
691.74	0.011
691.93	0.011
692.12	0.011
692.31	0.011
692.50	0.011
692.68	0.012
692.87	0.011
693.06	0.011
693.25	0.012
693.43	0.012
693.62	0.012
693.81	0.012
694.00	0.012
694.18	0.012
694.37	0.012
694.56	0.012
694.74	0.012
694.93	0.012
695.12	0.012
695.31	0.012
695.49	0.011
695.68	0.011
695.87	0.011
696.06	0.011
696.24	0.012
696.43	0.011
696.62	0.012
696.80	0.012
696.99	0.012
697.18	0.012
697.37	0.012
697.55	0.012
697.74	0.012
697.93	0.012
698.12	0.012
698.30	0.012
698.49	0.012
698.68	0.012
698.86	0.012
699.05	0.011
699.24	0.012
699.42	0.012
699.61	0.012
699.80	0.012
699.99	0.011
700.17	0.012
700.36	0.012
700.55	0.012
700.73	0.012
700.92	0.012
701.11	0.012
701.29	0.011
701.48	0.011
701.67	0.011
701.85	0.011
702.04	0.011
702.23	0.011
702.41	0.011
702.60	0.011
702.79	0.011
702.97	0.012
703.16	0.012
703.35	0.012
703.53	0.012
703.72	0.013
703.91	0.013
704.09	0.013
704.28	0.012
704.47	0.012
704.65	0.012
704.84	0.012
705.03	0.012
705.21	0.012
705.40	0.012
705.59	0.012
705.77	0.012
705.96	0.012
706.15	0.012
706.33	0.012
706.52	0.012
706.71	0.012
706.89	0.012
707.08	0.012
707.26	0.012
707.45	0.011
707.64	0.011
707.82	0.011
708.01	0.012
708.20	0.012
708.38	0.011
708.57	0.011
708.75	0.011
708.94	0.011
709.13	0.011
709.31	0.011
709.50	0.011
709.69	0.011
709.87	0.011
710.06	0.011
710.24	0.011
710.43	0.011
710.62	0.011
710.80	0.010
710.99	0.011
711.17	0.011
711.36	0.011
711.55	0.011
711.73	0.012
711.92	0.011
712.10	0.012
712.29	0.012
712.48	0.012
712.66	0.011
712.85	0.011
713.03	0.011
713.22	0.011
713.40	0.011
713.59	0.011
713.78	0.011
713.96	0.011
714.15	0.011
714.33	0.012
714.52	0.012
714.71	0.011
714.89	0.011
715.08	0.011
715.26	0.011
715.45	0.011
715.63	0.011
715.82	0.011
716.00	0.011
716.19	0.012
716.38	0.012
716.56	0.012
716.75	0.012
716.93	0.012
717.12	0.012
717.30	0.012
717.49	0.012
717.67	0.011
717.86	0.011
718.05	0.011
718.23	0.011
718.42	0.011
718.60	0.011
718.79	0.011
718.97	0.011
719.16	0.011
719.34	0.010
719.53	0.010
719.71	0.010
719.90	0.010
720.08	0.010
720.27	0.010
720.45	0.010
720.64	0.010
720.83	0.010
721.01	0.010
721.20	0.010
721.38	0.010
721.57	0.010
721.75	0.011
721.94	0.011
722.12	0.011
722.31	0.011
722.49	0.011
722.68	0.012
722.86	0.012
723.05	0.012
723.23	0.012
723.42	0.011
723.60	0.011
723.79	0.011
723.97	0.011
724.16	0.010
724.34	0.010
724.53	0.010
724.71	0.010
724.90	0.010
725.08	0.010
725.27	0.010
725.45	0.011
725.64	0.010
725.82	0.011
726.00	0.010
726.19	0.010
726.37	0.010
726.56	0.010
726.74	0.010
726.93	0.010
727.11	0.010
727.30	0.010
727.48	0.010
727.67	0.010
727.85	0.010
728.04	0.011
728.22	0.011
728.40	0.011
728.59	0.012
728.77	0.011
728.96	0.012
729.14	0.011
729.33	0.012
729.51	0.011
729.70	0.011
729.88	0.011
730.07	0.011
730.25	0.010
730.43	0.010
730.62	0.010
730.80	0.010
730.99	0.009
731.17	0.010
731.36	0.010
731.54	0.010
731.72	0.010
731.91	0.011
732.09	0.011
732.28	0.010
732.46	0.011
732.65	0.011
732.83	0.011
733.01	0.011
733.20	0.011
733.38	0.011
733.57	0.010
733.75	0.011
733.93	0.011
734.12	0.011
734.30	0.011
734.49	0.011
734.67	0.011
734.85	0.011
735.04	0.011
735.22	0.011
735.41	0.011
735.59	0.011
735.77	0.011
735.96	0.011
736.14	0.011
736.33	0.011
736.51	0.010
736.69	0.010
736.88	0.010
737.06	0.010
737.25	0.010
737.43	0.010
737.61	0.010
737.80	0.010
737.98	0.010
738.16	0.010
738.35	0.011
738.53	0.011
738.71	0.011
738.90	0.011
739.08	0.011
739.27	0.011
739.45	0.011
739.63	0.011
739.82	0.011
740.00	0.011
740.18	0.011
740.37	0.011
740.55	0.010
740.73	0.010
740.92	0.010
741.10	0.010
741.28	0.010
741.47	0.010
741.65	0.010
741.83	0.010
742.02	0.010
742.20	0.010
742.38	0.011
742.57	0.010
742.75	0.010
742.93	0.011
743.12	0.011
743.30	0.011
743.48	0.011
743.67	0.010
743.85	0.011
744.03	0.010
744.22	0.010
744.40	0.011
744.58	0.010
744.77	0.010
744.95	0.010
745.13	0.010
745.32	0.011
745.50	0.011
745.68	0.011
745.87	0.011
746.05	0.010
746.23	0.011
746.41	0.011
746.60	0.010
746.78	0.010
746.96	0.010
747.15	0.010
747.33	0.010
747.51	0.010
747.70	0.010
747.88	0.010
748.06	0.010
748.24	0.010
748.43	0.010
748.61	0.010
748.79	0.010
748.97	0.010
749.16	0.011
749.34	0.011
749.52	0.011
749.71	0.011
749.89	0.011
750.07	0.011
750.25	0.011
750.44	0.011
750.62	0.011
750.80	0.011
750.98	0.011
751.17	0.011
751.35	0.011
751.53	0.011
751.71	0.011
751.90	0.011
752.08	0.011
752.26	0.011
752.44	0.011
752.63	0.011
752.81	0.010
752.99	0.010
753.17	0.011
753.36	0.010
753.54	0.011
753.72	0.011
753.90	0.011
754.09	0.011
754.27	0.011
754.45	0.011
754.63	0.011
754.82	0.011
755.00	0.011
755.18	0.011
755.36	0.010
755.54	0.010
755.73	0.010
755.91	0.010
756.09	0.010
756.27	0.009
756.45	0.009
756.64	0.009
756.82	0.009
757.00	0.010
757.18	0.010
757.37	0.010
757.55	0.010
757.73	0.011
757.91	0.011
758.09	0.011
758.27	0.011
758.46	0.011
758.64	0.011
758.82	0.010
759.00	0.010
759.18	0.010
759.37	0.010
759.55	0.010
759.73	0.010
759.91	0.010
760.09	0.010
760.28	0.010
760.46	0.010
760.64	0.010
760.82	0.010
761.00	0.010
761.18	0.010
761.37	0.010
761.55	0.010
761.73	0.010
761.91	0.011
762.09	0.010
762.27	0.010
762.46	0.010
762.64	0.010
762.82	0.010
763.00	0.010
763.18	0.010
763.36	0.009
763.54	0.009
763.73	0.009
763.91	0.010
764.09	0.010
764.27	0.010
764.45	0.010
764.63	0.010
764.81	0.010
765.00	0.010
765.18	0.011
765.36	0.011
765.54	0.011
765.72	0.011
765.90	0.011
766.08	0.010
766.27	0.010
766.45	0.010
766.63	0.009
766.81	0.009
766.99	0.008
767.17	0.008
767.35	0.008
767.53	0.008
767.71	0.009
767.90	0.009
768.08	0.009
768.26	0.009
768.44	0.009
768.62	0.009
768.80	0.010
768.98	0.010
769.16	0.009
769.34	0.009
769.52	0.010
769.71	0.010
769.89	0.010
770.07	0.010
770.25	0.010
770.43	0.009
770.61	0.009
770.79	0.010
770.97	0.009
771.15	0.009
771.33	0.009
771.51	0.009
771.69	0.009
771.88	0.009
772.06	0.009
772.24	0.009
772.42	0.009
772.60	0.009
772.78	0.010
772.96	0.010
773.14	0.009
773.32	0.010
773.50	0.010
773.68	0.010
773.86	0.010
774.04	0.010
774.22	0.010
774.40	0.010
774.58	0.010
774.77	0.010
774.95	0.009
775.13	0.009
775.31	0.009
775.49	0.009
775.67	0.009
775.85	0.009
776.03	0.009
776.21	0.009
776.39	0.009
776.57	0.009
776.75	0.009
776.93	0.010
777.11	0.010
777.29	0.010
777.47	0.010
777.65	0.010
777.83	0.010
778.01	0.010
778.19	0.010
778.37	0.010
778.55	0.009
778.73	0.010
778.91	0.010
779.09	0.010
779.27	0.010
779.45	0.010
779.63	0.010
779.81	0.010
779.99	0.009
780.17	0.010
780.35	0.010
780.53	0.009
780.71	0.009
780.89	0.009
781.07	0.009
781.25	0.009
781.43	0.010
781.61	0.010
781.79	0.010
781.97	0.010
782.15	0.010
782.33	0.010
782.51	0.010
782.69	0.010
782.87	0.010
783.05	0.010
783.23	0.010
783.41	0.010
783.59	0.010
783.77	0.010
783.95	0.009
784.13	0.009
784.31	0.009
784.49	0.009
784.67	0.009
784.85	0.008
785.03	0.009
785.21	0.009
785.38	0.009
785.56	0.010
785.74	0.010
785.92	0.010
786.10	0.010
786.28	0.011
786.46	0.011
786.64	0.010
786.82	0.011
787.00	0.010
787.18	0.010
787.36	0.010
787.54	0.010
787.72	0.010
787.90	0.010
788.08	0.010
788.25	0.010
788.43	0.011
788.61	0.011
788.79	0.011
788.97	0.011
789.15	0.011
789.33	0.011
789.51	0.010
789.69	0.010
789.87	0.010
790.05	0.010
790.23	0.009
790.40	0.009
790.58	0.009
790.76	0.010
790.94	0.010
791.12	0.010
791.30	0.010
791.48	0.010
791.66	0.010
791.84	0.010
792.02	0.010
792.19	0.010
792.37	0.010
792.55	0.010
792.73	0.010
792.91	0.009
793.09	0.009
793.27	0.009
793.45	0.010
793.63	0.010
793.80	0.010
793.98	0.010
794.16	0.011
794.34	0.011
794.52	0.011
794.70	0.011
794.88	0.011
795.05	0.011
795.23	0.011
795.41	0.011
795.59	0.011
795.77	0.010
795.95	0.010
796.13	0.010
796.30	0.010
796.48	0.010
796.66	0.010
796.84	0.010
797.02	0.010
797.20	0.010
797.38	0.010
797.55	0.011
797.73	0.011
797.91	0.011
798.09	0.010
798.27	0.010
798.45	0.010
798.62	0.010
798.80	0.011
798.98	0.010
799.16	0.010
799.34	0.010
799.52	0.009
799.69	0.009
799.87	0.009
800.05	0.010
800.23	0.009
800.41	0.009
800.58	0.009
800.76	0.009
800.94	0.009
801.12	0.010
801.30	0.009
801.47	0.010
801.65	0.009
801.83	0.010
802.01	0.010
802.19	0.010
802.36	0.010
802.54	0.010
802.72	0.010
802.90	0.010
803.08	0.011
803.25	0.011
803.43	0.011
803.61	0.011
803.79	0.010
803.97	0.010
804.14	0.009
804.32	0.009
804.50	0.009
804.68	0.008
804.85	0.008
805.03	0.008
805.21	0.009
805.39	0.009
805.56	0.010
805.74	0.010
805.92	0.011
806.10	0.011
806.28	0.011
806.45	0.011
806.63	0.011
806.81	0.010
806.99	0.010
807.16	0.010
807.34	0.009
807.52	0.009
807.70	0.009
807.87	0.009
808.05	0.009
808.23	0.009
808.41	0.009
808.58	0.010
808.76	0.010
808.94	0.010
809.11	0.010
809.29	0.011
809.47	0.011
809.65	0.011
809.82	0.011
810.00	0.011
810.18	0.011
810.36	0.011
810.53	0.011
810.71	0.011
810.89	0.010
811.06	0.010
811.24	0.010
811.42	0.010
811.60	0.010
811.77	0.010
811.95	0.010
812.13	0.009
812.30	0.009
812.48	0.009
812.66	0.009
812.83	0.009
813.01	0.010
813.19	0.010
813.37	0.010
813.54	0.010
813.72	0.010
813.90	0.010
814.07	0.010
814.25	0.010
814.43	0.010
814.60	0.009
814.78	0.009
814.96	0.009
815.13	0.009
815.31	0.009
815.49	0.008
815.66	0.008
815.84	0.008
816.02	0.008
816.19	0.008
816.37	0.008
816.55	0.008
816.72	0.008
816.90	0.008
817.08	0.008
817.25	0.009
817.43	0.009
817.61	0.009
817.78	0.010
817.96	0.010
818.14	0.010
818.31	0.010
818.49	0.010
818.67	0.010
818.84	0.010
819.02	0.010
819.19	0.010
819.37	0.010
819.55	0.010
819.72	0.010
819.90	0.010
820.08	0.010
820.25	0.010
820.43	0.010
820.60	0.010
820.78	0.010
820.96	0.010
821.13	0.010
821.31	0.009
821.49	0.009
821.66	0.009
821.84	0.009
822.01	0.009
822.19	0.009
822.37	0.009
822.54	0.009
822.72	0.009
822.89	0.009
823.07	0.009
823.25	0.009
823.42	0.009
823.60	0.009
823.77	0.009
823.95	0.009
824.13	0.009
824.30	0.009
824.48	0.010
824.65	0.010
824.83	0.010
825.01	0.010
825.18	0.010
825.36	0.009
825.53	0.010
825.71	0.010
825.88	0.009
826.06	0.009
826.24	0.009
826.41	0.009
826.59	0.010
826.76	0.010
826.94	0.010
827.11	0.010
827.29	0.010
827.47	0.010
827.64	0.010
827.82	0.010
827.99	0.010
828.17	0.009
828.34	0.009
828.52	0.010
828.69	0.010
828.87	0.010
829.04	0.010
829.22	0.011
829.40	0.010
829.57	0.010
829.75	0.010
829.92	0.010
830.10	0.009
830.27	0.009
830.45	0.009
830.62	0.009
830.80	0.009
830.97	0.009
831.15	0.010
831.32	0.009
831.50	0.010
831.67	0.010
831.85	0.010
832.02	0.010
832.20	0.010
832.37	0.010
832.55	0.010
832.73	0.011
832.90	0.011
833.08	0.010
833.25	0.010
833.43	0.010
833.60	0.010
833.78	0.010
833.95	0.010
834.13	0.010
834.30	0.009
834.48	0.009
834.65	0.010
834.82	0.010
835.00	0.010
835.17	0.010
835.35	0.009
835.52	0.010
835.70	0.010
835.87	0.011
836.05	0.011
836.22	0.011
836.40	0.010
836.57	0.010
836.75	0.010
836.92	0.011
837.10	0.011
837.27	0.011
837.45	0.011
837.62	0.011
837.80	0.011
837.97	0.011
838.14	0.011
838.32	0.011
838.49	0.011
838.67	0.011
838.84	0.011
839.02	0.010
839.19	0.010
839.37	0.010
839.54	0.010
839.71	0.010
839.89	0.010
840.06	0.009
840.24	0.009
840.41	0.009
840.59	0.009
840.76	0.009
840.94	0.009
841.11	0.009
841.28	0.009
841.46	0.009
841.63	0.009
841.81	0.009
841.98	0.009
842.15	0.009
842.33	0.010
842.50	0.009
842.68	0.010
842.85	0.010
843.03	0.010
843.20	0.010
843.37	0.011
843.55	0.011
843.72	0.011
843.90	0.011
844.07	0.011
844.24	0.011
844.42	0.011
844.59	0.010
844.77	0.010
844.94	0.009
845.11	0.009
845.29	0.009
845.46	0.009
845.63	0.009
845.81	0.009
845.98	0.009
846.16	0.010
846.33	0.010
846.50	0.011
846.68	0.010
846.85	0.010
847.02	0.010
847.20	0.010
847.37	0.010
847.55	0.011
847.72	0.010
847.89	0.010
848.07	0.010
848.24	0.010
848.41	0.010
848.59	0.011
848.76	0.011
848.93	0.011
849.11	0.010
849.28	0.011
849.45	0.011
849.63	0.011
849.80	0.011
849.97	0.011
850.15	0.011
850.32	0.010
850.49	0.010
850.67	0.010
850.84	0.009
851.01	0.009
851.19	0.009
851.36	0.009
851.53	0.009
851.71	0.009
851.88	0.009
852.05	0.009
852.23	0.010
852.40	0.011
852.57	0.011
852.75	0.011
852.92	0.012
853.09	0.012
853.27	0.013
853.44	0.012
853.61	0.012
853.79	0.012
853.96	0.012
854.13	0.012
854.30	0.011
854.48	0.011
854.65	0.010
854.82	0.010
855.00	0.011
855.17	0.011
855.34	0.011
855.51	0.011
855.69	0.011
855.86	0.012
856.03	0.012
856.21	0.013
856.38	0.012
856.55	0.012
856.72	0.012
856.90	0.012
857.07	0.012
857.24	0.012
857.42	0.012
857.59	0.011
857.76	0.011
857.93	0.011
858.11	0.011
858.28	0.011
858.45	0.011
858.62	0.011
858.80	0.010
858.97	0.010
859.14	0.011
859.31	0.011
859.49	0.010
859.66	0.010
859.83	0.010
860.00	0.010
860.18	0.011
860.35	0.011
860.52	0.011
860.69	0.011
860.86	0.011
861.04	0.011
861.21	0.012
861.38	0.012
861.55	0.012
861.73	0.011
861.90	0.011
862.07	0.012
862.24	0.012
862.42	0.012
862.59	0.012
862.76	0.012
862.93	0.012
863.10	0.012
863.28	0.012
863.45	0.012
863.62	0.012
863.79	0.011
863.96	0.010
864.14	0.010
864.31	0.011
864.48	0.011
864.65	0.011
864.82	0.010
865.00	0.010
865.17	0.010
865.34	0.009
865.51	0.010
865.68	0.010
865.86	0.010
866.03	0.010
866.20	0.011
866.37	0.012
866.54	0.012
866.71	0.012
866.89	0.013
867.06	0.014
867.23	0.014
867.40	0.014
867.57	0.014
867.74	0.013
867.92	0.013
868.09	0.013
868.26	0.013
868.43	0.012
868.60	0.012
868.77	0.011
868.95	0.011
869.12	0.011
869.29	0.012
869.46	0.012
869.63	0.012
869.80	0.011
869.97	0.011
870.15	0.011
870.32	0.012
870.49	0.013
870.66	0.013
870.83	0.013
871.00	0.013
871.17	0.013
871.34	0.014
871.52	0.013
871.69	0.014
871.86	0.014
872.03	0.013
872.20	0.013
872.37	0.012
872.54	0.012
872.71	0.013
872.89	0.013
873.06	0.013
873.23	0.013
873.40	0.013
873.57	0.013
873.74	0.013
873.91	0.015
874.08	0.015
874.25	0.015
874.42	0.015
874.60	0.014
874.77	0.014
874.94	0.015
875.11	0.014
875.28	0.015
875.45	0.014
875.62	0.013
875.79	0.013
875.96	0.012
876.13	0.013
876.30	0.013
876.47	0.013
876.65	0.013
876.82	0.013
876.99	0.014
877.16	0.014
877.33	0.014
877.50	0.014
877.67	0.015
877.84	0.015
878.01	0.015
878.18	0.015
878.35	0.015
878.52	0.014
878.69	0.015
878.86	0.015
879.03	0.014
879.20	0.014
879.38	0.014
879.55	0.015
879.72	0.014
879.89	0.015
880.06	0.015
880.23	0.014
880.40	0.015
880.57	0.015
880.74	0.015
880.91	0.014
881.08	0.014
881.25	0.014
881.42	0.014
881.59	0.014
881.76	0.013
881.93	0.013
882.10	0.014
882.27	0.014
882.44	0.014
882.61	0.014
882.78	0.013
882.95	0.013
883.12	0.014
883.29	0.014
883.46	0.013
883.63	0.013
883.80	0.013
883.97	0.013
884.14	0.013
884.31	0.014
884.48	0.014
884.65	0.013
884.82	0.013
884.99	0.014
885.16	0.013
885.33	0.013
885.50	0.012
885.67	0.011
885.84	0.012
886.01	0.011
886.18	0.012
886.35	0.011
886.52	0.011
886.69	0.011
886.86	0.012
887.03	0.013
887.20	0.014
887.37	0.015
887.54	0.016
887.71	0.015
887.88	0.016
888.05	0.016
888.22	0.016
888.39	0.016
888.55	0.016
888.72	0.015
888.89	0.015
889.06	0.015
889.23	0.015
889.40	0.015
889.57	0.015
889.74	0.013
889.91	0.013
890.08	0.015
890.25	0.014
890.42	0.014
890.59	0.013
890.76	0.014
890.93	0.014
891.10	0.015
891.26	0.016
891.43	0.015
891.60	0.014
891.77	0.015
891.94	0.015
892.11	0.016
892.28	0.016
892.45	0.017
892.62	0.015
892.79	0.016
892.96	0.017
893.13	0.016
893.29	0.016
893.46	0.016
893.63	0.015
893.80	0.016
893.97	0.016
894.14	0.017
894.31	0.017
894.48	0.021
894.65	0.021
894.81	0.016
894.98	0.018
