177.34	-0.000
177.56	-0.000
177.78	-0.000
178.00	-0.278
178.22	-0.000
178.44	-0.000
178.66	-0.000
178.89	-0.396
179.11	-0.370
179.33	-0.697
179.55	-0.901
179.77	-0.000
179.99	-0.804
180.21	-0.470
180.43	-0.144
180.65	0.084
180.87	0.269
181.09	0.506
181.31	0.611
181.53	0.644
181.75	0.573
181.97	0.628
182.19	0.598
182.41	0.498
182.63	0.456
182.85	0.462
183.07	0.380
183.30	0.375
183.52	0.358
183.74	0.360
183.96	0.357
184.18	0.376
184.40	0.428
184.62	0.457
184.84	0.450
185.06	0.494
185.28	0.474
185.50	0.515
185.72	0.572
185.94	0.546
186.16	0.587
186.38	0.625
186.60	0.649
186.82	0.681
187.04	0.716
187.26	0.736
187.48	0.784
187.70	0.775
187.92	0.833
188.14	0.853
188.36	0.861
188.58	0.884
188.80	0.951
189.02	0.993
189.24	1.071
189.46	1.060
189.68	1.059
189.90	1.067
190.12	1.075
190.34	1.095
190.56	1.119
190.78	1.086
191.00	1.093
191.22	1.092
191.44	1.126
191.66	1.171
191.88	1.216
192.10	1.226
192.32	1.273
192.54	1.284
192.76	1.304
192.98	1.375
193.20	1.441
193.42	1.507
193.64	1.581
193.86	1.673
194.08	1.807
194.30	1.791
194.52	1.946
194.74	2.064
194.96	1.841
195.18	1.792
195.40	1.681
195.62	1.591
195.84	1.622
196.06	1.519
196.28	1.513
196.50	1.477
196.72	1.460
196.94	1.553
197.16	1.550
197.38	1.620
197.60	1.573
197.82	1.577
198.04	1.697
198.26	1.722
198.48	1.702
198.70	1.686
198.92	1.616
199.13	1.661
199.35	1.649
199.57	1.711
199.79	1.637
200.01	1.621
200.23	1.602
200.45	1.646
200.67	1.647
200.89	1.649
201.11	1.668
201.33	1.663
201.55	1.685
201.77	1.715
201.99	1.666
202.21	1.707
202.43	1.726
202.65	1.731
202.87	1.747
203.09	1.731
203.31	1.722
203.52	1.770
203.74	1.764
203.96	1.828
204.18	1.829
204.40	1.867
204.62	1.945
204.84	1.969
205.06	1.940
205.28	2.000
205.50	1.943
205.72	1.972
205.94	1.984
206.16	1.997
206.38	1.939
206.59	1.932
206.81	1.897
207.03	1.916
207.25	1.919
207.47	1.960
207.69	1.953
207.91	1.931
208.13	1.914
208.35	1.949
208.57	1.965
208.79	2.006
209.01	2.035
209.22	2.087
209.44	2.013
209.66	2.042
209.88	2.072
210.10	2.091
210.32	2.106
210.54	2.084
210.76	2.088
210.98	2.094
211.20	2.097
211.42	2.176
211.63	2.229
211.85	2.305
212.07	2.355
212.29	2.271
212.51	2.253
212.73	2.314
212.95	2.312
213.17	2.219
213.39	2.204
213.60	2.169
213.82	2.105
214.04	2.083
214.26	2.118
214.48	2.140
214.70	2.106
214.92	2.082
215.14	2.144
215.35	2.166
215.57	2.120
215.79	2.153
216.01	2.228
216.23	2.241
216.45	2.257
216.67	2.230
216.89	2.262
217.10	2.216
217.32	2.267
217.54	2.293
217.76	2.323
217.98	2.270
218.20	2.226
218.42	2.243
218.64	2.243
218.85	2.250
219.07	2.276
219.29	2.254
219.51	2.293
219.73	2.319
219.95	2.264
220.17	2.294
220.38	2.278
220.60	2.354
220.82	2.368
221.04	2.340
221.26	2.341
221.48	2.342
221.69	2.303
221.91	2.369
222.13	2.365
222.35	2.399
222.57	2.403
222.79	2.389
223.00	2.373
223.22	2.374
223.44	2.416
223.66	2.392
223.88	2.383
224.10	2.422
224.32	2.391
224.53	2.410
224.75	2.469
224.97	2.523
225.19	2.577
225.41	2.491
225.62	2.547
225.84	2.587
226.06	2.613
226.28	2.657
226.50	2.577
226.72	2.522
226.93	2.536
227.15	2.477
227.37	2.518
227.59	2.524
227.81	2.535
228.02	2.480
228.24	2.525
228.46	2.561
228.68	2.569
228.90	2.578
229.12	2.599
229.33	2.630
229.55	2.591
229.77	2.565
229.99	2.605
230.21	2.531
230.42	2.543
230.64	2.545
230.86	2.535
231.08	2.564
231.30	2.512
231.51	2.591
231.73	2.569
231.95	2.538
232.17	2.549
232.38	2.533
232.60	2.583
232.82	2.635
233.04	2.642
233.26	2.681
233.47	2.633
233.69	2.659
233.91	2.680
234.13	2.702
234.35	2.671
234.56	2.608
234.78	2.569
235.00	2.526
235.22	2.561
235.43	2.558
235.65	2.580
235.87	2.598
236.09	2.651
236.30	2.708
236.52	2.770
236.74	2.761
236.96	2.753
237.18	2.712
237.39	2.696
237.61	2.673
237.83	2.721
238.05	2.678
238.26	2.614
238.48	2.579
238.70	2.580
238.92	2.617
239.13	2.641
239.35	2.662
239.57	2.680
239.79	2.618
240.00	2.635
240.22	2.651
240.44	2.666
240.66	2.710
240.87	2.704
241.09	2.670
241.31	2.642
241.53	2.597
241.74	2.608
241.96	2.600
242.18	2.607
242.40	2.610
242.61	2.552
242.83	2.549
243.05	2.556
243.27	2.579
243.48	2.603
243.70	2.600
243.92	2.572
244.13	2.579
244.35	2.549
244.57	2.563
244.79	2.537
245.00	2.512
245.22	2.481
245.44	2.475
245.65	2.470
245.87	2.472
246.09	2.469
246.31	2.485
246.52	2.500
246.74	2.517
246.96	2.528
247.18	2.556
247.39	2.554
247.61	2.532
247.83	2.548
248.04	2.548
248.26	2.549
248.48	2.531
248.69	2.536
248.91	2.517
249.13	2.511
249.35	2.522
249.56	2.535
249.78	2.520
250.00	2.513
250.21	2.507
250.43	2.507
250.65	2.490
250.86	2.512
251.08	2.506
251.30	2.502
251.51	2.506
251.73	2.512
251.95	2.511
252.17	2.523
252.38	2.529
252.60	2.525
252.82	2.517
253.03	2.505
253.25	2.493
253.47	2.494
253.68	2.488
253.90	2.485
254.12	2.472
254.33	2.465
254.55	2.480
254.77	2.494
254.98	2.489
255.20	2.488
255.42	2.486
255.63	2.481
255.85	2.497
256.07	2.484
256.28	2.473
256.50	2.466
256.72	2.487
256.93	2.499
257.15	2.500
257.37	2.502
257.58	2.493
257.80	2.485
258.02	2.492
258.23	2.495
258.45	2.507
258.67	2.480
258.88	2.493
259.10	2.511
259.32	2.538
259.53	2.553
259.75	2.548
259.96	2.568
260.18	2.548
260.40	2.523
260.61	2.521
260.83	2.514
261.05	2.473
261.26	2.461
261.48	2.473
261.70	2.481
261.91	2.468
262.13	2.492
262.34	2.498
262.56	2.486
262.78	2.480
262.99	2.510
263.21	2.492
263.43	2.480
263.64	2.453
263.86	2.452
264.07	2.438
264.29	2.443
264.51	2.446
264.72	2.434
264.94	2.423
265.16	2.423
265.37	2.426
265.59	2.446
265.80	2.455
266.02	2.455
266.24	2.430
266.45	2.434
266.67	2.444
266.88	2.444
267.10	2.430
267.32	2.404
267.53	2.403
267.75	2.388
267.96	2.402
268.18	2.405
268.40	2.401
268.61	2.384
268.83	2.398
269.04	2.407
269.26	2.407
269.48	2.387
269.69	2.393
269.91	2.371
270.12	2.372
270.34	2.358
270.56	2.364
270.77	2.354
270.99	2.357
271.20	2.361
271.42	2.361
271.64	2.353
271.85	2.359
272.07	2.370
272.28	2.367
272.50	2.352
272.71	2.339
272.93	2.339
273.15	2.337
273.36	2.332
273.58	2.311
273.79	2.299
274.01	2.291
274.22	2.279
274.44	2.286
274.66	2.273
274.87	2.249
275.09	2.236
275.30	2.230
275.52	2.238
275.73	2.236
275.95	2.228
276.16	2.228
276.38	2.212
276.60	2.205
276.81	2.201
277.03	2.202
277.24	2.203
277.46	2.190
277.67	2.179
277.89	2.171
278.10	2.163
278.32	2.163
278.53	2.160
278.75	2.154
278.97	2.138
279.18	2.134
279.40	2.130
279.61	2.130
279.83	2.118
280.04	2.111
280.26	2.108
280.47	2.107
280.69	2.101
280.90	2.101
281.12	2.085
281.33	2.087
281.55	2.075
281.76	2.071
281.98	2.067
282.20	2.051
282.41	2.036
282.63	2.032
282.84	2.021
283.06	2.017
283.27	1.994
283.49	1.983
283.70	1.978
283.92	1.970
284.13	1.962
284.35	1.956
284.56	1.941
284.78	1.930
284.99	1.917
285.21	1.914
285.42	1.909
285.64	1.896
285.85	1.888
286.07	1.875
286.28	1.862
286.50	1.858
286.71	1.849
286.93	1.842
287.14	1.835
287.36	1.824
287.57	1.818
287.79	1.802
288.00	1.793
288.22	1.782
288.43	1.769
288.65	1.758
288.86	1.747
289.08	1.733
289.29	1.721
289.51	1.710
289.72	1.703
289.94	1.693
290.15	1.682
290.37	1.674
290.58	1.663
290.80	1.653
291.01	1.639
291.22	1.630
291.44	1.617
291.65	1.606
291.87	1.596
292.08	1.587
292.30	1.571
292.51	1.563
292.73	1.550
292.94	1.542
293.16	1.532
293.37	1.524
293.59	1.517
293.80	1.506
294.02	1.498
294.23	1.491
294.44	1.481
294.66	1.473
294.87	1.466
295.09	1.459
295.30	1.451
295.52	1.440
295.73	1.430
295.95	1.420
296.16	1.414
296.37	1.407
296.59	1.398
296.80	1.388
297.02	1.376
297.23	1.368
297.45	1.359
297.66	1.355
297.88	1.346
298.09	1.336
298.30	1.327
298.52	1.320
298.73	1.312
298.95	1.306
299.16	1.299
299.38	1.292
299.59	1.280
299.80	1.272
300.02	1.266
300.23	1.259
300.45	1.250
300.66	1.244
300.88	1.237
301.09	1.228
301.30	1.221
301.52	1.216
301.73	1.210
301.95	1.202
302.16	1.194
302.37	1.188
302.59	1.181
302.80	1.174
303.02	1.168
303.23	1.162
303.45	1.156
303.66	1.150
303.87	1.145
304.09	1.138
304.30	1.132
304.52	1.127
304.73	1.121
304.94	1.114
305.16	1.110
305.37	1.105
305.59	1.100
305.80	1.096
306.01	1.092
306.23	1.086
306.44	1.080
306.65	1.075
306.87	1.072
307.08	1.065
307.30	1.058
307.51	1.054
307.72	1.048
307.94	1.043
308.15	1.038
308.37	1.032
308.58	1.026
308.79	1.021
309.01	1.016
309.22	1.012
309.43	1.007
309.65	1.002
309.86	0.999
310.07	0.994
310.29	0.989
310.50	0.986
310.72	0.981
310.93	0.976
311.14	0.972
311.36	0.967
311.57	0.963
311.78	0.956
312.00	0.951
312.21	0.948
312.42	0.942
312.64	0.937
312.85	0.933
313.07	0.928
313.28	0.925
313.49	0.920
313.71	0.916
313.92	0.910
314.13	0.906
314.35	0.902
314.56	0.898
314.77	0.893
314.99	0.890
315.20	0.885
315.41	0.882
315.63	0.878
315.84	0.876
316.05	0.871
316.27	0.867
316.48	0.862
316.69	0.858
316.91	0.853
317.12	0.848
317.33	0.843
317.55	0.840
317.76	0.835
317.97	0.831
318.19	0.827
318.40	0.823
318.61	0.819
318.83	0.815
319.04	0.812
319.25	0.809
319.47	0.805
319.68	0.801
319.89	0.798
320.10	0.795
320.32	0.791
320.53	0.787
320.74	0.784
320.96	0.781
321.17	0.776
321.38	0.772
321.60	0.768
321.81	0.765
322.02	0.761
322.24	0.758
322.45	0.754
322.66	0.750
322.87	0.746
323.09	0.743
323.30	0.740
323.51	0.737
323.73	0.734
323.94	0.730
324.15	0.727
324.36	0.724
324.58	0.721
324.79	0.718
325.00	0.715
325.22	0.712
325.43	0.708
325.64	0.704
325.85	0.701
326.07	0.697
326.28	0.694
326.49	0.691
326.71	0.687
326.92	0.684
327.13	0.680
327.34	0.677
327.56	0.675
327.77	0.672
327.98	0.669
328.19	0.665
328.41	0.662
328.62	0.659
328.83	0.656
329.04	0.654
329.26	0.650
329.47	0.647
329.68	0.644
329.90	0.641
330.11	0.639
330.32	0.636
330.53	0.632
330.75	0.629
330.96	0.625
331.17	0.623
331.38	0.620
331.60	0.617
331.81	0.615
332.02	0.611
332.23	0.608
332.44	0.606
332.66	0.602
332.87	0.600
333.08	0.596
333.29	0.593
333.51	0.590
333.72	0.587
333.93	0.585
334.14	0.582
334.36	0.580
334.57	0.578
334.78	0.575
334.99	0.572
335.21	0.570
335.42	0.567
335.63	0.564
335.84	0.560
336.05	0.557
336.27	0.554
336.48	0.551
336.69	0.549
336.90	0.546
337.11	0.543
337.33	0.540
337.54	0.538
337.75	0.535
337.96	0.533
338.18	0.530
338.39	0.527
338.60	0.524
338.81	0.522
339.02	0.519
339.24	0.517
339.45	0.514
339.66	0.512
339.87	0.509
340.08	0.507
340.30	0.506
340.51	0.503
340.72	0.501
340.93	0.499
341.14	0.497
341.36	0.495
341.57	0.493
341.78	0.491
341.99	0.490
342.20	0.487
342.41	0.484
342.63	0.482
342.84	0.479
343.05	0.476
343.26	0.474
343.47	0.470
343.69	0.468
343.90	0.465
344.11	0.464
344.32	0.463
344.53	0.460
344.74	0.458
344.96	0.456
345.17	0.455
345.38	0.453
345.59	0.451
345.80	0.448
346.01	0.446
346.23	0.444
346.44	0.441
346.65	0.439
346.86	0.437
347.07	0.434
347.28	0.432
347.50	0.430
347.71	0.428
347.92	0.425
348.13	0.423
348.34	0.422
348.55	0.420
348.76	0.418
348.98	0.416
349.19	0.414
349.40	0.412
349.61	0.411
349.82	0.409
350.03	0.407
350.24	0.405
350.46	0.402
350.67	0.400
350.88	0.399
351.09	0.398
351.30	0.395
351.51	0.393
351.72	0.390
351.93	0.388
352.15	0.386
352.36	0.385
352.57	0.383
352.78	0.381
352.99	0.379
353.20	0.377
353.41	0.375
353.62	0.374
353.84	0.373
354.05	0.371
354.26	0.369
354.47	0.368
354.68	0.366
354.89	0.364
355.10	0.362
355.31	0.360
355.52	0.358
355.74	0.357
355.95	0.354
356.16	0.352
356.37	0.351
356.58	0.349
356.79	0.348
357.00	0.346
357.21	0.345
357.42	0.343
357.63	0.341
357.85	0.340
358.06	0.338
358.27	0.336
358.48	0.334
358.69	0.332
358.90	0.331
359.11	0.329
359.32	0.327
359.53	0.325
359.74	0.324
359.95	0.322
360.17	0.321
360.38	0.319
360.59	0.318
360.80	0.316
361.01	0.315
361.22	0.314
361.43	0.312
361.64	0.310
361.85	0.309
362.06	0.307
362.27	0.306
362.48	0.305
362.69	0.303
362.90	0.301
363.12	0.300
363.33	0.298
363.54	0.296
363.75	0.294
363.96	0.293
364.17	0.291
364.38	0.290
364.59	0.288
364.80	0.287
365.01	0.285
365.22	0.284
365.43	0.282
365.64	0.281
365.85	0.279
366.06	0.278
366.27	0.276
366.48	0.275
366.69	0.273
366.90	0.273
367.11	0.271
367.32	0.270
367.54	0.269
367.75	0.267
367.96	0.266
368.17	0.264
368.38	0.262
368.59	0.261
368.80	0.259
369.01	0.258
369.22	0.257
369.43	0.256
369.64	0.255
369.85	0.254
370.06	0.253
370.27	0.252
370.48	0.251
370.69	0.249
370.90	0.248
371.11	0.247
371.32	0.245
371.53	0.245
371.74	0.243
371.95	0.241
372.16	0.240
372.37	0.239
372.58	0.239
372.79	0.238
373.00	0.237
373.21	0.236
373.42	0.235
373.63	0.233
373.84	0.232
374.05	0.231
374.26	0.231
374.47	0.229
374.68	0.227
374.89	0.226
375.10	0.225
375.31	0.223
375.52	0.223
375.73	0.221
375.94	0.220
376.15	0.218
376.36	0.217
376.57	0.216
376.78	0.216
376.99	0.215
377.20	0.214
377.41	0.213
377.62	0.212
377.83	0.211
378.04	0.210
378.25	0.210
378.46	0.209
378.67	0.208
378.88	0.207
379.09	0.205
379.30	0.204
379.51	0.203
379.72	0.202
379.92	0.200
380.13	0.199
380.34	0.197
380.55	0.196
380.76	0.196
380.97	0.195
381.18	0.195
381.39	0.194
381.60	0.194
381.81	0.193
382.02	0.193
382.23	0.192
382.44	0.191
382.65	0.190
382.86	0.189
383.07	0.188
383.28	0.187
383.49	0.186
383.70	0.185
383.91	0.184
384.11	0.184
384.32	0.183
384.53	0.181
384.74	0.180
384.95	0.179
385.16	0.178
385.37	0.177
385.58	0.176
385.79	0.176
386.00	0.175
386.21	0.174
386.42	0.173
386.63	0.172
386.84	0.172
387.04	0.172
387.25	0.171
387.46	0.170
387.67	0.170
387.88	0.169
388.09	0.169
388.30	0.167
388.51	0.166
388.72	0.165
388.93	0.164
389.14	0.164
389.34	0.163
389.55	0.162
389.76	0.162
389.97	0.161
390.18	0.160
390.39	0.160
390.60	0.159
390.81	0.159
391.02	0.159
391.23	0.159
391.43	0.158
391.64	0.158
391.85	0.157
392.06	0.156
392.27	0.155
392.48	0.154
392.69	0.153
392.90	0.152
393.11	0.151
393.31	0.149
393.52	0.148
393.73	0.148
393.94	0.147
394.15	0.146
394.36	0.146
394.57	0.145
394.78	0.145
394.98	0.145
395.19	0.144
395.40	0.144
395.61	0.143
395.82	0.143
396.03	0.143
396.24	0.142
396.44	0.143
396.65	0.143
396.86	0.142
397.07	0.143
397.28	0.141
397.49	0.141
397.70	0.140
397.90	0.138
398.11	0.138
398.32	0.136
398.53	0.135
398.74	0.133
398.95	0.133
399.16	0.133
399.36	0.132
399.57	0.131
399.78	0.131
399.99	0.131
400.20	0.130
400.41	0.130
400.61	0.130
400.82	0.129
401.03	0.129
401.24	0.129
401.45	0.129
401.66	0.128
401.86	0.127
402.07	0.127
402.28	0.127
402.49	0.126
402.70	0.126
402.91	0.125
403.11	0.124
403.32	0.123
403.53	0.123
403.74	0.123
403.95	0.123
404.15	0.123
404.36	0.122
404.57	0.121
404.78	0.121
404.99	0.120
405.20	0.120
405.40	0.119
405.61	0.119
405.82	0.118
406.03	0.118
406.24	0.117
406.44	0.117
406.65	0.117
406.86	0.117
407.07	0.117
407.28	0.117
407.48	0.116
407.69	0.116
407.90	0.114
408.11	0.114
408.32	0.113
408.52	0.113
408.73	0.112
408.94	0.111
409.15	0.110
409.35	0.110
409.56	0.110
409.77	0.110
409.98	0.110
410.19	0.110
410.39	0.109
410.60	0.108
410.81	0.108
411.02	0.108
411.22	0.108
411.43	0.108
411.64	0.107
411.85	0.107
412.05	0.106
412.26	0.105
412.47	0.105
412.68	0.105
412.89	0.105
413.09	0.104
413.30	0.103
413.51	0.103
413.72	0.103
413.92	0.103
414.13	0.103
414.34	0.103
414.55	0.102
414.75	0.101
414.96	0.102
415.17	0.103
415.38	0.102
415.58	0.102
415.79	0.101
416.00	0.101
416.21	0.100
416.41	0.100
416.62	0.100
416.83	0.099
417.03	0.099
417.24	0.099
417.45	0.098
417.66	0.098
417.86	0.098
418.07	0.098
418.28	0.098
418.49	0.098
418.69	0.097
418.90	0.097
419.11	0.097
419.31	0.097
419.52	0.097
419.73	0.097
419.94	0.097
420.14	0.096
420.35	0.096
420.56	0.095
420.76	0.095
420.97	0.094
421.18	0.093
421.39	0.092
421.59	0.091
421.80	0.090
422.01	0.089
422.21	0.088
422.42	0.088
422.63	0.088
422.84	0.088
423.04	0.087
423.25	0.088
423.46	0.088
423.66	0.089
423.87	0.089
424.08	0.088
424.28	0.088
424.49	0.088
424.70	0.087
424.90	0.087
425.11	0.087
425.32	0.086
425.52	0.086
425.73	0.086
425.94	0.086
426.15	0.087
426.35	0.087
426.56	0.087
426.77	0.087
426.97	0.086
427.18	0.087
427.39	0.086
427.59	0.086
427.80	0.086
428.01	0.085
428.21	0.085
428.42	0.085
428.63	0.084
428.83	0.084
429.04	0.084
429.25	0.084
429.45	0.083
429.66	0.083
429.87	0.083
430.07	0.081
430.28	0.081
430.48	0.080
430.69	0.079
430.90	0.078
431.10	0.078
431.31	0.077
431.52	0.076
431.72	0.076
431.93	0.078
432.14	0.078
432.34	0.078
432.55	0.079
432.76	0.079
432.96	0.079
433.17	0.079
433.37	0.078
433.58	0.079
433.79	0.078
433.99	0.078
434.20	0.078
434.41	0.077
434.61	0.077
434.82	0.078
435.02	0.079
435.23	0.078
435.44	0.078
435.64	0.077
435.85	0.076
436.06	0.076
436.26	0.075
436.47	0.074
436.67	0.073
436.88	0.072
437.09	0.073
437.29	0.072
437.50	0.073
437.70	0.072
437.91	0.073
438.12	0.073
438.32	0.073
438.53	0.073
438.73	0.072
438.94	0.072
439.15	0.072
439.35	0.072
439.56	0.073
439.76	0.072
439.97	0.072
440.18	0.072
440.38	0.072
440.59	0.072
440.79	0.072
441.00	0.072
441.20	0.072
441.41	0.072
441.62	0.072
441.82	0.072
442.03	0.072
442.23	0.072
442.44	0.071
442.65	0.071
442.85	0.070
443.06	0.070
443.26	0.070
443.47	0.070
443.67	0.070
443.88	0.070
444.09	0.069
444.29	0.070
444.50	0.070
444.70	0.069
444.91	0.069
445.11	0.069
445.32	0.069
445.52	0.068
445.73	0.067
445.94	0.067
446.14	0.066
446.35	0.066
446.55	0.066
446.76	0.066
446.96	0.065
447.17	0.064
447.37	0.065
447.58	0.065
447.78	0.065
447.99	0.065
448.20	0.064
448.40	0.064
448.61	0.064
448.81	0.065
449.02	0.064
449.22	0.064
449.43	0.064
449.63	0.064
449.84	0.063
450.04	0.064
450.25	0.064
450.45	0.064
450.66	0.064
450.86	0.064
451.07	0.064
451.27	0.064
451.48	0.064
451.68	0.064
451.89	0.063
452.09	0.063
452.30	0.063
452.50	0.063
452.71	0.062
452.91	0.062
453.12	0.062
453.33	0.062
453.53	0.063
453.74	0.063
453.94	0.063
454.15	0.063
454.35	0.063
454.56	0.063
454.76	0.063
454.96	0.063
455.17	0.062
455.37	0.061
455.58	0.061
455.78	0.061
455.99	0.061
456.19	0.060
456.40	0.061
456.60	0.060
456.81	0.060
457.01	0.060
457.22	0.061
457.42	0.060
457.63	0.060
457.83	0.060
458.04	0.060
458.24	0.060
458.45	0.059
458.65	0.059
458.86	0.059
459.06	0.059
459.27	0.059
459.47	0.059
459.67	0.058
459.88	0.058
460.08	0.057
460.29	0.058
460.49	0.057
460.70	0.057
460.90	0.057
461.11	0.057
461.31	0.057
461.52	0.058
461.72	0.058
461.92	0.059
462.13	0.059
462.33	0.059
462.54	0.059
462.74	0.059
462.95	0.059
463.15	0.059
463.36	0.058
463.56	0.059
463.76	0.059
463.97	0.059
464.17	0.059
464.38	0.058
464.58	0.058
464.79	0.058
464.99	0.057
465.19	0.057
465.40	0.055
465.60	0.055
465.81	0.054
466.01	0.054
466.22	0.053
466.42	0.053
466.62	0.053
466.83	0.054
467.03	0.054
467.24	0.054
467.44	0.055
467.65	0.054
467.85	0.054
468.05	0.055
468.26	0.055
468.46	0.055
468.67	0.055
468.87	0.055
469.07	0.055
469.28	0.055
469.48	0.055
469.69	0.055
469.89	0.054
470.09	0.054
470.30	0.054
470.50	0.054
470.71	0.053
470.91	0.053
471.11	0.054
471.32	0.054
471.52	0.054
471.72	0.054
471.93	0.054
472.13	0.054
472.34	0.055
472.54	0.055
472.74	0.054
472.95	0.054
473.15	0.054
473.35	0.054
473.56	0.054
473.76	0.055
473.97	0.054
474.17	0.054
474.37	0.055
474.58	0.055
474.78	0.054
474.98	0.054
475.19	0.054
475.39	0.053
475.60	0.053
475.80	0.053
476.00	0.053
476.21	0.052
476.41	0.052
476.61	0.052
476.82	0.052
477.02	0.052
477.22	0.052
477.43	0.052
477.63	0.052
477.83	0.052
478.04	0.051
478.24	0.051
478.44	0.051
478.65	0.051
478.85	0.052
479.05	0.052
479.26	0.052
479.46	0.052
479.66	0.052
479.87	0.052
480.07	0.051
480.27	0.051
480.48	0.051
480.68	0.050
480.88	0.050
481.09	0.050
481.29	0.050
481.49	0.050
481.70	0.050
481.90	0.050
482.10	0.050
482.31	0.050
482.51	0.050
482.71	0.050
482.92	0.049
483.12	0.050
483.32	0.049
483.52	0.049
483.73	0.049
483.93	0.049
484.13	0.049
484.34	0.049
484.54	0.050
484.74	0.050
484.95	0.049
485.15	0.050
485.35	0.049
485.55	0.050
485.76	0.050
485.96	0.049
486.16	0.049
486.37	0.048
486.57	0.048
486.77	0.048
486.97	0.048
487.18	0.048
487.38	0.048
487.58	0.048
487.79	0.047
487.99	0.048
488.19	0.048
488.39	0.048
488.60	0.048
488.80	0.048
489.00	0.048
489.20	0.048
489.41	0.048
489.61	0.048
489.81	0.048
490.02	0.048
490.22	0.048
490.42	0.048
490.62	0.048
490.83	0.048
491.03	0.048
491.23	0.047
491.43	0.047
491.64	0.047
491.84	0.047
492.04	0.047
492.24	0.047
492.45	0.047
492.65	0.048
492.85	0.048
493.05	0.048
493.26	0.048
493.46	0.047
493.66	0.047
493.86	0.046
494.07	0.047
494.27	0.047
494.47	0.047
494.67	0.047
494.87	0.047
495.08	0.046
495.28	0.046
495.48	0.046
495.68	0.046
495.89	0.045
496.09	0.045
496.29	0.044
496.49	0.044
496.69	0.044
496.90	0.044
497.10	0.044
497.30	0.045
497.50	0.045
497.71	0.045
497.91	0.046
498.11	0.046
498.31	0.046
498.51	0.046
498.72	0.046
498.92	0.046
499.12	0.045
499.32	0.046
499.52	0.046
499.73	0.046
499.93	0.046
500.13	0.046
500.33	0.046
500.53	0.046
500.74	0.045
500.94	0.046
501.14	0.046
501.34	0.045
501.54	0.045
501.74	0.045
501.95	0.045
502.15	0.045
502.35	0.045
502.55	0.045
502.75	0.046
502.96	0.046
503.16	0.046
503.36	0.046
503.56	0.045
503.76	0.045
503.96	0.045
504.17	0.045
504.37	0.045
504.57	0.045
504.77	0.044
504.97	0.045
505.17	0.045
505.38	0.045
505.58	0.045
505.78	0.045
505.98	0.045
506.18	0.045
506.38	0.044
506.58	0.045
506.79	0.045
506.99	0.044
507.19	0.044
507.39	0.045
507.59	0.044
507.79	0.044
507.99	0.044
508.20	0.044
508.40	0.044
508.60	0.044
508.80	0.044
509.00	0.044
509.20	0.044
509.40	0.044
509.61	0.045
509.81	0.045
510.01	0.045
510.21	0.045
510.41	0.045
510.61	0.045
510.81	0.044
511.01	0.044
511.22	0.044
511.42	0.044
511.62	0.044
511.82	0.044
512.02	0.043
512.22	0.044
512.42	0.043
512.62	0.044
512.82	0.044
513.03	0.044
513.23	0.043
513.43	0.044
513.63	0.044
513.83	0.044
514.03	0.044
514.23	0.044
514.43	0.044
514.63	0.044
514.83	0.045
515.04	0.045
515.24	0.045
515.44	0.045
515.64	0.045
515.84	0.044
516.04	0.045
516.24	0.045
516.44	0.045
516.64	0.044
516.84	0.044
517.04	0.044
517.24	0.044
517.45	0.045
517.65	0.044
517.85	0.044
518.05	0.044
518.25	0.044
518.45	0.044
518.65	0.044
518.85	0.044
519.05	0.044
519.25	0.044
519.45	0.044
519.65	0.044
519.85	0.044
520.05	0.044
520.25	0.044
520.46	0.043
520.66	0.044
520.86	0.044
521.06	0.044
521.26	0.044
521.46	0.044
521.66	0.044
521.86	0.044
522.06	0.044
522.26	0.043
522.46	0.043
522.66	0.043
522.86	0.043
523.06	0.043
523.26	0.043
523.46	0.043
523.66	0.043
523.86	0.043
524.06	0.043
524.26	0.043
524.46	0.043
524.66	0.043
524.86	0.043
525.06	0.044
525.26	0.044
525.46	0.044
525.66	0.043
525.87	0.045
526.07	0.045
526.27	0.045
526.47	0.045
526.67	0.045
526.87	0.045
527.07	0.045
527.27	0.045
527.47	0.045
527.67	0.044
527.87	0.044
528.07	0.044
528.27	0.044
528.47	0.043
528.67	0.043
528.87	0.043
529.07	0.043
529.27	0.043
529.47	0.043
529.67	0.043
529.87	0.043
530.07	0.043
530.27	0.044
530.47	0.044
530.67	0.044
530.87	0.044
531.06	0.044
531.26	0.044
531.46	0.045
531.66	0.045
531.86	0.045
532.06	0.045
532.26	0.044
532.46	0.045
532.66	0.045
532.86	0.045
533.06	0.045
533.26	0.045
533.46	0.045
533.66	0.044
533.86	0.044
534.06	0.044
534.26	0.043
534.46	0.043
534.66	0.043
534.86	0.042
535.06	0.042
535.26	0.042
535.46	0.042
535.66	0.042
535.86	0.043
536.06	0.043
536.26	0.043
536.45	0.043
536.65	0.044
536.85	0.044
537.05	0.044
537.25	0.044
537.45	0.044
537.65	0.044
537.85	0.044
538.05	0.043
538.25	0.043
538.45	0.043
538.65	0.043
538.85	0.042
539.05	0.042
539.25	0.042
539.44	0.042
539.64	0.042
539.84	0.042
540.04	0.042
540.24	0.042
540.44	0.042
540.64	0.042
540.84	0.042
541.04	0.042
541.24	0.042
541.44	0.042
541.64	0.042
541.83	0.043
542.03	0.043
542.23	0.043
542.43	0.043
542.63	0.043
542.83	0.043
543.03	0.043
543.23	0.043
543.43	0.043
543.63	0.042
543.82	0.042
544.02	0.042
544.22	0.042
544.42	0.042
544.62	0.043
544.82	0.043
545.02	0.043
545.22	0.043
545.42	0.042
545.61	0.042
545.81	0.042
546.01	0.043
546.21	0.043
546.41	0.042
546.61	0.042
546.81	0.042
547.01	0.041
547.20	0.041
547.40	0.041
547.60	0.042
547.80	0.041
548.00	0.041
548.20	0.041
548.40	0.042
548.59	0.042
548.79	0.042
548.99	0.042
549.19	0.041
549.39	0.041
549.59	0.042
549.79	0.042
549.98	0.043
550.18	0.043
550.38	0.043
550.58	0.044
550.78	0.044
550.98	0.044
551.17	0.044
551.37	0.043
551.57	0.043
551.77	0.042
551.97	0.041
552.17	0.041
552.36	0.041
552.56	0.041
552.76	0.041
552.96	0.041
553.16	0.042
553.36	0.042
553.55	0.042
553.75	0.042
553.95	0.042
554.15	0.042
554.35	0.042
554.55	0.041
554.74	0.041
554.94	0.041
555.14	0.041
555.34	0.041
555.54	0.041
555.73	0.041
555.93	0.042
556.13	0.042
556.33	0.042
556.53	0.042
556.72	0.042
556.92	0.042
557.12	0.042
557.32	0.042
557.52	0.042
557.71	0.042
557.91	0.042
558.11	0.042
558.31	0.043
558.51	0.043
558.70	0.043
558.90	0.043
559.10	0.043
559.30	0.043
559.49	0.043
559.69	0.043
559.89	0.043
560.09	0.043
560.29	0.043
560.48	0.042
560.68	0.042
560.88	0.042
561.08	0.042
561.27	0.041
561.47	0.041
561.67	0.042
561.87	0.041
562.06	0.041
562.26	0.042
562.46	0.042
562.66	0.042
562.86	0.042
563.05	0.042
563.25	0.042
563.45	0.041
563.65	0.041
563.84	0.041
564.04	0.041
564.24	0.041
564.44	0.041
564.63	0.041
564.83	0.042
565.03	0.042
565.22	0.043
565.42	0.043
565.62	0.043
565.82	0.043
566.01	0.043
566.21	0.043
566.41	0.043
566.61	0.042
566.80	0.042
567.00	0.042
567.20	0.042
567.40	0.043
567.59	0.042
567.79	0.042
567.99	0.042
568.18	0.041
568.38	0.041
568.58	0.041
568.78	0.041
568.97	0.041
569.17	0.040
569.37	0.040
569.56	0.040
569.76	0.040
569.96	0.040
570.16	0.040
570.35	0.040
570.55	0.039
570.75	0.039
570.94	0.038
571.14	0.038
571.34	0.039
571.53	0.038
571.73	0.038
571.93	0.038
572.12	0.038
572.32	0.038
572.52	0.039
572.72	0.039
572.91	0.039
573.11	0.038
573.31	0.038
573.50	0.037
573.70	0.037
573.90	0.037
574.09	0.037
574.29	0.036
574.49	0.036
574.68	0.036
574.88	0.036
575.08	0.037
575.27	0.037
575.47	0.037
575.67	0.038
575.86	0.038
576.06	0.039
576.26	0.038
576.45	0.038
576.65	0.037
576.85	0.036
577.04	0.036
577.24	0.035
577.44	0.034
577.63	0.034
577.83	0.034
578.02	0.034
578.22	0.033
578.42	0.034
578.61	0.034
578.81	0.034
579.01	0.035
579.20	0.036
579.40	0.037
579.60	0.038
579.79	0.038
579.99	0.038
580.19	0.037
580.38	0.037
580.58	0.036
580.77	0.036
580.97	0.034
581.17	0.033
581.36	0.032
581.56	0.032
581.75	0.032
581.95	0.032
582.15	0.032
582.34	0.033
582.54	0.034
582.74	0.035
582.93	0.036
583.13	0.037
583.32	0.038
583.52	0.039
583.72	0.039
583.91	0.039
584.11	0.038
584.30	0.037
584.50	0.037
584.70	0.036
584.89	0.035
585.09	0.034
585.28	0.034
585.48	0.035
585.68	0.035
585.87	0.036
586.07	0.036
586.26	0.037
586.46	0.037
586.66	0.038
586.85	0.037
587.05	0.037
587.24	0.037
587.44	0.037
587.63	0.036
587.83	0.037
588.03	0.037
588.22	0.037
588.42	0.037
588.61	0.038
588.81	0.038
589.00	0.038
589.20	0.038
589.40	0.039
589.59	0.039
589.79	0.039
589.98	0.039
590.18	0.040
590.37	0.040
590.57	0.040
590.76	0.041
590.96	0.041
591.16	0.041
591.35	0.042
591.55	0.041
591.74	0.040
591.94	0.040
592.13	0.039
592.33	0.038
592.52	0.038
592.72	0.037
592.91	0.036
593.11	0.036
593.30	0.036
593.50	0.036
593.70	0.037
593.89	0.037
594.09	0.038
594.28	0.038
594.48	0.038
594.67	0.038
594.87	0.038
595.06	0.039
595.26	0.039
595.45	0.039
595.65	0.039
595.84	0.040
596.04	0.040
596.23	0.040
596.43	0.040
596.62	0.040
596.82	0.040
597.01	0.040
597.21	0.040
597.40	0.039
597.60	0.039
597.79	0.038
597.99	0.038
598.18	0.038
598.38	0.037
598.57	0.037
598.77	0.036
598.96	0.036
599.16	0.036
599.35	0.035
599.55	0.035
599.74	0.036
599.94	0.036
600.13	0.036
600.33	0.036
600.52	0.037
600.72	0.038
600.91	0.038
601.11	0.039
601.30	0.040
601.50	0.040
601.69	0.041
601.89	0.041
602.08	0.042
602.27	0.042
602.47	0.041
602.66	0.041
602.86	0.040
603.05	0.040
603.25	0.039
603.44	0.039
603.64	0.039
603.83	0.039
604.03	0.039
604.22	0.039
604.41	0.039
604.61	0.039
604.80	0.038
605.00	0.038
605.19	0.038
605.39	0.038
605.58	0.038
605.78	0.037
605.97	0.037
606.16	0.037
606.36	0.037
606.55	0.037
606.75	0.036
606.94	0.036
607.14	0.036
607.33	0.036
607.52	0.036
607.72	0.036
607.91	0.037
608.11	0.038
608.30	0.039
608.50	0.039
608.69	0.040
608.88	0.039
609.08	0.040
609.27	0.040
609.47	0.040
609.66	0.040
609.85	0.040
610.05	0.040
610.24	0.040
610.44	0.041
610.63	0.041
610.83	0.041
611.02	0.041
611.21	0.041
611.41	0.041
611.60	0.041
611.80	0.040
611.99	0.040
612.18	0.040
612.38	0.040
612.57	0.040
612.76	0.040
612.96	0.040
613.15	0.040
613.35	0.039
613.54	0.040
613.73	0.039
613.93	0.039
614.12	0.038
614.32	0.038
614.51	0.037
614.70	0.037
614.90	0.037
615.09	0.037
615.28	0.037
615.48	0.038
615.67	0.038
615.86	0.039
616.06	0.039
616.25	0.040
616.45	0.040
616.64	0.040
616.83	0.040
617.03	0.040
617.22	0.041
617.41	0.041
617.61	0.041
617.80	0.041
617.99	0.041
618.19	0.041
618.38	0.042
618.57	0.042
618.77	0.042
618.96	0.042
619.15	0.043
619.35	0.043
619.54	0.043
619.73	0.042
619.93	0.043
620.12	0.042
620.31	0.042
620.51	0.042
620.70	0.043
620.89	0.043
621.09	0.043
621.28	0.043
621.47	0.043
621.67	0.043
621.86	0.043
622.05	0.043
622.25	0.043
622.44	0.043
622.63	0.042
622.83	0.043
623.02	0.043
623.21	0.042
623.41	0.042
623.60	0.042
623.79	0.042
623.98	0.042
624.18	0.042
624.37	0.042
624.56	0.041
624.76	0.041
624.95	0.042
625.14	0.042
625.33	0.042
625.53	0.042
625.72	0.042
625.91	0.042
626.11	0.042
626.30	0.042
626.49	0.042
626.68	0.042
626.88	0.042
627.07	0.042
627.26	0.043
627.46	0.043
627.65	0.043
627.84	0.043
628.03	0.043
628.23	0.043
628.42	0.043
628.61	0.043
628.80	0.043
629.00	0.043
629.19	0.043
629.38	0.043
629.58	0.044
629.77	0.044
629.96	0.045
630.15	0.045
630.35	0.045
630.54	0.045
630.73	0.045
630.92	0.045
631.12	0.046
631.31	0.046
631.50	0.046
631.69	0.046
631.89	0.046
632.08	0.046
632.27	0.046
632.46	0.046
632.65	0.046
632.85	0.046
633.04	0.045
633.23	0.045
633.42	0.045
633.62	0.045
633.81	0.045
634.00	0.045
634.19	0.045
634.39	0.045
634.58	0.045
634.77	0.045
634.96	0.045
635.15	0.045
635.35	0.045
635.54	0.044
635.73	0.044
635.92	0.045
636.11	0.044
636.31	0.044
636.50	0.044
636.69	0.045
636.88	0.045
637.07	0.045
637.27	0.045
637.46	0.045
637.65	0.045
637.84	0.045
638.03	0.044
638.23	0.045
638.42	0.044
638.61	0.044
638.80	0.044
638.99	0.044
639.19	0.045
639.38	0.045
639.57	0.044
639.76	0.045
639.95	0.044
640.14	0.045
640.34	0.045
640.53	0.044
640.72	0.044
640.91	0.044
641.10	0.044
641.30	0.045
641.49	0.045
641.68	0.044
641.87	0.044
642.06	0.044
642.25	0.044
642.44	0.045
642.64	0.044
642.83	0.044
643.02	0.044
643.21	0.044
643.40	0.045
643.59	0.046
643.79	0.046
643.98	0.046
644.17	0.046
644.36	0.046
644.55	0.046
644.74	0.046
644.93	0.046
645.13	0.046
645.32	0.046
645.51	0.046
645.70	0.045
645.89	0.045
646.08	0.045
646.27	0.045
646.46	0.044
646.66	0.044
646.85	0.044
647.04	0.043
647.23	0.043
647.42	0.044
647.61	0.043
647.80	0.043
647.99	0.043
648.19	0.043
648.38	0.043
648.57	0.043
648.76	0.044
648.95	0.044
649.14	0.044
649.33	0.045
649.52	0.045
649.71	0.045
649.91	0.045
650.10	0.045
650.29	0.046
650.48	0.046
650.67	0.046
650.86	0.046
651.05	0.046
651.24	0.046
651.43	0.046
651.62	0.046
651.81	0.046
652.01	0.046
652.20	0.045
652.39	0.046
652.58	0.045
652.77	0.045
652.96	0.045
653.15	0.044
653.34	0.044
653.53	0.044
653.72	0.044
653.91	0.045
654.10	0.044
654.29	0.043
654.48	0.042
654.68	0.040
654.87	0.039
655.06	0.037
655.25	0.036
655.44	0.035
655.63	0.035
655.82	0.034
656.01	0.035
656.20	0.035
656.39	0.036
656.58	0.038
656.77	0.040
656.96	0.041
657.15	0.042
657.34	0.043
657.53	0.043
657.72	0.044
657.91	0.044
658.10	0.044
658.29	0.044
658.48	0.044
658.68	0.044
658.87	0.044
659.06	0.044
659.25	0.044
659.44	0.044
659.63	0.044
659.82	0.044
660.01	0.045
660.20	0.045
660.39	0.045
660.58	0.045
660.77	0.046
660.96	0.046
661.15	0.045
661.34	0.045
661.53	0.045
661.72	0.045
661.91	0.045
662.10	0.045
662.29	0.044
662.48	0.045
662.67	0.045
662.86	0.045
663.05	0.045
663.24	0.045
663.43	0.044
663.62	0.044
663.81	0.044
664.00	0.045
664.19	0.045
664.38	0.045
664.57	0.045
664.76	0.045
664.95	0.045
665.14	0.045
665.33	0.045
665.52	0.045
665.71	0.045
665.90	0.044
666.09	0.044
666.28	0.044
666.46	0.044
666.65	0.044
666.84	0.044
667.03	0.044
667.22	0.045
667.41	0.045
667.60	0.045
667.79	0.046
667.98	0.046
668.17	0.046
668.36	0.045
668.55	0.046
668.74	0.046
668.93	0.046
669.12	0.045
669.31	0.045
669.50	0.045
669.69	0.045
669.88	0.044
670.07	0.044
670.26	0.044
670.44	0.044
670.63	0.043
670.82	0.043
671.01	0.042
671.20	0.042
671.39	0.042
671.58	0.042
671.77	0.043
671.96	0.043
672.15	0.043
672.34	0.043
672.53	0.044
672.72	0.045
672.91	0.045
673.09	0.045
673.28	0.045
673.47	0.045
673.66	0.045
673.85	0.045
674.04	0.045
674.23	0.045
674.42	0.045
674.61	0.045
674.80	0.045
674.98	0.045
675.17	0.044
675.36	0.044
675.55	0.044
675.74	0.044
675.93	0.044
676.12	0.043
676.31	0.044
676.50	0.043
676.69	0.044
676.87	0.043
677.06	0.043
677.25	0.043
677.44	0.043
677.63	0.043
677.82	0.043
678.01	0.043
678.20	0.043
678.38	0.043
678.57	0.043
678.76	0.043
678.95	0.043
679.14	0.043
679.33	0.043
679.52	0.043
679.71	0.044
679.89	0.043
680.08	0.044
680.27	0.044
680.46	0.044
680.65	0.043
680.84	0.043
681.02	0.043
681.21	0.043
681.40	0.043
681.59	0.043
681.78	0.044
681.97	0.044
682.16	0.044
682.34	0.044
682.53	0.044
682.72	0.045
682.91	0.045
683.10	0.044
683.29	0.044
683.47	0.044
683.66	0.043
683.85	0.043
684.04	0.043
684.23	0.043
684.42	0.043
684.60	0.042
684.79	0.043
684.98	0.043
685.17	0.042
685.36	0.042
685.54	0.042
685.73	0.042
685.92	0.042
686.11	0.042
686.30	0.042
686.49	0.042
686.67	0.041
686.86	0.042
687.05	0.042
687.24	0.042
687.43	0.043
687.61	0.042
687.80	0.043
687.99	0.043
688.18	0.043
688.36	0.044
688.55	0.044
688.74	0.044
688.93	0.043
689.12	0.043
689.30	0.043
689.49	0.043
689.68	0.043
689.87	0.043
690.06	0.043
690.24	0.043
690.43	0.043
690.62	0.042
690.81	0.042
690.99	0.042
691.18	0.042
691.37	0.042
691.56	0.042
691.74	0.042
691.93	0.042
692.12	0.042
692.31	0.042
692.50	0.042
692.68	0.043
692.87	0.043
693.06	0.043
693.25	0.043
693.43	0.043
693.62	0.043
693.81	0.043
694.00	0.043
694.18	0.044
694.37	0.043
694.56	0.043
694.74	0.044
694.93	0.044
695.12	0.045
695.31	0.044
695.49	0.044
695.68	0.044
695.87	0.043
696.06	0.043
696.24	0.043
696.43	0.042
696.62	0.042
696.80	0.042
696.99	0.042
697.18	0.042
697.37	0.042
697.55	0.042
697.74	0.042
697.93	0.043
698.12	0.042
698.30	0.043
698.49	0.043
698.68	0.043
698.86	0.044
699.05	0.044
699.24	0.044
699.42	0.044
699.61	0.044
699.80	0.044
699.99	0.044
700.17	0.044
700.36	0.044
700.55	0.044
700.73	0.044
700.92	0.043
701.11	0.043
701.29	0.043
701.48	0.043
701.67	0.043
701.85	0.042
702.04	0.042
702.23	0.042
702.41	0.042
702.60	0.042
702.79	0.043
702.97	0.042
703.16	0.042
703.35	0.043
703.53	0.043
703.72	0.043
703.91	0.043
704.09	0.043
704.28	0.043
704.47	0.043
704.65	0.043
704.84	0.043
705.03	0.043
705.21	0.043
705.40	0.044
705.59	0.043
705.77	0.043
705.96	0.042
706.15	0.043
706.33	0.042
706.52	0.042
706.71	0.042
706.89	0.042
707.08	0.042
707.26	0.042
707.45	0.042
707.64	0.042
707.82	0.042
708.01	0.043
708.20	0.043
708.38	0.043
708.57	0.043
708.75	0.043
708.94	0.043
709.13	0.043
709.31	0.043
709.50	0.043
709.69	0.043
709.87	0.043
710.06	0.043
710.24	0.043
710.43	0.043
710.62	0.043
710.80	0.043
710.99	0.044
711.17	0.043
711.36	0.043
711.55	0.043
711.73	0.043
711.92	0.044
712.10	0.044
712.29	0.044
712.48	0.043
712.66	0.043
712.85	0.043
713.03	0.043
713.22	0.043
713.40	0.043
713.59	0.042
713.78	0.042
713.96	0.042
714.15	0.042
714.33	0.042
714.52	0.042
714.71	0.042
714.89	0.042
715.08	0.042
715.26	0.043
715.45	0.043
715.63	0.043
715.82	0.043
716.00	0.044
716.19	0.044
716.38	0.043
716.56	0.043
716.75	0.043
716.93	0.043
717.12	0.042
717.30	0.042
717.49	0.042
717.67	0.042
717.86	0.042
718.05	0.042
718.23	0.042
718.42	0.042
718.60	0.042
718.79	0.042
718.97	0.042
719.16	0.042
719.34	0.043
719.53	0.043
719.71	0.043
719.90	0.043
720.08	0.043
720.27	0.043
720.45	0.043
720.64	0.043
720.83	0.043
721.01	0.043
721.20	0.043
721.38	0.043
721.57	0.042
721.75	0.042
721.94	0.042
722.12	0.043
722.31	0.043
722.49	0.043
722.68	0.043
722.86	0.043
723.05	0.043
723.23	0.044
723.42	0.044
723.60	0.043
723.79	0.043
723.97	0.043
724.16	0.043
724.34	0.043
724.53	0.042
724.71	0.043
724.90	0.042
725.08	0.042
725.27	0.042
725.45	0.042
725.64	0.042
725.82	0.042
726.00	0.042
726.19	0.042
726.37	0.042
726.56	0.042
726.74	0.042
726.93	0.042
727.11	0.042
727.30	0.042
727.48	0.042
727.67	0.042
727.85	0.042
728.04	0.042
728.22	0.042
728.40	0.042
728.59	0.042
728.77	0.042
728.96	0.042
729.14	0.042
729.33	0.042
729.51	0.042
729.70	0.042
729.88	0.042
730.07	0.041
730.25	0.041
730.43	0.041
730.62	0.041
730.80	0.041
730.99	0.041
731.17	0.041
731.36	0.041
731.54	0.041
731.72	0.041
731.91	0.041
732.09	0.041
732.28	0.041
732.46	0.041
732.65	0.041
732.83	0.041
733.01	0.042
733.20	0.041
733.38	0.041
733.57	0.042
733.75	0.042
733.93	0.042
734.12	0.042
734.30	0.041
734.49	0.041
734.67	0.041
734.85	0.041
735.04	0.041
735.22	0.041
735.41	0.042
735.59	0.042
735.77	0.041
735.96	0.042
736.14	0.042
736.33	0.042
736.51	0.042
736.69	0.042
736.88	0.042
737.06	0.041
737.25	0.041
737.43	0.041
737.61	0.041
737.80	0.041
737.98	0.041
738.16	0.040
738.35	0.040
738.53	0.040
738.71	0.040
738.90	0.041
739.08	0.041
739.27	0.042
739.45	0.042
739.63	0.042
739.82	0.042
740.00	0.043
740.18	0.043
740.37	0.043
740.55	0.043
740.73	0.043
740.92	0.042
741.10	0.042
741.28	0.042
741.47	0.042
741.65	0.042
741.83	0.042
742.02	0.042
742.20	0.042
742.38	0.042
742.57	0.043
742.75	0.043
742.93	0.043
743.12	0.043
743.30	0.044
743.48	0.044
743.67	0.044
743.85	0.044
744.03	0.044
744.22	0.043
744.40	0.043
744.58	0.043
744.77	0.043
744.95	0.043
745.13	0.042
745.32	0.043
745.50	0.042
745.68	0.042
745.87	0.042
746.05	0.043
746.23	0.043
746.41	0.043
746.60	0.043
746.78	0.043
746.96	0.043
747.15	0.044
747.33	0.044
747.51	0.044
747.70	0.044
747.88	0.043
748.06	0.043
748.24	0.043
748.43	0.044
748.61	0.043
748.79	0.043
748.97	0.044
749.16	0.044
749.34	0.043
749.52	0.043
749.71	0.043
749.89	0.043
750.07	0.043
750.25	0.042
750.44	0.042
750.62	0.042
750.80	0.042
750.98	0.042
751.17	0.042
751.35	0.042
751.53	0.042
751.71	0.042
751.90	0.042
752.08	0.042
752.26	0.042
752.44	0.042
752.63	0.042
752.81	0.042
752.99	0.042
753.17	0.042
753.36	0.042
753.54	0.042
753.72	0.042
753.90	0.042
754.09	0.042
754.27	0.042
754.45	0.042
754.63	0.041
754.82	0.041
755.00	0.042
755.18	0.042
755.36	0.042
755.54	0.042
755.73	0.042
755.91	0.042
756.09	0.042
756.27	0.042
756.45	0.042
756.64	0.042
756.82	0.042
757.00	0.042
757.18	0.042
757.37	0.042
757.55	0.042
757.73	0.042
757.91	0.043
758.09	0.043
758.27	0.043
758.46	0.043
758.64	0.042
758.82	0.042
759.00	0.042
759.18	0.042
759.37	0.042
759.55	0.041
759.73	0.041
759.91	0.041
760.09	0.041
760.28	0.041
760.46	0.041
760.64	0.042
760.82	0.042
761.00	0.042
761.18	0.043
761.37	0.043
761.55	0.043
761.73	0.043
761.91	0.042
762.09	0.043
762.27	0.042
762.46	0.042
762.64	0.042
762.82	0.042
763.00	0.042
763.18	0.041
763.36	0.041
763.54	0.041
763.73	0.041
763.91	0.041
764.09	0.041
764.27	0.041
764.45	0.041
764.63	0.041
764.81	0.041
765.00	0.042
765.18	0.042
765.36	0.042
765.54	0.042
765.72	0.042
765.90	0.042
766.08	0.042
766.27	0.043
766.45	0.043
766.63	0.043
766.81	0.043
766.99	0.043
767.17	0.043
767.35	0.043
767.53	0.042
767.71	0.042
767.90	0.042
768.08	0.042
768.26	0.042
768.44	0.042
768.62	0.042
768.80	0.042
768.98	0.043
769.16	0.043
769.34	0.043
769.52	0.043
769.71	0.043
769.89	0.044
770.07	0.044
770.25	0.044
770.43	0.043
770.61	0.043
770.79	0.043
770.97	0.043
771.15	0.043
771.33	0.043
771.51	0.043
771.69	0.043
771.88	0.043
772.06	0.043
772.24	0.043
772.42	0.043
772.60	0.043
772.78	0.044
772.96	0.044
773.14	0.044
773.32	0.044
773.50	0.044
773.68	0.044
773.86	0.044
774.04	0.044
774.22	0.044
774.40	0.044
774.58	0.044
774.77	0.044
774.95	0.044
775.13	0.044
775.31	0.043
775.49	0.043
775.67	0.043
775.85	0.044
776.03	0.044
776.21	0.044
776.39	0.044
776.57	0.044
776.75	0.044
776.93	0.045
777.11	0.045
777.29	0.045
777.47	0.045
777.65	0.044
777.83	0.044
778.01	0.045
778.19	0.044
778.37	0.044
778.55	0.043
778.73	0.044
778.91	0.044
779.09	0.044
779.27	0.044
779.45	0.044
779.63	0.044
779.81	0.045
779.99	0.045
780.17	0.045
780.35	0.045
780.53	0.044
780.71	0.044
780.89	0.044
781.07	0.044
781.25	0.044
781.43	0.043
781.61	0.044
781.79	0.043
781.97	0.044
782.15	0.044
782.33	0.044
782.51	0.043
782.69	0.044
782.87	0.044
783.05	0.044
783.23	0.044
783.41	0.044
783.59	0.044
783.77	0.045
783.95	0.045
784.13	0.045
784.31	0.045
784.49	0.045
784.67	0.045
784.85	0.045
785.03	0.045
785.21	0.045
785.38	0.044
785.56	0.044
785.74	0.044
785.92	0.044
786.10	0.044
786.28	0.044
786.46	0.044
786.64	0.045
786.82	0.045
787.00	0.045
787.18	0.045
787.36	0.045
787.54	0.045
787.72	0.045
787.90	0.045
788.08	0.044
788.25	0.044
788.43	0.044
788.61	0.045
788.79	0.045
788.97	0.045
789.15	0.045
789.33	0.044
789.51	0.045
789.69	0.045
789.87	0.045
790.05	0.045
790.23	0.045
790.40	0.045
790.58	0.045
790.76	0.045
790.94	0.045
791.12	0.045
791.30	0.046
791.48	0.046
791.66	0.046
791.84	0.046
792.02	0.046
792.19	0.046
792.37	0.046
792.55	0.046
792.73	0.046
792.91	0.046
793.09	0.045
793.27	0.045
793.45	0.045
793.63	0.045
793.80	0.045
793.98	0.045
794.16	0.045
794.34	0.045
794.52	0.046
794.70	0.046
794.88	0.046
795.05	0.046
795.23	0.046
795.41	0.046
795.59	0.047
795.77	0.047
795.95	0.047
796.13	0.047
796.30	0.047
796.48	0.047
796.66	0.047
796.84	0.047
797.02	0.047
797.20	0.047
797.38	0.046
797.55	0.046
797.73	0.047
797.91	0.047
798.09	0.047
798.27	0.047
798.45	0.047
798.62	0.048
798.80	0.048
798.98	0.048
799.16	0.048
799.34	0.048
799.52	0.049
799.69	0.049
799.87	0.049
800.05	0.049
800.23	0.049
800.41	0.049
800.58	0.050
800.76	0.050
800.94	0.049
801.12	0.049
801.30	0.049
801.47	0.049
801.65	0.049
801.83	0.049
802.01	0.049
802.19	0.048
802.36	0.048
802.54	0.048
802.72	0.048
802.90	0.048
803.08	0.048
803.25	0.048
803.43	0.048
803.61	0.048
803.79	0.049
803.97	0.049
804.14	0.048
804.32	0.048
804.50	0.049
804.68	0.048
804.85	0.049
805.03	0.049
805.21	0.048
805.39	0.048
805.56	0.048
805.74	0.048
805.92	0.048
806.10	0.048
806.28	0.048
806.45	0.047
806.63	0.047
806.81	0.047
806.99	0.048
807.16	0.048
807.34	0.048
807.52	0.048
807.70	0.048
807.87	0.048
808.05	0.049
808.23	0.049
808.41	0.049
808.58	0.049
808.76	0.049
808.94	0.049
809.11	0.049
809.29	0.049
809.47	0.049
809.65	0.049
809.82	0.049
810.00	0.049
810.18	0.049
810.36	0.049
810.53	0.049
810.71	0.049
810.89	0.049
811.06	0.049
811.24	0.049
811.42	0.050
811.60	0.049
811.77	0.049
811.95	0.049
812.13	0.049
812.30	0.049
812.48	0.049
812.66	0.049
812.83	0.049
813.01	0.049
813.19	0.049
813.37	0.049
813.54	0.049
813.72	0.049
813.90	0.050
814.07	0.050
814.25	0.050
814.43	0.050
814.60	0.049
814.78	0.050
814.96	0.050
815.13	0.049
815.31	0.049
815.49	0.049
815.66	0.049
815.84	0.049
816.02	0.049
816.19	0.049
816.37	0.049
816.55	0.050
816.72	0.050
816.90	0.051
817.08	0.051
817.25	0.051
817.43	0.051
817.61	0.052
817.78	0.052
817.96	0.052
818.14	0.051
818.31	0.051
818.49	0.051
818.67	0.051
818.84	0.051
819.02	0.050
819.19	0.050
819.37	0.050
819.55	0.050
819.72	0.051
819.90	0.050
820.08	0.050
820.25	0.050
820.43	0.051
820.60	0.051
820.78	0.051
820.96	0.051
821.13	0.051
821.31	0.051
821.49	0.051
821.66	0.051
821.84	0.051
822.01	0.051
822.19	0.050
822.37	0.051
822.54	0.051
822.72	0.051
822.89	0.051
823.07	0.051
823.25	0.050
823.42	0.051
823.60	0.051
823.77	0.050
823.95	0.050
824.13	0.050
824.30	0.051
824.48	0.051
824.65	0.051
824.83	0.052
825.01	0.051
825.18	0.052
825.36	0.052
825.53	0.052
825.71	0.052
825.88	0.052
826.06	0.051
826.24	0.051
826.41	0.050
826.59	0.050
826.76	0.049
826.94	0.049
827.11	0.050
827.29	0.050
827.47	0.049
827.64	0.050
827.82	0.050
827.99	0.051
828.17	0.051
828.34	0.051
828.52	0.052
828.69	0.052
828.87	0.052
829.04	0.052
829.22	0.053
829.40	0.052
829.57	0.052
829.75	0.052
829.92	0.052
830.10	0.052
830.27	0.052
830.45	0.052
830.62	0.052
830.80	0.052
830.97	0.052
831.15	0.053
831.32	0.053
831.50	0.053
831.67	0.053
831.85	0.053
832.02	0.052
832.20	0.052
832.37	0.053
832.55	0.053
832.73	0.052
832.90	0.052
833.08	0.052
833.25	0.052
833.43	0.052
833.60	0.053
833.78	0.053
833.95	0.052
834.13	0.052
834.30	0.052
834.48	0.053
834.65	0.053
834.82	0.054
835.00	0.054
835.17	0.054
835.35	0.054
835.52	0.055
835.70	0.055
835.87	0.055
836.05	0.055
836.22	0.055
836.40	0.055
836.57	0.055
836.75	0.054
836.92	0.054
837.10	0.054
837.27	0.054
837.45	0.053
837.62	0.054
837.80	0.054
837.97	0.054
838.14	0.054
838.32	0.054
838.49	0.054
838.67	0.054
838.84	0.055
839.02	0.055
839.19	0.055
839.37	0.054
839.54	0.053
839.71	0.053
839.89	0.053
840.06	0.053
840.24	0.053
840.41	0.053
840.59	0.053
840.76	0.053
840.94	0.053
841.11	0.053
841.28	0.053
841.46	0.053
841.63	0.053
841.81	0.054
841.98	0.054
842.15	0.053
842.33	0.054
842.50	0.054
842.68	0.054
842.85	0.054
843.03	0.054
843.20	0.054
843.37	0.054
843.55	0.055
843.72	0.055
843.90	0.055
844.07	0.055
844.24	0.055
844.42	0.055
844.59	0.055
844.77	0.056
844.94	0.056
845.11	0.055
845.29	0.055
845.46	0.055
845.63	0.056
845.81	0.056
845.98	0.055
846.16	0.055
846.33	0.055
846.50	0.055
846.68	0.055
846.85	0.055
847.02	0.055
847.20	0.055
847.37	0.055
847.55	0.056
847.72	0.056
847.89	0.056
848.07	0.056
848.24	0.055
848.41	0.055
848.59	0.055
848.76	0.055
848.93	0.054
849.11	0.054
849.28	0.053
849.45	0.054
849.63	0.054
849.80	0.055
849.97	0.055
850.15	0.055
850.32	0.055
850.49	0.056
850.67	0.056
850.84	0.056
851.01	0.056
851.19	0.056
851.36	0.056
851.53	0.056
851.71	0.056
851.88	0.056
852.05	0.057
852.23	0.057
852.40	0.057
852.57	0.057
852.75	0.058
852.92	0.058
853.09	0.058
853.27	0.058
853.44	0.058
853.61	0.058
853.79	0.058
853.96	0.058
854.13	0.058
854.30	0.059
854.48	0.059
854.65	0.058
854.82	0.058
855.00	0.058
855.17	0.058
855.34	0.059
855.51	0.060
855.69	0.059
855.86	0.059
856.03	0.059
856.21	0.059
856.38	0.060
856.55	0.060
856.72	0.060
856.90	0.059
857.07	0.058
857.24	0.059
857.42	0.059
857.59	0.058
857.76	0.058
857.93	0.058
858.11	0.058
858.28	0.058
858.45	0.059
858.62	0.059
858.80	0.059
858.97	0.060
859.14	0.060
859.31	0.060
859.49	0.060
859.66	0.060
859.83	0.060
860.00	0.060
860.18	0.060
860.35	0.059
860.52	0.059
860.69	0.059
860.86	0.060
861.04	0.060
861.21	0.059
861.38	0.059
861.55	0.060
861.73	0.060
861.90	0.060
862.07	0.060
862.24	0.061
862.42	0.060
862.59	0.061
862.76	0.060
862.93	0.060
863.10	0.060
863.28	0.061
863.45	0.061
863.62	0.061
863.79	0.061
863.96	0.061
864.14	0.061
864.31	0.061
864.48	0.061
864.65	0.061
864.82	0.061
865.00	0.061
865.17	0.061
865.34	0.060
865.51	0.061
865.68	0.061
865.86	0.061
866.03	0.061
866.20	0.062
866.37	0.062
866.54	0.063
866.71	0.062
866.89	0.063
867.06	0.062
867.23	0.062
867.40	0.063
867.57	0.062
867.74	0.062
867.92	0.061
868.09	0.061
868.26	0.061
868.43	0.061
868.60	0.062
868.77	0.061
868.95	0.061
869.12	0.062
869.29	0.062
869.46	0.062
869.63	0.062
869.80	0.063
869.97	0.063
870.15	0.063
870.32	0.062
870.49	0.062
870.66	0.062
870.83	0.062
871.00	0.063
871.17	0.063
871.34	0.062
871.52	0.062
871.69	0.062
871.86	0.063
872.03	0.063
872.20	0.063
872.37	0.062
872.54	0.062
872.71	0.062
872.89	0.062
873.06	0.062
873.23	0.062
873.40	0.061
873.57	0.061
873.74	0.061
873.91	0.062
874.08	0.061
874.25	0.062
874.42	0.061
874.60	0.062
874.77	0.061
874.94	0.063
875.11	0.063
875.28	0.063
875.45	0.063
875.62	0.063
875.79	0.063
875.96	0.062
876.13	0.062
876.30	0.062
876.47	0.061
876.65	0.061
876.82	0.062
876.99	0.061
877.16	0.061
877.33	0.061
877.50	0.061
877.67	0.062
877.84	0.062
878.01	0.061
878.18	0.060
878.35	0.061
878.52	0.061
878.69	0.062
878.86	0.062
879.03	0.061
879.20	0.061
879.38	0.062
879.55	0.062
879.72	0.062
879.89	0.061
880.06	0.061
880.23	0.061
880.40	0.060
880.57	0.060
880.74	0.060
880.91	0.060
881.08	0.060
881.25	0.062
881.42	0.062
881.59	0.062
881.76	0.062
881.93	0.062
882.10	0.063
882.27	0.063
882.44	0.063
882.61	0.062
882.78	0.062
882.95	0.061
883.12	0.061
883.29	0.061
883.46	0.060
883.63	0.061
883.80	0.061
883.97	0.060
884.14	0.060
884.31	0.059
884.48	0.060
884.65	0.060
884.82	0.059
884.99	0.059
885.16	0.059
885.33	0.058
885.50	0.058
885.67	0.057
885.84	0.057
886.01	0.056
886.18	0.056
886.35	0.057
886.52	0.057
886.69	0.057
886.86	0.058
887.03	0.058
887.20	0.058
887.37	0.057
887.54	0.058
887.71	0.057
887.88	0.057
888.05	0.058
888.22	0.057
888.39	0.056
888.55	0.056
888.72	0.056
888.89	0.057
889.06	0.056
889.23	0.056
889.40	0.056
889.57	0.054
889.74	0.055
889.91	0.055
890.08	0.055
890.25	0.055
890.42	0.054
890.59	0.054
890.76	0.053
890.93	0.052
891.10	0.053
891.26	0.052
891.43	0.052
891.60	0.051
891.77	0.050
891.94	0.050
892.11	0.051
892.28	0.052
892.45	0.053
892.62	0.052
892.79	0.052
892.96	0.052
893.13	0.053
893.29	0.052
893.46	0.053
893.63	0.052
893.80	0.051
893.97	0.049
894.14	0.048
894.31	0.048
894.48	0.041
894.65	0.049
894.81	0.034
894.98	0.057
