177.34	-0.141
177.56	-0.141
177.78	-0.141
178.00	0.076
178.22	0.033
178.44	-0.008
178.66	0.072
178.89	1.229
179.11	-0.000
179.33	-0.175
179.55	-0.242
179.77	-0.193
179.99	0.105
180.21	0.022
180.43	0.007
180.65	0.131
180.87	0.243
181.09	0.268
181.31	0.336
181.53	0.321
181.75	0.326
181.97	0.325
182.19	0.352
182.41	0.378
182.63	0.403
182.85	0.376
183.07	0.365
183.30	0.385
183.52	0.380
183.74	0.400
183.96	0.411
184.18	0.430
184.40	0.448
184.62	0.460
184.84	0.493
185.06	0.496
185.28	0.465
185.50	0.524
185.72	0.508
185.94	0.517
186.16	0.559
186.38	0.576
186.60	0.568
186.82	0.597
187.04	0.621
187.26	0.640
187.48	0.643
187.70	0.685
187.92	0.698
188.14	0.741
188.36	0.788
188.58	0.853
188.80	0.849
189.02	0.894
189.24	0.948
189.46	0.954
189.68	0.966
189.90	1.013
190.12	1.022
190.34	1.019
190.56	1.007
190.78	1.067
191.00	1.125
191.22	1.169
191.44	1.239
191.66	1.287
191.88	1.346
192.10	1.342
192.32	1.333
192.54	1.367
192.76	1.387
192.98	1.380
193.20	1.366
193.42	1.368
193.64	1.398
193.86	1.365
194.08	1.378
194.30	1.449
194.52	1.480
194.74	1.441
194.96	1.427
195.18	1.411
195.40	1.476
195.62	1.458
195.84	1.475
196.06	1.474
196.28	1.458
196.50	1.429
196.72	1.476
196.94	1.483
197.16	1.525
197.38	1.496
197.60	1.516
197.82	1.555
198.04	1.589
198.26	1.599
198.48	1.641
198.70	1.653
198.92	1.697
199.13	1.699
199.35	1.682
199.57	1.740
199.79	1.714
200.01	1.690
200.23	1.636
200.45	1.632
200.67	1.609
200.89	1.621
201.11	1.646
201.33	1.624
201.55	1.616
201.77	1.631
201.99	1.651
202.21	1.708
202.43	1.771
202.65	1.779
202.87	1.741
203.09	1.752
203.31	1.836
203.52	1.785
203.74	1.802
203.96	1.813
204.18	1.826
204.40	1.837
204.62	1.902
204.84	1.931
205.06	1.896
205.28	1.894
205.50	1.976
205.72	1.962
205.94	1.949
206.16	1.953
206.38	1.933
206.59	1.879
206.81	1.865
207.03	1.930
207.25	1.896
207.47	1.867
207.69	1.848
207.91	1.863
208.13	1.877
208.35	1.855
208.57	1.879
208.79	1.877
209.01	1.858
209.22	1.863
209.44	1.903
209.66	1.918
209.88	1.936
210.10	1.934
210.32	1.963
210.54	1.997
210.76	2.002
210.98	1.990
211.20	2.028
211.42	2.037
211.63	2.065
211.85	2.110
212.07	2.116
212.29	2.113
212.51	2.145
212.73	2.214
212.95	2.199
213.17	2.197
213.39	2.174
213.60	2.186
213.82	2.142
214.04	2.141
214.26	2.160
214.48	2.118
214.70	2.086
214.92	2.110
215.14	2.121
215.35	2.124
215.57	2.095
215.79	2.109
216.01	2.156
216.23	2.126
216.45	2.161
216.67	2.197
216.89	2.253
217.10	2.260
217.32	2.288
217.54	2.310
217.76	2.296
217.98	2.292
218.20	2.333
218.42	2.266
218.64	2.280
218.85	2.257
219.07	2.258
219.29	2.223
219.51	2.235
219.73	2.260
219.95	2.246
220.17	2.293
220.38	2.336
220.60	2.302
220.82	2.351
221.04	2.357
221.26	2.427
221.48	2.484
221.69	2.470
221.91	2.441
222.13	2.393
222.35	2.395
222.57	2.421
222.79	2.387
223.00	2.370
223.22	2.350
223.44	2.333
223.66	2.309
223.88	2.379
224.10	2.404
224.32	2.401
224.53	2.427
224.75	2.445
224.97	2.474
225.19	2.496
225.41	2.522
225.62	2.576
225.84	2.512
226.06	2.529
226.28	2.539
226.50	2.538
226.72	2.559
226.93	2.583
227.15	2.578
227.37	2.585
227.59	2.552
227.81	2.560
228.02	2.542
228.24	2.575
228.46	2.556
228.68	2.541
228.90	2.565
229.12	2.593
229.33	2.563
229.55	2.579
229.77	2.554
229.99	2.594
230.21	2.558
230.42	2.588
230.64	2.586
230.86	2.560
231.08	2.550
231.30	2.555
231.51	2.577
231.73	2.605
231.95	2.556
232.17	2.597
232.38	2.578
232.60	2.561
232.82	2.530
233.04	2.526
233.26	2.529
233.47	2.546
233.69	2.541
233.91	2.568
234.13	2.509
234.35	2.522
234.56	2.519
234.78	2.563
235.00	2.556
235.22	2.520
235.43	2.497
235.65	2.508
235.87	2.485
236.09	2.534
236.30	2.509
236.52	2.509
236.74	2.486
236.96	2.462
237.18	2.484
237.39	2.455
237.61	2.409
237.83	2.405
238.05	2.406
238.26	2.402
238.48	2.387
238.70	2.368
238.92	2.373
239.13	2.372
239.35	2.386
239.57	2.396
239.79	2.389
240.00	2.358
240.22	2.347
240.44	2.334
240.66	2.333
240.87	2.318
241.09	2.312
241.31	2.302
241.53	2.306
241.74	2.304
241.96	2.290
242.18	2.275
242.40	2.286
242.61	2.274
242.83	2.268
243.05	2.259
243.27	2.253
243.48	2.235
243.70	2.223
243.92	2.219
244.13	2.224
244.35	2.207
244.57	2.198
244.79	2.198
245.00	2.191
245.22	2.179
245.44	2.188
245.65	2.193
245.87	2.195
246.09	2.193
246.31	2.189
246.52	2.191
246.74	2.188
246.96	2.204
247.18	2.212
247.39	2.204
247.61	2.193
247.83	2.183
248.04	2.173
248.26	2.177
248.48	2.184
248.69	2.180
248.91	2.160
249.13	2.148
249.35	2.148
249.56	2.134
249.78	2.136
250.00	2.137
250.21	2.135
250.43	2.122
250.65	2.124
250.86	2.117
251.08	2.114
251.30	2.107
251.51	2.108
251.73	2.100
251.95	2.098
252.17	2.085
252.38	2.082
252.60	2.074
252.82	2.070
253.03	2.066
253.25	2.066
253.47	2.071
253.68	2.076
253.90	2.082
254.12	2.083
254.33	2.088
254.55	2.095
254.77	2.094
254.98	2.104
255.20	2.098
255.42	2.100
255.63	2.093
255.85	2.078
256.07	2.074
256.28	2.070
256.50	2.058
256.72	2.060
256.93	2.053
257.15	2.055
257.37	2.046
257.58	2.053
257.80	2.048
258.02	2.049
258.23	2.049
258.45	2.049
258.67	2.054
258.88	2.047
259.10	2.046
259.32	2.044
259.53	2.035
259.75	2.044
259.96	2.035
260.18	2.033
260.40	2.027
260.61	2.018
260.83	2.025
261.05	2.019
261.26	2.017
261.48	2.021
261.70	2.015
261.91	2.023
262.13	2.022
262.34	2.025
262.56	2.023
262.78	2.018
262.99	2.016
263.21	2.014
263.43	2.007
263.64	1.999
263.86	1.997
264.07	1.996
264.29	1.984
264.51	1.986
264.72	1.986
264.94	1.984
265.16	1.984
265.37	1.983
265.59	1.982
265.80	1.979
266.02	1.969
266.24	1.978
266.45	1.973
266.67	1.971
266.88	1.968
267.10	1.966
267.32	1.957
267.53	1.950
267.75	1.944
267.96	1.945
268.18	1.929
268.40	1.922
268.61	1.914
268.83	1.908
269.04	1.900
269.26	1.902
269.48	1.903
269.69	1.900
269.91	1.899
270.12	1.902
270.34	1.900
270.56	1.892
270.77	1.891
270.99	1.889
271.20	1.884
271.42	1.885
271.64	1.879
271.85	1.871
272.07	1.866
272.28	1.864
272.50	1.863
272.71	1.852
272.93	1.846
273.15	1.836
273.36	1.828
273.58	1.828
273.79	1.824
274.01	1.817
274.22	1.812
274.44	1.808
274.66	1.808
274.87	1.804
275.09	1.803
275.30	1.798
275.52	1.789
275.73	1.782
275.95	1.779
276.16	1.770
276.38	1.763
276.60	1.759
276.81	1.754
277.03	1.750
277.24	1.747
277.46	1.745
277.67	1.738
277.89	1.732
278.10	1.731
278.32	1.728
278.53	1.720
278.75	1.718
278.97	1.711
279.18	1.702
279.40	1.696
279.61	1.690
279.83	1.684
280.04	1.677
280.26	1.670
280.47	1.665
280.69	1.657
280.90	1.652
281.12	1.646
281.33	1.638
281.55	1.636
281.76	1.630
281.98	1.627
282.20	1.618
282.41	1.613
282.63	1.605
282.84	1.597
283.06	1.590
283.27	1.584
283.49	1.576
283.70	1.568
283.92	1.557
284.13	1.552
284.35	1.544
284.56	1.538
284.78	1.530
284.99	1.523
285.21	1.516
285.42	1.508
285.64	1.501
285.85	1.490
286.07	1.481
286.28	1.473
286.50	1.466
286.71	1.460
286.93	1.454
287.14	1.446
287.36	1.436
287.57	1.428
287.79	1.422
288.00	1.415
288.22	1.408
288.43	1.399
288.65	1.390
288.86	1.381
289.08	1.371
289.29	1.364
289.51	1.355
289.72	1.346
289.94	1.339
290.15	1.329
290.37	1.321
290.58	1.313
290.80	1.306
291.01	1.299
291.22	1.292
291.44	1.285
291.65	1.278
291.87	1.270
292.08	1.265
292.30	1.258
292.51	1.251
292.73	1.242
292.94	1.236
293.16	1.228
293.37	1.220
293.59	1.213
293.80	1.207
294.02	1.200
294.23	1.194
294.44	1.187
294.66	1.179
294.87	1.173
295.09	1.167
295.30	1.161
295.52	1.154
295.73	1.147
295.95	1.140
296.16	1.133
296.37	1.126
296.59	1.121
296.80	1.114
297.02	1.108
297.23	1.104
297.45	1.099
297.66	1.094
297.88	1.089
298.09	1.084
298.30	1.079
298.52	1.073
298.73	1.067
298.95	1.061
299.16	1.055
299.38	1.049
299.59	1.042
299.80	1.037
300.02	1.031
300.23	1.025
300.45	1.020
300.66	1.015
300.88	1.010
301.09	1.005
301.30	1.001
301.52	0.997
301.73	0.992
301.95	0.987
302.16	0.982
302.37	0.978
302.59	0.974
302.80	0.969
303.02	0.964
303.23	0.959
303.45	0.955
303.66	0.950
303.87	0.946
304.09	0.941
304.30	0.937
304.52	0.932
304.73	0.929
304.94	0.925
305.16	0.921
305.37	0.916
305.59	0.912
305.80	0.908
306.01	0.905
306.23	0.902
306.44	0.898
306.65	0.893
306.87	0.889
307.08	0.886
307.30	0.883
307.51	0.881
307.72	0.877
307.94	0.873
308.15	0.868
308.37	0.865
308.58	0.862
308.79	0.858
309.01	0.854
309.22	0.849
309.43	0.844
309.65	0.840
309.86	0.838
310.07	0.835
310.29	0.832
310.50	0.828
310.72	0.825
310.93	0.821
311.14	0.817
311.36	0.813
311.57	0.809
311.78	0.805
312.00	0.801
312.21	0.797
312.42	0.793
312.64	0.789
312.85	0.787
313.07	0.784
313.28	0.782
313.49	0.778
313.71	0.774
313.92	0.771
314.13	0.768
314.35	0.765
314.56	0.761
314.77	0.757
314.99	0.755
315.20	0.751
315.41	0.748
315.63	0.746
315.84	0.743
316.05	0.739
316.27	0.736
316.48	0.733
316.69	0.730
316.91	0.727
317.12	0.724
317.33	0.721
317.55	0.719
317.76	0.715
317.97	0.713
318.19	0.710
318.40	0.707
318.61	0.704
318.83	0.702
319.04	0.698
319.25	0.694
319.47	0.690
319.68	0.687
319.89	0.684
320.10	0.681
320.32	0.678
320.53	0.674
320.74	0.671
320.96	0.668
321.17	0.665
321.38	0.663
321.60	0.660
321.81	0.658
322.02	0.655
322.24	0.652
322.45	0.650
322.66	0.647
322.87	0.643
323.09	0.641
323.30	0.638
323.51	0.635
323.73	0.632
323.94	0.629
324.15	0.626
324.36	0.624
324.58	0.622
324.79	0.620
325.00	0.618
325.22	0.615
325.43	0.612
325.64	0.610
325.85	0.608
326.07	0.604
326.28	0.602
326.49	0.599
326.71	0.596
326.92	0.593
327.13	0.590
327.34	0.588
327.56	0.585
327.77	0.582
327.98	0.579
328.19	0.577
328.41	0.574
328.62	0.571
328.83	0.568
329.04	0.567
329.26	0.564
329.47	0.562
329.68	0.560
329.90	0.557
330.11	0.554
330.32	0.552
330.53	0.550
330.75	0.548
330.96	0.545
331.17	0.543
331.38	0.540
331.60	0.537
331.81	0.535
332.02	0.533
332.23	0.531
332.44	0.528
332.66	0.526
332.87	0.523
333.08	0.521
333.29	0.518
333.51	0.516
333.72	0.514
333.93	0.511
334.14	0.509
334.36	0.507
334.57	0.506
334.78	0.503
334.99	0.501
335.21	0.499
335.42	0.497
335.63	0.495
335.84	0.493
336.05	0.491
336.27	0.488
336.48	0.485
336.69	0.483
336.90	0.481
337.11	0.479
337.33	0.477
337.54	0.474
337.75	0.472
337.96	0.470
338.18	0.468
338.39	0.466
338.60	0.464
338.81	0.462
339.02	0.459
339.24	0.457
339.45	0.455
339.66	0.454
339.87	0.451
340.08	0.449
340.30	0.447
340.51	0.445
340.72	0.444
340.93	0.442
341.14	0.440
341.36	0.438
341.57	0.436
341.78	0.434
341.99	0.432
342.20	0.431
342.41	0.429
342.63	0.427
342.84	0.425
343.05	0.423
343.26	0.421
343.47	0.419
343.69	0.417
343.90	0.415
344.11	0.412
344.32	0.410
344.53	0.407
344.74	0.406
344.96	0.405
345.17	0.404
345.38	0.401
345.59	0.399
345.80	0.397
346.01	0.396
346.23	0.395
346.44	0.393
346.65	0.390
346.86	0.388
347.07	0.386
347.28	0.385
347.50	0.383
347.71	0.381
347.92	0.380
348.13	0.378
348.34	0.377
348.55	0.376
348.76	0.374
348.98	0.371
349.19	0.369
349.40	0.368
349.61	0.366
349.82	0.364
350.03	0.362
350.24	0.360
350.46	0.359
350.67	0.357
350.88	0.356
351.09	0.354
351.30	0.352
351.51	0.351
351.72	0.349
351.93	0.348
352.15	0.347
352.36	0.346
352.57	0.344
352.78	0.343
352.99	0.341
353.20	0.340
353.41	0.339
353.62	0.337
353.84	0.335
354.05	0.332
354.26	0.330
354.47	0.329
354.68	0.327
354.89	0.325
355.10	0.324
355.31	0.323
355.52	0.321
355.74	0.319
355.95	0.318
356.16	0.317
356.37	0.316
356.58	0.314
356.79	0.313
357.00	0.312
357.21	0.310
357.42	0.309
357.63	0.307
357.85	0.306
358.06	0.305
358.27	0.303
358.48	0.302
358.69	0.301
358.90	0.299
359.11	0.298
359.32	0.297
359.53	0.295
359.74	0.293
359.95	0.291
360.17	0.290
360.38	0.289
360.59	0.287
360.80	0.286
361.01	0.285
361.22	0.283
361.43	0.282
361.64	0.281
361.85	0.279
362.06	0.278
362.27	0.276
362.48	0.275
362.69	0.273
362.90	0.272
363.12	0.271
363.33	0.270
363.54	0.269
363.75	0.268
363.96	0.266
364.17	0.265
364.38	0.264
364.59	0.263
364.80	0.262
365.01	0.261
365.22	0.259
365.43	0.258
365.64	0.256
365.85	0.255
366.06	0.254
366.27	0.253
366.48	0.252
366.69	0.250
366.90	0.249
367.11	0.247
367.32	0.246
367.54	0.244
367.75	0.243
367.96	0.242
368.17	0.240
368.38	0.239
368.59	0.238
368.80	0.236
369.01	0.236
369.22	0.235
369.43	0.235
369.64	0.234
369.85	0.233
370.06	0.232
370.27	0.232
370.48	0.231
370.69	0.231
370.90	0.229
371.11	0.228
371.32	0.226
371.53	0.225
371.74	0.225
371.95	0.223
372.16	0.222
372.37	0.221
372.58	0.220
372.79	0.219
373.00	0.218
373.21	0.217
373.42	0.216
373.63	0.215
373.84	0.214
374.05	0.213
374.26	0.212
374.47	0.211
374.68	0.210
374.89	0.209
375.10	0.207
375.31	0.207
375.52	0.206
375.73	0.206
375.94	0.205
376.15	0.204
376.36	0.203
376.57	0.202
376.78	0.202
376.99	0.202
377.20	0.201
377.41	0.200
377.62	0.199
377.83	0.198
378.04	0.198
378.25	0.196
378.46	0.195
378.67	0.194
378.88	0.192
379.09	0.191
379.30	0.189
379.51	0.188
379.72	0.188
379.92	0.186
380.13	0.185
380.34	0.184
380.55	0.184
380.76	0.183
380.97	0.183
381.18	0.183
381.39	0.182
381.60	0.181
381.81	0.180
382.02	0.180
382.23	0.179
382.44	0.178
382.65	0.177
382.86	0.177
383.07	0.176
383.28	0.175
383.49	0.175
383.70	0.174
383.91	0.174
384.11	0.173
384.32	0.172
384.53	0.171
384.74	0.170
384.95	0.170
385.16	0.169
385.37	0.168
385.58	0.168
385.79	0.167
386.00	0.166
386.21	0.166
386.42	0.166
386.63	0.165
386.84	0.165
387.04	0.163
387.25	0.163
387.46	0.162
387.67	0.161
387.88	0.161
388.09	0.160
388.30	0.159
388.51	0.158
388.72	0.156
388.93	0.156
389.14	0.155
389.34	0.154
389.55	0.154
389.76	0.153
389.97	0.152
390.18	0.152
390.39	0.152
390.60	0.152
390.81	0.152
391.02	0.152
391.23	0.152
391.43	0.152
391.64	0.152
391.85	0.151
392.06	0.151
392.27	0.150
392.48	0.148
392.69	0.146
392.90	0.145
393.11	0.144
393.31	0.143
393.52	0.142
393.73	0.140
393.94	0.140
394.15	0.139
394.36	0.139
394.57	0.139
394.78	0.139
394.98	0.139
395.19	0.138
395.40	0.138
395.61	0.138
395.82	0.137
396.03	0.137
396.24	0.138
396.44	0.138
396.65	0.138
396.86	0.137
397.07	0.138
397.28	0.137
397.49	0.137
397.70	0.137
397.90	0.136
398.11	0.134
398.32	0.133
398.53	0.132
398.74	0.131
398.95	0.130
399.16	0.129
399.36	0.128
399.57	0.127
399.78	0.127
399.99	0.127
400.20	0.127
400.41	0.126
400.61	0.125
400.82	0.125
401.03	0.125
401.24	0.125
401.45	0.125
401.66	0.125
401.86	0.125
402.07	0.124
402.28	0.124
402.49	0.123
402.70	0.123
402.91	0.122
403.11	0.121
403.32	0.121
403.53	0.121
403.74	0.120
403.95	0.120
404.15	0.120
404.36	0.120
404.57	0.119
404.78	0.119
404.99	0.119
405.20	0.118
405.40	0.117
405.61	0.116
405.82	0.115
406.03	0.114
406.24	0.114
406.44	0.114
406.65	0.114
406.86	0.114
407.07	0.114
407.28	0.114
407.48	0.114
407.69	0.114
407.90	0.114
408.11	0.114
408.32	0.113
408.52	0.112
408.73	0.112
408.94	0.111
409.15	0.111
409.35	0.111
409.56	0.110
409.77	0.111
409.98	0.110
410.19	0.111
410.39	0.111
410.60	0.111
410.81	0.110
411.02	0.109
411.22	0.108
411.43	0.108
411.64	0.107
411.85	0.107
412.05	0.107
412.26	0.107
412.47	0.105
412.68	0.106
412.89	0.105
413.09	0.104
413.30	0.103
413.51	0.102
413.72	0.102
413.92	0.101
414.13	0.101
414.34	0.101
414.55	0.101
414.75	0.100
414.96	0.101
415.17	0.101
415.38	0.100
415.58	0.100
415.79	0.100
416.00	0.100
416.21	0.100
416.41	0.099
416.62	0.099
416.83	0.098
417.03	0.098
417.24	0.098
417.45	0.099
417.66	0.099
417.86	0.098
418.07	0.098
418.28	0.098
418.49	0.098
418.69	0.098
418.90	0.097
419.11	0.096
419.31	0.096
419.52	0.096
419.73	0.097
419.94	0.095
420.14	0.096
420.35	0.096
420.56	0.096
420.76	0.095
420.97	0.095
421.18	0.094
421.39	0.094
421.59	0.093
421.80	0.093
422.01	0.091
422.21	0.091
422.42	0.089
422.63	0.089
422.84	0.089
423.04	0.089
423.25	0.090
423.46	0.090
423.66	0.090
423.87	0.090
424.08	0.090
424.28	0.090
424.49	0.089
424.70	0.089
424.90	0.088
425.11	0.087
425.32	0.086
425.52	0.086
425.73	0.086
425.94	0.086
426.15	0.086
426.35	0.087
426.56	0.087
426.77	0.087
426.97	0.088
427.18	0.087
427.39	0.087
427.59	0.086
427.80	0.087
428.01	0.087
428.21	0.087
428.42	0.087
428.63	0.087
428.83	0.086
429.04	0.086
429.25	0.087
429.45	0.086
429.66	0.086
429.87	0.085
430.07	0.083
430.28	0.082
430.48	0.081
430.69	0.080
430.90	0.079
431.10	0.078
431.31	0.078
431.52	0.078
431.72	0.078
431.93	0.079
432.14	0.079
432.34	0.079
432.55	0.079
432.76	0.079
432.96	0.079
433.17	0.078
433.37	0.078
433.58	0.078
433.79	0.078
433.99	0.077
434.20	0.078
434.41	0.078
434.61	0.077
434.82	0.078
435.02	0.078
435.23	0.078
435.44	0.078
435.64	0.078
435.85	0.077
436.06	0.077
436.26	0.076
436.47	0.076
436.67	0.076
436.88	0.076
437.09	0.076
437.29	0.076
437.50	0.076
437.70	0.076
437.91	0.076
438.12	0.076
438.32	0.075
438.53	0.074
438.73	0.073
438.94	0.072
439.15	0.072
439.35	0.072
439.56	0.072
439.76	0.073
439.97	0.073
440.18	0.072
440.38	0.073
440.59	0.073
440.79	0.074
441.00	0.074
441.20	0.074
441.41	0.074
441.62	0.073
441.82	0.074
442.03	0.074
442.23	0.074
442.44	0.074
442.65	0.074
442.85	0.072
443.06	0.071
443.26	0.071
443.47	0.070
443.67	0.070
443.88	0.069
444.09	0.069
444.29	0.068
444.50	0.068
444.70	0.068
444.91	0.069
445.11	0.069
445.32	0.069
445.52	0.069
445.73	0.069
445.94	0.068
446.14	0.069
446.35	0.068
446.55	0.068
446.76	0.068
446.96	0.067
447.17	0.066
447.37	0.066
447.58	0.065
447.78	0.065
447.99	0.065
448.20	0.065
448.40	0.066
448.61	0.065
448.81	0.066
449.02	0.067
449.22	0.067
449.43	0.067
449.63	0.067
449.84	0.066
450.04	0.066
450.25	0.066
450.45	0.065
450.66	0.065
450.86	0.065
451.07	0.064
451.27	0.063
451.48	0.064
451.68	0.064
451.89	0.064
452.09	0.064
452.30	0.064
452.50	0.064
452.71	0.063
452.91	0.063
453.12	0.063
453.33	0.062
453.53	0.062
453.74	0.062
453.94	0.062
454.15	0.062
454.35	0.062
454.56	0.062
454.76	0.062
454.96	0.063
455.17	0.063
455.37	0.062
455.58	0.062
455.78	0.062
455.99	0.061
456.19	0.061
456.40	0.061
456.60	0.061
456.81	0.061
457.01	0.061
457.22	0.061
457.42	0.061
457.63	0.061
457.83	0.061
458.04	0.061
458.24	0.061
458.45	0.061
458.65	0.061
458.86	0.061
459.06	0.061
459.27	0.061
459.47	0.062
459.67	0.062
459.88	0.062
460.08	0.062
460.29	0.061
460.49	0.060
460.70	0.060
460.90	0.059
461.11	0.058
461.31	0.057
461.52	0.057
461.72	0.057
461.92	0.057
462.13	0.057
462.33	0.058
462.54	0.058
462.74	0.059
462.95	0.059
463.15	0.059
463.36	0.060
463.56	0.060
463.76	0.060
463.97	0.061
464.17	0.061
464.38	0.062
464.58	0.061
464.79	0.060
464.99	0.059
465.19	0.058
465.40	0.057
465.60	0.056
465.81	0.055
466.01	0.054
466.22	0.053
466.42	0.054
466.62	0.054
466.83	0.055
467.03	0.055
467.24	0.057
467.44	0.057
467.65	0.057
467.85	0.058
468.05	0.058
468.26	0.056
468.46	0.056
468.67	0.055
468.87	0.055
469.07	0.054
469.28	0.054
469.48	0.054
469.69	0.054
469.89	0.054
470.09	0.054
470.30	0.054
470.50	0.054
470.71	0.055
470.91	0.054
471.11	0.054
471.32	0.055
471.52	0.056
471.72	0.055
471.93	0.055
472.13	0.055
472.34	0.056
472.54	0.056
472.74	0.056
472.95	0.056
473.15	0.055
473.35	0.055
473.56	0.056
473.76	0.055
473.97	0.056
474.17	0.055
474.37	0.055
474.58	0.054
474.78	0.054
474.98	0.054
475.19	0.053
475.39	0.053
475.60	0.053
475.80	0.052
476.00	0.051
476.21	0.051
476.41	0.052
476.61	0.052
476.82	0.052
477.02	0.052
477.22	0.051
477.43	0.052
477.63	0.052
477.83	0.052
478.04	0.052
478.24	0.052
478.44	0.052
478.65	0.052
478.85	0.052
479.05	0.052
479.26	0.051
479.46	0.051
479.66	0.051
479.87	0.051
480.07	0.050
480.27	0.050
480.48	0.051
480.68	0.050
480.88	0.050
481.09	0.050
481.29	0.050
481.49	0.050
481.70	0.050
481.90	0.050
482.10	0.050
482.31	0.050
482.51	0.049
482.71	0.051
482.92	0.051
483.12	0.051
483.32	0.051
483.52	0.052
483.73	0.052
483.93	0.051
484.13	0.052
484.34	0.052
484.54	0.052
484.74	0.051
484.95	0.050
485.15	0.049
485.35	0.048
485.55	0.048
485.76	0.048
485.96	0.047
486.16	0.047
486.37	0.046
486.57	0.046
486.77	0.046
486.97	0.046
487.18	0.047
487.38	0.046
487.58	0.047
487.79	0.047
487.99	0.047
488.19	0.047
488.39	0.047
488.60	0.047
488.80	0.047
489.00	0.047
489.20	0.047
489.41	0.046
489.61	0.046
489.81	0.046
490.02	0.046
490.22	0.046
490.42	0.045
490.62	0.045
490.83	0.045
491.03	0.045
491.23	0.046
491.43	0.046
491.64	0.045
491.84	0.045
492.04	0.046
492.24	0.046
492.45	0.046
492.65	0.046
492.85	0.046
493.05	0.046
493.26	0.045
493.46	0.046
493.66	0.045
493.86	0.045
494.07	0.044
494.27	0.045
494.47	0.046
494.67	0.046
494.87	0.046
495.08	0.047
495.28	0.046
495.48	0.046
495.68	0.046
495.89	0.044
496.09	0.044
496.29	0.043
496.49	0.042
496.69	0.041
496.90	0.040
497.10	0.041
497.30	0.042
497.50	0.041
497.71	0.043
497.91	0.044
498.11	0.043
498.31	0.043
498.51	0.043
498.72	0.043
498.92	0.042
499.12	0.042
499.32	0.043
499.52	0.042
499.73	0.042
499.93	0.042
500.13	0.042
500.33	0.043
500.53	0.043
500.74	0.043
500.94	0.043
501.14	0.043
501.34	0.043
501.54	0.042
501.74	0.041
501.95	0.041
502.15	0.041
502.35	0.041
502.55	0.041
502.75	0.041
502.96	0.041
503.16	0.041
503.36	0.041
503.56	0.041
503.76	0.041
503.96	0.041
504.17	0.040
504.37	0.040
504.57	0.040
504.77	0.040
504.97	0.040
505.17	0.040
505.38	0.040
505.58	0.040
505.78	0.040
505.98	0.040
506.18	0.040
506.38	0.040
506.58	0.040
506.79	0.040
506.99	0.040
507.19	0.039
507.39	0.039
507.59	0.039
507.79	0.038
507.99	0.039
508.20	0.039
508.40	0.039
508.60	0.039
508.80	0.039
509.00	0.040
509.20	0.040
509.40	0.040
509.61	0.040
509.81	0.039
510.01	0.039
510.21	0.038
510.41	0.039
510.61	0.039
510.81	0.039
511.01	0.039
511.22	0.039
511.42	0.039
511.62	0.039
511.82	0.039
512.02	0.039
512.22	0.039
512.42	0.038
512.62	0.038
512.82	0.037
513.03	0.037
513.23	0.037
513.43	0.038
513.63	0.038
513.83	0.038
514.03	0.037
514.23	0.038
514.43	0.037
514.63	0.038
514.83	0.038
515.04	0.038
515.24	0.038
515.44	0.038
515.64	0.037
515.84	0.037
516.04	0.037
516.24	0.037
516.44	0.036
516.64	0.036
516.84	0.035
517.04	0.036
517.24	0.036
517.45	0.037
517.65	0.037
517.85	0.037
518.05	0.037
518.25	0.037
518.45	0.037
518.65	0.037
518.85	0.036
519.05	0.036
519.25	0.036
519.45	0.036
519.65	0.036
519.85	0.036
520.05	0.035
520.25	0.035
520.46	0.036
520.66	0.036
520.86	0.036
521.06	0.036
521.26	0.036
521.46	0.035
521.66	0.036
521.86	0.036
522.06	0.036
522.26	0.035
522.46	0.035
522.66	0.035
522.86	0.035
523.06	0.035
523.26	0.035
523.46	0.035
523.66	0.035
523.86	0.035
524.06	0.035
524.26	0.035
524.46	0.035
524.66	0.035
524.86	0.035
525.06	0.034
525.26	0.034
525.46	0.034
525.66	0.034
525.87	0.034
526.07	0.034
526.27	0.033
526.47	0.034
526.67	0.034
526.87	0.034
527.07	0.035
527.27	0.035
527.47	0.035
527.67	0.036
527.87	0.036
528.07	0.036
528.27	0.035
528.47	0.035
528.67	0.035
528.87	0.034
529.07	0.034
529.27	0.033
529.47	0.033
529.67	0.033
529.87	0.033
530.07	0.033
530.27	0.033
530.47	0.033
530.67	0.033
530.87	0.032
531.06	0.033
531.26	0.033
531.46	0.033
531.66	0.033
531.86	0.033
532.06	0.033
532.26	0.034
532.46	0.033
532.66	0.034
532.86	0.034
533.06	0.034
533.26	0.034
533.46	0.034
533.66	0.033
533.86	0.033
534.06	0.033
534.26	0.033
534.46	0.033
534.66	0.033
534.86	0.033
535.06	0.032
535.26	0.032
535.46	0.032
535.66	0.032
535.86	0.032
536.06	0.032
536.26	0.032
536.45	0.033
536.65	0.033
536.85	0.033
537.05	0.032
537.25	0.032
537.45	0.032
537.65	0.033
537.85	0.032
538.05	0.032
538.25	0.032
538.45	0.031
538.65	0.031
538.85	0.032
539.05	0.032
539.25	0.031
539.44	0.030
539.64	0.030
539.84	0.030
540.04	0.030
540.24	0.031
540.44	0.031
540.64	0.031
540.84	0.031
541.04	0.031
541.24	0.031
541.44	0.031
541.64	0.031
541.83	0.030
542.03	0.031
542.23	0.030
542.43	0.031
542.63	0.031
542.83	0.031
543.03	0.031
543.23	0.031
543.43	0.031
543.63	0.032
543.82	0.031
544.02	0.031
544.22	0.031
544.42	0.030
544.62	0.030
544.82	0.030
545.02	0.030
545.22	0.029
545.42	0.030
545.61	0.031
545.81	0.030
546.01	0.031
546.21	0.031
546.41	0.031
546.61	0.031
546.81	0.031
547.01	0.031
547.20	0.030
547.40	0.029
547.60	0.029
547.80	0.028
548.00	0.027
548.20	0.027
548.40	0.027
548.59	0.027
548.79	0.028
548.99	0.028
549.19	0.028
549.39	0.029
549.59	0.029
549.79	0.030
549.98	0.030
550.18	0.030
550.38	0.030
550.58	0.030
550.78	0.030
550.98	0.030
551.17	0.030
551.37	0.031
551.57	0.030
551.77	0.030
551.97	0.029
552.17	0.029
552.36	0.029
552.56	0.028
552.76	0.028
552.96	0.029
553.16	0.028
553.36	0.028
553.55	0.028
553.75	0.029
553.95	0.030
554.15	0.030
554.35	0.031
554.55	0.031
554.74	0.031
554.94	0.031
555.14	0.030
555.34	0.030
555.54	0.030
555.73	0.029
555.93	0.028
556.13	0.028
556.33	0.028
556.53	0.028
556.72	0.029
556.92	0.030
557.12	0.029
557.32	0.029
557.52	0.029
557.71	0.029
557.91	0.030
558.11	0.029
558.31	0.029
558.51	0.029
558.70	0.029
558.90	0.030
559.10	0.030
559.30	0.030
559.49	0.030
559.69	0.030
559.89	0.030
560.09	0.030
560.29	0.029
560.48	0.029
560.68	0.029
560.88	0.028
561.08	0.028
561.27	0.028
561.47	0.028
561.67	0.028
561.87	0.028
562.06	0.028
562.26	0.028
562.46	0.028
562.66	0.028
562.86	0.027
563.05	0.027
563.25	0.027
563.45	0.026
563.65	0.026
563.84	0.026
564.04	0.026
564.24	0.026
564.44	0.026
564.63	0.027
564.83	0.027
565.03	0.027
565.22	0.027
565.42	0.027
565.62	0.027
565.82	0.027
566.01	0.028
566.21	0.027
566.41	0.027
566.61	0.027
566.80	0.028
567.00	0.028
567.20	0.028
567.40	0.028
567.59	0.028
567.79	0.029
567.99	0.029
568.18	0.029
568.38	0.029
568.58	0.029
568.78	0.029
568.97	0.029
569.17	0.029
569.37	0.028
569.56	0.028
569.76	0.028
569.96	0.028
570.16	0.029
570.35	0.028
570.55	0.028
570.75	0.028
570.94	0.027
571.14	0.027
571.34	0.027
571.53	0.027
571.73	0.027
571.93	0.027
572.12	0.027
572.32	0.028
572.52	0.028
572.72	0.029
572.91	0.028
573.11	0.028
573.31	0.028
573.50	0.028
573.70	0.028
573.90	0.027
574.09	0.026
574.29	0.026
574.49	0.025
574.68	0.025
574.88	0.025
575.08	0.025
575.27	0.025
575.47	0.025
575.67	0.025
575.86	0.027
576.06	0.028
576.26	0.029
576.45	0.030
576.65	0.030
576.85	0.029
577.04	0.028
577.24	0.027
577.44	0.026
577.63	0.026
577.83	0.025
578.02	0.024
578.22	0.023
578.42	0.023
578.61	0.023
578.81	0.023
579.01	0.024
579.20	0.025
579.40	0.026
579.60	0.027
579.79	0.028
579.99	0.029
580.19	0.029
580.38	0.029
580.58	0.028
580.77	0.028
580.97	0.027
581.17	0.026
581.36	0.024
581.56	0.022
581.75	0.021
581.95	0.020
582.15	0.020
582.34	0.021
582.54	0.022
582.74	0.023
582.93	0.024
583.13	0.025
583.32	0.026
583.52	0.027
583.72	0.028
583.91	0.028
584.11	0.028
584.30	0.028
584.50	0.027
584.70	0.026
584.89	0.025
585.09	0.024
585.28	0.023
585.48	0.023
585.68	0.023
585.87	0.023
586.07	0.024
586.26	0.024
586.46	0.024
586.66	0.024
586.85	0.025
587.05	0.025
587.24	0.024
587.44	0.024
587.63	0.023
587.83	0.023
588.03	0.023
588.22	0.023
588.42	0.023
588.61	0.023
588.81	0.023
589.00	0.022
589.20	0.022
589.40	0.023
589.59	0.023
589.79	0.024
589.98	0.024
590.18	0.024
590.37	0.023
590.57	0.023
590.76	0.024
590.96	0.025
591.16	0.025
591.35	0.026
591.55	0.026
591.74	0.026
591.94	0.026
592.13	0.026
592.33	0.025
592.52	0.025
592.72	0.024
592.91	0.023
593.11	0.022
593.30	0.021
593.50	0.021
593.70	0.021
593.89	0.022
594.09	0.022
594.28	0.023
594.48	0.023
594.67	0.023
594.87	0.023
595.06	0.023
595.26	0.024
595.45	0.023
595.65	0.023
595.84	0.023
596.04	0.024
596.23	0.024
596.43	0.024
596.62	0.025
596.82	0.025
597.01	0.024
597.21	0.025
597.40	0.025
597.60	0.025
597.79	0.024
597.99	0.025
598.18	0.025
598.38	0.024
598.57	0.024
598.77	0.024
598.96	0.023
599.16	0.022
599.35	0.022
599.55	0.021
599.74	0.021
599.94	0.020
600.13	0.021
600.33	0.020
600.52	0.020
600.72	0.020
600.91	0.020
601.11	0.020
601.30	0.021
601.50	0.022
601.69	0.022
601.89	0.023
602.08	0.023
602.27	0.024
602.47	0.024
602.66	0.024
602.86	0.024
603.05	0.024
603.25	0.024
603.44	0.024
603.64	0.023
603.83	0.023
604.03	0.023
604.22	0.024
604.41	0.024
604.61	0.024
604.80	0.025
605.00	0.025
605.19	0.024
605.39	0.024
605.58	0.024
605.78	0.023
605.97	0.022
606.16	0.022
606.36	0.021
606.55	0.021
606.75	0.021
606.94	0.021
607.14	0.021
607.33	0.021
607.52	0.021
607.72	0.021
607.91	0.022
608.11	0.022
608.30	0.022
608.50	0.022
608.69	0.022
608.88	0.022
609.08	0.022
609.27	0.021
609.47	0.022
609.66	0.022
609.85	0.023
610.05	0.022
610.24	0.022
610.44	0.022
610.63	0.022
610.83	0.022
611.02	0.022
611.21	0.022
611.41	0.023
611.60	0.023
611.80	0.023
611.99	0.023
612.18	0.023
612.38	0.023
612.57	0.022
612.76	0.022
612.96	0.022
613.15	0.022
613.35	0.023
613.54	0.023
613.73	0.023
613.93	0.022
614.12	0.022
614.32	0.021
614.51	0.021
614.70	0.021
614.90	0.020
615.09	0.020
615.28	0.020
615.48	0.020
615.67	0.020
615.86	0.020
616.06	0.021
616.25	0.022
616.45	0.022
616.64	0.022
616.83	0.022
617.03	0.021
617.22	0.021
617.41	0.022
617.61	0.022
617.80	0.022
617.99	0.022
618.19	0.022
618.38	0.022
618.57	0.022
618.77	0.022
618.96	0.022
619.15	0.021
619.35	0.022
619.54	0.021
619.73	0.020
619.93	0.020
620.12	0.021
620.31	0.021
620.51	0.021
620.70	0.021
620.89	0.021
621.09	0.021
621.28	0.021
621.47	0.022
621.67	0.022
621.86	0.021
622.05	0.021
622.25	0.021
622.44	0.021
622.63	0.021
622.83	0.021
623.02	0.021
623.21	0.021
623.41	0.021
623.60	0.021
623.79	0.021
623.98	0.021
624.18	0.021
624.37	0.021
624.56	0.020
624.76	0.020
624.95	0.020
625.14	0.021
625.33	0.021
625.53	0.021
625.72	0.021
625.91	0.021
626.11	0.021
626.30	0.021
626.49	0.020
626.68	0.020
626.88	0.020
627.07	0.021
627.26	0.020
627.46	0.020
627.65	0.020
627.84	0.020
628.03	0.020
628.23	0.020
628.42	0.021
628.61	0.021
628.80	0.021
629.00	0.020
629.19	0.020
629.38	0.020
629.58	0.020
629.77	0.020
629.96	0.020
630.15	0.020
630.35	0.020
630.54	0.020
630.73	0.020
630.92	0.020
631.12	0.020
631.31	0.021
631.50	0.021
631.69	0.021
631.89	0.021
632.08	0.021
632.27	0.021
632.46	0.021
632.65	0.021
632.85	0.021
633.04	0.021
633.23	0.020
633.42	0.020
633.62	0.020
633.81	0.020
634.00	0.020
634.19	0.020
634.39	0.020
634.58	0.020
634.77	0.020
634.96	0.020
635.15	0.020
635.35	0.020
635.54	0.020
635.73	0.019
635.92	0.019
636.11	0.019
636.31	0.019
636.50	0.019
636.69	0.019
636.88	0.019
637.07	0.019
637.27	0.018
637.46	0.019
637.65	0.019
637.84	0.019
638.03	0.019
638.23	0.019
638.42	0.020
638.61	0.020
638.80	0.020
638.99	0.020
639.19	0.019
639.38	0.019
639.57	0.019
639.76	0.019
639.95	0.019
640.14	0.019
640.34	0.019
640.53	0.019
640.72	0.019
640.91	0.019
641.10	0.019
641.30	0.019
641.49	0.020
641.68	0.019
641.87	0.019
642.06	0.019
642.25	0.020
642.44	0.019
642.64	0.020
642.83	0.020
643.02	0.020
643.21	0.020
643.40	0.020
643.59	0.020
643.79	0.020
643.98	0.020
644.17	0.020
644.36	0.020
644.55	0.020
644.74	0.020
644.93	0.019
645.13	0.019
645.32	0.018
645.51	0.018
645.70	0.018
645.89	0.018
646.08	0.018
646.27	0.018
646.46	0.019
646.66	0.018
646.85	0.019
647.04	0.019
647.23	0.019
647.42	0.019
647.61	0.019
647.80	0.019
647.99	0.019
648.19	0.019
648.38	0.019
648.57	0.019
648.76	0.019
648.95	0.019
649.14	0.019
649.33	0.019
649.52	0.019
649.71	0.018
649.91	0.019
650.10	0.019
650.29	0.019
650.48	0.019
650.67	0.019
650.86	0.019
651.05	0.019
651.24	0.019
651.43	0.020
651.62	0.019
651.81	0.019
652.01	0.019
652.20	0.019
652.39	0.019
652.58	0.019
652.77	0.019
652.96	0.019
653.15	0.019
653.34	0.019
653.53	0.018
653.72	0.019
653.91	0.020
654.10	0.021
654.29	0.022
654.48	0.022
654.68	0.022
654.87	0.022
655.06	0.021
655.25	0.019
655.44	0.019
655.63	0.018
655.82	0.017
656.01	0.016
656.20	0.016
656.39	0.016
656.58	0.016
656.77	0.017
656.96	0.019
657.15	0.019
657.34	0.020
657.53	0.020
657.72	0.020
657.91	0.020
658.10	0.020
658.29	0.019
658.48	0.019
658.68	0.019
658.87	0.019
659.06	0.019
659.25	0.019
659.44	0.019
659.63	0.019
659.82	0.019
660.01	0.020
660.20	0.020
660.39	0.020
660.58	0.019
660.77	0.020
660.96	0.019
661.15	0.019
661.34	0.019
661.53	0.019
661.72	0.019
661.91	0.019
662.10	0.019
662.29	0.019
662.48	0.019
662.67	0.019
662.86	0.019
663.05	0.019
663.24	0.018
663.43	0.018
663.62	0.018
663.81	0.018
664.00	0.018
664.19	0.018
664.38	0.018
664.57	0.017
664.76	0.017
664.95	0.017
665.14	0.017
665.33	0.017
665.52	0.017
665.71	0.017
665.90	0.017
666.09	0.018
666.28	0.018
666.46	0.018
666.65	0.018
666.84	0.019
667.03	0.019
667.22	0.019
667.41	0.019
667.60	0.019
667.79	0.019
667.98	0.019
668.17	0.019
668.36	0.019
668.55	0.019
668.74	0.018
668.93	0.018
669.12	0.018
669.31	0.018
669.50	0.018
669.69	0.017
669.88	0.018
670.07	0.018
670.26	0.018
670.44	0.018
670.63	0.018
670.82	0.018
671.01	0.018
671.20	0.018
671.39	0.018
671.58	0.018
671.77	0.018
671.96	0.018
672.15	0.017
672.34	0.017
672.53	0.017
672.72	0.018
672.91	0.018
673.09	0.018
673.28	0.018
673.47	0.018
673.66	0.018
673.85	0.018
674.04	0.018
674.23	0.018
674.42	0.017
674.61	0.018
674.80	0.018
674.98	0.018
675.17	0.018
675.36	0.018
675.55	0.018
675.74	0.018
675.93	0.017
676.12	0.018
676.31	0.018
676.50	0.018
676.69	0.018
676.87	0.018
677.06	0.018
677.25	0.018
677.44	0.019
677.63	0.019
677.82	0.019
678.01	0.019
678.20	0.018
678.38	0.018
678.57	0.017
678.76	0.017
678.95	0.017
679.14	0.018
679.33	0.018
679.52	0.018
679.71	0.018
679.89	0.018
680.08	0.018
680.27	0.018
680.46	0.018
680.65	0.018
680.84	0.018
681.02	0.018
681.21	0.018
681.40	0.018
681.59	0.018
681.78	0.018
681.97	0.018
682.16	0.018
682.34	0.018
682.53	0.018
682.72	0.018
682.91	0.018
683.10	0.017
683.29	0.018
683.47	0.018
683.66	0.018
683.85	0.018
684.04	0.017
684.23	0.017
684.42	0.017
684.60	0.017
684.79	0.017
684.98	0.017
685.17	0.017
685.36	0.018
685.54	0.018
685.73	0.018
685.92	0.018
686.11	0.018
686.30	0.018
686.49	0.018
686.67	0.018
686.86	0.018
687.05	0.018
687.24	0.017
687.43	0.017
687.61	0.018
687.80	0.017
687.99	0.017
688.18	0.017
688.36	0.017
688.55	0.017
688.74	0.017
688.93	0.017
689.12	0.017
689.30	0.017
689.49	0.017
689.68	0.017
689.87	0.017
690.06	0.017
690.24	0.017
690.43	0.017
690.62	0.018
690.81	0.018
690.99	0.017
691.18	0.018
691.37	0.018
691.56	0.018
691.74	0.018
691.93	0.018
692.12	0.018
692.31	0.017
692.50	0.017
692.68	0.017
692.87	0.017
693.06	0.017
693.25	0.017
693.43	0.017
693.62	0.017
693.81	0.017
694.00	0.018
694.18	0.018
694.37	0.018
694.56	0.018
694.74	0.018
694.93	0.018
695.12	0.017
695.31	0.017
695.49	0.017
695.68	0.016
695.87	0.017
696.06	0.017
696.24	0.017
696.43	0.017
696.62	0.017
696.80	0.017
696.99	0.018
697.18	0.018
697.37	0.018
697.55	0.018
697.74	0.018
697.93	0.018
698.12	0.018
698.30	0.018
698.49	0.018
698.68	0.017
698.86	0.017
699.05	0.017
699.24	0.017
699.42	0.017
699.61	0.017
699.80	0.017
699.99	0.017
700.17	0.017
700.36	0.017
700.55	0.017
700.73	0.018
700.92	0.018
701.11	0.017
701.29	0.017
701.48	0.018
701.67	0.018
701.85	0.017
702.04	0.017
702.23	0.017
702.41	0.017
702.60	0.017
702.79	0.017
702.97	0.017
703.16	0.017
703.35	0.017
703.53	0.017
703.72	0.017
703.91	0.017
704.09	0.017
704.28	0.017
704.47	0.017
704.65	0.017
704.84	0.018
705.03	0.018
705.21	0.017
705.40	0.017
705.59	0.016
705.77	0.017
705.96	0.016
706.15	0.016
706.33	0.016
706.52	0.016
706.71	0.016
706.89	0.016
707.08	0.016
707.26	0.016
707.45	0.016
707.64	0.016
707.82	0.016
708.01	0.016
708.20	0.017
708.38	0.016
708.57	0.016
708.75	0.016
708.94	0.016
709.13	0.016
709.31	0.016
709.50	0.016
709.69	0.016
709.87	0.016
710.06	0.016
710.24	0.017
710.43	0.017
710.62	0.017
710.80	0.017
710.99	0.017
711.17	0.017
711.36	0.017
711.55	0.017
711.73	0.017
711.92	0.017
712.10	0.017
712.29	0.017
712.48	0.017
712.66	0.017
712.85	0.017
713.03	0.017
713.22	0.017
713.40	0.017
713.59	0.017
713.78	0.016
713.96	0.016
714.15	0.016
714.33	0.017
714.52	0.017
714.71	0.016
714.89	0.016
715.08	0.016
715.26	0.016
715.45	0.016
715.63	0.016
715.82	0.017
716.00	0.017
716.19	0.017
716.38	0.017
716.56	0.017
716.75	0.017
716.93	0.017
717.12	0.016
717.30	0.016
717.49	0.016
717.67	0.016
717.86	0.016
718.05	0.016
718.23	0.016
718.42	0.016
718.60	0.017
718.79	0.016
718.97	0.016
719.16	0.016
719.34	0.016
719.53	0.016
719.71	0.016
719.90	0.016
720.08	0.016
720.27	0.015
720.45	0.016
720.64	0.016
720.83	0.016
721.01	0.016
721.20	0.016
721.38	0.016
721.57	0.016
721.75	0.016
721.94	0.016
722.12	0.016
722.31	0.016
722.49	0.016
722.68	0.016
722.86	0.016
723.05	0.016
723.23	0.016
723.42	0.016
723.60	0.015
723.79	0.015
723.97	0.015
724.16	0.015
724.34	0.015
724.53	0.015
724.71	0.015
724.90	0.015
725.08	0.015
725.27	0.016
725.45	0.016
725.64	0.015
725.82	0.016
726.00	0.016
726.19	0.016
726.37	0.016
726.56	0.016
726.74	0.016
726.93	0.016
727.11	0.016
727.30	0.016
727.48	0.016
727.67	0.016
727.85	0.016
728.04	0.017
728.22	0.017
728.40	0.017
728.59	0.018
728.77	0.017
728.96	0.017
729.14	0.017
729.33	0.017
729.51	0.016
729.70	0.016
729.88	0.016
730.07	0.016
730.25	0.015
730.43	0.015
730.62	0.015
730.80	0.016
730.99	0.015
731.17	0.016
731.36	0.016
731.54	0.016
731.72	0.016
731.91	0.016
732.09	0.016
732.28	0.016
732.46	0.016
732.65	0.016
732.83	0.016
733.01	0.016
733.20	0.016
733.38	0.016
733.57	0.016
733.75	0.016
733.93	0.017
734.12	0.016
734.30	0.016
734.49	0.016
734.67	0.016
734.85	0.016
735.04	0.016
735.22	0.016
735.41	0.016
735.59	0.016
735.77	0.016
735.96	0.016
736.14	0.016
736.33	0.016
736.51	0.016
736.69	0.016
736.88	0.016
737.06	0.015
737.25	0.015
737.43	0.015
737.61	0.015
737.80	0.015
737.98	0.015
738.16	0.015
738.35	0.015
738.53	0.016
738.71	0.016
738.90	0.016
739.08	0.016
739.27	0.016
739.45	0.016
739.63	0.016
739.82	0.016
740.00	0.016
740.18	0.016
740.37	0.016
740.55	0.015
740.73	0.016
740.92	0.015
741.10	0.015
741.28	0.015
741.47	0.016
741.65	0.015
741.83	0.016
742.02	0.016
742.20	0.016
742.38	0.016
742.57	0.015
742.75	0.015
742.93	0.016
743.12	0.016
743.30	0.016
743.48	0.015
743.67	0.015
743.85	0.015
744.03	0.015
744.22	0.015
744.40	0.015
744.58	0.015
744.77	0.015
744.95	0.015
745.13	0.015
745.32	0.015
745.50	0.015
745.68	0.015
745.87	0.016
746.05	0.015
746.23	0.016
746.41	0.016
746.60	0.016
746.78	0.016
746.96	0.016
747.15	0.015
747.33	0.015
747.51	0.015
747.70	0.016
747.88	0.016
748.06	0.015
748.24	0.016
748.43	0.016
748.61	0.016
748.79	0.016
748.97	0.016
749.16	0.016
749.34	0.016
749.52	0.016
749.71	0.016
749.89	0.015
750.07	0.015
750.25	0.015
750.44	0.015
750.62	0.015
750.80	0.015
750.98	0.015
751.17	0.015
751.35	0.015
751.53	0.015
751.71	0.015
751.90	0.015
752.08	0.015
752.26	0.015
752.44	0.014
752.63	0.014
752.81	0.014
752.99	0.014
753.17	0.014
753.36	0.014
753.54	0.015
753.72	0.015
753.90	0.015
754.09	0.015
754.27	0.015
754.45	0.015
754.63	0.015
754.82	0.015
755.00	0.015
755.18	0.015
755.36	0.015
755.54	0.015
755.73	0.015
755.91	0.015
756.09	0.015
756.27	0.015
756.45	0.015
756.64	0.015
756.82	0.014
757.00	0.015
757.18	0.015
757.37	0.015
757.55	0.015
757.73	0.016
757.91	0.016
758.09	0.016
758.27	0.016
758.46	0.016
758.64	0.015
758.82	0.015
759.00	0.015
759.18	0.015
759.37	0.015
759.55	0.014
759.73	0.014
759.91	0.014
760.09	0.014
760.28	0.014
760.46	0.014
760.64	0.015
760.82	0.015
761.00	0.014
761.18	0.015
761.37	0.015
761.55	0.015
761.73	0.015
761.91	0.014
762.09	0.014
762.27	0.014
762.46	0.013
762.64	0.013
762.82	0.013
763.00	0.013
763.18	0.013
763.36	0.013
763.54	0.013
763.73	0.013
763.91	0.014
764.09	0.014
764.27	0.014
764.45	0.014
764.63	0.014
764.81	0.014
765.00	0.014
765.18	0.014
765.36	0.015
765.54	0.015
765.72	0.014
765.90	0.014
766.08	0.015
766.27	0.014
766.45	0.014
766.63	0.013
766.81	0.013
766.99	0.013
767.17	0.013
767.35	0.013
767.53	0.014
767.71	0.013
767.90	0.014
768.08	0.014
768.26	0.014
768.44	0.015
768.62	0.015
768.80	0.014
768.98	0.014
769.16	0.014
769.34	0.014
769.52	0.014
769.71	0.014
769.89	0.014
770.07	0.014
770.25	0.014
770.43	0.013
770.61	0.013
770.79	0.013
770.97	0.013
771.15	0.013
771.33	0.013
771.51	0.013
771.69	0.013
771.88	0.013
772.06	0.013
772.24	0.013
772.42	0.013
772.60	0.014
772.78	0.014
772.96	0.014
773.14	0.013
773.32	0.013
773.50	0.013
773.68	0.014
773.86	0.014
774.04	0.014
774.22	0.013
774.40	0.013
774.58	0.013
774.77	0.014
774.95	0.013
775.13	0.014
775.31	0.013
775.49	0.013
775.67	0.013
775.85	0.013
776.03	0.013
776.21	0.013
776.39	0.013
776.57	0.014
776.75	0.014
776.93	0.014
777.11	0.014
777.29	0.015
777.47	0.015
777.65	0.015
777.83	0.015
778.01	0.015
778.19	0.015
778.37	0.015
778.55	0.014
778.73	0.014
778.91	0.014
779.09	0.014
779.27	0.014
779.45	0.014
779.63	0.014
779.81	0.014
779.99	0.014
780.17	0.014
780.35	0.014
780.53	0.014
780.71	0.014
780.89	0.014
781.07	0.014
781.25	0.014
781.43	0.015
781.61	0.015
781.79	0.014
781.97	0.014
782.15	0.014
782.33	0.014
782.51	0.014
782.69	0.014
782.87	0.014
783.05	0.014
783.23	0.014
783.41	0.014
783.59	0.014
783.77	0.014
783.95	0.014
784.13	0.014
784.31	0.013
784.49	0.013
784.67	0.013
784.85	0.013
785.03	0.013
785.21	0.013
785.38	0.013
785.56	0.013
785.74	0.014
785.92	0.014
786.10	0.014
786.28	0.014
786.46	0.014
786.64	0.014
786.82	0.014
787.00	0.014
787.18	0.014
787.36	0.014
787.54	0.014
787.72	0.014
787.90	0.015
788.08	0.015
788.25	0.015
788.43	0.015
788.61	0.015
788.79	0.015
788.97	0.015
789.15	0.015
789.33	0.015
789.51	0.015
789.69	0.014
789.87	0.014
790.05	0.014
790.23	0.014
790.40	0.013
790.58	0.013
790.76	0.013
790.94	0.014
791.12	0.013
791.30	0.014
791.48	0.014
791.66	0.014
791.84	0.014
792.02	0.014
792.19	0.014
792.37	0.014
792.55	0.014
792.73	0.014
792.91	0.013
793.09	0.013
793.27	0.013
793.45	0.013
793.63	0.014
793.80	0.014
793.98	0.014
794.16	0.014
794.34	0.014
794.52	0.015
794.70	0.014
794.88	0.015
795.05	0.014
795.23	0.014
795.41	0.014
795.59	0.014
795.77	0.013
795.95	0.013
796.13	0.014
796.30	0.014
796.48	0.013
796.66	0.013
796.84	0.013
797.02	0.013
797.20	0.013
797.38	0.013
797.55	0.014
797.73	0.014
797.91	0.014
798.09	0.014
798.27	0.014
798.45	0.014
798.62	0.014
798.80	0.014
798.98	0.014
799.16	0.014
799.34	0.014
799.52	0.014
799.69	0.014
799.87	0.014
800.05	0.014
800.23	0.014
800.41	0.014
800.58	0.014
800.76	0.014
800.94	0.014
801.12	0.014
801.30	0.013
801.47	0.013
801.65	0.013
801.83	0.013
802.01	0.013
802.19	0.013
802.36	0.012
802.54	0.012
802.72	0.013
802.90	0.013
803.08	0.013
803.25	0.013
803.43	0.013
803.61	0.014
803.79	0.013
803.97	0.014
804.14	0.013
804.32	0.013
804.50	0.013
804.68	0.013
804.85	0.013
805.03	0.012
805.21	0.012
805.39	0.013
805.56	0.013
805.74	0.013
805.92	0.013
806.10	0.013
806.28	0.013
806.45	0.013
806.63	0.013
806.81	0.013
806.99	0.012
807.16	0.013
807.34	0.013
807.52	0.012
807.70	0.012
807.87	0.012
808.05	0.013
808.23	0.013
808.41	0.012
808.58	0.013
808.76	0.012
808.94	0.013
809.11	0.013
809.29	0.014
809.47	0.014
809.65	0.013
809.82	0.013
810.00	0.014
810.18	0.014
810.36	0.014
810.53	0.014
810.71	0.014
810.89	0.014
811.06	0.014
811.24	0.014
811.42	0.014
811.60	0.013
811.77	0.014
811.95	0.013
812.13	0.013
812.30	0.012
812.48	0.012
812.66	0.012
812.83	0.013
813.01	0.013
813.19	0.014
813.37	0.014
813.54	0.013
813.72	0.013
813.90	0.013
814.07	0.013
814.25	0.013
814.43	0.013
814.60	0.013
814.78	0.012
814.96	0.012
815.13	0.013
815.31	0.012
815.49	0.013
815.66	0.013
815.84	0.013
816.02	0.013
816.19	0.012
816.37	0.012
816.55	0.012
816.72	0.013
816.90	0.013
817.08	0.013
817.25	0.013
817.43	0.013
817.61	0.013
817.78	0.014
817.96	0.014
818.14	0.014
818.31	0.014
818.49	0.014
818.67	0.014
818.84	0.014
819.02	0.013
819.19	0.013
819.37	0.013
819.55	0.013
819.72	0.013
819.90	0.014
820.08	0.013
820.25	0.014
820.43	0.013
820.60	0.014
820.78	0.014
820.96	0.014
821.13	0.013
821.31	0.012
821.49	0.012
821.66	0.012
821.84	0.012
822.01	0.012
822.19	0.012
822.37	0.012
822.54	0.012
822.72	0.012
822.89	0.012
823.07	0.012
823.25	0.012
823.42	0.013
823.60	0.013
823.77	0.013
823.95	0.013
824.13	0.013
824.30	0.013
824.48	0.013
824.65	0.013
824.83	0.013
825.01	0.013
825.18	0.013
825.36	0.012
825.53	0.012
825.71	0.013
825.88	0.013
826.06	0.012
826.24	0.013
826.41	0.013
826.59	0.013
826.76	0.013
826.94	0.013
827.11	0.013
827.29	0.013
827.47	0.013
827.64	0.013
827.82	0.013
827.99	0.013
828.17	0.013
828.34	0.012
828.52	0.012
828.69	0.012
828.87	0.012
829.04	0.012
829.22	0.012
829.40	0.012
829.57	0.011
829.75	0.012
829.92	0.012
830.10	0.012
830.27	0.012
830.45	0.012
830.62	0.012
830.80	0.013
830.97	0.013
831.15	0.013
831.32	0.013
831.50	0.013
831.67	0.013
831.85	0.013
832.02	0.013
832.20	0.013
832.37	0.013
832.55	0.013
832.73	0.013
832.90	0.013
833.08	0.013
833.25	0.013
833.43	0.013
833.60	0.012
833.78	0.012
833.95	0.012
834.13	0.011
834.30	0.010
834.48	0.011
834.65	0.012
834.82	0.012
835.00	0.012
835.17	0.013
835.35	0.013
835.52	0.013
835.70	0.013
835.87	0.014
836.05	0.014
836.22	0.013
836.40	0.013
836.57	0.013
836.75	0.013
836.92	0.013
837.10	0.013
837.27	0.013
837.45	0.013
837.62	0.013
837.80	0.013
837.97	0.013
838.14	0.013
838.32	0.013
838.49	0.013
838.67	0.012
838.84	0.013
839.02	0.013
839.19	0.012
839.37	0.013
839.54	0.013
839.71	0.013
839.89	0.013
840.06	0.013
840.24	0.012
840.41	0.012
840.59	0.012
840.76	0.012
840.94	0.012
841.11	0.012
841.28	0.012
841.46	0.012
841.63	0.012
841.81	0.012
841.98	0.012
842.15	0.012
842.33	0.012
842.50	0.012
842.68	0.012
842.85	0.012
843.03	0.013
843.20	0.013
843.37	0.013
843.55	0.013
843.72	0.013
843.90	0.013
844.07	0.013
844.24	0.013
844.42	0.012
844.59	0.012
844.77	0.012
844.94	0.011
845.11	0.011
845.29	0.011
845.46	0.011
845.63	0.010
845.81	0.010
845.98	0.010
846.16	0.011
846.33	0.011
846.50	0.011
846.68	0.011
846.85	0.011
847.02	0.011
847.20	0.011
847.37	0.011
847.55	0.012
847.72	0.012
847.89	0.012
848.07	0.012
848.24	0.012
848.41	0.012
848.59	0.013
848.76	0.013
848.93	0.013
849.11	0.013
849.28	0.012
849.45	0.012
849.63	0.012
849.80	0.012
849.97	0.012
850.15	0.012
850.32	0.012
850.49	0.012
850.67	0.012
850.84	0.012
851.01	0.012
851.19	0.012
851.36	0.012
851.53	0.011
851.71	0.011
851.88	0.011
852.05	0.011
852.23	0.011
852.40	0.012
852.57	0.012
852.75	0.012
852.92	0.013
853.09	0.013
853.27	0.014
853.44	0.014
853.61	0.014
853.79	0.014
853.96	0.014
854.13	0.014
854.30	0.014
854.48	0.013
854.65	0.013
854.82	0.013
855.00	0.013
855.17	0.013
855.34	0.012
855.51	0.012
855.69	0.012
855.86	0.013
856.03	0.013
856.21	0.013
856.38	0.012
856.55	0.013
856.72	0.013
856.90	0.013
857.07	0.014
857.24	0.013
857.42	0.014
857.59	0.014
857.76	0.014
857.93	0.015
858.11	0.014
858.28	0.014
858.45	0.014
858.62	0.014
858.80	0.014
858.97	0.014
859.14	0.013
859.31	0.013
859.49	0.012
859.66	0.012
859.83	0.011
860.00	0.011
860.18	0.012
860.35	0.013
860.52	0.013
860.69	0.012
860.86	0.013
861.04	0.014
861.21	0.013
861.38	0.014
861.55	0.013
861.73	0.013
861.90	0.012
862.07	0.013
862.24	0.014
862.42	0.013
862.59	0.013
862.76	0.013
862.93	0.013
863.10	0.013
863.28	0.013
863.45	0.013
863.62	0.014
863.79	0.013
863.96	0.013
864.14	0.013
864.31	0.014
864.48	0.014
864.65	0.013
864.82	0.013
865.00	0.013
865.17	0.012
865.34	0.011
865.51	0.011
865.68	0.011
865.86	0.010
866.03	0.011
866.20	0.012
866.37	0.012
866.54	0.012
866.71	0.012
866.89	0.013
867.06	0.013
867.23	0.013
867.40	0.014
867.57	0.013
867.74	0.013
867.92	0.013
868.09	0.013
868.26	0.013
868.43	0.013
868.60	0.013
868.77	0.013
868.95	0.013
869.12	0.013
869.29	0.013
869.46	0.014
869.63	0.014
869.80	0.013
869.97	0.014
870.15	0.014
870.32	0.014
870.49	0.015
870.66	0.015
870.83	0.015
871.00	0.014
871.17	0.015
871.34	0.016
871.52	0.015
871.69	0.014
871.86	0.015
872.03	0.015
872.20	0.014
872.37	0.014
872.54	0.013
872.71	0.013
872.89	0.013
873.06	0.014
873.23	0.014
873.40	0.014
873.57	0.014
873.74	0.014
873.91	0.015
874.08	0.015
874.25	0.014
874.42	0.014
874.60	0.015
874.77	0.014
874.94	0.015
875.11	0.015
875.28	0.015
875.45	0.014
875.62	0.014
875.79	0.013
875.96	0.013
876.13	0.013
876.30	0.013
876.47	0.014
876.65	0.013
876.82	0.013
876.99	0.014
877.16	0.014
877.33	0.015
877.50	0.016
877.67	0.015
877.84	0.014
878.01	0.014
878.18	0.014
878.35	0.014
878.52	0.014
878.69	0.015
878.86	0.014
879.03	0.013
879.20	0.014
879.38	0.014
879.55	0.014
879.72	0.014
879.89	0.013
880.06	0.014
880.23	0.013
880.40	0.015
880.57	0.016
880.74	0.016
880.91	0.016
881.08	0.016
881.25	0.016
881.42	0.016
881.59	0.016
881.76	0.015
881.93	0.015
882.10	0.014
882.27	0.015
882.44	0.014
882.61	0.015
882.78	0.014
882.95	0.016
883.12	0.016
883.29	0.016
883.46	0.016
883.63	0.016
883.80	0.016
883.97	0.016
884.14	0.015
884.31	0.016
884.48	0.015
884.65	0.014
884.82	0.015
884.99	0.015
885.16	0.014
885.33	0.014
885.50	0.014
885.67	0.014
885.84	0.014
886.01	0.014
886.18	0.015
886.35	0.014
886.52	0.014
886.69	0.013
886.86	0.012
887.03	0.013
887.20	0.014
887.37	0.014
887.54	0.015
887.71	0.015
887.88	0.015
888.05	0.015
888.22	0.016
888.39	0.018
888.55	0.017
888.72	0.017
888.89	0.016
889.06	0.016
889.23	0.016
889.40	0.017
889.57	0.017
889.74	0.016
889.91	0.016
890.08	0.016
890.25	0.016
890.42	0.017
890.59	0.016
890.76	0.016
890.93	0.016
891.10	0.016
891.26	0.016
891.43	0.016
891.60	0.015
891.77	0.014
891.94	0.014
892.11	0.014
892.28	0.013
892.45	0.013
892.62	0.013
892.79	0.014
892.96	0.014
893.13	0.015
893.29	0.015
893.46	0.015
893.63	0.015
893.80	0.016
893.97	0.016
894.14	0.016
894.31	0.016
894.48	0.022
894.65	0.013
894.81	0.013
894.98	0.015
