177.34	0.129
177.56	0.129
177.78	0.129
178.00	-0.000
178.22	-0.000
178.44	-0.000
178.66	-0.000
178.89	-0.787
179.11	-0.460
179.33	-0.666
179.55	-0.952
179.77	-0.000
179.99	-0.729
180.21	-0.389
180.43	-0.053
180.65	0.137
180.87	0.260
181.09	0.332
181.31	0.466
181.53	0.473
181.75	0.428
181.97	0.465
182.19	0.453
182.41	0.484
182.63	0.459
182.85	0.478
183.07	0.472
183.30	0.478
183.52	0.472
183.74	0.454
183.96	0.416
184.18	0.417
184.40	0.426
184.62	0.393
184.84	0.429
185.06	0.446
185.28	0.420
185.50	0.431
185.72	0.471
185.94	0.493
186.16	0.544
186.38	0.558
186.60	0.643
186.82	0.626
187.04	0.652
187.26	0.662
187.48	0.745
187.70	0.741
187.92	0.757
188.14	0.742
188.36	0.770
188.58	0.808
188.80	0.910
189.02	0.903
189.24	0.977
189.46	0.970
189.68	1.012
189.90	1.014
190.12	1.064
190.34	1.140
190.56	1.140
190.78	1.086
191.00	1.129
191.22	1.093
191.44	1.109
191.66	1.139
191.88	1.239
192.10	1.236
192.32	1.221
192.54	1.281
192.76	1.317
192.98	1.345
193.20	1.429
193.42	1.491
193.64	1.530
193.86	1.517
194.08	1.567
194.30	1.539
194.52	1.526
194.74	1.557
194.96	1.534
195.18	1.516
195.40	1.465
195.62	1.461
195.84	1.483
196.06	1.452
196.28	1.479
196.50	1.459
196.72	1.437
196.94	1.501
197.16	1.532
197.38	1.650
197.60	1.610
197.82	1.576
198.04	1.655
198.26	1.693
198.48	1.673
198.70	1.649
198.92	1.635
199.13	1.665
199.35	1.615
199.57	1.667
199.79	1.653
200.01	1.633
200.23	1.591
200.45	1.624
200.67	1.658
200.89	1.612
201.11	1.616
201.33	1.606
201.55	1.629
201.77	1.688
201.99	1.663
202.21	1.698
202.43	1.728
202.65	1.724
202.87	1.759
203.09	1.809
203.31	1.808
203.52	1.796
203.74	1.788
203.96	1.821
204.18	1.818
204.40	1.841
204.62	1.841
204.84	1.881
205.06	1.813
205.28	1.833
205.50	1.819
205.72	1.824
205.94	1.824
206.16	1.823
206.38	1.801
206.59	1.841
206.81	1.821
207.03	1.852
207.25	1.849
207.47	1.891
207.69	1.926
207.91	1.995
208.13	1.985
208.35	2.005
208.57	2.052
208.79	2.054
209.01	2.076
209.22	2.158
209.44	2.113
209.66	2.092
209.88	2.049
210.10	2.062
210.32	2.097
210.54	2.012
210.76	2.023
210.98	2.009
211.20	2.004
211.42	2.040
211.63	2.048
211.85	2.071
212.07	2.127
212.29	2.091
212.51	2.147
212.73	2.213
212.95	2.243
213.17	2.183
213.39	2.151
213.60	2.133
213.82	2.159
214.04	2.161
214.26	2.215
214.48	2.180
214.70	2.127
214.92	2.115
215.14	2.165
215.35	2.215
215.57	2.175
215.79	2.155
216.01	2.159
216.23	2.143
216.45	2.200
216.67	2.221
216.89	2.232
217.10	2.209
217.32	2.194
217.54	2.256
217.76	2.306
217.98	2.322
218.20	2.270
218.42	2.246
218.64	2.273
218.85	2.251
219.07	2.279
219.29	2.285
219.51	2.284
219.73	2.270
219.95	2.224
220.17	2.251
220.38	2.266
220.60	2.291
220.82	2.313
221.04	2.245
221.26	2.253
221.48	2.254
221.69	2.217
221.91	2.268
222.13	2.318
222.35	2.364
222.57	2.334
222.79	2.368
223.00	2.438
223.22	2.442
223.44	2.484
223.66	2.515
223.88	2.482
224.10	2.455
224.32	2.415
224.53	2.430
224.75	2.428
224.97	2.429
225.19	2.471
225.41	2.406
225.62	2.454
225.84	2.484
226.06	2.475
226.28	2.463
226.50	2.449
226.72	2.433
226.93	2.447
227.15	2.405
227.37	2.478
227.59	2.450
227.81	2.448
228.02	2.423
228.24	2.513
228.46	2.527
228.68	2.542
228.90	2.527
229.12	2.578
229.33	2.537
229.55	2.521
229.77	2.487
229.99	2.513
230.21	2.464
230.42	2.462
230.64	2.459
230.86	2.487
231.08	2.474
231.30	2.428
231.51	2.482
231.73	2.491
231.95	2.506
232.17	2.502
232.38	2.488
232.60	2.502
232.82	2.521
233.04	2.536
233.26	2.598
233.47	2.535
233.69	2.541
233.91	2.553
234.13	2.579
234.35	2.602
234.56	2.574
234.78	2.531
235.00	2.498
235.22	2.535
235.43	2.582
235.65	2.605
235.87	2.618
236.09	2.644
236.30	2.653
236.52	2.698
236.74	2.704
236.96	2.743
237.18	2.723
237.39	2.716
237.61	2.766
237.83	2.793
238.05	2.717
238.26	2.665
238.48	2.647
238.70	2.671
238.92	2.659
239.13	2.644
239.35	2.641
239.57	2.600
239.79	2.577
240.00	2.598
240.22	2.635
240.44	2.648
240.66	2.661
240.87	2.677
241.09	2.672
241.31	2.670
241.53	2.638
241.74	2.650
241.96	2.673
242.18	2.649
242.40	2.621
242.61	2.599
242.83	2.567
243.05	2.580
243.27	2.579
243.48	2.579
243.70	2.550
243.92	2.489
244.13	2.492
244.35	2.485
244.57	2.497
244.79	2.497
245.00	2.465
245.22	2.428
245.44	2.448
245.65	2.453
245.87	2.483
246.09	2.474
246.31	2.472
246.52	2.463
246.74	2.463
246.96	2.479
247.18	2.493
247.39	2.484
247.61	2.475
247.83	2.471
248.04	2.492
248.26	2.518
248.48	2.498
248.69	2.519
248.91	2.508
249.13	2.516
249.35	2.525
249.56	2.527
249.78	2.499
250.00	2.479
250.21	2.467
250.43	2.465
250.65	2.454
250.86	2.472
251.08	2.467
251.30	2.462
251.51	2.466
251.73	2.483
251.95	2.506
252.17	2.501
252.38	2.503
252.60	2.498
252.82	2.483
253.03	2.471
253.25	2.460
253.47	2.456
253.68	2.467
253.90	2.443
254.12	2.439
254.33	2.461
254.55	2.460
254.77	2.477
254.98	2.471
255.20	2.467
255.42	2.477
255.63	2.449
255.85	2.469
256.07	2.468
256.28	2.459
256.50	2.455
256.72	2.445
256.93	2.467
257.15	2.477
257.37	2.457
257.58	2.458
257.80	2.441
258.02	2.453
258.23	2.447
258.45	2.453
258.67	2.446
258.88	2.458
259.10	2.466
259.32	2.490
259.53	2.518
259.75	2.512
259.96	2.502
260.18	2.488
260.40	2.466
260.61	2.487
260.83	2.470
261.05	2.444
261.26	2.428
261.48	2.429
261.70	2.441
261.91	2.422
262.13	2.423
262.34	2.438
262.56	2.427
262.78	2.422
262.99	2.429
263.21	2.422
263.43	2.415
263.64	2.414
263.86	2.420
264.07	2.424
264.29	2.423
264.51	2.411
264.72	2.400
264.94	2.395
265.16	2.391
265.37	2.391
265.59	2.387
265.80	2.384
266.02	2.383
266.24	2.379
266.45	2.385
266.67	2.390
266.88	2.389
267.10	2.386
267.32	2.373
267.53	2.389
267.75	2.391
267.96	2.403
268.18	2.401
268.40	2.412
268.61	2.398
268.83	2.407
269.04	2.421
269.26	2.416
269.48	2.385
269.69	2.381
269.91	2.348
270.12	2.347
270.34	2.327
270.56	2.327
270.77	2.317
270.99	2.311
271.20	2.302
271.42	2.307
271.64	2.315
271.85	2.331
272.07	2.325
272.28	2.320
272.50	2.319
272.71	2.313
272.93	2.305
273.15	2.305
273.36	2.294
273.58	2.275
273.79	2.263
274.01	2.264
274.22	2.246
274.44	2.242
274.66	2.240
274.87	2.231
275.09	2.229
275.30	2.219
275.52	2.219
275.73	2.209
275.95	2.193
276.16	2.195
276.38	2.187
276.60	2.176
276.81	2.171
277.03	2.167
277.24	2.162
277.46	2.155
277.67	2.154
277.89	2.147
278.10	2.135
278.32	2.134
278.53	2.134
278.75	2.121
278.97	2.105
279.18	2.101
279.40	2.094
279.61	2.086
279.83	2.086
280.04	2.085
280.26	2.078
280.47	2.069
280.69	2.069
280.90	2.069
281.12	2.060
281.33	2.057
281.55	2.053
281.76	2.043
281.98	2.034
282.20	2.025
282.41	2.015
282.63	2.004
282.84	1.995
283.06	1.989
283.27	1.979
283.49	1.966
283.70	1.959
283.92	1.955
284.13	1.942
284.35	1.935
284.56	1.923
284.78	1.916
284.99	1.909
285.21	1.899
285.42	1.894
285.64	1.878
285.85	1.868
286.07	1.855
286.28	1.844
286.50	1.834
286.71	1.825
286.93	1.813
287.14	1.802
287.36	1.791
287.57	1.779
287.79	1.764
288.00	1.759
288.22	1.751
288.43	1.747
288.65	1.730
288.86	1.717
289.08	1.707
289.29	1.693
289.51	1.689
289.72	1.683
289.94	1.670
290.15	1.658
290.37	1.646
290.58	1.640
290.80	1.634
291.01	1.623
291.22	1.614
291.44	1.602
291.65	1.593
291.87	1.582
292.08	1.576
292.30	1.563
292.51	1.554
292.73	1.539
292.94	1.530
293.16	1.524
293.37	1.516
293.59	1.508
293.80	1.501
294.02	1.489
294.23	1.481
294.44	1.470
294.66	1.464
294.87	1.455
295.09	1.444
295.30	1.436
295.52	1.424
295.73	1.414
295.95	1.408
296.16	1.402
296.37	1.394
296.59	1.388
296.80	1.380
297.02	1.371
297.23	1.363
297.45	1.354
297.66	1.347
297.88	1.336
298.09	1.327
298.30	1.321
298.52	1.313
298.73	1.306
298.95	1.298
299.16	1.292
299.38	1.287
299.59	1.281
299.80	1.274
300.02	1.267
300.23	1.259
300.45	1.250
300.66	1.244
300.88	1.237
301.09	1.229
301.30	1.221
301.52	1.212
301.73	1.207
301.95	1.200
302.16	1.192
302.37	1.187
302.59	1.178
302.80	1.173
303.02	1.166
303.23	1.160
303.45	1.155
303.66	1.149
303.87	1.142
304.09	1.136
304.30	1.130
304.52	1.124
304.73	1.120
304.94	1.115
305.16	1.112
305.37	1.108
305.59	1.103
305.80	1.098
306.01	1.095
306.23	1.091
306.44	1.086
306.65	1.080
306.87	1.075
307.08	1.069
307.30	1.063
307.51	1.058
307.72	1.053
307.94	1.048
308.15	1.043
308.37	1.038
308.58	1.033
308.79	1.028
309.01	1.022
309.22	1.016
309.43	1.011
309.65	1.007
309.86	1.002
310.07	0.997
310.29	0.992
310.50	0.988
310.72	0.984
310.93	0.980
311.14	0.976
311.36	0.971
311.57	0.967
311.78	0.963
312.00	0.958
312.21	0.954
312.42	0.948
312.64	0.943
312.85	0.939
313.07	0.936
313.28	0.931
313.49	0.927
313.71	0.924
313.92	0.919
314.13	0.915
314.35	0.911
314.56	0.907
314.77	0.902
314.99	0.897
315.20	0.893
315.41	0.888
315.63	0.883
315.84	0.880
316.05	0.875
316.27	0.871
316.48	0.867
316.69	0.864
316.91	0.860
317.12	0.855
317.33	0.851
317.55	0.848
317.76	0.843
317.97	0.840
318.19	0.835
318.40	0.831
318.61	0.827
318.83	0.823
319.04	0.820
319.25	0.815
319.47	0.812
319.68	0.809
319.89	0.805
320.10	0.803
320.32	0.799
320.53	0.795
320.74	0.791
320.96	0.788
321.17	0.785
321.38	0.780
321.60	0.776
321.81	0.772
322.02	0.768
322.24	0.764
322.45	0.760
322.66	0.757
322.87	0.753
323.09	0.750
323.30	0.747
323.51	0.744
323.73	0.740
323.94	0.736
324.15	0.732
324.36	0.729
324.58	0.727
324.79	0.723
325.00	0.721
325.22	0.718
325.43	0.715
325.64	0.712
325.85	0.709
326.07	0.706
326.28	0.703
326.49	0.700
326.71	0.696
326.92	0.691
327.13	0.688
327.34	0.684
327.56	0.681
327.77	0.677
327.98	0.673
328.19	0.669
328.41	0.666
328.62	0.663
328.83	0.660
329.04	0.656
329.26	0.654
329.47	0.651
329.68	0.648
329.90	0.646
330.11	0.642
330.32	0.640
330.53	0.638
330.75	0.635
330.96	0.632
331.17	0.630
331.38	0.627
331.60	0.624
331.81	0.621
332.02	0.618
332.23	0.614
332.44	0.611
332.66	0.608
332.87	0.604
333.08	0.601
333.29	0.598
333.51	0.595
333.72	0.592
333.93	0.589
334.14	0.586
334.36	0.583
334.57	0.580
334.78	0.578
334.99	0.576
335.21	0.573
335.42	0.570
335.63	0.567
335.84	0.565
336.05	0.562
336.27	0.559
336.48	0.556
336.69	0.553
336.90	0.550
337.11	0.548
337.33	0.546
337.54	0.543
337.75	0.540
337.96	0.539
338.18	0.537
338.39	0.533
338.60	0.531
338.81	0.528
339.02	0.524
339.24	0.522
339.45	0.519
339.66	0.517
339.87	0.514
340.08	0.511
340.30	0.509
340.51	0.506
340.72	0.504
340.93	0.502
341.14	0.500
341.36	0.497
341.57	0.495
341.78	0.492
341.99	0.491
342.20	0.488
342.41	0.486
342.63	0.484
342.84	0.482
343.05	0.479
343.26	0.476
343.47	0.473
343.69	0.471
343.90	0.469
344.11	0.467
344.32	0.465
344.53	0.462
344.74	0.461
344.96	0.459
345.17	0.456
345.38	0.455
345.59	0.452
345.80	0.449
346.01	0.448
346.23	0.445
346.44	0.443
346.65	0.440
346.86	0.439
347.07	0.436
347.28	0.434
347.50	0.431
347.71	0.429
347.92	0.427
348.13	0.424
348.34	0.422
348.55	0.420
348.76	0.418
348.98	0.416
349.19	0.414
349.40	0.412
349.61	0.411
349.82	0.409
350.03	0.407
350.24	0.406
350.46	0.404
350.67	0.402
350.88	0.399
351.09	0.398
351.30	0.396
351.51	0.395
351.72	0.393
351.93	0.391
352.15	0.389
352.36	0.387
352.57	0.384
352.78	0.383
352.99	0.380
353.20	0.378
353.41	0.376
353.62	0.375
353.84	0.374
354.05	0.372
354.26	0.370
354.47	0.368
354.68	0.366
354.89	0.364
355.10	0.362
355.31	0.360
355.52	0.357
355.74	0.355
355.95	0.353
356.16	0.352
356.37	0.351
356.58	0.349
356.79	0.347
357.00	0.346
357.21	0.345
357.42	0.343
357.63	0.341
357.85	0.339
358.06	0.337
358.27	0.335
358.48	0.333
358.69	0.332
358.90	0.330
359.11	0.329
359.32	0.327
359.53	0.326
359.74	0.324
359.95	0.323
360.17	0.322
360.38	0.321
360.59	0.319
360.80	0.317
361.01	0.315
361.22	0.314
361.43	0.312
361.64	0.310
361.85	0.309
362.06	0.306
362.27	0.305
362.48	0.303
362.69	0.301
362.90	0.300
363.12	0.299
363.33	0.297
363.54	0.297
363.75	0.294
363.96	0.293
364.17	0.291
364.38	0.290
364.59	0.289
364.80	0.287
365.01	0.285
365.22	0.283
365.43	0.281
365.64	0.280
365.85	0.279
366.06	0.277
366.27	0.275
366.48	0.274
366.69	0.272
366.90	0.271
367.11	0.270
367.32	0.269
367.54	0.267
367.75	0.266
367.96	0.265
368.17	0.264
368.38	0.262
368.59	0.260
368.80	0.259
369.01	0.257
369.22	0.255
369.43	0.253
369.64	0.252
369.85	0.251
370.06	0.249
370.27	0.249
370.48	0.248
370.69	0.247
370.90	0.246
371.11	0.245
371.32	0.244
371.53	0.242
371.74	0.241
371.95	0.241
372.16	0.239
372.37	0.238
372.58	0.237
372.79	0.235
373.00	0.234
373.21	0.233
373.42	0.232
373.63	0.231
373.84	0.229
374.05	0.228
374.26	0.228
374.47	0.227
374.68	0.225
374.89	0.225
375.10	0.224
375.31	0.222
375.52	0.221
375.73	0.220
375.94	0.218
376.15	0.216
376.36	0.215
376.57	0.214
376.78	0.213
376.99	0.212
377.20	0.211
377.41	0.210
377.62	0.210
377.83	0.209
378.04	0.208
378.25	0.208
378.46	0.207
378.67	0.206
378.88	0.204
379.09	0.203
379.30	0.202
379.51	0.201
379.72	0.199
379.92	0.198
380.13	0.196
380.34	0.195
380.55	0.194
380.76	0.193
380.97	0.193
381.18	0.192
381.39	0.191
381.60	0.190
381.81	0.189
382.02	0.188
382.23	0.188
382.44	0.187
382.65	0.186
382.86	0.185
383.07	0.185
383.28	0.183
383.49	0.182
383.70	0.182
383.91	0.181
384.11	0.180
384.32	0.179
384.53	0.179
384.74	0.178
384.95	0.176
385.16	0.175
385.37	0.174
385.58	0.173
385.79	0.173
386.00	0.173
386.21	0.172
386.42	0.171
386.63	0.170
386.84	0.169
387.04	0.169
387.25	0.168
387.46	0.166
387.67	0.165
387.88	0.164
388.09	0.163
388.30	0.162
388.51	0.162
388.72	0.162
388.93	0.161
389.14	0.161
389.34	0.160
389.55	0.159
389.76	0.158
389.97	0.157
390.18	0.157
390.39	0.156
390.60	0.155
390.81	0.155
391.02	0.154
391.23	0.155
391.43	0.154
391.64	0.154
391.85	0.153
392.06	0.152
392.27	0.151
392.48	0.150
392.69	0.149
392.90	0.148
393.11	0.146
393.31	0.145
393.52	0.144
393.73	0.144
393.94	0.143
394.15	0.142
394.36	0.142
394.57	0.142
394.78	0.141
394.98	0.141
395.19	0.140
395.40	0.140
395.61	0.139
395.82	0.140
396.03	0.139
396.24	0.138
396.44	0.138
396.65	0.138
396.86	0.137
397.07	0.137
397.28	0.136
397.49	0.136
397.70	0.135
397.90	0.134
398.11	0.133
398.32	0.132
398.53	0.131
398.74	0.129
398.95	0.128
399.16	0.128
399.36	0.128
399.57	0.127
399.78	0.126
399.99	0.126
400.20	0.126
400.41	0.126
400.61	0.126
400.82	0.125
401.03	0.124
401.24	0.124
401.45	0.123
401.66	0.123
401.86	0.122
402.07	0.122
402.28	0.121
402.49	0.120
402.70	0.120
402.91	0.119
403.11	0.119
403.32	0.119
403.53	0.118
403.74	0.118
403.95	0.118
404.15	0.118
404.36	0.117
404.57	0.116
404.78	0.115
404.99	0.114
405.20	0.114
405.40	0.113
405.61	0.113
405.82	0.112
406.03	0.112
406.24	0.112
406.44	0.112
406.65	0.112
406.86	0.112
407.07	0.112
407.28	0.112
407.48	0.111
407.69	0.111
407.90	0.110
408.11	0.109
408.32	0.108
408.52	0.108
408.73	0.107
408.94	0.107
409.15	0.106
409.35	0.106
409.56	0.106
409.77	0.105
409.98	0.106
410.19	0.105
410.39	0.104
410.60	0.104
410.81	0.104
411.02	0.103
411.22	0.103
411.43	0.102
411.64	0.101
411.85	0.101
412.05	0.101
412.26	0.100
412.47	0.100
412.68	0.100
412.89	0.100
413.09	0.099
413.30	0.099
413.51	0.099
413.72	0.099
413.92	0.098
414.13	0.098
414.34	0.097
414.55	0.097
414.75	0.096
414.96	0.097
415.17	0.096
415.38	0.096
415.58	0.096
415.79	0.095
416.00	0.095
416.21	0.094
416.41	0.094
416.62	0.093
416.83	0.093
417.03	0.093
417.24	0.092
417.45	0.092
417.66	0.092
417.86	0.092
418.07	0.092
418.28	0.092
418.49	0.092
418.69	0.091
418.90	0.091
419.11	0.091
419.31	0.091
419.52	0.091
419.73	0.090
419.94	0.089
420.14	0.089
420.35	0.088
420.56	0.088
420.76	0.088
420.97	0.087
421.18	0.086
421.39	0.085
421.59	0.085
421.80	0.084
422.01	0.082
422.21	0.082
422.42	0.082
422.63	0.082
422.84	0.082
423.04	0.082
423.25	0.082
423.46	0.082
423.66	0.082
423.87	0.082
424.08	0.082
424.28	0.081
424.49	0.081
424.70	0.081
424.90	0.081
425.11	0.080
425.32	0.079
425.52	0.079
425.73	0.079
425.94	0.079
426.15	0.079
426.35	0.079
426.56	0.079
426.77	0.079
426.97	0.079
427.18	0.079
427.39	0.079
427.59	0.079
427.80	0.079
428.01	0.079
428.21	0.078
428.42	0.078
428.63	0.078
428.83	0.078
429.04	0.078
429.25	0.078
429.45	0.076
429.66	0.076
429.87	0.075
430.07	0.075
430.28	0.074
430.48	0.073
430.69	0.072
430.90	0.071
431.10	0.071
431.31	0.071
431.52	0.071
431.72	0.071
431.93	0.070
432.14	0.070
432.34	0.071
432.55	0.071
432.76	0.071
432.96	0.070
433.17	0.070
433.37	0.070
433.58	0.071
433.79	0.071
433.99	0.071
434.20	0.070
434.41	0.070
434.61	0.070
434.82	0.071
435.02	0.070
435.23	0.070
435.44	0.070
435.64	0.069
435.85	0.069
436.06	0.069
436.26	0.069
436.47	0.068
436.67	0.067
436.88	0.067
437.09	0.067
437.29	0.067
437.50	0.067
437.70	0.067
437.91	0.067
438.12	0.067
438.32	0.067
438.53	0.067
438.73	0.066
438.94	0.067
439.15	0.066
439.35	0.066
439.56	0.066
439.76	0.065
439.97	0.065
440.18	0.065
440.38	0.064
440.59	0.064
440.79	0.064
441.00	0.064
441.20	0.064
441.41	0.064
441.62	0.064
441.82	0.064
442.03	0.064
442.23	0.064
442.44	0.064
442.65	0.063
442.85	0.063
443.06	0.063
443.26	0.063
443.47	0.062
443.67	0.063
443.88	0.062
444.09	0.062
444.29	0.063
444.50	0.062
444.70	0.062
444.91	0.061
445.11	0.061
445.32	0.060
445.52	0.059
445.73	0.059
445.94	0.059
446.14	0.058
446.35	0.058
446.55	0.057
446.76	0.057
446.96	0.057
447.17	0.057
447.37	0.057
447.58	0.057
447.78	0.056
447.99	0.056
448.20	0.055
448.40	0.056
448.61	0.056
448.81	0.056
449.02	0.056
449.22	0.056
449.43	0.056
449.63	0.056
449.84	0.056
450.04	0.056
450.25	0.056
450.45	0.056
450.66	0.056
450.86	0.056
451.07	0.056
451.27	0.055
451.48	0.056
451.68	0.055
451.89	0.054
452.09	0.054
452.30	0.054
452.50	0.053
452.71	0.053
452.91	0.053
453.12	0.052
453.33	0.052
453.53	0.053
453.74	0.053
453.94	0.054
454.15	0.053
454.35	0.053
454.56	0.053
454.76	0.053
454.96	0.053
455.17	0.053
455.37	0.052
455.58	0.053
455.78	0.053
455.99	0.052
456.19	0.052
456.40	0.052
456.60	0.052
456.81	0.051
457.01	0.051
457.22	0.051
457.42	0.049
457.63	0.049
457.83	0.049
458.04	0.049
458.24	0.048
458.45	0.048
458.65	0.049
458.86	0.048
459.06	0.049
459.27	0.049
459.47	0.049
459.67	0.049
459.88	0.049
460.08	0.050
460.29	0.049
460.49	0.049
460.70	0.049
460.90	0.048
461.11	0.048
461.31	0.048
461.52	0.048
461.72	0.048
461.92	0.048
462.13	0.048
462.33	0.048
462.54	0.047
462.74	0.048
462.95	0.048
463.15	0.047
463.36	0.047
463.56	0.047
463.76	0.048
463.97	0.049
464.17	0.049
464.38	0.048
464.58	0.048
464.79	0.048
464.99	0.047
465.19	0.046
465.40	0.045
465.60	0.045
465.81	0.044
466.01	0.044
466.22	0.044
466.42	0.044
466.62	0.045
466.83	0.045
467.03	0.046
467.24	0.046
467.44	0.045
467.65	0.045
467.85	0.044
468.05	0.044
468.26	0.044
468.46	0.043
468.67	0.043
468.87	0.043
469.07	0.044
469.28	0.044
469.48	0.044
469.69	0.044
469.89	0.043
470.09	0.043
470.30	0.043
470.50	0.043
470.71	0.043
470.91	0.042
471.11	0.042
471.32	0.043
471.52	0.042
471.72	0.043
471.93	0.043
472.13	0.043
472.34	0.043
472.54	0.043
472.74	0.043
472.95	0.043
473.15	0.043
473.35	0.044
473.56	0.043
473.76	0.043
473.97	0.043
474.17	0.042
474.37	0.042
474.58	0.042
474.78	0.042
474.98	0.041
475.19	0.041
475.39	0.041
475.60	0.041
475.80	0.041
476.00	0.041
476.21	0.041
476.41	0.041
476.61	0.041
476.82	0.041
477.02	0.041
477.22	0.041
477.43	0.041
477.63	0.041
477.83	0.041
478.04	0.041
478.24	0.041
478.44	0.041
478.65	0.041
478.85	0.041
479.05	0.040
479.26	0.041
479.46	0.041
479.66	0.041
479.87	0.041
480.07	0.040
480.27	0.041
480.48	0.040
480.68	0.040
480.88	0.040
481.09	0.040
481.29	0.040
481.49	0.039
481.70	0.039
481.90	0.039
482.10	0.039
482.31	0.039
482.51	0.039
482.71	0.039
482.92	0.038
483.12	0.038
483.32	0.038
483.52	0.038
483.73	0.037
483.93	0.037
484.13	0.037
484.34	0.037
484.54	0.038
484.74	0.037
484.95	0.037
485.15	0.037
485.35	0.037
485.55	0.037
485.76	0.037
485.96	0.036
486.16	0.036
486.37	0.035
486.57	0.035
486.77	0.035
486.97	0.035
487.18	0.034
487.38	0.034
487.58	0.034
487.79	0.034
487.99	0.035
488.19	0.035
488.39	0.035
488.60	0.035
488.80	0.035
489.00	0.035
489.20	0.035
489.41	0.035
489.61	0.035
489.81	0.035
490.02	0.035
490.22	0.035
490.42	0.035
490.62	0.035
490.83	0.035
491.03	0.035
491.23	0.035
491.43	0.035
491.64	0.035
491.84	0.035
492.04	0.034
492.24	0.034
492.45	0.034
492.65	0.034
492.85	0.034
493.05	0.033
493.26	0.033
493.46	0.033
493.66	0.032
493.86	0.032
494.07	0.032
494.27	0.032
494.47	0.032
494.67	0.033
494.87	0.033
495.08	0.033
495.28	0.033
495.48	0.032
495.68	0.032
495.89	0.032
496.09	0.032
496.29	0.031
496.49	0.031
496.69	0.031
496.90	0.030
497.10	0.031
497.30	0.031
497.50	0.031
497.71	0.031
497.91	0.032
498.11	0.032
498.31	0.032
498.51	0.031
498.72	0.030
498.92	0.030
499.12	0.029
499.32	0.029
499.52	0.029
499.73	0.029
499.93	0.030
500.13	0.029
500.33	0.030
500.53	0.030
500.74	0.030
500.94	0.030
501.14	0.030
501.34	0.030
501.54	0.029
501.74	0.030
501.95	0.030
502.15	0.030
502.35	0.030
502.55	0.030
502.75	0.031
502.96	0.031
503.16	0.031
503.36	0.031
503.56	0.031
503.76	0.030
503.96	0.029
504.17	0.030
504.37	0.030
504.57	0.030
504.77	0.029
504.97	0.029
505.17	0.028
505.38	0.029
505.58	0.029
505.78	0.029
505.98	0.028
506.18	0.028
506.38	0.028
506.58	0.028
506.79	0.028
506.99	0.028
507.19	0.028
507.39	0.028
507.59	0.028
507.79	0.029
507.99	0.029
508.20	0.029
508.40	0.029
508.60	0.029
508.80	0.029
509.00	0.029
509.20	0.029
509.40	0.029
509.61	0.028
509.81	0.028
510.01	0.028
510.21	0.028
510.41	0.028
510.61	0.028
510.81	0.027
511.01	0.027
511.22	0.027
511.42	0.027
511.62	0.027
511.82	0.027
512.02	0.027
512.22	0.027
512.42	0.026
512.62	0.026
512.82	0.026
513.03	0.026
513.23	0.026
513.43	0.026
513.63	0.025
513.83	0.026
514.03	0.026
514.23	0.026
514.43	0.026
514.63	0.027
514.83	0.027
515.04	0.027
515.24	0.027
515.44	0.027
515.64	0.027
515.84	0.026
516.04	0.026
516.24	0.026
516.44	0.026
516.64	0.025
516.84	0.025
517.04	0.026
517.24	0.026
517.45	0.027
517.65	0.027
517.85	0.027
518.05	0.026
518.25	0.026
518.45	0.026
518.65	0.026
518.85	0.026
519.05	0.025
519.25	0.025
519.45	0.025
519.65	0.026
519.85	0.026
520.05	0.026
520.25	0.026
520.46	0.025
520.66	0.025
520.86	0.025
521.06	0.025
521.26	0.024
521.46	0.024
521.66	0.023
521.86	0.023
522.06	0.023
522.26	0.024
522.46	0.024
522.66	0.024
522.86	0.025
523.06	0.025
523.26	0.024
523.46	0.024
523.66	0.024
523.86	0.024
524.06	0.024
524.26	0.024
524.46	0.024
524.66	0.023
524.86	0.024
525.06	0.024
525.26	0.024
525.46	0.024
525.66	0.024
525.87	0.024
526.07	0.024
526.27	0.024
526.47	0.025
526.67	0.024
526.87	0.024
527.07	0.024
527.27	0.024
527.47	0.024
527.67	0.024
527.87	0.024
528.07	0.024
528.27	0.023
528.47	0.023
528.67	0.022
528.87	0.022
529.07	0.022
529.27	0.023
529.47	0.022
529.67	0.022
529.87	0.022
530.07	0.022
530.27	0.022
530.47	0.022
530.67	0.022
530.87	0.022
531.06	0.022
531.26	0.023
531.46	0.023
531.66	0.023
531.86	0.023
532.06	0.023
532.26	0.023
532.46	0.023
532.66	0.023
532.86	0.023
533.06	0.023
533.26	0.023
533.46	0.022
533.66	0.022
533.86	0.022
534.06	0.022
534.26	0.022
534.46	0.021
534.66	0.021
534.86	0.021
535.06	0.021
535.26	0.021
535.46	0.021
535.66	0.021
535.86	0.022
536.06	0.022
536.26	0.022
536.45	0.022
536.65	0.022
536.85	0.022
537.05	0.021
537.25	0.021
537.45	0.022
537.65	0.021
537.85	0.021
538.05	0.020
538.25	0.020
538.45	0.020
538.65	0.020
538.85	0.020
539.05	0.020
539.25	0.019
539.44	0.019
539.64	0.020
539.84	0.020
540.04	0.020
540.24	0.020
540.44	0.021
540.64	0.021
540.84	0.021
541.04	0.021
541.24	0.021
541.44	0.021
541.64	0.021
541.83	0.021
542.03	0.021
542.23	0.020
542.43	0.021
542.63	0.021
542.83	0.020
543.03	0.020
543.23	0.020
543.43	0.020
543.63	0.020
543.82	0.020
544.02	0.020
544.22	0.020
544.42	0.020
544.62	0.020
544.82	0.020
545.02	0.020
545.22	0.020
545.42	0.020
545.61	0.020
545.81	0.019
546.01	0.020
546.21	0.019
546.41	0.018
546.61	0.018
546.81	0.018
547.01	0.018
547.20	0.018
547.40	0.018
547.60	0.018
547.80	0.018
548.00	0.018
548.20	0.019
548.40	0.018
548.59	0.019
548.79	0.018
548.99	0.018
549.19	0.018
549.39	0.018
549.59	0.018
549.79	0.018
549.98	0.018
550.18	0.019
550.38	0.019
550.58	0.019
550.78	0.019
550.98	0.019
551.17	0.020
551.37	0.019
551.57	0.019
551.77	0.019
551.97	0.018
552.17	0.018
552.36	0.018
552.56	0.018
552.76	0.018
552.96	0.017
553.16	0.018
553.36	0.018
553.55	0.018
553.75	0.018
553.95	0.018
554.15	0.018
554.35	0.018
554.55	0.018
554.74	0.018
554.94	0.018
555.14	0.018
555.34	0.018
555.54	0.018
555.73	0.018
555.93	0.018
556.13	0.018
556.33	0.017
556.53	0.018
556.72	0.018
556.92	0.018
557.12	0.018
557.32	0.017
557.52	0.017
557.71	0.018
557.91	0.018
558.11	0.018
558.31	0.018
558.51	0.018
558.70	0.018
558.90	0.018
559.10	0.019
559.30	0.018
559.49	0.018
559.69	0.019
559.89	0.018
560.09	0.018
560.29	0.018
560.48	0.017
560.68	0.017
560.88	0.016
561.08	0.016
561.27	0.016
561.47	0.016
561.67	0.016
561.87	0.016
562.06	0.016
562.26	0.016
562.46	0.017
562.66	0.017
562.86	0.016
563.05	0.016
563.25	0.016
563.45	0.015
563.65	0.015
563.84	0.015
564.04	0.015
564.24	0.016
564.44	0.016
564.63	0.016
564.83	0.017
565.03	0.017
565.22	0.017
565.42	0.017
565.62	0.017
565.82	0.016
566.01	0.016
566.21	0.016
566.41	0.016
566.61	0.016
566.80	0.016
567.00	0.016
567.20	0.016
567.40	0.016
567.59	0.017
567.79	0.016
567.99	0.017
568.18	0.017
568.38	0.016
568.58	0.016
568.78	0.016
568.97	0.017
569.17	0.017
569.37	0.017
569.56	0.017
569.76	0.017
569.96	0.017
570.16	0.017
570.35	0.016
570.55	0.016
570.75	0.015
570.94	0.015
571.14	0.014
571.34	0.015
571.53	0.014
571.73	0.015
571.93	0.015
572.12	0.016
572.32	0.015
572.52	0.016
572.72	0.016
572.91	0.016
573.11	0.016
573.31	0.015
573.50	0.015
573.70	0.014
573.90	0.014
574.09	0.013
574.29	0.013
574.49	0.014
574.68	0.014
574.88	0.014
575.08	0.014
575.27	0.014
575.47	0.014
575.67	0.015
575.86	0.015
576.06	0.016
576.26	0.016
576.45	0.016
576.65	0.015
576.85	0.014
577.04	0.014
577.24	0.014
577.44	0.013
577.63	0.013
577.83	0.013
578.02	0.013
578.22	0.013
578.42	0.013
578.61	0.013
578.81	0.013
579.01	0.014
579.20	0.015
579.40	0.015
579.60	0.016
579.79	0.016
579.99	0.016
580.19	0.016
580.38	0.016
580.58	0.015
580.77	0.015
580.97	0.014
581.17	0.013
581.36	0.012
581.56	0.011
581.75	0.011
581.95	0.011
582.15	0.012
582.34	0.012
582.54	0.013
582.74	0.013
582.93	0.014
583.13	0.015
583.32	0.016
583.52	0.016
583.72	0.016
583.91	0.016
584.11	0.016
584.30	0.015
584.50	0.015
584.70	0.014
584.89	0.013
585.09	0.013
585.28	0.012
585.48	0.012
585.68	0.012
585.87	0.013
586.07	0.013
586.26	0.014
586.46	0.014
586.66	0.014
586.85	0.015
587.05	0.014
587.24	0.014
587.44	0.014
587.63	0.014
587.83	0.014
588.03	0.014
588.22	0.014
588.42	0.014
588.61	0.014
588.81	0.014
589.00	0.014
589.20	0.014
589.40	0.014
589.59	0.014
589.79	0.013
589.98	0.014
590.18	0.014
590.37	0.014
590.57	0.015
590.76	0.015
590.96	0.015
591.16	0.016
591.35	0.016
591.55	0.016
591.74	0.016
591.94	0.015
592.13	0.015
592.33	0.014
592.52	0.014
592.72	0.013
592.91	0.013
593.11	0.012
593.30	0.012
593.50	0.011
593.70	0.012
593.89	0.012
594.09	0.012
594.28	0.012
594.48	0.012
594.67	0.012
594.87	0.012
595.06	0.013
595.26	0.013
595.45	0.013
595.65	0.013
595.84	0.014
596.04	0.014
596.23	0.014
596.43	0.014
596.62	0.015
596.82	0.014
597.01	0.015
597.21	0.015
597.40	0.015
597.60	0.015
597.79	0.014
597.99	0.014
598.18	0.014
598.38	0.014
598.57	0.014
598.77	0.013
598.96	0.012
599.16	0.012
599.35	0.012
599.55	0.012
599.74	0.012
599.94	0.012
600.13	0.011
600.33	0.011
600.52	0.011
600.72	0.012
600.91	0.012
601.11	0.013
601.30	0.013
601.50	0.013
601.69	0.014
601.89	0.015
602.08	0.015
602.27	0.015
602.47	0.015
602.66	0.014
602.86	0.014
603.05	0.013
603.25	0.014
603.44	0.013
603.64	0.013
603.83	0.013
604.03	0.013
604.22	0.013
604.41	0.013
604.61	0.013
604.80	0.013
605.00	0.013
605.19	0.013
605.39	0.013
605.58	0.013
605.78	0.012
605.97	0.012
606.16	0.012
606.36	0.012
606.55	0.012
606.75	0.012
606.94	0.012
607.14	0.012
607.33	0.011
607.52	0.011
607.72	0.012
607.91	0.012
608.11	0.012
608.30	0.012
608.50	0.013
608.69	0.013
608.88	0.013
609.08	0.013
609.27	0.013
609.47	0.013
609.66	0.013
609.85	0.014
610.05	0.014
610.24	0.013
610.44	0.013
610.63	0.014
610.83	0.014
611.02	0.013
611.21	0.013
611.41	0.013
611.60	0.013
611.80	0.013
611.99	0.013
612.18	0.013
612.38	0.013
612.57	0.013
612.76	0.014
612.96	0.014
613.15	0.014
613.35	0.014
613.54	0.014
613.73	0.014
613.93	0.013
614.12	0.013
614.32	0.012
614.51	0.012
614.70	0.011
614.90	0.011
615.09	0.012
615.28	0.012
615.48	0.012
615.67	0.012
615.86	0.012
616.06	0.012
616.25	0.013
616.45	0.013
616.64	0.013
616.83	0.013
617.03	0.013
617.22	0.013
617.41	0.013
617.61	0.013
617.80	0.012
617.99	0.012
618.19	0.012
618.38	0.012
618.57	0.012
618.77	0.012
618.96	0.012
619.15	0.012
619.35	0.012
619.54	0.012
619.73	0.012
619.93	0.012
620.12	0.013
620.31	0.013
620.51	0.013
620.70	0.013
620.89	0.013
621.09	0.014
621.28	0.013
621.47	0.013
621.67	0.013
621.86	0.013
622.05	0.013
622.25	0.013
622.44	0.013
622.63	0.013
622.83	0.013
623.02	0.013
623.21	0.013
623.41	0.013
623.60	0.013
623.79	0.013
623.98	0.012
624.18	0.012
624.37	0.012
624.56	0.012
624.76	0.012
624.95	0.012
625.14	0.012
625.33	0.012
625.53	0.012
625.72	0.012
625.91	0.012
626.11	0.012
626.30	0.012
626.49	0.012
626.68	0.012
626.88	0.012
627.07	0.013
627.26	0.013
627.46	0.013
627.65	0.013
627.84	0.013
628.03	0.013
628.23	0.013
628.42	0.013
628.61	0.013
628.80	0.013
629.00	0.012
629.19	0.012
629.38	0.012
629.58	0.012
629.77	0.012
629.96	0.013
630.15	0.013
630.35	0.013
630.54	0.013
630.73	0.013
630.92	0.013
631.12	0.013
631.31	0.013
631.50	0.013
631.69	0.013
631.89	0.013
632.08	0.013
632.27	0.013
632.46	0.013
632.65	0.012
632.85	0.012
633.04	0.012
633.23	0.012
633.42	0.012
633.62	0.011
633.81	0.011
634.00	0.011
634.19	0.011
634.39	0.011
634.58	0.011
634.77	0.012
634.96	0.011
635.15	0.011
635.35	0.012
635.54	0.011
635.73	0.011
635.92	0.012
636.11	0.011
636.31	0.011
636.50	0.011
636.69	0.012
636.88	0.012
637.07	0.012
637.27	0.012
637.46	0.011
637.65	0.011
637.84	0.011
638.03	0.010
638.23	0.011
638.42	0.010
638.61	0.010
638.80	0.010
638.99	0.011
639.19	0.011
639.38	0.012
639.57	0.012
639.76	0.012
639.95	0.011
640.14	0.012
640.34	0.012
640.53	0.012
640.72	0.011
640.91	0.011
641.10	0.011
641.30	0.011
641.49	0.012
641.68	0.011
641.87	0.011
642.06	0.011
642.25	0.011
642.44	0.011
642.64	0.011
642.83	0.011
643.02	0.011
643.21	0.011
643.40	0.011
643.59	0.011
643.79	0.011
643.98	0.012
644.17	0.012
644.36	0.012
644.55	0.012
644.74	0.012
644.93	0.011
645.13	0.011
645.32	0.012
645.51	0.012
645.70	0.011
645.89	0.011
646.08	0.011
646.27	0.011
646.46	0.011
646.66	0.010
646.85	0.010
647.04	0.010
647.23	0.010
647.42	0.011
647.61	0.011
647.80	0.011
647.99	0.011
648.19	0.011
648.38	0.011
648.57	0.011
648.76	0.011
648.95	0.011
649.14	0.011
649.33	0.011
649.52	0.012
649.71	0.012
649.91	0.012
650.10	0.011
650.29	0.012
650.48	0.012
650.67	0.012
650.86	0.012
651.05	0.012
651.24	0.011
651.43	0.011
651.62	0.011
651.81	0.011
652.01	0.012
652.20	0.011
652.39	0.012
652.58	0.011
652.77	0.011
652.96	0.011
653.15	0.011
653.34	0.011
653.53	0.011
653.72	0.011
653.91	0.011
654.10	0.011
654.29	0.011
654.48	0.011
654.68	0.011
654.87	0.011
655.06	0.010
655.25	0.010
655.44	0.010
655.63	0.010
655.82	0.009
656.01	0.009
656.20	0.010
656.39	0.010
656.58	0.011
656.77	0.011
656.96	0.012
657.15	0.012
657.34	0.012
657.53	0.012
657.72	0.012
657.91	0.012
658.10	0.012
658.29	0.012
658.48	0.011
658.68	0.011
658.87	0.010
659.06	0.010
659.25	0.010
659.44	0.010
659.63	0.010
659.82	0.010
660.01	0.010
660.20	0.010
660.39	0.011
660.58	0.011
660.77	0.011
660.96	0.011
661.15	0.010
661.34	0.010
661.53	0.010
661.72	0.010
661.91	0.009
662.10	0.009
662.29	0.009
662.48	0.009
662.67	0.010
662.86	0.010
663.05	0.010
663.24	0.010
663.43	0.010
663.62	0.010
663.81	0.010
664.00	0.011
664.19	0.010
664.38	0.011
664.57	0.011
664.76	0.011
664.95	0.011
665.14	0.011
665.33	0.011
665.52	0.011
665.71	0.010
665.90	0.011
666.09	0.010
666.28	0.010
666.46	0.010
666.65	0.010
666.84	0.009
667.03	0.010
667.22	0.010
667.41	0.010
667.60	0.010
667.79	0.010
667.98	0.011
668.17	0.011
668.36	0.011
668.55	0.011
668.74	0.011
668.93	0.011
669.12	0.010
669.31	0.010
669.50	0.010
669.69	0.010
669.88	0.010
670.07	0.010
670.26	0.010
670.44	0.010
670.63	0.010
670.82	0.010
671.01	0.010
671.20	0.009
671.39	0.009
671.58	0.010
671.77	0.010
671.96	0.010
672.15	0.010
672.34	0.010
672.53	0.010
672.72	0.010
672.91	0.010
673.09	0.010
673.28	0.010
673.47	0.010
673.66	0.010
673.85	0.010
674.04	0.010
674.23	0.010
674.42	0.011
674.61	0.011
674.80	0.011
674.98	0.011
675.17	0.011
675.36	0.010
675.55	0.010
675.74	0.010
675.93	0.010
676.12	0.009
676.31	0.009
676.50	0.009
676.69	0.009
676.87	0.009
677.06	0.009
677.25	0.009
677.44	0.009
677.63	0.009
677.82	0.009
678.01	0.009
678.20	0.009
678.38	0.009
678.57	0.009
678.76	0.009
678.95	0.009
679.14	0.009
679.33	0.009
679.52	0.009
679.71	0.009
679.89	0.009
680.08	0.009
680.27	0.010
680.46	0.009
680.65	0.009
680.84	0.009
681.02	0.009
681.21	0.009
681.40	0.009
681.59	0.009
681.78	0.009
681.97	0.009
682.16	0.010
682.34	0.010
682.53	0.010
682.72	0.010
682.91	0.010
683.10	0.010
683.29	0.010
683.47	0.010
683.66	0.010
683.85	0.010
684.04	0.010
684.23	0.010
684.42	0.009
684.60	0.009
684.79	0.009
684.98	0.009
685.17	0.009
685.36	0.009
685.54	0.009
685.73	0.009
685.92	0.010
686.11	0.010
686.30	0.010
686.49	0.010
686.67	0.010
686.86	0.010
687.05	0.009
687.24	0.009
687.43	0.009
687.61	0.009
687.80	0.009
687.99	0.009
688.18	0.009
688.36	0.010
688.55	0.010
688.74	0.010
688.93	0.010
689.12	0.009
689.30	0.009
689.49	0.009
689.68	0.010
689.87	0.010
690.06	0.009
690.24	0.009
690.43	0.009
690.62	0.009
690.81	0.009
690.99	0.009
691.18	0.009
691.37	0.009
691.56	0.009
691.74	0.009
691.93	0.009
692.12	0.009
692.31	0.009
692.50	0.009
692.68	0.009
692.87	0.009
693.06	0.010
693.25	0.010
693.43	0.009
693.62	0.009
693.81	0.009
694.00	0.010
694.18	0.010
694.37	0.010
694.56	0.011
694.74	0.010
694.93	0.010
695.12	0.010
695.31	0.010
695.49	0.010
695.68	0.010
695.87	0.010
696.06	0.010
696.24	0.009
696.43	0.010
696.62	0.010
696.80	0.010
696.99	0.010
697.18	0.010
697.37	0.010
697.55	0.010
697.74	0.010
697.93	0.010
698.12	0.010
698.30	0.010
698.49	0.009
698.68	0.009
698.86	0.010
699.05	0.010
699.24	0.010
699.42	0.010
699.61	0.010
699.80	0.010
699.99	0.009
700.17	0.009
700.36	0.010
700.55	0.009
700.73	0.009
700.92	0.009
701.11	0.009
701.29	0.009
701.48	0.008
701.67	0.009
701.85	0.009
702.04	0.009
702.23	0.009
702.41	0.009
702.60	0.009
702.79	0.009
702.97	0.009
703.16	0.009
703.35	0.010
703.53	0.010
703.72	0.009
703.91	0.009
704.09	0.009
704.28	0.009
704.47	0.009
704.65	0.009
704.84	0.009
705.03	0.009
705.21	0.009
705.40	0.009
705.59	0.009
705.77	0.009
705.96	0.009
706.15	0.009
706.33	0.009
706.52	0.009
706.71	0.009
706.89	0.009
707.08	0.009
707.26	0.009
707.45	0.009
707.64	0.009
707.82	0.009
708.01	0.009
708.20	0.010
708.38	0.009
708.57	0.009
708.75	0.009
708.94	0.009
709.13	0.009
709.31	0.009
709.50	0.009
709.69	0.009
709.87	0.009
710.06	0.009
710.24	0.009
710.43	0.009
710.62	0.009
710.80	0.009
710.99	0.009
711.17	0.009
711.36	0.009
711.55	0.009
711.73	0.008
711.92	0.009
712.10	0.009
712.29	0.008
712.48	0.009
712.66	0.009
712.85	0.009
713.03	0.009
713.22	0.010
713.40	0.010
713.59	0.009
713.78	0.009
713.96	0.009
714.15	0.009
714.33	0.009
714.52	0.008
714.71	0.008
714.89	0.008
715.08	0.009
715.26	0.008
715.45	0.008
715.63	0.008
715.82	0.008
716.00	0.008
716.19	0.008
716.38	0.008
716.56	0.008
716.75	0.008
716.93	0.008
717.12	0.008
717.30	0.008
717.49	0.008
717.67	0.008
717.86	0.008
718.05	0.008
718.23	0.008
718.42	0.008
718.60	0.007
718.79	0.008
718.97	0.007
719.16	0.007
719.34	0.008
719.53	0.008
719.71	0.008
719.90	0.009
720.08	0.009
720.27	0.009
720.45	0.009
720.64	0.009
720.83	0.009
721.01	0.009
721.20	0.009
721.38	0.009
721.57	0.009
721.75	0.008
721.94	0.008
722.12	0.008
722.31	0.009
722.49	0.009
722.68	0.009
722.86	0.009
723.05	0.009
723.23	0.009
723.42	0.009
723.60	0.009
723.79	0.009
723.97	0.009
724.16	0.008
724.34	0.008
724.53	0.008
724.71	0.008
724.90	0.008
725.08	0.008
725.27	0.008
725.45	0.008
725.64	0.009
725.82	0.009
726.00	0.009
726.19	0.009
726.37	0.009
726.56	0.009
726.74	0.009
726.93	0.009
727.11	0.009
727.30	0.009
727.48	0.009
727.67	0.009
727.85	0.009
728.04	0.009
728.22	0.009
728.40	0.009
728.59	0.009
728.77	0.009
728.96	0.009
729.14	0.009
729.33	0.009
729.51	0.009
729.70	0.008
729.88	0.008
730.07	0.008
730.25	0.008
730.43	0.008
730.62	0.009
730.80	0.009
730.99	0.009
731.17	0.009
731.36	0.009
731.54	0.009
731.72	0.008
731.91	0.009
732.09	0.008
732.28	0.008
732.46	0.008
732.65	0.008
732.83	0.008
733.01	0.008
733.20	0.008
733.38	0.009
733.57	0.009
733.75	0.009
733.93	0.009
734.12	0.009
734.30	0.009
734.49	0.008
734.67	0.008
734.85	0.009
735.04	0.009
735.22	0.009
735.41	0.009
735.59	0.009
735.77	0.009
735.96	0.009
736.14	0.010
736.33	0.009
736.51	0.009
736.69	0.009
736.88	0.009
737.06	0.009
737.25	0.009
737.43	0.008
737.61	0.008
737.80	0.008
737.98	0.008
738.16	0.008
738.35	0.008
738.53	0.007
738.71	0.008
738.90	0.008
739.08	0.008
739.27	0.008
739.45	0.009
739.63	0.009
739.82	0.009
740.00	0.009
740.18	0.009
740.37	0.008
740.55	0.008
740.73	0.009
740.92	0.008
741.10	0.008
741.28	0.008
741.47	0.008
741.65	0.008
741.83	0.008
742.02	0.008
742.20	0.008
742.38	0.008
742.57	0.009
742.75	0.008
742.93	0.009
743.12	0.009
743.30	0.009
743.48	0.009
743.67	0.009
743.85	0.009
744.03	0.009
744.22	0.009
744.40	0.009
744.58	0.009
744.77	0.009
744.95	0.009
745.13	0.009
745.32	0.009
745.50	0.009
745.68	0.009
745.87	0.009
746.05	0.009
746.23	0.009
746.41	0.009
746.60	0.009
746.78	0.009
746.96	0.009
747.15	0.009
747.33	0.009
747.51	0.009
747.70	0.009
747.88	0.009
748.06	0.009
748.24	0.009
748.43	0.009
748.61	0.008
748.79	0.008
748.97	0.008
749.16	0.008
749.34	0.008
749.52	0.008
749.71	0.008
749.89	0.008
750.07	0.008
750.25	0.008
750.44	0.008
750.62	0.008
750.80	0.008
750.98	0.008
751.17	0.008
751.35	0.009
751.53	0.009
751.71	0.009
751.90	0.009
752.08	0.009
752.26	0.009
752.44	0.008
752.63	0.008
752.81	0.008
752.99	0.008
753.17	0.008
753.36	0.008
753.54	0.008
753.72	0.008
753.90	0.007
754.09	0.007
754.27	0.007
754.45	0.007
754.63	0.007
754.82	0.007
755.00	0.007
755.18	0.007
755.36	0.007
755.54	0.008
755.73	0.008
755.91	0.009
756.09	0.008
756.27	0.008
756.45	0.009
756.64	0.009
756.82	0.009
757.00	0.009
757.18	0.009
757.37	0.009
757.55	0.009
757.73	0.009
757.91	0.009
758.09	0.009
758.27	0.009
758.46	0.009
758.64	0.009
758.82	0.009
759.00	0.009
759.18	0.009
759.37	0.009
759.55	0.008
759.73	0.008
759.91	0.007
760.09	0.007
760.28	0.008
760.46	0.008
760.64	0.008
760.82	0.008
761.00	0.009
761.18	0.009
761.37	0.009
761.55	0.009
761.73	0.009
761.91	0.009
762.09	0.009
762.27	0.009
762.46	0.009
762.64	0.008
762.82	0.008
763.00	0.008
763.18	0.008
763.36	0.008
763.54	0.008
763.73	0.008
763.91	0.008
764.09	0.008
764.27	0.009
764.45	0.009
764.63	0.009
764.81	0.009
765.00	0.009
765.18	0.009
765.36	0.009
765.54	0.008
765.72	0.008
765.90	0.008
766.08	0.008
766.27	0.009
766.45	0.008
766.63	0.008
766.81	0.008
766.99	0.008
767.17	0.008
767.35	0.008
767.53	0.008
767.71	0.008
767.90	0.008
768.08	0.009
768.26	0.009
768.44	0.009
768.62	0.009
768.80	0.009
768.98	0.009
769.16	0.009
769.34	0.009
769.52	0.009
769.71	0.009
769.89	0.009
770.07	0.009
770.25	0.009
770.43	0.009
770.61	0.009
770.79	0.009
770.97	0.008
771.15	0.008
771.33	0.009
771.51	0.008
771.69	0.009
771.88	0.008
772.06	0.009
772.24	0.008
772.42	0.009
772.60	0.009
772.78	0.009
772.96	0.009
773.14	0.009
773.32	0.009
773.50	0.009
773.68	0.008
773.86	0.008
774.04	0.008
774.22	0.008
774.40	0.008
774.58	0.008
774.77	0.008
774.95	0.008
775.13	0.008
775.31	0.008
775.49	0.008
775.67	0.008
775.85	0.008
776.03	0.008
776.21	0.008
776.39	0.008
776.57	0.008
776.75	0.008
776.93	0.008
777.11	0.008
777.29	0.008
777.47	0.009
777.65	0.008
777.83	0.009
778.01	0.009
778.19	0.009
778.37	0.009
778.55	0.009
778.73	0.009
778.91	0.009
779.09	0.009
779.27	0.009
779.45	0.009
779.63	0.009
779.81	0.009
779.99	0.008
780.17	0.008
780.35	0.009
780.53	0.008
780.71	0.008
780.89	0.008
781.07	0.008
781.25	0.008
781.43	0.008
781.61	0.009
781.79	0.009
781.97	0.009
782.15	0.009
782.33	0.009
782.51	0.009
782.69	0.008
782.87	0.008
783.05	0.009
783.23	0.008
783.41	0.009
783.59	0.009
783.77	0.009
783.95	0.009
784.13	0.010
784.31	0.010
784.49	0.009
784.67	0.009
784.85	0.009
785.03	0.009
785.21	0.009
785.38	0.009
785.56	0.009
785.74	0.008
785.92	0.009
786.10	0.009
786.28	0.009
786.46	0.009
786.64	0.009
786.82	0.008
787.00	0.008
787.18	0.008
787.36	0.008
787.54	0.008
787.72	0.007
787.90	0.007
788.08	0.007
788.25	0.007
788.43	0.008
788.61	0.008
788.79	0.008
788.97	0.008
789.15	0.009
789.33	0.009
789.51	0.009
789.69	0.009
789.87	0.009
790.05	0.009
790.23	0.009
790.40	0.009
790.58	0.009
790.76	0.008
790.94	0.009
791.12	0.009
791.30	0.009
791.48	0.009
791.66	0.009
791.84	0.009
792.02	0.009
792.19	0.009
792.37	0.009
792.55	0.009
792.73	0.009
792.91	0.009
793.09	0.009
793.27	0.009
793.45	0.009
793.63	0.009
793.80	0.010
793.98	0.010
794.16	0.010
794.34	0.010
794.52	0.010
794.70	0.010
794.88	0.010
795.05	0.010
795.23	0.010
795.41	0.010
795.59	0.010
795.77	0.009
795.95	0.009
796.13	0.009
796.30	0.009
796.48	0.009
796.66	0.009
796.84	0.009
797.02	0.009
797.20	0.009
797.38	0.008
797.55	0.009
797.73	0.009
797.91	0.008
798.09	0.008
798.27	0.008
798.45	0.008
798.62	0.009
798.80	0.009
798.98	0.009
799.16	0.008
799.34	0.009
799.52	0.009
799.69	0.009
799.87	0.009
800.05	0.010
800.23	0.009
800.41	0.009
800.58	0.009
800.76	0.010
800.94	0.010
801.12	0.010
801.30	0.010
801.47	0.009
801.65	0.009
801.83	0.009
802.01	0.009
802.19	0.009
802.36	0.009
802.54	0.009
802.72	0.009
802.90	0.009
803.08	0.009
803.25	0.010
803.43	0.010
803.61	0.011
803.79	0.011
803.97	0.011
804.14	0.011
804.32	0.010
804.50	0.010
804.68	0.010
804.85	0.010
805.03	0.010
805.21	0.009
805.39	0.009
805.56	0.009
805.74	0.009
805.92	0.009
806.10	0.009
806.28	0.009
806.45	0.009
806.63	0.009
806.81	0.009
806.99	0.010
807.16	0.010
807.34	0.009
807.52	0.010
807.70	0.010
807.87	0.010
808.05	0.010
808.23	0.010
808.41	0.010
808.58	0.010
808.76	0.010
808.94	0.010
809.11	0.009
809.29	0.010
809.47	0.010
809.65	0.010
809.82	0.010
810.00	0.010
810.18	0.010
810.36	0.010
810.53	0.009
810.71	0.009
810.89	0.009
811.06	0.009
811.24	0.009
811.42	0.009
811.60	0.009
811.77	0.008
811.95	0.009
812.13	0.009
812.30	0.009
812.48	0.008
812.66	0.008
812.83	0.008
813.01	0.008
813.19	0.008
813.37	0.009
813.54	0.009
813.72	0.009
813.90	0.009
814.07	0.009
814.25	0.009
814.43	0.009
814.60	0.009
814.78	0.009
814.96	0.009
815.13	0.009
815.31	0.009
815.49	0.009
815.66	0.009
815.84	0.009
816.02	0.009
816.19	0.009
816.37	0.009
816.55	0.009
816.72	0.009
816.90	0.009
817.08	0.009
817.25	0.009
817.43	0.010
817.61	0.010
817.78	0.010
817.96	0.010
818.14	0.010
818.31	0.010
818.49	0.010
818.67	0.010
818.84	0.010
819.02	0.010
819.19	0.009
819.37	0.009
819.55	0.009
819.72	0.009
819.90	0.009
820.08	0.009
820.25	0.009
820.43	0.009
820.60	0.010
820.78	0.010
820.96	0.010
821.13	0.010
821.31	0.010
821.49	0.010
821.66	0.010
821.84	0.010
822.01	0.010
822.19	0.009
822.37	0.009
822.54	0.008
822.72	0.008
822.89	0.009
823.07	0.009
823.25	0.008
823.42	0.008
823.60	0.009
823.77	0.009
823.95	0.010
824.13	0.010
824.30	0.010
824.48	0.010
824.65	0.010
824.83	0.011
825.01	0.010
825.18	0.010
825.36	0.010
825.53	0.010
825.71	0.010
825.88	0.010
826.06	0.009
826.24	0.009
826.41	0.009
826.59	0.009
826.76	0.009
826.94	0.009
827.11	0.009
827.29	0.008
827.47	0.008
827.64	0.009
827.82	0.008
827.99	0.009
828.17	0.009
828.34	0.009
828.52	0.009
828.69	0.009
828.87	0.009
829.04	0.009
829.22	0.009
829.40	0.009
829.57	0.009
829.75	0.009
829.92	0.009
830.10	0.009
830.27	0.009
830.45	0.009
830.62	0.009
830.80	0.009
830.97	0.009
831.15	0.009
831.32	0.009
831.50	0.008
831.67	0.008
831.85	0.008
832.02	0.008
832.20	0.008
832.37	0.008
832.55	0.009
832.73	0.009
832.90	0.008
833.08	0.009
833.25	0.009
833.43	0.009
833.60	0.009
833.78	0.009
833.95	0.009
834.13	0.008
834.30	0.008
834.48	0.008
834.65	0.009
834.82	0.009
835.00	0.009
835.17	0.009
835.35	0.009
835.52	0.009
835.70	0.010
835.87	0.010
836.05	0.010
836.22	0.010
836.40	0.009
836.57	0.009
836.75	0.009
836.92	0.009
837.10	0.008
837.27	0.008
837.45	0.008
837.62	0.007
837.80	0.007
837.97	0.008
838.14	0.008
838.32	0.008
838.49	0.008
838.67	0.008
838.84	0.009
839.02	0.009
839.19	0.009
839.37	0.009
839.54	0.009
839.71	0.009
839.89	0.009
840.06	0.009
840.24	0.009
840.41	0.009
840.59	0.009
840.76	0.009
840.94	0.009
841.11	0.009
841.28	0.009
841.46	0.008
841.63	0.008
841.81	0.008
841.98	0.008
842.15	0.008
842.33	0.009
842.50	0.009
842.68	0.009
842.85	0.009
843.03	0.010
843.20	0.010
843.37	0.009
843.55	0.009
843.72	0.009
843.90	0.009
844.07	0.008
844.24	0.008
844.42	0.008
844.59	0.008
844.77	0.009
844.94	0.009
845.11	0.008
845.29	0.009
845.46	0.009
845.63	0.009
845.81	0.010
845.98	0.009
846.16	0.008
846.33	0.008
846.50	0.008
846.68	0.008
846.85	0.007
847.02	0.007
847.20	0.007
847.37	0.008
847.55	0.008
847.72	0.009
847.89	0.008
848.07	0.008
848.24	0.009
848.41	0.009
848.59	0.009
848.76	0.009
848.93	0.009
849.11	0.008
849.28	0.008
849.45	0.008
849.63	0.009
849.80	0.009
849.97	0.009
850.15	0.009
850.32	0.009
850.49	0.009
850.67	0.010
850.84	0.009
851.01	0.009
851.19	0.009
851.36	0.009
851.53	0.009
851.71	0.008
851.88	0.009
852.05	0.009
852.23	0.009
852.40	0.009
852.57	0.010
852.75	0.010
852.92	0.010
853.09	0.010
853.27	0.010
853.44	0.010
853.61	0.010
853.79	0.010
853.96	0.010
854.13	0.010
854.30	0.010
854.48	0.011
854.65	0.010
854.82	0.011
855.00	0.012
855.17	0.012
855.34	0.012
855.51	0.012
855.69	0.012
855.86	0.012
856.03	0.013
856.21	0.013
856.38	0.013
856.55	0.013
856.72	0.013
856.90	0.014
857.07	0.013
857.24	0.013
857.42	0.012
857.59	0.012
857.76	0.012
857.93	0.012
858.11	0.012
858.28	0.012
858.45	0.012
858.62	0.012
858.80	0.013
858.97	0.014
859.14	0.014
859.31	0.014
859.49	0.014
859.66	0.014
859.83	0.014
860.00	0.014
860.18	0.014
860.35	0.014
860.52	0.014
860.69	0.014
860.86	0.014
861.04	0.014
861.21	0.014
861.38	0.015
861.55	0.015
861.73	0.015
861.90	0.015
862.07	0.015
862.24	0.015
862.42	0.015
862.59	0.016
862.76	0.016
862.93	0.016
863.10	0.017
863.28	0.018
863.45	0.018
863.62	0.018
863.79	0.018
863.96	0.018
864.14	0.018
864.31	0.018
864.48	0.018
864.65	0.018
864.82	0.017
865.00	0.017
865.17	0.017
865.34	0.016
865.51	0.016
865.68	0.016
865.86	0.016
866.03	0.016
866.20	0.017
866.37	0.017
866.54	0.018
866.71	0.017
866.89	0.018
867.06	0.018
867.23	0.019
867.40	0.019
867.57	0.019
867.74	0.019
867.92	0.019
868.09	0.019
868.26	0.020
868.43	0.020
868.60	0.020
868.77	0.020
868.95	0.021
869.12	0.021
869.29	0.020
869.46	0.020
869.63	0.020
869.80	0.021
869.97	0.021
870.15	0.021
870.32	0.021
870.49	0.021
870.66	0.021
870.83	0.022
871.00	0.022
871.17	0.023
871.34	0.023
871.52	0.023
871.69	0.024
871.86	0.024
872.03	0.024
872.20	0.025
872.37	0.024
872.54	0.024
872.71	0.023
872.89	0.024
873.06	0.024
873.23	0.024
873.40	0.023
873.57	0.024
873.74	0.024
873.91	0.024
874.08	0.025
874.25	0.025
874.42	0.025
874.60	0.025
874.77	0.025
874.94	0.025
875.11	0.026
875.28	0.025
875.45	0.025
875.62	0.025
875.79	0.025
875.96	0.025
876.13	0.025
876.30	0.025
876.47	0.025
876.65	0.025
876.82	0.026
876.99	0.026
877.16	0.026
877.33	0.027
877.50	0.027
877.67	0.028
877.84	0.029
878.01	0.029
878.18	0.028
878.35	0.029
878.52	0.029
878.69	0.029
878.86	0.028
879.03	0.028
879.20	0.027
879.38	0.026
879.55	0.027
879.72	0.027
879.89	0.027
880.06	0.028
880.23	0.028
880.40	0.029
880.57	0.028
880.74	0.029
880.91	0.029
881.08	0.029
881.25	0.030
881.42	0.030
881.59	0.030
881.76	0.030
881.93	0.030
882.10	0.030
882.27	0.031
882.44	0.031
882.61	0.030
882.78	0.030
882.95	0.029
883.12	0.029
883.29	0.029
883.46	0.029
883.63	0.030
883.80	0.030
883.97	0.029
884.14	0.030
884.31	0.030
884.48	0.031
884.65	0.031
884.82	0.032
884.99	0.031
885.16	0.031
885.33	0.032
885.50	0.033
885.67	0.032
885.84	0.033
886.01	0.032
886.18	0.033
886.35	0.033
886.52	0.033
886.69	0.033
886.86	0.033
887.03	0.032
887.20	0.033
887.37	0.033
887.54	0.033
887.71	0.032
887.88	0.031
888.05	0.032
888.22	0.031
888.39	0.031
888.55	0.032
888.72	0.032
888.89	0.032
889.06	0.032
889.23	0.031
889.40	0.032
889.57	0.031
889.74	0.031
889.91	0.031
890.08	0.031
890.25	0.031
890.42	0.031
890.59	0.031
890.76	0.032
890.93	0.031
891.10	0.032
891.26	0.032
891.43	0.031
891.60	0.030
891.77	0.029
891.94	0.029
892.11	0.030
892.28	0.030
892.45	0.031
892.62	0.030
892.79	0.031
892.96	0.031
893.13	0.032
893.29	0.032
893.46	0.033
893.63	0.032
893.80	0.032
893.97	0.031
894.14	0.030
894.31	0.030
894.48	0.028
894.65	0.030
894.81	0.021
894.98	0.034
