177.34	-0.068
177.56	-0.068
177.78	-0.068
178.00	-0.000
178.22	-0.000
178.44	-0.255
178.66	-0.261
178.89	-0.249
179.11	-0.569
179.33	-0.758
179.55	-0.504
179.77	-0.341
179.99	-0.049
180.21	0.077
180.43	0.146
180.65	0.196
180.87	0.106
181.09	0.048
181.31	0.057
181.53	0.091
181.75	0.081
181.97	0.079
182.19	0.099
182.41	0.102
182.63	0.117
182.85	0.168
183.07	0.191
183.30	0.202
183.52	0.202
183.74	0.227
183.96	0.238
184.18	0.200
184.40	0.213
184.62	0.224
184.84	0.197
185.06	0.185
185.28	0.216
185.50	0.276
185.72	0.281
185.94	0.299
186.16	0.342
186.38	0.380
186.60	0.389
186.82	0.424
187.04	0.474
187.26	0.485
187.48	0.492
187.70	0.544
187.92	0.573
188.14	0.612
188.36	0.627
188.58	0.665
188.80	0.692
189.02	0.741
189.24	0.767
189.46	0.774
189.68	0.785
189.90	0.840
190.12	0.866
190.34	0.872
190.56	0.881
190.78	0.913
191.00	0.897
191.22	0.930
191.44	0.972
191.66	0.995
191.88	0.983
192.10	0.974
192.32	1.018
192.54	1.047
192.76	1.052
192.98	1.090
193.20	1.101
193.42	1.111
193.64	1.128
193.86	1.177
194.08	1.201
194.30	1.182
194.52	1.194
194.74	1.196
194.96	1.207
195.18	1.222
195.40	1.209
195.62	1.215
195.84	1.196
196.06	1.221
196.28	1.204
196.50	1.197
196.72	1.213
196.94	1.221
197.16	1.228
197.38	1.266
197.60	1.267
197.82	1.283
198.04	1.282
198.26	1.321
198.48	1.340
198.70	1.339
198.92	1.343
199.13	1.333
199.35	1.303
199.57	1.296
199.79	1.284
200.01	1.294
200.23	1.279
200.45	1.279
200.67	1.299
200.89	1.294
201.11	1.303
201.33	1.316
201.55	1.325
201.77	1.344
201.99	1.334
202.21	1.345
202.43	1.351
202.65	1.331
202.87	1.337
203.09	1.336
203.31	1.353
203.52	1.367
203.74	1.375
203.96	1.409
204.18	1.444
204.40	1.465
204.62	1.496
204.84	1.522
205.06	1.562
205.28	1.562
205.50	1.567
205.72	1.574
205.94	1.553
206.16	1.541
206.38	1.539
206.59	1.558
206.81	1.571
207.03	1.581
207.25	1.582
207.47	1.581
207.69	1.570
207.91	1.578
208.13	1.579
208.35	1.595
208.57	1.572
208.79	1.583
209.01	1.561
209.22	1.564
209.44	1.571
209.66	1.596
209.88	1.604
210.10	1.624
210.32	1.614
210.54	1.635
210.76	1.611
210.98	1.618
211.20	1.638
211.42	1.639
211.63	1.645
211.85	1.661
212.07	1.665
212.29	1.675
212.51	1.683
212.73	1.690
212.95	1.705
213.17	1.681
213.39	1.674
213.60	1.664
213.82	1.655
214.04	1.646
214.26	1.652
214.48	1.663
214.70	1.661
214.92	1.656
215.14	1.672
215.35	1.670
215.57	1.661
215.79	1.660
216.01	1.651
216.23	1.642
216.45	1.614
216.67	1.608
216.89	1.605
217.10	1.585
217.32	1.587
217.54	1.593
217.76	1.586
217.98	1.576
218.20	1.563
218.42	1.555
218.64	1.550
218.85	1.532
219.07	1.519
219.29	1.505
219.51	1.487
219.73	1.469
219.95	1.457
220.17	1.439
220.38	1.417
220.60	1.395
220.82	1.372
221.04	1.355
221.26	1.333
221.48	1.309
221.69	1.288
221.91	1.265
222.13	1.245
222.35	1.229
222.57	1.208
222.79	1.190
223.00	1.167
223.22	1.144
223.44	1.122
223.66	1.098
223.88	1.077
224.10	1.055
224.32	1.032
224.53	1.014
224.75	0.992
224.97	0.972
225.19	0.953
225.41	0.933
225.62	0.914
225.84	0.895
226.06	0.876
226.28	0.858
226.50	0.836
226.72	0.818
226.93	0.800
227.15	0.782
227.37	0.766
227.59	0.750
227.81	0.734
228.02	0.718
228.24	0.703
228.46	0.688
228.68	0.674
228.90	0.659
229.12	0.645
229.33	0.632
229.55	0.619
229.77	0.605
229.99	0.592
230.21	0.579
230.42	0.566
230.64	0.554
230.86	0.542
231.08	0.530
231.30	0.519
231.51	0.507
231.73	0.497
231.95	0.486
232.17	0.476
232.38	0.467
232.60	0.458
232.82	0.447
233.04	0.438
233.26	0.428
233.47	0.420
233.69	0.412
233.91	0.404
234.13	0.396
234.35	0.388
234.56	0.380
234.78	0.373
235.00	0.366
235.22	0.360
235.43	0.353
235.65	0.346
235.87	0.340
236.09	0.333
236.30	0.326
236.52	0.321
236.74	0.314
236.96	0.309
237.18	0.303
237.39	0.298
237.61	0.293
237.83	0.287
238.05	0.282
238.26	0.278
238.48	0.273
238.70	0.268
238.92	0.264
239.13	0.259
239.35	0.255
239.57	0.250
239.79	0.246
240.00	0.243
240.22	0.239
240.44	0.235
240.66	0.231
240.87	0.228
241.09	0.224
241.31	0.221
241.53	0.218
241.74	0.215
241.96	0.212
242.18	0.209
242.40	0.207
242.61	0.205
242.83	0.202
243.05	0.200
243.27	0.197
243.48	0.195
243.70	0.193
243.92	0.190
244.13	0.189
244.35	0.186
244.57	0.184
244.79	0.182
245.00	0.180
245.22	0.178
245.44	0.176
245.65	0.174
245.87	0.173
246.09	0.171
246.31	0.170
246.52	0.168
246.74	0.167
246.96	0.166
247.18	0.165
247.39	0.163
247.61	0.161
247.83	0.160
248.04	0.158
248.26	0.157
248.48	0.156
248.69	0.155
248.91	0.153
249.13	0.152
249.35	0.150
249.56	0.149
249.78	0.148
250.00	0.147
250.21	0.146
250.43	0.145
250.65	0.144
250.86	0.143
251.08	0.142
251.30	0.142
251.51	0.141
251.73	0.141
251.95	0.140
252.17	0.139
252.38	0.139
252.60	0.137
252.82	0.137
253.03	0.136
253.25	0.135
253.47	0.134
253.68	0.134
253.90	0.133
254.12	0.132
254.33	0.132
254.55	0.131
254.77	0.130
254.98	0.129
255.20	0.129
255.42	0.128
255.63	0.127
255.85	0.126
256.07	0.126
256.28	0.125
256.50	0.124
256.72	0.124
256.93	0.124
257.15	0.124
257.37	0.124
257.58	0.123
257.80	0.122
258.02	0.122
258.23	0.122
258.45	0.122
258.67	0.121
258.88	0.121
259.10	0.120
259.32	0.120
259.53	0.120
259.75	0.120
259.96	0.119
260.18	0.118
260.40	0.118
260.61	0.118
260.83	0.117
261.05	0.117
261.26	0.117
261.48	0.116
261.70	0.116
261.91	0.116
262.13	0.116
262.34	0.116
262.56	0.116
262.78	0.115
262.99	0.115
263.21	0.114
263.43	0.114
263.64	0.114
263.86	0.113
264.07	0.113
264.29	0.113
264.51	0.112
264.72	0.111
264.94	0.111
265.16	0.111
265.37	0.111
265.59	0.111
265.80	0.110
266.02	0.110
266.24	0.110
266.45	0.109
266.67	0.109
266.88	0.109
267.10	0.108
267.32	0.108
267.53	0.107
267.75	0.107
267.96	0.107
268.18	0.106
268.40	0.106
268.61	0.106
268.83	0.106
269.04	0.106
269.26	0.105
269.48	0.105
269.69	0.105
269.91	0.105
270.12	0.105
270.34	0.105
270.56	0.104
270.77	0.104
270.99	0.104
271.20	0.104
271.42	0.103
271.64	0.103
271.85	0.102
272.07	0.102
272.28	0.101
272.50	0.101
272.71	0.101
272.93	0.101
273.15	0.101
273.36	0.100
273.58	0.100
273.79	0.100
274.01	0.099
274.22	0.099
274.44	0.098
274.66	0.098
274.87	0.097
275.09	0.097
275.30	0.097
275.52	0.097
275.73	0.097
275.95	0.097
276.16	0.096
276.38	0.096
276.60	0.096
276.81	0.096
277.03	0.095
277.24	0.095
277.46	0.094
277.67	0.094
277.89	0.093
278.10	0.093
278.32	0.093
278.53	0.093
278.75	0.092
278.97	0.092
279.18	0.091
279.40	0.091
279.61	0.091
279.83	0.091
280.04	0.091
280.26	0.090
280.47	0.090
280.69	0.089
280.90	0.089
281.12	0.089
281.33	0.089
281.55	0.088
281.76	0.088
281.98	0.088
282.20	0.087
282.41	0.087
282.63	0.087
282.84	0.086
283.06	0.086
283.27	0.085
283.49	0.085
283.70	0.085
283.92	0.084
284.13	0.084
284.35	0.083
284.56	0.083
284.78	0.083
284.99	0.082
285.21	0.082
285.42	0.082
285.64	0.082
285.85	0.081
286.07	0.080
286.28	0.080
286.50	0.080
286.71	0.079
286.93	0.079
287.14	0.079
287.36	0.078
287.57	0.078
287.79	0.078
288.00	0.078
288.22	0.077
288.43	0.077
288.65	0.076
288.86	0.076
289.08	0.076
289.29	0.075
289.51	0.075
289.72	0.075
289.94	0.074
290.15	0.074
290.37	0.074
290.58	0.074
290.80	0.074
291.01	0.073
291.22	0.073
291.44	0.073
291.65	0.072
291.87	0.072
292.08	0.072
292.30	0.072
292.51	0.071
292.73	0.071
292.94	0.071
293.16	0.070
293.37	0.070
293.59	0.070
293.80	0.070
294.02	0.070
294.23	0.070
294.44	0.069
294.66	0.069
294.87	0.069
295.09	0.068
295.30	0.068
295.52	0.068
295.73	0.068
295.95	0.068
296.16	0.067
296.37	0.067
296.59	0.067
296.80	0.067
297.02	0.067
297.23	0.066
297.45	0.066
297.66	0.065
297.88	0.065
298.09	0.064
298.30	0.064
298.52	0.064
298.73	0.064
298.95	0.064
299.16	0.063
299.38	0.063
299.59	0.063
299.80	0.062
300.02	0.062
300.23	0.062
300.45	0.062
300.66	0.061
300.88	0.061
301.09	0.061
301.30	0.061
301.52	0.061
301.73	0.061
301.95	0.061
302.16	0.061
302.37	0.060
302.59	0.060
302.80	0.060
303.02	0.060
303.23	0.059
303.45	0.059
303.66	0.060
303.87	0.059
304.09	0.059
304.30	0.059
304.52	0.059
304.73	0.059
304.94	0.058
305.16	0.058
305.37	0.058
305.59	0.058
305.80	0.057
306.01	0.057
306.23	0.057
306.44	0.056
306.65	0.057
306.87	0.056
307.08	0.056
307.30	0.056
307.51	0.055
307.72	0.055
307.94	0.055
308.15	0.054
308.37	0.053
308.58	0.053
308.79	0.053
309.01	0.053
309.22	0.052
309.43	0.052
309.65	0.052
309.86	0.052
310.07	0.052
310.29	0.051
310.50	0.051
310.72	0.051
310.93	0.051
311.14	0.051
311.36	0.051
311.57	0.051
311.78	0.051
312.00	0.051
312.21	0.051
312.42	0.051
312.64	0.050
312.85	0.050
313.07	0.050
313.28	0.050
313.49	0.050
313.71	0.050
313.92	0.050
314.13	0.049
314.35	0.049
314.56	0.049
314.77	0.049
314.99	0.049
315.20	0.049
315.41	0.049
315.63	0.049
315.84	0.049
316.05	0.048
316.27	0.048
316.48	0.048
316.69	0.047
316.91	0.047
317.12	0.047
317.33	0.046
317.55	0.046
317.76	0.046
317.97	0.046
318.19	0.047
318.40	0.047
318.61	0.047
318.83	0.047
319.04	0.047
319.25	0.047
319.47	0.047
319.68	0.046
319.89	0.047
320.10	0.047
320.32	0.046
320.53	0.046
320.74	0.046
320.96	0.046
321.17	0.046
321.38	0.046
321.60	0.045
321.81	0.045
322.02	0.044
322.24	0.044
322.45	0.044
322.66	0.044
322.87	0.044
323.09	0.044
323.30	0.044
323.51	0.044
323.73	0.044
323.94	0.044
324.15	0.044
324.36	0.044
324.58	0.044
324.79	0.044
325.00	0.044
325.22	0.043
325.43	0.044
325.64	0.044
325.85	0.043
326.07	0.043
326.28	0.043
326.49	0.043
326.71	0.042
326.92	0.042
327.13	0.042
327.34	0.041
327.56	0.042
327.77	0.042
327.98	0.042
328.19	0.042
328.41	0.042
328.62	0.041
328.83	0.041
329.04	0.042
329.26	0.042
329.47	0.042
329.68	0.042
329.90	0.041
330.11	0.041
330.32	0.041
330.53	0.041
330.75	0.041
330.96	0.041
331.17	0.041
331.38	0.041
331.60	0.040
331.81	0.041
332.02	0.041
332.23	0.041
332.44	0.041
332.66	0.041
332.87	0.041
333.08	0.041
333.29	0.041
333.51	0.041
333.72	0.040
333.93	0.040
334.14	0.040
334.36	0.040
334.57	0.040
334.78	0.040
334.99	0.039
335.21	0.039
335.42	0.039
335.63	0.039
335.84	0.039
336.05	0.039
336.27	0.039
336.48	0.039
336.69	0.039
336.90	0.039
337.11	0.039
337.33	0.039
337.54	0.039
337.75	0.039
337.96	0.039
338.18	0.038
338.39	0.038
338.60	0.038
338.81	0.038
339.02	0.038
339.24	0.038
339.45	0.037
339.66	0.037
339.87	0.037
340.08	0.037
340.30	0.037
340.51	0.037
340.72	0.037
340.93	0.037
341.14	0.037
341.36	0.036
341.57	0.037
341.78	0.037
341.99	0.037
342.20	0.037
342.41	0.037
342.63	0.036
342.84	0.036
343.05	0.035
343.26	0.035
343.47	0.035
343.69	0.035
343.90	0.034
344.11	0.034
344.32	0.034
344.53	0.034
344.74	0.034
344.96	0.034
345.17	0.034
345.38	0.034
345.59	0.034
345.80	0.034
346.01	0.034
346.23	0.033
346.44	0.033
346.65	0.033
346.86	0.033
347.07	0.033
347.28	0.033
347.50	0.032
347.71	0.033
347.92	0.033
348.13	0.033
348.34	0.034
348.55	0.034
348.76	0.034
348.98	0.033
349.19	0.033
349.40	0.033
349.61	0.033
349.82	0.032
350.03	0.032
350.24	0.032
350.46	0.031
350.67	0.031
350.88	0.031
351.09	0.031
351.30	0.031
351.51	0.030
351.72	0.030
351.93	0.030
352.15	0.030
352.36	0.029
352.57	0.030
352.78	0.029
352.99	0.030
353.20	0.029
353.41	0.029
353.62	0.029
353.84	0.029
354.05	0.029
354.26	0.030
354.47	0.030
354.68	0.030
354.89	0.029
355.10	0.029
355.31	0.030
355.52	0.029
355.74	0.030
355.95	0.029
356.16	0.029
356.37	0.029
356.58	0.029
356.79	0.029
357.00	0.028
357.21	0.028
357.42	0.028
357.63	0.028
357.85	0.028
358.06	0.027
358.27	0.027
358.48	0.027
358.69	0.027
358.90	0.027
359.11	0.027
359.32	0.027
359.53	0.027
359.74	0.027
359.95	0.027
360.17	0.027
360.38	0.027
360.59	0.027
360.80	0.027
361.01	0.026
361.22	0.026
361.43	0.026
361.64	0.026
361.85	0.026
362.06	0.025
362.27	0.025
362.48	0.024
362.69	0.024
362.90	0.024
363.12	0.024
363.33	0.024
363.54	0.024
363.75	0.023
363.96	0.024
364.17	0.024
364.38	0.024
364.59	0.025
364.80	0.024
365.01	0.025
365.22	0.024
365.43	0.024
365.64	0.025
365.85	0.024
366.06	0.024
366.27	0.023
366.48	0.023
366.69	0.022
366.90	0.023
367.11	0.022
367.32	0.022
367.54	0.022
367.75	0.022
367.96	0.022
368.17	0.022
368.38	0.022
368.59	0.022
368.80	0.021
369.01	0.022
369.22	0.022
369.43	0.021
369.64	0.021
369.85	0.021
370.06	0.021
370.27	0.022
370.48	0.022
370.69	0.021
370.90	0.021
371.11	0.022
371.32	0.022
371.53	0.021
371.74	0.021
371.95	0.021
372.16	0.021
372.37	0.020
372.58	0.020
372.79	0.019
373.00	0.019
373.21	0.018
373.42	0.018
373.63	0.018
373.84	0.018
374.05	0.018
374.26	0.018
374.47	0.019
374.68	0.019
374.89	0.019
375.10	0.019
375.31	0.019
375.52	0.019
375.73	0.019
375.94	0.019
376.15	0.018
376.36	0.018
376.57	0.018
376.78	0.019
376.99	0.019
377.20	0.019
377.41	0.019
377.62	0.018
377.83	0.019
378.04	0.019
378.25	0.019
378.46	0.019
378.67	0.019
378.88	0.018
379.09	0.018
379.30	0.018
379.51	0.017
379.72	0.017
379.92	0.017
380.13	0.017
380.34	0.018
380.55	0.017
380.76	0.017
380.97	0.017
381.18	0.017
381.39	0.017
381.60	0.018
381.81	0.018
382.02	0.017
382.23	0.017
382.44	0.017
382.65	0.017
382.86	0.017
383.07	0.017
383.28	0.017
383.49	0.016
383.70	0.016
383.91	0.016
384.11	0.016
384.32	0.016
384.53	0.016
384.74	0.016
384.95	0.016
385.16	0.016
385.37	0.016
385.58	0.015
385.79	0.015
386.00	0.016
386.21	0.016
386.42	0.015
386.63	0.015
386.84	0.015
387.04	0.015
387.25	0.016
387.46	0.016
387.67	0.016
387.88	0.016
388.09	0.016
388.30	0.016
388.51	0.016
388.72	0.016
388.93	0.015
389.14	0.015
389.34	0.015
389.55	0.015
389.76	0.014
389.97	0.014
390.18	0.014
390.39	0.014
390.60	0.014
390.81	0.014
391.02	0.014
391.23	0.014
391.43	0.014
391.64	0.014
391.85	0.014
392.06	0.014
392.27	0.014
392.48	0.014
392.69	0.014
392.90	0.013
393.11	0.013
393.31	0.013
393.52	0.014
393.73	0.014
393.94	0.014
394.15	0.014
394.36	0.014
394.57	0.014
394.78	0.014
394.98	0.014
395.19	0.014
395.40	0.014
395.61	0.014
395.82	0.014
396.03	0.014
396.24	0.013
396.44	0.014
396.65	0.014
396.86	0.015
397.07	0.015
397.28	0.014
397.49	0.014
397.70	0.014
397.90	0.014
398.11	0.014
398.32	0.013
398.53	0.013
398.74	0.012
398.95	0.012
399.16	0.012
399.36	0.012
399.57	0.011
399.78	0.011
399.99	0.011
400.20	0.011
400.41	0.012
400.61	0.012
400.82	0.012
401.03	0.012
401.24	0.012
401.45	0.012
401.66	0.012
401.86	0.012
402.07	0.012
402.28	0.011
402.49	0.012
402.70	0.012
402.91	0.012
403.11	0.011
403.32	0.011
403.53	0.011
403.74	0.011
403.95	0.012
404.15	0.012
404.36	0.012
404.57	0.012
404.78	0.012
404.99	0.012
405.20	0.012
405.40	0.013
405.61	0.013
405.82	0.012
406.03	0.012
406.24	0.012
406.44	0.011
406.65	0.011
406.86	0.011
407.07	0.011
407.28	0.011
407.48	0.012
407.69	0.011
407.90	0.011
408.11	0.012
408.32	0.012
408.52	0.012
408.73	0.012
408.94	0.012
409.15	0.012
409.35	0.012
409.56	0.012
409.77	0.012
409.98	0.012
410.19	0.012
410.39	0.012
410.60	0.011
410.81	0.011
411.02	0.011
411.22	0.011
411.43	0.011
411.64	0.011
411.85	0.010
412.05	0.010
412.26	0.010
412.47	0.010
412.68	0.010
412.89	0.010
413.09	0.010
413.30	0.010
413.51	0.010
413.72	0.011
413.92	0.010
414.13	0.009
414.34	0.009
414.55	0.009
414.75	0.009
414.96	0.009
415.17	0.009
415.38	0.009
415.58	0.008
415.79	0.009
416.00	0.009
416.21	0.009
416.41	0.010
416.62	0.010
416.83	0.010
417.03	0.010
417.24	0.011
417.45	0.011
417.66	0.011
417.86	0.010
418.07	0.010
418.28	0.011
418.49	0.011
418.69	0.010
418.90	0.010
419.11	0.010
419.31	0.011
419.52	0.011
419.73	0.011
419.94	0.011
420.14	0.011
420.35	0.011
420.56	0.011
420.76	0.011
420.97	0.011
421.18	0.010
421.39	0.010
421.59	0.010
421.80	0.010
422.01	0.010
422.21	0.009
422.42	0.010
422.63	0.010
422.84	0.010
423.04	0.011
423.25	0.011
423.46	0.011
423.66	0.011
423.87	0.011
424.08	0.011
424.28	0.011
424.49	0.011
424.70	0.011
424.90	0.010
425.11	0.010
425.32	0.010
425.52	0.011
425.73	0.011
425.94	0.011
426.15	0.011
426.35	0.011
426.56	0.011
426.77	0.010
426.97	0.010
427.18	0.010
427.39	0.011
427.59	0.010
427.80	0.010
428.01	0.010
428.21	0.011
428.42	0.011
428.63	0.011
428.83	0.011
429.04	0.011
429.25	0.010
429.45	0.010
429.66	0.009
429.87	0.010
430.07	0.009
430.28	0.010
430.48	0.009
430.69	0.009
430.90	0.009
431.10	0.009
431.31	0.010
431.52	0.010
431.72	0.010
431.93	0.010
432.14	0.010
432.34	0.010
432.55	0.011
432.76	0.011
432.96	0.011
433.17	0.010
433.37	0.010
433.58	0.010
433.79	0.010
433.99	0.010
434.20	0.010
434.41	0.010
434.61	0.010
434.82	0.010
435.02	0.010
435.23	0.010
435.44	0.009
435.64	0.009
435.85	0.009
436.06	0.009
436.26	0.009
436.47	0.009
436.67	0.009
436.88	0.009
437.09	0.009
437.29	0.009
437.50	0.009
437.70	0.009
437.91	0.009
438.12	0.009
438.32	0.009
438.53	0.008
438.73	0.009
438.94	0.009
439.15	0.010
439.35	0.010
439.56	0.010
439.76	0.010
439.97	0.010
440.18	0.010
440.38	0.010
440.59	0.010
440.79	0.010
441.00	0.010
441.20	0.010
441.41	0.010
441.62	0.010
441.82	0.010
442.03	0.010
442.23	0.010
442.44	0.010
442.65	0.010
442.85	0.009
443.06	0.009
443.26	0.009
443.47	0.009
443.67	0.009
443.88	0.009
444.09	0.009
444.29	0.009
444.50	0.009
444.70	0.009
444.91	0.010
445.11	0.009
445.32	0.009
445.52	0.009
445.73	0.009
445.94	0.009
446.14	0.009
446.35	0.009
446.55	0.009
446.76	0.009
446.96	0.009
447.17	0.009
447.37	0.009
447.58	0.009
447.78	0.008
447.99	0.008
448.20	0.008
448.40	0.008
448.61	0.008
448.81	0.008
449.02	0.008
449.22	0.008
449.43	0.008
449.63	0.008
449.84	0.008
450.04	0.009
450.25	0.009
450.45	0.009
450.66	0.010
450.86	0.010
451.07	0.009
451.27	0.010
451.48	0.010
451.68	0.009
451.89	0.009
452.09	0.009
452.30	0.009
452.50	0.008
452.71	0.008
452.91	0.008
453.12	0.008
453.33	0.008
453.53	0.008
453.74	0.008
453.94	0.008
454.15	0.008
454.35	0.008
454.56	0.008
454.76	0.008
454.96	0.008
455.17	0.008
455.37	0.009
455.58	0.008
455.78	0.009
455.99	0.008
456.19	0.009
456.40	0.009
456.60	0.009
456.81	0.009
457.01	0.010
457.22	0.009
457.42	0.009
457.63	0.009
457.83	0.010
458.04	0.009
458.24	0.009
458.45	0.009
458.65	0.009
458.86	0.009
459.06	0.009
459.27	0.009
459.47	0.009
459.67	0.009
459.88	0.009
460.08	0.009
460.29	0.009
460.49	0.010
460.70	0.010
460.90	0.010
461.11	0.009
461.31	0.009
461.52	0.010
461.72	0.010
461.92	0.010
462.13	0.009
462.33	0.010
462.54	0.009
462.74	0.009
462.95	0.009
463.15	0.009
463.36	0.009
463.56	0.009
463.76	0.009
463.97	0.010
464.17	0.009
464.38	0.010
464.58	0.010
464.79	0.010
464.99	0.010
465.19	0.009
465.40	0.009
465.60	0.009
465.81	0.008
466.01	0.008
466.22	0.008
466.42	0.008
466.62	0.008
466.83	0.008
467.03	0.008
467.24	0.007
467.44	0.007
467.65	0.007
467.85	0.007
468.05	0.007
468.26	0.007
468.46	0.007
468.67	0.006
468.87	0.007
469.07	0.007
469.28	0.008
469.48	0.008
469.69	0.008
469.89	0.008
470.09	0.007
470.30	0.007
470.50	0.007
470.71	0.007
470.91	0.007
471.11	0.008
471.32	0.008
471.52	0.008
471.72	0.008
471.93	0.008
472.13	0.009
472.34	0.009
472.54	0.008
472.74	0.008
472.95	0.008
473.15	0.007
473.35	0.008
473.56	0.008
473.76	0.009
473.97	0.009
474.17	0.008
474.37	0.009
474.58	0.009
474.78	0.009
474.98	0.009
475.19	0.008
475.39	0.008
475.60	0.008
475.80	0.008
476.00	0.008
476.21	0.008
476.41	0.008
476.61	0.008
476.82	0.008
477.02	0.008
477.22	0.008
477.43	0.007
477.63	0.007
477.83	0.007
478.04	0.007
478.24	0.007
478.44	0.006
478.65	0.007
478.85	0.007
479.05	0.008
479.26	0.008
479.46	0.008
479.66	0.008
479.87	0.008
480.07	0.008
480.27	0.008
480.48	0.007
480.68	0.007
480.88	0.007
481.09	0.007
481.29	0.007
481.49	0.007
481.70	0.007
481.90	0.007
482.10	0.007
482.31	0.007
482.51	0.007
482.71	0.007
482.92	0.008
483.12	0.008
483.32	0.007
483.52	0.008
483.73	0.008
483.93	0.008
484.13	0.008
484.34	0.008
484.54	0.008
484.74	0.007
484.95	0.007
485.15	0.007
485.35	0.007
485.55	0.007
485.76	0.007
485.96	0.007
486.16	0.007
486.37	0.007
486.57	0.007
486.77	0.008
486.97	0.007
487.18	0.008
487.38	0.008
487.58	0.008
487.79	0.008
487.99	0.008
488.19	0.008
488.39	0.008
488.60	0.008
488.80	0.009
489.00	0.009
489.20	0.008
489.41	0.008
489.61	0.008
489.81	0.007
490.02	0.008
490.22	0.007
490.42	0.007
490.62	0.007
490.83	0.007
491.03	0.008
491.23	0.008
491.43	0.008
491.64	0.008
491.84	0.008
492.04	0.008
492.24	0.007
492.45	0.007
492.65	0.007
492.85	0.007
493.05	0.007
493.26	0.007
493.46	0.007
493.66	0.007
493.86	0.007
494.07	0.007
494.27	0.007
494.47	0.007
494.67	0.007
494.87	0.007
495.08	0.006
495.28	0.006
495.48	0.006
495.68	0.006
495.89	0.006
496.09	0.007
496.29	0.007
496.49	0.007
496.69	0.006
496.90	0.007
497.10	0.007
497.30	0.007
497.50	0.007
497.71	0.007
497.91	0.007
498.11	0.007
498.31	0.007
498.51	0.006
498.72	0.006
498.92	0.006
499.12	0.006
499.32	0.006
499.52	0.006
499.73	0.006
499.93	0.006
500.13	0.007
500.33	0.007
500.53	0.007
500.74	0.006
500.94	0.006
501.14	0.006
501.34	0.007
501.54	0.007
501.74	0.007
501.95	0.007
502.15	0.007
502.35	0.007
502.55	0.007
502.75	0.007
502.96	0.007
503.16	0.007
503.36	0.007
503.56	0.007
503.76	0.007
503.96	0.006
504.17	0.006
504.37	0.006
504.57	0.006
504.77	0.006
504.97	0.006
505.17	0.006
505.38	0.007
505.58	0.007
505.78	0.007
505.98	0.007
506.18	0.007
506.38	0.007
506.58	0.007
506.79	0.007
506.99	0.007
507.19	0.007
507.39	0.007
507.59	0.006
507.79	0.007
507.99	0.007
508.20	0.007
508.40	0.007
508.60	0.007
508.80	0.007
509.00	0.007
509.20	0.007
509.40	0.007
509.61	0.006
509.81	0.006
510.01	0.006
510.21	0.006
510.41	0.007
510.61	0.007
510.81	0.007
511.01	0.006
511.22	0.006
511.42	0.007
511.62	0.007
511.82	0.007
512.02	0.007
512.22	0.006
512.42	0.006
512.62	0.007
512.82	0.007
513.03	0.006
513.23	0.006
513.43	0.006
513.63	0.007
513.83	0.007
514.03	0.006
514.23	0.006
514.43	0.007
514.63	0.006
514.83	0.007
515.04	0.007
515.24	0.007
515.44	0.006
515.64	0.007
515.84	0.007
516.04	0.006
516.24	0.006
516.44	0.007
516.64	0.007
516.84	0.007
517.04	0.006
517.24	0.006
517.45	0.006
517.65	0.006
517.85	0.006
518.05	0.006
518.25	0.006
518.45	0.005
518.65	0.005
518.85	0.006
519.05	0.006
519.25	0.006
519.45	0.006
519.65	0.006
519.85	0.006
520.05	0.006
520.25	0.006
520.46	0.006
520.66	0.005
520.86	0.005
521.06	0.005
521.26	0.005
521.46	0.005
521.66	0.005
521.86	0.006
522.06	0.006
522.26	0.006
522.46	0.006
522.66	0.007
522.86	0.007
523.06	0.007
523.26	0.007
523.46	0.006
523.66	0.006
523.86	0.006
524.06	0.005
524.26	0.005
524.46	0.005
524.66	0.005
524.86	0.005
525.06	0.005
525.26	0.006
525.46	0.007
525.66	0.007
525.87	0.007
526.07	0.007
526.27	0.007
526.47	0.006
526.67	0.006
526.87	0.006
527.07	0.005
527.27	0.005
527.47	0.005
527.67	0.005
527.87	0.005
528.07	0.006
528.27	0.006
528.47	0.006
528.67	0.006
528.87	0.006
529.07	0.006
529.27	0.006
529.47	0.006
529.67	0.005
529.87	0.005
530.07	0.005
530.27	0.005
530.47	0.006
530.67	0.006
530.87	0.005
531.06	0.006
531.26	0.005
531.46	0.006
531.66	0.005
531.86	0.006
532.06	0.006
532.26	0.005
532.46	0.005
532.66	0.005
532.86	0.005
533.06	0.005
533.26	0.005
533.46	0.005
533.66	0.005
533.86	0.005
534.06	0.005
534.26	0.005
534.46	0.005
534.66	0.005
534.86	0.005
535.06	0.005
535.26	0.005
535.46	0.005
535.66	0.005
535.86	0.005
536.06	0.005
536.26	0.005
536.45	0.005
536.65	0.006
536.85	0.006
537.05	0.006
537.25	0.006
537.45	0.006
537.65	0.006
537.85	0.006
538.05	0.006
538.25	0.006
538.45	0.006
538.65	0.005
538.85	0.005
539.05	0.005
539.25	0.005
539.44	0.005
539.64	0.004
539.84	0.005
540.04	0.005
540.24	0.005
540.44	0.006
540.64	0.005
540.84	0.006
541.04	0.005
541.24	0.005
541.44	0.006
541.64	0.005
541.83	0.005
542.03	0.005
542.23	0.005
542.43	0.005
542.63	0.005
542.83	0.006
543.03	0.006
543.23	0.006
543.43	0.006
543.63	0.006
543.82	0.006
544.02	0.006
544.22	0.006
544.42	0.005
544.62	0.006
544.82	0.006
545.02	0.005
545.22	0.005
545.42	0.005
545.61	0.005
545.81	0.004
546.01	0.004
546.21	0.005
546.41	0.004
546.61	0.004
546.81	0.004
547.01	0.004
547.20	0.004
547.40	0.004
547.60	0.004
547.80	0.004
548.00	0.004
548.20	0.005
548.40	0.005
548.59	0.005
548.79	0.005
548.99	0.005
549.19	0.005
549.39	0.005
549.59	0.005
549.79	0.005
549.98	0.005
550.18	0.004
550.38	0.004
550.58	0.005
550.78	0.005
550.98	0.005
551.17	0.005
551.37	0.005
551.57	0.005
551.77	0.005
551.97	0.006
552.17	0.006
552.36	0.006
552.56	0.005
552.76	0.005
552.96	0.005
553.16	0.005
553.36	0.005
553.55	0.004
553.75	0.004
553.95	0.003
554.15	0.004
554.35	0.004
554.55	0.004
554.74	0.004
554.94	0.004
555.14	0.004
555.34	0.005
555.54	0.005
555.73	0.005
555.93	0.005
556.13	0.005
556.33	0.005
556.53	0.005
556.72	0.004
556.92	0.004
557.12	0.004
557.32	0.004
557.52	0.005
557.71	0.005
557.91	0.005
558.11	0.005
558.31	0.004
558.51	0.005
558.70	0.005
558.90	0.005
559.10	0.004
559.30	0.004
559.49	0.005
559.69	0.005
559.89	0.005
560.09	0.005
560.29	0.005
560.48	0.004
560.68	0.005
560.88	0.005
561.08	0.005
561.27	0.005
561.47	0.004
561.67	0.005
561.87	0.005
562.06	0.005
562.26	0.005
562.46	0.004
562.66	0.004
562.86	0.004
563.05	0.004
563.25	0.004
563.45	0.004
563.65	0.004
563.84	0.004
564.04	0.005
564.24	0.005
564.44	0.005
564.63	0.005
564.83	0.005
565.03	0.005
565.22	0.005
565.42	0.005
565.62	0.005
565.82	0.004
566.01	0.004
566.21	0.004
566.41	0.005
566.61	0.004
566.80	0.004
567.00	0.004
567.20	0.004
567.40	0.004
567.59	0.004
567.79	0.004
567.99	0.004
568.18	0.004
568.38	0.005
568.58	0.005
568.78	0.005
568.97	0.005
569.17	0.005
569.37	0.005
569.56	0.005
569.76	0.005
569.96	0.005
570.16	0.006
570.35	0.006
570.55	0.005
570.75	0.006
570.94	0.006
571.14	0.005
571.34	0.006
571.53	0.005
571.73	0.005
571.93	0.005
572.12	0.005
572.32	0.005
572.52	0.005
572.72	0.005
572.91	0.005
573.11	0.005
573.31	0.005
573.50	0.005
573.70	0.005
573.90	0.005
574.09	0.004
574.29	0.004
574.49	0.005
574.68	0.004
574.88	0.004
575.08	0.005
575.27	0.005
575.47	0.005
575.67	0.005
575.86	0.005
576.06	0.005
576.26	0.005
576.45	0.005
576.65	0.005
576.85	0.005
577.04	0.005
577.24	0.005
577.44	0.005
577.63	0.004
577.83	0.004
578.02	0.004
578.22	0.004
578.42	0.004
578.61	0.004
578.81	0.004
579.01	0.004
579.20	0.004
579.40	0.005
579.60	0.005
579.79	0.005
579.99	0.005
580.19	0.005
580.38	0.006
580.58	0.006
580.77	0.006
580.97	0.005
581.17	0.005
581.36	0.005
581.56	0.005
581.75	0.005
581.95	0.005
582.15	0.004
582.34	0.005
582.54	0.004
582.74	0.005
582.93	0.004
583.13	0.005
583.32	0.005
583.52	0.004
583.72	0.004
583.91	0.005
584.11	0.005
584.30	0.005
584.50	0.004
584.70	0.005
584.89	0.005
585.09	0.005
585.28	0.005
585.48	0.004
585.68	0.004
585.87	0.004
586.07	0.005
586.26	0.005
586.46	0.004
586.66	0.004
586.85	0.004
587.05	0.004
587.24	0.005
587.44	0.005
587.63	0.005
587.83	0.005
588.03	0.005
588.22	0.005
588.42	0.005
588.61	0.005
588.81	0.005
589.00	0.005
589.20	0.005
589.40	0.005
589.59	0.005
589.79	0.004
589.98	0.004
590.18	0.004
590.37	0.004
590.57	0.004
590.76	0.004
590.96	0.005
591.16	0.004
591.35	0.005
591.55	0.005
591.74	0.005
591.94	0.005
592.13	0.005
592.33	0.005
592.52	0.005
592.72	0.004
592.91	0.004
593.11	0.004
593.30	0.003
593.50	0.004
593.70	0.004
593.89	0.004
594.09	0.003
594.28	0.003
594.48	0.003
594.67	0.004
594.87	0.004
595.06	0.004
595.26	0.004
595.45	0.004
595.65	0.004
595.84	0.004
596.04	0.004
596.23	0.005
596.43	0.005
596.62	0.005
596.82	0.005
597.01	0.006
597.21	0.005
597.40	0.005
597.60	0.005
597.79	0.005
597.99	0.005
598.18	0.005
598.38	0.005
598.57	0.005
598.77	0.004
598.96	0.004
599.16	0.004
599.35	0.004
599.55	0.004
599.74	0.004
599.94	0.004
600.13	0.004
600.33	0.004
600.52	0.005
600.72	0.004
600.91	0.004
601.11	0.004
601.30	0.004
601.50	0.004
601.69	0.004
601.89	0.004
602.08	0.004
602.27	0.004
602.47	0.005
602.66	0.004
602.86	0.004
603.05	0.004
603.25	0.004
603.44	0.004
603.64	0.004
603.83	0.003
604.03	0.003
604.22	0.004
604.41	0.004
604.61	0.004
604.80	0.004
605.00	0.004
605.19	0.004
605.39	0.004
605.58	0.004
605.78	0.004
605.97	0.004
606.16	0.004
606.36	0.004
606.55	0.004
606.75	0.004
606.94	0.004
607.14	0.004
607.33	0.004
607.52	0.004
607.72	0.004
607.91	0.004
608.11	0.003
608.30	0.003
608.50	0.003
608.69	0.003
608.88	0.003
609.08	0.003
609.27	0.003
609.47	0.003
609.66	0.003
609.85	0.004
610.05	0.004
610.24	0.004
610.44	0.004
610.63	0.004
610.83	0.004
611.02	0.004
611.21	0.004
611.41	0.004
611.60	0.004
611.80	0.004
611.99	0.004
612.18	0.003
612.38	0.004
612.57	0.004
612.76	0.004
612.96	0.004
613.15	0.004
613.35	0.004
613.54	0.004
613.73	0.004
613.93	0.004
614.12	0.004
614.32	0.004
614.51	0.004
614.70	0.004
614.90	0.003
615.09	0.003
615.28	0.003
615.48	0.003
615.67	0.003
615.86	0.003
616.06	0.002
616.25	0.003
616.45	0.003
616.64	0.003
616.83	0.004
617.03	0.004
617.22	0.004
617.41	0.004
617.61	0.004
617.80	0.004
617.99	0.003
618.19	0.003
618.38	0.003
618.57	0.003
618.77	0.003
618.96	0.003
619.15	0.003
619.35	0.003
619.54	0.003
619.73	0.003
619.93	0.003
620.12	0.004
620.31	0.003
620.51	0.004
620.70	0.004
620.89	0.003
621.09	0.003
621.28	0.003
621.47	0.004
621.67	0.004
621.86	0.004
622.05	0.004
622.25	0.004
622.44	0.004
622.63	0.004
622.83	0.005
623.02	0.005
623.21	0.005
623.41	0.004
623.60	0.004
623.79	0.004
623.98	0.004
624.18	0.004
624.37	0.004
624.56	0.003
624.76	0.003
624.95	0.002
625.14	0.003
625.33	0.002
625.53	0.003
625.72	0.002
625.91	0.002
626.11	0.002
626.30	0.002
626.49	0.003
626.68	0.003
626.88	0.003
627.07	0.003
627.26	0.003
627.46	0.003
627.65	0.003
627.84	0.003
628.03	0.003
628.23	0.004
628.42	0.004
628.61	0.003
628.80	0.003
629.00	0.003
629.19	0.003
629.38	0.003
629.58	0.003
629.77	0.003
629.96	0.002
630.15	0.002
630.35	0.002
630.54	0.002
630.73	0.003
630.92	0.003
631.12	0.002
631.31	0.003
631.50	0.003
631.69	0.003
631.89	0.003
632.08	0.003
632.27	0.003
632.46	0.003
632.65	0.003
632.85	0.004
633.04	0.004
633.23	0.003
633.42	0.003
633.62	0.003
633.81	0.003
634.00	0.003
634.19	0.003
634.39	0.003
634.58	0.002
634.77	0.002
634.96	0.002
635.15	0.002
635.35	0.002
635.54	0.002
635.73	0.002
635.92	0.002
636.11	0.002
636.31	0.002
636.50	0.002
636.69	0.002
636.88	0.002
637.07	0.002
637.27	0.002
637.46	0.002
637.65	0.002
637.84	0.003
638.03	0.002
638.23	0.002
638.42	0.003
638.61	0.002
638.80	0.003
638.99	0.003
639.19	0.003
639.38	0.003
639.57	0.003
639.76	0.003
639.95	0.003
640.14	0.003
640.34	0.003
640.53	0.003
640.72	0.003
640.91	0.003
641.10	0.003
641.30	0.003
641.49	0.003
641.68	0.003
641.87	0.004
642.06	0.004
642.25	0.004
642.44	0.004
642.64	0.004
642.83	0.003
643.02	0.003
643.21	0.003
643.40	0.003
643.59	0.003
643.79	0.003
643.98	0.003
644.17	0.003
644.36	0.003
644.55	0.003
644.74	0.002
644.93	0.002
645.13	0.002
645.32	0.002
645.51	0.002
645.70	0.002
645.89	0.002
646.08	0.002
646.27	0.003
646.46	0.003
646.66	0.003
646.85	0.003
647.04	0.003
647.23	0.003
647.42	0.003
647.61	0.003
647.80	0.003
647.99	0.003
648.19	0.003
648.38	0.003
648.57	0.002
648.76	0.002
648.95	0.003
649.14	0.002
649.33	0.003
649.52	0.002
649.71	0.002
649.91	0.002
650.10	0.002
650.29	0.003
650.48	0.003
650.67	0.003
650.86	0.003
651.05	0.003
651.24	0.003
651.43	0.003
651.62	0.003
651.81	0.002
652.01	0.002
652.20	0.001
652.39	0.002
652.58	0.002
652.77	0.002
652.96	0.002
653.15	0.003
653.34	0.003
653.53	0.003
653.72	0.003
653.91	0.003
654.10	0.003
654.29	0.003
654.48	0.003
654.68	0.004
654.87	0.004
655.06	0.004
655.25	0.004
655.44	0.004
655.63	0.004
655.82	0.004
656.01	0.004
656.20	0.004
656.39	0.004
656.58	0.003
656.77	0.003
656.96	0.002
657.15	0.002
657.34	0.003
657.53	0.003
657.72	0.002
657.91	0.003
658.10	0.002
658.29	0.002
658.48	0.002
658.68	0.002
658.87	0.002
659.06	0.002
659.25	0.002
659.44	0.002
659.63	0.001
659.82	0.002
660.01	0.002
660.20	0.002
660.39	0.002
660.58	0.002
660.77	0.002
660.96	0.002
661.15	0.002
661.34	0.002
661.53	0.002
661.72	0.002
661.91	0.002
662.10	0.002
662.29	0.002
662.48	0.003
662.67	0.003
662.86	0.003
663.05	0.003
663.24	0.003
663.43	0.003
663.62	0.003
663.81	0.003
664.00	0.003
664.19	0.002
664.38	0.002
664.57	0.001
664.76	0.002
664.95	0.002
665.14	0.002
665.33	0.002
665.52	0.002
665.71	0.002
665.90	0.002
666.09	0.003
666.28	0.003
666.46	0.002
666.65	0.003
666.84	0.003
667.03	0.002
667.22	0.002
667.41	0.002
667.60	0.002
667.79	0.002
667.98	0.002
668.17	0.002
668.36	0.002
668.55	0.002
668.74	0.002
668.93	0.002
669.12	0.002
669.31	0.002
669.50	0.002
669.69	0.003
669.88	0.003
670.07	0.002
670.26	0.003
670.44	0.003
670.63	0.003
670.82	0.003
671.01	0.003
671.20	0.003
671.39	0.003
671.58	0.003
671.77	0.003
671.96	0.003
672.15	0.003
672.34	0.003
672.53	0.003
672.72	0.003
672.91	0.003
673.09	0.003
673.28	0.003
673.47	0.003
673.66	0.003
673.85	0.003
674.04	0.003
674.23	0.002
674.42	0.002
674.61	0.001
674.80	0.002
674.98	0.002
675.17	0.002
675.36	0.002
675.55	0.002
675.74	0.002
675.93	0.002
676.12	0.002
676.31	0.002
676.50	0.002
676.69	0.002
676.87	0.002
677.06	0.002
677.25	0.002
677.44	0.003
677.63	0.002
677.82	0.002
678.01	0.002
678.20	0.002
678.38	0.002
678.57	0.001
678.76	0.002
678.95	0.001
679.14	0.001
679.33	0.002
679.52	0.002
679.71	0.002
679.89	0.002
680.08	0.003
680.27	0.003
680.46	0.003
680.65	0.003
680.84	0.002
681.02	0.002
681.21	0.002
681.40	0.002
681.59	0.002
681.78	0.002
681.97	0.002
682.16	0.002
682.34	0.002
682.53	0.002
682.72	0.002
682.91	0.003
683.10	0.003
683.29	0.003
683.47	0.003
683.66	0.003
683.85	0.003
684.04	0.003
684.23	0.003
684.42	0.003
684.60	0.003
684.79	0.003
684.98	0.003
685.17	0.003
685.36	0.003
685.54	0.003
685.73	0.003
685.92	0.003
686.11	0.003
686.30	0.003
686.49	0.004
686.67	0.003
686.86	0.003
687.05	0.003
687.24	0.003
687.43	0.003
687.61	0.003
687.80	0.003
687.99	0.003
688.18	0.003
688.36	0.003
688.55	0.003
688.74	0.003
688.93	0.002
689.12	0.002
689.30	0.002
689.49	0.002
689.68	0.003
689.87	0.002
690.06	0.002
690.24	0.003
690.43	0.003
690.62	0.004
690.81	0.004
690.99	0.004
691.18	0.004
691.37	0.004
691.56	0.003
691.74	0.003
691.93	0.002
692.12	0.002
692.31	0.002
692.50	0.002
692.68	0.002
692.87	0.002
693.06	0.002
693.25	0.002
693.43	0.002
693.62	0.002
693.81	0.002
694.00	0.002
694.18	0.002
694.37	0.002
694.56	0.002
694.74	0.002
694.93	0.002
695.12	0.003
695.31	0.003
695.49	0.003
695.68	0.002
695.87	0.002
696.06	0.002
696.24	0.003
696.43	0.002
696.62	0.002
696.80	0.002
696.99	0.002
697.18	0.002
697.37	0.002
697.55	0.002
697.74	0.002
697.93	0.002
698.12	0.003
698.30	0.003
698.49	0.003
698.68	0.003
698.86	0.003
699.05	0.003
699.24	0.003
699.42	0.003
699.61	0.002
699.80	0.002
699.99	0.002
700.17	0.002
700.36	0.002
700.55	0.002
700.73	0.002
700.92	0.002
701.11	0.002
701.29	0.002
701.48	0.003
701.67	0.003
701.85	0.003
702.04	0.003
702.23	0.004
702.41	0.003
702.60	0.003
702.79	0.003
702.97	0.003
703.16	0.003
703.35	0.002
703.53	0.002
703.72	0.002
703.91	0.002
704.09	0.002
704.28	0.002
704.47	0.002
704.65	0.002
704.84	0.002
705.03	0.002
705.21	0.002
705.40	0.002
705.59	0.002
705.77	0.001
705.96	0.001
706.15	0.002
706.33	0.002
706.52	0.002
706.71	0.002
706.89	0.002
707.08	0.002
707.26	0.002
707.45	0.002
707.64	0.002
707.82	0.002
708.01	0.002
708.20	0.002
708.38	0.002
708.57	0.002
708.75	0.002
708.94	0.002
709.13	0.002
709.31	0.002
709.50	0.003
709.69	0.003
709.87	0.003
710.06	0.003
710.24	0.003
710.43	0.003
710.62	0.003
710.80	0.003
710.99	0.003
711.17	0.003
711.36	0.003
711.55	0.003
711.73	0.003
711.92	0.003
712.10	0.003
712.29	0.003
712.48	0.003
712.66	0.003
712.85	0.003
713.03	0.003
713.22	0.003
713.40	0.003
713.59	0.003
713.78	0.003
713.96	0.003
714.15	0.003
714.33	0.003
714.52	0.002
714.71	0.002
714.89	0.002
715.08	0.002
715.26	0.002
715.45	0.002
715.63	0.002
715.82	0.002
716.00	0.002
716.19	0.002
716.38	0.002
716.56	0.003
716.75	0.003
716.93	0.003
717.12	0.003
717.30	0.003
717.49	0.003
717.67	0.003
717.86	0.003
718.05	0.003
718.23	0.003
718.42	0.002
718.60	0.002
718.79	0.002
718.97	0.002
719.16	0.002
719.34	0.002
719.53	0.001
719.71	0.001
719.90	0.002
720.08	0.002
720.27	0.002
720.45	0.002
720.64	0.003
720.83	0.003
721.01	0.003
721.20	0.003
721.38	0.003
721.57	0.003
721.75	0.003
721.94	0.003
722.12	0.003
722.31	0.003
722.49	0.003
722.68	0.003
722.86	0.003
723.05	0.003
723.23	0.003
723.42	0.003
723.60	0.004
723.79	0.004
723.97	0.004
724.16	0.003
724.34	0.004
724.53	0.004
724.71	0.003
724.90	0.003
725.08	0.003
725.27	0.002
725.45	0.002
725.64	0.002
725.82	0.002
726.00	0.002
726.19	0.002
726.37	0.002
726.56	0.002
726.74	0.002
726.93	0.002
727.11	0.002
727.30	0.002
727.48	0.002
727.67	0.002
727.85	0.002
728.04	0.002
728.22	0.002
728.40	0.002
728.59	0.002
728.77	0.002
728.96	0.002
729.14	0.002
729.33	0.002
729.51	0.002
729.70	0.002
729.88	0.002
730.07	0.003
730.25	0.003
730.43	0.003
730.62	0.003
730.80	0.003
730.99	0.003
731.17	0.003
731.36	0.003
731.54	0.003
731.72	0.003
731.91	0.002
732.09	0.002
732.28	0.003
732.46	0.003
732.65	0.003
732.83	0.003
733.01	0.003
733.20	0.003
733.38	0.003
733.57	0.003
733.75	0.004
733.93	0.004
734.12	0.003
734.30	0.004
734.49	0.004
734.67	0.003
734.85	0.003
735.04	0.003
735.22	0.003
735.41	0.003
735.59	0.003
735.77	0.003
735.96	0.003
736.14	0.003
736.33	0.003
736.51	0.003
736.69	0.003
736.88	0.003
737.06	0.003
737.25	0.003
737.43	0.003
737.61	0.002
737.80	0.002
737.98	0.002
738.16	0.002
738.35	0.002
738.53	0.002
738.71	0.002
738.90	0.002
739.08	0.002
739.27	0.002
739.45	0.003
739.63	0.003
739.82	0.003
740.00	0.002
740.18	0.003
740.37	0.003
740.55	0.003
740.73	0.003
740.92	0.003
741.10	0.003
741.28	0.003
741.47	0.003
741.65	0.003
741.83	0.003
742.02	0.003
742.20	0.003
742.38	0.002
742.57	0.002
742.75	0.002
742.93	0.002
743.12	0.001
743.30	0.002
743.48	0.002
743.67	0.002
743.85	0.002
744.03	0.002
744.22	0.002
744.40	0.001
744.58	0.001
744.77	0.001
744.95	0.001
745.13	0.001
745.32	0.002
745.50	0.001
745.68	0.002
745.87	0.002
746.05	0.002
746.23	0.002
746.41	0.002
746.60	0.002
746.78	0.002
746.96	0.002
747.15	0.002
747.33	0.002
747.51	0.002
747.70	0.002
747.88	0.002
748.06	0.002
748.24	0.002
748.43	0.002
748.61	0.002
748.79	0.002
748.97	0.002
749.16	0.002
749.34	0.002
749.52	0.002
749.71	0.002
749.89	0.002
750.07	0.002
750.25	0.001
750.44	0.001
750.62	0.001
750.80	0.001
750.98	0.002
751.17	0.002
751.35	0.002
751.53	0.002
751.71	0.003
751.90	0.003
752.08	0.003
752.26	0.003
752.44	0.003
752.63	0.003
752.81	0.003
752.99	0.003
753.17	0.003
753.36	0.003
753.54	0.002
753.72	0.002
753.90	0.002
754.09	0.002
754.27	0.003
754.45	0.003
754.63	0.002
754.82	0.002
755.00	0.002
755.18	0.002
755.36	0.003
755.54	0.003
755.73	0.003
755.91	0.003
756.09	0.003
756.27	0.003
756.45	0.003
756.64	0.004
756.82	0.003
757.00	0.003
757.18	0.003
757.37	0.002
757.55	0.002
757.73	0.002
757.91	0.002
758.09	0.002
758.27	0.002
758.46	0.002
758.64	0.003
758.82	0.003
759.00	0.003
759.18	0.003
759.37	0.004
759.55	0.004
759.73	0.003
759.91	0.003
760.09	0.003
760.28	0.004
760.46	0.004
760.64	0.003
760.82	0.003
761.00	0.003
761.18	0.003
761.37	0.003
761.55	0.003
761.73	0.003
761.91	0.003
762.09	0.003
762.27	0.003
762.46	0.004
762.64	0.003
762.82	0.003
763.00	0.003
763.18	0.003
763.36	0.003
763.54	0.003
763.73	0.003
763.91	0.003
764.09	0.003
764.27	0.003
764.45	0.003
764.63	0.004
764.81	0.004
765.00	0.003
765.18	0.003
765.36	0.004
765.54	0.004
765.72	0.004
765.90	0.004
766.08	0.004
766.27	0.004
766.45	0.003
766.63	0.003
766.81	0.003
766.99	0.003
767.17	0.002
767.35	0.003
767.53	0.003
767.71	0.002
767.90	0.003
768.08	0.003
768.26	0.003
768.44	0.004
768.62	0.004
768.80	0.004
768.98	0.004
769.16	0.004
769.34	0.004
769.52	0.004
769.71	0.004
769.89	0.004
770.07	0.004
770.25	0.004
770.43	0.004
770.61	0.004
770.79	0.004
770.97	0.004
771.15	0.004
771.33	0.004
771.51	0.004
771.69	0.004
771.88	0.004
772.06	0.004
772.24	0.003
772.42	0.003
772.60	0.003
772.78	0.003
772.96	0.003
773.14	0.003
773.32	0.003
773.50	0.003
773.68	0.003
773.86	0.003
774.04	0.003
774.22	0.003
774.40	0.003
774.58	0.003
774.77	0.003
774.95	0.003
775.13	0.002
775.31	0.002
775.49	0.002
775.67	0.002
775.85	0.002
776.03	0.002
776.21	0.002
776.39	0.002
776.57	0.002
776.75	0.002
776.93	0.002
777.11	0.002
777.29	0.002
777.47	0.002
777.65	0.002
777.83	0.002
778.01	0.003
778.19	0.003
778.37	0.003
778.55	0.003
778.73	0.003
778.91	0.003
779.09	0.003
779.27	0.003
779.45	0.003
779.63	0.002
779.81	0.002
779.99	0.002
780.17	0.002
780.35	0.002
780.53	0.002
780.71	0.002
780.89	0.002
781.07	0.002
781.25	0.002
781.43	0.003
781.61	0.003
781.79	0.003
781.97	0.003
782.15	0.003
782.33	0.003
782.51	0.003
782.69	0.004
782.87	0.004
783.05	0.004
783.23	0.004
783.41	0.003
783.59	0.003
783.77	0.003
783.95	0.003
784.13	0.003
784.31	0.003
784.49	0.003
784.67	0.003
784.85	0.003
785.03	0.003
785.21	0.003
785.38	0.003
785.56	0.003
785.74	0.003
785.92	0.003
786.10	0.003
786.28	0.003
786.46	0.003
786.64	0.002
786.82	0.002
787.00	0.003
787.18	0.003
787.36	0.003
787.54	0.004
787.72	0.003
787.90	0.004
788.08	0.003
788.25	0.004
788.43	0.004
788.61	0.004
788.79	0.004
788.97	0.004
789.15	0.003
789.33	0.004
789.51	0.004
789.69	0.004
789.87	0.004
790.05	0.004
790.23	0.004
790.40	0.004
790.58	0.004
790.76	0.004
790.94	0.004
791.12	0.004
791.30	0.004
791.48	0.004
791.66	0.003
791.84	0.003
792.02	0.003
792.19	0.003
792.37	0.003
792.55	0.003
792.73	0.003
792.91	0.003
793.09	0.003
793.27	0.003
793.45	0.003
793.63	0.003
793.80	0.003
793.98	0.004
794.16	0.004
794.34	0.004
794.52	0.004
794.70	0.004
794.88	0.004
795.05	0.004
795.23	0.004
795.41	0.004
795.59	0.004
795.77	0.004
795.95	0.004
796.13	0.003
796.30	0.003
796.48	0.003
796.66	0.003
796.84	0.003
797.02	0.003
797.20	0.003
797.38	0.002
797.55	0.003
797.73	0.003
797.91	0.004
798.09	0.004
798.27	0.003
798.45	0.004
798.62	0.003
798.80	0.004
798.98	0.004
799.16	0.003
799.34	0.003
799.52	0.003
799.69	0.003
799.87	0.003
800.05	0.003
800.23	0.003
800.41	0.003
800.58	0.003
800.76	0.003
800.94	0.003
801.12	0.003
801.30	0.003
801.47	0.004
801.65	0.004
801.83	0.003
802.01	0.004
802.19	0.003
802.36	0.003
802.54	0.003
802.72	0.003
802.90	0.003
803.08	0.002
803.25	0.003
803.43	0.003
803.61	0.002
803.79	0.003
803.97	0.003
804.14	0.002
804.32	0.003
804.50	0.003
804.68	0.003
804.85	0.003
805.03	0.003
805.21	0.003
805.39	0.003
805.56	0.004
805.74	0.004
805.92	0.003
806.10	0.004
806.28	0.004
806.45	0.004
806.63	0.004
806.81	0.004
806.99	0.004
807.16	0.005
807.34	0.005
807.52	0.004
807.70	0.005
807.87	0.004
808.05	0.004
808.23	0.004
808.41	0.004
808.58	0.004
808.76	0.004
808.94	0.004
809.11	0.004
809.29	0.004
809.47	0.004
809.65	0.004
809.82	0.004
810.00	0.003
810.18	0.003
810.36	0.003
810.53	0.004
810.71	0.004
810.89	0.004
811.06	0.004
811.24	0.004
811.42	0.004
811.60	0.005
811.77	0.005
811.95	0.005
812.13	0.004
812.30	0.004
812.48	0.004
812.66	0.005
812.83	0.005
813.01	0.004
813.19	0.004
813.37	0.003
813.54	0.004
813.72	0.004
813.90	0.004
814.07	0.004
814.25	0.004
814.43	0.003
814.60	0.003
814.78	0.003
814.96	0.004
815.13	0.003
815.31	0.003
815.49	0.002
815.66	0.002
815.84	0.002
816.02	0.002
816.19	0.002
816.37	0.002
816.55	0.002
816.72	0.003
816.90	0.003
817.08	0.003
817.25	0.003
817.43	0.004
817.61	0.004
817.78	0.004
817.96	0.004
818.14	0.004
818.31	0.004
818.49	0.003
818.67	0.004
818.84	0.004
819.02	0.003
819.19	0.003
819.37	0.003
819.55	0.003
819.72	0.003
819.90	0.003
820.08	0.003
820.25	0.003
820.43	0.003
820.60	0.004
820.78	0.004
820.96	0.004
821.13	0.004
821.31	0.004
821.49	0.004
821.66	0.004
821.84	0.004
822.01	0.004
822.19	0.004
822.37	0.004
822.54	0.004
822.72	0.004
822.89	0.004
823.07	0.004
823.25	0.003
823.42	0.003
823.60	0.003
823.77	0.003
823.95	0.003
824.13	0.003
824.30	0.002
824.48	0.002
824.65	0.002
824.83	0.003
825.01	0.002
825.18	0.003
825.36	0.003
825.53	0.003
825.71	0.003
825.88	0.004
826.06	0.004
826.24	0.004
826.41	0.004
826.59	0.004
826.76	0.004
826.94	0.004
827.11	0.004
827.29	0.004
827.47	0.003
827.64	0.003
827.82	0.004
827.99	0.003
828.17	0.003
828.34	0.003
828.52	0.003
828.69	0.003
828.87	0.003
829.04	0.002
829.22	0.003
829.40	0.003
829.57	0.003
829.75	0.003
829.92	0.004
830.10	0.004
830.27	0.004
830.45	0.003
830.62	0.004
830.80	0.003
830.97	0.003
831.15	0.003
831.32	0.003
831.50	0.003
831.67	0.002
831.85	0.003
832.02	0.004
832.20	0.004
832.37	0.004
832.55	0.003
832.73	0.004
832.90	0.003
833.08	0.004
833.25	0.004
833.43	0.003
833.60	0.003
833.78	0.004
833.95	0.004
834.13	0.004
834.30	0.004
834.48	0.004
834.65	0.004
834.82	0.004
835.00	0.004
835.17	0.003
835.35	0.003
835.52	0.003
835.70	0.003
835.87	0.003
836.05	0.003
836.22	0.003
836.40	0.003
836.57	0.002
836.75	0.003
836.92	0.003
837.10	0.003
837.27	0.003
837.45	0.003
837.62	0.003
837.80	0.002
837.97	0.002
838.14	0.003
838.32	0.002
838.49	0.002
838.67	0.002
838.84	0.001
839.02	0.002
839.19	0.002
839.37	0.002
839.54	0.003
839.71	0.003
839.89	0.003
840.06	0.003
840.24	0.004
840.41	0.004
840.59	0.004
840.76	0.004
840.94	0.004
841.11	0.004
841.28	0.003
841.46	0.003
841.63	0.003
841.81	0.003
841.98	0.003
842.15	0.003
842.33	0.003
842.50	0.003
842.68	0.004
842.85	0.004
843.03	0.004
843.20	0.004
843.37	0.004
843.55	0.004
843.72	0.005
843.90	0.005
844.07	0.004
844.24	0.004
844.42	0.003
844.59	0.003
844.77	0.003
844.94	0.002
845.11	0.003
845.29	0.003
845.46	0.003
845.63	0.003
845.81	0.003
845.98	0.003
846.16	0.003
846.33	0.003
846.50	0.004
846.68	0.003
846.85	0.003
847.02	0.003
847.20	0.004
847.37	0.004
847.55	0.004
847.72	0.004
847.89	0.004
848.07	0.003
848.24	0.003
848.41	0.003
848.59	0.003
848.76	0.003
848.93	0.003
849.11	0.003
849.28	0.004
849.45	0.004
849.63	0.004
849.80	0.004
849.97	0.004
850.15	0.004
850.32	0.005
850.49	0.004
850.67	0.004
850.84	0.003
851.01	0.004
851.19	0.004
851.36	0.004
851.53	0.004
851.71	0.004
851.88	0.003
852.05	0.003
852.23	0.003
852.40	0.003
852.57	0.003
852.75	0.003
852.92	0.003
853.09	0.003
853.27	0.003
853.44	0.003
853.61	0.004
853.79	0.004
853.96	0.004
854.13	0.005
854.30	0.005
854.48	0.005
854.65	0.005
854.82	0.005
855.00	0.004
855.17	0.004
855.34	0.004
855.51	0.005
855.69	0.005
855.86	0.005
856.03	0.006
856.21	0.005
856.38	0.005
856.55	0.005
856.72	0.006
856.90	0.005
857.07	0.005
857.24	0.005
857.42	0.004
857.59	0.004
857.76	0.005
857.93	0.005
858.11	0.005
858.28	0.005
858.45	0.005
858.62	0.005
858.80	0.005
858.97	0.005
859.14	0.006
859.31	0.006
859.49	0.007
859.66	0.006
859.83	0.006
860.00	0.007
860.18	0.007
860.35	0.007
860.52	0.006
860.69	0.005
860.86	0.005
861.04	0.005
861.21	0.006
861.38	0.005
861.55	0.005
861.73	0.005
861.90	0.005
862.07	0.005
862.24	0.006
862.42	0.005
862.59	0.005
862.76	0.005
862.93	0.005
863.10	0.005
863.28	0.005
863.45	0.005
863.62	0.005
863.79	0.006
863.96	0.006
864.14	0.007
864.31	0.007
864.48	0.007
864.65	0.007
864.82	0.008
865.00	0.008
865.17	0.008
865.34	0.009
865.51	0.009
865.68	0.008
865.86	0.009
866.03	0.009
866.20	0.010
866.37	0.009
866.54	0.009
866.71	0.008
866.89	0.008
867.06	0.008
867.23	0.008
867.40	0.009
867.57	0.008
867.74	0.008
867.92	0.008
868.09	0.008
868.26	0.008
868.43	0.008
868.60	0.008
868.77	0.008
868.95	0.009
869.12	0.009
869.29	0.008
869.46	0.009
869.63	0.009
869.80	0.010
869.97	0.010
870.15	0.010
870.32	0.009
870.49	0.010
870.66	0.010
870.83	0.010
871.00	0.011
871.17	0.010
871.34	0.011
871.52	0.011
871.69	0.011
871.86	0.011
872.03	0.011
872.20	0.011
872.37	0.011
872.54	0.011
872.71	0.011
872.89	0.010
873.06	0.010
873.23	0.011
873.40	0.011
873.57	0.010
873.74	0.010
873.91	0.010
874.08	0.010
874.25	0.010
874.42	0.010
874.60	0.011
874.77	0.011
874.94	0.010
875.11	0.010
875.28	0.010
875.45	0.011
875.62	0.012
875.79	0.012
875.96	0.011
876.13	0.011
876.30	0.011
876.47	0.012
876.65	0.013
876.82	0.012
876.99	0.012
877.16	0.011
877.33	0.012
877.50	0.012
877.67	0.012
877.84	0.013
878.01	0.013
878.18	0.012
878.35	0.012
878.52	0.012
878.69	0.013
878.86	0.012
879.03	0.012
879.20	0.012
879.38	0.012
879.55	0.013
879.72	0.014
879.89	0.013
880.06	0.013
880.23	0.013
880.40	0.013
880.57	0.014
880.74	0.014
880.91	0.014
881.08	0.014
881.25	0.014
881.42	0.014
881.59	0.013
881.76	0.013
881.93	0.013
882.10	0.012
882.27	0.012
882.44	0.012
882.61	0.011
882.78	0.011
882.95	0.012
883.12	0.012
883.29	0.013
883.46	0.013
883.63	0.013
883.80	0.013
883.97	0.014
884.14	0.014
884.31	0.014
884.48	0.013
884.65	0.012
884.82	0.011
884.99	0.011
885.16	0.012
885.33	0.011
885.50	0.011
885.67	0.011
885.84	0.011
886.01	0.012
886.18	0.013
886.35	0.013
886.52	0.014
886.69	0.015
886.86	0.016
887.03	0.016
887.20	0.017
887.37	0.016
887.54	0.015
887.71	0.016
887.88	0.017
888.05	0.015
888.22	0.015
888.39	0.014
888.55	0.014
888.72	0.013
888.89	0.015
889.06	0.015
889.23	0.015
889.40	0.014
889.57	0.014
889.74	0.014
889.91	0.014
890.08	0.013
890.25	0.014
890.42	0.013
890.59	0.014
890.76	0.013
890.93	0.014
891.10	0.014
891.26	0.013
891.43	0.012
891.60	0.013
891.77	0.012
891.94	0.012
892.11	0.011
892.28	0.012
892.45	0.011
892.62	0.011
892.79	0.012
892.96	0.013
893.13	0.014
893.29	0.015
893.46	0.014
893.63	0.015
893.80	0.015
893.97	0.016
894.14	0.017
894.31	0.017
894.48	0.022
894.65	0.021
894.81	0.018
894.98	0.013
