177.34	1.776
177.56	1.776
177.78	1.776
178.00	-0.000
178.22	-0.203
178.44	-0.201
178.66	-0.000
178.89	-0.000
179.11	-0.000
179.33	-0.000
179.55	-0.000
179.77	0.558
179.99	-0.000
180.21	0.401
180.43	-0.194
180.65	0.261
180.87	0.211
181.09	0.288
181.31	0.200
181.53	0.269
181.75	0.268
181.97	0.283
182.19	0.290
182.41	0.261
182.63	0.258
182.85	0.278
183.07	0.292
183.30	0.347
183.52	0.354
183.74	0.411
183.96	0.423
184.18	0.416
184.40	0.465
184.62	0.470
184.84	0.524
185.06	0.510
185.28	0.459
185.50	0.488
185.72	0.485
185.94	0.525
186.16	0.547
186.38	0.533
186.60	0.545
186.82	0.550
187.04	0.571
187.26	0.630
187.48	0.629
187.70	0.638
187.92	0.664
188.14	0.693
188.36	0.741
188.58	0.810
188.80	0.830
189.02	0.880
189.24	0.888
189.46	0.944
189.68	0.949
189.90	0.958
190.12	1.008
190.34	1.013
190.56	1.044
190.78	1.052
191.00	1.080
191.22	1.073
191.44	1.053
191.66	1.112
191.88	1.151
192.10	1.149
192.32	1.158
192.54	1.145
192.76	1.191
192.98	1.185
193.20	1.198
193.42	1.232
193.64	1.228
193.86	1.197
194.08	1.188
194.30	1.204
194.52	1.214
194.74	1.205
194.96	1.221
195.18	1.245
195.40	1.268
195.62	1.281
195.84	1.355
196.06	1.364
196.28	1.359
196.50	1.344
196.72	1.344
196.94	1.364
197.16	1.358
197.38	1.342
197.60	1.357
197.82	1.330
198.04	1.337
198.26	1.375
198.48	1.413
198.70	1.391
198.92	1.388
199.13	1.425
199.35	1.407
199.57	1.399
199.79	1.410
200.01	1.435
200.23	1.424
200.45	1.418
200.67	1.469
200.89	1.452
201.11	1.436
201.33	1.476
201.55	1.479
201.77	1.467
201.99	1.461
202.21	1.471
202.43	1.478
202.65	1.488
202.87	1.497
203.09	1.511
203.31	1.524
203.52	1.553
203.74	1.574
203.96	1.593
204.18	1.586
204.40	1.599
204.62	1.589
204.84	1.622
205.06	1.615
205.28	1.623
205.50	1.611
205.72	1.622
205.94	1.642
206.16	1.670
206.38	1.673
206.59	1.671
206.81	1.655
207.03	1.687
207.25	1.680
207.47	1.687
207.69	1.693
207.91	1.688
208.13	1.700
208.35	1.718
208.57	1.730
208.79	1.738
209.01	1.723
209.22	1.735
209.44	1.729
209.66	1.738
209.88	1.734
210.10	1.739
210.32	1.739
210.54	1.752
210.76	1.750
210.98	1.768
211.20	1.760
211.42	1.778
211.63	1.779
211.85	1.787
212.07	1.770
212.29	1.761
212.51	1.742
212.73	1.750
212.95	1.760
213.17	1.768
213.39	1.766
213.60	1.764
213.82	1.763
214.04	1.748
214.26	1.750
214.48	1.768
214.70	1.774
214.92	1.778
215.14	1.784
215.35	1.794
215.57	1.789
215.79	1.791
216.01	1.807
216.23	1.824
216.45	1.826
216.67	1.846
216.89	1.846
217.10	1.845
217.32	1.841
217.54	1.868
217.76	1.861
217.98	1.876
218.20	1.860
218.42	1.868
218.64	1.863
218.85	1.859
219.07	1.860
219.29	1.850
219.51	1.837
219.73	1.841
219.95	1.831
220.17	1.836
220.38	1.828
220.60	1.803
220.82	1.786
221.04	1.778
221.26	1.772
221.48	1.761
221.69	1.756
221.91	1.740
222.13	1.720
222.35	1.702
222.57	1.699
222.79	1.686
223.00	1.671
223.22	1.652
223.44	1.633
223.66	1.616
223.88	1.592
224.10	1.578
224.32	1.558
224.53	1.535
224.75	1.519
224.97	1.496
225.19	1.471
225.41	1.453
225.62	1.427
225.84	1.406
226.06	1.384
226.28	1.363
226.50	1.343
226.72	1.320
226.93	1.301
227.15	1.282
227.37	1.262
227.59	1.245
227.81	1.226
228.02	1.207
228.24	1.190
228.46	1.171
228.68	1.153
228.90	1.133
229.12	1.114
229.33	1.094
229.55	1.077
229.77	1.059
229.99	1.041
230.21	1.022
230.42	1.004
230.64	0.986
230.86	0.970
231.08	0.954
231.30	0.939
231.51	0.922
231.73	0.907
231.95	0.891
232.17	0.876
232.38	0.860
232.60	0.845
232.82	0.831
233.04	0.816
233.26	0.803
233.47	0.789
233.69	0.775
233.91	0.762
234.13	0.749
234.35	0.737
234.56	0.724
234.78	0.711
235.00	0.699
235.22	0.686
235.43	0.675
235.65	0.664
235.87	0.652
236.09	0.641
236.30	0.628
236.52	0.618
236.74	0.608
236.96	0.599
237.18	0.589
237.39	0.579
237.61	0.569
237.83	0.559
238.05	0.550
238.26	0.541
238.48	0.531
238.70	0.522
238.92	0.513
239.13	0.504
239.35	0.494
239.57	0.486
239.79	0.479
240.00	0.470
240.22	0.462
240.44	0.455
240.66	0.447
240.87	0.440
241.09	0.433
241.31	0.427
241.53	0.420
241.74	0.413
241.96	0.407
242.18	0.402
242.40	0.396
242.61	0.391
242.83	0.385
243.05	0.380
243.27	0.375
243.48	0.370
243.70	0.365
243.92	0.360
244.13	0.355
244.35	0.351
244.57	0.346
244.79	0.342
245.00	0.338
245.22	0.334
245.44	0.331
245.65	0.327
245.87	0.324
246.09	0.321
246.31	0.318
246.52	0.315
246.74	0.312
246.96	0.309
247.18	0.306
247.39	0.303
247.61	0.301
247.83	0.298
248.04	0.295
248.26	0.293
248.48	0.291
248.69	0.288
248.91	0.286
249.13	0.284
249.35	0.282
249.56	0.280
249.78	0.277
250.00	0.275
250.21	0.274
250.43	0.272
250.65	0.271
250.86	0.269
251.08	0.267
251.30	0.265
251.51	0.264
251.73	0.262
251.95	0.261
252.17	0.259
252.38	0.257
252.60	0.256
252.82	0.254
253.03	0.252
253.25	0.251
253.47	0.250
253.68	0.249
253.90	0.247
254.12	0.246
254.33	0.245
254.55	0.244
254.77	0.243
254.98	0.242
255.20	0.241
255.42	0.240
255.63	0.239
255.85	0.238
256.07	0.237
256.28	0.236
256.50	0.235
256.72	0.234
256.93	0.233
257.15	0.232
257.37	0.231
257.58	0.230
257.80	0.229
258.02	0.229
258.23	0.228
258.45	0.227
258.67	0.227
258.88	0.226
259.10	0.225
259.32	0.225
259.53	0.224
259.75	0.223
259.96	0.222
260.18	0.221
260.40	0.220
260.61	0.220
260.83	0.219
261.05	0.219
261.26	0.218
261.48	0.218
261.70	0.218
261.91	0.217
262.13	0.216
262.34	0.216
262.56	0.215
262.78	0.215
262.99	0.214
263.21	0.213
263.43	0.213
263.64	0.212
263.86	0.211
264.07	0.210
264.29	0.210
264.51	0.209
264.72	0.209
264.94	0.208
265.16	0.208
265.37	0.207
265.59	0.207
265.80	0.207
266.02	0.206
266.24	0.206
266.45	0.205
266.67	0.204
266.88	0.204
267.10	0.204
267.32	0.203
267.53	0.203
267.75	0.202
267.96	0.202
268.18	0.201
268.40	0.201
268.61	0.201
268.83	0.200
269.04	0.200
269.26	0.199
269.48	0.199
269.69	0.198
269.91	0.197
270.12	0.197
270.34	0.196
270.56	0.196
270.77	0.195
270.99	0.194
271.20	0.193
271.42	0.193
271.64	0.192
271.85	0.192
272.07	0.191
272.28	0.190
272.50	0.190
272.71	0.188
272.93	0.188
273.15	0.188
273.36	0.187
273.58	0.186
273.79	0.185
274.01	0.184
274.22	0.183
274.44	0.182
274.66	0.182
274.87	0.181
275.09	0.180
275.30	0.179
275.52	0.179
275.73	0.178
275.95	0.178
276.16	0.177
276.38	0.176
276.60	0.176
276.81	0.176
277.03	0.175
277.24	0.175
277.46	0.174
277.67	0.174
277.89	0.173
278.10	0.172
278.32	0.171
278.53	0.170
278.75	0.169
278.97	0.168
279.18	0.167
279.40	0.166
279.61	0.164
279.83	0.163
280.04	0.163
280.26	0.162
280.47	0.161
280.69	0.160
280.90	0.159
281.12	0.159
281.33	0.158
281.55	0.157
281.76	0.156
281.98	0.155
282.20	0.154
282.41	0.153
282.63	0.152
282.84	0.151
283.06	0.151
283.27	0.150
283.49	0.149
283.70	0.149
283.92	0.148
284.13	0.148
284.35	0.147
284.56	0.147
284.78	0.146
284.99	0.145
285.21	0.144
285.42	0.143
285.64	0.142
285.85	0.142
286.07	0.141
286.28	0.140
286.50	0.139
286.71	0.138
286.93	0.137
287.14	0.137
287.36	0.136
287.57	0.135
287.79	0.134
288.00	0.134
288.22	0.133
288.43	0.133
288.65	0.132
288.86	0.132
289.08	0.131
289.29	0.131
289.51	0.131
289.72	0.130
289.94	0.130
290.15	0.129
290.37	0.129
290.58	0.129
290.80	0.128
291.01	0.127
291.22	0.126
291.44	0.125
291.65	0.125
291.87	0.124
292.08	0.124
292.30	0.124
292.51	0.123
292.73	0.122
292.94	0.123
293.16	0.122
293.37	0.122
293.59	0.121
293.80	0.121
294.02	0.120
294.23	0.119
294.44	0.119
294.66	0.118
294.87	0.118
295.09	0.117
295.30	0.117
295.52	0.116
295.73	0.116
295.95	0.116
296.16	0.116
296.37	0.115
296.59	0.115
296.80	0.114
297.02	0.114
297.23	0.113
297.45	0.113
297.66	0.112
297.88	0.112
298.09	0.111
298.30	0.111
298.52	0.111
298.73	0.110
298.95	0.110
299.16	0.109
299.38	0.109
299.59	0.108
299.80	0.108
300.02	0.108
300.23	0.107
300.45	0.107
300.66	0.106
300.88	0.106
301.09	0.106
301.30	0.105
301.52	0.105
301.73	0.105
301.95	0.104
302.16	0.104
302.37	0.103
302.59	0.103
302.80	0.103
303.02	0.102
303.23	0.102
303.45	0.102
303.66	0.101
303.87	0.101
304.09	0.100
304.30	0.100
304.52	0.100
304.73	0.099
304.94	0.099
305.16	0.098
305.37	0.098
305.59	0.097
305.80	0.097
306.01	0.096
306.23	0.095
306.44	0.095
306.65	0.094
306.87	0.094
307.08	0.094
307.30	0.094
307.51	0.094
307.72	0.094
307.94	0.095
308.15	0.095
308.37	0.096
308.58	0.096
308.79	0.096
309.01	0.096
309.22	0.096
309.43	0.095
309.65	0.095
309.86	0.094
310.07	0.093
310.29	0.092
310.50	0.091
310.72	0.090
310.93	0.089
311.14	0.088
311.36	0.088
311.57	0.087
311.78	0.086
312.00	0.086
312.21	0.086
312.42	0.085
312.64	0.086
312.85	0.085
313.07	0.085
313.28	0.085
313.49	0.084
313.71	0.084
313.92	0.084
314.13	0.084
314.35	0.083
314.56	0.083
314.77	0.083
314.99	0.082
315.20	0.082
315.41	0.082
315.63	0.082
315.84	0.082
316.05	0.081
316.27	0.081
316.48	0.081
316.69	0.080
316.91	0.080
317.12	0.080
317.33	0.079
317.55	0.079
317.76	0.079
317.97	0.079
318.19	0.078
318.40	0.078
318.61	0.078
318.83	0.077
319.04	0.077
319.25	0.077
319.47	0.077
319.68	0.077
319.89	0.077
320.10	0.077
320.32	0.077
320.53	0.077
320.74	0.077
320.96	0.077
321.17	0.077
321.38	0.076
321.60	0.076
321.81	0.076
322.02	0.075
322.24	0.075
322.45	0.075
322.66	0.074
322.87	0.073
323.09	0.073
323.30	0.072
323.51	0.072
323.73	0.072
323.94	0.072
324.15	0.072
324.36	0.072
324.58	0.072
324.79	0.072
325.00	0.071
325.22	0.072
325.43	0.071
325.64	0.071
325.85	0.071
326.07	0.071
326.28	0.070
326.49	0.070
326.71	0.070
326.92	0.070
327.13	0.070
327.34	0.070
327.56	0.070
327.77	0.070
327.98	0.070
328.19	0.070
328.41	0.069
328.62	0.069
328.83	0.069
329.04	0.069
329.26	0.069
329.47	0.069
329.68	0.069
329.90	0.069
330.11	0.068
330.32	0.068
330.53	0.068
330.75	0.068
330.96	0.068
331.17	0.067
331.38	0.067
331.60	0.067
331.81	0.066
332.02	0.066
332.23	0.066
332.44	0.066
332.66	0.066
332.87	0.065
333.08	0.065
333.29	0.065
333.51	0.066
333.72	0.066
333.93	0.065
334.14	0.065
334.36	0.065
334.57	0.064
334.78	0.064
334.99	0.064
335.21	0.064
335.42	0.063
335.63	0.063
335.84	0.063
336.05	0.063
336.27	0.063
336.48	0.063
336.69	0.063
336.90	0.063
337.11	0.063
337.33	0.063
337.54	0.062
337.75	0.062
337.96	0.062
338.18	0.061
338.39	0.061
338.60	0.062
338.81	0.061
339.02	0.061
339.24	0.061
339.45	0.061
339.66	0.060
339.87	0.060
340.08	0.060
340.30	0.059
340.51	0.059
340.72	0.059
340.93	0.059
341.14	0.059
341.36	0.059
341.57	0.058
341.78	0.059
341.99	0.059
342.20	0.059
342.41	0.059
342.63	0.059
342.84	0.058
343.05	0.058
343.26	0.058
343.47	0.059
343.69	0.058
343.90	0.058
344.11	0.057
344.32	0.057
344.53	0.058
344.74	0.058
344.96	0.057
345.17	0.057
345.38	0.056
345.59	0.056
345.80	0.056
346.01	0.056
346.23	0.055
346.44	0.055
346.65	0.055
346.86	0.055
347.07	0.055
347.28	0.055
347.50	0.054
347.71	0.054
347.92	0.054
348.13	0.054
348.34	0.054
348.55	0.053
348.76	0.053
348.98	0.053
349.19	0.052
349.40	0.053
349.61	0.053
349.82	0.052
350.03	0.052
350.24	0.052
350.46	0.052
350.67	0.052
350.88	0.052
351.09	0.052
351.30	0.051
351.51	0.051
351.72	0.050
351.93	0.050
352.15	0.050
352.36	0.051
352.57	0.051
352.78	0.051
352.99	0.050
353.20	0.050
353.41	0.050
353.62	0.050
353.84	0.050
354.05	0.050
354.26	0.050
354.47	0.049
354.68	0.050
354.89	0.049
355.10	0.050
355.31	0.049
355.52	0.049
355.74	0.048
355.95	0.048
356.16	0.048
356.37	0.048
356.58	0.047
356.79	0.046
357.00	0.046
357.21	0.046
357.42	0.046
357.63	0.046
357.85	0.046
358.06	0.046
358.27	0.046
358.48	0.046
358.69	0.046
358.90	0.045
359.11	0.046
359.32	0.045
359.53	0.045
359.74	0.045
359.95	0.045
360.17	0.044
360.38	0.044
360.59	0.044
360.80	0.045
361.01	0.044
361.22	0.044
361.43	0.044
361.64	0.044
361.85	0.044
362.06	0.044
362.27	0.043
362.48	0.043
362.69	0.042
362.90	0.042
363.12	0.042
363.33	0.041
363.54	0.042
363.75	0.042
363.96	0.042
364.17	0.042
364.38	0.042
364.59	0.042
364.80	0.042
365.01	0.042
365.22	0.042
365.43	0.042
365.64	0.041
365.85	0.041
366.06	0.041
366.27	0.040
366.48	0.040
366.69	0.040
366.90	0.040
367.11	0.039
367.32	0.038
367.54	0.039
367.75	0.038
367.96	0.038
368.17	0.038
368.38	0.038
368.59	0.037
368.80	0.038
369.01	0.038
369.22	0.038
369.43	0.038
369.64	0.038
369.85	0.038
370.06	0.038
370.27	0.037
370.48	0.038
370.69	0.037
370.90	0.037
371.11	0.037
371.32	0.036
371.53	0.036
371.74	0.036
371.95	0.036
372.16	0.036
372.37	0.036
372.58	0.036
372.79	0.036
373.00	0.036
373.21	0.035
373.42	0.035
373.63	0.034
373.84	0.034
374.05	0.033
374.26	0.034
374.47	0.034
374.68	0.034
374.89	0.034
375.10	0.034
375.31	0.034
375.52	0.034
375.73	0.034
375.94	0.034
376.15	0.034
376.36	0.034
376.57	0.033
376.78	0.033
376.99	0.033
377.20	0.032
377.41	0.032
377.62	0.032
377.83	0.032
378.04	0.032
378.25	0.032
378.46	0.032
378.67	0.032
378.88	0.032
379.09	0.032
379.30	0.032
379.51	0.032
379.72	0.032
379.92	0.032
380.13	0.032
380.34	0.032
380.55	0.032
380.76	0.032
380.97	0.032
381.18	0.032
381.39	0.031
381.60	0.031
381.81	0.031
382.02	0.030
382.23	0.030
382.44	0.030
382.65	0.030
382.86	0.030
383.07	0.030
383.28	0.031
383.49	0.031
383.70	0.030
383.91	0.030
384.11	0.030
384.32	0.030
384.53	0.029
384.74	0.030
384.95	0.029
385.16	0.029
385.37	0.029
385.58	0.029
385.79	0.029
386.00	0.029
386.21	0.029
386.42	0.029
386.63	0.028
386.84	0.028
387.04	0.029
387.25	0.028
387.46	0.028
387.67	0.028
387.88	0.028
388.09	0.028
388.30	0.028
388.51	0.028
388.72	0.028
388.93	0.027
389.14	0.027
389.34	0.026
389.55	0.026
389.76	0.026
389.97	0.026
390.18	0.026
390.39	0.026
390.60	0.026
390.81	0.026
391.02	0.027
391.23	0.027
391.43	0.027
391.64	0.027
391.85	0.027
392.06	0.027
392.27	0.027
392.48	0.027
392.69	0.027
392.90	0.026
393.11	0.026
393.31	0.026
393.52	0.025
393.73	0.025
393.94	0.025
394.15	0.025
394.36	0.025
394.57	0.025
394.78	0.025
394.98	0.024
395.19	0.025
395.40	0.024
395.61	0.024
395.82	0.024
396.03	0.024
396.24	0.024
396.44	0.024
396.65	0.024
396.86	0.025
397.07	0.024
397.28	0.025
397.49	0.025
397.70	0.025
397.90	0.025
398.11	0.025
398.32	0.024
398.53	0.025
398.74	0.025
398.95	0.025
399.16	0.024
399.36	0.024
399.57	0.025
399.78	0.025
399.99	0.025
400.20	0.025
400.41	0.024
400.61	0.024
400.82	0.024
401.03	0.024
401.24	0.023
401.45	0.023
401.66	0.023
401.86	0.023
402.07	0.023
402.28	0.023
402.49	0.023
402.70	0.023
402.91	0.023
403.11	0.023
403.32	0.023
403.53	0.022
403.74	0.023
403.95	0.022
404.15	0.022
404.36	0.022
404.57	0.022
404.78	0.023
404.99	0.023
405.20	0.023
405.40	0.023
405.61	0.023
405.82	0.023
406.03	0.023
406.24	0.024
406.44	0.024
406.65	0.024
406.86	0.025
407.07	0.024
407.28	0.024
407.48	0.023
407.69	0.023
407.90	0.023
408.11	0.023
408.32	0.023
408.52	0.023
408.73	0.023
408.94	0.023
409.15	0.023
409.35	0.024
409.56	0.024
409.77	0.024
409.98	0.024
410.19	0.024
410.39	0.023
410.60	0.022
410.81	0.022
411.02	0.023
411.22	0.023
411.43	0.023
411.64	0.023
411.85	0.023
412.05	0.023
412.26	0.023
412.47	0.023
412.68	0.023
412.89	0.023
413.09	0.022
413.30	0.022
413.51	0.022
413.72	0.023
413.92	0.023
414.13	0.023
414.34	0.023
414.55	0.023
414.75	0.023
414.96	0.022
415.17	0.022
415.38	0.022
415.58	0.021
415.79	0.021
416.00	0.021
416.21	0.022
416.41	0.021
416.62	0.022
416.83	0.022
417.03	0.022
417.24	0.022
417.45	0.022
417.66	0.022
417.86	0.021
418.07	0.021
418.28	0.021
418.49	0.021
418.69	0.021
418.90	0.021
419.11	0.020
419.31	0.021
419.52	0.021
419.73	0.021
419.94	0.022
420.14	0.021
420.35	0.022
420.56	0.021
420.76	0.021
420.97	0.021
421.18	0.021
421.39	0.021
421.59	0.021
421.80	0.021
422.01	0.020
422.21	0.020
422.42	0.021
422.63	0.021
422.84	0.021
423.04	0.021
423.25	0.021
423.46	0.021
423.66	0.021
423.87	0.021
424.08	0.021
424.28	0.021
424.49	0.021
424.70	0.021
424.90	0.021
425.11	0.022
425.32	0.022
425.52	0.022
425.73	0.022
425.94	0.021
426.15	0.022
426.35	0.022
426.56	0.021
426.77	0.022
426.97	0.021
427.18	0.021
427.39	0.021
427.59	0.021
427.80	0.021
428.01	0.021
428.21	0.021
428.42	0.021
428.63	0.020
428.83	0.020
429.04	0.021
429.25	0.021
429.45	0.021
429.66	0.021
429.87	0.021
430.07	0.021
430.28	0.021
430.48	0.022
430.69	0.021
430.90	0.020
431.10	0.020
431.31	0.020
431.52	0.020
431.72	0.020
431.93	0.020
432.14	0.020
432.34	0.021
432.55	0.021
432.76	0.021
432.96	0.021
433.17	0.021
433.37	0.021
433.58	0.021
433.79	0.020
433.99	0.020
434.20	0.019
434.41	0.019
434.61	0.019
434.82	0.019
435.02	0.020
435.23	0.019
435.44	0.019
435.64	0.019
435.85	0.019
436.06	0.020
436.26	0.019
436.47	0.019
436.67	0.019
436.88	0.019
437.09	0.019
437.29	0.019
437.50	0.019
437.70	0.019
437.91	0.019
438.12	0.019
438.32	0.019
438.53	0.019
438.73	0.019
438.94	0.019
439.15	0.020
439.35	0.020
439.56	0.020
439.76	0.019
439.97	0.020
440.18	0.020
440.38	0.019
440.59	0.019
440.79	0.018
441.00	0.018
441.20	0.018
441.41	0.019
441.62	0.019
441.82	0.019
442.03	0.019
442.23	0.020
442.44	0.020
442.65	0.020
442.85	0.021
443.06	0.020
443.26	0.020
443.47	0.020
443.67	0.021
443.88	0.021
444.09	0.020
444.29	0.020
444.50	0.020
444.70	0.020
444.91	0.020
445.11	0.020
445.32	0.019
445.52	0.019
445.73	0.018
445.94	0.018
446.14	0.019
446.35	0.018
446.55	0.018
446.76	0.019
446.96	0.019
447.17	0.019
447.37	0.019
447.58	0.018
447.78	0.019
447.99	0.018
448.20	0.018
448.40	0.018
448.61	0.018
448.81	0.018
449.02	0.019
449.22	0.019
449.43	0.020
449.63	0.019
449.84	0.019
450.04	0.019
450.25	0.019
450.45	0.019
450.66	0.019
450.86	0.019
451.07	0.019
451.27	0.019
451.48	0.019
451.68	0.020
451.89	0.020
452.09	0.020
452.30	0.020
452.50	0.020
452.71	0.020
452.91	0.019
453.12	0.019
453.33	0.020
453.53	0.020
453.74	0.020
453.94	0.019
454.15	0.019
454.35	0.019
454.56	0.020
454.76	0.020
454.96	0.019
455.17	0.019
455.37	0.019
455.58	0.018
455.78	0.018
455.99	0.018
456.19	0.018
456.40	0.018
456.60	0.018
456.81	0.018
457.01	0.019
457.22	0.019
457.42	0.020
457.63	0.020
457.83	0.020
458.04	0.020
458.24	0.020
458.45	0.020
458.65	0.020
458.86	0.020
459.06	0.020
459.27	0.020
459.47	0.019
459.67	0.019
459.88	0.018
460.08	0.018
460.29	0.019
460.49	0.018
460.70	0.018
460.90	0.017
461.11	0.017
461.31	0.017
461.52	0.018
461.72	0.018
461.92	0.019
462.13	0.019
462.33	0.019
462.54	0.019
462.74	0.019
462.95	0.019
463.15	0.019
463.36	0.018
463.56	0.018
463.76	0.018
463.97	0.017
464.17	0.018
464.38	0.018
464.58	0.017
464.79	0.018
464.99	0.017
465.19	0.018
465.40	0.017
465.60	0.017
465.81	0.017
466.01	0.017
466.22	0.018
466.42	0.018
466.62	0.018
466.83	0.018
467.03	0.018
467.24	0.018
467.44	0.018
467.65	0.018
467.85	0.017
468.05	0.017
468.26	0.017
468.46	0.017
468.67	0.017
468.87	0.017
469.07	0.017
469.28	0.017
469.48	0.018
469.69	0.018
469.89	0.018
470.09	0.018
470.30	0.018
470.50	0.017
470.71	0.017
470.91	0.017
471.11	0.016
471.32	0.017
471.52	0.016
471.72	0.016
471.93	0.016
472.13	0.016
472.34	0.016
472.54	0.016
472.74	0.017
472.95	0.018
473.15	0.017
473.35	0.018
473.56	0.018
473.76	0.018
473.97	0.019
474.17	0.018
474.37	0.018
474.58	0.019
474.78	0.018
474.98	0.018
475.19	0.018
475.39	0.019
475.60	0.018
475.80	0.017
476.00	0.018
476.21	0.018
476.41	0.018
476.61	0.018
476.82	0.018
477.02	0.018
477.22	0.018
477.43	0.018
477.63	0.019
477.83	0.018
478.04	0.018
478.24	0.018
478.44	0.017
478.65	0.017
478.85	0.017
479.05	0.017
479.26	0.017
479.46	0.016
479.66	0.017
479.87	0.017
480.07	0.017
480.27	0.017
480.48	0.017
480.68	0.017
480.88	0.016
481.09	0.016
481.29	0.016
481.49	0.016
481.70	0.016
481.90	0.016
482.10	0.016
482.31	0.016
482.51	0.016
482.71	0.017
482.92	0.017
483.12	0.017
483.32	0.017
483.52	0.017
483.73	0.017
483.93	0.018
484.13	0.018
484.34	0.018
484.54	0.016
484.74	0.016
484.95	0.016
485.15	0.016
485.35	0.016
485.55	0.015
485.76	0.016
485.96	0.015
486.16	0.016
486.37	0.016
486.57	0.016
486.77	0.017
486.97	0.017
487.18	0.017
487.38	0.017
487.58	0.017
487.79	0.018
487.99	0.017
488.19	0.018
488.39	0.018
488.60	0.018
488.80	0.018
489.00	0.017
489.20	0.017
489.41	0.017
489.61	0.017
489.81	0.017
490.02	0.017
490.22	0.017
490.42	0.017
490.62	0.017
490.83	0.018
491.03	0.018
491.23	0.017
491.43	0.017
491.64	0.017
491.84	0.018
492.04	0.018
492.24	0.017
492.45	0.017
492.65	0.017
492.85	0.017
493.05	0.018
493.26	0.018
493.46	0.017
493.66	0.017
493.86	0.017
494.07	0.017
494.27	0.016
494.47	0.016
494.67	0.016
494.87	0.016
495.08	0.016
495.28	0.015
495.48	0.015
495.68	0.016
495.89	0.016
496.09	0.016
496.29	0.016
496.49	0.017
496.69	0.017
496.90	0.017
497.10	0.017
497.30	0.017
497.50	0.018
497.71	0.017
497.91	0.017
498.11	0.017
498.31	0.017
498.51	0.017
498.72	0.016
498.92	0.017
499.12	0.017
499.32	0.016
499.52	0.016
499.73	0.017
499.93	0.016
500.13	0.016
500.33	0.016
500.53	0.016
500.74	0.016
500.94	0.016
501.14	0.016
501.34	0.017
501.54	0.016
501.74	0.016
501.95	0.016
502.15	0.017
502.35	0.016
502.55	0.016
502.75	0.016
502.96	0.016
503.16	0.016
503.36	0.016
503.56	0.016
503.76	0.016
503.96	0.016
504.17	0.016
504.37	0.016
504.57	0.016
504.77	0.016
504.97	0.016
505.17	0.016
505.38	0.016
505.58	0.017
505.78	0.017
505.98	0.017
506.18	0.017
506.38	0.017
506.58	0.017
506.79	0.017
506.99	0.016
507.19	0.016
507.39	0.016
507.59	0.016
507.79	0.015
507.99	0.015
508.20	0.015
508.40	0.015
508.60	0.015
508.80	0.015
509.00	0.015
509.20	0.015
509.40	0.015
509.61	0.014
509.81	0.015
510.01	0.015
510.21	0.015
510.41	0.015
510.61	0.015
510.81	0.015
511.01	0.016
511.22	0.017
511.42	0.017
511.62	0.017
511.82	0.017
512.02	0.017
512.22	0.017
512.42	0.016
512.62	0.017
512.82	0.016
513.03	0.016
513.23	0.016
513.43	0.016
513.63	0.016
513.83	0.016
514.03	0.015
514.23	0.016
514.43	0.015
514.63	0.015
514.83	0.015
515.04	0.015
515.24	0.015
515.44	0.014
515.64	0.015
515.84	0.014
516.04	0.014
516.24	0.014
516.44	0.015
516.64	0.015
516.84	0.015
517.04	0.015
517.24	0.015
517.45	0.015
517.65	0.016
517.85	0.015
518.05	0.015
518.25	0.015
518.45	0.015
518.65	0.016
518.85	0.016
519.05	0.016
519.25	0.016
519.45	0.016
519.65	0.016
519.85	0.016
520.05	0.016
520.25	0.016
520.46	0.015
520.66	0.015
520.86	0.015
521.06	0.015
521.26	0.015
521.46	0.015
521.66	0.015
521.86	0.015
522.06	0.015
522.26	0.015
522.46	0.015
522.66	0.015
522.86	0.015
523.06	0.015
523.26	0.015
523.46	0.016
523.66	0.016
523.86	0.015
524.06	0.015
524.26	0.016
524.46	0.016
524.66	0.016
524.86	0.016
525.06	0.016
525.26	0.015
525.46	0.015
525.66	0.016
525.87	0.016
526.07	0.015
526.27	0.014
526.47	0.015
526.67	0.015
526.87	0.014
527.07	0.015
527.27	0.015
527.47	0.015
527.67	0.015
527.87	0.015
528.07	0.015
528.27	0.015
528.47	0.015
528.67	0.015
528.87	0.015
529.07	0.015
529.27	0.015
529.47	0.015
529.67	0.015
529.87	0.015
530.07	0.015
530.27	0.015
530.47	0.015
530.67	0.015
530.87	0.015
531.06	0.015
531.26	0.015
531.46	0.015
531.66	0.015
531.86	0.015
532.06	0.016
532.26	0.016
532.46	0.016
532.66	0.016
532.86	0.016
533.06	0.016
533.26	0.016
533.46	0.015
533.66	0.015
533.86	0.015
534.06	0.015
534.26	0.015
534.46	0.015
534.66	0.015
534.86	0.015
535.06	0.015
535.26	0.015
535.46	0.015
535.66	0.015
535.86	0.014
536.06	0.014
536.26	0.015
536.45	0.015
536.65	0.015
536.85	0.015
537.05	0.016
537.25	0.016
537.45	0.016
537.65	0.016
537.85	0.016
538.05	0.015
538.25	0.015
538.45	0.015
538.65	0.015
538.85	0.015
539.05	0.014
539.25	0.015
539.44	0.015
539.64	0.014
539.84	0.015
540.04	0.015
540.24	0.015
540.44	0.015
540.64	0.015
540.84	0.015
541.04	0.016
541.24	0.016
541.44	0.016
541.64	0.016
541.83	0.016
542.03	0.016
542.23	0.016
542.43	0.016
542.63	0.016
542.83	0.015
543.03	0.015
543.23	0.015
543.43	0.014
543.63	0.014
543.82	0.014
544.02	0.014
544.22	0.014
544.42	0.014
544.62	0.015
544.82	0.015
545.02	0.015
545.22	0.015
545.42	0.015
545.61	0.015
545.81	0.016
546.01	0.015
546.21	0.015
546.41	0.015
546.61	0.015
546.81	0.015
547.01	0.015
547.20	0.015
547.40	0.015
547.60	0.014
547.80	0.014
548.00	0.014
548.20	0.014
548.40	0.013
548.59	0.013
548.79	0.013
548.99	0.014
549.19	0.014
549.39	0.014
549.59	0.015
549.79	0.015
549.98	0.015
550.18	0.015
550.38	0.015
550.58	0.015
550.78	0.015
550.98	0.014
551.17	0.015
551.37	0.014
551.57	0.014
551.77	0.015
551.97	0.015
552.17	0.015
552.36	0.015
552.56	0.015
552.76	0.015
552.96	0.015
553.16	0.015
553.36	0.015
553.55	0.015
553.75	0.015
553.95	0.015
554.15	0.015
554.35	0.015
554.55	0.015
554.74	0.015
554.94	0.015
555.14	0.016
555.34	0.015
555.54	0.015
555.73	0.015
555.93	0.014
556.13	0.014
556.33	0.014
556.53	0.014
556.72	0.014
556.92	0.014
557.12	0.014
557.32	0.014
557.52	0.015
557.71	0.015
557.91	0.015
558.11	0.015
558.31	0.015
558.51	0.014
558.70	0.015
558.90	0.014
559.10	0.014
559.30	0.014
559.49	0.013
559.69	0.014
559.89	0.014
560.09	0.014
560.29	0.014
560.48	0.014
560.68	0.014
560.88	0.014
561.08	0.015
561.27	0.015
561.47	0.015
561.67	0.015
561.87	0.015
562.06	0.015
562.26	0.015
562.46	0.015
562.66	0.015
562.86	0.014
563.05	0.014
563.25	0.014
563.45	0.014
563.65	0.014
563.84	0.014
564.04	0.014
564.24	0.014
564.44	0.014
564.63	0.014
564.83	0.014
565.03	0.014
565.22	0.014
565.42	0.014
565.62	0.014
565.82	0.015
566.01	0.015
566.21	0.015
566.41	0.015
566.61	0.015
566.80	0.015
567.00	0.015
567.20	0.015
567.40	0.015
567.59	0.015
567.79	0.015
567.99	0.014
568.18	0.014
568.38	0.014
568.58	0.014
568.78	0.014
568.97	0.013
569.17	0.013
569.37	0.014
569.56	0.013
569.76	0.013
569.96	0.013
570.16	0.013
570.35	0.013
570.55	0.013
570.75	0.013
570.94	0.013
571.14	0.012
571.34	0.013
571.53	0.013
571.73	0.013
571.93	0.013
572.12	0.013
572.32	0.014
572.52	0.014
572.72	0.014
572.91	0.014
573.11	0.014
573.31	0.014
573.50	0.014
573.70	0.014
573.90	0.014
574.09	0.014
574.29	0.014
574.49	0.014
574.68	0.014
574.88	0.014
575.08	0.015
575.27	0.015
575.47	0.015
575.67	0.014
575.86	0.014
576.06	0.014
576.26	0.014
576.45	0.013
576.65	0.013
576.85	0.013
577.04	0.013
577.24	0.013
577.44	0.013
577.63	0.013
577.83	0.013
578.02	0.014
578.22	0.014
578.42	0.014
578.61	0.015
578.81	0.015
579.01	0.015
579.20	0.015
579.40	0.015
579.60	0.014
579.79	0.014
579.99	0.013
580.19	0.013
580.38	0.013
580.58	0.012
580.77	0.012
580.97	0.012
581.17	0.013
581.36	0.013
581.56	0.013
581.75	0.013
581.95	0.013
582.15	0.014
582.34	0.014
582.54	0.015
582.74	0.015
582.93	0.015
583.13	0.015
583.32	0.015
583.52	0.014
583.72	0.014
583.91	0.014
584.11	0.013
584.30	0.013
584.50	0.013
584.70	0.012
584.89	0.012
585.09	0.013
585.28	0.014
585.48	0.013
585.68	0.014
585.87	0.014
586.07	0.014
586.26	0.014
586.46	0.014
586.66	0.014
586.85	0.014
587.05	0.014
587.24	0.014
587.44	0.014
587.63	0.014
587.83	0.015
588.03	0.015
588.22	0.015
588.42	0.015
588.61	0.015
588.81	0.015
589.00	0.015
589.20	0.015
589.40	0.015
589.59	0.014
589.79	0.014
589.98	0.014
590.18	0.014
590.37	0.014
590.57	0.014
590.76	0.014
590.96	0.014
591.16	0.014
591.35	0.013
591.55	0.013
591.74	0.013
591.94	0.013
592.13	0.013
592.33	0.012
592.52	0.013
592.72	0.013
592.91	0.013
593.11	0.013
593.30	0.013
593.50	0.013
593.70	0.013
593.89	0.013
594.09	0.014
594.28	0.014
594.48	0.014
594.67	0.014
594.87	0.014
595.06	0.014
595.26	0.015
595.45	0.014
595.65	0.014
595.84	0.014
596.04	0.014
596.23	0.014
596.43	0.014
596.62	0.014
596.82	0.014
597.01	0.013
597.21	0.013
597.40	0.013
597.60	0.013
597.79	0.013
597.99	0.013
598.18	0.013
598.38	0.013
598.57	0.013
598.77	0.013
598.96	0.013
599.16	0.013
599.35	0.014
599.55	0.014
599.74	0.014
599.94	0.014
600.13	0.014
600.33	0.014
600.52	0.014
600.72	0.014
600.91	0.014
601.11	0.014
601.30	0.014
601.50	0.014
601.69	0.014
601.89	0.014
602.08	0.013
602.27	0.013
602.47	0.013
602.66	0.013
602.86	0.013
603.05	0.013
603.25	0.013
603.44	0.013
603.64	0.013
603.83	0.013
604.03	0.012
604.22	0.013
604.41	0.012
604.61	0.013
604.80	0.013
605.00	0.013
605.19	0.013
605.39	0.013
605.58	0.013
605.78	0.013
605.97	0.013
606.16	0.013
606.36	0.013
606.55	0.013
606.75	0.012
606.94	0.012
607.14	0.012
607.33	0.012
607.52	0.012
607.72	0.013
607.91	0.013
608.11	0.013
608.30	0.013
608.50	0.013
608.69	0.014
608.88	0.014
609.08	0.014
609.27	0.014
609.47	0.013
609.66	0.013
609.85	0.013
610.05	0.013
610.24	0.013
610.44	0.013
610.63	0.013
610.83	0.013
611.02	0.013
611.21	0.014
611.41	0.014
611.60	0.014
611.80	0.014
611.99	0.014
612.18	0.014
612.38	0.014
612.57	0.014
612.76	0.014
612.96	0.014
613.15	0.014
613.35	0.013
613.54	0.013
613.73	0.013
613.93	0.014
614.12	0.014
614.32	0.013
614.51	0.013
614.70	0.014
614.90	0.014
615.09	0.014
615.28	0.014
615.48	0.014
615.67	0.013
615.86	0.014
616.06	0.014
616.25	0.014
616.45	0.014
616.64	0.014
616.83	0.014
617.03	0.014
617.22	0.013
617.41	0.014
617.61	0.013
617.80	0.013
617.99	0.013
618.19	0.012
618.38	0.013
618.57	0.013
618.77	0.013
618.96	0.012
619.15	0.012
619.35	0.013
619.54	0.013
619.73	0.013
619.93	0.013
620.12	0.013
620.31	0.013
620.51	0.013
620.70	0.014
620.89	0.014
621.09	0.013
621.28	0.013
621.47	0.013
621.67	0.013
621.86	0.013
622.05	0.013
622.25	0.013
622.44	0.013
622.63	0.013
622.83	0.013
623.02	0.013
623.21	0.013
623.41	0.013
623.60	0.013
623.79	0.013
623.98	0.012
624.18	0.013
624.37	0.013
624.56	0.013
624.76	0.013
624.95	0.013
625.14	0.013
625.33	0.013
625.53	0.013
625.72	0.013
625.91	0.013
626.11	0.013
626.30	0.012
626.49	0.013
626.68	0.012
626.88	0.013
627.07	0.012
627.26	0.013
627.46	0.013
627.65	0.013
627.84	0.013
628.03	0.013
628.23	0.013
628.42	0.013
628.61	0.013
628.80	0.013
629.00	0.013
629.19	0.013
629.38	0.013
629.58	0.013
629.77	0.012
629.96	0.012
630.15	0.013
630.35	0.012
630.54	0.012
630.73	0.012
630.92	0.012
631.12	0.012
631.31	0.013
631.50	0.013
631.69	0.013
631.89	0.013
632.08	0.013
632.27	0.013
632.46	0.013
632.65	0.012
632.85	0.012
633.04	0.012
633.23	0.012
633.42	0.012
633.62	0.012
633.81	0.012
634.00	0.013
634.19	0.014
634.39	0.014
634.58	0.014
634.77	0.014
634.96	0.014
635.15	0.014
635.35	0.014
635.54	0.014
635.73	0.014
635.92	0.013
636.11	0.014
636.31	0.014
636.50	0.014
636.69	0.014
636.88	0.014
637.07	0.014
637.27	0.014
637.46	0.014
637.65	0.013
637.84	0.013
638.03	0.013
638.23	0.013
638.42	0.013
638.61	0.013
638.80	0.013
638.99	0.013
639.19	0.013
639.38	0.013
639.57	0.014
639.76	0.014
639.95	0.013
640.14	0.013
640.34	0.013
640.53	0.014
640.72	0.013
640.91	0.014
641.10	0.013
641.30	0.013
641.49	0.013
641.68	0.014
641.87	0.014
642.06	0.014
642.25	0.014
642.44	0.014
642.64	0.014
642.83	0.014
643.02	0.014
643.21	0.014
643.40	0.014
643.59	0.014
643.79	0.014
643.98	0.014
644.17	0.014
644.36	0.015
644.55	0.014
644.74	0.014
644.93	0.013
645.13	0.014
645.32	0.013
645.51	0.013
645.70	0.013
645.89	0.013
646.08	0.012
646.27	0.013
646.46	0.013
646.66	0.013
646.85	0.012
647.04	0.013
647.23	0.013
647.42	0.013
647.61	0.013
647.80	0.013
647.99	0.013
648.19	0.013
648.38	0.014
648.57	0.014
648.76	0.014
648.95	0.014
649.14	0.014
649.33	0.014
649.52	0.013
649.71	0.013
649.91	0.013
650.10	0.013
650.29	0.013
650.48	0.013
650.67	0.013
650.86	0.012
651.05	0.012
651.24	0.012
651.43	0.012
651.62	0.012
651.81	0.013
652.01	0.013
652.20	0.013
652.39	0.013
652.58	0.013
652.77	0.013
652.96	0.013
653.15	0.013
653.34	0.014
653.53	0.014
653.72	0.014
653.91	0.015
654.10	0.015
654.29	0.014
654.48	0.014
654.68	0.013
654.87	0.012
655.06	0.012
655.25	0.012
655.44	0.012
655.63	0.012
655.82	0.012
656.01	0.012
656.20	0.013
656.39	0.013
656.58	0.014
656.77	0.014
656.96	0.014
657.15	0.014
657.34	0.014
657.53	0.013
657.72	0.013
657.91	0.013
658.10	0.014
658.29	0.013
658.48	0.013
658.68	0.013
658.87	0.014
659.06	0.013
659.25	0.014
659.44	0.014
659.63	0.013
659.82	0.013
660.01	0.013
660.20	0.013
660.39	0.013
660.58	0.014
660.77	0.014
660.96	0.014
661.15	0.014
661.34	0.014
661.53	0.015
661.72	0.015
661.91	0.015
662.10	0.014
662.29	0.014
662.48	0.014
662.67	0.014
662.86	0.014
663.05	0.014
663.24	0.014
663.43	0.014
663.62	0.014
663.81	0.014
664.00	0.014
664.19	0.014
664.38	0.013
664.57	0.013
664.76	0.014
664.95	0.014
665.14	0.014
665.33	0.014
665.52	0.014
665.71	0.014
665.90	0.013
666.09	0.014
666.28	0.014
666.46	0.014
666.65	0.014
666.84	0.013
667.03	0.013
667.22	0.013
667.41	0.013
667.60	0.013
667.79	0.014
667.98	0.014
668.17	0.014
668.36	0.013
668.55	0.014
668.74	0.014
668.93	0.014
669.12	0.014
669.31	0.014
669.50	0.014
669.69	0.014
669.88	0.014
670.07	0.014
670.26	0.014
670.44	0.014
670.63	0.014
670.82	0.014
671.01	0.014
671.20	0.014
671.39	0.014
671.58	0.015
671.77	0.014
671.96	0.014
672.15	0.014
672.34	0.014
672.53	0.014
672.72	0.014
672.91	0.014
673.09	0.014
673.28	0.013
673.47	0.013
673.66	0.013
673.85	0.013
674.04	0.013
674.23	0.013
674.42	0.012
674.61	0.012
674.80	0.013
674.98	0.013
675.17	0.013
675.36	0.013
675.55	0.013
675.74	0.013
675.93	0.013
676.12	0.013
676.31	0.013
676.50	0.013
676.69	0.013
676.87	0.012
677.06	0.012
677.25	0.013
677.44	0.013
677.63	0.013
677.82	0.013
678.01	0.013
678.20	0.013
678.38	0.013
678.57	0.013
678.76	0.014
678.95	0.014
679.14	0.013
679.33	0.013
679.52	0.013
679.71	0.013
679.89	0.013
680.08	0.013
680.27	0.013
680.46	0.013
680.65	0.013
680.84	0.013
681.02	0.013
681.21	0.013
681.40	0.013
681.59	0.013
681.78	0.013
681.97	0.014
682.16	0.014
682.34	0.014
682.53	0.014
682.72	0.014
682.91	0.014
683.10	0.013
683.29	0.013
683.47	0.014
683.66	0.013
683.85	0.013
684.04	0.013
684.23	0.013
684.42	0.013
684.60	0.013
684.79	0.013
684.98	0.013
685.17	0.013
685.36	0.013
685.54	0.013
685.73	0.013
685.92	0.013
686.11	0.013
686.30	0.013
686.49	0.013
686.67	0.012
686.86	0.013
687.05	0.013
687.24	0.013
687.43	0.013
687.61	0.013
687.80	0.013
687.99	0.013
688.18	0.013
688.36	0.013
688.55	0.013
688.74	0.013
688.93	0.013
689.12	0.013
689.30	0.012
689.49	0.013
689.68	0.013
689.87	0.012
690.06	0.013
690.24	0.013
690.43	0.013
690.62	0.013
690.81	0.013
690.99	0.013
691.18	0.013
691.37	0.013
691.56	0.013
691.74	0.013
691.93	0.013
692.12	0.013
692.31	0.013
692.50	0.013
692.68	0.014
692.87	0.014
693.06	0.014
693.25	0.014
693.43	0.013
693.62	0.013
693.81	0.013
694.00	0.013
694.18	0.013
694.37	0.012
694.56	0.012
694.74	0.013
694.93	0.013
695.12	0.013
695.31	0.013
695.49	0.014
695.68	0.014
695.87	0.014
696.06	0.014
696.24	0.014
696.43	0.014
696.62	0.013
696.80	0.013
696.99	0.013
697.18	0.013
697.37	0.013
697.55	0.013
697.74	0.013
697.93	0.013
698.12	0.013
698.30	0.013
698.49	0.013
698.68	0.013
698.86	0.013
699.05	0.013
699.24	0.013
699.42	0.013
699.61	0.013
699.80	0.013
699.99	0.013
700.17	0.014
700.36	0.014
700.55	0.014
700.73	0.014
700.92	0.014
701.11	0.014
701.29	0.014
701.48	0.013
701.67	0.013
701.85	0.012
702.04	0.012
702.23	0.012
702.41	0.013
702.60	0.013
702.79	0.013
702.97	0.013
703.16	0.013
703.35	0.013
703.53	0.014
703.72	0.014
703.91	0.014
704.09	0.013
704.28	0.014
704.47	0.014
704.65	0.013
704.84	0.013
705.03	0.013
705.21	0.014
705.40	0.014
705.59	0.014
705.77	0.014
705.96	0.013
706.15	0.013
706.33	0.013
706.52	0.013
706.71	0.013
706.89	0.013
707.08	0.013
707.26	0.013
707.45	0.013
707.64	0.013
707.82	0.013
708.01	0.013
708.20	0.013
708.38	0.013
708.57	0.013
708.75	0.013
708.94	0.012
709.13	0.013
709.31	0.013
709.50	0.013
709.69	0.013
709.87	0.014
710.06	0.014
710.24	0.014
710.43	0.014
710.62	0.014
710.80	0.014
710.99	0.014
711.17	0.013
711.36	0.013
711.55	0.013
711.73	0.013
711.92	0.013
712.10	0.013
712.29	0.013
712.48	0.013
712.66	0.013
712.85	0.013
713.03	0.013
713.22	0.013
713.40	0.013
713.59	0.012
713.78	0.012
713.96	0.012
714.15	0.012
714.33	0.012
714.52	0.012
714.71	0.012
714.89	0.012
715.08	0.012
715.26	0.012
715.45	0.012
715.63	0.012
715.82	0.012
716.00	0.012
716.19	0.012
716.38	0.012
716.56	0.012
716.75	0.013
716.93	0.013
717.12	0.013
717.30	0.013
717.49	0.013
717.67	0.013
717.86	0.013
718.05	0.013
718.23	0.013
718.42	0.012
718.60	0.012
718.79	0.012
718.97	0.012
719.16	0.013
719.34	0.013
719.53	0.013
719.71	0.013
719.90	0.013
720.08	0.014
720.27	0.013
720.45	0.014
720.64	0.014
720.83	0.014
721.01	0.014
721.20	0.014
721.38	0.014
721.57	0.013
721.75	0.013
721.94	0.013
722.12	0.013
722.31	0.013
722.49	0.012
722.68	0.012
722.86	0.012
723.05	0.012
723.23	0.012
723.42	0.012
723.60	0.013
723.79	0.013
723.97	0.013
724.16	0.012
724.34	0.012
724.53	0.013
724.71	0.013
724.90	0.013
725.08	0.013
725.27	0.013
725.45	0.013
725.64	0.013
725.82	0.014
726.00	0.013
726.19	0.014
726.37	0.014
726.56	0.014
726.74	0.014
726.93	0.014
727.11	0.014
727.30	0.014
727.48	0.014
727.67	0.014
727.85	0.014
728.04	0.013
728.22	0.013
728.40	0.013
728.59	0.013
728.77	0.012
728.96	0.013
729.14	0.013
729.33	0.013
729.51	0.013
729.70	0.013
729.88	0.013
730.07	0.013
730.25	0.013
730.43	0.013
730.62	0.014
730.80	0.013
730.99	0.013
731.17	0.013
731.36	0.014
731.54	0.014
731.72	0.013
731.91	0.013
732.09	0.013
732.28	0.012
732.46	0.012
732.65	0.013
732.83	0.013
733.01	0.013
733.20	0.013
733.38	0.013
733.57	0.013
733.75	0.014
733.93	0.014
734.12	0.014
734.30	0.014
734.49	0.014
734.67	0.014
734.85	0.014
735.04	0.013
735.22	0.013
735.41	0.013
735.59	0.013
735.77	0.012
735.96	0.012
736.14	0.012
736.33	0.012
736.51	0.012
736.69	0.013
736.88	0.013
737.06	0.013
737.25	0.014
737.43	0.014
737.61	0.013
737.80	0.014
737.98	0.014
738.16	0.013
738.35	0.013
738.53	0.013
738.71	0.013
738.90	0.013
739.08	0.013
739.27	0.013
739.45	0.013
739.63	0.013
739.82	0.012
740.00	0.012
740.18	0.012
740.37	0.012
740.55	0.012
740.73	0.012
740.92	0.012
741.10	0.012
741.28	0.012
741.47	0.012
741.65	0.012
741.83	0.012
742.02	0.012
742.20	0.012
742.38	0.013
742.57	0.012
742.75	0.012
742.93	0.013
743.12	0.013
743.30	0.012
743.48	0.012
743.67	0.012
743.85	0.011
744.03	0.012
744.22	0.012
744.40	0.012
744.58	0.011
744.77	0.011
744.95	0.011
745.13	0.012
745.32	0.012
745.50	0.012
745.68	0.012
745.87	0.012
746.05	0.012
746.23	0.013
746.41	0.013
746.60	0.013
746.78	0.013
746.96	0.013
747.15	0.013
747.33	0.012
747.51	0.012
747.70	0.012
747.88	0.012
748.06	0.012
748.24	0.012
748.43	0.012
748.61	0.012
748.79	0.012
748.97	0.012
749.16	0.012
749.34	0.012
749.52	0.012
749.71	0.013
749.89	0.012
750.07	0.012
750.25	0.012
750.44	0.012
750.62	0.012
750.80	0.012
750.98	0.012
751.17	0.012
751.35	0.012
751.53	0.013
751.71	0.013
751.90	0.013
752.08	0.013
752.26	0.013
752.44	0.013
752.63	0.013
752.81	0.013
752.99	0.013
753.17	0.013
753.36	0.012
753.54	0.012
753.72	0.013
753.90	0.013
754.09	0.013
754.27	0.012
754.45	0.013
754.63	0.012
754.82	0.013
755.00	0.013
755.18	0.013
755.36	0.012
755.54	0.012
755.73	0.012
755.91	0.011
756.09	0.011
756.27	0.011
756.45	0.011
756.64	0.010
756.82	0.010
757.00	0.011
757.18	0.011
757.37	0.011
757.55	0.011
757.73	0.011
757.91	0.011
758.09	0.011
758.27	0.011
758.46	0.011
758.64	0.011
758.82	0.011
759.00	0.010
759.18	0.010
759.37	0.010
759.55	0.010
759.73	0.010
759.91	0.009
760.09	0.009
760.28	0.009
760.46	0.009
760.64	0.009
760.82	0.009
761.00	0.010
761.18	0.010
761.37	0.010
761.55	0.010
761.73	0.010
761.91	0.010
762.09	0.009
762.27	0.009
762.46	0.010
762.64	0.010
762.82	0.010
763.00	0.010
763.18	0.010
763.36	0.010
763.54	0.009
763.73	0.010
763.91	0.010
764.09	0.009
764.27	0.009
764.45	0.009
764.63	0.009
764.81	0.009
765.00	0.009
765.18	0.009
765.36	0.009
765.54	0.008
765.72	0.008
765.90	0.008
766.08	0.008
766.27	0.008
766.45	0.007
766.63	0.008
766.81	0.008
766.99	0.008
767.17	0.008
767.35	0.008
767.53	0.008
767.71	0.008
767.90	0.008
768.08	0.008
768.26	0.008
768.44	0.008
768.62	0.008
768.80	0.008
768.98	0.009
769.16	0.009
769.34	0.009
769.52	0.009
769.71	0.009
769.89	0.009
770.07	0.009
770.25	0.010
770.43	0.010
770.61	0.009
770.79	0.009
770.97	0.009
771.15	0.008
771.33	0.008
771.51	0.008
771.69	0.008
771.88	0.008
772.06	0.008
772.24	0.008
772.42	0.008
772.60	0.008
772.78	0.009
772.96	0.009
773.14	0.009
773.32	0.008
773.50	0.009
773.68	0.009
773.86	0.009
774.04	0.009
774.22	0.009
774.40	0.009
774.58	0.009
774.77	0.009
774.95	0.008
775.13	0.008
775.31	0.008
775.49	0.008
775.67	0.008
775.85	0.008
776.03	0.008
776.21	0.008
776.39	0.008
776.57	0.008
776.75	0.009
776.93	0.009
777.11	0.009
777.29	0.010
777.47	0.010
777.65	0.010
777.83	0.009
778.01	0.009
778.19	0.009
778.37	0.009
778.55	0.009
778.73	0.009
778.91	0.009
779.09	0.009
779.27	0.009
779.45	0.009
779.63	0.009
779.81	0.009
779.99	0.009
780.17	0.009
780.35	0.009
780.53	0.009
780.71	0.009
780.89	0.009
781.07	0.009
781.25	0.009
781.43	0.009
781.61	0.009
781.79	0.009
781.97	0.009
782.15	0.009
782.33	0.009
782.51	0.009
782.69	0.009
782.87	0.009
783.05	0.009
783.23	0.009
783.41	0.009
783.59	0.009
783.77	0.009
783.95	0.009
784.13	0.009
784.31	0.009
784.49	0.009
784.67	0.009
784.85	0.010
785.03	0.010
785.21	0.010
785.38	0.010
785.56	0.010
785.74	0.010
785.92	0.010
786.10	0.010
786.28	0.010
786.46	0.009
786.64	0.009
786.82	0.009
787.00	0.009
787.18	0.009
787.36	0.009
787.54	0.008
787.72	0.008
787.90	0.008
788.08	0.008
788.25	0.008
788.43	0.008
788.61	0.007
788.79	0.007
788.97	0.007
789.15	0.007
789.33	0.007
789.51	0.007
789.69	0.007
789.87	0.008
790.05	0.008
790.23	0.008
790.40	0.009
790.58	0.009
790.76	0.009
790.94	0.008
791.12	0.009
791.30	0.009
791.48	0.008
791.66	0.008
791.84	0.008
792.02	0.008
792.19	0.007
792.37	0.007
792.55	0.007
792.73	0.007
792.91	0.007
793.09	0.007
793.27	0.008
793.45	0.007
793.63	0.007
793.80	0.008
793.98	0.008
794.16	0.008
794.34	0.007
794.52	0.007
794.70	0.007
794.88	0.007
795.05	0.007
795.23	0.007
795.41	0.007
795.59	0.006
795.77	0.007
795.95	0.007
796.13	0.008
796.30	0.008
796.48	0.009
796.66	0.008
796.84	0.008
797.02	0.008
797.20	0.009
797.38	0.009
797.55	0.008
797.73	0.008
797.91	0.008
798.09	0.008
798.27	0.008
798.45	0.009
798.62	0.009
798.80	0.008
798.98	0.008
799.16	0.008
799.34	0.008
799.52	0.008
799.69	0.008
799.87	0.008
800.05	0.008
800.23	0.008
800.41	0.008
800.58	0.008
800.76	0.008
800.94	0.008
801.12	0.008
801.30	0.008
801.47	0.008
801.65	0.008
801.83	0.008
802.01	0.008
802.19	0.007
802.36	0.007
802.54	0.007
802.72	0.006
802.90	0.007
803.08	0.006
803.25	0.007
803.43	0.007
803.61	0.006
803.79	0.006
803.97	0.006
804.14	0.007
804.32	0.007
804.50	0.007
804.68	0.007
804.85	0.007
805.03	0.007
805.21	0.007
805.39	0.008
805.56	0.008
805.74	0.008
805.92	0.008
806.10	0.008
806.28	0.007
806.45	0.007
806.63	0.007
806.81	0.007
806.99	0.007
807.16	0.007
807.34	0.007
807.52	0.007
807.70	0.007
807.87	0.007
808.05	0.006
808.23	0.007
808.41	0.007
808.58	0.007
808.76	0.007
808.94	0.006
809.11	0.006
809.29	0.006
809.47	0.007
809.65	0.007
809.82	0.007
810.00	0.007
810.18	0.007
810.36	0.007
810.53	0.007
810.71	0.007
810.89	0.006
811.06	0.006
811.24	0.006
811.42	0.006
811.60	0.006
811.77	0.006
811.95	0.006
812.13	0.006
812.30	0.006
812.48	0.006
812.66	0.006
812.83	0.007
813.01	0.006
813.19	0.006
813.37	0.006
813.54	0.006
813.72	0.006
813.90	0.006
814.07	0.006
814.25	0.006
814.43	0.005
814.60	0.005
814.78	0.005
814.96	0.005
815.13	0.006
815.31	0.006
815.49	0.006
815.66	0.006
815.84	0.007
816.02	0.007
816.19	0.007
816.37	0.007
816.55	0.007
816.72	0.007
816.90	0.006
817.08	0.006
817.25	0.006
817.43	0.006
817.61	0.005
817.78	0.005
817.96	0.005
818.14	0.006
818.31	0.006
818.49	0.006
818.67	0.006
818.84	0.007
819.02	0.007
819.19	0.007
819.37	0.008
819.55	0.008
819.72	0.008
819.90	0.007
820.08	0.007
820.25	0.007
820.43	0.006
820.60	0.006
820.78	0.006
820.96	0.006
821.13	0.005
821.31	0.005
821.49	0.006
821.66	0.006
821.84	0.007
822.01	0.007
822.19	0.007
822.37	0.006
822.54	0.006
822.72	0.007
822.89	0.007
823.07	0.007
823.25	0.006
823.42	0.006
823.60	0.006
823.77	0.006
823.95	0.006
824.13	0.006
824.30	0.006
824.48	0.006
824.65	0.006
824.83	0.006
825.01	0.006
825.18	0.005
825.36	0.006
825.53	0.006
825.71	0.006
825.88	0.006
826.06	0.006
826.24	0.005
826.41	0.006
826.59	0.006
826.76	0.006
826.94	0.007
827.11	0.006
827.29	0.007
827.47	0.006
827.64	0.006
827.82	0.007
827.99	0.007
828.17	0.006
828.34	0.007
828.52	0.006
828.69	0.006
828.87	0.006
829.04	0.006
829.22	0.006
829.40	0.006
829.57	0.006
829.75	0.006
829.92	0.006
830.10	0.007
830.27	0.007
830.45	0.007
830.62	0.007
830.80	0.007
830.97	0.006
831.15	0.007
831.32	0.007
831.50	0.006
831.67	0.006
831.85	0.006
832.02	0.006
832.20	0.006
832.37	0.007
832.55	0.006
832.73	0.006
832.90	0.007
833.08	0.007
833.25	0.007
833.43	0.007
833.60	0.007
833.78	0.006
833.95	0.006
834.13	0.007
834.30	0.007
834.48	0.007
834.65	0.007
834.82	0.007
835.00	0.007
835.17	0.008
835.35	0.009
835.52	0.009
835.70	0.009
835.87	0.008
836.05	0.008
836.22	0.009
836.40	0.009
836.57	0.009
836.75	0.008
836.92	0.008
837.10	0.008
837.27	0.008
837.45	0.009
837.62	0.008
837.80	0.008
837.97	0.008
838.14	0.008
838.32	0.008
838.49	0.008
838.67	0.008
838.84	0.008
839.02	0.008
839.19	0.008
839.37	0.008
839.54	0.008
839.71	0.007
839.89	0.008
840.06	0.008
840.24	0.008
840.41	0.008
840.59	0.008
840.76	0.007
840.94	0.007
841.11	0.007
841.28	0.007
841.46	0.007
841.63	0.006
841.81	0.006
841.98	0.006
842.15	0.005
842.33	0.005
842.50	0.005
842.68	0.005
842.85	0.005
843.03	0.005
843.20	0.006
843.37	0.005
843.55	0.006
843.72	0.006
843.90	0.006
844.07	0.006
844.24	0.005
844.42	0.005
844.59	0.005
844.77	0.005
844.94	0.005
845.11	0.004
845.29	0.004
845.46	0.004
845.63	0.004
845.81	0.004
845.98	0.005
846.16	0.006
846.33	0.005
846.50	0.005
846.68	0.006
846.85	0.005
847.02	0.005
847.20	0.006
847.37	0.006
847.55	0.006
847.72	0.005
847.89	0.004
848.07	0.004
848.24	0.003
848.41	0.004
848.59	0.004
848.76	0.004
848.93	0.003
849.11	0.003
849.28	0.003
849.45	0.003
849.63	0.004
849.80	0.004
849.97	0.004
850.15	0.003
850.32	0.003
850.49	0.002
850.67	0.002
850.84	0.002
851.01	0.002
851.19	0.002
851.36	0.001
851.53	0.000
851.71	0.000
851.88	-0.000
852.05	-0.000
852.23	-0.001
852.40	-0.001
852.57	-0.002
852.75	-0.003
852.92	-0.003
853.09	-0.003
853.27	-0.003
853.44	-0.002
853.61	-0.002
853.79	-0.002
853.96	-0.001
854.13	-0.002
854.30	-0.002
854.48	-0.002
854.65	-0.002
854.82	-0.002
855.00	-0.002
855.17	-0.003
855.34	-0.003
855.51	-0.003
855.69	-0.003
855.86	-0.004
856.03	-0.005
856.21	-0.006
856.38	-0.005
856.55	-0.005
856.72	-0.005
856.90	-0.006
857.07	-0.007
857.24	-0.007
857.42	-0.007
857.59	-0.007
857.76	-0.007
857.93	-0.008
858.11	-0.009
858.28	-0.008
858.45	-0.008
858.62	-0.008
858.80	-0.009
858.97	-0.009
859.14	-0.009
859.31	-0.010
859.49	-0.010
859.66	-0.011
859.83	-0.011
860.00	-0.011
860.18	-0.011
860.35	-0.011
860.52	-0.012
860.69	-0.013
860.86	-0.013
861.04	-0.013
861.21	-0.013
861.38	-0.014
861.55	-0.014
861.73	-0.014
861.90	-0.014
862.07	-0.014
862.24	-0.014
862.42	-0.015
862.59	-0.015
862.76	-0.016
862.93	-0.016
863.10	-0.017
863.28	-0.017
863.45	-0.017
863.62	-0.018
863.79	-0.018
863.96	-0.018
864.14	-0.018
864.31	-0.019
864.48	-0.019
864.65	-0.019
864.82	-0.019
865.00	-0.020
865.17	-0.019
865.34	-0.020
865.51	-0.020
865.68	-0.020
865.86	-0.020
866.03	-0.021
866.20	-0.020
866.37	-0.020
866.54	-0.020
866.71	-0.021
866.89	-0.021
867.06	-0.021
867.23	-0.021
867.40	-0.021
867.57	-0.022
867.74	-0.023
867.92	-0.023
868.09	-0.023
868.26	-0.023
868.43	-0.024
868.60	-0.025
868.77	-0.025
868.95	-0.027
869.12	-0.026
869.29	-0.026
869.46	-0.026
869.63	-0.027
869.80	-0.028
869.97	-0.027
870.15	-0.028
870.32	-0.027
870.49	-0.027
870.66	-0.028
870.83	-0.028
871.00	-0.028
871.17	-0.029
871.34	-0.029
871.52	-0.030
871.69	-0.031
871.86	-0.031
872.03	-0.031
872.20	-0.031
872.37	-0.033
872.54	-0.033
872.71	-0.033
872.89	-0.033
873.06	-0.033
873.23	-0.033
873.40	-0.033
873.57	-0.033
873.74	-0.033
873.91	-0.032
874.08	-0.032
874.25	-0.033
874.42	-0.033
874.60	-0.034
874.77	-0.035
874.94	-0.036
875.11	-0.035
875.28	-0.036
875.45	-0.036
875.62	-0.036
875.79	-0.035
875.96	-0.035
876.13	-0.035
876.30	-0.034
876.47	-0.032
876.65	-0.033
876.82	-0.033
876.99	-0.034
877.16	-0.035
877.33	-0.035
877.50	-0.036
877.67	-0.036
877.84	-0.037
878.01	-0.038
878.18	-0.038
878.35	-0.038
878.52	-0.039
878.69	-0.039
878.86	-0.038
879.03	-0.038
879.20	-0.039
879.38	-0.040
879.55	-0.040
879.72	-0.040
879.89	-0.040
880.06	-0.040
880.23	-0.040
880.40	-0.041
880.57	-0.041
880.74	-0.042
880.91	-0.042
881.08	-0.041
881.25	-0.041
881.42	-0.042
881.59	-0.043
881.76	-0.042
881.93	-0.042
882.10	-0.042
882.27	-0.041
882.44	-0.041
882.61	-0.041
882.78	-0.041
882.95	-0.040
883.12	-0.039
883.29	-0.040
883.46	-0.040
883.63	-0.039
883.80	-0.039
883.97	-0.039
884.14	-0.040
884.31	-0.040
884.48	-0.041
884.65	-0.042
884.82	-0.042
884.99	-0.043
885.16	-0.043
885.33	-0.043
885.50	-0.043
885.67	-0.042
885.84	-0.042
886.01	-0.042
886.18	-0.041
886.35	-0.041
886.52	-0.041
886.69	-0.043
886.86	-0.043
887.03	-0.043
887.20	-0.042
887.37	-0.043
887.54	-0.043
887.71	-0.043
887.88	-0.043
888.05	-0.042
888.22	-0.041
888.39	-0.041
888.55	-0.042
888.72	-0.042
888.89	-0.042
889.06	-0.042
889.23	-0.042
889.40	-0.042
889.57	-0.041
889.74	-0.041
889.91	-0.041
890.08	-0.040
890.25	-0.040
890.42	-0.040
890.59	-0.039
890.76	-0.039
890.93	-0.039
891.10	-0.040
891.26	-0.040
891.43	-0.040
891.60	-0.039
891.77	-0.039
891.94	-0.038
892.11	-0.038
892.28	-0.037
892.45	-0.036
892.62	-0.036
892.79	-0.037
892.96	-0.037
893.13	-0.038
893.29	-0.036
893.46	-0.038
893.63	-0.038
893.80	-0.039
893.97	-0.039
894.14	-0.038
894.31	-0.037
894.48	-0.042
894.65	-0.039
894.81	-0.038
894.98	-0.037
