177.34	-0.000
177.56	-0.000
177.78	-0.000
178.00	-0.851
178.22	-0.000
178.44	-0.534
178.66	-0.422
178.89	-0.379
179.11	-0.733
179.33	-0.885
179.55	-0.665
179.77	-0.698
179.99	-0.434
180.21	-0.791
180.43	-0.535
180.65	0.037
180.87	0.201
181.09	0.263
181.31	0.224
181.53	0.205
181.75	0.189
181.97	0.194
182.19	0.220
182.41	0.213
182.63	0.208
182.85	0.238
183.07	0.250
183.30	0.252
183.52	0.285
183.74	0.336
183.96	0.333
184.18	0.318
184.40	0.313
184.62	0.354
184.84	0.339
185.06	0.290
185.28	0.311
185.50	0.340
185.72	0.331
185.94	0.355
186.16	0.402
186.38	0.429
186.60	0.434
186.82	0.452
187.04	0.522
187.26	0.532
187.48	0.564
187.70	0.595
187.92	0.645
188.14	0.638
188.36	0.679
188.58	0.705
188.80	0.724
189.02	0.755
189.24	0.823
189.46	0.847
189.68	0.874
189.90	0.906
190.12	0.971
190.34	0.958
190.56	0.995
190.78	1.046
191.00	1.033
191.22	1.032
191.44	1.045
191.66	1.072
191.88	1.080
192.10	1.087
192.32	1.138
192.54	1.147
192.76	1.162
192.98	1.220
193.20	1.202
193.42	1.222
193.64	1.242
193.86	1.252
194.08	1.266
194.30	1.261
194.52	1.259
194.74	1.237
194.96	1.207
195.18	1.234
195.40	1.215
195.62	1.212
195.84	1.201
196.06	1.210
196.28	1.210
196.50	1.224
196.72	1.252
196.94	1.272
197.16	1.284
197.38	1.306
197.60	1.309
197.82	1.323
198.04	1.311
198.26	1.312
198.48	1.325
198.70	1.314
198.92	1.320
199.13	1.313
199.35	1.304
199.57	1.298
199.79	1.287
200.01	1.308
200.23	1.322
200.45	1.319
200.67	1.332
200.89	1.335
201.11	1.350
201.33	1.347
201.55	1.372
201.77	1.390
201.99	1.397
202.21	1.398
202.43	1.398
202.65	1.393
202.87	1.402
203.09	1.400
203.31	1.434
203.52	1.433
203.74	1.447
203.96	1.444
204.18	1.474
204.40	1.496
204.62	1.520
204.84	1.529
205.06	1.554
205.28	1.549
205.50	1.541
205.72	1.554
205.94	1.562
206.16	1.546
206.38	1.547
206.59	1.558
206.81	1.570
207.03	1.565
207.25	1.564
207.47	1.566
207.69	1.566
207.91	1.564
208.13	1.566
208.35	1.572
208.57	1.566
208.79	1.573
209.01	1.579
209.22	1.576
209.44	1.590
209.66	1.619
209.88	1.626
210.10	1.630
210.32	1.633
210.54	1.637
210.76	1.626
210.98	1.624
211.20	1.653
211.42	1.656
211.63	1.624
211.85	1.626
212.07	1.643
212.29	1.648
212.51	1.664
212.73	1.660
212.95	1.667
213.17	1.649
213.39	1.647
213.60	1.671
213.82	1.669
214.04	1.666
214.26	1.661
214.48	1.672
214.70	1.680
214.92	1.682
215.14	1.690
215.35	1.692
215.57	1.678
215.79	1.687
216.01	1.673
216.23	1.675
216.45	1.640
216.67	1.634
216.89	1.625
217.10	1.617
217.32	1.606
217.54	1.593
217.76	1.575
217.98	1.566
218.20	1.553
218.42	1.547
218.64	1.542
218.85	1.527
219.07	1.515
219.29	1.499
219.51	1.487
219.73	1.473
219.95	1.461
220.17	1.440
220.38	1.420
220.60	1.395
220.82	1.373
221.04	1.347
221.26	1.330
221.48	1.304
221.69	1.282
221.91	1.262
222.13	1.240
222.35	1.222
222.57	1.202
222.79	1.183
223.00	1.164
223.22	1.144
223.44	1.122
223.66	1.103
223.88	1.079
224.10	1.059
224.32	1.035
224.53	1.013
224.75	0.993
224.97	0.973
225.19	0.952
225.41	0.933
225.62	0.912
225.84	0.895
226.06	0.876
226.28	0.860
226.50	0.841
226.72	0.821
226.93	0.804
227.15	0.787
227.37	0.770
227.59	0.753
227.81	0.737
228.02	0.720
228.24	0.703
228.46	0.689
228.68	0.675
228.90	0.660
229.12	0.645
229.33	0.631
229.55	0.618
229.77	0.604
229.99	0.592
230.21	0.579
230.42	0.568
230.64	0.555
230.86	0.542
231.08	0.530
231.30	0.519
231.51	0.508
231.73	0.497
231.95	0.487
232.17	0.477
232.38	0.467
232.60	0.457
232.82	0.448
233.04	0.440
233.26	0.431
233.47	0.422
233.69	0.413
233.91	0.406
234.13	0.398
234.35	0.390
234.56	0.382
234.78	0.374
235.00	0.366
235.22	0.359
235.43	0.353
235.65	0.346
235.87	0.339
236.09	0.332
236.30	0.326
236.52	0.321
236.74	0.315
236.96	0.310
237.18	0.304
237.39	0.298
237.61	0.293
237.83	0.288
238.05	0.284
238.26	0.279
238.48	0.275
238.70	0.270
238.92	0.266
239.13	0.262
239.35	0.258
239.57	0.254
239.79	0.250
240.00	0.246
240.22	0.242
240.44	0.239
240.66	0.235
240.87	0.231
241.09	0.228
241.31	0.225
241.53	0.221
241.74	0.219
241.96	0.216
242.18	0.213
242.40	0.210
242.61	0.208
242.83	0.206
243.05	0.204
243.27	0.202
243.48	0.200
243.70	0.198
243.92	0.195
244.13	0.194
244.35	0.191
244.57	0.189
244.79	0.187
245.00	0.185
245.22	0.183
245.44	0.182
245.65	0.181
245.87	0.179
246.09	0.177
246.31	0.175
246.52	0.174
246.74	0.172
246.96	0.171
247.18	0.169
247.39	0.167
247.61	0.166
247.83	0.164
248.04	0.163
248.26	0.162
248.48	0.161
248.69	0.160
248.91	0.159
249.13	0.158
249.35	0.157
249.56	0.156
249.78	0.155
250.00	0.154
250.21	0.153
250.43	0.152
250.65	0.151
250.86	0.150
251.08	0.148
251.30	0.147
251.51	0.146
251.73	0.145
251.95	0.144
252.17	0.143
252.38	0.142
252.60	0.142
252.82	0.141
253.03	0.140
253.25	0.140
253.47	0.139
253.68	0.138
253.90	0.137
254.12	0.137
254.33	0.137
254.55	0.136
254.77	0.135
254.98	0.134
255.20	0.133
255.42	0.133
255.63	0.132
255.85	0.131
256.07	0.130
256.28	0.129
256.50	0.129
256.72	0.128
256.93	0.128
257.15	0.128
257.37	0.127
257.58	0.127
257.80	0.127
258.02	0.127
258.23	0.126
258.45	0.126
258.67	0.126
258.88	0.125
259.10	0.125
259.32	0.125
259.53	0.124
259.75	0.123
259.96	0.122
260.18	0.122
260.40	0.121
260.61	0.121
260.83	0.120
261.05	0.120
261.26	0.120
261.48	0.119
261.70	0.119
261.91	0.119
262.13	0.119
262.34	0.118
262.56	0.118
262.78	0.117
262.99	0.116
263.21	0.116
263.43	0.116
263.64	0.116
263.86	0.115
264.07	0.115
264.29	0.115
264.51	0.114
264.72	0.114
264.94	0.114
265.16	0.113
265.37	0.113
265.59	0.113
265.80	0.113
266.02	0.112
266.24	0.112
266.45	0.111
266.67	0.111
266.88	0.110
267.10	0.110
267.32	0.110
267.53	0.109
267.75	0.108
267.96	0.108
268.18	0.108
268.40	0.107
268.61	0.107
268.83	0.107
269.04	0.107
269.26	0.107
269.48	0.107
269.69	0.107
269.91	0.106
270.12	0.106
270.34	0.106
270.56	0.106
270.77	0.106
270.99	0.106
271.20	0.105
271.42	0.105
271.64	0.104
271.85	0.104
272.07	0.104
272.28	0.103
272.50	0.103
272.71	0.103
272.93	0.102
273.15	0.102
273.36	0.101
273.58	0.101
273.79	0.100
274.01	0.100
274.22	0.100
274.44	0.099
274.66	0.099
274.87	0.098
275.09	0.098
275.30	0.097
275.52	0.097
275.73	0.097
275.95	0.097
276.16	0.097
276.38	0.096
276.60	0.096
276.81	0.096
277.03	0.095
277.24	0.095
277.46	0.095
277.67	0.094
277.89	0.093
278.10	0.093
278.32	0.092
278.53	0.092
278.75	0.092
278.97	0.091
279.18	0.091
279.40	0.091
279.61	0.091
279.83	0.091
280.04	0.091
280.26	0.091
280.47	0.090
280.69	0.090
280.90	0.090
281.12	0.089
281.33	0.089
281.55	0.088
281.76	0.088
281.98	0.088
282.20	0.087
282.41	0.087
282.63	0.087
282.84	0.087
283.06	0.087
283.27	0.086
283.49	0.086
283.70	0.086
283.92	0.085
284.13	0.085
284.35	0.085
284.56	0.084
284.78	0.083
284.99	0.083
285.21	0.083
285.42	0.083
285.64	0.082
285.85	0.082
286.07	0.081
286.28	0.081
286.50	0.081
286.71	0.081
286.93	0.080
287.14	0.080
287.36	0.079
287.57	0.079
287.79	0.079
288.00	0.079
288.22	0.078
288.43	0.077
288.65	0.076
288.86	0.076
289.08	0.076
289.29	0.076
289.51	0.076
289.72	0.075
289.94	0.075
290.15	0.075
290.37	0.075
290.58	0.075
290.80	0.075
291.01	0.074
291.22	0.074
291.44	0.073
291.65	0.073
291.87	0.073
292.08	0.072
292.30	0.072
292.51	0.071
292.73	0.071
292.94	0.070
293.16	0.070
293.37	0.070
293.59	0.070
293.80	0.070
294.02	0.069
294.23	0.069
294.44	0.069
294.66	0.069
294.87	0.068
295.09	0.068
295.30	0.069
295.52	0.069
295.73	0.068
295.95	0.068
296.16	0.068
296.37	0.067
296.59	0.067
296.80	0.067
297.02	0.066
297.23	0.066
297.45	0.065
297.66	0.065
297.88	0.064
298.09	0.064
298.30	0.064
298.52	0.064
298.73	0.063
298.95	0.063
299.16	0.063
299.38	0.063
299.59	0.062
299.80	0.062
300.02	0.062
300.23	0.062
300.45	0.062
300.66	0.061
300.88	0.061
301.09	0.061
301.30	0.061
301.52	0.060
301.73	0.060
301.95	0.060
302.16	0.060
302.37	0.059
302.59	0.060
302.80	0.059
303.02	0.059
303.23	0.058
303.45	0.058
303.66	0.058
303.87	0.058
304.09	0.057
304.30	0.057
304.52	0.057
304.73	0.057
304.94	0.057
305.16	0.057
305.37	0.056
305.59	0.056
305.80	0.056
306.01	0.056
306.23	0.055
306.44	0.055
306.65	0.054
306.87	0.054
307.08	0.054
307.30	0.054
307.51	0.053
307.72	0.052
307.94	0.052
308.15	0.052
308.37	0.052
308.58	0.051
308.79	0.051
309.01	0.052
309.22	0.051
309.43	0.051
309.65	0.051
309.86	0.051
310.07	0.051
310.29	0.050
310.50	0.050
310.72	0.050
310.93	0.049
311.14	0.049
311.36	0.049
311.57	0.049
311.78	0.049
312.00	0.049
312.21	0.049
312.42	0.049
312.64	0.049
312.85	0.049
313.07	0.048
313.28	0.048
313.49	0.048
313.71	0.048
313.92	0.048
314.13	0.047
314.35	0.047
314.56	0.047
314.77	0.047
314.99	0.047
315.20	0.046
315.41	0.047
315.63	0.046
315.84	0.046
316.05	0.046
316.27	0.045
316.48	0.045
316.69	0.044
316.91	0.044
317.12	0.044
317.33	0.043
317.55	0.044
317.76	0.044
317.97	0.044
318.19	0.044
318.40	0.044
318.61	0.045
318.83	0.045
319.04	0.044
319.25	0.044
319.47	0.044
319.68	0.043
319.89	0.043
320.10	0.043
320.32	0.043
320.53	0.043
320.74	0.042
320.96	0.042
321.17	0.042
321.38	0.042
321.60	0.042
321.81	0.041
322.02	0.041
322.24	0.041
322.45	0.041
322.66	0.041
322.87	0.041
323.09	0.041
323.30	0.041
323.51	0.040
323.73	0.040
323.94	0.040
324.15	0.040
324.36	0.040
324.58	0.039
324.79	0.039
325.00	0.039
325.22	0.039
325.43	0.039
325.64	0.040
325.85	0.040
326.07	0.039
326.28	0.039
326.49	0.039
326.71	0.039
326.92	0.039
327.13	0.040
327.34	0.039
327.56	0.039
327.77	0.039
327.98	0.039
328.19	0.039
328.41	0.039
328.62	0.039
328.83	0.039
329.04	0.039
329.26	0.039
329.47	0.039
329.68	0.039
329.90	0.038
330.11	0.038
330.32	0.038
330.53	0.038
330.75	0.038
330.96	0.037
331.17	0.037
331.38	0.037
331.60	0.037
331.81	0.037
332.02	0.037
332.23	0.037
332.44	0.037
332.66	0.037
332.87	0.037
333.08	0.036
333.29	0.036
333.51	0.037
333.72	0.036
333.93	0.036
334.14	0.036
334.36	0.036
334.57	0.036
334.78	0.035
334.99	0.035
335.21	0.035
335.42	0.035
335.63	0.035
335.84	0.035
336.05	0.035
336.27	0.035
336.48	0.035
336.69	0.035
336.90	0.035
337.11	0.035
337.33	0.035
337.54	0.035
337.75	0.034
337.96	0.034
338.18	0.035
338.39	0.034
338.60	0.034
338.81	0.034
339.02	0.034
339.24	0.034
339.45	0.034
339.66	0.034
339.87	0.033
340.08	0.034
340.30	0.033
340.51	0.033
340.72	0.033
340.93	0.033
341.14	0.032
341.36	0.032
341.57	0.032
341.78	0.032
341.99	0.032
342.20	0.032
342.41	0.033
342.63	0.033
342.84	0.032
343.05	0.032
343.26	0.032
343.47	0.032
343.69	0.032
343.90	0.032
344.11	0.031
344.32	0.031
344.53	0.031
344.74	0.030
344.96	0.031
345.17	0.030
345.38	0.030
345.59	0.030
345.80	0.030
346.01	0.029
346.23	0.029
346.44	0.029
346.65	0.030
346.86	0.029
347.07	0.029
347.28	0.028
347.50	0.028
347.71	0.028
347.92	0.028
348.13	0.028
348.34	0.028
348.55	0.028
348.76	0.028
348.98	0.028
349.19	0.028
349.40	0.028
349.61	0.028
349.82	0.028
350.03	0.027
350.24	0.027
350.46	0.027
350.67	0.027
350.88	0.027
351.09	0.027
351.30	0.026
351.51	0.027
351.72	0.026
351.93	0.026
352.15	0.026
352.36	0.026
352.57	0.026
352.78	0.026
352.99	0.026
353.20	0.026
353.41	0.026
353.62	0.026
353.84	0.026
354.05	0.026
354.26	0.026
354.47	0.026
354.68	0.027
354.89	0.026
355.10	0.026
355.31	0.025
355.52	0.026
355.74	0.026
355.95	0.026
356.16	0.025
356.37	0.025
356.58	0.025
356.79	0.026
357.00	0.025
357.21	0.025
357.42	0.025
357.63	0.024
357.85	0.024
358.06	0.024
358.27	0.024
358.48	0.023
358.69	0.023
358.90	0.023
359.11	0.023
359.32	0.022
359.53	0.022
359.74	0.021
359.95	0.021
360.17	0.022
360.38	0.022
360.59	0.022
360.80	0.021
361.01	0.021
361.22	0.021
361.43	0.022
361.64	0.022
361.85	0.022
362.06	0.021
362.27	0.021
362.48	0.020
362.69	0.021
362.90	0.021
363.12	0.021
363.33	0.020
363.54	0.020
363.75	0.019
363.96	0.020
364.17	0.020
364.38	0.020
364.59	0.020
364.80	0.020
365.01	0.020
365.22	0.020
365.43	0.020
365.64	0.020
365.85	0.019
366.06	0.019
366.27	0.019
366.48	0.019
366.69	0.019
366.90	0.019
367.11	0.019
367.32	0.019
367.54	0.019
367.75	0.019
367.96	0.019
368.17	0.018
368.38	0.018
368.59	0.018
368.80	0.018
369.01	0.017
369.22	0.017
369.43	0.017
369.64	0.017
369.85	0.017
370.06	0.017
370.27	0.017
370.48	0.017
370.69	0.016
370.90	0.016
371.11	0.016
371.32	0.016
371.53	0.016
371.74	0.016
371.95	0.016
372.16	0.016
372.37	0.016
372.58	0.016
372.79	0.017
373.00	0.016
373.21	0.016
373.42	0.016
373.63	0.015
373.84	0.015
374.05	0.016
374.26	0.016
374.47	0.016
374.68	0.015
374.89	0.015
375.10	0.016
375.31	0.016
375.52	0.016
375.73	0.016
375.94	0.015
376.15	0.015
376.36	0.015
376.57	0.015
376.78	0.015
376.99	0.015
377.20	0.015
377.41	0.015
377.62	0.015
377.83	0.015
378.04	0.015
378.25	0.015
378.46	0.015
378.67	0.014
378.88	0.014
379.09	0.014
379.30	0.014
379.51	0.014
379.72	0.013
379.92	0.013
380.13	0.013
380.34	0.013
380.55	0.014
380.76	0.013
380.97	0.013
381.18	0.013
381.39	0.013
381.60	0.014
381.81	0.013
382.02	0.013
382.23	0.013
382.44	0.013
382.65	0.013
382.86	0.013
383.07	0.013
383.28	0.013
383.49	0.012
383.70	0.012
383.91	0.013
384.11	0.012
384.32	0.012
384.53	0.012
384.74	0.012
384.95	0.012
385.16	0.012
385.37	0.012
385.58	0.012
385.79	0.012
386.00	0.012
386.21	0.011
386.42	0.011
386.63	0.011
386.84	0.011
387.04	0.012
387.25	0.012
387.46	0.012
387.67	0.012
387.88	0.012
388.09	0.012
388.30	0.012
388.51	0.011
388.72	0.011
388.93	0.010
389.14	0.010
389.34	0.010
389.55	0.010
389.76	0.010
389.97	0.010
390.18	0.010
390.39	0.010
390.60	0.010
390.81	0.010
391.02	0.010
391.23	0.010
391.43	0.011
391.64	0.011
391.85	0.010
392.06	0.010
392.27	0.011
392.48	0.010
392.69	0.010
392.90	0.010
393.11	0.010
393.31	0.010
393.52	0.009
393.73	0.009
393.94	0.009
394.15	0.009
394.36	0.009
394.57	0.009
394.78	0.009
394.98	0.009
395.19	0.009
395.40	0.009
395.61	0.010
395.82	0.010
396.03	0.010
396.24	0.010
396.44	0.010
396.65	0.010
396.86	0.010
397.07	0.010
397.28	0.010
397.49	0.010
397.70	0.010
397.90	0.010
398.11	0.010
398.32	0.009
398.53	0.009
398.74	0.009
398.95	0.008
399.16	0.008
399.36	0.008
399.57	0.008
399.78	0.008
399.99	0.008
400.20	0.008
400.41	0.008
400.61	0.008
400.82	0.008
401.03	0.008
401.24	0.009
401.45	0.008
401.66	0.008
401.86	0.008
402.07	0.008
402.28	0.008
402.49	0.008
402.70	0.008
402.91	0.008
403.11	0.008
403.32	0.008
403.53	0.008
403.74	0.008
403.95	0.008
404.15	0.008
404.36	0.007
404.57	0.007
404.78	0.007
404.99	0.007
405.20	0.008
405.40	0.008
405.61	0.008
405.82	0.008
406.03	0.007
406.24	0.007
406.44	0.007
406.65	0.007
406.86	0.007
407.07	0.006
407.28	0.006
407.48	0.006
407.69	0.005
407.90	0.006
408.11	0.006
408.32	0.006
408.52	0.006
408.73	0.007
408.94	0.007
409.15	0.007
409.35	0.007
409.56	0.008
409.77	0.008
409.98	0.007
410.19	0.008
410.39	0.007
410.60	0.007
410.81	0.007
411.02	0.007
411.22	0.007
411.43	0.007
411.64	0.007
411.85	0.007
412.05	0.007
412.26	0.007
412.47	0.007
412.68	0.006
412.89	0.006
413.09	0.006
413.30	0.006
413.51	0.006
413.72	0.006
413.92	0.005
414.13	0.005
414.34	0.005
414.55	0.005
414.75	0.005
414.96	0.005
415.17	0.006
415.38	0.006
415.58	0.006
415.79	0.006
416.00	0.006
416.21	0.007
416.41	0.007
416.62	0.007
416.83	0.007
417.03	0.006
417.24	0.006
417.45	0.006
417.66	0.006
417.86	0.006
418.07	0.006
418.28	0.006
418.49	0.005
418.69	0.005
418.90	0.005
419.11	0.005
419.31	0.006
419.52	0.006
419.73	0.006
419.94	0.006
420.14	0.006
420.35	0.007
420.56	0.007
420.76	0.007
420.97	0.007
421.18	0.006
421.39	0.006
421.59	0.006
421.80	0.007
422.01	0.006
422.21	0.006
422.42	0.005
422.63	0.006
422.84	0.006
423.04	0.007
423.25	0.007
423.46	0.007
423.66	0.007
423.87	0.007
424.08	0.008
424.28	0.008
424.49	0.008
424.70	0.008
424.90	0.007
425.11	0.007
425.32	0.007
425.52	0.007
425.73	0.007
425.94	0.007
426.15	0.008
426.35	0.007
426.56	0.007
426.77	0.007
426.97	0.007
427.18	0.007
427.39	0.007
427.59	0.007
427.80	0.008
428.01	0.007
428.21	0.007
428.42	0.008
428.63	0.007
428.83	0.007
429.04	0.007
429.25	0.006
429.45	0.006
429.66	0.006
429.87	0.007
430.07	0.006
430.28	0.006
430.48	0.006
430.69	0.006
430.90	0.006
431.10	0.007
431.31	0.007
431.52	0.007
431.72	0.006
431.93	0.006
432.14	0.006
432.34	0.006
432.55	0.006
432.76	0.006
432.96	0.005
433.17	0.005
433.37	0.006
433.58	0.006
433.79	0.005
433.99	0.005
434.20	0.005
434.41	0.006
434.61	0.006
434.82	0.007
435.02	0.006
435.23	0.006
435.44	0.006
435.64	0.006
435.85	0.006
436.06	0.006
436.26	0.005
436.47	0.005
436.67	0.005
436.88	0.005
437.09	0.004
437.29	0.005
437.50	0.005
437.70	0.005
437.91	0.005
438.12	0.005
438.32	0.005
438.53	0.005
438.73	0.005
438.94	0.006
439.15	0.006
439.35	0.007
439.56	0.007
439.76	0.007
439.97	0.007
440.18	0.007
440.38	0.007
440.59	0.007
440.79	0.007
441.00	0.007
441.20	0.007
441.41	0.007
441.62	0.007
441.82	0.007
442.03	0.007
442.23	0.007
442.44	0.007
442.65	0.007
442.85	0.007
443.06	0.006
443.26	0.006
443.47	0.006
443.67	0.006
443.88	0.006
444.09	0.005
444.29	0.005
444.50	0.005
444.70	0.005
444.91	0.006
445.11	0.007
445.32	0.006
445.52	0.007
445.73	0.006
445.94	0.007
446.14	0.007
446.35	0.007
446.55	0.006
446.76	0.006
446.96	0.005
447.17	0.005
447.37	0.004
447.58	0.004
447.78	0.003
447.99	0.003
448.20	0.003
448.40	0.003
448.61	0.004
448.81	0.004
449.02	0.004
449.22	0.005
449.43	0.004
449.63	0.005
449.84	0.005
450.04	0.005
450.25	0.006
450.45	0.006
450.66	0.006
450.86	0.005
451.07	0.005
451.27	0.006
451.48	0.006
451.68	0.006
451.89	0.006
452.09	0.006
452.30	0.006
452.50	0.006
452.71	0.006
452.91	0.006
453.12	0.006
453.33	0.005
453.53	0.005
453.74	0.005
453.94	0.005
454.15	0.005
454.35	0.005
454.56	0.005
454.76	0.005
454.96	0.005
455.17	0.005
455.37	0.005
455.58	0.004
455.78	0.005
455.99	0.004
456.19	0.004
456.40	0.005
456.60	0.005
456.81	0.005
457.01	0.005
457.22	0.006
457.42	0.006
457.63	0.005
457.83	0.006
458.04	0.006
458.24	0.006
458.45	0.006
458.65	0.005
458.86	0.005
459.06	0.005
459.27	0.005
459.47	0.005
459.67	0.005
459.88	0.004
460.08	0.004
460.29	0.004
460.49	0.004
460.70	0.004
460.90	0.004
461.11	0.005
461.31	0.005
461.52	0.005
461.72	0.006
461.92	0.006
462.13	0.007
462.33	0.007
462.54	0.007
462.74	0.007
462.95	0.006
463.15	0.007
463.36	0.007
463.56	0.007
463.76	0.007
463.97	0.007
464.17	0.006
464.38	0.007
464.58	0.007
464.79	0.007
464.99	0.007
465.19	0.006
465.40	0.005
465.60	0.005
465.81	0.004
466.01	0.005
466.22	0.004
466.42	0.004
466.62	0.004
466.83	0.005
467.03	0.005
467.24	0.005
467.44	0.005
467.65	0.005
467.85	0.005
468.05	0.005
468.26	0.005
468.46	0.004
468.67	0.004
468.87	0.005
469.07	0.005
469.28	0.004
469.48	0.004
469.69	0.004
469.89	0.004
470.09	0.004
470.30	0.004
470.50	0.004
470.71	0.004
470.91	0.005
471.11	0.005
471.32	0.005
471.52	0.005
471.72	0.005
471.93	0.006
472.13	0.006
472.34	0.006
472.54	0.006
472.74	0.006
472.95	0.006
473.15	0.006
473.35	0.006
473.56	0.006
473.76	0.006
473.97	0.006
474.17	0.006
474.37	0.006
474.58	0.006
474.78	0.006
474.98	0.006
475.19	0.005
475.39	0.005
475.60	0.005
475.80	0.005
476.00	0.005
476.21	0.005
476.41	0.005
476.61	0.006
476.82	0.006
477.02	0.005
477.22	0.005
477.43	0.005
477.63	0.005
477.83	0.005
478.04	0.005
478.24	0.004
478.44	0.004
478.65	0.004
478.85	0.005
479.05	0.005
479.26	0.005
479.46	0.005
479.66	0.005
479.87	0.005
480.07	0.005
480.27	0.004
480.48	0.004
480.68	0.003
480.88	0.003
481.09	0.003
481.29	0.003
481.49	0.003
481.70	0.003
481.90	0.003
482.10	0.004
482.31	0.004
482.51	0.004
482.71	0.004
482.92	0.005
483.12	0.005
483.32	0.005
483.52	0.005
483.73	0.005
483.93	0.005
484.13	0.005
484.34	0.005
484.54	0.005
484.74	0.005
484.95	0.004
485.15	0.004
485.35	0.004
485.55	0.004
485.76	0.004
485.96	0.004
486.16	0.004
486.37	0.004
486.57	0.004
486.77	0.004
486.97	0.004
487.18	0.004
487.38	0.004
487.58	0.004
487.79	0.005
487.99	0.005
488.19	0.005
488.39	0.005
488.60	0.005
488.80	0.005
489.00	0.005
489.20	0.005
489.41	0.005
489.61	0.004
489.81	0.005
490.02	0.004
490.22	0.004
490.42	0.005
490.62	0.005
490.83	0.005
491.03	0.005
491.23	0.006
491.43	0.006
491.64	0.005
491.84	0.005
492.04	0.006
492.24	0.005
492.45	0.005
492.65	0.005
492.85	0.005
493.05	0.004
493.26	0.004
493.46	0.005
493.66	0.004
493.86	0.005
494.07	0.005
494.27	0.004
494.47	0.004
494.67	0.004
494.87	0.004
495.08	0.004
495.28	0.004
495.48	0.004
495.68	0.003
495.89	0.003
496.09	0.004
496.29	0.004
496.49	0.004
496.69	0.003
496.90	0.003
497.10	0.003
497.30	0.003
497.50	0.003
497.71	0.003
497.91	0.003
498.11	0.003
498.31	0.003
498.51	0.003
498.72	0.003
498.92	0.003
499.12	0.003
499.32	0.003
499.52	0.003
499.73	0.003
499.93	0.003
500.13	0.003
500.33	0.003
500.53	0.003
500.74	0.003
500.94	0.003
501.14	0.003
501.34	0.003
501.54	0.003
501.74	0.003
501.95	0.003
502.15	0.003
502.35	0.004
502.55	0.004
502.75	0.004
502.96	0.004
503.16	0.004
503.36	0.004
503.56	0.004
503.76	0.004
503.96	0.004
504.17	0.004
504.37	0.003
504.57	0.004
504.77	0.004
504.97	0.004
505.17	0.004
505.38	0.004
505.58	0.004
505.78	0.005
505.98	0.005
506.18	0.005
506.38	0.005
506.58	0.005
506.79	0.004
506.99	0.004
507.19	0.004
507.39	0.005
507.59	0.004
507.79	0.004
507.99	0.004
508.20	0.004
508.40	0.004
508.60	0.004
508.80	0.003
509.00	0.003
509.20	0.003
509.40	0.004
509.61	0.003
509.81	0.003
510.01	0.004
510.21	0.004
510.41	0.004
510.61	0.005
510.81	0.004
511.01	0.004
511.22	0.004
511.42	0.004
511.62	0.003
511.82	0.003
512.02	0.003
512.22	0.003
512.42	0.002
512.62	0.003
512.82	0.003
513.03	0.003
513.23	0.003
513.43	0.003
513.63	0.003
513.83	0.003
514.03	0.003
514.23	0.003
514.43	0.003
514.63	0.003
514.83	0.003
515.04	0.003
515.24	0.003
515.44	0.003
515.64	0.004
515.84	0.004
516.04	0.004
516.24	0.004
516.44	0.004
516.64	0.004
516.84	0.005
517.04	0.004
517.24	0.004
517.45	0.004
517.65	0.004
517.85	0.004
518.05	0.004
518.25	0.004
518.45	0.003
518.65	0.003
518.85	0.004
519.05	0.004
519.25	0.004
519.45	0.003
519.65	0.004
519.85	0.003
520.05	0.003
520.25	0.003
520.46	0.003
520.66	0.003
520.86	0.002
521.06	0.002
521.26	0.002
521.46	0.002
521.66	0.003
521.86	0.003
522.06	0.003
522.26	0.003
522.46	0.003
522.66	0.004
522.86	0.004
523.06	0.004
523.26	0.004
523.46	0.004
523.66	0.004
523.86	0.004
524.06	0.004
524.26	0.003
524.46	0.003
524.66	0.003
524.86	0.003
525.06	0.003
525.26	0.003
525.46	0.003
525.66	0.003
525.87	0.003
526.07	0.003
526.27	0.003
526.47	0.004
526.67	0.004
526.87	0.004
527.07	0.003
527.27	0.004
527.47	0.004
527.67	0.004
527.87	0.004
528.07	0.004
528.27	0.003
528.47	0.004
528.67	0.003
528.87	0.003
529.07	0.003
529.27	0.003
529.47	0.003
529.67	0.002
529.87	0.002
530.07	0.003
530.27	0.003
530.47	0.004
530.67	0.004
530.87	0.003
531.06	0.003
531.26	0.003
531.46	0.004
531.66	0.004
531.86	0.004
532.06	0.004
532.26	0.003
532.46	0.003
532.66	0.003
532.86	0.003
533.06	0.003
533.26	0.003
533.46	0.003
533.66	0.002
533.86	0.002
534.06	0.002
534.26	0.003
534.46	0.003
534.66	0.003
534.86	0.003
535.06	0.003
535.26	0.003
535.46	0.003
535.66	0.003
535.86	0.003
536.06	0.003
536.26	0.003
536.45	0.003
536.65	0.004
536.85	0.004
537.05	0.004
537.25	0.003
537.45	0.003
537.65	0.003
537.85	0.003
538.05	0.003
538.25	0.003
538.45	0.003
538.65	0.003
538.85	0.002
539.05	0.003
539.25	0.003
539.44	0.003
539.64	0.002
539.84	0.002
540.04	0.002
540.24	0.002
540.44	0.003
540.64	0.003
540.84	0.003
541.04	0.003
541.24	0.003
541.44	0.003
541.64	0.003
541.83	0.004
542.03	0.004
542.23	0.003
542.43	0.003
542.63	0.003
542.83	0.004
543.03	0.004
543.23	0.003
543.43	0.003
543.63	0.003
543.82	0.003
544.02	0.003
544.22	0.003
544.42	0.003
544.62	0.003
544.82	0.003
545.02	0.003
545.22	0.003
545.42	0.003
545.61	0.003
545.81	0.003
546.01	0.003
546.21	0.003
546.41	0.003
546.61	0.003
546.81	0.002
547.01	0.002
547.20	0.002
547.40	0.002
547.60	0.002
547.80	0.002
548.00	0.002
548.20	0.002
548.40	0.002
548.59	0.003
548.79	0.003
548.99	0.003
549.19	0.003
549.39	0.003
549.59	0.003
549.79	0.003
549.98	0.003
550.18	0.003
550.38	0.003
550.58	0.003
550.78	0.003
550.98	0.003
551.17	0.003
551.37	0.003
551.57	0.003
551.77	0.002
551.97	0.002
552.17	0.002
552.36	0.002
552.56	0.002
552.76	0.002
552.96	0.002
553.16	0.002
553.36	0.002
553.55	0.002
553.75	0.003
553.95	0.002
554.15	0.003
554.35	0.003
554.55	0.003
554.74	0.003
554.94	0.003
555.14	0.003
555.34	0.003
555.54	0.003
555.73	0.003
555.93	0.003
556.13	0.003
556.33	0.003
556.53	0.003
556.72	0.003
556.92	0.002
557.12	0.002
557.32	0.002
557.52	0.003
557.71	0.002
557.91	0.002
558.11	0.002
558.31	0.002
558.51	0.003
558.70	0.003
558.90	0.003
559.10	0.003
559.30	0.002
559.49	0.003
559.69	0.003
559.89	0.003
560.09	0.003
560.29	0.003
560.48	0.003
560.68	0.003
560.88	0.004
561.08	0.004
561.27	0.004
561.47	0.004
561.67	0.004
561.87	0.004
562.06	0.004
562.26	0.004
562.46	0.004
562.66	0.004
562.86	0.004
563.05	0.003
563.25	0.004
563.45	0.003
563.65	0.003
563.84	0.003
564.04	0.003
564.24	0.002
564.44	0.002
564.63	0.002
564.83	0.003
565.03	0.003
565.22	0.003
565.42	0.003
565.62	0.003
565.82	0.002
566.01	0.002
566.21	0.003
566.41	0.003
566.61	0.003
566.80	0.003
567.00	0.003
567.20	0.003
567.40	0.003
567.59	0.003
567.79	0.003
567.99	0.003
568.18	0.003
568.38	0.003
568.58	0.003
568.78	0.003
568.97	0.003
569.17	0.003
569.37	0.003
569.56	0.003
569.76	0.003
569.96	0.003
570.16	0.003
570.35	0.004
570.55	0.004
570.75	0.004
570.94	0.004
571.14	0.004
571.34	0.004
571.53	0.004
571.73	0.004
571.93	0.004
572.12	0.003
572.32	0.003
572.52	0.003
572.72	0.003
572.91	0.003
573.11	0.003
573.31	0.003
573.50	0.003
573.70	0.003
573.90	0.002
574.09	0.003
574.29	0.003
574.49	0.003
574.68	0.003
574.88	0.003
575.08	0.004
575.27	0.004
575.47	0.004
575.67	0.004
575.86	0.004
576.06	0.004
576.26	0.004
576.45	0.004
576.65	0.003
576.85	0.003
577.04	0.003
577.24	0.003
577.44	0.003
577.63	0.002
577.83	0.003
578.02	0.003
578.22	0.003
578.42	0.003
578.61	0.003
578.81	0.003
579.01	0.003
579.20	0.003
579.40	0.003
579.60	0.003
579.79	0.003
579.99	0.003
580.19	0.003
580.38	0.003
580.58	0.003
580.77	0.003
580.97	0.003
581.17	0.003
581.36	0.002
581.56	0.002
581.75	0.002
581.95	0.002
582.15	0.002
582.34	0.002
582.54	0.002
582.74	0.003
582.93	0.003
583.13	0.003
583.32	0.002
583.52	0.002
583.72	0.002
583.91	0.003
584.11	0.003
584.30	0.003
584.50	0.002
584.70	0.002
584.89	0.002
585.09	0.002
585.28	0.002
585.48	0.001
585.68	0.002
585.87	0.002
586.07	0.002
586.26	0.003
586.46	0.003
586.66	0.003
586.85	0.003
587.05	0.004
587.24	0.004
587.44	0.004
587.63	0.004
587.83	0.003
588.03	0.003
588.22	0.003
588.42	0.003
588.61	0.003
588.81	0.003
589.00	0.003
589.20	0.003
589.40	0.003
589.59	0.003
589.79	0.003
589.98	0.003
590.18	0.003
590.37	0.003
590.57	0.003
590.76	0.003
590.96	0.003
591.16	0.003
591.35	0.003
591.55	0.003
591.74	0.004
591.94	0.003
592.13	0.004
592.33	0.003
592.52	0.003
592.72	0.003
592.91	0.003
593.11	0.003
593.30	0.003
593.50	0.003
593.70	0.003
593.89	0.002
594.09	0.003
594.28	0.003
594.48	0.003
594.67	0.002
594.87	0.003
595.06	0.003
595.26	0.002
595.45	0.002
595.65	0.002
595.84	0.003
596.04	0.002
596.23	0.003
596.43	0.003
596.62	0.003
596.82	0.003
597.01	0.004
597.21	0.004
597.40	0.004
597.60	0.003
597.79	0.003
597.99	0.003
598.18	0.002
598.38	0.002
598.57	0.002
598.77	0.002
598.96	0.002
599.16	0.002
599.35	0.002
599.55	0.002
599.74	0.002
599.94	0.003
600.13	0.003
600.33	0.003
600.52	0.002
600.72	0.002
600.91	0.002
601.11	0.002
601.30	0.002
601.50	0.002
601.69	0.003
601.89	0.003
602.08	0.003
602.27	0.003
602.47	0.003
602.66	0.003
602.86	0.003
603.05	0.002
603.25	0.002
603.44	0.002
603.64	0.002
603.83	0.002
604.03	0.003
604.22	0.003
604.41	0.003
604.61	0.003
604.80	0.003
605.00	0.002
605.19	0.003
605.39	0.003
605.58	0.003
605.78	0.002
605.97	0.002
606.16	0.002
606.36	0.002
606.55	0.002
606.75	0.002
606.94	0.002
607.14	0.002
607.33	0.002
607.52	0.002
607.72	0.002
607.91	0.002
608.11	0.001
608.30	0.001
608.50	0.001
608.69	0.002
608.88	0.002
609.08	0.002
609.27	0.002
609.47	0.002
609.66	0.002
609.85	0.002
610.05	0.002
610.24	0.002
610.44	0.003
610.63	0.002
610.83	0.002
611.02	0.002
611.21	0.002
611.41	0.003
611.60	0.003
611.80	0.003
611.99	0.003
612.18	0.003
612.38	0.003
612.57	0.003
612.76	0.003
612.96	0.003
613.15	0.003
613.35	0.003
613.54	0.003
613.73	0.003
613.93	0.003
614.12	0.003
614.32	0.003
614.51	0.003
614.70	0.003
614.90	0.002
615.09	0.002
615.28	0.003
615.48	0.003
615.67	0.002
615.86	0.002
616.06	0.002
616.25	0.002
616.45	0.003
616.64	0.003
616.83	0.003
617.03	0.003
617.22	0.003
617.41	0.004
617.61	0.004
617.80	0.004
617.99	0.003
618.19	0.003
618.38	0.003
618.57	0.003
618.77	0.003
618.96	0.003
619.15	0.003
619.35	0.003
619.54	0.002
619.73	0.003
619.93	0.003
620.12	0.003
620.31	0.002
620.51	0.003
620.70	0.002
620.89	0.002
621.09	0.002
621.28	0.002
621.47	0.002
621.67	0.003
621.86	0.003
622.05	0.003
622.25	0.003
622.44	0.003
622.63	0.003
622.83	0.003
623.02	0.002
623.21	0.002
623.41	0.002
623.60	0.002
623.79	0.002
623.98	0.002
624.18	0.002
624.37	0.003
624.56	0.002
624.76	0.002
624.95	0.002
625.14	0.002
625.33	0.002
625.53	0.002
625.72	0.002
625.91	0.002
626.11	0.002
626.30	0.002
626.49	0.002
626.68	0.002
626.88	0.002
627.07	0.001
627.26	0.001
627.46	0.001
627.65	0.001
627.84	0.002
628.03	0.002
628.23	0.003
628.42	0.003
628.61	0.003
628.80	0.003
629.00	0.004
629.19	0.004
629.38	0.004
629.58	0.004
629.77	0.003
629.96	0.003
630.15	0.003
630.35	0.003
630.54	0.002
630.73	0.002
630.92	0.002
631.12	0.002
631.31	0.002
631.50	0.003
631.69	0.003
631.89	0.003
632.08	0.003
632.27	0.003
632.46	0.003
632.65	0.003
632.85	0.003
633.04	0.003
633.23	0.003
633.42	0.002
633.62	0.002
633.81	0.003
634.00	0.002
634.19	0.002
634.39	0.001
634.58	0.001
634.77	0.001
634.96	0.001
635.15	0.001
635.35	0.001
635.54	0.001
635.73	0.002
635.92	0.002
636.11	0.002
636.31	0.002
636.50	0.002
636.69	0.002
636.88	0.002
637.07	0.002
637.27	0.002
637.46	0.002
637.65	0.002
637.84	0.003
638.03	0.002
638.23	0.002
638.42	0.002
638.61	0.002
638.80	0.002
638.99	0.002
639.19	0.002
639.38	0.002
639.57	0.002
639.76	0.002
639.95	0.002
640.14	0.002
640.34	0.002
640.53	0.002
640.72	0.002
640.91	0.002
641.10	0.003
641.30	0.003
641.49	0.003
641.68	0.003
641.87	0.003
642.06	0.003
642.25	0.003
642.44	0.004
642.64	0.003
642.83	0.003
643.02	0.003
643.21	0.003
643.40	0.004
643.59	0.004
643.79	0.003
643.98	0.003
644.17	0.003
644.36	0.003
644.55	0.003
644.74	0.002
644.93	0.002
645.13	0.001
645.32	0.001
645.51	0.001
645.70	0.001
645.89	0.001
646.08	0.001
646.27	0.002
646.46	0.002
646.66	0.002
646.85	0.002
647.04	0.002
647.23	0.002
647.42	0.003
647.61	0.003
647.80	0.003
647.99	0.003
648.19	0.003
648.38	0.003
648.57	0.002
648.76	0.002
648.95	0.003
649.14	0.002
649.33	0.003
649.52	0.002
649.71	0.001
649.91	0.001
650.10	0.001
650.29	0.002
650.48	0.002
650.67	0.002
650.86	0.002
651.05	0.001
651.24	0.001
651.43	0.002
651.62	0.002
651.81	0.002
652.01	0.002
652.20	0.001
652.39	0.002
652.58	0.002
652.77	0.002
652.96	0.002
653.15	0.002
653.34	0.002
653.53	0.001
653.72	0.002
653.91	0.002
654.10	0.002
654.29	0.002
654.48	0.002
654.68	0.002
654.87	0.003
655.06	0.003
655.25	0.003
655.44	0.003
655.63	0.003
655.82	0.003
656.01	0.003
656.20	0.003
656.39	0.003
656.58	0.002
656.77	0.002
656.96	0.002
657.15	0.002
657.34	0.002
657.53	0.002
657.72	0.001
657.91	0.002
658.10	0.001
658.29	0.001
658.48	0.001
658.68	0.001
658.87	0.001
659.06	0.002
659.25	0.001
659.44	0.002
659.63	0.001
659.82	0.002
660.01	0.002
660.20	0.002
660.39	0.002
660.58	0.002
660.77	0.001
660.96	0.002
661.15	0.001
661.34	0.002
661.53	0.002
661.72	0.002
661.91	0.002
662.10	0.002
662.29	0.002
662.48	0.003
662.67	0.002
662.86	0.003
663.05	0.003
663.24	0.002
663.43	0.002
663.62	0.002
663.81	0.002
664.00	0.002
664.19	0.002
664.38	0.001
664.57	0.001
664.76	0.002
664.95	0.002
665.14	0.002
665.33	0.002
665.52	0.002
665.71	0.001
665.90	0.002
666.09	0.002
666.28	0.002
666.46	0.002
666.65	0.002
666.84	0.002
667.03	0.002
667.22	0.002
667.41	0.002
667.60	0.001
667.79	0.001
667.98	0.001
668.17	0.001
668.36	0.001
668.55	0.001
668.74	0.001
668.93	0.002
669.12	0.002
669.31	0.002
669.50	0.002
669.69	0.002
669.88	0.002
670.07	0.002
670.26	0.002
670.44	0.002
670.63	0.002
670.82	0.002
671.01	0.003
671.20	0.003
671.39	0.002
671.58	0.002
671.77	0.002
671.96	0.003
672.15	0.003
672.34	0.003
672.53	0.003
672.72	0.003
672.91	0.003
673.09	0.003
673.28	0.003
673.47	0.003
673.66	0.003
673.85	0.002
674.04	0.002
674.23	0.002
674.42	0.002
674.61	0.001
674.80	0.001
674.98	0.001
675.17	0.002
675.36	0.002
675.55	0.001
675.74	0.001
675.93	0.001
676.12	0.002
676.31	0.002
676.50	0.002
676.69	0.002
676.87	0.002
677.06	0.002
677.25	0.002
677.44	0.002
677.63	0.002
677.82	0.002
678.01	0.002
678.20	0.002
678.38	0.001
678.57	0.001
678.76	0.002
678.95	0.002
679.14	0.002
679.33	0.002
679.52	0.002
679.71	0.002
679.89	0.002
680.08	0.002
680.27	0.002
680.46	0.002
680.65	0.002
680.84	0.001
681.02	0.001
681.21	0.001
681.40	0.001
681.59	0.002
681.78	0.002
681.97	0.002
682.16	0.002
682.34	0.002
682.53	0.002
682.72	0.003
682.91	0.003
683.10	0.003
683.29	0.002
683.47	0.002
683.66	0.002
683.85	0.002
684.04	0.003
684.23	0.002
684.42	0.002
684.60	0.002
684.79	0.002
684.98	0.002
685.17	0.003
685.36	0.002
685.54	0.002
685.73	0.002
685.92	0.002
686.11	0.002
686.30	0.002
686.49	0.002
686.67	0.002
686.86	0.003
687.05	0.003
687.24	0.003
687.43	0.003
687.61	0.003
687.80	0.003
687.99	0.003
688.18	0.003
688.36	0.003
688.55	0.003
688.74	0.003
688.93	0.002
689.12	0.002
689.30	0.002
689.49	0.002
689.68	0.003
689.87	0.002
690.06	0.002
690.24	0.002
690.43	0.003
690.62	0.003
690.81	0.003
690.99	0.002
691.18	0.002
691.37	0.002
691.56	0.002
691.74	0.001
691.93	0.001
692.12	0.001
692.31	0.001
692.50	0.001
692.68	0.002
692.87	0.002
693.06	0.002
693.25	0.002
693.43	0.002
693.62	0.002
693.81	0.002
694.00	0.003
694.18	0.003
694.37	0.003
694.56	0.002
694.74	0.002
694.93	0.003
695.12	0.003
695.31	0.003
695.49	0.002
695.68	0.002
695.87	0.002
696.06	0.002
696.24	0.002
696.43	0.002
696.62	0.001
696.80	0.001
696.99	0.002
697.18	0.002
697.37	0.002
697.55	0.002
697.74	0.002
697.93	0.002
698.12	0.002
698.30	0.002
698.49	0.003
698.68	0.002
698.86	0.002
699.05	0.002
699.24	0.002
699.42	0.002
699.61	0.001
699.80	0.001
699.99	0.001
700.17	0.002
700.36	0.002
700.55	0.002
700.73	0.002
700.92	0.002
701.11	0.002
701.29	0.002
701.48	0.003
701.67	0.003
701.85	0.003
702.04	0.003
702.23	0.002
702.41	0.002
702.60	0.003
702.79	0.003
702.97	0.003
703.16	0.002
703.35	0.002
703.53	0.002
703.72	0.002
703.91	0.002
704.09	0.002
704.28	0.002
704.47	0.002
704.65	0.002
704.84	0.002
705.03	0.002
705.21	0.002
705.40	0.002
705.59	0.003
705.77	0.003
705.96	0.002
706.15	0.003
706.33	0.002
706.52	0.002
706.71	0.002
706.89	0.002
707.08	0.001
707.26	0.001
707.45	0.001
707.64	0.002
707.82	0.001
708.01	0.001
708.20	0.001
708.38	0.001
708.57	0.001
708.75	0.002
708.94	0.002
709.13	0.002
709.31	0.002
709.50	0.003
709.69	0.002
709.87	0.002
710.06	0.002
710.24	0.002
710.43	0.001
710.62	0.001
710.80	0.001
710.99	0.001
711.17	0.001
711.36	0.001
711.55	0.001
711.73	0.002
711.92	0.002
712.10	0.002
712.29	0.002
712.48	0.002
712.66	0.002
712.85	0.002
713.03	0.002
713.22	0.002
713.40	0.002
713.59	0.002
713.78	0.001
713.96	0.002
714.15	0.002
714.33	0.002
714.52	0.001
714.71	0.002
714.89	0.001
715.08	0.001
715.26	0.001
715.45	0.001
715.63	0.001
715.82	0.001
716.00	0.001
716.19	0.001
716.38	0.001
716.56	0.001
716.75	0.001
716.93	0.002
717.12	0.002
717.30	0.002
717.49	0.002
717.67	0.001
717.86	0.002
718.05	0.002
718.23	0.002
718.42	0.001
718.60	0.001
718.79	0.001
718.97	0.001
719.16	0.001
719.34	0.001
719.53	0.001
719.71	0.001
719.90	0.001
720.08	0.002
720.27	0.002
720.45	0.002
720.64	0.002
720.83	0.002
721.01	0.002
721.20	0.002
721.38	0.003
721.57	0.002
721.75	0.003
721.94	0.002
722.12	0.003
722.31	0.002
722.49	0.003
722.68	0.002
722.86	0.002
723.05	0.002
723.23	0.002
723.42	0.002
723.60	0.002
723.79	0.002
723.97	0.003
724.16	0.002
724.34	0.003
724.53	0.003
724.71	0.003
724.90	0.003
725.08	0.002
725.27	0.002
725.45	0.002
725.64	0.002
725.82	0.002
726.00	0.001
726.19	0.001
726.37	0.001
726.56	0.001
726.74	0.001
726.93	0.001
727.11	0.001
727.30	0.001
727.48	0.001
727.67	0.002
727.85	0.001
728.04	0.002
728.22	0.002
728.40	0.002
728.59	0.002
728.77	0.002
728.96	0.002
729.14	0.002
729.33	0.002
729.51	0.002
729.70	0.002
729.88	0.002
730.07	0.002
730.25	0.002
730.43	0.002
730.62	0.002
730.80	0.001
730.99	0.002
731.17	0.002
731.36	0.002
731.54	0.002
731.72	0.002
731.91	0.002
732.09	0.001
732.28	0.002
732.46	0.002
732.65	0.002
732.83	0.002
733.01	0.002
733.20	0.002
733.38	0.002
733.57	0.002
733.75	0.003
733.93	0.003
734.12	0.002
734.30	0.003
734.49	0.003
734.67	0.003
734.85	0.002
735.04	0.002
735.22	0.003
735.41	0.002
735.59	0.002
735.77	0.003
735.96	0.002
736.14	0.002
736.33	0.003
736.51	0.003
736.69	0.003
736.88	0.003
737.06	0.003
737.25	0.002
737.43	0.002
737.61	0.002
737.80	0.002
737.98	0.002
738.16	0.001
738.35	0.001
738.53	0.001
738.71	0.001
738.90	0.001
739.08	0.001
739.27	0.001
739.45	0.001
739.63	0.002
739.82	0.002
740.00	0.003
740.18	0.003
740.37	0.003
740.55	0.003
740.73	0.003
740.92	0.003
741.10	0.002
741.28	0.002
741.47	0.002
741.65	0.002
741.83	0.002
742.02	0.002
742.20	0.002
742.38	0.001
742.57	0.001
742.75	0.001
742.93	0.001
743.12	0.001
743.30	0.001
743.48	0.001
743.67	0.001
743.85	0.001
744.03	0.002
744.22	0.002
744.40	0.002
744.58	0.002
744.77	0.002
744.95	0.002
745.13	0.002
745.32	0.002
745.50	0.002
745.68	0.002
745.87	0.002
746.05	0.002
746.23	0.002
746.41	0.002
746.60	0.002
746.78	0.002
746.96	0.002
747.15	0.002
747.33	0.002
747.51	0.002
747.70	0.001
747.88	0.002
748.06	0.002
748.24	0.002
748.43	0.002
748.61	0.002
748.79	0.002
748.97	0.002
749.16	0.002
749.34	0.002
749.52	0.002
749.71	0.002
749.89	0.001
750.07	0.001
750.25	0.001
750.44	0.001
750.62	0.001
750.80	0.001
750.98	0.001
751.17	0.001
751.35	0.001
751.53	0.001
751.71	0.001
751.90	0.002
752.08	0.002
752.26	0.002
752.44	0.002
752.63	0.002
752.81	0.002
752.99	0.002
753.17	0.002
753.36	0.001
753.54	0.001
753.72	0.001
753.90	0.001
754.09	0.001
754.27	0.001
754.45	0.002
754.63	0.001
754.82	0.001
755.00	0.002
755.18	0.001
755.36	0.002
755.54	0.002
755.73	0.002
755.91	0.002
756.09	0.002
756.27	0.001
756.45	0.002
756.64	0.002
756.82	0.002
757.00	0.002
757.18	0.001
757.37	0.001
757.55	0.001
757.73	0.001
757.91	0.001
758.09	0.001
758.27	0.000
758.46	0.001
758.64	0.001
758.82	0.001
759.00	0.001
759.18	0.002
759.37	0.002
759.55	0.002
759.73	0.002
759.91	0.002
760.09	0.002
760.28	0.002
760.46	0.003
760.64	0.003
760.82	0.002
761.00	0.002
761.18	0.002
761.37	0.002
761.55	0.002
761.73	0.002
761.91	0.002
762.09	0.001
762.27	0.002
762.46	0.002
762.64	0.001
762.82	0.002
763.00	0.002
763.18	0.002
763.36	0.002
763.54	0.002
763.73	0.002
763.91	0.002
764.09	0.003
764.27	0.003
764.45	0.003
764.63	0.003
764.81	0.003
765.00	0.002
765.18	0.002
765.36	0.002
765.54	0.002
765.72	0.002
765.90	0.002
766.08	0.002
766.27	0.003
766.45	0.002
766.63	0.002
766.81	0.002
766.99	0.002
767.17	0.002
767.35	0.003
767.53	0.002
767.71	0.002
767.90	0.002
768.08	0.002
768.26	0.003
768.44	0.003
768.62	0.003
768.80	0.002
768.98	0.003
769.16	0.003
769.34	0.003
769.52	0.002
769.71	0.002
769.89	0.002
770.07	0.002
770.25	0.002
770.43	0.003
770.61	0.002
770.79	0.002
770.97	0.002
771.15	0.002
771.33	0.002
771.51	0.002
771.69	0.002
771.88	0.002
772.06	0.002
772.24	0.002
772.42	0.002
772.60	0.002
772.78	0.002
772.96	0.001
773.14	0.001
773.32	0.001
773.50	0.002
773.68	0.002
773.86	0.002
774.04	0.002
774.22	0.002
774.40	0.002
774.58	0.002
774.77	0.002
774.95	0.002
775.13	0.002
775.31	0.001
775.49	0.001
775.67	0.001
775.85	0.001
776.03	0.001
776.21	0.001
776.39	0.002
776.57	0.002
776.75	0.002
776.93	0.002
777.11	0.001
777.29	0.002
777.47	0.003
777.65	0.002
777.83	0.002
778.01	0.002
778.19	0.002
778.37	0.002
778.55	0.002
778.73	0.002
778.91	0.002
779.09	0.002
779.27	0.002
779.45	0.002
779.63	0.002
779.81	0.001
779.99	0.001
780.17	0.001
780.35	0.001
780.53	0.001
780.71	0.001
780.89	0.001
781.07	0.001
781.25	0.001
781.43	0.001
781.61	0.001
781.79	0.002
781.97	0.002
782.15	0.002
782.33	0.002
782.51	0.002
782.69	0.002
782.87	0.002
783.05	0.002
783.23	0.002
783.41	0.002
783.59	0.002
783.77	0.002
783.95	0.002
784.13	0.002
784.31	0.002
784.49	0.002
784.67	0.002
784.85	0.002
785.03	0.001
785.21	0.001
785.38	0.002
785.56	0.002
785.74	0.002
785.92	0.001
786.10	0.001
786.28	0.002
786.46	0.002
786.64	0.002
786.82	0.001
787.00	0.001
787.18	0.001
787.36	0.002
787.54	0.002
787.72	0.002
787.90	0.001
788.08	0.001
788.25	0.001
788.43	0.002
788.61	0.001
788.79	0.001
788.97	0.001
789.15	0.002
789.33	0.001
789.51	0.002
789.69	0.002
789.87	0.002
790.05	0.002
790.23	0.003
790.40	0.002
790.58	0.002
790.76	0.003
790.94	0.002
791.12	0.002
791.30	0.002
791.48	0.002
791.66	0.002
791.84	0.001
792.02	0.001
792.19	0.002
792.37	0.001
792.55	0.002
792.73	0.001
792.91	0.002
793.09	0.002
793.27	0.002
793.45	0.002
793.63	0.003
793.80	0.003
793.98	0.002
794.16	0.002
794.34	0.003
794.52	0.002
794.70	0.002
794.88	0.002
795.05	0.002
795.23	0.002
795.41	0.002
795.59	0.002
795.77	0.002
795.95	0.002
796.13	0.001
796.30	0.001
796.48	0.001
796.66	0.001
796.84	0.001
797.02	0.002
797.20	0.002
797.38	0.001
797.55	0.002
797.73	0.003
797.91	0.003
798.09	0.003
798.27	0.002
798.45	0.002
798.62	0.002
798.80	0.002
798.98	0.002
799.16	0.002
799.34	0.001
799.52	0.001
799.69	0.001
799.87	0.000
800.05	0.000
800.23	0.001
800.41	0.001
800.58	0.001
800.76	0.001
800.94	0.001
801.12	0.002
801.30	0.002
801.47	0.002
801.65	0.003
801.83	0.002
802.01	0.002
802.19	0.002
802.36	0.002
802.54	0.002
802.72	0.001
802.90	0.001
803.08	0.001
803.25	0.001
803.43	0.001
803.61	0.001
803.79	0.000
803.97	-0.000
804.14	-0.000
804.32	0.000
804.50	0.000
804.68	0.000
804.85	0.000
805.03	0.000
805.21	0.000
805.39	0.001
805.56	0.001
805.74	0.001
805.92	0.001
806.10	0.001
806.28	0.001
806.45	0.001
806.63	0.001
806.81	0.002
806.99	0.002
807.16	0.002
807.34	0.002
807.52	0.002
807.70	0.003
807.87	0.002
808.05	0.002
808.23	0.003
808.41	0.002
808.58	0.002
808.76	0.002
808.94	0.002
809.11	0.002
809.29	0.002
809.47	0.002
809.65	0.001
809.82	0.001
810.00	0.001
810.18	0.001
810.36	0.001
810.53	0.002
810.71	0.002
810.89	0.002
811.06	0.001
811.24	0.002
811.42	0.002
811.60	0.002
811.77	0.002
811.95	0.003
812.13	0.002
812.30	0.002
812.48	0.003
812.66	0.003
812.83	0.003
813.01	0.003
813.19	0.003
813.37	0.002
813.54	0.002
813.72	0.002
813.90	0.002
814.07	0.001
814.25	0.001
814.43	0.001
814.60	0.001
814.78	0.001
814.96	0.001
815.13	0.001
815.31	0.001
815.49	0.001
815.66	0.001
815.84	0.000
816.02	0.000
816.19	0.000
816.37	0.001
816.55	0.001
816.72	0.000
816.90	0.000
817.08	0.000
817.25	0.001
817.43	0.001
817.61	0.002
817.78	0.002
817.96	0.002
818.14	0.002
818.31	0.003
818.49	0.003
818.67	0.003
818.84	0.003
819.02	0.002
819.19	0.002
819.37	0.001
819.55	0.002
819.72	0.001
819.90	0.001
820.08	0.001
820.25	0.002
820.43	0.002
820.60	0.002
820.78	0.003
820.96	0.003
821.13	0.002
821.31	0.002
821.49	0.002
821.66	0.002
821.84	0.001
822.01	0.001
822.19	0.002
822.37	0.001
822.54	0.001
822.72	0.001
822.89	0.000
823.07	0.001
823.25	0.001
823.42	0.001
823.60	0.001
823.77	0.001
823.95	0.001
824.13	0.000
824.30	0.000
824.48	0.001
824.65	0.001
824.83	0.002
825.01	0.002
825.18	0.001
825.36	0.001
825.53	0.001
825.71	0.002
825.88	0.002
826.06	0.002
826.24	0.002
826.41	0.001
826.59	0.001
826.76	0.001
826.94	0.001
827.11	0.001
827.29	0.000
827.47	-0.000
827.64	-0.000
827.82	-0.000
827.99	0.000
828.17	0.001
828.34	0.001
828.52	0.000
828.69	0.001
828.87	0.001
829.04	0.001
829.22	0.001
829.40	0.001
829.57	0.002
829.75	0.001
829.92	0.001
830.10	0.002
830.27	0.002
830.45	0.001
830.62	0.001
830.80	0.001
830.97	0.001
831.15	0.001
831.32	0.001
831.50	0.002
831.67	0.001
831.85	0.002
832.02	0.002
832.20	0.003
832.37	0.003
832.55	0.003
832.73	0.002
832.90	0.002
833.08	0.002
833.25	0.002
833.43	0.002
833.60	0.002
833.78	0.002
833.95	0.001
834.13	0.001
834.30	0.001
834.48	0.002
834.65	0.002
834.82	0.002
835.00	0.002
835.17	0.002
835.35	0.002
835.52	0.003
835.70	0.002
835.87	0.002
836.05	0.002
836.22	0.002
836.40	0.002
836.57	0.002
836.75	0.002
836.92	0.002
837.10	0.001
837.27	0.002
837.45	0.001
837.62	0.002
837.80	0.002
837.97	0.001
838.14	0.001
838.32	0.001
838.49	0.001
838.67	0.001
838.84	0.001
839.02	0.001
839.19	0.000
839.37	0.001
839.54	0.001
839.71	0.001
839.89	0.001
840.06	0.001
840.24	0.001
840.41	0.002
840.59	0.002
840.76	0.003
840.94	0.002
841.11	0.002
841.28	0.003
841.46	0.002
841.63	0.003
841.81	0.002
841.98	0.002
842.15	0.002
842.33	0.002
842.50	0.002
842.68	0.002
842.85	0.002
843.03	0.003
843.20	0.002
843.37	0.002
843.55	0.002
843.72	0.002
843.90	0.002
844.07	0.002
844.24	0.002
844.42	0.001
844.59	0.000
844.77	0.001
844.94	0.001
845.11	0.001
845.29	0.001
845.46	0.000
845.63	0.000
845.81	0.000
845.98	0.000
846.16	0.001
846.33	0.001
846.50	0.001
846.68	0.001
846.85	0.001
847.02	0.001
847.20	0.001
847.37	0.002
847.55	0.002
847.72	0.001
847.89	0.002
848.07	0.001
848.24	0.001
848.41	0.001
848.59	0.000
848.76	0.001
848.93	0.001
849.11	0.001
849.28	0.001
849.45	0.001
849.63	0.002
849.80	0.002
849.97	0.002
850.15	0.003
850.32	0.002
850.49	0.002
850.67	0.002
850.84	0.002
851.01	0.001
851.19	0.001
851.36	0.001
851.53	0.001
851.71	0.001
851.88	0.001
852.05	0.000
852.23	-0.001
852.40	-0.000
852.57	-0.000
852.75	-0.001
852.92	-0.001
853.09	-0.001
853.27	-0.000
853.44	-0.000
853.61	-0.000
853.79	0.001
853.96	0.001
854.13	0.001
854.30	0.001
854.48	0.001
854.65	0.001
854.82	0.001
855.00	0.001
855.17	0.001
855.34	0.001
855.51	0.001
855.69	0.001
855.86	0.001
856.03	0.002
856.21	0.001
856.38	0.002
856.55	0.002
856.72	0.001
856.90	0.001
857.07	0.001
857.24	0.000
857.42	0.001
857.59	0.000
857.76	0.001
857.93	0.001
858.11	0.001
858.28	0.001
858.45	0.001
858.62	0.001
858.80	0.001
858.97	0.000
859.14	0.000
859.31	0.001
859.49	0.001
859.66	0.000
859.83	0.000
860.00	0.001
860.18	0.001
860.35	0.002
860.52	0.001
860.69	0.001
860.86	0.001
861.04	0.001
861.21	0.001
861.38	0.001
861.55	0.001
861.73	0.001
861.90	0.001
862.07	0.001
862.24	0.001
862.42	0.001
862.59	0.001
862.76	0.001
862.93	0.001
863.10	0.001
863.28	0.001
863.45	0.001
863.62	0.000
863.79	0.001
863.96	0.001
864.14	0.002
864.31	0.002
864.48	0.002
864.65	0.002
864.82	0.002
865.00	0.002
865.17	0.003
865.34	0.003
865.51	0.003
865.68	0.002
865.86	0.002
866.03	0.002
866.20	0.003
866.37	0.003
866.54	0.003
866.71	0.002
866.89	0.002
867.06	0.002
867.23	0.002
867.40	0.002
867.57	0.002
867.74	0.002
867.92	0.002
868.09	0.002
868.26	0.002
868.43	0.002
868.60	0.002
868.77	0.003
868.95	0.002
869.12	0.002
869.29	0.001
869.46	0.001
869.63	0.002
869.80	0.002
869.97	0.002
870.15	0.001
870.32	0.001
870.49	0.002
870.66	0.002
870.83	0.002
871.00	0.002
871.17	0.002
871.34	0.003
871.52	0.002
871.69	0.003
871.86	0.003
872.03	0.003
872.20	0.003
872.37	0.003
872.54	0.003
872.71	0.003
872.89	0.003
873.06	0.003
873.23	0.003
873.40	0.003
873.57	0.002
873.74	0.002
873.91	0.001
874.08	0.001
874.25	0.002
874.42	0.002
874.60	0.002
874.77	0.002
874.94	0.002
875.11	0.003
875.28	0.003
875.45	0.003
875.62	0.003
875.79	0.003
875.96	0.003
876.13	0.003
876.30	0.002
876.47	0.002
876.65	0.002
876.82	0.002
876.99	0.002
877.16	0.001
877.33	0.002
877.50	0.002
877.67	0.002
877.84	0.002
878.01	0.002
878.18	0.002
878.35	0.002
878.52	0.003
878.69	0.003
878.86	0.002
879.03	0.002
879.20	0.002
879.38	0.002
879.55	0.002
879.72	0.002
879.89	0.001
880.06	0.001
880.23	0.001
880.40	0.002
880.57	0.003
880.74	0.003
880.91	0.003
881.08	0.003
881.25	0.003
881.42	0.003
881.59	0.003
881.76	0.003
881.93	0.003
882.10	0.001
882.27	0.001
882.44	0.001
882.61	0.001
882.78	0.001
882.95	0.001
883.12	0.001
883.29	0.002
883.46	0.001
883.63	0.001
883.80	0.000
883.97	0.001
884.14	0.001
884.31	0.001
884.48	0.001
884.65	0.000
884.82	-0.000
884.99	0.001
885.16	0.001
885.33	0.002
885.50	0.002
885.67	0.001
885.84	0.001
886.01	0.001
886.18	0.001
886.35	0.001
886.52	0.002
886.69	0.003
886.86	0.004
887.03	0.004
887.20	0.005
887.37	0.005
887.54	0.005
887.71	0.005
887.88	0.005
888.05	0.004
888.22	0.003
888.39	0.002
888.55	0.002
888.72	0.002
888.89	0.002
889.06	0.001
889.23	0.001
889.40	0.002
889.57	0.002
889.74	0.001
889.91	0.001
890.08	0.000
890.25	0.000
890.42	0.001
890.59	0.002
890.76	0.001
890.93	0.001
891.10	0.001
891.26	0.000
891.43	-0.000
891.60	0.001
891.77	0.001
891.94	0.001
892.11	0.001
892.28	0.002
892.45	0.003
892.62	0.004
892.79	0.004
892.96	0.006
893.13	0.005
893.29	0.005
893.46	0.005
893.63	0.005
893.80	0.005
893.97	0.004
894.14	0.004
894.31	0.005
894.48	0.009
894.65	0.003
894.81	0.004
894.98	0.006
