177.34	0.045
177.56	0.045
177.78	0.045
178.00	-0.000
178.22	-0.597
178.44	-0.660
178.66	-0.559
178.89	-0.460
179.11	-0.465
179.33	-0.442
179.55	-1.476
179.77	-0.000
179.99	-0.000
180.21	0.585
180.43	-0.000
180.65	-0.075
180.87	0.106
181.09	0.171
181.31	0.193
181.53	0.270
181.75	0.248
181.97	0.270
182.19	0.258
182.41	0.231
182.63	0.243
182.85	0.221
183.07	0.241
183.30	0.280
183.52	0.237
183.74	0.271
183.96	0.282
184.18	0.308
184.40	0.328
184.62	0.331
184.84	0.389
185.06	0.391
185.28	0.380
185.50	0.431
185.72	0.441
185.94	0.459
186.16	0.455
186.38	0.484
186.60	0.497
186.82	0.521
187.04	0.526
187.26	0.553
187.48	0.569
187.70	0.600
187.92	0.638
188.14	0.669
188.36	0.710
188.58	0.744
188.80	0.756
189.02	0.804
189.24	0.840
189.46	0.879
189.68	0.892
189.90	0.895
190.12	0.929
190.34	0.926
190.56	0.982
190.78	1.023
191.00	1.077
191.22	1.090
191.44	1.084
191.66	1.131
191.88	1.142
192.10	1.146
192.32	1.174
192.54	1.137
192.76	1.143
192.98	1.121
193.20	1.146
193.42	1.180
193.64	1.177
193.86	1.188
194.08	1.197
194.30	1.229
194.52	1.246
194.74	1.273
194.96	1.287
195.18	1.294
195.40	1.312
195.62	1.323
195.84	1.397
196.06	1.445
196.28	1.451
196.50	1.451
196.72	1.439
196.94	1.444
197.16	1.443
197.38	1.430
197.60	1.442
197.82	1.412
198.04	1.374
198.26	1.379
198.48	1.389
198.70	1.399
198.92	1.388
199.13	1.395
199.35	1.373
199.57	1.369
199.79	1.362
200.01	1.388
200.23	1.401
200.45	1.444
200.67	1.460
200.89	1.476
201.11	1.472
201.33	1.509
201.55	1.534
201.77	1.550
201.99	1.522
202.21	1.533
202.43	1.533
202.65	1.540
202.87	1.543
203.09	1.575
203.31	1.592
203.52	1.604
203.74	1.592
203.96	1.628
204.18	1.576
204.40	1.585
204.62	1.582
204.84	1.592
205.06	1.576
205.28	1.570
205.50	1.560
205.72	1.584
205.94	1.607
206.16	1.643
206.38	1.634
206.59	1.638
206.81	1.634
207.03	1.649
207.25	1.651
207.47	1.672
207.69	1.665
207.91	1.644
208.13	1.658
208.35	1.688
208.57	1.681
208.79	1.691
209.01	1.692
209.22	1.693
209.44	1.708
209.66	1.723
209.88	1.729
210.10	1.735
210.32	1.714
210.54	1.732
210.76	1.730
210.98	1.728
211.20	1.748
211.42	1.739
211.63	1.746
211.85	1.765
212.07	1.740
212.29	1.749
212.51	1.748
212.73	1.762
212.95	1.790
213.17	1.779
213.39	1.773
213.60	1.775
213.82	1.761
214.04	1.766
214.26	1.756
214.48	1.773
214.70	1.772
214.92	1.776
215.14	1.802
215.35	1.812
215.57	1.802
215.79	1.823
216.01	1.832
216.23	1.855
216.45	1.859
216.67	1.874
216.89	1.854
217.10	1.846
217.32	1.851
217.54	1.867
217.76	1.849
217.98	1.878
218.20	1.864
218.42	1.862
218.64	1.858
218.85	1.855
219.07	1.850
219.29	1.832
219.51	1.825
219.73	1.816
219.95	1.790
220.17	1.783
220.38	1.776
220.60	1.759
220.82	1.747
221.04	1.740
221.26	1.727
221.48	1.716
221.69	1.709
221.91	1.703
222.13	1.691
222.35	1.670
222.57	1.658
222.79	1.641
223.00	1.619
223.22	1.607
223.44	1.587
223.66	1.567
223.88	1.533
224.10	1.517
224.32	1.493
224.53	1.475
224.75	1.460
224.97	1.439
225.19	1.415
225.41	1.394
225.62	1.374
225.84	1.358
226.06	1.332
226.28	1.307
226.50	1.289
226.72	1.267
226.93	1.245
227.15	1.227
227.37	1.207
227.59	1.186
227.81	1.168
228.02	1.150
228.24	1.134
228.46	1.114
228.68	1.094
228.90	1.075
229.12	1.054
229.33	1.034
229.55	1.016
229.77	0.998
229.99	0.981
230.21	0.964
230.42	0.946
230.64	0.930
230.86	0.916
231.08	0.901
231.30	0.887
231.51	0.871
231.73	0.857
231.95	0.843
232.17	0.827
232.38	0.814
232.60	0.800
232.82	0.784
233.04	0.771
233.26	0.757
233.47	0.744
233.69	0.731
233.91	0.718
234.13	0.706
234.35	0.695
234.56	0.683
234.78	0.672
235.00	0.660
235.22	0.651
235.43	0.639
235.65	0.628
235.87	0.619
236.09	0.609
236.30	0.599
236.52	0.590
236.74	0.580
236.96	0.570
237.18	0.561
237.39	0.553
237.61	0.544
237.83	0.535
238.05	0.525
238.26	0.516
238.48	0.507
238.70	0.499
238.92	0.491
239.13	0.482
239.35	0.474
239.57	0.467
239.79	0.459
240.00	0.453
240.22	0.445
240.44	0.439
240.66	0.432
240.87	0.426
241.09	0.419
241.31	0.413
241.53	0.406
241.74	0.401
241.96	0.395
242.18	0.390
242.40	0.385
242.61	0.379
242.83	0.375
243.05	0.370
243.27	0.365
243.48	0.362
243.70	0.357
243.92	0.353
244.13	0.349
244.35	0.346
244.57	0.341
244.79	0.337
245.00	0.334
245.22	0.330
245.44	0.327
245.65	0.324
245.87	0.321
246.09	0.318
246.31	0.315
246.52	0.312
246.74	0.310
246.96	0.307
247.18	0.305
247.39	0.302
247.61	0.299
247.83	0.297
248.04	0.295
248.26	0.293
248.48	0.291
248.69	0.288
248.91	0.286
249.13	0.284
249.35	0.282
249.56	0.280
249.78	0.278
250.00	0.277
250.21	0.275
250.43	0.273
250.65	0.271
250.86	0.269
251.08	0.267
251.30	0.266
251.51	0.263
251.73	0.262
251.95	0.260
252.17	0.258
252.38	0.257
252.60	0.256
252.82	0.254
253.03	0.253
253.25	0.252
253.47	0.251
253.68	0.249
253.90	0.248
254.12	0.247
254.33	0.246
254.55	0.245
254.77	0.244
254.98	0.243
255.20	0.242
255.42	0.241
255.63	0.241
255.85	0.239
256.07	0.238
256.28	0.237
256.50	0.236
256.72	0.236
256.93	0.234
257.15	0.233
257.37	0.232
257.58	0.231
257.80	0.230
258.02	0.230
258.23	0.229
258.45	0.228
258.67	0.226
258.88	0.225
259.10	0.224
259.32	0.224
259.53	0.223
259.75	0.222
259.96	0.221
260.18	0.220
260.40	0.219
260.61	0.219
260.83	0.218
261.05	0.218
261.26	0.217
261.48	0.216
261.70	0.216
261.91	0.216
262.13	0.215
262.34	0.214
262.56	0.214
262.78	0.214
262.99	0.213
263.21	0.212
263.43	0.211
263.64	0.210
263.86	0.210
264.07	0.208
264.29	0.209
264.51	0.208
264.72	0.207
264.94	0.206
265.16	0.205
265.37	0.205
265.59	0.204
265.80	0.204
266.02	0.204
266.24	0.203
266.45	0.202
266.67	0.202
266.88	0.201
267.10	0.201
267.32	0.200
267.53	0.199
267.75	0.199
267.96	0.198
268.18	0.198
268.40	0.197
268.61	0.197
268.83	0.196
269.04	0.196
269.26	0.196
269.48	0.195
269.69	0.194
269.91	0.194
270.12	0.193
270.34	0.193
270.56	0.192
270.77	0.191
270.99	0.190
271.20	0.189
271.42	0.188
271.64	0.188
271.85	0.187
272.07	0.187
272.28	0.185
272.50	0.185
272.71	0.184
272.93	0.183
273.15	0.183
273.36	0.182
273.58	0.181
273.79	0.180
274.01	0.179
274.22	0.179
274.44	0.178
274.66	0.178
274.87	0.177
275.09	0.175
275.30	0.174
275.52	0.174
275.73	0.173
275.95	0.172
276.16	0.172
276.38	0.171
276.60	0.171
276.81	0.170
277.03	0.170
277.24	0.169
277.46	0.168
277.67	0.168
277.89	0.167
278.10	0.167
278.32	0.166
278.53	0.165
278.75	0.164
278.97	0.163
279.18	0.162
279.40	0.161
279.61	0.160
279.83	0.159
280.04	0.158
280.26	0.157
280.47	0.156
280.69	0.156
280.90	0.155
281.12	0.155
281.33	0.154
281.55	0.154
281.76	0.153
281.98	0.152
282.20	0.151
282.41	0.151
282.63	0.150
282.84	0.149
283.06	0.148
283.27	0.147
283.49	0.146
283.70	0.146
283.92	0.144
284.13	0.144
284.35	0.143
284.56	0.142
284.78	0.142
284.99	0.141
285.21	0.140
285.42	0.139
285.64	0.138
285.85	0.138
286.07	0.137
286.28	0.136
286.50	0.135
286.71	0.135
286.93	0.134
287.14	0.133
287.36	0.133
287.57	0.132
287.79	0.132
288.00	0.131
288.22	0.131
288.43	0.130
288.65	0.129
288.86	0.128
289.08	0.128
289.29	0.127
289.51	0.127
289.72	0.126
289.94	0.126
290.15	0.125
290.37	0.125
290.58	0.125
290.80	0.124
291.01	0.124
291.22	0.123
291.44	0.123
291.65	0.122
291.87	0.121
292.08	0.121
292.30	0.121
292.51	0.120
292.73	0.119
292.94	0.119
293.16	0.118
293.37	0.118
293.59	0.117
293.80	0.117
294.02	0.116
294.23	0.115
294.44	0.115
294.66	0.115
294.87	0.114
295.09	0.114
295.30	0.114
295.52	0.114
295.73	0.113
295.95	0.113
296.16	0.112
296.37	0.112
296.59	0.111
296.80	0.110
297.02	0.110
297.23	0.109
297.45	0.109
297.66	0.109
297.88	0.108
298.09	0.108
298.30	0.108
298.52	0.107
298.73	0.107
298.95	0.106
299.16	0.106
299.38	0.105
299.59	0.105
299.80	0.104
300.02	0.104
300.23	0.103
300.45	0.102
300.66	0.102
300.88	0.101
301.09	0.101
301.30	0.101
301.52	0.100
301.73	0.100
301.95	0.100
302.16	0.100
302.37	0.099
302.59	0.099
302.80	0.098
303.02	0.097
303.23	0.097
303.45	0.096
303.66	0.096
303.87	0.095
304.09	0.095
304.30	0.094
304.52	0.094
304.73	0.093
304.94	0.093
305.16	0.092
305.37	0.092
305.59	0.091
305.80	0.090
306.01	0.089
306.23	0.089
306.44	0.088
306.65	0.088
306.87	0.087
307.08	0.087
307.30	0.087
307.51	0.087
307.72	0.088
307.94	0.088
308.15	0.089
308.37	0.090
308.58	0.090
308.79	0.091
309.01	0.090
309.22	0.090
309.43	0.090
309.65	0.089
309.86	0.089
310.07	0.087
310.29	0.087
310.50	0.086
310.72	0.084
310.93	0.083
311.14	0.082
311.36	0.081
311.57	0.080
311.78	0.079
312.00	0.079
312.21	0.078
312.42	0.078
312.64	0.078
312.85	0.078
313.07	0.078
313.28	0.078
313.49	0.078
313.71	0.077
313.92	0.077
314.13	0.077
314.35	0.076
314.56	0.076
314.77	0.076
314.99	0.075
315.20	0.075
315.41	0.075
315.63	0.075
315.84	0.075
316.05	0.074
316.27	0.074
316.48	0.074
316.69	0.073
316.91	0.073
317.12	0.073
317.33	0.073
317.55	0.072
317.76	0.072
317.97	0.072
318.19	0.072
318.40	0.072
318.61	0.072
318.83	0.072
319.04	0.071
319.25	0.071
319.47	0.070
319.68	0.069
319.89	0.069
320.10	0.069
320.32	0.068
320.53	0.068
320.74	0.068
320.96	0.068
321.17	0.068
321.38	0.068
321.60	0.068
321.81	0.067
322.02	0.067
322.24	0.067
322.45	0.066
322.66	0.066
322.87	0.065
323.09	0.065
323.30	0.064
323.51	0.064
323.73	0.064
323.94	0.063
324.15	0.063
324.36	0.063
324.58	0.063
324.79	0.063
325.00	0.063
325.22	0.064
325.43	0.063
325.64	0.064
325.85	0.064
326.07	0.063
326.28	0.063
326.49	0.063
326.71	0.063
326.92	0.063
327.13	0.062
327.34	0.062
327.56	0.061
327.77	0.061
327.98	0.061
328.19	0.061
328.41	0.060
328.62	0.060
328.83	0.060
329.04	0.060
329.26	0.059
329.47	0.059
329.68	0.058
329.90	0.058
330.11	0.058
330.32	0.058
330.53	0.057
330.75	0.057
330.96	0.057
331.17	0.058
331.38	0.057
331.60	0.058
331.81	0.058
332.02	0.058
332.23	0.058
332.44	0.058
332.66	0.057
332.87	0.057
333.08	0.057
333.29	0.057
333.51	0.057
333.72	0.057
333.93	0.056
334.14	0.056
334.36	0.056
334.57	0.056
334.78	0.056
334.99	0.056
335.21	0.055
335.42	0.055
335.63	0.054
335.84	0.054
336.05	0.054
336.27	0.054
336.48	0.054
336.69	0.053
336.90	0.053
337.11	0.053
337.33	0.053
337.54	0.053
337.75	0.053
337.96	0.052
338.18	0.052
338.39	0.052
338.60	0.052
338.81	0.052
339.02	0.051
339.24	0.051
339.45	0.051
339.66	0.051
339.87	0.051
340.08	0.051
340.30	0.050
340.51	0.050
340.72	0.050
340.93	0.050
341.14	0.050
341.36	0.050
341.57	0.049
341.78	0.049
341.99	0.049
342.20	0.050
342.41	0.049
342.63	0.049
342.84	0.049
343.05	0.049
343.26	0.049
343.47	0.049
343.69	0.049
343.90	0.049
344.11	0.048
344.32	0.049
344.53	0.049
344.74	0.049
344.96	0.048
345.17	0.047
345.38	0.047
345.59	0.046
345.80	0.047
346.01	0.046
346.23	0.046
346.44	0.045
346.65	0.045
346.86	0.045
347.07	0.045
347.28	0.045
347.50	0.045
347.71	0.045
347.92	0.045
348.13	0.045
348.34	0.045
348.55	0.044
348.76	0.044
348.98	0.044
349.19	0.044
349.40	0.043
349.61	0.043
349.82	0.043
350.03	0.043
350.24	0.043
350.46	0.043
350.67	0.043
350.88	0.043
351.09	0.042
351.30	0.042
351.51	0.042
351.72	0.041
351.93	0.041
352.15	0.041
352.36	0.041
352.57	0.040
352.78	0.041
352.99	0.041
353.20	0.040
353.41	0.040
353.62	0.041
353.84	0.041
354.05	0.040
354.26	0.041
354.47	0.041
354.68	0.041
354.89	0.041
355.10	0.041
355.31	0.041
355.52	0.040
355.74	0.040
355.95	0.040
356.16	0.039
356.37	0.039
356.58	0.038
356.79	0.038
357.00	0.037
357.21	0.037
357.42	0.036
357.63	0.036
357.85	0.036
358.06	0.036
358.27	0.036
358.48	0.036
358.69	0.035
358.90	0.035
359.11	0.036
359.32	0.036
359.53	0.036
359.74	0.036
359.95	0.035
360.17	0.035
360.38	0.035
360.59	0.035
360.80	0.034
361.01	0.034
361.22	0.034
361.43	0.034
361.64	0.034
361.85	0.034
362.06	0.034
362.27	0.033
362.48	0.033
362.69	0.033
362.90	0.033
363.12	0.033
363.33	0.033
363.54	0.033
363.75	0.033
363.96	0.032
364.17	0.032
364.38	0.032
364.59	0.032
364.80	0.031
365.01	0.031
365.22	0.031
365.43	0.031
365.64	0.030
365.85	0.030
366.06	0.030
366.27	0.030
366.48	0.030
366.69	0.030
366.90	0.030
367.11	0.030
367.32	0.030
367.54	0.030
367.75	0.030
367.96	0.030
368.17	0.029
368.38	0.029
368.59	0.028
368.80	0.029
369.01	0.029
369.22	0.028
369.43	0.028
369.64	0.028
369.85	0.028
370.06	0.029
370.27	0.029
370.48	0.029
370.69	0.029
370.90	0.029
371.11	0.029
371.32	0.028
371.53	0.028
371.74	0.028
371.95	0.027
372.16	0.027
372.37	0.028
372.58	0.028
372.79	0.028
373.00	0.027
373.21	0.027
373.42	0.027
373.63	0.026
373.84	0.026
374.05	0.025
374.26	0.025
374.47	0.025
374.68	0.025
374.89	0.025
375.10	0.025
375.31	0.026
375.52	0.026
375.73	0.026
375.94	0.026
376.15	0.026
376.36	0.026
376.57	0.026
376.78	0.025
376.99	0.025
377.20	0.025
377.41	0.024
377.62	0.024
377.83	0.024
378.04	0.023
378.25	0.022
378.46	0.023
378.67	0.023
378.88	0.023
379.09	0.023
379.30	0.024
379.51	0.023
379.72	0.023
379.92	0.023
380.13	0.024
380.34	0.023
380.55	0.023
380.76	0.023
380.97	0.023
381.18	0.022
381.39	0.022
381.60	0.022
381.81	0.022
382.02	0.022
382.23	0.022
382.44	0.022
382.65	0.022
382.86	0.022
383.07	0.022
383.28	0.022
383.49	0.023
383.70	0.022
383.91	0.022
384.11	0.022
384.32	0.022
384.53	0.021
384.74	0.021
384.95	0.021
385.16	0.021
385.37	0.020
385.58	0.020
385.79	0.020
386.00	0.021
386.21	0.021
386.42	0.021
386.63	0.021
386.84	0.020
387.04	0.020
387.25	0.020
387.46	0.020
387.67	0.020
387.88	0.019
388.09	0.019
388.30	0.019
388.51	0.019
388.72	0.019
388.93	0.018
389.14	0.018
389.34	0.018
389.55	0.018
389.76	0.018
389.97	0.018
390.18	0.018
390.39	0.018
390.60	0.018
390.81	0.018
391.02	0.018
391.23	0.018
391.43	0.018
391.64	0.018
391.85	0.018
392.06	0.018
392.27	0.017
392.48	0.017
392.69	0.017
392.90	0.017
393.11	0.017
393.31	0.017
393.52	0.016
393.73	0.017
393.94	0.017
394.15	0.017
394.36	0.016
394.57	0.016
394.78	0.017
394.98	0.016
395.19	0.016
395.40	0.016
395.61	0.016
395.82	0.016
396.03	0.016
396.24	0.016
396.44	0.017
396.65	0.016
396.86	0.016
397.07	0.016
397.28	0.017
397.49	0.017
397.70	0.016
397.90	0.016
398.11	0.016
398.32	0.016
398.53	0.016
398.74	0.016
398.95	0.016
399.16	0.016
399.36	0.016
399.57	0.016
399.78	0.016
399.99	0.017
400.20	0.016
400.41	0.016
400.61	0.015
400.82	0.015
401.03	0.015
401.24	0.015
401.45	0.014
401.66	0.015
401.86	0.014
402.07	0.015
402.28	0.014
402.49	0.014
402.70	0.014
402.91	0.014
403.11	0.013
403.32	0.013
403.53	0.013
403.74	0.013
403.95	0.013
404.15	0.013
404.36	0.014
404.57	0.014
404.78	0.014
404.99	0.014
405.20	0.014
405.40	0.014
405.61	0.014
405.82	0.015
406.03	0.014
406.24	0.014
406.44	0.014
406.65	0.015
406.86	0.015
407.07	0.016
407.28	0.015
407.48	0.015
407.69	0.015
407.90	0.015
408.11	0.015
408.32	0.014
408.52	0.014
408.73	0.014
408.94	0.014
409.15	0.014
409.35	0.014
409.56	0.014
409.77	0.014
409.98	0.014
410.19	0.015
410.39	0.014
410.60	0.014
410.81	0.014
411.02	0.015
411.22	0.014
411.43	0.014
411.64	0.014
411.85	0.014
412.05	0.014
412.26	0.014
412.47	0.014
412.68	0.013
412.89	0.013
413.09	0.013
413.30	0.013
413.51	0.013
413.72	0.013
413.92	0.014
414.13	0.014
414.34	0.013
414.55	0.013
414.75	0.013
414.96	0.013
415.17	0.013
415.38	0.013
415.58	0.013
415.79	0.012
416.00	0.013
416.21	0.013
416.41	0.013
416.62	0.014
416.83	0.013
417.03	0.014
417.24	0.014
417.45	0.013
417.66	0.013
417.86	0.013
418.07	0.012
418.28	0.013
418.49	0.012
418.69	0.012
418.90	0.012
419.11	0.012
419.31	0.012
419.52	0.012
419.73	0.013
419.94	0.013
420.14	0.013
420.35	0.013
420.56	0.013
420.76	0.013
420.97	0.013
421.18	0.013
421.39	0.014
421.59	0.013
421.80	0.013
422.01	0.013
422.21	0.013
422.42	0.013
422.63	0.013
422.84	0.012
423.04	0.013
423.25	0.012
423.46	0.012
423.66	0.012
423.87	0.012
424.08	0.012
424.28	0.012
424.49	0.012
424.70	0.013
424.90	0.013
425.11	0.013
425.32	0.013
425.52	0.013
425.73	0.013
425.94	0.013
426.15	0.013
426.35	0.013
426.56	0.013
426.77	0.013
426.97	0.012
427.18	0.012
427.39	0.012
427.59	0.011
427.80	0.011
428.01	0.011
428.21	0.011
428.42	0.011
428.63	0.011
428.83	0.011
429.04	0.012
429.25	0.012
429.45	0.011
429.66	0.011
429.87	0.011
430.07	0.011
430.28	0.011
430.48	0.012
430.69	0.011
430.90	0.011
431.10	0.011
431.31	0.013
431.52	0.013
431.72	0.013
431.93	0.013
432.14	0.013
432.34	0.013
432.55	0.013
432.76	0.013
432.96	0.013
433.17	0.012
433.37	0.012
433.58	0.012
433.79	0.012
433.99	0.011
434.20	0.011
434.41	0.012
434.61	0.012
434.82	0.011
435.02	0.011
435.23	0.011
435.44	0.011
435.64	0.011
435.85	0.012
436.06	0.011
436.26	0.011
436.47	0.011
436.67	0.011
436.88	0.012
437.09	0.012
437.29	0.012
437.50	0.011
437.70	0.011
437.91	0.010
438.12	0.010
438.32	0.010
438.53	0.010
438.73	0.010
438.94	0.010
439.15	0.011
439.35	0.011
439.56	0.011
439.76	0.011
439.97	0.011
440.18	0.011
440.38	0.011
440.59	0.011
440.79	0.010
441.00	0.010
441.20	0.010
441.41	0.011
441.62	0.011
441.82	0.011
442.03	0.011
442.23	0.012
442.44	0.012
442.65	0.012
442.85	0.012
443.06	0.012
443.26	0.011
443.47	0.012
443.67	0.012
443.88	0.011
444.09	0.011
444.29	0.010
444.50	0.011
444.70	0.010
444.91	0.010
445.11	0.010
445.32	0.010
445.52	0.010
445.73	0.010
445.94	0.010
446.14	0.011
446.35	0.012
446.55	0.012
446.76	0.012
446.96	0.012
447.17	0.012
447.37	0.012
447.58	0.011
447.78	0.011
447.99	0.010
448.20	0.010
448.40	0.010
448.61	0.009
448.81	0.009
449.02	0.010
449.22	0.011
449.43	0.011
449.63	0.010
449.84	0.011
450.04	0.011
450.25	0.011
450.45	0.011
450.66	0.012
450.86	0.011
451.07	0.011
451.27	0.010
451.48	0.011
451.68	0.011
451.89	0.010
452.09	0.010
452.30	0.010
452.50	0.010
452.71	0.010
452.91	0.010
453.12	0.010
453.33	0.010
453.53	0.010
453.74	0.011
453.94	0.011
454.15	0.010
454.35	0.010
454.56	0.010
454.76	0.011
454.96	0.011
455.17	0.011
455.37	0.011
455.58	0.011
455.78	0.011
455.99	0.011
456.19	0.011
456.40	0.010
456.60	0.010
456.81	0.010
457.01	0.010
457.22	0.011
457.42	0.011
457.63	0.011
457.83	0.012
458.04	0.011
458.24	0.011
458.45	0.011
458.65	0.011
458.86	0.012
459.06	0.012
459.27	0.012
459.47	0.011
459.67	0.011
459.88	0.011
460.08	0.011
460.29	0.011
460.49	0.010
460.70	0.009
460.90	0.009
461.11	0.009
461.31	0.010
461.52	0.010
461.72	0.010
461.92	0.011
462.13	0.012
462.33	0.012
462.54	0.012
462.74	0.012
462.95	0.012
463.15	0.011
463.36	0.011
463.56	0.011
463.76	0.010
463.97	0.010
464.17	0.010
464.38	0.010
464.58	0.010
464.79	0.010
464.99	0.010
465.19	0.010
465.40	0.009
465.60	0.010
465.81	0.010
466.01	0.010
466.22	0.010
466.42	0.010
466.62	0.010
466.83	0.011
467.03	0.011
467.24	0.011
467.44	0.011
467.65	0.010
467.85	0.010
468.05	0.009
468.26	0.009
468.46	0.009
468.67	0.009
468.87	0.009
469.07	0.008
469.28	0.008
469.48	0.009
469.69	0.009
469.89	0.009
470.09	0.010
470.30	0.010
470.50	0.010
470.71	0.010
470.91	0.010
471.11	0.010
471.32	0.010
471.52	0.010
471.72	0.010
471.93	0.009
472.13	0.008
472.34	0.009
472.54	0.008
472.74	0.008
472.95	0.009
473.15	0.008
473.35	0.008
473.56	0.009
473.76	0.010
473.97	0.010
474.17	0.010
474.37	0.010
474.58	0.011
474.78	0.011
474.98	0.011
475.19	0.011
475.39	0.011
475.60	0.010
475.80	0.010
476.00	0.010
476.21	0.010
476.41	0.010
476.61	0.009
476.82	0.010
477.02	0.010
477.22	0.010
477.43	0.010
477.63	0.011
477.83	0.011
478.04	0.010
478.24	0.010
478.44	0.010
478.65	0.009
478.85	0.009
479.05	0.009
479.26	0.009
479.46	0.009
479.66	0.009
479.87	0.009
480.07	0.010
480.27	0.010
480.48	0.010
480.68	0.010
480.88	0.009
481.09	0.009
481.29	0.009
481.49	0.009
481.70	0.009
481.90	0.009
482.10	0.008
482.31	0.008
482.51	0.008
482.71	0.009
482.92	0.009
483.12	0.009
483.32	0.009
483.52	0.009
483.73	0.009
483.93	0.009
484.13	0.009
484.34	0.009
484.54	0.009
484.74	0.009
484.95	0.008
485.15	0.008
485.35	0.008
485.55	0.008
485.76	0.009
485.96	0.009
486.16	0.009
486.37	0.010
486.57	0.010
486.77	0.010
486.97	0.010
487.18	0.010
487.38	0.010
487.58	0.010
487.79	0.010
487.99	0.009
488.19	0.009
488.39	0.009
488.60	0.009
488.80	0.009
489.00	0.009
489.20	0.009
489.41	0.008
489.61	0.009
489.81	0.009
490.02	0.009
490.22	0.009
490.42	0.009
490.62	0.010
490.83	0.010
491.03	0.010
491.23	0.011
491.43	0.011
491.64	0.010
491.84	0.010
492.04	0.010
492.24	0.010
492.45	0.010
492.65	0.010
492.85	0.010
493.05	0.010
493.26	0.010
493.46	0.010
493.66	0.010
493.86	0.010
494.07	0.010
494.27	0.010
494.47	0.010
494.67	0.010
494.87	0.010
495.08	0.010
495.28	0.009
495.48	0.010
495.68	0.010
495.89	0.009
496.09	0.010
496.29	0.010
496.49	0.009
496.69	0.009
496.90	0.010
497.10	0.010
497.30	0.010
497.50	0.010
497.71	0.009
497.91	0.009
498.11	0.009
498.31	0.008
498.51	0.008
498.72	0.008
498.92	0.008
499.12	0.008
499.32	0.008
499.52	0.008
499.73	0.009
499.93	0.009
500.13	0.009
500.33	0.009
500.53	0.009
500.74	0.008
500.94	0.009
501.14	0.009
501.34	0.008
501.54	0.008
501.74	0.009
501.95	0.009
502.15	0.009
502.35	0.009
502.55	0.009
502.75	0.009
502.96	0.010
503.16	0.010
503.36	0.010
503.56	0.010
503.76	0.010
503.96	0.010
504.17	0.010
504.37	0.010
504.57	0.010
504.77	0.009
504.97	0.009
505.17	0.009
505.38	0.009
505.58	0.009
505.78	0.009
505.98	0.010
506.18	0.010
506.38	0.010
506.58	0.010
506.79	0.010
506.99	0.010
507.19	0.010
507.39	0.010
507.59	0.009
507.79	0.009
507.99	0.008
508.20	0.009
508.40	0.009
508.60	0.009
508.80	0.009
509.00	0.009
509.20	0.009
509.40	0.010
509.61	0.010
509.81	0.010
510.01	0.009
510.21	0.009
510.41	0.009
510.61	0.009
510.81	0.009
511.01	0.009
511.22	0.010
511.42	0.010
511.62	0.011
511.82	0.010
512.02	0.010
512.22	0.010
512.42	0.010
512.62	0.010
512.82	0.009
513.03	0.009
513.23	0.009
513.43	0.009
513.63	0.010
513.83	0.010
514.03	0.010
514.23	0.010
514.43	0.010
514.63	0.010
514.83	0.010
515.04	0.010
515.24	0.009
515.44	0.009
515.64	0.009
515.84	0.008
516.04	0.008
516.24	0.008
516.44	0.008
516.64	0.008
516.84	0.008
517.04	0.008
517.24	0.008
517.45	0.008
517.65	0.008
517.85	0.009
518.05	0.008
518.25	0.008
518.45	0.009
518.65	0.009
518.85	0.009
519.05	0.009
519.25	0.009
519.45	0.009
519.65	0.009
519.85	0.009
520.05	0.009
520.25	0.008
520.46	0.008
520.66	0.008
520.86	0.008
521.06	0.008
521.26	0.008
521.46	0.008
521.66	0.009
521.86	0.009
522.06	0.009
522.26	0.009
522.46	0.009
522.66	0.010
522.86	0.010
523.06	0.009
523.26	0.009
523.46	0.010
523.66	0.010
523.86	0.010
524.06	0.010
524.26	0.010
524.46	0.011
524.66	0.010
524.86	0.011
525.06	0.011
525.26	0.011
525.46	0.010
525.66	0.010
525.87	0.010
526.07	0.009
526.27	0.009
526.47	0.009
526.67	0.008
526.87	0.008
527.07	0.008
527.27	0.008
527.47	0.009
527.67	0.009
527.87	0.009
528.07	0.009
528.27	0.009
528.47	0.009
528.67	0.010
528.87	0.009
529.07	0.009
529.27	0.009
529.47	0.009
529.67	0.009
529.87	0.009
530.07	0.009
530.27	0.009
530.47	0.009
530.67	0.010
530.87	0.010
531.06	0.011
531.26	0.011
531.46	0.010
531.66	0.010
531.86	0.010
532.06	0.010
532.26	0.010
532.46	0.010
532.66	0.010
532.86	0.009
533.06	0.008
533.26	0.008
533.46	0.008
533.66	0.009
533.86	0.009
534.06	0.009
534.26	0.009
534.46	0.009
534.66	0.009
534.86	0.009
535.06	0.009
535.26	0.010
535.46	0.009
535.66	0.009
535.86	0.008
536.06	0.008
536.26	0.009
536.45	0.009
536.65	0.010
536.85	0.010
537.05	0.009
537.25	0.010
537.45	0.010
537.65	0.010
537.85	0.010
538.05	0.009
538.25	0.009
538.45	0.009
538.65	0.009
538.85	0.009
539.05	0.009
539.25	0.009
539.44	0.009
539.64	0.009
539.84	0.010
540.04	0.010
540.24	0.010
540.44	0.009
540.64	0.009
540.84	0.010
541.04	0.010
541.24	0.011
541.44	0.010
541.64	0.010
541.83	0.010
542.03	0.010
542.23	0.010
542.43	0.010
542.63	0.009
542.83	0.009
543.03	0.009
543.23	0.009
543.43	0.008
543.63	0.008
543.82	0.008
544.02	0.008
544.22	0.008
544.42	0.008
544.62	0.008
544.82	0.008
545.02	0.008
545.22	0.009
545.42	0.009
545.61	0.009
545.81	0.009
546.01	0.009
546.21	0.009
546.41	0.009
546.61	0.009
546.81	0.009
547.01	0.009
547.20	0.009
547.40	0.008
547.60	0.008
547.80	0.008
548.00	0.008
548.20	0.008
548.40	0.008
548.59	0.008
548.79	0.008
548.99	0.009
549.19	0.009
549.39	0.009
549.59	0.010
549.79	0.010
549.98	0.009
550.18	0.009
550.38	0.009
550.58	0.009
550.78	0.009
550.98	0.008
551.17	0.008
551.37	0.008
551.57	0.008
551.77	0.008
551.97	0.008
552.17	0.008
552.36	0.008
552.56	0.008
552.76	0.009
552.96	0.009
553.16	0.009
553.36	0.009
553.55	0.010
553.75	0.009
553.95	0.010
554.15	0.010
554.35	0.010
554.55	0.010
554.74	0.010
554.94	0.009
555.14	0.010
555.34	0.009
555.54	0.009
555.73	0.009
555.93	0.009
556.13	0.009
556.33	0.009
556.53	0.009
556.72	0.009
556.92	0.008
557.12	0.009
557.32	0.009
557.52	0.009
557.71	0.009
557.91	0.010
558.11	0.010
558.31	0.010
558.51	0.010
558.70	0.010
558.90	0.010
559.10	0.009
559.30	0.009
559.49	0.009
559.69	0.009
559.89	0.009
560.09	0.009
560.29	0.009
560.48	0.009
560.68	0.008
560.88	0.008
561.08	0.009
561.27	0.010
561.47	0.009
561.67	0.009
561.87	0.009
562.06	0.009
562.26	0.009
562.46	0.010
562.66	0.010
562.86	0.010
563.05	0.010
563.25	0.010
563.45	0.010
563.65	0.010
563.84	0.010
564.04	0.010
564.24	0.009
564.44	0.009
564.63	0.009
564.83	0.009
565.03	0.009
565.22	0.009
565.42	0.009
565.62	0.009
565.82	0.008
566.01	0.008
566.21	0.008
566.41	0.009
566.61	0.009
566.80	0.009
567.00	0.010
567.20	0.010
567.40	0.010
567.59	0.010
567.79	0.011
567.99	0.010
568.18	0.010
568.38	0.010
568.58	0.009
568.78	0.009
568.97	0.008
569.17	0.009
569.37	0.009
569.56	0.009
569.76	0.009
569.96	0.009
570.16	0.009
570.35	0.010
570.55	0.009
570.75	0.009
570.94	0.009
571.14	0.009
571.34	0.009
571.53	0.009
571.73	0.009
571.93	0.009
572.12	0.009
572.32	0.009
572.52	0.009
572.72	0.009
572.91	0.009
573.11	0.009
573.31	0.009
573.50	0.008
573.70	0.008
573.90	0.008
574.09	0.008
574.29	0.008
574.49	0.008
574.68	0.008
574.88	0.008
575.08	0.008
575.27	0.009
575.47	0.009
575.67	0.008
575.86	0.008
576.06	0.008
576.26	0.008
576.45	0.008
576.65	0.007
576.85	0.008
577.04	0.008
577.24	0.007
577.44	0.007
577.63	0.007
577.83	0.008
578.02	0.008
578.22	0.008
578.42	0.009
578.61	0.008
578.81	0.009
579.01	0.009
579.20	0.009
579.40	0.009
579.60	0.009
579.79	0.008
579.99	0.008
580.19	0.008
580.38	0.007
580.58	0.007
580.77	0.006
580.97	0.007
581.17	0.007
581.36	0.007
581.56	0.007
581.75	0.007
581.95	0.008
582.15	0.008
582.34	0.009
582.54	0.009
582.74	0.009
582.93	0.009
583.13	0.010
583.32	0.010
583.52	0.010
583.72	0.010
583.91	0.010
584.11	0.009
584.30	0.009
584.50	0.009
584.70	0.008
584.89	0.008
585.09	0.008
585.28	0.009
585.48	0.008
585.68	0.008
585.87	0.008
586.07	0.009
586.26	0.008
586.46	0.008
586.66	0.009
586.85	0.009
587.05	0.008
587.24	0.009
587.44	0.009
587.63	0.009
587.83	0.009
588.03	0.010
588.22	0.009
588.42	0.010
588.61	0.010
588.81	0.010
589.00	0.009
589.20	0.010
589.40	0.010
589.59	0.010
589.79	0.010
589.98	0.010
590.18	0.010
590.37	0.009
590.57	0.010
590.76	0.010
590.96	0.009
591.16	0.009
591.35	0.009
591.55	0.008
591.74	0.008
591.94	0.008
592.13	0.007
592.33	0.007
592.52	0.007
592.72	0.007
592.91	0.008
593.11	0.008
593.30	0.008
593.50	0.008
593.70	0.008
593.89	0.009
594.09	0.009
594.28	0.009
594.48	0.009
594.67	0.009
594.87	0.009
595.06	0.009
595.26	0.009
595.45	0.009
595.65	0.009
595.84	0.009
596.04	0.009
596.23	0.009
596.43	0.009
596.62	0.009
596.82	0.009
597.01	0.009
597.21	0.010
597.40	0.010
597.60	0.009
597.79	0.009
597.99	0.009
598.18	0.009
598.38	0.009
598.57	0.008
598.77	0.008
598.96	0.008
599.16	0.008
599.35	0.008
599.55	0.008
599.74	0.008
599.94	0.008
600.13	0.008
600.33	0.009
600.52	0.009
600.72	0.009
600.91	0.009
601.11	0.009
601.30	0.009
601.50	0.009
601.69	0.009
601.89	0.009
602.08	0.009
602.27	0.009
602.47	0.009
602.66	0.009
602.86	0.008
603.05	0.008
603.25	0.008
603.44	0.008
603.64	0.008
603.83	0.008
604.03	0.008
604.22	0.007
604.41	0.007
604.61	0.007
604.80	0.007
605.00	0.007
605.19	0.007
605.39	0.007
605.58	0.007
605.78	0.008
605.97	0.008
606.16	0.008
606.36	0.009
606.55	0.008
606.75	0.008
606.94	0.008
607.14	0.008
607.33	0.008
607.52	0.008
607.72	0.008
607.91	0.008
608.11	0.008
608.30	0.008
608.50	0.009
608.69	0.009
608.88	0.009
609.08	0.009
609.27	0.009
609.47	0.008
609.66	0.008
609.85	0.008
610.05	0.008
610.24	0.008
610.44	0.008
610.63	0.008
610.83	0.008
611.02	0.008
611.21	0.009
611.41	0.009
611.60	0.009
611.80	0.009
611.99	0.009
612.18	0.009
612.38	0.009
612.57	0.009
612.76	0.009
612.96	0.009
613.15	0.009
613.35	0.008
613.54	0.008
613.73	0.008
613.93	0.008
614.12	0.008
614.32	0.008
614.51	0.008
614.70	0.009
614.90	0.009
615.09	0.009
615.28	0.009
615.48	0.009
615.67	0.009
615.86	0.009
616.06	0.009
616.25	0.009
616.45	0.009
616.64	0.009
616.83	0.009
617.03	0.009
617.22	0.009
617.41	0.010
617.61	0.009
617.80	0.009
617.99	0.008
618.19	0.008
618.38	0.009
618.57	0.008
618.77	0.008
618.96	0.008
619.15	0.008
619.35	0.008
619.54	0.008
619.73	0.009
619.93	0.009
620.12	0.008
620.31	0.008
620.51	0.009
620.70	0.009
620.89	0.009
621.09	0.009
621.28	0.009
621.47	0.009
621.67	0.009
621.86	0.010
622.05	0.010
622.25	0.010
622.44	0.010
622.63	0.010
622.83	0.010
623.02	0.009
623.21	0.010
623.41	0.009
623.60	0.009
623.79	0.009
623.98	0.009
624.18	0.009
624.37	0.009
624.56	0.009
624.76	0.009
624.95	0.010
625.14	0.010
625.33	0.010
625.53	0.010
625.72	0.010
625.91	0.010
626.11	0.009
626.30	0.009
626.49	0.009
626.68	0.009
626.88	0.009
627.07	0.009
627.26	0.009
627.46	0.008
627.65	0.008
627.84	0.008
628.03	0.008
628.23	0.009
628.42	0.008
628.61	0.008
628.80	0.009
629.00	0.009
629.19	0.009
629.38	0.009
629.58	0.009
629.77	0.009
629.96	0.009
630.15	0.009
630.35	0.009
630.54	0.009
630.73	0.008
630.92	0.009
631.12	0.009
631.31	0.009
631.50	0.009
631.69	0.009
631.89	0.009
632.08	0.009
632.27	0.008
632.46	0.008
632.65	0.008
632.85	0.008
633.04	0.008
633.23	0.008
633.42	0.008
633.62	0.008
633.81	0.008
634.00	0.008
634.19	0.009
634.39	0.009
634.58	0.010
634.77	0.010
634.96	0.010
635.15	0.010
635.35	0.010
635.54	0.010
635.73	0.010
635.92	0.010
636.11	0.010
636.31	0.010
636.50	0.010
636.69	0.009
636.88	0.010
637.07	0.010
637.27	0.010
637.46	0.010
637.65	0.010
637.84	0.010
638.03	0.010
638.23	0.010
638.42	0.011
638.61	0.010
638.80	0.010
638.99	0.010
639.19	0.009
639.38	0.009
639.57	0.010
639.76	0.009
639.95	0.009
640.14	0.009
640.34	0.009
640.53	0.009
640.72	0.009
640.91	0.010
641.10	0.010
641.30	0.010
641.49	0.010
641.68	0.010
641.87	0.010
642.06	0.010
642.25	0.010
642.44	0.009
642.64	0.010
642.83	0.009
643.02	0.010
643.21	0.010
643.40	0.010
643.59	0.010
643.79	0.010
643.98	0.010
644.17	0.010
644.36	0.010
644.55	0.010
644.74	0.010
644.93	0.010
645.13	0.010
645.32	0.010
645.51	0.010
645.70	0.009
645.89	0.009
646.08	0.009
646.27	0.009
646.46	0.009
646.66	0.009
646.85	0.008
647.04	0.009
647.23	0.009
647.42	0.010
647.61	0.010
647.80	0.010
647.99	0.010
648.19	0.010
648.38	0.011
648.57	0.011
648.76	0.011
648.95	0.011
649.14	0.010
649.33	0.010
649.52	0.010
649.71	0.010
649.91	0.010
650.10	0.009
650.29	0.009
650.48	0.009
650.67	0.009
650.86	0.009
651.05	0.009
651.24	0.009
651.43	0.009
651.62	0.009
651.81	0.009
652.01	0.009
652.20	0.009
652.39	0.009
652.58	0.010
652.77	0.010
652.96	0.010
653.15	0.010
653.34	0.010
653.53	0.010
653.72	0.011
653.91	0.011
654.10	0.011
654.29	0.011
654.48	0.010
654.68	0.009
654.87	0.008
655.06	0.008
655.25	0.008
655.44	0.007
655.63	0.008
655.82	0.008
656.01	0.009
656.20	0.009
656.39	0.010
656.58	0.010
656.77	0.011
656.96	0.011
657.15	0.011
657.34	0.011
657.53	0.011
657.72	0.010
657.91	0.010
658.10	0.010
658.29	0.010
658.48	0.010
658.68	0.010
658.87	0.010
659.06	0.010
659.25	0.010
659.44	0.009
659.63	0.010
659.82	0.010
660.01	0.009
660.20	0.009
660.39	0.009
660.58	0.010
660.77	0.010
660.96	0.011
661.15	0.011
661.34	0.011
661.53	0.011
661.72	0.011
661.91	0.010
662.10	0.010
662.29	0.009
662.48	0.009
662.67	0.008
662.86	0.008
663.05	0.008
663.24	0.008
663.43	0.008
663.62	0.009
663.81	0.009
664.00	0.009
664.19	0.010
664.38	0.009
664.57	0.009
664.76	0.010
664.95	0.010
665.14	0.010
665.33	0.011
665.52	0.011
665.71	0.011
665.90	0.011
666.09	0.011
666.28	0.011
666.46	0.011
666.65	0.011
666.84	0.011
667.03	0.010
667.22	0.010
667.41	0.011
667.60	0.011
667.79	0.011
667.98	0.011
668.17	0.010
668.36	0.010
668.55	0.010
668.74	0.010
668.93	0.010
669.12	0.010
669.31	0.010
669.50	0.010
669.69	0.010
669.88	0.010
670.07	0.010
670.26	0.010
670.44	0.010
670.63	0.010
670.82	0.010
671.01	0.010
671.20	0.010
671.39	0.010
671.58	0.010
671.77	0.010
671.96	0.010
672.15	0.010
672.34	0.010
672.53	0.010
672.72	0.010
672.91	0.010
673.09	0.009
673.28	0.009
673.47	0.009
673.66	0.009
673.85	0.009
674.04	0.010
674.23	0.009
674.42	0.009
674.61	0.009
674.80	0.009
674.98	0.010
675.17	0.010
675.36	0.010
675.55	0.009
675.74	0.009
675.93	0.010
676.12	0.010
676.31	0.010
676.50	0.010
676.69	0.010
676.87	0.010
677.06	0.010
677.25	0.010
677.44	0.010
677.63	0.010
677.82	0.009
678.01	0.010
678.20	0.010
678.38	0.010
678.57	0.010
678.76	0.010
678.95	0.010
679.14	0.010
679.33	0.010
679.52	0.010
679.71	0.010
679.89	0.010
680.08	0.010
680.27	0.010
680.46	0.009
680.65	0.009
680.84	0.009
681.02	0.009
681.21	0.009
681.40	0.009
681.59	0.009
681.78	0.009
681.97	0.010
682.16	0.010
682.34	0.010
682.53	0.010
682.72	0.010
682.91	0.011
683.10	0.010
683.29	0.010
683.47	0.010
683.66	0.009
683.85	0.009
684.04	0.010
684.23	0.009
684.42	0.010
684.60	0.010
684.79	0.010
684.98	0.011
685.17	0.010
685.36	0.010
685.54	0.010
685.73	0.010
685.92	0.010
686.11	0.009
686.30	0.009
686.49	0.009
686.67	0.008
686.86	0.009
687.05	0.009
687.24	0.009
687.43	0.009
687.61	0.009
687.80	0.010
687.99	0.010
688.18	0.010
688.36	0.010
688.55	0.010
688.74	0.010
688.93	0.010
689.12	0.010
689.30	0.009
689.49	0.010
689.68	0.010
689.87	0.009
690.06	0.009
690.24	0.009
690.43	0.009
690.62	0.010
690.81	0.010
690.99	0.010
691.18	0.009
691.37	0.010
691.56	0.010
691.74	0.011
691.93	0.010
692.12	0.011
692.31	0.011
692.50	0.011
692.68	0.011
692.87	0.011
693.06	0.010
693.25	0.010
693.43	0.009
693.62	0.009
693.81	0.009
694.00	0.009
694.18	0.009
694.37	0.009
694.56	0.008
694.74	0.009
694.93	0.009
695.12	0.009
695.31	0.009
695.49	0.010
695.68	0.010
695.87	0.010
696.06	0.010
696.24	0.010
696.43	0.009
696.62	0.010
696.80	0.010
696.99	0.010
697.18	0.009
697.37	0.009
697.55	0.009
697.74	0.010
697.93	0.010
698.12	0.010
698.30	0.010
698.49	0.010
698.68	0.010
698.86	0.010
699.05	0.010
699.24	0.010
699.42	0.010
699.61	0.009
699.80	0.009
699.99	0.009
700.17	0.009
700.36	0.009
700.55	0.009
700.73	0.009
700.92	0.009
701.11	0.009
701.29	0.010
701.48	0.009
701.67	0.009
701.85	0.009
702.04	0.009
702.23	0.009
702.41	0.010
702.60	0.010
702.79	0.010
702.97	0.010
703.16	0.010
703.35	0.011
703.53	0.010
703.72	0.010
703.91	0.010
704.09	0.010
704.28	0.010
704.47	0.010
704.65	0.009
704.84	0.010
705.03	0.010
705.21	0.010
705.40	0.010
705.59	0.010
705.77	0.009
705.96	0.009
706.15	0.009
706.33	0.009
706.52	0.009
706.71	0.009
706.89	0.009
707.08	0.009
707.26	0.009
707.45	0.009
707.64	0.009
707.82	0.009
708.01	0.010
708.20	0.009
708.38	0.010
708.57	0.010
708.75	0.010
708.94	0.010
709.13	0.009
709.31	0.010
709.50	0.009
709.69	0.009
709.87	0.009
710.06	0.009
710.24	0.009
710.43	0.010
710.62	0.010
710.80	0.010
710.99	0.010
711.17	0.010
711.36	0.010
711.55	0.010
711.73	0.010
711.92	0.010
712.10	0.010
712.29	0.009
712.48	0.009
712.66	0.009
712.85	0.009
713.03	0.009
713.22	0.009
713.40	0.009
713.59	0.009
713.78	0.009
713.96	0.009
714.15	0.009
714.33	0.009
714.52	0.009
714.71	0.009
714.89	0.009
715.08	0.010
715.26	0.010
715.45	0.010
715.63	0.010
715.82	0.010
716.00	0.010
716.19	0.010
716.38	0.010
716.56	0.010
716.75	0.009
716.93	0.009
717.12	0.009
717.30	0.009
717.49	0.009
717.67	0.009
717.86	0.009
718.05	0.009
718.23	0.009
718.42	0.009
718.60	0.009
718.79	0.009
718.97	0.009
719.16	0.009
719.34	0.010
719.53	0.010
719.71	0.010
719.90	0.010
720.08	0.010
720.27	0.010
720.45	0.010
720.64	0.010
720.83	0.010
721.01	0.010
721.20	0.010
721.38	0.010
721.57	0.010
721.75	0.009
721.94	0.009
722.12	0.009
722.31	0.009
722.49	0.009
722.68	0.009
722.86	0.009
723.05	0.009
723.23	0.009
723.42	0.009
723.60	0.009
723.79	0.009
723.97	0.010
724.16	0.009
724.34	0.009
724.53	0.009
724.71	0.009
724.90	0.009
725.08	0.010
725.27	0.010
725.45	0.010
725.64	0.010
725.82	0.010
726.00	0.010
726.19	0.010
726.37	0.010
726.56	0.010
726.74	0.010
726.93	0.010
727.11	0.010
727.30	0.010
727.48	0.010
727.67	0.010
727.85	0.010
728.04	0.010
728.22	0.009
728.40	0.009
728.59	0.009
728.77	0.008
728.96	0.009
729.14	0.008
729.33	0.008
729.51	0.008
729.70	0.008
729.88	0.009
730.07	0.009
730.25	0.009
730.43	0.010
730.62	0.010
730.80	0.010
730.99	0.010
731.17	0.010
731.36	0.010
731.54	0.010
731.72	0.010
731.91	0.009
732.09	0.009
732.28	0.009
732.46	0.009
732.65	0.009
732.83	0.009
733.01	0.009
733.20	0.008
733.38	0.009
733.57	0.008
733.75	0.009
733.93	0.009
734.12	0.009
734.30	0.009
734.49	0.010
734.67	0.010
734.85	0.010
735.04	0.010
735.22	0.010
735.41	0.009
735.59	0.009
735.77	0.009
735.96	0.009
736.14	0.008
736.33	0.008
736.51	0.009
736.69	0.009
736.88	0.009
737.06	0.010
737.25	0.010
737.43	0.010
737.61	0.010
737.80	0.010
737.98	0.010
738.16	0.010
738.35	0.010
738.53	0.010
738.71	0.010
738.90	0.009
739.08	0.009
739.27	0.009
739.45	0.009
739.63	0.009
739.82	0.008
740.00	0.009
740.18	0.009
740.37	0.008
740.55	0.008
740.73	0.008
740.92	0.008
741.10	0.008
741.28	0.008
741.47	0.008
741.65	0.008
741.83	0.008
742.02	0.008
742.20	0.008
742.38	0.009
742.57	0.009
742.75	0.009
742.93	0.009
743.12	0.009
743.30	0.009
743.48	0.009
743.67	0.009
743.85	0.009
744.03	0.008
744.22	0.008
744.40	0.009
744.58	0.008
744.77	0.008
744.95	0.008
745.13	0.009
745.32	0.009
745.50	0.009
745.68	0.009
745.87	0.009
746.05	0.009
746.23	0.009
746.41	0.009
746.60	0.010
746.78	0.010
746.96	0.010
747.15	0.010
747.33	0.010
747.51	0.010
747.70	0.010
747.88	0.010
748.06	0.010
748.24	0.009
748.43	0.009
748.61	0.008
748.79	0.008
748.97	0.009
749.16	0.009
749.34	0.008
749.52	0.008
749.71	0.008
749.89	0.008
750.07	0.007
750.25	0.008
750.44	0.009
750.62	0.008
750.80	0.008
750.98	0.008
751.17	0.008
751.35	0.009
751.53	0.009
751.71	0.009
751.90	0.009
752.08	0.008
752.26	0.008
752.44	0.008
752.63	0.008
752.81	0.008
752.99	0.008
753.17	0.008
753.36	0.008
753.54	0.008
753.72	0.008
753.90	0.008
754.09	0.008
754.27	0.008
754.45	0.008
754.63	0.008
754.82	0.008
755.00	0.008
755.18	0.008
755.36	0.008
755.54	0.008
755.73	0.008
755.91	0.007
756.09	0.007
756.27	0.007
756.45	0.007
756.64	0.007
756.82	0.007
757.00	0.007
757.18	0.007
757.37	0.007
757.55	0.008
757.73	0.008
757.91	0.007
758.09	0.007
758.27	0.007
758.46	0.007
758.64	0.007
758.82	0.006
759.00	0.005
759.18	0.005
759.37	0.005
759.55	0.005
759.73	0.005
759.91	0.004
760.09	0.005
760.28	0.005
760.46	0.005
760.64	0.005
760.82	0.005
761.00	0.005
761.18	0.005
761.37	0.005
761.55	0.005
761.73	0.005
761.91	0.005
762.09	0.005
762.27	0.005
762.46	0.005
762.64	0.005
762.82	0.005
763.00	0.006
763.18	0.006
763.36	0.006
763.54	0.006
763.73	0.006
763.91	0.006
764.09	0.006
764.27	0.006
764.45	0.006
764.63	0.006
764.81	0.005
765.00	0.006
765.18	0.005
765.36	0.006
765.54	0.005
765.72	0.005
765.90	0.005
766.08	0.004
766.27	0.004
766.45	0.004
766.63	0.004
766.81	0.004
766.99	0.004
767.17	0.004
767.35	0.005
767.53	0.005
767.71	0.005
767.90	0.005
768.08	0.005
768.26	0.005
768.44	0.005
768.62	0.005
768.80	0.005
768.98	0.005
769.16	0.005
769.34	0.005
769.52	0.005
769.71	0.005
769.89	0.005
770.07	0.005
770.25	0.005
770.43	0.005
770.61	0.005
770.79	0.005
770.97	0.005
771.15	0.005
771.33	0.005
771.51	0.005
771.69	0.005
771.88	0.005
772.06	0.005
772.24	0.005
772.42	0.006
772.60	0.006
772.78	0.006
772.96	0.006
773.14	0.006
773.32	0.007
773.50	0.006
773.68	0.006
773.86	0.006
774.04	0.006
774.22	0.006
774.40	0.005
774.58	0.005
774.77	0.005
774.95	0.005
775.13	0.005
775.31	0.005
775.49	0.005
775.67	0.005
775.85	0.005
776.03	0.005
776.21	0.005
776.39	0.005
776.57	0.006
776.75	0.006
776.93	0.006
777.11	0.006
777.29	0.006
777.47	0.006
777.65	0.006
777.83	0.006
778.01	0.006
778.19	0.007
778.37	0.007
778.55	0.007
778.73	0.007
778.91	0.007
779.09	0.007
779.27	0.006
779.45	0.006
779.63	0.006
779.81	0.006
779.99	0.006
780.17	0.005
780.35	0.005
780.53	0.005
780.71	0.005
780.89	0.005
781.07	0.005
781.25	0.005
781.43	0.005
781.61	0.005
781.79	0.006
781.97	0.006
782.15	0.006
782.33	0.006
782.51	0.006
782.69	0.006
782.87	0.006
783.05	0.006
783.23	0.006
783.41	0.005
783.59	0.005
783.77	0.006
783.95	0.006
784.13	0.005
784.31	0.005
784.49	0.005
784.67	0.005
784.85	0.005
785.03	0.005
785.21	0.005
785.38	0.005
785.56	0.005
785.74	0.005
785.92	0.006
786.10	0.006
786.28	0.006
786.46	0.006
786.64	0.005
786.82	0.005
787.00	0.005
787.18	0.005
787.36	0.005
787.54	0.005
787.72	0.005
787.90	0.005
788.08	0.005
788.25	0.005
788.43	0.004
788.61	0.004
788.79	0.004
788.97	0.004
789.15	0.004
789.33	0.004
789.51	0.004
789.69	0.004
789.87	0.004
790.05	0.004
790.23	0.005
790.40	0.005
790.58	0.005
790.76	0.005
790.94	0.005
791.12	0.005
791.30	0.005
791.48	0.005
791.66	0.005
791.84	0.005
792.02	0.004
792.19	0.004
792.37	0.004
792.55	0.003
792.73	0.003
792.91	0.003
793.09	0.003
793.27	0.003
793.45	0.004
793.63	0.004
793.80	0.005
793.98	0.004
794.16	0.004
794.34	0.004
794.52	0.004
794.70	0.004
794.88	0.003
795.05	0.003
795.23	0.003
795.41	0.003
795.59	0.003
795.77	0.003
795.95	0.004
796.13	0.004
796.30	0.004
796.48	0.004
796.66	0.004
796.84	0.004
797.02	0.005
797.20	0.005
797.38	0.004
797.55	0.004
797.73	0.004
797.91	0.004
798.09	0.004
798.27	0.004
798.45	0.004
798.62	0.004
798.80	0.004
798.98	0.004
799.16	0.004
799.34	0.004
799.52	0.004
799.69	0.004
799.87	0.003
800.05	0.003
800.23	0.003
800.41	0.003
800.58	0.003
800.76	0.004
800.94	0.003
801.12	0.004
801.30	0.004
801.47	0.004
801.65	0.004
801.83	0.005
802.01	0.005
802.19	0.004
802.36	0.004
802.54	0.004
802.72	0.004
802.90	0.004
803.08	0.003
803.25	0.003
803.43	0.003
803.61	0.003
803.79	0.002
803.97	0.002
804.14	0.002
804.32	0.002
804.50	0.002
804.68	0.002
804.85	0.002
805.03	0.002
805.21	0.002
805.39	0.003
805.56	0.003
805.74	0.003
805.92	0.003
806.10	0.003
806.28	0.003
806.45	0.003
806.63	0.003
806.81	0.003
806.99	0.003
807.16	0.003
807.34	0.003
807.52	0.003
807.70	0.003
807.87	0.003
808.05	0.003
808.23	0.004
808.41	0.004
808.58	0.004
808.76	0.004
808.94	0.004
809.11	0.003
809.29	0.004
809.47	0.004
809.65	0.004
809.82	0.004
810.00	0.004
810.18	0.004
810.36	0.004
810.53	0.003
810.71	0.004
810.89	0.003
811.06	0.003
811.24	0.003
811.42	0.003
811.60	0.003
811.77	0.003
811.95	0.002
812.13	0.002
812.30	0.002
812.48	0.002
812.66	0.002
812.83	0.002
813.01	0.001
813.19	0.001
813.37	0.001
813.54	0.001
813.72	0.001
813.90	0.002
814.07	0.002
814.25	0.002
814.43	0.002
814.60	0.002
814.78	0.002
814.96	0.003
815.13	0.003
815.31	0.003
815.49	0.003
815.66	0.003
815.84	0.003
816.02	0.003
816.19	0.003
816.37	0.003
816.55	0.002
816.72	0.002
816.90	0.002
817.08	0.002
817.25	0.002
817.43	0.002
817.61	0.002
817.78	0.002
817.96	0.002
818.14	0.002
818.31	0.002
818.49	0.003
818.67	0.003
818.84	0.003
819.02	0.003
819.19	0.003
819.37	0.004
819.55	0.004
819.72	0.004
819.90	0.003
820.08	0.003
820.25	0.003
820.43	0.003
820.60	0.002
820.78	0.002
820.96	0.001
821.13	0.001
821.31	0.001
821.49	0.001
821.66	0.001
821.84	0.001
822.01	0.002
822.19	0.002
822.37	0.002
822.54	0.002
822.72	0.002
822.89	0.003
823.07	0.003
823.25	0.003
823.42	0.003
823.60	0.003
823.77	0.003
823.95	0.003
824.13	0.003
824.30	0.003
824.48	0.003
824.65	0.003
824.83	0.002
825.01	0.002
825.18	0.001
825.36	0.001
825.53	0.002
825.71	0.002
825.88	0.002
826.06	0.002
826.24	0.001
826.41	0.001
826.59	0.002
826.76	0.002
826.94	0.002
827.11	0.002
827.29	0.002
827.47	0.002
827.64	0.002
827.82	0.003
827.99	0.004
828.17	0.004
828.34	0.005
828.52	0.005
828.69	0.004
828.87	0.004
829.04	0.005
829.22	0.004
829.40	0.004
829.57	0.004
829.75	0.003
829.92	0.003
830.10	0.004
830.27	0.003
830.45	0.003
830.62	0.003
830.80	0.003
830.97	0.003
831.15	0.003
831.32	0.003
831.50	0.002
831.67	0.002
831.85	0.002
832.02	0.002
832.20	0.002
832.37	0.002
832.55	0.002
832.73	0.002
832.90	0.002
833.08	0.003
833.25	0.003
833.43	0.003
833.60	0.003
833.78	0.004
833.95	0.003
834.13	0.003
834.30	0.003
834.48	0.003
834.65	0.003
834.82	0.003
835.00	0.003
835.17	0.003
835.35	0.003
835.52	0.003
835.70	0.003
835.87	0.003
836.05	0.003
836.22	0.003
836.40	0.003
836.57	0.003
836.75	0.004
836.92	0.004
837.10	0.005
837.27	0.005
837.45	0.005
837.62	0.005
837.80	0.005
837.97	0.006
838.14	0.006
838.32	0.006
838.49	0.006
838.67	0.005
838.84	0.005
839.02	0.004
839.19	0.004
839.37	0.004
839.54	0.004
839.71	0.003
839.89	0.004
840.06	0.004
840.24	0.004
840.41	0.005
840.59	0.004
840.76	0.004
840.94	0.004
841.11	0.004
841.28	0.004
841.46	0.004
841.63	0.003
841.81	0.003
841.98	0.002
842.15	0.002
842.33	0.002
842.50	0.002
842.68	0.002
842.85	0.002
843.03	0.002
843.20	0.002
843.37	0.002
843.55	0.002
843.72	0.002
843.90	0.002
844.07	0.002
844.24	0.001
844.42	0.001
844.59	0.002
844.77	0.002
844.94	0.001
845.11	0.002
845.29	0.001
845.46	0.001
845.63	0.000
845.81	0.001
845.98	0.000
846.16	0.000
846.33	0.000
846.50	0.000
846.68	0.001
846.85	0.001
847.02	0.001
847.20	0.002
847.37	0.002
847.55	0.002
847.72	0.001
847.89	0.001
848.07	0.000
848.24	0.000
848.41	0.000
848.59	0.000
848.76	-0.000
848.93	-0.001
849.11	-0.001
849.28	-0.001
849.45	-0.000
849.63	-0.000
849.80	-0.001
849.97	-0.001
850.15	-0.001
850.32	-0.001
850.49	-0.002
850.67	-0.002
850.84	-0.002
851.01	-0.002
851.19	-0.003
851.36	-0.003
851.53	-0.003
851.71	-0.003
851.88	-0.003
852.05	-0.003
852.23	-0.003
852.40	-0.004
852.57	-0.005
852.75	-0.005
852.92	-0.005
853.09	-0.005
853.27	-0.005
853.44	-0.005
853.61	-0.005
853.79	-0.004
853.96	-0.004
854.13	-0.004
854.30	-0.004
854.48	-0.004
854.65	-0.004
854.82	-0.004
855.00	-0.005
855.17	-0.006
855.34	-0.006
855.51	-0.007
855.69	-0.007
855.86	-0.007
856.03	-0.008
856.21	-0.009
856.38	-0.008
856.55	-0.008
856.72	-0.008
856.90	-0.009
857.07	-0.010
857.24	-0.009
857.42	-0.010
857.59	-0.010
857.76	-0.009
857.93	-0.011
858.11	-0.011
858.28	-0.011
858.45	-0.011
858.62	-0.011
858.80	-0.012
858.97	-0.011
859.14	-0.012
859.31	-0.013
859.49	-0.013
859.66	-0.013
859.83	-0.014
860.00	-0.014
860.18	-0.014
860.35	-0.015
860.52	-0.015
860.69	-0.016
860.86	-0.016
861.04	-0.016
861.21	-0.017
861.38	-0.018
861.55	-0.017
861.73	-0.017
861.90	-0.017
862.07	-0.018
862.24	-0.018
862.42	-0.018
862.59	-0.018
862.76	-0.019
862.93	-0.019
863.10	-0.019
863.28	-0.019
863.45	-0.020
863.62	-0.020
863.79	-0.020
863.96	-0.020
864.14	-0.021
864.31	-0.022
864.48	-0.022
864.65	-0.022
864.82	-0.023
865.00	-0.023
865.17	-0.023
865.34	-0.024
865.51	-0.024
865.68	-0.023
865.86	-0.024
866.03	-0.024
866.20	-0.023
866.37	-0.024
866.54	-0.024
866.71	-0.025
866.89	-0.025
867.06	-0.026
867.23	-0.027
867.40	-0.026
867.57	-0.027
867.74	-0.027
867.92	-0.027
868.09	-0.028
868.26	-0.028
868.43	-0.028
868.60	-0.028
868.77	-0.028
868.95	-0.030
869.12	-0.030
869.29	-0.030
869.46	-0.031
869.63	-0.032
869.80	-0.032
869.97	-0.032
870.15	-0.032
870.32	-0.032
870.49	-0.032
870.66	-0.032
870.83	-0.033
871.00	-0.033
871.17	-0.034
871.34	-0.034
871.52	-0.035
871.69	-0.036
871.86	-0.035
872.03	-0.035
872.20	-0.035
872.37	-0.036
872.54	-0.036
872.71	-0.036
872.89	-0.036
873.06	-0.036
873.23	-0.036
873.40	-0.036
873.57	-0.037
873.74	-0.037
873.91	-0.036
874.08	-0.036
874.25	-0.037
874.42	-0.037
874.60	-0.037
874.77	-0.038
874.94	-0.040
875.11	-0.039
875.28	-0.040
875.45	-0.040
875.62	-0.041
875.79	-0.040
875.96	-0.040
876.13	-0.041
876.30	-0.040
876.47	-0.039
876.65	-0.039
876.82	-0.040
876.99	-0.040
877.16	-0.041
877.33	-0.041
877.50	-0.042
877.67	-0.042
877.84	-0.043
878.01	-0.043
878.18	-0.044
878.35	-0.043
878.52	-0.044
878.69	-0.044
878.86	-0.044
879.03	-0.044
879.20	-0.044
879.38	-0.044
879.55	-0.044
879.72	-0.045
879.89	-0.045
880.06	-0.044
880.23	-0.044
880.40	-0.045
880.57	-0.045
880.74	-0.046
880.91	-0.047
881.08	-0.047
881.25	-0.047
881.42	-0.047
881.59	-0.048
881.76	-0.048
881.93	-0.048
882.10	-0.048
882.27	-0.047
882.44	-0.046
882.61	-0.047
882.78	-0.047
882.95	-0.047
883.12	-0.046
883.29	-0.047
883.46	-0.046
883.63	-0.047
883.80	-0.047
883.97	-0.046
884.14	-0.047
884.31	-0.047
884.48	-0.048
884.65	-0.048
884.82	-0.048
884.99	-0.049
885.16	-0.050
885.33	-0.050
885.50	-0.050
885.67	-0.049
885.84	-0.049
886.01	-0.048
886.18	-0.048
886.35	-0.048
886.52	-0.048
886.69	-0.049
886.86	-0.049
887.03	-0.048
887.20	-0.048
887.37	-0.048
887.54	-0.048
887.71	-0.048
887.88	-0.047
888.05	-0.046
888.22	-0.045
888.39	-0.045
888.55	-0.046
888.72	-0.046
888.89	-0.046
889.06	-0.046
889.23	-0.046
889.40	-0.047
889.57	-0.046
889.74	-0.046
889.91	-0.045
890.08	-0.045
890.25	-0.045
890.42	-0.044
890.59	-0.045
890.76	-0.045
890.93	-0.044
891.10	-0.046
891.26	-0.046
891.43	-0.046
891.60	-0.045
891.77	-0.045
891.94	-0.045
892.11	-0.045
892.28	-0.045
892.45	-0.045
892.62	-0.043
892.79	-0.044
892.96	-0.042
893.13	-0.042
893.29	-0.042
893.46	-0.042
893.63	-0.041
893.80	-0.041
893.97	-0.041
894.14	-0.041
894.31	-0.040
894.48	-0.045
894.65	-0.038
894.81	-0.046
894.98	-0.041
