177.34	-0.000
177.56	-0.000
177.78	-0.000
178.00	-0.010
178.22	-0.000
178.44	-0.173
178.66	-0.021
178.89	0.163
179.11	0.250
179.33	0.057
179.55	-0.262
179.77	-0.192
179.99	0.346
180.21	-0.000
180.43	-0.000
180.65	-0.000
180.87	0.706
181.09	0.500
181.31	0.509
181.53	0.550
181.75	0.559
181.97	0.535
182.19	0.594
182.41	0.569
182.63	0.652
182.85	0.655
183.07	0.668
183.30	0.660
183.52	0.766
183.74	0.679
183.96	0.634
184.18	0.504
184.40	0.531
184.62	0.491
184.84	0.485
185.06	0.478
185.28	0.489
185.50	0.468
185.72	0.495
185.94	0.542
186.16	0.678
186.38	0.637
186.60	0.633
186.82	0.701
187.04	0.788
187.26	0.805
187.48	0.866
187.70	0.953
187.92	1.003
188.14	0.953
188.36	0.991
188.58	1.064
188.80	1.077
189.02	1.045
189.24	1.054
189.46	1.028
189.68	1.061
189.90	1.108
190.12	1.177
190.34	1.217
190.56	1.279
190.78	1.295
191.00	1.255
191.22	1.285
191.44	1.385
191.66	1.359
191.88	1.336
192.10	1.256
192.32	1.316
192.54	1.325
192.76	1.345
192.98	1.441
193.20	1.444
193.42	1.460
193.64	1.439
193.86	1.543
194.08	1.601
194.30	1.544
194.52	1.476
194.74	1.507
194.96	1.482
195.18	1.516
195.40	1.511
195.62	1.575
195.84	1.489
196.06	1.552
196.28	1.519
196.50	1.566
196.72	1.582
196.94	1.611
197.16	1.641
197.38	1.637
197.60	1.604
197.82	1.619
198.04	1.615
198.26	1.653
198.48	1.668
198.70	1.624
198.92	1.624
199.13	1.630
199.35	1.628
199.57	1.664
199.79	1.680
200.01	1.671
200.23	1.710
200.45	1.706
200.67	1.744
200.89	1.716
201.11	1.703
201.33	1.676
201.55	1.668
201.77	1.666
201.99	1.684
202.21	1.662
202.43	1.679
202.65	1.660
202.87	1.703
203.09	1.701
203.31	1.752
203.52	1.749
203.74	1.764
203.96	1.761
204.18	1.789
204.40	1.803
204.62	1.852
204.84	1.890
205.06	1.957
205.28	1.955
205.50	1.954
205.72	1.987
205.94	2.003
206.16	2.015
206.38	2.025
206.59	2.086
206.81	2.098
207.03	2.089
207.25	2.098
207.47	2.099
207.69	2.082
207.91	2.057
208.13	2.073
208.35	2.042
208.57	1.982
208.79	1.977
209.01	1.950
209.22	1.965
209.44	1.994
209.66	2.028
209.88	2.053
210.10	2.053
210.32	2.096
210.54	2.091
210.76	2.069
210.98	2.083
211.20	2.078
211.42	2.087
211.63	2.089
211.85	2.108
212.07	2.122
212.29	2.104
212.51	2.169
212.73	2.190
212.95	2.219
213.17	2.210
213.39	2.201
213.60	2.208
213.82	2.180
214.04	2.214
214.26	2.239
214.48	2.220
214.70	2.195
214.92	2.183
215.14	2.241
215.35	2.256
215.57	2.215
215.79	2.274
216.01	2.216
216.23	2.240
216.45	2.218
216.67	2.249
216.89	2.280
217.10	2.235
217.32	2.263
217.54	2.301
217.76	2.332
217.98	2.331
218.20	2.376
218.42	2.381
218.64	2.440
218.85	2.416
219.07	2.404
219.29	2.436
219.51	2.440
219.73	2.446
219.95	2.508
220.17	2.436
220.38	2.419
220.60	2.413
220.82	2.391
221.04	2.427
221.26	2.402
221.48	2.419
221.69	2.401
221.91	2.378
222.13	2.370
222.35	2.425
222.57	2.417
222.79	2.464
223.00	2.474
223.22	2.497
223.44	2.472
223.66	2.434
223.88	2.451
224.10	2.486
224.32	2.507
224.53	2.497
224.75	2.481
224.97	2.458
225.19	2.478
225.41	2.474
225.62	2.508
225.84	2.527
226.06	2.521
226.28	2.559
226.50	2.532
226.72	2.577
226.93	2.634
227.15	2.596
227.37	2.595
227.59	2.555
227.81	2.566
228.02	2.537
228.24	2.514
228.46	2.536
228.68	2.497
228.90	2.465
229.12	2.449
229.33	2.454
229.55	2.456
229.77	2.421
229.99	2.430
230.21	2.430
230.42	2.427
230.64	2.435
230.86	2.439
231.08	2.426
231.30	2.443
231.51	2.450
231.73	2.481
231.95	2.482
232.17	2.465
232.38	2.453
232.60	2.449
232.82	2.436
233.04	2.445
233.26	2.409
233.47	2.399
233.69	2.387
233.91	2.396
234.13	2.382
234.35	2.359
234.56	2.355
234.78	2.331
235.00	2.319
235.22	2.333
235.43	2.336
235.65	2.311
235.87	2.288
236.09	2.268
236.30	2.272
236.52	2.261
236.74	2.259
236.96	2.263
237.18	2.250
237.39	2.225
237.61	2.218
237.83	2.205
238.05	2.198
238.26	2.193
238.48	2.182
238.70	2.189
238.92	2.180
239.13	2.174
239.35	2.171
239.57	2.169
239.79	2.173
240.00	2.167
240.22	2.149
240.44	2.142
240.66	2.127
240.87	2.114
241.09	2.097
241.31	2.087
241.53	2.070
241.74	2.057
241.96	2.054
242.18	2.051
242.40	2.043
242.61	2.036
242.83	2.029
243.05	2.029
243.27	2.034
243.48	2.033
243.70	2.029
243.92	2.017
244.13	2.019
244.35	2.021
244.57	2.014
244.79	2.012
245.00	2.009
245.22	1.995
245.44	1.990
245.65	1.989
245.87	1.994
246.09	1.980
246.31	1.964
246.52	1.962
246.74	1.956
246.96	1.950
247.18	1.945
247.39	1.937
247.61	1.922
247.83	1.913
248.04	1.913
248.26	1.918
248.48	1.905
248.69	1.894
248.91	1.891
249.13	1.895
249.35	1.900
249.56	1.907
249.78	1.905
250.00	1.900
250.21	1.894
250.43	1.898
250.65	1.901
250.86	1.899
251.08	1.888
251.30	1.886
251.51	1.881
251.73	1.871
251.95	1.872
252.17	1.870
252.38	1.861
252.60	1.856
252.82	1.851
253.03	1.855
253.25	1.848
253.47	1.842
253.68	1.842
253.90	1.832
254.12	1.826
254.33	1.827
254.55	1.823
254.77	1.819
254.98	1.809
255.20	1.804
255.42	1.799
255.63	1.797
255.85	1.799
256.07	1.796
256.28	1.797
256.50	1.794
256.72	1.790
256.93	1.791
257.15	1.790
257.37	1.789
257.58	1.785
257.80	1.780
258.02	1.779
258.23	1.775
258.45	1.778
258.67	1.776
258.88	1.772
259.10	1.770
259.32	1.764
259.53	1.762
259.75	1.758
259.96	1.753
260.18	1.746
260.40	1.739
260.61	1.737
260.83	1.736
261.05	1.735
261.26	1.733
261.48	1.732
261.70	1.732
261.91	1.731
262.13	1.730
262.34	1.728
262.56	1.722
262.78	1.716
262.99	1.709
263.21	1.705
263.43	1.702
263.64	1.697
263.86	1.694
264.07	1.694
264.29	1.690
264.51	1.688
264.72	1.685
264.94	1.684
265.16	1.682
265.37	1.679
265.59	1.677
265.80	1.671
266.02	1.664
266.24	1.661
266.45	1.661
266.67	1.657
266.88	1.653
267.10	1.650
267.32	1.647
267.53	1.644
267.75	1.642
267.96	1.640
268.18	1.633
268.40	1.630
268.61	1.626
268.83	1.622
269.04	1.619
269.26	1.616
269.48	1.612
269.69	1.608
269.91	1.604
270.12	1.604
270.34	1.600
270.56	1.596
270.77	1.594
270.99	1.589
271.20	1.586
271.42	1.582
271.64	1.579
271.85	1.575
272.07	1.571
272.28	1.568
272.50	1.563
272.71	1.560
272.93	1.555
273.15	1.552
273.36	1.549
273.58	1.545
273.79	1.542
274.01	1.538
274.22	1.531
274.44	1.529
274.66	1.524
274.87	1.520
275.09	1.513
275.30	1.507
275.52	1.500
275.73	1.496
275.95	1.492
276.16	1.489
276.38	1.485
276.60	1.480
276.81	1.475
277.03	1.469
277.24	1.468
277.46	1.465
277.67	1.459
277.89	1.454
278.10	1.448
278.32	1.445
278.53	1.441
278.75	1.438
278.97	1.435
279.18	1.429
279.40	1.425
279.61	1.420
279.83	1.414
280.04	1.410
280.26	1.404
280.47	1.397
280.69	1.391
280.90	1.387
281.12	1.380
281.33	1.373
281.55	1.369
281.76	1.365
281.98	1.362
282.20	1.356
282.41	1.355
282.63	1.349
282.84	1.344
283.06	1.339
283.27	1.336
283.49	1.329
283.70	1.326
283.92	1.320
284.13	1.315
284.35	1.307
284.56	1.300
284.78	1.293
284.99	1.286
285.21	1.277
285.42	1.273
285.64	1.265
285.85	1.259
286.07	1.254
286.28	1.248
286.50	1.243
286.71	1.238
286.93	1.232
287.14	1.228
287.36	1.222
287.57	1.217
287.79	1.212
288.00	1.206
288.22	1.201
288.43	1.195
288.65	1.188
288.86	1.183
289.08	1.177
289.29	1.171
289.51	1.164
289.72	1.157
289.94	1.151
290.15	1.145
290.37	1.141
290.58	1.137
290.80	1.132
291.01	1.127
291.22	1.122
291.44	1.117
291.65	1.111
291.87	1.105
292.08	1.098
292.30	1.092
292.51	1.087
292.73	1.082
292.94	1.076
293.16	1.069
293.37	1.065
293.59	1.060
293.80	1.056
294.02	1.053
294.23	1.048
294.44	1.044
294.66	1.037
294.87	1.034
295.09	1.031
295.30	1.026
295.52	1.022
295.73	1.018
295.95	1.013
296.16	1.009
296.37	1.004
296.59	0.999
296.80	0.994
297.02	0.990
297.23	0.986
297.45	0.982
297.66	0.976
297.88	0.972
298.09	0.968
298.30	0.964
298.52	0.960
298.73	0.957
298.95	0.953
299.16	0.950
299.38	0.946
299.59	0.943
299.80	0.940
300.02	0.936
300.23	0.932
300.45	0.929
300.66	0.925
300.88	0.921
301.09	0.916
301.30	0.912
301.52	0.908
301.73	0.903
301.95	0.899
302.16	0.896
302.37	0.893
302.59	0.889
302.80	0.887
303.02	0.883
303.23	0.881
303.45	0.878
303.66	0.875
303.87	0.872
304.09	0.869
304.30	0.865
304.52	0.862
304.73	0.858
304.94	0.855
305.16	0.851
305.37	0.849
305.59	0.847
305.80	0.844
306.01	0.840
306.23	0.837
306.44	0.834
306.65	0.831
306.87	0.827
307.08	0.824
307.30	0.821
307.51	0.818
307.72	0.815
307.94	0.812
308.15	0.810
308.37	0.808
308.58	0.805
308.79	0.802
309.01	0.800
309.22	0.797
309.43	0.794
309.65	0.791
309.86	0.788
310.07	0.786
310.29	0.782
310.50	0.779
310.72	0.776
310.93	0.773
311.14	0.769
311.36	0.766
311.57	0.764
311.78	0.761
312.00	0.758
312.21	0.755
312.42	0.752
312.64	0.750
312.85	0.746
313.07	0.744
313.28	0.740
313.49	0.737
313.71	0.735
313.92	0.732
314.13	0.730
314.35	0.726
314.56	0.724
314.77	0.722
314.99	0.720
315.20	0.719
315.41	0.717
315.63	0.714
315.84	0.711
316.05	0.708
316.27	0.705
316.48	0.702
316.69	0.700
316.91	0.696
317.12	0.693
317.33	0.690
317.55	0.687
317.76	0.684
317.97	0.683
318.19	0.681
318.40	0.678
318.61	0.675
318.83	0.672
319.04	0.670
319.25	0.667
319.47	0.664
319.68	0.661
319.89	0.658
320.10	0.656
320.32	0.652
320.53	0.651
320.74	0.648
320.96	0.646
321.17	0.643
321.38	0.640
321.60	0.637
321.81	0.635
322.02	0.632
322.24	0.629
322.45	0.626
322.66	0.624
322.87	0.621
323.09	0.619
323.30	0.616
323.51	0.615
323.73	0.612
323.94	0.609
324.15	0.607
324.36	0.605
324.58	0.602
324.79	0.600
325.00	0.598
325.22	0.596
325.43	0.594
325.64	0.592
325.85	0.590
326.07	0.587
326.28	0.585
326.49	0.583
326.71	0.579
326.92	0.576
327.13	0.573
327.34	0.570
327.56	0.568
327.77	0.566
327.98	0.563
328.19	0.561
328.41	0.559
328.62	0.557
328.83	0.555
329.04	0.553
329.26	0.550
329.47	0.548
329.68	0.546
329.90	0.543
330.11	0.541
330.32	0.539
330.53	0.537
330.75	0.535
330.96	0.533
331.17	0.531
331.38	0.528
331.60	0.527
331.81	0.525
332.02	0.523
332.23	0.521
332.44	0.519
332.66	0.517
332.87	0.515
333.08	0.513
333.29	0.512
333.51	0.509
333.72	0.506
333.93	0.504
334.14	0.502
334.36	0.499
334.57	0.497
334.78	0.494
334.99	0.492
335.21	0.489
335.42	0.488
335.63	0.486
335.84	0.483
336.05	0.482
336.27	0.480
336.48	0.478
336.69	0.476
336.90	0.474
337.11	0.472
337.33	0.470
337.54	0.468
337.75	0.466
337.96	0.464
338.18	0.462
338.39	0.460
338.60	0.458
338.81	0.456
339.02	0.453
339.24	0.452
339.45	0.450
339.66	0.448
339.87	0.447
340.08	0.445
340.30	0.443
340.51	0.440
340.72	0.438
340.93	0.436
341.14	0.434
341.36	0.432
341.57	0.430
341.78	0.427
341.99	0.425
342.20	0.424
342.41	0.423
342.63	0.422
342.84	0.419
343.05	0.417
343.26	0.415
343.47	0.414
343.69	0.412
343.90	0.410
344.11	0.409
344.32	0.407
344.53	0.405
344.74	0.403
344.96	0.402
345.17	0.400
345.38	0.398
345.59	0.397
345.80	0.395
346.01	0.393
346.23	0.391
346.44	0.390
346.65	0.389
346.86	0.387
347.07	0.385
347.28	0.382
347.50	0.380
347.71	0.379
347.92	0.377
348.13	0.376
348.34	0.375
348.55	0.373
348.76	0.371
348.98	0.370
349.19	0.368
349.40	0.367
349.61	0.365
349.82	0.363
350.03	0.361
350.24	0.360
350.46	0.358
350.67	0.357
350.88	0.355
351.09	0.353
351.30	0.351
351.51	0.350
351.72	0.349
351.93	0.348
352.15	0.346
352.36	0.345
352.57	0.342
352.78	0.341
352.99	0.340
353.20	0.339
353.41	0.337
353.62	0.335
353.84	0.333
354.05	0.332
354.26	0.331
354.47	0.330
354.68	0.328
354.89	0.326
355.10	0.325
355.31	0.324
355.52	0.323
355.74	0.321
355.95	0.320
356.16	0.319
356.37	0.317
356.58	0.316
356.79	0.315
357.00	0.314
357.21	0.313
357.42	0.312
357.63	0.310
357.85	0.309
358.06	0.307
358.27	0.305
358.48	0.304
358.69	0.303
358.90	0.301
359.11	0.299
359.32	0.298
359.53	0.296
359.74	0.295
359.95	0.295
360.17	0.294
360.38	0.292
360.59	0.291
360.80	0.290
361.01	0.288
361.22	0.287
361.43	0.286
361.64	0.284
361.85	0.283
362.06	0.281
362.27	0.280
362.48	0.278
362.69	0.277
362.90	0.276
363.12	0.275
363.33	0.273
363.54	0.272
363.75	0.270
363.96	0.269
364.17	0.268
364.38	0.267
364.59	0.265
364.80	0.264
365.01	0.263
365.22	0.261
365.43	0.260
365.64	0.259
365.85	0.258
366.06	0.256
366.27	0.255
366.48	0.254
366.69	0.253
366.90	0.252
367.11	0.251
367.32	0.251
367.54	0.250
367.75	0.249
367.96	0.248
368.17	0.247
368.38	0.246
368.59	0.245
368.80	0.243
369.01	0.242
369.22	0.241
369.43	0.240
369.64	0.240
369.85	0.238
370.06	0.237
370.27	0.236
370.48	0.235
370.69	0.233
370.90	0.232
371.11	0.232
371.32	0.230
371.53	0.229
371.74	0.228
371.95	0.227
372.16	0.226
372.37	0.225
372.58	0.224
372.79	0.223
373.00	0.221
373.21	0.220
373.42	0.220
373.63	0.220
373.84	0.219
374.05	0.218
374.26	0.217
374.47	0.216
374.68	0.215
374.89	0.214
375.10	0.214
375.31	0.213
375.52	0.212
375.73	0.211
375.94	0.210
376.15	0.209
376.36	0.208
376.57	0.207
376.78	0.207
376.99	0.205
377.20	0.204
377.41	0.203
377.62	0.202
377.83	0.201
378.04	0.200
378.25	0.199
378.46	0.198
378.67	0.198
378.88	0.197
379.09	0.197
379.30	0.196
379.51	0.195
379.72	0.194
379.92	0.194
380.13	0.193
380.34	0.192
380.55	0.191
380.76	0.190
380.97	0.189
381.18	0.188
381.39	0.187
381.60	0.187
381.81	0.186
382.02	0.184
382.23	0.184
382.44	0.183
382.65	0.182
382.86	0.181
383.07	0.181
383.28	0.180
383.49	0.179
383.70	0.178
383.91	0.178
384.11	0.176
384.32	0.175
384.53	0.175
384.74	0.174
384.95	0.173
385.16	0.173
385.37	0.172
385.58	0.171
385.79	0.170
386.00	0.170
386.21	0.170
386.42	0.170
386.63	0.169
386.84	0.168
387.04	0.168
387.25	0.167
387.46	0.167
387.67	0.166
387.88	0.165
388.09	0.165
388.30	0.164
388.51	0.163
388.72	0.162
388.93	0.161
389.14	0.160
389.34	0.160
389.55	0.159
389.76	0.158
389.97	0.158
390.18	0.157
390.39	0.157
390.60	0.157
390.81	0.156
391.02	0.156
391.23	0.155
391.43	0.154
391.64	0.153
391.85	0.152
392.06	0.152
392.27	0.151
392.48	0.150
392.69	0.150
392.90	0.149
393.11	0.149
393.31	0.149
393.52	0.148
393.73	0.148
393.94	0.147
394.15	0.147
394.36	0.147
394.57	0.146
394.78	0.145
394.98	0.145
395.19	0.144
395.40	0.144
395.61	0.144
395.82	0.143
396.03	0.142
396.24	0.142
396.44	0.142
396.65	0.141
396.86	0.140
397.07	0.140
397.28	0.139
397.49	0.138
397.70	0.138
397.90	0.137
398.11	0.137
398.32	0.135
398.53	0.135
398.74	0.134
398.95	0.133
399.16	0.133
399.36	0.133
399.57	0.132
399.78	0.132
399.99	0.131
400.20	0.131
400.41	0.130
400.61	0.130
400.82	0.130
401.03	0.129
401.24	0.129
401.45	0.129
401.66	0.129
401.86	0.128
402.07	0.128
402.28	0.127
402.49	0.126
402.70	0.127
402.91	0.126
403.11	0.126
403.32	0.125
403.53	0.125
403.74	0.124
403.95	0.125
404.15	0.124
404.36	0.124
404.57	0.123
404.78	0.122
404.99	0.122
405.20	0.121
405.40	0.121
405.61	0.120
405.82	0.119
406.03	0.119
406.24	0.118
406.44	0.118
406.65	0.117
406.86	0.117
407.07	0.117
407.28	0.116
407.48	0.116
407.69	0.115
407.90	0.115
408.11	0.115
408.32	0.114
408.52	0.114
408.73	0.114
408.94	0.113
409.15	0.113
409.35	0.112
409.56	0.112
409.77	0.112
409.98	0.111
410.19	0.111
410.39	0.111
410.60	0.110
410.81	0.110
411.02	0.110
411.22	0.109
411.43	0.109
411.64	0.108
411.85	0.108
412.05	0.108
412.26	0.107
412.47	0.107
412.68	0.106
412.89	0.106
413.09	0.105
413.30	0.104
413.51	0.104
413.72	0.104
413.92	0.104
414.13	0.103
414.34	0.103
414.55	0.103
414.75	0.102
414.96	0.102
415.17	0.102
415.38	0.102
415.58	0.102
415.79	0.102
416.00	0.102
416.21	0.101
416.41	0.101
416.62	0.102
416.83	0.101
417.03	0.101
417.24	0.101
417.45	0.100
417.66	0.100
417.86	0.099
418.07	0.099
418.28	0.099
418.49	0.098
418.69	0.098
418.90	0.097
419.11	0.097
419.31	0.097
419.52	0.096
419.73	0.097
419.94	0.096
420.14	0.096
420.35	0.096
420.56	0.096
420.76	0.096
420.97	0.095
421.18	0.095
421.39	0.095
421.59	0.095
421.80	0.095
422.01	0.094
422.21	0.094
422.42	0.093
422.63	0.093
422.84	0.093
423.04	0.093
423.25	0.092
423.46	0.092
423.66	0.091
423.87	0.091
424.08	0.091
424.28	0.091
424.49	0.091
424.70	0.091
424.90	0.091
425.11	0.091
425.32	0.090
425.52	0.090
425.73	0.090
425.94	0.090
426.15	0.090
426.35	0.089
426.56	0.088
426.77	0.087
426.97	0.087
427.18	0.087
427.39	0.087
427.59	0.087
427.80	0.087
428.01	0.087
428.21	0.087
428.42	0.087
428.63	0.087
428.83	0.087
429.04	0.086
429.25	0.086
429.45	0.085
429.66	0.084
429.87	0.085
430.07	0.084
430.28	0.083
430.48	0.083
430.69	0.082
430.90	0.082
431.10	0.082
431.31	0.082
431.52	0.082
431.72	0.081
431.93	0.081
432.14	0.081
432.34	0.080
432.55	0.080
432.76	0.080
432.96	0.080
433.17	0.079
433.37	0.079
433.58	0.078
433.79	0.078
433.99	0.078
434.20	0.079
434.41	0.079
434.61	0.079
434.82	0.079
435.02	0.078
435.23	0.078
435.44	0.078
435.64	0.077
435.85	0.077
436.06	0.077
436.26	0.076
436.47	0.076
436.67	0.076
436.88	0.076
437.09	0.077
437.29	0.076
437.50	0.076
437.70	0.075
437.91	0.075
438.12	0.076
438.32	0.076
438.53	0.075
438.73	0.074
438.94	0.074
439.15	0.074
439.35	0.074
439.56	0.074
439.76	0.075
439.97	0.074
440.18	0.074
440.38	0.075
440.59	0.075
440.79	0.075
441.00	0.075
441.20	0.074
441.41	0.074
441.62	0.074
441.82	0.074
442.03	0.073
442.23	0.073
442.44	0.073
442.65	0.073
442.85	0.072
443.06	0.072
443.26	0.072
443.47	0.072
443.67	0.071
443.88	0.071
444.09	0.071
444.29	0.070
444.50	0.070
444.70	0.071
444.91	0.071
445.11	0.070
445.32	0.069
445.52	0.069
445.73	0.070
445.94	0.070
446.14	0.070
446.35	0.070
446.55	0.069
446.76	0.069
446.96	0.068
447.17	0.068
447.37	0.068
447.58	0.067
447.78	0.066
447.99	0.066
448.20	0.065
448.40	0.065
448.61	0.066
448.81	0.066
449.02	0.066
449.22	0.066
449.43	0.066
449.63	0.066
449.84	0.066
450.04	0.066
450.25	0.066
450.45	0.066
450.66	0.065
450.86	0.065
451.07	0.065
451.27	0.065
451.48	0.065
451.68	0.065
451.89	0.065
452.09	0.064
452.30	0.064
452.50	0.064
452.71	0.064
452.91	0.064
453.12	0.064
453.33	0.063
453.53	0.062
453.74	0.061
453.94	0.061
454.15	0.061
454.35	0.061
454.56	0.061
454.76	0.061
454.96	0.061
455.17	0.062
455.37	0.062
455.58	0.062
455.78	0.062
455.99	0.062
456.19	0.061
456.40	0.062
456.60	0.062
456.81	0.062
457.01	0.061
457.22	0.062
457.42	0.061
457.63	0.061
457.83	0.062
458.04	0.061
458.24	0.061
458.45	0.061
458.65	0.061
458.86	0.061
459.06	0.062
459.27	0.062
459.47	0.061
459.67	0.061
459.88	0.061
460.08	0.060
460.29	0.060
460.49	0.060
460.70	0.060
460.90	0.059
461.11	0.058
461.31	0.058
461.52	0.058
461.72	0.058
461.92	0.058
462.13	0.058
462.33	0.059
462.54	0.058
462.74	0.058
462.95	0.058
463.15	0.058
463.36	0.058
463.56	0.058
463.76	0.058
463.97	0.058
464.17	0.058
464.38	0.057
464.58	0.057
464.79	0.058
464.99	0.057
465.19	0.056
465.40	0.056
465.60	0.056
465.81	0.055
466.01	0.055
466.22	0.054
466.42	0.054
466.62	0.054
466.83	0.055
467.03	0.055
467.24	0.054
467.44	0.054
467.65	0.054
467.85	0.054
468.05	0.054
468.26	0.053
468.46	0.053
468.67	0.053
468.87	0.053
469.07	0.054
469.28	0.053
469.48	0.053
469.69	0.053
469.89	0.052
470.09	0.053
470.30	0.053
470.50	0.052
470.71	0.053
470.91	0.053
471.11	0.053
471.32	0.053
471.52	0.053
471.72	0.053
471.93	0.053
472.13	0.053
472.34	0.053
472.54	0.052
472.74	0.052
472.95	0.052
473.15	0.052
473.35	0.051
473.56	0.051
473.76	0.051
473.97	0.051
474.17	0.051
474.37	0.051
474.58	0.050
474.78	0.050
474.98	0.050
475.19	0.049
475.39	0.049
475.60	0.049
475.80	0.049
476.00	0.048
476.21	0.049
476.41	0.048
476.61	0.049
476.82	0.048
477.02	0.048
477.22	0.048
477.43	0.048
477.63	0.048
477.83	0.049
478.04	0.048
478.24	0.049
478.44	0.048
478.65	0.048
478.85	0.048
479.05	0.049
479.26	0.049
479.46	0.049
479.66	0.048
479.87	0.048
480.07	0.048
480.27	0.047
480.48	0.048
480.68	0.048
480.88	0.047
481.09	0.047
481.29	0.047
481.49	0.046
481.70	0.047
481.90	0.047
482.10	0.047
482.31	0.047
482.51	0.047
482.71	0.047
482.92	0.047
483.12	0.047
483.32	0.047
483.52	0.047
483.73	0.047
483.93	0.047
484.13	0.047
484.34	0.047
484.54	0.047
484.74	0.046
484.95	0.046
485.15	0.046
485.35	0.045
485.55	0.045
485.76	0.045
485.96	0.045
486.16	0.046
486.37	0.046
486.57	0.046
486.77	0.045
486.97	0.045
487.18	0.045
487.38	0.045
487.58	0.045
487.79	0.045
487.99	0.045
488.19	0.045
488.39	0.045
488.60	0.045
488.80	0.045
489.00	0.046
489.20	0.045
489.41	0.045
489.61	0.044
489.81	0.044
490.02	0.044
490.22	0.044
490.42	0.044
490.62	0.044
490.83	0.044
491.03	0.044
491.23	0.045
491.43	0.045
491.64	0.044
491.84	0.045
492.04	0.045
492.24	0.044
492.45	0.044
492.65	0.044
492.85	0.044
493.05	0.043
493.26	0.043
493.46	0.043
493.66	0.043
493.86	0.042
494.07	0.043
494.27	0.042
494.47	0.042
494.67	0.042
494.87	0.042
495.08	0.042
495.28	0.042
495.48	0.043
495.68	0.043
495.89	0.042
496.09	0.043
496.29	0.043
496.49	0.042
496.69	0.042
496.90	0.042
497.10	0.042
497.30	0.041
497.50	0.041
497.71	0.041
497.91	0.041
498.11	0.040
498.31	0.040
498.51	0.040
498.72	0.039
498.92	0.040
499.12	0.040
499.32	0.040
499.52	0.040
499.73	0.040
499.93	0.040
500.13	0.041
500.33	0.041
500.53	0.041
500.74	0.041
500.94	0.041
501.14	0.041
501.34	0.041
501.54	0.041
501.74	0.041
501.95	0.041
502.15	0.041
502.35	0.041
502.55	0.041
502.75	0.040
502.96	0.041
503.16	0.041
503.36	0.040
503.56	0.040
503.76	0.040
503.96	0.039
504.17	0.039
504.37	0.039
504.57	0.039
504.77	0.039
504.97	0.038
505.17	0.038
505.38	0.039
505.58	0.038
505.78	0.039
505.98	0.039
506.18	0.039
506.38	0.039
506.58	0.039
506.79	0.038
506.99	0.038
507.19	0.038
507.39	0.038
507.59	0.038
507.79	0.037
507.99	0.038
508.20	0.038
508.40	0.037
508.60	0.037
508.80	0.037
509.00	0.037
509.20	0.037
509.40	0.037
509.61	0.037
509.81	0.037
510.01	0.037
510.21	0.037
510.41	0.037
510.61	0.038
510.81	0.038
511.01	0.037
511.22	0.037
511.42	0.038
511.62	0.037
511.82	0.037
512.02	0.037
512.22	0.037
512.42	0.037
512.62	0.037
512.82	0.037
513.03	0.037
513.23	0.036
513.43	0.037
513.63	0.037
513.83	0.036
514.03	0.036
514.23	0.036
514.43	0.036
514.63	0.036
514.83	0.036
515.04	0.036
515.24	0.036
515.44	0.036
515.64	0.037
515.84	0.037
516.04	0.037
516.24	0.036
516.44	0.037
516.64	0.036
516.84	0.036
517.04	0.036
517.24	0.035
517.45	0.034
517.65	0.035
517.85	0.034
518.05	0.034
518.25	0.034
518.45	0.034
518.65	0.034
518.85	0.034
519.05	0.035
519.25	0.035
519.45	0.034
519.65	0.035
519.85	0.035
520.05	0.035
520.25	0.035
520.46	0.035
520.66	0.034
520.86	0.034
521.06	0.034
521.26	0.034
521.46	0.034
521.66	0.034
521.86	0.035
522.06	0.034
522.26	0.034
522.46	0.034
522.66	0.034
522.86	0.035
523.06	0.035
523.26	0.034
523.46	0.034
523.66	0.034
523.86	0.034
524.06	0.034
524.26	0.033
524.46	0.033
524.66	0.034
524.86	0.033
525.06	0.034
525.26	0.033
525.46	0.033
525.66	0.033
525.87	0.033
526.07	0.034
526.27	0.034
526.47	0.033
526.67	0.033
526.87	0.033
527.07	0.033
527.27	0.032
527.47	0.033
527.67	0.032
527.87	0.032
528.07	0.032
528.27	0.032
528.47	0.032
528.67	0.031
528.87	0.032
529.07	0.032
529.27	0.031
529.47	0.032
529.67	0.032
529.87	0.032
530.07	0.032
530.27	0.033
530.47	0.034
530.67	0.034
530.87	0.034
531.06	0.034
531.26	0.033
531.46	0.034
531.66	0.033
531.86	0.033
532.06	0.033
532.26	0.032
532.46	0.032
532.66	0.031
532.86	0.031
533.06	0.031
533.26	0.031
533.46	0.031
533.66	0.031
533.86	0.031
534.06	0.031
534.26	0.031
534.46	0.031
534.66	0.030
534.86	0.030
535.06	0.029
535.26	0.030
535.46	0.030
535.66	0.030
535.86	0.030
536.06	0.030
536.26	0.030
536.45	0.031
536.65	0.031
536.85	0.031
537.05	0.031
537.25	0.031
537.45	0.031
537.65	0.031
537.85	0.031
538.05	0.031
538.25	0.030
538.45	0.029
538.65	0.029
538.85	0.029
539.05	0.029
539.25	0.029
539.44	0.029
539.64	0.029
539.84	0.029
540.04	0.029
540.24	0.029
540.44	0.030
540.64	0.029
540.84	0.030
541.04	0.030
541.24	0.029
541.44	0.029
541.64	0.029
541.83	0.030
542.03	0.030
542.23	0.029
542.43	0.030
542.63	0.029
542.83	0.030
543.03	0.030
543.23	0.030
543.43	0.030
543.63	0.030
543.82	0.029
544.02	0.029
544.22	0.029
544.42	0.029
544.62	0.029
544.82	0.028
545.02	0.028
545.22	0.029
545.42	0.029
545.61	0.028
545.81	0.028
546.01	0.028
546.21	0.028
546.41	0.028
546.61	0.028
546.81	0.028
547.01	0.028
547.20	0.028
547.40	0.028
547.60	0.028
547.80	0.028
548.00	0.028
548.20	0.028
548.40	0.028
548.59	0.028
548.79	0.028
548.99	0.028
549.19	0.028
549.39	0.028
549.59	0.027
549.79	0.028
549.98	0.028
550.18	0.028
550.38	0.028
550.58	0.028
550.78	0.028
550.98	0.028
551.17	0.028
551.37	0.029
551.57	0.029
551.77	0.028
551.97	0.028
552.17	0.028
552.36	0.027
552.56	0.027
552.76	0.027
552.96	0.026
553.16	0.027
553.36	0.027
553.55	0.027
553.75	0.027
553.95	0.026
554.15	0.026
554.35	0.026
554.55	0.027
554.74	0.027
554.94	0.027
555.14	0.027
555.34	0.027
555.54	0.028
555.73	0.028
555.93	0.028
556.13	0.027
556.33	0.027
556.53	0.027
556.72	0.026
556.92	0.026
557.12	0.026
557.32	0.026
557.52	0.026
557.71	0.026
557.91	0.026
558.11	0.026
558.31	0.026
558.51	0.026
558.70	0.027
558.90	0.026
559.10	0.027
559.30	0.026
559.49	0.026
559.69	0.026
559.89	0.026
560.09	0.026
560.29	0.026
560.48	0.026
560.68	0.027
560.88	0.027
561.08	0.027
561.27	0.027
561.47	0.026
561.67	0.027
561.87	0.026
562.06	0.026
562.26	0.026
562.46	0.025
562.66	0.025
562.86	0.025
563.05	0.025
563.25	0.025
563.45	0.025
563.65	0.025
563.84	0.025
564.04	0.026
564.24	0.026
564.44	0.025
564.63	0.026
564.83	0.025
565.03	0.025
565.22	0.025
565.42	0.025
565.62	0.025
565.82	0.025
566.01	0.025
566.21	0.025
566.41	0.025
566.61	0.025
566.80	0.025
567.00	0.025
567.20	0.024
567.40	0.025
567.59	0.026
567.79	0.025
567.99	0.025
568.18	0.025
568.38	0.025
568.58	0.025
568.78	0.025
568.97	0.025
569.17	0.025
569.37	0.025
569.56	0.025
569.76	0.025
569.96	0.025
570.16	0.025
570.35	0.026
570.55	0.026
570.75	0.026
570.94	0.027
571.14	0.027
571.34	0.027
571.53	0.027
571.73	0.027
571.93	0.026
572.12	0.026
572.32	0.026
572.52	0.026
572.72	0.025
572.91	0.025
573.11	0.025
573.31	0.024
573.50	0.024
573.70	0.024
573.90	0.024
574.09	0.023
574.29	0.023
574.49	0.023
574.68	0.024
574.88	0.024
575.08	0.024
575.27	0.024
575.47	0.024
575.67	0.024
575.86	0.025
576.06	0.025
576.26	0.025
576.45	0.024
576.65	0.024
576.85	0.024
577.04	0.024
577.24	0.024
577.44	0.024
577.63	0.024
577.83	0.024
578.02	0.024
578.22	0.024
578.42	0.024
578.61	0.024
578.81	0.024
579.01	0.024
579.20	0.024
579.40	0.024
579.60	0.025
579.79	0.024
579.99	0.024
580.19	0.024
580.38	0.024
580.58	0.024
580.77	0.024
580.97	0.024
581.17	0.023
581.36	0.022
581.56	0.023
581.75	0.022
581.95	0.022
582.15	0.023
582.34	0.023
582.54	0.023
582.74	0.023
582.93	0.024
583.13	0.024
583.32	0.024
583.52	0.024
583.72	0.024
583.91	0.024
584.11	0.024
584.30	0.024
584.50	0.023
584.70	0.023
584.89	0.023
585.09	0.023
585.28	0.022
585.48	0.022
585.68	0.022
585.87	0.022
586.07	0.022
586.26	0.023
586.46	0.022
586.66	0.022
586.85	0.023
587.05	0.023
587.24	0.024
587.44	0.023
587.63	0.024
587.83	0.023
588.03	0.024
588.22	0.024
588.42	0.024
588.61	0.024
588.81	0.024
589.00	0.024
589.20	0.024
589.40	0.023
589.59	0.024
589.79	0.023
589.98	0.023
590.18	0.023
590.37	0.022
590.57	0.023
590.76	0.023
590.96	0.023
591.16	0.023
591.35	0.023
591.55	0.023
591.74	0.023
591.94	0.023
592.13	0.023
592.33	0.023
592.52	0.022
592.72	0.022
592.91	0.022
593.11	0.022
593.30	0.022
593.50	0.022
593.70	0.021
593.89	0.022
594.09	0.021
594.28	0.022
594.48	0.022
594.67	0.021
594.87	0.022
595.06	0.022
595.26	0.021
595.45	0.021
595.65	0.021
595.84	0.022
596.04	0.022
596.23	0.022
596.43	0.022
596.62	0.022
596.82	0.023
597.01	0.023
597.21	0.023
597.40	0.023
597.60	0.023
597.79	0.022
597.99	0.022
598.18	0.022
598.38	0.022
598.57	0.022
598.77	0.021
598.96	0.021
599.16	0.021
599.35	0.021
599.55	0.021
599.74	0.022
599.94	0.022
600.13	0.021
600.33	0.021
600.52	0.021
600.72	0.021
600.91	0.021
601.11	0.021
601.30	0.021
601.50	0.021
601.69	0.021
601.89	0.021
602.08	0.022
602.27	0.022
602.47	0.022
602.66	0.021
602.86	0.021
603.05	0.021
603.25	0.021
603.44	0.021
603.64	0.020
603.83	0.020
604.03	0.021
604.22	0.021
604.41	0.021
604.61	0.021
604.80	0.021
605.00	0.021
605.19	0.021
605.39	0.021
605.58	0.021
605.78	0.020
605.97	0.020
606.16	0.021
606.36	0.020
606.55	0.020
606.75	0.021
606.94	0.020
607.14	0.020
607.33	0.020
607.52	0.020
607.72	0.020
607.91	0.020
608.11	0.020
608.30	0.020
608.50	0.020
608.69	0.020
608.88	0.020
609.08	0.020
609.27	0.020
609.47	0.020
609.66	0.020
609.85	0.021
610.05	0.021
610.24	0.021
610.44	0.021
610.63	0.021
610.83	0.021
611.02	0.021
611.21	0.021
611.41	0.021
611.60	0.021
611.80	0.021
611.99	0.021
612.18	0.021
612.38	0.021
612.57	0.021
612.76	0.021
612.96	0.021
613.15	0.021
613.35	0.022
613.54	0.021
613.73	0.021
613.93	0.021
614.12	0.021
614.32	0.021
614.51	0.021
614.70	0.020
614.90	0.020
615.09	0.020
615.28	0.020
615.48	0.019
615.67	0.020
615.86	0.020
616.06	0.019
616.25	0.020
616.45	0.020
616.64	0.020
616.83	0.020
617.03	0.020
617.22	0.021
617.41	0.021
617.61	0.021
617.80	0.021
617.99	0.020
618.19	0.020
618.38	0.020
618.57	0.020
618.77	0.020
618.96	0.019
619.15	0.019
619.35	0.020
619.54	0.019
619.73	0.019
619.93	0.020
620.12	0.020
620.31	0.019
620.51	0.020
620.70	0.020
620.89	0.019
621.09	0.019
621.28	0.019
621.47	0.019
621.67	0.019
621.86	0.019
622.05	0.019
622.25	0.019
622.44	0.019
622.63	0.020
622.83	0.020
623.02	0.021
623.21	0.021
623.41	0.020
623.60	0.020
623.79	0.020
623.98	0.020
624.18	0.020
624.37	0.020
624.56	0.020
624.76	0.020
624.95	0.019
625.14	0.019
625.33	0.020
625.53	0.019
625.72	0.019
625.91	0.019
626.11	0.019
626.30	0.018
626.49	0.018
626.68	0.019
626.88	0.018
627.07	0.018
627.26	0.018
627.46	0.018
627.65	0.018
627.84	0.019
628.03	0.019
628.23	0.020
628.42	0.020
628.61	0.020
628.80	0.020
629.00	0.020
629.19	0.019
629.38	0.019
629.58	0.019
629.77	0.018
629.96	0.018
630.15	0.018
630.35	0.018
630.54	0.018
630.73	0.018
630.92	0.019
631.12	0.019
631.31	0.019
631.50	0.019
631.69	0.019
631.89	0.019
632.08	0.019
632.27	0.019
632.46	0.019
632.65	0.019
632.85	0.019
633.04	0.019
633.23	0.019
633.42	0.019
633.62	0.019
633.81	0.020
634.00	0.019
634.19	0.019
634.39	0.019
634.58	0.019
634.77	0.019
634.96	0.019
635.15	0.018
635.35	0.018
635.54	0.018
635.73	0.018
635.92	0.018
636.11	0.018
636.31	0.018
636.50	0.018
636.69	0.017
636.88	0.018
637.07	0.018
637.27	0.018
637.46	0.019
637.65	0.018
637.84	0.019
638.03	0.018
638.23	0.018
638.42	0.019
638.61	0.018
638.80	0.018
638.99	0.018
639.19	0.018
639.38	0.018
639.57	0.018
639.76	0.018
639.95	0.018
640.14	0.018
640.34	0.018
640.53	0.018
640.72	0.018
640.91	0.018
641.10	0.018
641.30	0.018
641.49	0.018
641.68	0.018
641.87	0.018
642.06	0.018
642.25	0.018
642.44	0.019
642.64	0.019
642.83	0.018
643.02	0.019
643.21	0.019
643.40	0.019
643.59	0.019
643.79	0.019
643.98	0.019
644.17	0.019
644.36	0.019
644.55	0.019
644.74	0.019
644.93	0.019
645.13	0.018
645.32	0.018
645.51	0.018
645.70	0.018
645.89	0.018
646.08	0.018
646.27	0.018
646.46	0.018
646.66	0.019
646.85	0.018
647.04	0.019
647.23	0.018
647.42	0.018
647.61	0.018
647.80	0.018
647.99	0.019
648.19	0.018
648.38	0.018
648.57	0.018
648.76	0.018
648.95	0.018
649.14	0.018
649.33	0.018
649.52	0.018
649.71	0.017
649.91	0.017
650.10	0.017
650.29	0.018
650.48	0.018
650.67	0.018
650.86	0.018
651.05	0.018
651.24	0.018
651.43	0.018
651.62	0.018
651.81	0.018
652.01	0.018
652.20	0.017
652.39	0.017
652.58	0.017
652.77	0.017
652.96	0.017
653.15	0.018
653.34	0.018
653.53	0.018
653.72	0.018
653.91	0.019
654.10	0.019
654.29	0.019
654.48	0.019
654.68	0.018
654.87	0.018
655.06	0.018
655.25	0.018
655.44	0.017
655.63	0.017
655.82	0.017
656.01	0.017
656.20	0.017
656.39	0.017
656.58	0.017
656.77	0.017
656.96	0.017
657.15	0.017
657.34	0.017
657.53	0.017
657.72	0.017
657.91	0.017
658.10	0.017
658.29	0.017
658.48	0.017
658.68	0.017
658.87	0.018
659.06	0.018
659.25	0.017
659.44	0.017
659.63	0.017
659.82	0.018
660.01	0.018
660.20	0.018
660.39	0.018
660.58	0.018
660.77	0.018
660.96	0.018
661.15	0.018
661.34	0.018
661.53	0.017
661.72	0.017
661.91	0.017
662.10	0.017
662.29	0.017
662.48	0.017
662.67	0.017
662.86	0.017
663.05	0.017
663.24	0.017
663.43	0.017
663.62	0.018
663.81	0.018
664.00	0.017
664.19	0.018
664.38	0.017
664.57	0.017
664.76	0.017
664.95	0.017
665.14	0.017
665.33	0.017
665.52	0.017
665.71	0.017
665.90	0.017
666.09	0.017
666.28	0.018
666.46	0.017
666.65	0.018
666.84	0.017
667.03	0.017
667.22	0.017
667.41	0.017
667.60	0.017
667.79	0.017
667.98	0.017
668.17	0.017
668.36	0.017
668.55	0.017
668.74	0.018
668.93	0.018
669.12	0.018
669.31	0.018
669.50	0.018
669.69	0.018
669.88	0.018
670.07	0.018
670.26	0.018
670.44	0.018
670.63	0.018
670.82	0.018
671.01	0.018
671.20	0.018
671.39	0.018
671.58	0.018
671.77	0.018
671.96	0.018
672.15	0.018
672.34	0.017
672.53	0.017
672.72	0.017
672.91	0.017
673.09	0.017
673.28	0.017
673.47	0.017
673.66	0.017
673.85	0.017
674.04	0.018
674.23	0.018
674.42	0.017
674.61	0.017
674.80	0.017
674.98	0.017
675.17	0.017
675.36	0.017
675.55	0.017
675.74	0.017
675.93	0.017
676.12	0.018
676.31	0.018
676.50	0.018
676.69	0.018
676.87	0.018
677.06	0.018
677.25	0.017
677.44	0.018
677.63	0.018
677.82	0.017
678.01	0.017
678.20	0.016
678.38	0.016
678.57	0.016
678.76	0.016
678.95	0.017
679.14	0.016
679.33	0.017
679.52	0.017
679.71	0.017
679.89	0.017
680.08	0.018
680.27	0.018
680.46	0.018
680.65	0.018
680.84	0.018
681.02	0.017
681.21	0.017
681.40	0.017
681.59	0.017
681.78	0.017
681.97	0.017
682.16	0.017
682.34	0.018
682.53	0.018
682.72	0.018
682.91	0.018
683.10	0.018
683.29	0.018
683.47	0.017
683.66	0.018
683.85	0.018
684.04	0.018
684.23	0.018
684.42	0.018
684.60	0.018
684.79	0.018
684.98	0.018
685.17	0.018
685.36	0.018
685.54	0.018
685.73	0.018
685.92	0.017
686.11	0.018
686.30	0.017
686.49	0.018
686.67	0.018
686.86	0.018
687.05	0.018
687.24	0.017
687.43	0.017
687.61	0.018
687.80	0.017
687.99	0.018
688.18	0.018
688.36	0.018
688.55	0.018
688.74	0.018
688.93	0.018
689.12	0.018
689.30	0.017
689.49	0.017
689.68	0.017
689.87	0.017
690.06	0.017
690.24	0.017
690.43	0.017
690.62	0.017
690.81	0.017
690.99	0.017
691.18	0.017
691.37	0.017
691.56	0.017
691.74	0.017
691.93	0.017
692.12	0.016
692.31	0.016
692.50	0.016
692.68	0.016
692.87	0.016
693.06	0.016
693.25	0.017
693.43	0.016
693.62	0.016
693.81	0.017
694.00	0.017
694.18	0.016
694.37	0.017
694.56	0.016
694.74	0.017
694.93	0.017
695.12	0.017
695.31	0.017
695.49	0.017
695.68	0.016
695.87	0.017
696.06	0.016
696.24	0.017
696.43	0.016
696.62	0.016
696.80	0.016
696.99	0.016
697.18	0.016
697.37	0.016
697.55	0.017
697.74	0.017
697.93	0.017
698.12	0.017
698.30	0.017
698.49	0.018
698.68	0.017
698.86	0.017
699.05	0.017
699.24	0.017
699.42	0.017
699.61	0.017
699.80	0.017
699.99	0.017
700.17	0.017
700.36	0.017
700.55	0.017
700.73	0.017
700.92	0.017
701.11	0.017
701.29	0.017
701.48	0.017
701.67	0.018
701.85	0.018
702.04	0.018
702.23	0.017
702.41	0.017
702.60	0.017
702.79	0.017
702.97	0.017
703.16	0.016
703.35	0.016
703.53	0.016
703.72	0.016
703.91	0.017
704.09	0.017
704.28	0.017
704.47	0.016
704.65	0.017
704.84	0.017
705.03	0.017
705.21	0.017
705.40	0.017
705.59	0.017
705.77	0.016
705.96	0.016
706.15	0.017
706.33	0.017
706.52	0.017
706.71	0.017
706.89	0.016
707.08	0.016
707.26	0.016
707.45	0.016
707.64	0.016
707.82	0.016
708.01	0.016
708.20	0.016
708.38	0.016
708.57	0.016
708.75	0.016
708.94	0.016
709.13	0.017
709.31	0.017
709.50	0.017
709.69	0.017
709.87	0.017
710.06	0.016
710.24	0.016
710.43	0.016
710.62	0.016
710.80	0.016
710.99	0.016
711.17	0.016
711.36	0.016
711.55	0.017
711.73	0.017
711.92	0.017
712.10	0.017
712.29	0.017
712.48	0.017
712.66	0.017
712.85	0.017
713.03	0.017
713.22	0.016
713.40	0.016
713.59	0.016
713.78	0.016
713.96	0.016
714.15	0.017
714.33	0.017
714.52	0.016
714.71	0.016
714.89	0.016
715.08	0.016
715.26	0.016
715.45	0.015
715.63	0.016
715.82	0.016
716.00	0.016
716.19	0.016
716.38	0.016
716.56	0.017
716.75	0.017
716.93	0.017
717.12	0.017
717.30	0.017
717.49	0.017
717.67	0.016
717.86	0.016
718.05	0.016
718.23	0.016
718.42	0.016
718.60	0.015
718.79	0.015
718.97	0.015
719.16	0.015
719.34	0.016
719.53	0.015
719.71	0.016
719.90	0.016
720.08	0.016
720.27	0.017
720.45	0.017
720.64	0.017
720.83	0.017
721.01	0.017
721.20	0.017
721.38	0.017
721.57	0.017
721.75	0.017
721.94	0.017
722.12	0.017
722.31	0.017
722.49	0.017
722.68	0.017
722.86	0.017
723.05	0.017
723.23	0.017
723.42	0.017
723.60	0.017
723.79	0.017
723.97	0.017
724.16	0.017
724.34	0.017
724.53	0.017
724.71	0.017
724.90	0.017
725.08	0.016
725.27	0.016
725.45	0.016
725.64	0.016
725.82	0.016
726.00	0.015
726.19	0.015
726.37	0.015
726.56	0.016
726.74	0.016
726.93	0.016
727.11	0.016
727.30	0.016
727.48	0.016
727.67	0.017
727.85	0.017
728.04	0.016
728.22	0.016
728.40	0.016
728.59	0.017
728.77	0.016
728.96	0.016
729.14	0.016
729.33	0.016
729.51	0.016
729.70	0.016
729.88	0.016
730.07	0.016
730.25	0.016
730.43	0.016
730.62	0.016
730.80	0.016
730.99	0.016
731.17	0.016
731.36	0.016
731.54	0.016
731.72	0.016
731.91	0.016
732.09	0.016
732.28	0.016
732.46	0.017
732.65	0.017
732.83	0.017
733.01	0.017
733.20	0.017
733.38	0.017
733.57	0.017
733.75	0.017
733.93	0.017
734.12	0.017
734.30	0.017
734.49	0.017
734.67	0.016
734.85	0.016
735.04	0.016
735.22	0.016
735.41	0.016
735.59	0.015
735.77	0.016
735.96	0.016
736.14	0.015
736.33	0.015
736.51	0.016
736.69	0.016
736.88	0.016
737.06	0.017
737.25	0.016
737.43	0.017
737.61	0.016
737.80	0.016
737.98	0.016
738.16	0.016
738.35	0.016
738.53	0.016
738.71	0.016
738.90	0.016
739.08	0.016
739.27	0.016
739.45	0.016
739.63	0.016
739.82	0.016
740.00	0.016
740.18	0.017
740.37	0.016
740.55	0.017
740.73	0.017
740.92	0.017
741.10	0.016
741.28	0.016
741.47	0.016
741.65	0.016
741.83	0.017
742.02	0.016
742.20	0.016
742.38	0.016
742.57	0.016
742.75	0.016
742.93	0.016
743.12	0.016
743.30	0.016
743.48	0.016
743.67	0.016
743.85	0.016
744.03	0.016
744.22	0.016
744.40	0.016
744.58	0.016
744.77	0.016
744.95	0.016
745.13	0.016
745.32	0.016
745.50	0.016
745.68	0.016
745.87	0.016
746.05	0.016
746.23	0.016
746.41	0.016
746.60	0.016
746.78	0.016
746.96	0.016
747.15	0.016
747.33	0.015
747.51	0.015
747.70	0.015
747.88	0.015
748.06	0.016
748.24	0.016
748.43	0.016
748.61	0.016
748.79	0.017
748.97	0.016
749.16	0.017
749.34	0.017
749.52	0.016
749.71	0.016
749.89	0.016
750.07	0.016
750.25	0.015
750.44	0.015
750.62	0.016
750.80	0.015
750.98	0.015
751.17	0.016
751.35	0.016
751.53	0.016
751.71	0.016
751.90	0.017
752.08	0.017
752.26	0.017
752.44	0.017
752.63	0.016
752.81	0.016
752.99	0.016
753.17	0.016
753.36	0.016
753.54	0.016
753.72	0.015
753.90	0.015
754.09	0.016
754.27	0.016
754.45	0.016
754.63	0.016
754.82	0.015
755.00	0.016
755.18	0.016
755.36	0.016
755.54	0.016
755.73	0.016
755.91	0.016
756.09	0.016
756.27	0.015
756.45	0.016
756.64	0.016
756.82	0.016
757.00	0.016
757.18	0.016
757.37	0.016
757.55	0.016
757.73	0.016
757.91	0.016
758.09	0.016
758.27	0.016
758.46	0.016
758.64	0.016
758.82	0.016
759.00	0.016
759.18	0.016
759.37	0.016
759.55	0.016
759.73	0.016
759.91	0.016
760.09	0.016
760.28	0.016
760.46	0.016
760.64	0.016
760.82	0.016
761.00	0.016
761.18	0.016
761.37	0.016
761.55	0.017
761.73	0.016
761.91	0.016
762.09	0.016
762.27	0.017
762.46	0.016
762.64	0.016
762.82	0.016
763.00	0.016
763.18	0.015
763.36	0.016
763.54	0.016
763.73	0.016
763.91	0.015
764.09	0.016
764.27	0.017
764.45	0.017
764.63	0.017
764.81	0.017
765.00	0.017
765.18	0.017
765.36	0.017
765.54	0.017
765.72	0.017
765.90	0.017
766.08	0.017
766.27	0.017
766.45	0.017
766.63	0.016
766.81	0.016
766.99	0.016
767.17	0.016
767.35	0.016
767.53	0.016
767.71	0.016
767.90	0.016
768.08	0.016
768.26	0.016
768.44	0.017
768.62	0.016
768.80	0.016
768.98	0.016
769.16	0.016
769.34	0.016
769.52	0.016
769.71	0.016
769.89	0.016
770.07	0.016
770.25	0.016
770.43	0.016
770.61	0.016
770.79	0.016
770.97	0.016
771.15	0.016
771.33	0.016
771.51	0.016
771.69	0.016
771.88	0.016
772.06	0.016
772.24	0.015
772.42	0.016
772.60	0.016
772.78	0.016
772.96	0.016
773.14	0.016
773.32	0.015
773.50	0.016
773.68	0.015
773.86	0.016
774.04	0.015
774.22	0.015
774.40	0.015
774.58	0.015
774.77	0.015
774.95	0.015
775.13	0.015
775.31	0.015
775.49	0.015
775.67	0.015
775.85	0.015
776.03	0.015
776.21	0.015
776.39	0.015
776.57	0.015
776.75	0.015
776.93	0.015
777.11	0.015
777.29	0.016
777.47	0.016
777.65	0.016
777.83	0.016
778.01	0.016
778.19	0.016
778.37	0.017
778.55	0.017
778.73	0.017
778.91	0.016
779.09	0.016
779.27	0.016
779.45	0.016
779.63	0.015
779.81	0.015
779.99	0.015
780.17	0.015
780.35	0.015
780.53	0.016
780.71	0.015
780.89	0.015
781.07	0.015
781.25	0.015
781.43	0.016
781.61	0.016
781.79	0.016
781.97	0.016
782.15	0.016
782.33	0.016
782.51	0.016
782.69	0.017
782.87	0.017
783.05	0.017
783.23	0.017
783.41	0.017
783.59	0.017
783.77	0.016
783.95	0.017
784.13	0.017
784.31	0.016
784.49	0.016
784.67	0.016
784.85	0.016
785.03	0.016
785.21	0.017
785.38	0.016
785.56	0.016
785.74	0.016
785.92	0.016
786.10	0.016
786.28	0.016
786.46	0.016
786.64	0.016
786.82	0.016
787.00	0.016
787.18	0.016
787.36	0.016
787.54	0.016
787.72	0.016
787.90	0.016
788.08	0.016
788.25	0.016
788.43	0.017
788.61	0.016
788.79	0.016
788.97	0.016
789.15	0.017
789.33	0.017
789.51	0.017
789.69	0.017
789.87	0.018
790.05	0.018
790.23	0.017
790.40	0.018
790.58	0.017
790.76	0.018
790.94	0.017
791.12	0.017
791.30	0.016
791.48	0.016
791.66	0.016
791.84	0.016
792.02	0.016
792.19	0.016
792.37	0.016
792.55	0.016
792.73	0.015
792.91	0.016
793.09	0.016
793.27	0.016
793.45	0.016
793.63	0.016
793.80	0.016
793.98	0.016
794.16	0.016
794.34	0.016
794.52	0.016
794.70	0.016
794.88	0.016
795.05	0.016
795.23	0.016
795.41	0.016
795.59	0.017
795.77	0.017
795.95	0.017
796.13	0.016
796.30	0.016
796.48	0.016
796.66	0.016
796.84	0.016
797.02	0.016
797.20	0.016
797.38	0.016
797.55	0.016
797.73	0.017
797.91	0.017
798.09	0.017
798.27	0.017
798.45	0.017
798.62	0.017
798.80	0.017
798.98	0.017
799.16	0.016
799.34	0.016
799.52	0.016
799.69	0.016
799.87	0.016
800.05	0.015
800.23	0.016
800.41	0.016
800.58	0.016
800.76	0.016
800.94	0.016
801.12	0.015
801.30	0.016
801.47	0.016
801.65	0.017
801.83	0.016
802.01	0.016
802.19	0.016
802.36	0.016
802.54	0.016
802.72	0.016
802.90	0.016
803.08	0.016
803.25	0.016
803.43	0.016
803.61	0.016
803.79	0.016
803.97	0.015
804.14	0.016
804.32	0.016
804.50	0.015
804.68	0.015
804.85	0.016
805.03	0.015
805.21	0.015
805.39	0.016
805.56	0.016
805.74	0.016
805.92	0.016
806.10	0.016
806.28	0.017
806.45	0.016
806.63	0.016
806.81	0.016
806.99	0.016
807.16	0.016
807.34	0.016
807.52	0.016
807.70	0.016
807.87	0.017
808.05	0.017
808.23	0.017
808.41	0.017
808.58	0.018
808.76	0.018
808.94	0.018
809.11	0.017
809.29	0.017
809.47	0.017
809.65	0.017
809.82	0.017
810.00	0.017
810.18	0.016
810.36	0.016
810.53	0.016
810.71	0.016
810.89	0.016
811.06	0.016
811.24	0.016
811.42	0.016
811.60	0.017
811.77	0.016
811.95	0.017
812.13	0.017
812.30	0.017
812.48	0.018
812.66	0.018
812.83	0.017
813.01	0.017
813.19	0.016
813.37	0.016
813.54	0.016
813.72	0.016
813.90	0.015
814.07	0.015
814.25	0.015
814.43	0.015
814.60	0.015
814.78	0.015
814.96	0.016
815.13	0.016
815.31	0.016
815.49	0.016
815.66	0.015
815.84	0.015
816.02	0.015
816.19	0.015
816.37	0.015
816.55	0.016
816.72	0.015
816.90	0.015
817.08	0.015
817.25	0.016
817.43	0.017
817.61	0.016
817.78	0.017
817.96	0.016
818.14	0.017
818.31	0.017
818.49	0.017
818.67	0.017
818.84	0.017
819.02	0.016
819.19	0.016
819.37	0.016
819.55	0.016
819.72	0.016
819.90	0.016
820.08	0.016
820.25	0.015
820.43	0.016
820.60	0.016
820.78	0.017
820.96	0.017
821.13	0.017
821.31	0.017
821.49	0.016
821.66	0.016
821.84	0.016
822.01	0.016
822.19	0.015
822.37	0.015
822.54	0.015
822.72	0.015
822.89	0.015
823.07	0.015
823.25	0.015
823.42	0.014
823.60	0.014
823.77	0.014
823.95	0.014
824.13	0.014
824.30	0.014
824.48	0.014
824.65	0.014
824.83	0.015
825.01	0.015
825.18	0.015
825.36	0.015
825.53	0.015
825.71	0.015
825.88	0.015
826.06	0.015
826.24	0.015
826.41	0.014
826.59	0.015
826.76	0.015
826.94	0.015
827.11	0.015
827.29	0.014
827.47	0.015
827.64	0.015
827.82	0.015
827.99	0.015
828.17	0.015
828.34	0.015
828.52	0.014
828.69	0.014
828.87	0.014
829.04	0.013
829.22	0.013
829.40	0.014
829.57	0.014
829.75	0.013
829.92	0.013
830.10	0.014
830.27	0.014
830.45	0.013
830.62	0.014
830.80	0.013
830.97	0.013
831.15	0.014
831.32	0.014
831.50	0.014
831.67	0.014
831.85	0.015
832.02	0.015
832.20	0.015
832.37	0.015
832.55	0.015
832.73	0.015
832.90	0.015
833.08	0.015
833.25	0.015
833.43	0.015
833.60	0.015
833.78	0.015
833.95	0.015
834.13	0.015
834.30	0.015
834.48	0.015
834.65	0.014
834.82	0.014
835.00	0.014
835.17	0.014
835.35	0.014
835.52	0.014
835.70	0.014
835.87	0.014
836.05	0.014
836.22	0.015
836.40	0.014
836.57	0.014
836.75	0.015
836.92	0.014
837.10	0.015
837.27	0.015
837.45	0.014
837.62	0.014
837.80	0.014
837.97	0.013
838.14	0.013
838.32	0.013
838.49	0.013
838.67	0.013
838.84	0.013
839.02	0.013
839.19	0.013
839.37	0.013
839.54	0.014
839.71	0.014
839.89	0.013
840.06	0.014
840.24	0.014
840.41	0.014
840.59	0.014
840.76	0.014
840.94	0.014
841.11	0.014
841.28	0.014
841.46	0.014
841.63	0.015
841.81	0.015
841.98	0.015
842.15	0.015
842.33	0.015
842.50	0.015
842.68	0.015
842.85	0.016
843.03	0.015
843.20	0.014
843.37	0.014
843.55	0.015
843.72	0.014
843.90	0.014
844.07	0.014
844.24	0.014
844.42	0.013
844.59	0.013
844.77	0.013
844.94	0.013
845.11	0.013
845.29	0.014
845.46	0.014
845.63	0.013
845.81	0.013
845.98	0.014
846.16	0.014
846.33	0.014
846.50	0.014
846.68	0.013
846.85	0.013
847.02	0.013
847.20	0.013
847.37	0.013
847.55	0.014
847.72	0.014
847.89	0.014
848.07	0.013
848.24	0.013
848.41	0.013
848.59	0.013
848.76	0.013
848.93	0.014
849.11	0.014
849.28	0.014
849.45	0.014
849.63	0.014
849.80	0.014
849.97	0.014
850.15	0.014
850.32	0.014
850.49	0.013
850.67	0.013
850.84	0.013
851.01	0.013
851.19	0.013
851.36	0.013
851.53	0.013
851.71	0.013
851.88	0.013
852.05	0.013
852.23	0.012
852.40	0.013
852.57	0.012
852.75	0.012
852.92	0.012
853.09	0.013
853.27	0.013
853.44	0.013
853.61	0.013
853.79	0.014
853.96	0.014
854.13	0.014
854.30	0.014
854.48	0.014
854.65	0.014
854.82	0.014
855.00	0.014
855.17	0.014
855.34	0.014
855.51	0.014
855.69	0.015
855.86	0.015
856.03	0.016
856.21	0.016
856.38	0.016
856.55	0.016
856.72	0.016
856.90	0.016
857.07	0.016
857.24	0.015
857.42	0.015
857.59	0.014
857.76	0.015
857.93	0.014
858.11	0.014
858.28	0.014
858.45	0.014
858.62	0.014
858.80	0.014
858.97	0.013
859.14	0.014
859.31	0.014
859.49	0.014
859.66	0.013
859.83	0.014
860.00	0.014
860.18	0.014
860.35	0.014
860.52	0.014
860.69	0.013
860.86	0.014
861.04	0.014
861.21	0.014
861.38	0.015
861.55	0.015
861.73	0.014
861.90	0.015
862.07	0.015
862.24	0.015
862.42	0.015
862.59	0.015
862.76	0.015
862.93	0.015
863.10	0.015
863.28	0.015
863.45	0.016
863.62	0.016
863.79	0.016
863.96	0.016
864.14	0.016
864.31	0.017
864.48	0.017
864.65	0.017
864.82	0.017
865.00	0.017
865.17	0.017
865.34	0.017
865.51	0.017
865.68	0.017
865.86	0.017
866.03	0.018
866.20	0.018
866.37	0.018
866.54	0.017
866.71	0.017
866.89	0.016
867.06	0.017
867.23	0.016
867.40	0.016
867.57	0.016
867.74	0.016
867.92	0.016
868.09	0.016
868.26	0.016
868.43	0.017
868.60	0.017
868.77	0.017
868.95	0.018
869.12	0.018
869.29	0.017
869.46	0.017
869.63	0.018
869.80	0.017
869.97	0.017
870.15	0.017
870.32	0.016
870.49	0.016
870.66	0.016
870.83	0.016
871.00	0.017
871.17	0.017
871.34	0.018
871.52	0.018
871.69	0.018
871.86	0.018
872.03	0.018
872.20	0.018
872.37	0.019
872.54	0.019
872.71	0.019
872.89	0.019
873.06	0.019
873.23	0.019
873.40	0.018
873.57	0.018
873.74	0.018
873.91	0.017
874.08	0.017
874.25	0.017
874.42	0.017
874.60	0.017
874.77	0.017
874.94	0.018
875.11	0.018
875.28	0.018
875.45	0.019
875.62	0.019
875.79	0.019
875.96	0.018
876.13	0.018
876.30	0.017
876.47	0.017
876.65	0.018
876.82	0.017
876.99	0.018
877.16	0.018
877.33	0.017
877.50	0.017
877.67	0.017
877.84	0.019
878.01	0.019
878.18	0.019
878.35	0.020
878.52	0.019
878.69	0.019
878.86	0.019
879.03	0.019
879.20	0.020
879.38	0.020
879.55	0.021
879.72	0.022
879.89	0.020
880.06	0.020
880.23	0.020
880.40	0.021
880.57	0.021
880.74	0.021
880.91	0.019
881.08	0.019
881.25	0.018
881.42	0.019
881.59	0.018
881.76	0.018
881.93	0.018
882.10	0.018
882.27	0.017
882.44	0.017
882.61	0.017
882.78	0.017
882.95	0.017
883.12	0.017
883.29	0.018
883.46	0.018
883.63	0.017
883.80	0.018
883.97	0.019
884.14	0.019
884.31	0.020
884.48	0.019
884.65	0.019
884.82	0.018
884.99	0.019
885.16	0.020
885.33	0.020
885.50	0.019
885.67	0.019
885.84	0.018
886.01	0.018
886.18	0.019
886.35	0.020
886.52	0.020
886.69	0.020
886.86	0.021
887.03	0.021
887.20	0.021
887.37	0.021
887.54	0.022
887.71	0.022
887.88	0.021
888.05	0.022
888.22	0.022
888.39	0.021
888.55	0.021
888.72	0.021
888.89	0.021
889.06	0.022
889.23	0.021
889.40	0.022
889.57	0.022
889.74	0.020
889.91	0.021
890.08	0.021
890.25	0.021
890.42	0.021
890.59	0.020
890.76	0.021
890.93	0.020
891.10	0.019
891.26	0.020
891.43	0.019
891.60	0.018
891.77	0.019
891.94	0.019
892.11	0.018
892.28	0.018
892.45	0.019
892.62	0.020
892.79	0.020
892.96	0.022
893.13	0.022
893.29	0.023
893.46	0.022
893.63	0.023
893.80	0.023
893.97	0.023
894.14	0.023
894.31	0.023
894.48	0.022
894.65	0.022
894.81	0.022
894.98	0.022
