177.34	-0.000
177.56	-0.000
177.78	-0.000
178.00	-0.000
178.22	-0.606
178.44	-0.571
178.66	-0.300
178.89	-0.000
179.11	-0.000
179.33	-0.000
179.55	-0.000
179.77	-0.887
179.99	-0.374
180.21	-0.182
180.43	-0.779
180.65	-0.000
180.87	-0.000
181.09	1.903
181.31	-0.000
181.53	1.293
181.75	1.006
181.97	0.803
182.19	0.696
182.41	0.642
182.63	0.634
182.85	0.593
183.07	0.681
183.30	0.694
183.52	0.659
183.74	0.712
183.96	0.774
184.18	0.800
184.40	0.831
184.62	0.839
184.84	1.006
185.06	0.842
185.28	0.792
185.50	0.887
185.72	0.827
185.94	0.827
186.16	0.793
186.38	0.873
186.60	0.854
186.82	0.822
187.04	0.853
187.26	0.884
187.48	0.890
187.70	0.958
187.92	0.977
188.14	1.015
188.36	1.037
188.58	1.112
188.80	1.146
189.02	1.204
189.24	1.263
189.46	1.336
189.68	1.313
189.90	1.335
190.12	1.422
190.34	1.432
190.56	1.454
190.78	1.523
191.00	1.590
191.22	1.542
191.44	1.539
191.66	1.656
191.88	1.714
192.10	1.706
192.32	1.729
192.54	1.655
192.76	1.612
192.98	1.541
193.20	1.542
193.42	1.526
193.64	1.490
193.86	1.449
194.08	1.475
194.30	1.491
194.52	1.528
194.74	1.604
194.96	1.625
195.18	1.622
195.40	1.675
195.62	1.690
195.84	1.908
196.06	1.860
196.28	1.865
196.50	1.855
196.72	1.777
196.94	1.864
197.16	1.872
197.38	1.840
197.60	1.898
197.82	1.844
198.04	1.840
198.26	1.891
198.48	1.929
198.70	1.872
198.92	1.826
199.13	1.852
199.35	1.843
199.57	1.845
199.79	1.774
200.01	1.831
200.23	1.814
200.45	1.845
200.67	1.902
200.89	1.924
201.11	1.933
201.33	1.998
201.55	2.022
201.77	2.100
201.99	2.018
202.21	2.004
202.43	1.994
202.65	2.028
202.87	2.009
203.09	2.056
203.31	2.048
203.52	2.065
203.74	2.047
203.96	2.092
204.18	2.080
204.40	2.071
204.62	2.114
204.84	2.139
205.06	2.035
205.28	2.006
205.50	1.969
205.72	2.020
205.94	2.059
206.16	2.152
206.38	2.138
206.59	2.111
206.81	2.069
207.03	2.166
207.25	2.141
207.47	2.157
207.69	2.102
207.91	2.120
208.13	2.088
208.35	2.151
208.57	2.150
208.79	2.193
209.01	2.165
209.22	2.288
209.44	2.291
209.66	2.372
209.88	2.319
210.10	2.448
210.32	2.497
210.54	2.569
210.76	2.629
210.98	2.627
211.20	2.501
211.42	2.538
211.63	2.470
211.85	2.470
212.07	2.332
212.29	2.272
212.51	2.232
212.73	2.221
212.95	2.296
213.17	2.306
213.39	2.337
213.60	2.372
213.82	2.377
214.04	2.312
214.26	2.307
214.48	2.325
214.70	2.371
214.92	2.340
215.14	2.455
215.35	2.499
215.57	2.469
215.79	2.485
216.01	2.572
216.23	2.590
216.45	2.630
216.67	2.694
216.89	2.690
217.10	2.554
217.32	2.541
217.54	2.555
217.76	2.557
217.98	2.713
218.20	2.710
218.42	2.695
218.64	2.664
218.85	2.673
219.07	2.718
219.29	2.659
219.51	2.689
219.73	2.594
219.95	2.523
220.17	2.565
220.38	2.621
220.60	2.525
220.82	2.477
221.04	2.508
221.26	2.508
221.48	2.537
221.69	2.665
221.91	2.632
222.13	2.612
222.35	2.541
222.57	2.630
222.79	2.701
223.00	2.670
223.22	2.643
223.44	2.656
223.66	2.632
223.88	2.600
224.10	2.630
224.32	2.682
224.53	2.709
224.75	2.799
224.97	2.841
225.19	2.896
225.41	2.950
225.62	2.942
225.84	3.023
226.06	2.968
226.28	2.940
226.50	2.874
226.72	2.755
226.93	2.772
227.15	2.749
227.37	2.714
227.59	2.746
227.81	2.789
228.02	2.809
228.24	2.802
228.46	2.833
228.68	2.877
228.90	2.762
229.12	2.754
229.33	2.714
229.55	2.689
229.77	2.670
229.99	2.693
230.21	2.759
230.42	2.712
230.64	2.725
230.86	2.828
231.08	2.884
231.30	2.905
231.51	2.929
231.73	2.917
231.95	2.865
232.17	2.781
232.38	2.799
232.60	2.790
232.82	2.755
233.04	2.776
233.26	2.784
233.47	2.801
233.69	2.875
233.91	2.877
234.13	2.932
234.35	3.001
234.56	2.953
234.78	2.949
235.00	2.916
235.22	2.935
235.43	2.924
235.65	2.897
235.87	2.930
236.09	2.907
236.30	2.897
236.52	2.941
236.74	2.921
236.96	2.881
237.18	2.895
237.39	2.950
237.61	2.947
237.83	3.006
238.05	3.034
238.26	2.943
238.48	2.941
238.70	2.905
238.92	3.002
239.13	2.971
239.35	2.893
239.57	2.890
239.79	2.798
240.00	2.824
240.22	2.843
240.44	2.878
240.66	2.926
240.87	2.892
241.09	2.899
241.31	2.925
241.53	2.903
241.74	2.947
241.96	2.885
242.18	2.909
242.40	2.864
242.61	2.893
242.83	2.804
243.05	2.835
243.27	2.843
243.48	2.849
243.70	2.897
243.92	2.934
244.13	2.942
244.35	2.965
244.57	2.981
244.79	3.135
245.00	3.032
245.22	2.960
245.44	2.967
245.65	2.884
245.87	2.911
246.09	2.897
246.31	2.851
246.52	2.840
246.74	2.852
246.96	2.892
247.18	2.898
247.39	2.967
247.61	3.013
247.83	2.971
248.04	2.950
248.26	2.935
248.48	2.877
248.69	2.833
248.91	2.804
249.13	2.818
249.35	2.755
249.56	2.765
249.78	2.755
250.00	2.797
250.21	2.845
250.43	2.872
250.65	2.906
250.86	2.875
251.08	2.839
251.30	2.889
251.51	2.841
251.73	2.857
251.95	2.832
252.17	2.837
252.38	2.840
252.60	2.824
252.82	2.845
253.03	2.843
253.25	2.812
253.47	2.872
253.68	2.903
253.90	2.931
254.12	2.918
254.33	2.874
254.55	2.884
254.77	2.896
254.98	2.916
255.20	2.912
255.42	2.857
255.63	2.802
255.85	2.796
256.07	2.797
256.28	2.819
256.50	2.805
256.72	2.793
256.93	2.800
257.15	2.832
257.37	2.844
257.58	2.832
257.80	2.813
258.02	2.798
258.23	2.833
258.45	2.846
258.67	2.863
258.88	2.881
259.10	2.842
259.32	2.853
259.53	2.862
259.75	2.856
259.96	2.862
260.18	2.826
260.40	2.769
260.61	2.743
260.83	2.765
261.05	2.746
261.26	2.754
261.48	2.729
261.70	2.737
261.91	2.709
262.13	2.727
262.34	2.741
262.56	2.767
262.78	2.739
262.99	2.775
263.21	2.757
263.43	2.800
263.64	2.795
263.86	2.827
264.07	2.802
264.29	2.843
264.51	2.809
264.72	2.802
264.94	2.749
265.16	2.755
265.37	2.751
265.59	2.729
265.80	2.707
266.02	2.708
266.24	2.678
266.45	2.674
266.67	2.679
266.88	2.703
267.10	2.689
267.32	2.674
267.53	2.662
267.75	2.664
267.96	2.634
268.18	2.647
268.40	2.634
268.61	2.647
268.83	2.674
269.04	2.698
269.26	2.731
269.48	2.746
269.69	2.769
269.91	2.785
270.12	2.808
270.34	2.828
270.56	2.786
270.77	2.743
270.99	2.726
271.20	2.690
271.42	2.729
271.64	2.698
271.85	2.712
272.07	2.695
272.28	2.679
272.50	2.685
272.71	2.698
272.93	2.704
273.15	2.690
273.36	2.653
273.58	2.678
273.79	2.665
274.01	2.643
274.22	2.681
274.44	2.700
274.66	2.687
274.87	2.661
275.09	2.662
275.30	2.681
275.52	2.662
275.73	2.659
275.95	2.681
276.16	2.659
276.38	2.621
276.60	2.620
276.81	2.599
277.03	2.636
277.24	2.602
277.46	2.595
277.67	2.588
277.89	2.585
278.10	2.573
278.32	2.593
278.53	2.586
278.75	2.601
278.97	2.566
279.18	2.570
279.40	2.558
279.61	2.574
279.83	2.536
280.04	2.550
280.26	2.554
280.47	2.547
280.69	2.549
280.90	2.541
281.12	2.549
281.33	2.539
281.55	2.510
281.76	2.507
281.98	2.475
282.20	2.437
282.41	2.434
282.63	2.411
282.84	2.412
283.06	2.400
283.27	2.402
283.49	2.397
283.70	2.398
283.92	2.408
284.13	2.416
284.35	2.401
284.56	2.405
284.78	2.395
284.99	2.377
285.21	2.369
285.42	2.372
285.64	2.362
285.85	2.353
286.07	2.346
286.28	2.338
286.50	2.330
286.71	2.318
286.93	2.316
287.14	2.318
287.36	2.308
287.57	2.293
287.79	2.288
288.00	2.275
288.22	2.261
288.43	2.259
288.65	2.260
288.86	2.254
289.08	2.238
289.29	2.218
289.51	2.214
289.72	2.190
289.94	2.191
290.15	2.179
290.37	2.157
290.58	2.143
290.80	2.127
291.01	2.117
291.22	2.116
291.44	2.108
291.65	2.103
291.87	2.082
292.08	2.077
292.30	2.070
292.51	2.061
292.73	2.053
292.94	2.038
293.16	2.028
293.37	2.017
293.59	2.008
293.80	1.998
294.02	1.987
294.23	1.983
294.44	1.973
294.66	1.970
294.87	1.966
295.09	1.956
295.30	1.953
295.52	1.946
295.73	1.939
295.95	1.934
296.16	1.927
296.37	1.921
296.59	1.907
296.80	1.901
297.02	1.895
297.23	1.881
297.45	1.876
297.66	1.876
297.88	1.870
298.09	1.860
298.30	1.854
298.52	1.849
298.73	1.844
298.95	1.833
299.16	1.830
299.38	1.818
299.59	1.808
299.80	1.801
300.02	1.795
300.23	1.788
300.45	1.784
300.66	1.774
300.88	1.771
301.09	1.764
301.30	1.762
301.52	1.754
301.73	1.751
301.95	1.747
302.16	1.742
302.37	1.735
302.59	1.728
302.80	1.720
303.02	1.714
303.23	1.706
303.45	1.701
303.66	1.693
303.87	1.686
304.09	1.681
304.30	1.676
304.52	1.673
304.73	1.665
304.94	1.661
305.16	1.656
305.37	1.651
305.59	1.645
305.80	1.638
306.01	1.629
306.23	1.622
306.44	1.614
306.65	1.613
306.87	1.607
307.08	1.601
307.30	1.596
307.51	1.590
307.72	1.587
307.94	1.584
308.15	1.578
308.37	1.573
308.58	1.567
308.79	1.564
309.01	1.558
309.22	1.552
309.43	1.549
309.65	1.543
309.86	1.536
310.07	1.531
310.29	1.526
310.50	1.520
310.72	1.515
310.93	1.509
311.14	1.503
311.36	1.496
311.57	1.491
311.78	1.487
312.00	1.483
312.21	1.479
312.42	1.475
312.64	1.469
312.85	1.465
313.07	1.461
313.28	1.457
313.49	1.451
313.71	1.446
313.92	1.439
314.13	1.435
314.35	1.429
314.56	1.426
314.77	1.422
314.99	1.419
315.20	1.413
315.41	1.407
315.63	1.403
315.84	1.398
316.05	1.394
316.27	1.390
316.48	1.381
316.69	1.374
316.91	1.368
317.12	1.367
317.33	1.365
317.55	1.359
317.76	1.357
317.97	1.351
318.19	1.346
318.40	1.344
318.61	1.341
318.83	1.336
319.04	1.332
319.25	1.327
319.47	1.324
319.68	1.320
319.89	1.317
320.10	1.312
320.32	1.309
320.53	1.306
320.74	1.302
320.96	1.298
321.17	1.292
321.38	1.288
321.60	1.284
321.81	1.281
322.02	1.277
322.24	1.272
322.45	1.267
322.66	1.262
322.87	1.258
323.09	1.253
323.30	1.248
323.51	1.244
323.73	1.240
323.94	1.236
324.15	1.232
324.36	1.228
324.58	1.226
324.79	1.221
325.00	1.217
325.22	1.215
325.43	1.211
325.64	1.206
325.85	1.202
326.07	1.199
326.28	1.195
326.49	1.190
326.71	1.186
326.92	1.181
327.13	1.178
327.34	1.174
327.56	1.170
327.77	1.167
327.98	1.163
328.19	1.159
328.41	1.157
328.62	1.154
328.83	1.152
329.04	1.147
329.26	1.143
329.47	1.141
329.68	1.136
329.90	1.132
330.11	1.129
330.32	1.126
330.53	1.122
330.75	1.116
330.96	1.112
331.17	1.109
331.38	1.105
331.60	1.102
331.81	1.099
332.02	1.097
332.23	1.091
332.44	1.086
332.66	1.084
332.87	1.080
333.08	1.078
333.29	1.075
333.51	1.072
333.72	1.068
333.93	1.065
334.14	1.063
334.36	1.062
334.57	1.058
334.78	1.056
334.99	1.052
335.21	1.048
335.42	1.044
335.63	1.041
335.84	1.037
336.05	1.034
336.27	1.030
336.48	1.026
336.69	1.023
336.90	1.019
337.11	1.014
337.33	1.012
337.54	1.007
337.75	1.004
337.96	0.999
338.18	0.996
338.39	0.993
338.60	0.990
338.81	0.986
339.02	0.983
339.24	0.979
339.45	0.977
339.66	0.975
339.87	0.972
340.08	0.970
340.30	0.966
340.51	0.963
340.72	0.961
340.93	0.958
341.14	0.954
341.36	0.951
341.57	0.946
341.78	0.943
341.99	0.940
342.20	0.937
342.41	0.935
342.63	0.932
342.84	0.930
343.05	0.928
343.26	0.925
343.47	0.924
343.69	0.923
343.90	0.920
344.11	0.917
344.32	0.915
344.53	0.912
344.74	0.910
344.96	0.907
345.17	0.905
345.38	0.903
345.59	0.898
345.80	0.894
346.01	0.891
346.23	0.889
346.44	0.886
346.65	0.882
346.86	0.879
347.07	0.877
347.28	0.873
347.50	0.870
347.71	0.869
347.92	0.867
348.13	0.864
348.34	0.862
348.55	0.859
348.76	0.857
348.98	0.852
349.19	0.850
349.40	0.848
349.61	0.846
349.82	0.843
350.03	0.841
350.24	0.839
350.46	0.838
350.67	0.834
350.88	0.831
351.09	0.829
351.30	0.826
351.51	0.823
351.72	0.820
351.93	0.817
352.15	0.814
352.36	0.811
352.57	0.808
352.78	0.807
352.99	0.805
353.20	0.803
353.41	0.800
353.62	0.799
353.84	0.797
354.05	0.795
354.26	0.793
354.47	0.792
354.68	0.791
354.89	0.787
355.10	0.785
355.31	0.782
355.52	0.780
355.74	0.777
355.95	0.774
356.16	0.772
356.37	0.769
356.58	0.766
356.79	0.764
357.00	0.761
357.21	0.759
357.42	0.757
357.63	0.755
357.85	0.754
358.06	0.752
358.27	0.750
358.48	0.748
358.69	0.746
358.90	0.745
359.11	0.743
359.32	0.741
359.53	0.739
359.74	0.736
359.95	0.734
360.17	0.732
360.38	0.729
360.59	0.727
360.80	0.725
361.01	0.722
361.22	0.720
361.43	0.717
361.64	0.716
361.85	0.714
362.06	0.712
362.27	0.710
362.48	0.708
362.69	0.705
362.90	0.704
363.12	0.702
363.33	0.700
363.54	0.698
363.75	0.695
363.96	0.693
364.17	0.692
364.38	0.691
364.59	0.690
364.80	0.687
365.01	0.684
365.22	0.682
365.43	0.679
365.64	0.677
365.85	0.675
366.06	0.674
366.27	0.672
366.48	0.670
366.69	0.669
366.90	0.668
367.11	0.666
367.32	0.664
367.54	0.663
367.75	0.662
367.96	0.659
368.17	0.657
368.38	0.655
368.59	0.653
368.80	0.651
369.01	0.650
369.22	0.649
369.43	0.647
369.64	0.645
369.85	0.643
370.06	0.642
370.27	0.641
370.48	0.639
370.69	0.638
370.90	0.636
371.11	0.633
371.32	0.632
371.53	0.630
371.74	0.628
371.95	0.626
372.16	0.625
372.37	0.623
372.58	0.620
372.79	0.618
373.00	0.618
373.21	0.616
373.42	0.613
373.63	0.611
373.84	0.609
374.05	0.607
374.26	0.605
374.47	0.604
374.68	0.603
374.89	0.601
375.10	0.600
375.31	0.599
375.52	0.598
375.73	0.596
375.94	0.595
376.15	0.595
376.36	0.593
376.57	0.591
376.78	0.590
376.99	0.588
377.20	0.587
377.41	0.586
377.62	0.585
377.83	0.583
378.04	0.581
378.25	0.580
378.46	0.578
378.67	0.576
378.88	0.574
379.09	0.573
379.30	0.572
379.51	0.570
379.72	0.568
379.92	0.567
380.13	0.567
380.34	0.565
380.55	0.564
380.76	0.563
380.97	0.561
381.18	0.559
381.39	0.558
381.60	0.557
381.81	0.555
382.02	0.553
382.23	0.553
382.44	0.552
382.65	0.551
382.86	0.549
383.07	0.548
383.28	0.547
383.49	0.546
383.70	0.545
383.91	0.545
384.11	0.544
384.32	0.543
384.53	0.542
384.74	0.541
384.95	0.539
385.16	0.538
385.37	0.536
385.58	0.535
385.79	0.533
386.00	0.532
386.21	0.530
386.42	0.529
386.63	0.527
386.84	0.527
387.04	0.527
387.25	0.526
387.46	0.524
387.67	0.524
387.88	0.522
388.09	0.521
388.30	0.520
388.51	0.519
388.72	0.518
388.93	0.516
389.14	0.515
389.34	0.514
389.55	0.513
389.76	0.512
389.97	0.510
390.18	0.510
390.39	0.509
390.60	0.508
390.81	0.507
391.02	0.506
391.23	0.505
391.43	0.504
391.64	0.502
391.85	0.501
392.06	0.499
392.27	0.498
392.48	0.497
392.69	0.497
392.90	0.496
393.11	0.495
393.31	0.494
393.52	0.494
393.73	0.494
393.94	0.493
394.15	0.492
394.36	0.491
394.57	0.490
394.78	0.489
394.98	0.487
395.19	0.486
395.40	0.485
395.61	0.484
395.82	0.482
396.03	0.480
396.24	0.480
396.44	0.479
396.65	0.478
396.86	0.477
397.07	0.477
397.28	0.476
397.49	0.475
397.70	0.474
397.90	0.474
398.11	0.473
398.32	0.472
398.53	0.471
398.74	0.471
398.95	0.470
399.16	0.470
399.36	0.469
399.57	0.469
399.78	0.468
399.99	0.467
400.20	0.466
400.41	0.465
400.61	0.463
400.82	0.462
401.03	0.461
401.24	0.460
401.45	0.458
401.66	0.458
401.86	0.457
402.07	0.457
402.28	0.456
402.49	0.456
402.70	0.455
402.91	0.454
403.11	0.453
403.32	0.452
403.53	0.450
403.74	0.449
403.95	0.449
404.15	0.448
404.36	0.447
404.57	0.446
404.78	0.446
404.99	0.445
405.20	0.445
405.40	0.445
405.61	0.445
405.82	0.445
406.03	0.444
406.24	0.443
406.44	0.443
406.65	0.443
406.86	0.443
407.07	0.441
407.28	0.440
407.48	0.439
407.69	0.438
407.90	0.438
408.11	0.437
408.32	0.436
408.52	0.435
408.73	0.434
408.94	0.433
409.15	0.433
409.35	0.433
409.56	0.433
409.77	0.432
409.98	0.432
410.19	0.432
410.39	0.431
410.60	0.429
410.81	0.429
411.02	0.428
411.22	0.427
411.43	0.426
411.64	0.425
411.85	0.424
412.05	0.423
412.26	0.423
412.47	0.423
412.68	0.422
412.89	0.421
413.09	0.420
413.30	0.420
413.51	0.419
413.72	0.419
413.92	0.418
414.13	0.418
414.34	0.417
414.55	0.416
414.75	0.416
414.96	0.415
415.17	0.414
415.38	0.414
415.58	0.412
415.79	0.412
416.00	0.411
416.21	0.411
416.41	0.411
416.62	0.411
416.83	0.410
417.03	0.410
417.24	0.410
417.45	0.410
417.66	0.409
417.86	0.408
418.07	0.406
418.28	0.406
418.49	0.405
418.69	0.404
418.90	0.404
419.11	0.403
419.31	0.403
419.52	0.402
419.73	0.402
419.94	0.402
420.14	0.402
420.35	0.401
420.56	0.402
420.76	0.401
420.97	0.400
421.18	0.400
421.39	0.400
421.59	0.399
421.80	0.398
422.01	0.398
422.21	0.397
422.42	0.397
422.63	0.396
422.84	0.396
423.04	0.395
423.25	0.394
423.46	0.393
423.66	0.393
423.87	0.392
424.08	0.392
424.28	0.391
424.49	0.390
424.70	0.390
424.90	0.389
425.11	0.390
425.32	0.390
425.52	0.390
425.73	0.389
425.94	0.389
426.15	0.389
426.35	0.388
426.56	0.387
426.77	0.387
426.97	0.387
427.18	0.386
427.39	0.385
427.59	0.385
427.80	0.385
428.01	0.384
428.21	0.383
428.42	0.382
428.63	0.381
428.83	0.381
429.04	0.381
429.25	0.381
429.45	0.380
429.66	0.379
429.87	0.379
430.07	0.379
430.28	0.378
430.48	0.378
430.69	0.377
430.90	0.376
431.10	0.375
431.31	0.375
431.52	0.375
431.72	0.374
431.93	0.373
432.14	0.373
432.34	0.373
432.55	0.374
432.76	0.373
432.96	0.373
433.17	0.372
433.37	0.372
433.58	0.372
433.79	0.371
433.99	0.370
434.20	0.369
434.41	0.368
434.61	0.368
434.82	0.368
435.02	0.368
435.23	0.367
435.44	0.367
435.64	0.366
435.85	0.367
436.06	0.367
436.26	0.367
436.47	0.366
436.67	0.366
436.88	0.365
437.09	0.366
437.29	0.365
437.50	0.365
437.70	0.364
437.91	0.363
438.12	0.362
438.32	0.362
438.53	0.362
438.73	0.362
438.94	0.360
439.15	0.360
439.35	0.359
439.56	0.359
439.76	0.359
439.97	0.360
440.18	0.359
440.38	0.358
440.59	0.358
440.79	0.358
441.00	0.358
441.20	0.358
441.41	0.357
441.62	0.357
441.82	0.356
442.03	0.356
442.23	0.356
442.44	0.356
442.65	0.356
442.85	0.356
443.06	0.355
443.26	0.355
443.47	0.355
443.67	0.355
443.88	0.355
444.09	0.354
444.29	0.352
444.50	0.352
444.70	0.352
444.91	0.351
445.11	0.350
445.32	0.349
445.52	0.348
445.73	0.347
445.94	0.347
446.14	0.348
446.35	0.347
446.55	0.347
446.76	0.347
446.96	0.346
447.17	0.346
447.37	0.346
447.58	0.346
447.78	0.346
447.99	0.345
448.20	0.345
448.40	0.344
448.61	0.344
448.81	0.343
449.02	0.343
449.22	0.343
449.43	0.344
449.63	0.343
449.84	0.343
450.04	0.343
450.25	0.342
450.45	0.342
450.66	0.342
450.86	0.341
451.07	0.341
451.27	0.340
451.48	0.339
451.68	0.340
451.89	0.339
452.09	0.338
452.30	0.339
452.50	0.338
452.71	0.338
452.91	0.338
453.12	0.338
453.33	0.338
453.53	0.338
453.74	0.338
453.94	0.338
454.15	0.337
454.35	0.337
454.56	0.337
454.76	0.337
454.96	0.337
455.17	0.337
455.37	0.336
455.58	0.335
455.78	0.335
455.99	0.333
456.19	0.333
456.40	0.332
456.60	0.331
456.81	0.331
457.01	0.331
457.22	0.331
457.42	0.332
457.63	0.331
457.83	0.332
458.04	0.331
458.24	0.332
458.45	0.332
458.65	0.332
458.86	0.331
459.06	0.331
459.27	0.331
459.47	0.331
459.67	0.331
459.88	0.330
460.08	0.330
460.29	0.330
460.49	0.329
460.70	0.329
460.90	0.328
461.11	0.328
461.31	0.328
461.52	0.328
461.72	0.328
461.92	0.328
462.13	0.328
462.33	0.328
462.54	0.327
462.74	0.328
462.95	0.327
463.15	0.326
463.36	0.325
463.56	0.325
463.76	0.324
463.97	0.324
464.17	0.324
464.38	0.324
464.58	0.323
464.79	0.323
464.99	0.323
465.19	0.322
465.40	0.322
465.60	0.322
465.81	0.322
466.01	0.322
466.22	0.322
466.42	0.322
466.62	0.321
466.83	0.321
467.03	0.321
467.24	0.320
467.44	0.320
467.65	0.319
467.85	0.319
468.05	0.317
468.26	0.317
468.46	0.318
468.67	0.317
468.87	0.317
469.07	0.317
469.28	0.318
469.48	0.318
469.69	0.317
469.89	0.317
470.09	0.317
470.30	0.316
470.50	0.315
470.71	0.315
470.91	0.314
471.11	0.314
471.32	0.314
471.52	0.313
471.72	0.313
471.93	0.313
472.13	0.312
472.34	0.312
472.54	0.312
472.74	0.312
472.95	0.311
473.15	0.311
473.35	0.312
473.56	0.312
473.76	0.312
473.97	0.312
474.17	0.312
474.37	0.312
474.58	0.313
474.78	0.313
474.98	0.312
475.19	0.312
475.39	0.312
475.60	0.311
475.80	0.311
476.00	0.311
476.21	0.310
476.41	0.310
476.61	0.309
476.82	0.310
477.02	0.310
477.22	0.310
477.43	0.310
477.63	0.310
477.83	0.309
478.04	0.309
478.24	0.308
478.44	0.308
478.65	0.307
478.85	0.307
479.05	0.307
479.26	0.307
479.46	0.306
479.66	0.306
479.87	0.306
480.07	0.306
480.27	0.306
480.48	0.306
480.68	0.306
480.88	0.305
481.09	0.305
481.29	0.304
481.49	0.304
481.70	0.304
481.90	0.303
482.10	0.302
482.31	0.302
482.51	0.302
482.71	0.302
482.92	0.302
483.12	0.302
483.32	0.302
483.52	0.302
483.73	0.302
483.93	0.303
484.13	0.303
484.34	0.302
484.54	0.302
484.74	0.301
484.95	0.300
485.15	0.300
485.35	0.300
485.55	0.299
485.76	0.299
485.96	0.298
486.16	0.299
486.37	0.298
486.57	0.298
486.77	0.298
486.97	0.298
487.18	0.298
487.38	0.298
487.58	0.298
487.79	0.298
487.99	0.297
488.19	0.298
488.39	0.298
488.60	0.297
488.80	0.297
489.00	0.297
489.20	0.297
489.41	0.296
489.61	0.296
489.81	0.295
490.02	0.295
490.22	0.295
490.42	0.295
490.62	0.294
490.83	0.295
491.03	0.295
491.23	0.295
491.43	0.294
491.64	0.294
491.84	0.294
492.04	0.293
492.24	0.292
492.45	0.293
492.65	0.293
492.85	0.293
493.05	0.293
493.26	0.293
493.46	0.293
493.66	0.293
493.86	0.293
494.07	0.292
494.27	0.291
494.47	0.291
494.67	0.291
494.87	0.291
495.08	0.290
495.28	0.290
495.48	0.290
495.68	0.290
495.89	0.290
496.09	0.291
496.29	0.291
496.49	0.290
496.69	0.290
496.90	0.290
497.10	0.290
497.30	0.290
497.50	0.290
497.71	0.289
497.91	0.289
498.11	0.289
498.31	0.289
498.51	0.288
498.72	0.288
498.92	0.288
499.12	0.287
499.32	0.286
499.52	0.286
499.73	0.286
499.93	0.286
500.13	0.286
500.33	0.286
500.53	0.285
500.74	0.285
500.94	0.286
501.14	0.287
501.34	0.287
501.54	0.287
501.74	0.287
501.95	0.286
502.15	0.286
502.35	0.287
502.55	0.287
502.75	0.287
502.96	0.286
503.16	0.286
503.36	0.285
503.56	0.285
503.76	0.284
503.96	0.284
504.17	0.284
504.37	0.283
504.57	0.282
504.77	0.282
504.97	0.282
505.17	0.282
505.38	0.282
505.58	0.283
505.78	0.283
505.98	0.283
506.18	0.283
506.38	0.283
506.58	0.283
506.79	0.282
506.99	0.282
507.19	0.281
507.39	0.281
507.59	0.280
507.79	0.280
507.99	0.279
508.20	0.279
508.40	0.279
508.60	0.280
508.80	0.280
509.00	0.279
509.20	0.279
509.40	0.280
509.61	0.280
509.81	0.280
510.01	0.280
510.21	0.279
510.41	0.279
510.61	0.279
510.81	0.279
511.01	0.279
511.22	0.279
511.42	0.278
511.62	0.278
511.82	0.278
512.02	0.278
512.22	0.278
512.42	0.277
512.62	0.278
512.82	0.278
513.03	0.277
513.23	0.277
513.43	0.276
513.63	0.277
513.83	0.276
514.03	0.276
514.23	0.276
514.43	0.276
514.63	0.276
514.83	0.276
515.04	0.276
515.24	0.275
515.44	0.275
515.64	0.275
515.84	0.275
516.04	0.274
516.24	0.274
516.44	0.274
516.64	0.274
516.84	0.274
517.04	0.274
517.24	0.274
517.45	0.275
517.65	0.275
517.85	0.275
518.05	0.275
518.25	0.274
518.45	0.274
518.65	0.274
518.85	0.274
519.05	0.273
519.25	0.272
519.45	0.272
519.65	0.272
519.85	0.271
520.05	0.271
520.25	0.271
520.46	0.270
520.66	0.270
520.86	0.270
521.06	0.271
521.26	0.271
521.46	0.270
521.66	0.271
521.86	0.271
522.06	0.271
522.26	0.271
522.46	0.270
522.66	0.270
522.86	0.271
523.06	0.271
523.26	0.271
523.46	0.271
523.66	0.271
523.86	0.270
524.06	0.270
524.26	0.271
524.46	0.271
524.66	0.270
524.86	0.270
525.06	0.270
525.26	0.269
525.46	0.268
525.66	0.269
525.87	0.268
526.07	0.268
526.27	0.267
526.47	0.268
526.67	0.267
526.87	0.266
527.07	0.266
527.27	0.266
527.47	0.266
527.67	0.266
527.87	0.265
528.07	0.266
528.27	0.266
528.47	0.266
528.67	0.267
528.87	0.266
529.07	0.266
529.27	0.266
529.47	0.266
529.67	0.267
529.87	0.266
530.07	0.265
530.27	0.265
530.47	0.265
530.67	0.265
530.87	0.265
531.06	0.265
531.26	0.264
531.46	0.264
531.66	0.264
531.86	0.264
532.06	0.263
532.26	0.263
532.46	0.262
532.66	0.262
532.86	0.261
533.06	0.261
533.26	0.261
533.46	0.261
533.66	0.261
533.86	0.261
534.06	0.262
534.26	0.262
534.46	0.262
534.66	0.262
534.86	0.262
535.06	0.262
535.26	0.261
535.46	0.261
535.66	0.261
535.86	0.260
536.06	0.260
536.26	0.260
536.45	0.261
536.65	0.262
536.85	0.262
537.05	0.262
537.25	0.262
537.45	0.263
537.65	0.263
537.85	0.262
538.05	0.262
538.25	0.261
538.45	0.260
538.65	0.260
538.85	0.260
539.05	0.259
539.25	0.259
539.44	0.259
539.64	0.258
539.84	0.259
540.04	0.259
540.24	0.259
540.44	0.258
540.64	0.258
540.84	0.258
541.04	0.258
541.24	0.258
541.44	0.258
541.64	0.258
541.83	0.257
542.03	0.258
542.23	0.258
542.43	0.258
542.63	0.257
542.83	0.257
543.03	0.256
543.23	0.256
543.43	0.255
543.63	0.256
543.82	0.255
544.02	0.256
544.22	0.256
544.42	0.256
544.62	0.257
544.82	0.257
545.02	0.256
545.22	0.257
545.42	0.256
545.61	0.256
545.81	0.256
546.01	0.255
546.21	0.255
546.41	0.255
546.61	0.255
546.81	0.255
547.01	0.255
547.20	0.254
547.40	0.254
547.60	0.254
547.80	0.253
548.00	0.253
548.20	0.253
548.40	0.253
548.59	0.253
548.79	0.253
548.99	0.254
549.19	0.254
549.39	0.254
549.59	0.254
549.79	0.254
549.98	0.255
550.18	0.255
550.38	0.254
550.58	0.254
550.78	0.254
550.98	0.253
551.17	0.253
551.37	0.253
551.57	0.253
551.77	0.253
551.97	0.253
552.17	0.253
552.36	0.252
552.56	0.252
552.76	0.252
552.96	0.252
553.16	0.252
553.36	0.253
553.55	0.253
553.75	0.253
553.95	0.253
554.15	0.253
554.35	0.253
554.55	0.253
554.74	0.252
554.94	0.252
555.14	0.252
555.34	0.251
555.54	0.251
555.73	0.250
555.93	0.251
556.13	0.250
556.33	0.250
556.53	0.250
556.72	0.250
556.92	0.250
557.12	0.250
557.32	0.250
557.52	0.250
557.71	0.250
557.91	0.250
558.11	0.250
558.31	0.249
558.51	0.248
558.70	0.249
558.90	0.248
559.10	0.248
559.30	0.248
559.49	0.248
559.69	0.248
559.89	0.249
560.09	0.249
560.29	0.249
560.48	0.249
560.68	0.249
560.88	0.249
561.08	0.249
561.27	0.249
561.47	0.249
561.67	0.249
561.87	0.249
562.06	0.248
562.26	0.248
562.46	0.248
562.66	0.247
562.86	0.247
563.05	0.248
563.25	0.247
563.45	0.247
563.65	0.246
563.84	0.246
564.04	0.246
564.24	0.246
564.44	0.245
564.63	0.245
564.83	0.245
565.03	0.245
565.22	0.245
565.42	0.245
565.62	0.245
565.82	0.246
566.01	0.246
566.21	0.247
566.41	0.247
566.61	0.247
566.80	0.247
567.00	0.247
567.20	0.247
567.40	0.246
567.59	0.245
567.79	0.245
567.99	0.245
568.18	0.244
568.38	0.244
568.58	0.244
568.78	0.244
568.97	0.244
569.17	0.244
569.37	0.244
569.56	0.244
569.76	0.244
569.96	0.244
570.16	0.244
570.35	0.244
570.55	0.244
570.75	0.243
570.94	0.243
571.14	0.243
571.34	0.243
571.53	0.243
571.73	0.242
571.93	0.243
572.12	0.243
572.32	0.243
572.52	0.243
572.72	0.243
572.91	0.242
573.11	0.242
573.31	0.242
573.50	0.242
573.70	0.242
573.90	0.241
574.09	0.242
574.29	0.242
574.49	0.241
574.68	0.241
574.88	0.241
575.08	0.242
575.27	0.241
575.47	0.241
575.67	0.241
575.86	0.241
576.06	0.241
576.26	0.241
576.45	0.241
576.65	0.240
576.85	0.240
577.04	0.240
577.24	0.240
577.44	0.239
577.63	0.239
577.83	0.238
578.02	0.238
578.22	0.238
578.42	0.238
578.61	0.238
578.81	0.239
579.01	0.239
579.20	0.240
579.40	0.240
579.60	0.240
579.79	0.240
579.99	0.240
580.19	0.239
580.38	0.239
580.58	0.238
580.77	0.238
580.97	0.237
581.17	0.238
581.36	0.237
581.56	0.237
581.75	0.237
581.95	0.237
582.15	0.237
582.34	0.238
582.54	0.238
582.74	0.238
582.93	0.238
583.13	0.238
583.32	0.238
583.52	0.238
583.72	0.238
583.91	0.237
584.11	0.237
584.30	0.237
584.50	0.238
584.70	0.237
584.89	0.237
585.09	0.237
585.28	0.238
585.48	0.238
585.68	0.238
585.87	0.237
586.07	0.237
586.26	0.237
586.46	0.237
586.66	0.237
586.85	0.237
587.05	0.236
587.24	0.236
587.44	0.237
587.63	0.237
587.83	0.237
588.03	0.237
588.22	0.237
588.42	0.237
588.61	0.237
588.81	0.237
589.00	0.237
589.20	0.237
589.40	0.237
589.59	0.237
589.79	0.236
589.98	0.236
590.18	0.236
590.37	0.235
590.57	0.235
590.76	0.235
590.96	0.235
591.16	0.234
591.35	0.234
591.55	0.234
591.74	0.234
591.94	0.234
592.13	0.234
592.33	0.233
592.52	0.233
592.72	0.233
592.91	0.233
593.11	0.233
593.30	0.233
593.50	0.233
593.70	0.233
593.89	0.234
594.09	0.234
594.28	0.234
594.48	0.234
594.67	0.234
594.87	0.233
595.06	0.234
595.26	0.233
595.45	0.233
595.65	0.233
595.84	0.233
596.04	0.233
596.23	0.233
596.43	0.233
596.62	0.233
596.82	0.233
597.01	0.232
597.21	0.233
597.40	0.232
597.60	0.232
597.79	0.232
597.99	0.231
598.18	0.231
598.38	0.231
598.57	0.231
598.77	0.230
598.96	0.230
599.16	0.230
599.35	0.230
599.55	0.230
599.74	0.230
599.94	0.230
600.13	0.230
600.33	0.230
600.52	0.230
600.72	0.230
600.91	0.230
601.11	0.230
601.30	0.231
601.50	0.231
601.69	0.231
601.89	0.231
602.08	0.231
602.27	0.231
602.47	0.231
602.66	0.231
602.86	0.231
603.05	0.230
603.25	0.230
603.44	0.229
603.64	0.230
603.83	0.230
604.03	0.229
604.22	0.229
604.41	0.229
604.61	0.229
604.80	0.229
605.00	0.230
605.19	0.230
605.39	0.230
605.58	0.229
605.78	0.230
605.97	0.229
606.16	0.229
606.36	0.229
606.55	0.229
606.75	0.228
606.94	0.228
607.14	0.227
607.33	0.228
607.52	0.227
607.72	0.227
607.91	0.227
608.11	0.227
608.30	0.227
608.50	0.228
608.69	0.228
608.88	0.228
609.08	0.228
609.27	0.228
609.47	0.228
609.66	0.228
609.85	0.228
610.05	0.228
610.24	0.228
610.44	0.228
610.63	0.227
610.83	0.227
611.02	0.227
611.21	0.227
611.41	0.227
611.60	0.227
611.80	0.228
611.99	0.227
612.18	0.227
612.38	0.227
612.57	0.227
612.76	0.227
612.96	0.226
613.15	0.226
613.35	0.226
613.54	0.226
613.73	0.226
613.93	0.226
614.12	0.226
614.32	0.225
614.51	0.225
614.70	0.226
614.90	0.225
615.09	0.225
615.28	0.225
615.48	0.225
615.67	0.225
615.86	0.225
616.06	0.225
616.25	0.225
616.45	0.225
616.64	0.226
616.83	0.226
617.03	0.225
617.22	0.225
617.41	0.225
617.61	0.224
617.80	0.224
617.99	0.223
618.19	0.224
618.38	0.224
618.57	0.224
618.77	0.223
618.96	0.224
619.15	0.224
619.35	0.224
619.54	0.225
619.73	0.224
619.93	0.224
620.12	0.224
620.31	0.224
620.51	0.224
620.70	0.224
620.89	0.223
621.09	0.223
621.28	0.223
621.47	0.223
621.67	0.223
621.86	0.224
622.05	0.223
622.25	0.224
622.44	0.224
622.63	0.224
622.83	0.224
623.02	0.224
623.21	0.224
623.41	0.223
623.60	0.223
623.79	0.223
623.98	0.223
624.18	0.223
624.37	0.222
624.56	0.222
624.76	0.222
624.95	0.223
625.14	0.223
625.33	0.223
625.53	0.223
625.72	0.223
625.91	0.223
626.11	0.223
626.30	0.223
626.49	0.223
626.68	0.223
626.88	0.223
627.07	0.222
627.26	0.222
627.46	0.222
627.65	0.222
627.84	0.222
628.03	0.222
628.23	0.222
628.42	0.221
628.61	0.222
628.80	0.222
629.00	0.223
629.19	0.222
629.38	0.221
629.58	0.221
629.77	0.221
629.96	0.221
630.15	0.222
630.35	0.221
630.54	0.221
630.73	0.221
630.92	0.221
631.12	0.221
631.31	0.222
631.50	0.222
631.69	0.222
631.89	0.222
632.08	0.222
632.27	0.221
632.46	0.221
632.65	0.220
632.85	0.221
633.04	0.220
633.23	0.220
633.42	0.219
633.62	0.220
633.81	0.220
634.00	0.221
634.19	0.221
634.39	0.222
634.58	0.222
634.77	0.222
634.96	0.222
635.15	0.222
635.35	0.222
635.54	0.222
635.73	0.221
635.92	0.221
636.11	0.220
636.31	0.220
636.50	0.220
636.69	0.220
636.88	0.220
637.07	0.221
637.27	0.221
637.46	0.221
637.65	0.220
637.84	0.220
638.03	0.220
638.23	0.220
638.42	0.220
638.61	0.220
638.80	0.220
638.99	0.220
639.19	0.219
639.38	0.219
639.57	0.219
639.76	0.218
639.95	0.218
640.14	0.218
640.34	0.218
640.53	0.218
640.72	0.217
640.91	0.218
641.10	0.218
641.30	0.218
641.49	0.219
641.68	0.219
641.87	0.218
642.06	0.218
642.25	0.219
642.44	0.219
642.64	0.219
642.83	0.219
643.02	0.219
643.21	0.219
643.40	0.219
643.59	0.219
643.79	0.219
643.98	0.218
644.17	0.219
644.36	0.219
644.55	0.218
644.74	0.218
644.93	0.218
645.13	0.218
645.32	0.218
645.51	0.218
645.70	0.218
645.89	0.218
646.08	0.218
646.27	0.218
646.46	0.218
646.66	0.218
646.85	0.217
647.04	0.217
647.23	0.217
647.42	0.217
647.61	0.217
647.80	0.217
647.99	0.217
648.19	0.217
648.38	0.217
648.57	0.217
648.76	0.217
648.95	0.217
649.14	0.216
649.33	0.216
649.52	0.216
649.71	0.216
649.91	0.217
650.10	0.217
650.29	0.217
650.48	0.217
650.67	0.216
650.86	0.217
651.05	0.216
651.24	0.216
651.43	0.216
651.62	0.216
651.81	0.216
652.01	0.216
652.20	0.216
652.39	0.216
652.58	0.217
652.77	0.216
652.96	0.217
653.15	0.217
653.34	0.217
653.53	0.216
653.72	0.217
653.91	0.217
654.10	0.217
654.29	0.216
654.48	0.216
654.68	0.214
654.87	0.213
655.06	0.212
655.25	0.212
655.44	0.212
655.63	0.211
655.82	0.211
656.01	0.211
656.20	0.211
656.39	0.212
656.58	0.212
656.77	0.213
656.96	0.213
657.15	0.213
657.34	0.213
657.53	0.214
657.72	0.214
657.91	0.214
658.10	0.214
658.29	0.214
658.48	0.215
658.68	0.215
658.87	0.215
659.06	0.214
659.25	0.214
659.44	0.214
659.63	0.214
659.82	0.214
660.01	0.214
660.20	0.214
660.39	0.214
660.58	0.214
660.77	0.215
660.96	0.215
661.15	0.215
661.34	0.215
661.53	0.215
661.72	0.215
661.91	0.215
662.10	0.214
662.29	0.214
662.48	0.214
662.67	0.214
662.86	0.213
663.05	0.213
663.24	0.213
663.43	0.213
663.62	0.213
663.81	0.213
664.00	0.213
664.19	0.213
664.38	0.213
664.57	0.213
664.76	0.213
664.95	0.213
665.14	0.213
665.33	0.213
665.52	0.214
665.71	0.213
665.90	0.213
666.09	0.213
666.28	0.213
666.46	0.213
666.65	0.213
666.84	0.213
667.03	0.212
667.22	0.212
667.41	0.213
667.60	0.213
667.79	0.213
667.98	0.213
668.17	0.213
668.36	0.213
668.55	0.213
668.74	0.213
668.93	0.213
669.12	0.213
669.31	0.213
669.50	0.212
669.69	0.212
669.88	0.212
670.07	0.212
670.26	0.212
670.44	0.212
670.63	0.212
670.82	0.211
671.01	0.212
671.20	0.211
671.39	0.212
671.58	0.212
671.77	0.212
671.96	0.212
672.15	0.212
672.34	0.212
672.53	0.212
672.72	0.212
672.91	0.212
673.09	0.211
673.28	0.211
673.47	0.211
673.66	0.210
673.85	0.210
674.04	0.210
674.23	0.210
674.42	0.210
674.61	0.210
674.80	0.210
674.98	0.211
675.17	0.211
675.36	0.211
675.55	0.211
675.74	0.211
675.93	0.211
676.12	0.211
676.31	0.211
676.50	0.211
676.69	0.210
676.87	0.210
677.06	0.209
677.25	0.210
677.44	0.210
677.63	0.210
677.82	0.210
678.01	0.210
678.20	0.211
678.38	0.211
678.57	0.211
678.76	0.211
678.95	0.211
679.14	0.210
679.33	0.211
679.52	0.210
679.71	0.211
679.89	0.210
680.08	0.210
680.27	0.210
680.46	0.210
680.65	0.210
680.84	0.210
681.02	0.210
681.21	0.210
681.40	0.210
681.59	0.210
681.78	0.210
681.97	0.209
682.16	0.210
682.34	0.210
682.53	0.210
682.72	0.209
682.91	0.209
683.10	0.209
683.29	0.209
683.47	0.209
683.66	0.209
683.85	0.209
684.04	0.209
684.23	0.209
684.42	0.209
684.60	0.208
684.79	0.209
684.98	0.209
685.17	0.209
685.36	0.208
685.54	0.208
685.73	0.208
685.92	0.208
686.11	0.208
686.30	0.208
686.49	0.207
686.67	0.207
686.86	0.207
687.05	0.207
687.24	0.207
687.43	0.207
687.61	0.207
687.80	0.208
687.99	0.208
688.18	0.208
688.36	0.208
688.55	0.208
688.74	0.208
688.93	0.208
689.12	0.208
689.30	0.208
689.49	0.208
689.68	0.208
689.87	0.208
690.06	0.208
690.24	0.207
690.43	0.207
690.62	0.207
690.81	0.207
690.99	0.207
691.18	0.207
691.37	0.207
691.56	0.207
691.74	0.207
691.93	0.208
692.12	0.207
692.31	0.208
692.50	0.207
692.68	0.207
692.87	0.208
693.06	0.207
693.25	0.207
693.43	0.207
693.62	0.207
693.81	0.207
694.00	0.207
694.18	0.207
694.37	0.207
694.56	0.206
694.74	0.207
694.93	0.206
695.12	0.206
695.31	0.206
695.49	0.207
695.68	0.207
695.87	0.207
696.06	0.206
696.24	0.207
696.43	0.206
696.62	0.207
696.80	0.207
696.99	0.207
697.18	0.206
697.37	0.206
697.55	0.206
697.74	0.206
697.93	0.206
698.12	0.206
698.30	0.206
698.49	0.206
698.68	0.206
698.86	0.206
699.05	0.206
699.24	0.206
699.42	0.206
699.61	0.206
699.80	0.206
699.99	0.206
700.17	0.207
700.36	0.207
700.55	0.207
700.73	0.207
700.92	0.207
701.11	0.207
701.29	0.206
701.48	0.206
701.67	0.206
701.85	0.206
702.04	0.206
702.23	0.205
702.41	0.206
702.60	0.205
702.79	0.205
702.97	0.206
703.16	0.205
703.35	0.206
703.53	0.206
703.72	0.205
703.91	0.205
704.09	0.205
704.28	0.205
704.47	0.205
704.65	0.204
704.84	0.204
705.03	0.204
705.21	0.205
705.40	0.205
705.59	0.205
705.77	0.204
705.96	0.204
706.15	0.205
706.33	0.205
706.52	0.204
706.71	0.204
706.89	0.204
707.08	0.204
707.26	0.204
707.45	0.205
707.64	0.205
707.82	0.205
708.01	0.205
708.20	0.205
708.38	0.205
708.57	0.205
708.75	0.205
708.94	0.205
709.13	0.205
709.31	0.205
709.50	0.205
709.69	0.204
709.87	0.205
710.06	0.204
710.24	0.204
710.43	0.204
710.62	0.204
710.80	0.204
710.99	0.204
711.17	0.204
711.36	0.204
711.55	0.204
711.73	0.204
711.92	0.204
712.10	0.204
712.29	0.204
712.48	0.204
712.66	0.204
712.85	0.204
713.03	0.203
713.22	0.203
713.40	0.203
713.59	0.203
713.78	0.202
713.96	0.203
714.15	0.202
714.33	0.202
714.52	0.202
714.71	0.202
714.89	0.203
715.08	0.203
715.26	0.203
715.45	0.203
715.63	0.203
715.82	0.203
716.00	0.203
716.19	0.203
716.38	0.203
716.56	0.203
716.75	0.203
716.93	0.203
717.12	0.203
717.30	0.203
717.49	0.203
717.67	0.203
717.86	0.203
718.05	0.203
718.23	0.203
718.42	0.203
718.60	0.203
718.79	0.203
718.97	0.203
719.16	0.202
719.34	0.202
719.53	0.202
719.71	0.202
719.90	0.202
720.08	0.202
720.27	0.201
720.45	0.201
720.64	0.201
720.83	0.200
721.01	0.200
721.20	0.200
721.38	0.200
721.57	0.200
721.75	0.199
721.94	0.200
722.12	0.200
722.31	0.200
722.49	0.200
722.68	0.200
722.86	0.201
723.05	0.201
723.23	0.201
723.42	0.201
723.60	0.201
723.79	0.201
723.97	0.201
724.16	0.201
724.34	0.200
724.53	0.200
724.71	0.200
724.90	0.200
725.08	0.201
725.27	0.201
725.45	0.201
725.64	0.201
725.82	0.201
726.00	0.201
726.19	0.201
726.37	0.201
726.56	0.201
726.74	0.201
726.93	0.201
727.11	0.201
727.30	0.201
727.48	0.201
727.67	0.201
727.85	0.201
728.04	0.200
728.22	0.200
728.40	0.200
728.59	0.200
728.77	0.200
728.96	0.200
729.14	0.200
729.33	0.200
729.51	0.200
729.70	0.200
729.88	0.200
730.07	0.201
730.25	0.201
730.43	0.201
730.62	0.201
730.80	0.201
730.99	0.201
731.17	0.201
731.36	0.201
731.54	0.201
731.72	0.200
731.91	0.200
732.09	0.200
732.28	0.200
732.46	0.200
732.65	0.200
732.83	0.199
733.01	0.199
733.20	0.199
733.38	0.199
733.57	0.199
733.75	0.199
733.93	0.199
734.12	0.199
734.30	0.199
734.49	0.200
734.67	0.200
734.85	0.199
735.04	0.199
735.22	0.199
735.41	0.199
735.59	0.199
735.77	0.199
735.96	0.199
736.14	0.198
736.33	0.198
736.51	0.198
736.69	0.199
736.88	0.199
737.06	0.199
737.25	0.199
737.43	0.199
737.61	0.199
737.80	0.199
737.98	0.199
738.16	0.199
738.35	0.199
738.53	0.198
738.71	0.199
738.90	0.199
739.08	0.199
739.27	0.198
739.45	0.198
739.63	0.198
739.82	0.197
740.00	0.198
740.18	0.198
740.37	0.197
740.55	0.198
740.73	0.197
740.92	0.198
741.10	0.198
741.28	0.198
741.47	0.198
741.65	0.198
741.83	0.198
742.02	0.198
742.20	0.198
742.38	0.198
742.57	0.198
742.75	0.198
742.93	0.198
743.12	0.198
743.30	0.198
743.48	0.198
743.67	0.198
743.85	0.198
744.03	0.198
744.22	0.198
744.40	0.198
744.58	0.198
744.77	0.198
744.95	0.199
745.13	0.199
745.32	0.198
745.50	0.198
745.68	0.197
745.87	0.197
746.05	0.198
746.23	0.198
746.41	0.198
746.60	0.198
746.78	0.198
746.96	0.198
747.15	0.198
747.33	0.198
747.51	0.198
747.70	0.198
747.88	0.198
748.06	0.198
748.24	0.199
748.43	0.198
748.61	0.198
748.79	0.198
748.97	0.198
749.16	0.198
749.34	0.197
749.52	0.197
749.71	0.197
749.89	0.196
750.07	0.197
750.25	0.197
750.44	0.197
750.62	0.197
750.80	0.197
750.98	0.197
751.17	0.198
751.35	0.198
751.53	0.198
751.71	0.198
751.90	0.197
752.08	0.197
752.26	0.197
752.44	0.197
752.63	0.197
752.81	0.197
752.99	0.197
753.17	0.196
753.36	0.197
753.54	0.197
753.72	0.197
753.90	0.197
754.09	0.197
754.27	0.197
754.45	0.197
754.63	0.197
754.82	0.197
755.00	0.197
755.18	0.198
755.36	0.197
755.54	0.196
755.73	0.196
755.91	0.196
756.09	0.196
756.27	0.196
756.45	0.196
756.64	0.196
756.82	0.195
757.00	0.196
757.18	0.196
757.37	0.197
757.55	0.197
757.73	0.197
757.91	0.197
758.09	0.196
758.27	0.197
758.46	0.196
758.64	0.196
758.82	0.196
759.00	0.195
759.18	0.195
759.37	0.195
759.55	0.195
759.73	0.194
759.91	0.194
760.09	0.194
760.28	0.194
760.46	0.194
760.64	0.194
760.82	0.194
761.00	0.195
761.18	0.195
761.37	0.195
761.55	0.195
761.73	0.195
761.91	0.195
762.09	0.195
762.27	0.195
762.46	0.195
762.64	0.195
762.82	0.195
763.00	0.195
763.18	0.195
763.36	0.195
763.54	0.195
763.73	0.195
763.91	0.194
764.09	0.194
764.27	0.194
764.45	0.194
764.63	0.193
764.81	0.193
765.00	0.193
765.18	0.194
765.36	0.193
765.54	0.193
765.72	0.194
765.90	0.193
766.08	0.193
766.27	0.194
766.45	0.194
766.63	0.193
766.81	0.193
766.99	0.193
767.17	0.193
767.35	0.192
767.53	0.192
767.71	0.192
767.90	0.192
768.08	0.191
768.26	0.192
768.44	0.192
768.62	0.192
768.80	0.192
768.98	0.192
769.16	0.192
769.34	0.192
769.52	0.192
769.71	0.192
769.89	0.192
770.07	0.191
770.25	0.191
770.43	0.191
770.61	0.192
770.79	0.191
770.97	0.191
771.15	0.191
771.33	0.191
771.51	0.191
771.69	0.191
771.88	0.191
772.06	0.192
772.24	0.191
772.42	0.192
772.60	0.192
772.78	0.193
772.96	0.192
773.14	0.192
773.32	0.192
773.50	0.193
773.68	0.192
773.86	0.193
774.04	0.193
774.22	0.193
774.40	0.192
774.58	0.192
774.77	0.192
774.95	0.192
775.13	0.192
775.31	0.192
775.49	0.192
775.67	0.191
775.85	0.191
776.03	0.191
776.21	0.191
776.39	0.191
776.57	0.192
776.75	0.192
776.93	0.192
777.11	0.192
777.29	0.192
777.47	0.193
777.65	0.193
777.83	0.193
778.01	0.193
778.19	0.193
778.37	0.193
778.55	0.193
778.73	0.193
778.91	0.193
779.09	0.193
779.27	0.192
779.45	0.193
779.63	0.193
779.81	0.193
779.99	0.192
780.17	0.192
780.35	0.192
780.53	0.192
780.71	0.193
780.89	0.193
781.07	0.193
781.25	0.193
781.43	0.192
781.61	0.193
781.79	0.193
781.97	0.193
782.15	0.193
782.33	0.193
782.51	0.193
782.69	0.193
782.87	0.193
783.05	0.193
783.23	0.193
783.41	0.193
783.59	0.193
783.77	0.193
783.95	0.193
784.13	0.192
784.31	0.193
784.49	0.193
784.67	0.192
784.85	0.192
785.03	0.192
785.21	0.192
785.38	0.193
785.56	0.193
785.74	0.193
785.92	0.193
786.10	0.192
786.28	0.192
786.46	0.192
786.64	0.192
786.82	0.192
787.00	0.191
787.18	0.191
787.36	0.191
787.54	0.191
787.72	0.191
787.90	0.191
788.08	0.191
788.25	0.191
788.43	0.191
788.61	0.191
788.79	0.191
788.97	0.191
789.15	0.191
789.33	0.191
789.51	0.191
789.69	0.191
789.87	0.191
790.05	0.190
790.23	0.190
790.40	0.191
790.58	0.191
790.76	0.191
790.94	0.191
791.12	0.191
791.30	0.192
791.48	0.192
791.66	0.192
791.84	0.191
792.02	0.191
792.19	0.191
792.37	0.191
792.55	0.191
792.73	0.191
792.91	0.191
793.09	0.191
793.27	0.191
793.45	0.191
793.63	0.191
793.80	0.192
793.98	0.192
794.16	0.191
794.34	0.191
794.52	0.191
794.70	0.191
794.88	0.190
795.05	0.190
795.23	0.190
795.41	0.190
795.59	0.189
795.77	0.190
795.95	0.191
796.13	0.191
796.30	0.191
796.48	0.191
796.66	0.191
796.84	0.192
797.02	0.192
797.20	0.192
797.38	0.192
797.55	0.191
797.73	0.191
797.91	0.191
798.09	0.191
798.27	0.190
798.45	0.191
798.62	0.191
798.80	0.191
798.98	0.191
799.16	0.191
799.34	0.191
799.52	0.191
799.69	0.191
799.87	0.192
800.05	0.191
800.23	0.192
800.41	0.191
800.58	0.192
800.76	0.192
800.94	0.192
801.12	0.191
801.30	0.191
801.47	0.192
801.65	0.192
801.83	0.192
802.01	0.192
802.19	0.192
802.36	0.191
802.54	0.191
802.72	0.191
802.90	0.191
803.08	0.191
803.25	0.191
803.43	0.190
803.61	0.190
803.79	0.190
803.97	0.190
804.14	0.190
804.32	0.190
804.50	0.190
804.68	0.190
804.85	0.190
805.03	0.190
805.21	0.190
805.39	0.190
805.56	0.191
805.74	0.191
805.92	0.191
806.10	0.191
806.28	0.191
806.45	0.191
806.63	0.191
806.81	0.191
806.99	0.191
807.16	0.190
807.34	0.190
807.52	0.190
807.70	0.190
807.87	0.190
808.05	0.190
808.23	0.190
808.41	0.191
808.58	0.191
808.76	0.191
808.94	0.191
809.11	0.190
809.29	0.191
809.47	0.191
809.65	0.191
809.82	0.191
810.00	0.191
810.18	0.191
810.36	0.191
810.53	0.191
810.71	0.191
810.89	0.191
811.06	0.191
811.24	0.191
811.42	0.191
811.60	0.191
811.77	0.191
811.95	0.191
812.13	0.190
812.30	0.190
812.48	0.190
812.66	0.190
812.83	0.190
813.01	0.190
813.19	0.190
813.37	0.190
813.54	0.190
813.72	0.190
813.90	0.190
814.07	0.190
814.25	0.189
814.43	0.189
814.60	0.189
814.78	0.189
814.96	0.190
815.13	0.191
815.31	0.191
815.49	0.191
815.66	0.191
815.84	0.191
816.02	0.191
816.19	0.191
816.37	0.191
816.55	0.190
816.72	0.190
816.90	0.189
817.08	0.188
817.25	0.189
817.43	0.188
817.61	0.188
817.78	0.188
817.96	0.188
818.14	0.188
818.31	0.189
818.49	0.189
818.67	0.190
818.84	0.191
819.02	0.191
819.19	0.191
819.37	0.192
819.55	0.192
819.72	0.192
819.90	0.191
820.08	0.191
820.25	0.190
820.43	0.190
820.60	0.189
820.78	0.190
820.96	0.189
821.13	0.189
821.31	0.188
821.49	0.189
821.66	0.189
821.84	0.189
822.01	0.189
822.19	0.189
822.37	0.188
822.54	0.188
822.72	0.189
822.89	0.189
823.07	0.189
823.25	0.189
823.42	0.189
823.60	0.189
823.77	0.189
823.95	0.189
824.13	0.189
824.30	0.189
824.48	0.189
824.65	0.190
824.83	0.189
825.01	0.189
825.18	0.188
825.36	0.188
825.53	0.188
825.71	0.188
825.88	0.188
826.06	0.187
826.24	0.187
826.41	0.187
826.59	0.187
826.76	0.187
826.94	0.187
827.11	0.187
827.29	0.187
827.47	0.187
827.64	0.187
827.82	0.188
827.99	0.189
828.17	0.189
828.34	0.189
828.52	0.189
828.69	0.188
828.87	0.188
829.04	0.189
829.22	0.189
829.40	0.188
829.57	0.188
829.75	0.188
829.92	0.188
830.10	0.188
830.27	0.189
830.45	0.189
830.62	0.188
830.80	0.188
830.97	0.188
831.15	0.188
831.32	0.188
831.50	0.188
831.67	0.188
831.85	0.188
832.02	0.188
832.20	0.188
832.37	0.189
832.55	0.189
832.73	0.189
832.90	0.189
833.08	0.189
833.25	0.189
833.43	0.188
833.60	0.188
833.78	0.188
833.95	0.188
834.13	0.187
834.30	0.187
834.48	0.188
834.65	0.188
834.82	0.187
835.00	0.188
835.17	0.189
835.35	0.189
835.52	0.188
835.70	0.188
835.87	0.187
836.05	0.187
836.22	0.187
836.40	0.188
836.57	0.188
836.75	0.187
836.92	0.187
837.10	0.188
837.27	0.188
837.45	0.190
837.62	0.189
837.80	0.188
837.97	0.188
838.14	0.188
838.32	0.188
838.49	0.188
838.67	0.188
838.84	0.188
839.02	0.188
839.19	0.188
839.37	0.190
839.54	0.190
839.71	0.190
839.89	0.189
840.06	0.189
840.24	0.189
840.41	0.189
840.59	0.188
840.76	0.188
840.94	0.187
841.11	0.187
841.28	0.187
841.46	0.187
841.63	0.186
841.81	0.186
841.98	0.186
842.15	0.185
842.33	0.185
842.50	0.185
842.68	0.185
842.85	0.186
843.03	0.186
843.20	0.187
843.37	0.187
843.55	0.187
843.72	0.186
843.90	0.186
844.07	0.186
844.24	0.186
844.42	0.186
844.59	0.186
844.77	0.186
844.94	0.187
845.11	0.186
845.29	0.187
845.46	0.187
845.63	0.187
845.81	0.187
845.98	0.187
846.16	0.187
846.33	0.187
846.50	0.186
846.68	0.187
846.85	0.187
847.02	0.186
847.20	0.186
847.37	0.186
847.55	0.186
847.72	0.186
847.89	0.186
848.07	0.185
848.24	0.185
848.41	0.186
848.59	0.187
848.76	0.187
848.93	0.186
849.11	0.186
849.28	0.186
849.45	0.186
849.63	0.187
849.80	0.186
849.97	0.186
850.15	0.185
850.32	0.185
850.49	0.185
850.67	0.184
850.84	0.185
851.01	0.184
851.19	0.184
851.36	0.185
851.53	0.184
851.71	0.184
851.88	0.184
852.05	0.185
852.23	0.185
852.40	0.185
852.57	0.184
852.75	0.185
852.92	0.184
853.09	0.185
853.27	0.185
853.44	0.185
853.61	0.185
853.79	0.185
853.96	0.186
854.13	0.187
854.30	0.186
854.48	0.186
854.65	0.186
854.82	0.186
855.00	0.186
855.17	0.186
855.34	0.186
855.51	0.185
855.69	0.185
855.86	0.184
856.03	0.184
856.21	0.184
856.38	0.184
856.55	0.184
856.72	0.183
856.90	0.182
857.07	0.182
857.24	0.183
857.42	0.183
857.59	0.183
857.76	0.183
857.93	0.183
858.11	0.182
858.28	0.183
858.45	0.183
858.62	0.183
858.80	0.183
858.97	0.184
859.14	0.184
859.31	0.184
859.49	0.184
859.66	0.184
859.83	0.184
860.00	0.184
860.18	0.183
860.35	0.182
860.52	0.182
860.69	0.181
860.86	0.181
861.04	0.182
861.21	0.181
861.38	0.180
861.55	0.181
861.73	0.181
861.90	0.181
862.07	0.180
862.24	0.180
862.42	0.181
862.59	0.181
862.76	0.181
862.93	0.182
863.10	0.181
863.28	0.182
863.45	0.182
863.62	0.182
863.79	0.183
863.96	0.182
864.14	0.182
864.31	0.182
864.48	0.181
864.65	0.181
864.82	0.180
865.00	0.181
865.17	0.180
865.34	0.180
865.51	0.179
865.68	0.180
865.86	0.179
866.03	0.179
866.20	0.179
866.37	0.179
866.54	0.179
866.71	0.179
866.89	0.180
867.06	0.180
867.23	0.180
867.40	0.182
867.57	0.181
867.74	0.181
867.92	0.181
868.09	0.181
868.26	0.181
868.43	0.180
868.60	0.180
868.77	0.179
868.95	0.178
869.12	0.179
869.29	0.179
869.46	0.179
869.63	0.179
869.80	0.179
869.97	0.179
870.15	0.179
870.32	0.178
870.49	0.179
870.66	0.178
870.83	0.178
871.00	0.178
871.17	0.177
871.34	0.177
871.52	0.176
871.69	0.176
871.86	0.177
872.03	0.176
872.20	0.176
872.37	0.176
872.54	0.176
872.71	0.176
872.89	0.176
873.06	0.176
873.23	0.177
873.40	0.178
873.57	0.178
873.74	0.179
873.91	0.179
874.08	0.179
874.25	0.179
874.42	0.179
874.60	0.178
874.77	0.177
874.94	0.176
875.11	0.176
875.28	0.176
875.45	0.176
875.62	0.177
875.79	0.178
875.96	0.179
876.13	0.180
876.30	0.180
876.47	0.181
876.65	0.181
876.82	0.180
876.99	0.179
877.16	0.177
877.33	0.177
877.50	0.176
877.67	0.176
877.84	0.176
878.01	0.175
878.18	0.176
878.35	0.175
878.52	0.175
878.69	0.176
878.86	0.176
879.03	0.176
879.20	0.176
879.38	0.176
879.55	0.175
879.72	0.174
879.89	0.175
880.06	0.176
880.23	0.175
880.40	0.174
880.57	0.174
880.74	0.173
880.91	0.173
881.08	0.173
881.25	0.174
881.42	0.174
881.59	0.173
881.76	0.173
881.93	0.173
882.10	0.172
882.27	0.173
882.44	0.174
882.61	0.174
882.78	0.174
882.95	0.174
883.12	0.174
883.29	0.175
883.46	0.176
883.63	0.177
883.80	0.178
883.97	0.177
884.14	0.176
884.31	0.176
884.48	0.177
884.65	0.175
884.82	0.175
884.99	0.174
885.16	0.172
885.33	0.171
885.50	0.171
885.67	0.172
885.84	0.172
886.01	0.171
886.18	0.172
886.35	0.172
886.52	0.172
886.69	0.173
886.86	0.173
887.03	0.174
887.20	0.174
887.37	0.174
887.54	0.174
887.71	0.173
887.88	0.173
888.05	0.174
888.22	0.174
888.39	0.175
888.55	0.175
888.72	0.174
888.89	0.175
889.06	0.176
889.23	0.175
889.40	0.175
889.57	0.176
889.74	0.176
889.91	0.175
890.08	0.174
890.25	0.174
890.42	0.175
890.59	0.175
890.76	0.175
890.93	0.175
891.10	0.174
891.26	0.173
891.43	0.172
891.60	0.172
891.77	0.171
891.94	0.172
892.11	0.171
892.28	0.171
892.45	0.171
892.62	0.171
892.79	0.171
892.96	0.172
893.13	0.172
893.29	0.173
893.46	0.171
893.63	0.171
893.80	0.170
893.97	0.170
894.14	0.169
894.31	0.171
894.48	0.165
894.65	0.176
894.81	0.167
894.98	0.182
