177.34	0.354
177.56	0.354
177.78	0.354
178.00	-0.000
178.22	-0.000
178.44	-0.235
178.66	-0.120
178.89	-0.047
179.11	-0.283
179.33	-0.458
179.55	-0.432
179.77	-0.496
179.99	-0.223
180.21	-0.392
180.43	-0.062
180.65	0.154
180.87	0.182
181.09	0.180
181.31	0.262
181.53	0.333
181.75	0.334
181.97	0.349
182.19	0.358
182.41	0.364
182.63	0.371
182.85	0.397
183.07	0.450
183.30	0.436
183.52	0.481
183.74	0.530
183.96	0.552
184.18	0.525
184.40	0.562
184.62	0.627
184.84	0.638
185.06	0.604
185.28	0.627
185.50	0.687
185.72	0.646
185.94	0.681
186.16	0.719
186.38	0.735
186.60	0.715
186.82	0.734
187.04	0.774
187.26	0.792
187.48	0.755
187.70	0.809
187.92	0.820
188.14	0.846
188.36	0.859
188.58	0.922
188.80	0.929
189.02	0.989
189.24	0.982
189.46	1.025
189.68	1.068
189.90	1.116
190.12	1.140
190.34	1.152
190.56	1.188
190.78	1.225
191.00	1.196
191.22	1.294
191.44	1.317
191.66	1.348
191.88	1.370
192.10	1.360
192.32	1.381
192.54	1.362
192.76	1.415
192.98	1.467
193.20	1.405
193.42	1.420
193.64	1.430
193.86	1.448
194.08	1.469
194.30	1.538
194.52	1.523
194.74	1.504
194.96	1.496
195.18	1.544
195.40	1.546
195.62	1.532
195.84	1.571
196.06	1.622
196.28	1.568
196.50	1.570
196.72	1.565
196.94	1.579
197.16	1.585
197.38	1.613
197.60	1.617
197.82	1.539
198.04	1.508
198.26	1.522
198.48	1.579
198.70	1.595
198.92	1.603
199.13	1.600
199.35	1.566
199.57	1.567
199.79	1.582
200.01	1.629
200.23	1.654
200.45	1.613
200.67	1.646
200.89	1.600
201.11	1.625
201.33	1.639
201.55	1.674
201.77	1.698
201.99	1.700
202.21	1.696
202.43	1.748
202.65	1.720
202.87	1.780
203.09	1.758
203.31	1.801
203.52	1.755
203.74	1.794
203.96	1.780
204.18	1.787
204.40	1.809
204.62	1.865
204.84	1.916
205.06	1.979
205.28	1.997
205.50	2.031
205.72	2.031
205.94	2.051
206.16	2.058
206.38	2.005
206.59	2.006
206.81	1.984
207.03	1.990
207.25	1.978
207.47	1.970
207.69	1.945
207.91	1.943
208.13	1.960
208.35	1.984
208.57	1.944
208.79	1.933
209.01	1.919
209.22	1.927
209.44	1.956
209.66	2.009
209.88	2.031
210.10	2.033
210.32	2.033
210.54	2.067
210.76	2.060
210.98	2.068
211.20	2.078
211.42	2.072
211.63	2.067
211.85	2.077
212.07	2.102
212.29	2.145
212.51	2.168
212.73	2.187
212.95	2.231
213.17	2.194
213.39	2.199
213.60	2.227
213.82	2.189
214.04	2.192
214.26	2.155
214.48	2.181
214.70	2.195
214.92	2.181
215.14	2.221
215.35	2.251
215.57	2.228
215.79	2.287
216.01	2.240
216.23	2.245
216.45	2.185
216.67	2.187
216.89	2.190
217.10	2.182
217.32	2.191
217.54	2.191
217.76	2.196
217.98	2.227
218.20	2.260
218.42	2.296
218.64	2.328
218.85	2.304
219.07	2.315
219.29	2.325
219.51	2.305
219.73	2.318
219.95	2.338
220.17	2.318
220.38	2.304
220.60	2.287
220.82	2.280
221.04	2.273
221.26	2.271
221.48	2.313
221.69	2.305
221.91	2.294
222.13	2.324
222.35	2.349
222.57	2.368
222.79	2.424
223.00	2.458
223.22	2.441
223.44	2.436
223.66	2.420
223.88	2.482
224.10	2.440
224.32	2.442
224.53	2.452
224.75	2.446
224.97	2.441
225.19	2.472
225.41	2.451
225.62	2.464
225.84	2.428
226.06	2.461
226.28	2.484
226.50	2.467
226.72	2.476
226.93	2.467
227.15	2.443
227.37	2.450
227.59	2.436
227.81	2.436
228.02	2.427
228.24	2.439
228.46	2.443
228.68	2.431
228.90	2.428
229.12	2.418
229.33	2.396
229.55	2.399
229.77	2.364
229.99	2.372
230.21	2.351
230.42	2.342
230.64	2.347
230.86	2.353
231.08	2.370
231.30	2.385
231.51	2.374
231.73	2.384
231.95	2.367
232.17	2.371
232.38	2.387
232.60	2.374
232.82	2.355
233.04	2.335
233.26	2.330
233.47	2.327
233.69	2.329
233.91	2.329
234.13	2.295
234.35	2.258
234.56	2.232
234.78	2.233
235.00	2.226
235.22	2.208
235.43	2.196
235.65	2.169
235.87	2.156
236.09	2.144
236.30	2.133
236.52	2.135
236.74	2.115
236.96	2.106
237.18	2.095
237.39	2.092
237.61	2.086
237.83	2.065
238.05	2.057
238.26	2.050
238.48	2.039
238.70	2.036
238.92	2.026
239.13	2.019
239.35	2.007
239.57	2.007
239.79	2.009
240.00	2.004
240.22	1.995
240.44	1.992
240.66	1.989
240.87	1.982
241.09	1.969
241.31	1.965
241.53	1.950
241.74	1.937
241.96	1.932
242.18	1.928
242.40	1.917
242.61	1.905
242.83	1.897
243.05	1.893
243.27	1.887
243.48	1.883
243.70	1.884
243.92	1.880
244.13	1.880
244.35	1.874
244.57	1.867
244.79	1.864
245.00	1.863
245.22	1.856
245.44	1.856
245.65	1.850
245.87	1.845
246.09	1.831
246.31	1.827
246.52	1.824
246.74	1.822
246.96	1.820
247.18	1.810
247.39	1.800
247.61	1.790
247.83	1.784
248.04	1.783
248.26	1.782
248.48	1.777
248.69	1.764
248.91	1.759
249.13	1.761
249.35	1.763
249.56	1.767
249.78	1.762
250.00	1.758
250.21	1.755
250.43	1.750
250.65	1.750
250.86	1.749
251.08	1.741
251.30	1.738
251.51	1.733
251.73	1.731
251.95	1.734
252.17	1.728
252.38	1.726
252.60	1.723
252.82	1.715
253.03	1.712
253.25	1.705
253.47	1.699
253.68	1.691
253.90	1.683
254.12	1.679
254.33	1.672
254.55	1.672
254.77	1.669
254.98	1.665
255.20	1.662
255.42	1.663
255.63	1.659
255.85	1.659
256.07	1.656
256.28	1.659
256.50	1.654
256.72	1.653
256.93	1.653
257.15	1.649
257.37	1.646
257.58	1.649
257.80	1.646
258.02	1.645
258.23	1.639
258.45	1.640
258.67	1.639
258.88	1.636
259.10	1.633
259.32	1.629
259.53	1.626
259.75	1.623
259.96	1.622
260.18	1.619
260.40	1.615
260.61	1.609
260.83	1.610
261.05	1.611
261.26	1.606
261.48	1.606
261.70	1.601
261.91	1.597
262.13	1.596
262.34	1.592
262.56	1.590
262.78	1.584
262.99	1.578
263.21	1.578
263.43	1.573
263.64	1.571
263.86	1.567
264.07	1.563
264.29	1.563
264.51	1.557
264.72	1.553
264.94	1.551
265.16	1.546
265.37	1.544
265.59	1.540
265.80	1.538
266.02	1.536
266.24	1.533
266.45	1.531
266.67	1.529
266.88	1.525
267.10	1.524
267.32	1.518
267.53	1.517
267.75	1.513
267.96	1.508
268.18	1.504
268.40	1.503
268.61	1.500
268.83	1.498
269.04	1.494
269.26	1.492
269.48	1.488
269.69	1.484
269.91	1.480
270.12	1.479
270.34	1.476
270.56	1.471
270.77	1.468
270.99	1.466
271.20	1.464
271.42	1.460
271.64	1.459
271.85	1.457
272.07	1.454
272.28	1.449
272.50	1.446
272.71	1.442
272.93	1.435
273.15	1.429
273.36	1.427
273.58	1.423
273.79	1.418
274.01	1.413
274.22	1.410
274.44	1.407
274.66	1.403
274.87	1.402
275.09	1.398
275.30	1.392
275.52	1.390
275.73	1.386
275.95	1.381
276.16	1.375
276.38	1.370
276.60	1.366
276.81	1.361
277.03	1.359
277.24	1.356
277.46	1.350
277.67	1.347
277.89	1.343
278.10	1.339
278.32	1.337
278.53	1.333
278.75	1.330
278.97	1.324
279.18	1.321
279.40	1.317
279.61	1.312
279.83	1.307
280.04	1.304
280.26	1.297
280.47	1.291
280.69	1.286
280.90	1.282
281.12	1.277
281.33	1.271
281.55	1.268
281.76	1.264
281.98	1.259
282.20	1.255
282.41	1.252
282.63	1.246
282.84	1.240
283.06	1.236
283.27	1.231
283.49	1.225
283.70	1.221
283.92	1.215
284.13	1.211
284.35	1.205
284.56	1.201
284.78	1.195
284.99	1.191
285.21	1.184
285.42	1.179
285.64	1.172
285.85	1.166
286.07	1.159
286.28	1.152
286.50	1.146
286.71	1.141
286.93	1.134
287.14	1.129
287.36	1.123
287.57	1.119
287.79	1.114
288.00	1.109
288.22	1.104
288.43	1.098
288.65	1.093
288.86	1.088
289.08	1.082
289.29	1.077
289.51	1.071
289.72	1.065
289.94	1.060
290.15	1.054
290.37	1.050
290.58	1.044
290.80	1.040
291.01	1.036
291.22	1.031
291.44	1.026
291.65	1.022
291.87	1.017
292.08	1.013
292.30	1.009
292.51	1.005
292.73	1.001
292.94	0.997
293.16	0.993
293.37	0.987
293.59	0.983
293.80	0.978
294.02	0.974
294.23	0.970
294.44	0.966
294.66	0.960
294.87	0.956
295.09	0.952
295.30	0.948
295.52	0.944
295.73	0.940
295.95	0.935
296.16	0.931
296.37	0.926
296.59	0.921
296.80	0.916
297.02	0.912
297.23	0.908
297.45	0.904
297.66	0.900
297.88	0.896
298.09	0.891
298.30	0.888
298.52	0.885
298.73	0.881
298.95	0.878
299.16	0.875
299.38	0.871
299.59	0.868
299.80	0.866
300.02	0.862
300.23	0.859
300.45	0.855
300.66	0.852
300.88	0.849
301.09	0.846
301.30	0.842
301.52	0.838
301.73	0.834
301.95	0.830
302.16	0.827
302.37	0.823
302.59	0.820
302.80	0.817
303.02	0.813
303.23	0.810
303.45	0.808
303.66	0.806
303.87	0.803
304.09	0.799
304.30	0.796
304.52	0.793
304.73	0.790
304.94	0.786
305.16	0.784
305.37	0.780
305.59	0.777
305.80	0.774
306.01	0.770
306.23	0.767
306.44	0.764
306.65	0.762
306.87	0.759
307.08	0.758
307.30	0.755
307.51	0.751
307.72	0.748
307.94	0.746
308.15	0.744
308.37	0.741
308.58	0.738
308.79	0.735
309.01	0.732
309.22	0.730
309.43	0.728
309.65	0.725
309.86	0.722
310.07	0.721
310.29	0.717
310.50	0.715
310.72	0.711
310.93	0.708
311.14	0.705
311.36	0.702
311.57	0.699
311.78	0.696
312.00	0.693
312.21	0.690
312.42	0.687
312.64	0.684
312.85	0.682
313.07	0.680
313.28	0.677
313.49	0.676
313.71	0.673
313.92	0.670
314.13	0.668
314.35	0.665
314.56	0.663
314.77	0.660
314.99	0.657
315.20	0.654
315.41	0.652
315.63	0.650
315.84	0.648
316.05	0.645
316.27	0.643
316.48	0.640
316.69	0.637
316.91	0.635
317.12	0.632
317.33	0.630
317.55	0.626
317.76	0.624
317.97	0.622
318.19	0.619
318.40	0.617
318.61	0.615
318.83	0.613
319.04	0.611
319.25	0.609
319.47	0.607
319.68	0.604
319.89	0.602
320.10	0.600
320.32	0.597
320.53	0.594
320.74	0.592
320.96	0.590
321.17	0.587
321.38	0.585
321.60	0.582
321.81	0.579
322.02	0.576
322.24	0.574
322.45	0.572
322.66	0.569
322.87	0.566
323.09	0.564
323.30	0.562
323.51	0.560
323.73	0.558
323.94	0.556
324.15	0.553
324.36	0.551
324.58	0.549
324.79	0.547
325.00	0.545
325.22	0.543
325.43	0.541
325.64	0.538
325.85	0.536
326.07	0.534
326.28	0.532
326.49	0.530
326.71	0.528
326.92	0.525
327.13	0.523
327.34	0.521
327.56	0.518
327.77	0.516
327.98	0.514
328.19	0.512
328.41	0.510
328.62	0.508
328.83	0.506
329.04	0.504
329.26	0.502
329.47	0.500
329.68	0.498
329.90	0.496
330.11	0.494
330.32	0.491
330.53	0.489
330.75	0.487
330.96	0.485
331.17	0.483
331.38	0.481
331.60	0.479
331.81	0.478
332.02	0.476
332.23	0.474
332.44	0.472
332.66	0.470
332.87	0.469
333.08	0.467
333.29	0.465
333.51	0.463
333.72	0.461
333.93	0.459
334.14	0.458
334.36	0.455
334.57	0.454
334.78	0.451
334.99	0.449
335.21	0.447
335.42	0.445
335.63	0.443
335.84	0.441
336.05	0.439
336.27	0.438
336.48	0.436
336.69	0.434
336.90	0.433
337.11	0.431
337.33	0.429
337.54	0.427
337.75	0.425
337.96	0.423
338.18	0.421
338.39	0.420
338.60	0.418
338.81	0.416
339.02	0.414
339.24	0.413
339.45	0.411
339.66	0.409
339.87	0.407
340.08	0.405
340.30	0.403
340.51	0.401
340.72	0.400
340.93	0.398
341.14	0.396
341.36	0.394
341.57	0.393
341.78	0.391
341.99	0.390
342.20	0.388
342.41	0.387
342.63	0.386
342.84	0.384
343.05	0.382
343.26	0.380
343.47	0.378
343.69	0.376
343.90	0.375
344.11	0.373
344.32	0.371
344.53	0.369
344.74	0.368
344.96	0.367
345.17	0.365
345.38	0.364
345.59	0.363
345.80	0.361
346.01	0.360
346.23	0.358
346.44	0.357
346.65	0.355
346.86	0.354
347.07	0.351
347.28	0.350
347.50	0.348
347.71	0.347
347.92	0.346
348.13	0.345
348.34	0.343
348.55	0.342
348.76	0.341
348.98	0.339
349.19	0.338
349.40	0.337
349.61	0.335
349.82	0.333
350.03	0.332
350.24	0.330
350.46	0.328
350.67	0.327
350.88	0.325
351.09	0.324
351.30	0.322
351.51	0.322
351.72	0.320
351.93	0.319
352.15	0.317
352.36	0.316
352.57	0.315
352.78	0.314
352.99	0.312
353.20	0.311
353.41	0.309
353.62	0.308
353.84	0.307
354.05	0.305
354.26	0.304
354.47	0.302
354.68	0.301
354.89	0.300
355.10	0.299
355.31	0.298
355.52	0.297
355.74	0.296
355.95	0.294
356.16	0.293
356.37	0.293
356.58	0.291
356.79	0.290
357.00	0.289
357.21	0.288
357.42	0.286
357.63	0.285
357.85	0.284
358.06	0.282
358.27	0.281
358.48	0.280
358.69	0.278
358.90	0.276
359.11	0.275
359.32	0.273
359.53	0.272
359.74	0.271
359.95	0.270
360.17	0.269
360.38	0.268
360.59	0.267
360.80	0.266
361.01	0.265
361.22	0.265
361.43	0.264
361.64	0.263
361.85	0.261
362.06	0.260
362.27	0.258
362.48	0.257
362.69	0.256
362.90	0.255
363.12	0.254
363.33	0.252
363.54	0.251
363.75	0.250
363.96	0.249
364.17	0.248
364.38	0.247
364.59	0.246
364.80	0.245
365.01	0.244
365.22	0.243
365.43	0.241
365.64	0.241
365.85	0.240
366.06	0.239
366.27	0.238
366.48	0.237
366.69	0.235
366.90	0.235
367.11	0.234
367.32	0.233
367.54	0.232
367.75	0.230
367.96	0.229
368.17	0.228
368.38	0.227
368.59	0.226
368.80	0.225
369.01	0.224
369.22	0.222
369.43	0.221
369.64	0.219
369.85	0.219
370.06	0.218
370.27	0.217
370.48	0.217
370.69	0.215
370.90	0.215
371.11	0.214
371.32	0.214
371.53	0.213
371.74	0.212
371.95	0.211
372.16	0.210
372.37	0.209
372.58	0.208
372.79	0.207
373.00	0.206
373.21	0.205
373.42	0.204
373.63	0.203
373.84	0.202
374.05	0.202
374.26	0.202
374.47	0.201
374.68	0.200
374.89	0.199
375.10	0.199
375.31	0.198
375.52	0.197
375.73	0.196
375.94	0.195
376.15	0.193
376.36	0.192
376.57	0.192
376.78	0.191
376.99	0.191
377.20	0.190
377.41	0.189
377.62	0.188
377.83	0.188
378.04	0.187
378.25	0.186
378.46	0.185
378.67	0.185
378.88	0.183
379.09	0.183
379.30	0.182
379.51	0.181
379.72	0.180
379.92	0.179
380.13	0.179
380.34	0.178
380.55	0.177
380.76	0.177
380.97	0.176
381.18	0.175
381.39	0.174
381.60	0.174
381.81	0.173
382.02	0.172
382.23	0.171
382.44	0.171
382.65	0.170
382.86	0.169
383.07	0.168
383.28	0.168
383.49	0.167
383.70	0.166
383.91	0.166
384.11	0.165
384.32	0.163
384.53	0.163
384.74	0.162
384.95	0.161
385.16	0.161
385.37	0.160
385.58	0.159
385.79	0.159
386.00	0.158
386.21	0.158
386.42	0.157
386.63	0.157
386.84	0.157
387.04	0.157
387.25	0.157
387.46	0.156
387.67	0.155
387.88	0.155
388.09	0.154
388.30	0.154
388.51	0.153
388.72	0.152
388.93	0.151
389.14	0.150
389.34	0.149
389.55	0.148
389.76	0.147
389.97	0.146
390.18	0.146
390.39	0.145
390.60	0.145
390.81	0.145
391.02	0.145
391.23	0.145
391.43	0.145
391.64	0.144
391.85	0.144
392.06	0.143
392.27	0.143
392.48	0.142
392.69	0.141
392.90	0.140
393.11	0.139
393.31	0.139
393.52	0.138
393.73	0.138
393.94	0.138
394.15	0.138
394.36	0.137
394.57	0.137
394.78	0.136
394.98	0.136
395.19	0.135
395.40	0.135
395.61	0.135
395.82	0.134
396.03	0.134
396.24	0.133
396.44	0.134
396.65	0.133
396.86	0.133
397.07	0.132
397.28	0.132
397.49	0.131
397.70	0.130
397.90	0.130
398.11	0.128
398.32	0.127
398.53	0.126
398.74	0.126
398.95	0.125
399.16	0.124
399.36	0.124
399.57	0.123
399.78	0.122
399.99	0.122
400.20	0.122
400.41	0.122
400.61	0.122
400.82	0.121
401.03	0.121
401.24	0.121
401.45	0.121
401.66	0.120
401.86	0.120
402.07	0.120
402.28	0.120
402.49	0.119
402.70	0.119
402.91	0.118
403.11	0.117
403.32	0.117
403.53	0.117
403.74	0.116
403.95	0.117
404.15	0.116
404.36	0.115
404.57	0.114
404.78	0.114
404.99	0.114
405.20	0.113
405.40	0.113
405.61	0.113
405.82	0.112
406.03	0.112
406.24	0.112
406.44	0.112
406.65	0.111
406.86	0.111
407.07	0.111
407.28	0.111
407.48	0.111
407.69	0.110
407.90	0.110
408.11	0.110
408.32	0.109
408.52	0.109
408.73	0.109
408.94	0.109
409.15	0.108
409.35	0.107
409.56	0.107
409.77	0.106
409.98	0.105
410.19	0.105
410.39	0.105
410.60	0.104
410.81	0.104
411.02	0.103
411.22	0.103
411.43	0.102
411.64	0.102
411.85	0.102
412.05	0.101
412.26	0.101
412.47	0.101
412.68	0.100
412.89	0.100
413.09	0.099
413.30	0.099
413.51	0.099
413.72	0.098
413.92	0.098
414.13	0.097
414.34	0.096
414.55	0.096
414.75	0.096
414.96	0.096
415.17	0.096
415.38	0.096
415.58	0.096
415.79	0.097
416.00	0.097
416.21	0.097
416.41	0.096
416.62	0.097
416.83	0.096
417.03	0.096
417.24	0.095
417.45	0.095
417.66	0.094
417.86	0.093
418.07	0.093
418.28	0.093
418.49	0.092
418.69	0.092
418.90	0.091
419.11	0.091
419.31	0.091
419.52	0.091
419.73	0.091
419.94	0.090
420.14	0.090
420.35	0.091
420.56	0.091
420.76	0.090
420.97	0.090
421.18	0.089
421.39	0.089
421.59	0.089
421.80	0.089
422.01	0.088
422.21	0.088
422.42	0.087
422.63	0.087
422.84	0.087
423.04	0.088
423.25	0.088
423.46	0.088
423.66	0.088
423.87	0.087
424.08	0.088
424.28	0.087
424.49	0.086
424.70	0.086
424.90	0.085
425.11	0.085
425.32	0.084
425.52	0.084
425.73	0.084
425.94	0.084
426.15	0.084
426.35	0.084
426.56	0.084
426.77	0.084
426.97	0.083
427.18	0.084
427.39	0.083
427.59	0.083
427.80	0.083
428.01	0.083
428.21	0.083
428.42	0.083
428.63	0.083
428.83	0.083
429.04	0.082
429.25	0.082
429.45	0.081
429.66	0.080
429.87	0.080
430.07	0.080
430.28	0.079
430.48	0.079
430.69	0.079
430.90	0.079
431.10	0.079
431.31	0.078
431.52	0.079
431.72	0.078
431.93	0.078
432.14	0.078
432.34	0.077
432.55	0.077
432.76	0.078
432.96	0.077
433.17	0.077
433.37	0.077
433.58	0.077
433.79	0.076
433.99	0.076
434.20	0.076
434.41	0.076
434.61	0.074
434.82	0.074
435.02	0.074
435.23	0.074
435.44	0.073
435.64	0.072
435.85	0.072
436.06	0.072
436.26	0.072
436.47	0.072
436.67	0.073
436.88	0.072
437.09	0.072
437.29	0.072
437.50	0.072
437.70	0.072
437.91	0.072
438.12	0.072
438.32	0.071
438.53	0.071
438.73	0.071
438.94	0.071
439.15	0.071
439.35	0.072
439.56	0.071
439.76	0.072
439.97	0.072
440.18	0.072
440.38	0.073
440.59	0.072
440.79	0.072
441.00	0.072
441.20	0.072
441.41	0.071
441.62	0.070
441.82	0.070
442.03	0.070
442.23	0.069
442.44	0.069
442.65	0.069
442.85	0.068
443.06	0.068
443.26	0.068
443.47	0.068
443.67	0.068
443.88	0.068
444.09	0.067
444.29	0.067
444.50	0.067
444.70	0.067
444.91	0.066
445.11	0.067
445.32	0.067
445.52	0.067
445.73	0.066
445.94	0.067
446.14	0.066
446.35	0.066
446.55	0.065
446.76	0.066
446.96	0.065
447.17	0.065
447.37	0.065
447.58	0.065
447.78	0.064
447.99	0.064
448.20	0.064
448.40	0.063
448.61	0.063
448.81	0.063
449.02	0.063
449.22	0.062
449.43	0.062
449.63	0.063
449.84	0.063
450.04	0.063
450.25	0.063
450.45	0.063
450.66	0.064
450.86	0.063
451.07	0.063
451.27	0.064
451.48	0.064
451.68	0.064
451.89	0.064
452.09	0.063
452.30	0.063
452.50	0.063
452.71	0.063
452.91	0.063
453.12	0.063
453.33	0.062
453.53	0.061
453.74	0.061
453.94	0.061
454.15	0.061
454.35	0.061
454.56	0.061
454.76	0.060
454.96	0.059
455.17	0.060
455.37	0.059
455.58	0.059
455.78	0.059
455.99	0.059
456.19	0.059
456.40	0.059
456.60	0.060
456.81	0.060
457.01	0.060
457.22	0.060
457.42	0.060
457.63	0.060
457.83	0.060
458.04	0.060
458.24	0.060
458.45	0.060
458.65	0.059
458.86	0.059
459.06	0.059
459.27	0.060
459.47	0.059
459.67	0.058
459.88	0.058
460.08	0.058
460.29	0.058
460.49	0.058
460.70	0.058
460.90	0.058
461.11	0.058
461.31	0.058
461.52	0.058
461.72	0.058
461.92	0.059
462.13	0.058
462.33	0.059
462.54	0.058
462.74	0.058
462.95	0.057
463.15	0.057
463.36	0.057
463.56	0.057
463.76	0.057
463.97	0.057
464.17	0.057
464.38	0.057
464.58	0.057
464.79	0.057
464.99	0.056
465.19	0.055
465.40	0.055
465.60	0.055
465.81	0.054
466.01	0.053
466.22	0.053
466.42	0.053
466.62	0.053
466.83	0.053
467.03	0.053
467.24	0.053
467.44	0.053
467.65	0.052
467.85	0.052
468.05	0.052
468.26	0.052
468.46	0.052
468.67	0.052
468.87	0.053
469.07	0.053
469.28	0.053
469.48	0.053
469.69	0.053
469.89	0.054
470.09	0.053
470.30	0.053
470.50	0.052
470.71	0.052
470.91	0.052
471.11	0.052
471.32	0.052
471.52	0.052
471.72	0.051
471.93	0.052
472.13	0.052
472.34	0.053
472.54	0.052
472.74	0.052
472.95	0.052
473.15	0.052
473.35	0.052
473.56	0.052
473.76	0.052
473.97	0.052
474.17	0.051
474.37	0.051
474.58	0.051
474.78	0.051
474.98	0.050
475.19	0.050
475.39	0.049
475.60	0.049
475.80	0.049
476.00	0.049
476.21	0.049
476.41	0.049
476.61	0.049
476.82	0.048
477.02	0.049
477.22	0.049
477.43	0.049
477.63	0.048
477.83	0.049
478.04	0.049
478.24	0.049
478.44	0.048
478.65	0.049
478.85	0.049
479.05	0.049
479.26	0.049
479.46	0.049
479.66	0.049
479.87	0.048
480.07	0.048
480.27	0.048
480.48	0.048
480.68	0.048
480.88	0.047
481.09	0.048
481.29	0.047
481.49	0.047
481.70	0.047
481.90	0.047
482.10	0.047
482.31	0.047
482.51	0.046
482.71	0.047
482.92	0.047
483.12	0.047
483.32	0.047
483.52	0.047
483.73	0.048
483.93	0.048
484.13	0.048
484.34	0.048
484.54	0.047
484.74	0.047
484.95	0.047
485.15	0.046
485.35	0.046
485.55	0.046
485.76	0.046
485.96	0.045
486.16	0.045
486.37	0.045
486.57	0.045
486.77	0.045
486.97	0.045
487.18	0.045
487.38	0.045
487.58	0.045
487.79	0.046
487.99	0.046
488.19	0.046
488.39	0.046
488.60	0.046
488.80	0.046
489.00	0.046
489.20	0.045
489.41	0.045
489.61	0.044
489.81	0.044
490.02	0.044
490.22	0.044
490.42	0.044
490.62	0.044
490.83	0.044
491.03	0.044
491.23	0.045
491.43	0.045
491.64	0.045
491.84	0.045
492.04	0.045
492.24	0.045
492.45	0.044
492.65	0.044
492.85	0.044
493.05	0.044
493.26	0.044
493.46	0.043
493.66	0.043
493.86	0.043
494.07	0.043
494.27	0.043
494.47	0.043
494.67	0.043
494.87	0.043
495.08	0.043
495.28	0.043
495.48	0.043
495.68	0.043
495.89	0.042
496.09	0.042
496.29	0.042
496.49	0.042
496.69	0.041
496.90	0.042
497.10	0.042
497.30	0.041
497.50	0.041
497.71	0.041
497.91	0.041
498.11	0.041
498.31	0.041
498.51	0.041
498.72	0.041
498.92	0.041
499.12	0.041
499.32	0.041
499.52	0.041
499.73	0.041
499.93	0.041
500.13	0.041
500.33	0.041
500.53	0.041
500.74	0.041
500.94	0.041
501.14	0.041
501.34	0.041
501.54	0.041
501.74	0.041
501.95	0.041
502.15	0.040
502.35	0.041
502.55	0.041
502.75	0.040
502.96	0.041
503.16	0.041
503.36	0.041
503.56	0.040
503.76	0.040
503.96	0.040
504.17	0.040
504.37	0.039
504.57	0.039
504.77	0.040
504.97	0.039
505.17	0.039
505.38	0.039
505.58	0.039
505.78	0.040
505.98	0.040
506.18	0.040
506.38	0.040
506.58	0.040
506.79	0.040
506.99	0.040
507.19	0.039
507.39	0.040
507.59	0.039
507.79	0.039
507.99	0.040
508.20	0.040
508.40	0.039
508.60	0.039
508.80	0.040
509.00	0.040
509.20	0.040
509.40	0.040
509.61	0.040
509.81	0.040
510.01	0.039
510.21	0.039
510.41	0.040
510.61	0.040
510.81	0.039
511.01	0.039
511.22	0.039
511.42	0.039
511.62	0.039
511.82	0.039
512.02	0.039
512.22	0.039
512.42	0.039
512.62	0.040
512.82	0.040
513.03	0.039
513.23	0.038
513.43	0.038
513.63	0.038
513.83	0.038
514.03	0.038
514.23	0.038
514.43	0.038
514.63	0.037
514.83	0.038
515.04	0.037
515.24	0.038
515.44	0.038
515.64	0.037
515.84	0.037
516.04	0.037
516.24	0.037
516.44	0.037
516.64	0.037
516.84	0.037
517.04	0.037
517.24	0.037
517.45	0.037
517.65	0.037
517.85	0.037
518.05	0.036
518.25	0.037
518.45	0.036
518.65	0.037
518.85	0.037
519.05	0.037
519.25	0.037
519.45	0.037
519.65	0.037
519.85	0.038
520.05	0.037
520.25	0.037
520.46	0.037
520.66	0.037
520.86	0.036
521.06	0.036
521.26	0.036
521.46	0.036
521.66	0.036
521.86	0.036
522.06	0.036
522.26	0.036
522.46	0.036
522.66	0.036
522.86	0.035
523.06	0.036
523.26	0.036
523.46	0.035
523.66	0.036
523.86	0.036
524.06	0.036
524.26	0.036
524.46	0.036
524.66	0.036
524.86	0.036
525.06	0.036
525.26	0.037
525.46	0.037
525.66	0.036
525.87	0.037
526.07	0.036
526.27	0.036
526.47	0.036
526.67	0.035
526.87	0.035
527.07	0.035
527.27	0.035
527.47	0.036
527.67	0.036
527.87	0.036
528.07	0.036
528.27	0.036
528.47	0.036
528.67	0.035
528.87	0.035
529.07	0.035
529.27	0.034
529.47	0.034
529.67	0.033
529.87	0.034
530.07	0.034
530.27	0.034
530.47	0.035
530.67	0.035
530.87	0.035
531.06	0.035
531.26	0.035
531.46	0.035
531.66	0.035
531.86	0.035
532.06	0.035
532.26	0.034
532.46	0.035
532.66	0.034
532.86	0.034
533.06	0.034
533.26	0.034
533.46	0.034
533.66	0.034
533.86	0.034
534.06	0.034
534.26	0.034
534.46	0.034
534.66	0.034
534.86	0.033
535.06	0.033
535.26	0.034
535.46	0.033
535.66	0.033
535.86	0.033
536.06	0.033
536.26	0.033
536.45	0.033
536.65	0.034
536.85	0.034
537.05	0.034
537.25	0.034
537.45	0.034
537.65	0.034
537.85	0.034
538.05	0.034
538.25	0.033
538.45	0.033
538.65	0.033
538.85	0.033
539.05	0.033
539.25	0.032
539.44	0.032
539.64	0.032
539.84	0.032
540.04	0.032
540.24	0.032
540.44	0.033
540.64	0.033
540.84	0.033
541.04	0.033
541.24	0.033
541.44	0.033
541.64	0.033
541.83	0.034
542.03	0.033
542.23	0.033
542.43	0.033
542.63	0.033
542.83	0.033
543.03	0.033
543.23	0.032
543.43	0.032
543.63	0.032
543.82	0.032
544.02	0.032
544.22	0.032
544.42	0.032
544.62	0.032
544.82	0.032
545.02	0.032
545.22	0.033
545.42	0.032
545.61	0.032
545.81	0.032
546.01	0.032
546.21	0.032
546.41	0.031
546.61	0.032
546.81	0.032
547.01	0.031
547.20	0.031
547.40	0.031
547.60	0.032
547.80	0.031
548.00	0.031
548.20	0.031
548.40	0.031
548.59	0.031
548.79	0.031
548.99	0.031
549.19	0.031
549.39	0.031
549.59	0.030
549.79	0.031
549.98	0.031
550.18	0.031
550.38	0.031
550.58	0.032
550.78	0.032
550.98	0.032
551.17	0.032
551.37	0.032
551.57	0.032
551.77	0.032
551.97	0.031
552.17	0.031
552.36	0.031
552.56	0.030
552.76	0.030
552.96	0.031
553.16	0.031
553.36	0.031
553.55	0.031
553.75	0.031
553.95	0.031
554.15	0.031
554.35	0.031
554.55	0.032
554.74	0.031
554.94	0.031
555.14	0.031
555.34	0.031
555.54	0.031
555.73	0.031
555.93	0.031
556.13	0.030
556.33	0.030
556.53	0.030
556.72	0.029
556.92	0.029
557.12	0.029
557.32	0.028
557.52	0.029
557.71	0.029
557.91	0.029
558.11	0.030
558.31	0.030
558.51	0.030
558.70	0.030
558.90	0.030
559.10	0.030
559.30	0.030
559.49	0.030
559.69	0.029
559.89	0.029
560.09	0.029
560.29	0.029
560.48	0.030
560.68	0.030
560.88	0.030
561.08	0.030
561.27	0.030
561.47	0.030
561.67	0.031
561.87	0.031
562.06	0.030
562.26	0.030
562.46	0.030
562.66	0.030
562.86	0.030
563.05	0.030
563.25	0.030
563.45	0.030
563.65	0.029
563.84	0.029
564.04	0.029
564.24	0.029
564.44	0.029
564.63	0.029
564.83	0.029
565.03	0.029
565.22	0.029
565.42	0.030
565.62	0.030
565.82	0.029
566.01	0.029
566.21	0.029
566.41	0.029
566.61	0.029
566.80	0.029
567.00	0.029
567.20	0.029
567.40	0.029
567.59	0.028
567.79	0.029
567.99	0.029
568.18	0.029
568.38	0.029
568.58	0.029
568.78	0.029
568.97	0.029
569.17	0.028
569.37	0.029
569.56	0.028
569.76	0.029
569.96	0.028
570.16	0.029
570.35	0.029
570.55	0.029
570.75	0.029
570.94	0.029
571.14	0.029
571.34	0.030
571.53	0.029
571.73	0.029
571.93	0.028
572.12	0.028
572.32	0.028
572.52	0.028
572.72	0.028
572.91	0.028
573.11	0.028
573.31	0.028
573.50	0.028
573.70	0.028
573.90	0.028
574.09	0.028
574.29	0.028
574.49	0.028
574.68	0.028
574.88	0.027
575.08	0.028
575.27	0.028
575.47	0.028
575.67	0.028
575.86	0.028
576.06	0.028
576.26	0.028
576.45	0.028
576.65	0.028
576.85	0.028
577.04	0.027
577.24	0.027
577.44	0.027
577.63	0.027
577.83	0.027
578.02	0.027
578.22	0.026
578.42	0.026
578.61	0.026
578.81	0.027
579.01	0.027
579.20	0.027
579.40	0.028
579.60	0.028
579.79	0.028
579.99	0.028
580.19	0.028
580.38	0.028
580.58	0.028
580.77	0.028
580.97	0.028
581.17	0.027
581.36	0.026
581.56	0.026
581.75	0.026
581.95	0.026
582.15	0.025
582.34	0.026
582.54	0.026
582.74	0.026
582.93	0.026
583.13	0.027
583.32	0.027
583.52	0.027
583.72	0.028
583.91	0.028
584.11	0.028
584.30	0.028
584.50	0.027
584.70	0.027
584.89	0.027
585.09	0.027
585.28	0.027
585.48	0.026
585.68	0.027
585.87	0.027
586.07	0.027
586.26	0.027
586.46	0.027
586.66	0.027
586.85	0.027
587.05	0.027
587.24	0.027
587.44	0.027
587.63	0.027
587.83	0.027
588.03	0.027
588.22	0.027
588.42	0.027
588.61	0.027
588.81	0.027
589.00	0.027
589.20	0.027
589.40	0.027
589.59	0.027
589.79	0.026
589.98	0.027
590.18	0.027
590.37	0.026
590.57	0.027
590.76	0.027
590.96	0.026
591.16	0.026
591.35	0.027
591.55	0.027
591.74	0.027
591.94	0.027
592.13	0.027
592.33	0.026
592.52	0.026
592.72	0.025
592.91	0.026
593.11	0.025
593.30	0.025
593.50	0.026
593.70	0.026
593.89	0.026
594.09	0.026
594.28	0.026
594.48	0.027
594.67	0.026
594.87	0.026
595.06	0.026
595.26	0.026
595.45	0.026
595.65	0.026
595.84	0.026
596.04	0.027
596.23	0.027
596.43	0.027
596.62	0.028
596.82	0.028
597.01	0.028
597.21	0.028
597.40	0.028
597.60	0.027
597.79	0.027
597.99	0.027
598.18	0.027
598.38	0.026
598.57	0.026
598.77	0.026
598.96	0.026
599.16	0.025
599.35	0.026
599.55	0.026
599.74	0.026
599.94	0.026
600.13	0.026
600.33	0.026
600.52	0.025
600.72	0.025
600.91	0.026
601.11	0.026
601.30	0.026
601.50	0.026
601.69	0.027
601.89	0.027
602.08	0.027
602.27	0.027
602.47	0.027
602.66	0.027
602.86	0.026
603.05	0.026
603.25	0.026
603.44	0.026
603.64	0.026
603.83	0.025
604.03	0.025
604.22	0.025
604.41	0.025
604.61	0.025
604.80	0.025
605.00	0.025
605.19	0.025
605.39	0.025
605.58	0.025
605.78	0.025
605.97	0.025
606.16	0.025
606.36	0.024
606.55	0.024
606.75	0.024
606.94	0.024
607.14	0.024
607.33	0.024
607.52	0.024
607.72	0.024
607.91	0.024
608.11	0.025
608.30	0.025
608.50	0.025
608.69	0.025
608.88	0.025
609.08	0.025
609.27	0.025
609.47	0.026
609.66	0.025
609.85	0.026
610.05	0.026
610.24	0.026
610.44	0.026
610.63	0.026
610.83	0.026
611.02	0.026
611.21	0.026
611.41	0.026
611.60	0.026
611.80	0.026
611.99	0.026
612.18	0.026
612.38	0.026
612.57	0.026
612.76	0.026
612.96	0.026
613.15	0.026
613.35	0.025
613.54	0.025
613.73	0.025
613.93	0.025
614.12	0.025
614.32	0.025
614.51	0.025
614.70	0.025
614.90	0.025
615.09	0.024
615.28	0.024
615.48	0.024
615.67	0.024
615.86	0.024
616.06	0.024
616.25	0.024
616.45	0.025
616.64	0.025
616.83	0.025
617.03	0.025
617.22	0.025
617.41	0.026
617.61	0.025
617.80	0.025
617.99	0.025
618.19	0.025
618.38	0.025
618.57	0.025
618.77	0.025
618.96	0.025
619.15	0.025
619.35	0.025
619.54	0.025
619.73	0.025
619.93	0.025
620.12	0.025
620.31	0.025
620.51	0.025
620.70	0.025
620.89	0.025
621.09	0.025
621.28	0.025
621.47	0.026
621.67	0.026
621.86	0.026
622.05	0.026
622.25	0.026
622.44	0.026
622.63	0.026
622.83	0.026
623.02	0.027
623.21	0.026
623.41	0.026
623.60	0.026
623.79	0.025
623.98	0.025
624.18	0.026
624.37	0.026
624.56	0.025
624.76	0.025
624.95	0.025
625.14	0.025
625.33	0.025
625.53	0.025
625.72	0.024
625.91	0.024
626.11	0.024
626.30	0.024
626.49	0.024
626.68	0.024
626.88	0.024
627.07	0.024
627.26	0.023
627.46	0.023
627.65	0.023
627.84	0.024
628.03	0.024
628.23	0.024
628.42	0.024
628.61	0.024
628.80	0.024
629.00	0.025
629.19	0.025
629.38	0.025
629.58	0.024
629.77	0.024
629.96	0.024
630.15	0.024
630.35	0.024
630.54	0.024
630.73	0.024
630.92	0.024
631.12	0.024
631.31	0.024
631.50	0.024
631.69	0.025
631.89	0.025
632.08	0.024
632.27	0.024
632.46	0.024
632.65	0.024
632.85	0.024
633.04	0.024
633.23	0.024
633.42	0.024
633.62	0.024
633.81	0.025
634.00	0.024
634.19	0.024
634.39	0.024
634.58	0.024
634.77	0.024
634.96	0.024
635.15	0.024
635.35	0.024
635.54	0.023
635.73	0.024
635.92	0.024
636.11	0.024
636.31	0.023
636.50	0.023
636.69	0.023
636.88	0.024
637.07	0.023
637.27	0.024
637.46	0.024
637.65	0.024
637.84	0.025
638.03	0.025
638.23	0.024
638.42	0.025
638.61	0.025
638.80	0.025
638.99	0.025
639.19	0.024
639.38	0.024
639.57	0.024
639.76	0.024
639.95	0.024
640.14	0.024
640.34	0.024
640.53	0.024
640.72	0.023
640.91	0.023
641.10	0.024
641.30	0.024
641.49	0.024
641.68	0.024
641.87	0.024
642.06	0.024
642.25	0.024
642.44	0.024
642.64	0.024
642.83	0.024
643.02	0.024
643.21	0.024
643.40	0.025
643.59	0.025
643.79	0.025
643.98	0.024
644.17	0.024
644.36	0.024
644.55	0.024
644.74	0.024
644.93	0.024
645.13	0.023
645.32	0.023
645.51	0.023
645.70	0.023
645.89	0.023
646.08	0.023
646.27	0.024
646.46	0.024
646.66	0.024
646.85	0.024
647.04	0.024
647.23	0.023
647.42	0.024
647.61	0.023
647.80	0.023
647.99	0.023
648.19	0.023
648.38	0.023
648.57	0.023
648.76	0.023
648.95	0.023
649.14	0.023
649.33	0.023
649.52	0.023
649.71	0.023
649.91	0.023
650.10	0.023
650.29	0.024
650.48	0.024
650.67	0.024
650.86	0.024
651.05	0.024
651.24	0.024
651.43	0.024
651.62	0.024
651.81	0.024
652.01	0.024
652.20	0.024
652.39	0.023
652.58	0.023
652.77	0.023
652.96	0.023
653.15	0.023
653.34	0.023
653.53	0.023
653.72	0.023
653.91	0.023
654.10	0.024
654.29	0.024
654.48	0.024
654.68	0.024
654.87	0.024
655.06	0.024
655.25	0.023
655.44	0.023
655.63	0.023
655.82	0.022
656.01	0.022
656.20	0.022
656.39	0.021
656.58	0.021
656.77	0.022
656.96	0.022
657.15	0.022
657.34	0.022
657.53	0.022
657.72	0.022
657.91	0.022
658.10	0.022
658.29	0.021
658.48	0.021
658.68	0.021
658.87	0.021
659.06	0.021
659.25	0.021
659.44	0.021
659.63	0.022
659.82	0.022
660.01	0.023
660.20	0.023
660.39	0.023
660.58	0.023
660.77	0.023
660.96	0.023
661.15	0.023
661.34	0.023
661.53	0.023
661.72	0.023
661.91	0.023
662.10	0.023
662.29	0.023
662.48	0.023
662.67	0.023
662.86	0.023
663.05	0.023
663.24	0.023
663.43	0.023
663.62	0.023
663.81	0.023
664.00	0.023
664.19	0.023
664.38	0.023
664.57	0.022
664.76	0.022
664.95	0.022
665.14	0.022
665.33	0.023
665.52	0.022
665.71	0.022
665.90	0.022
666.09	0.022
666.28	0.023
666.46	0.023
666.65	0.023
666.84	0.023
667.03	0.022
667.22	0.022
667.41	0.023
667.60	0.022
667.79	0.022
667.98	0.022
668.17	0.022
668.36	0.022
668.55	0.021
668.74	0.022
668.93	0.022
669.12	0.022
669.31	0.022
669.50	0.022
669.69	0.022
669.88	0.023
670.07	0.022
670.26	0.023
670.44	0.023
670.63	0.023
670.82	0.023
671.01	0.023
671.20	0.023
671.39	0.023
671.58	0.023
671.77	0.023
671.96	0.023
672.15	0.023
672.34	0.023
672.53	0.023
672.72	0.023
672.91	0.023
673.09	0.023
673.28	0.023
673.47	0.023
673.66	0.022
673.85	0.022
674.04	0.022
674.23	0.022
674.42	0.022
674.61	0.022
674.80	0.022
674.98	0.022
675.17	0.022
675.36	0.022
675.55	0.022
675.74	0.022
675.93	0.022
676.12	0.023
676.31	0.023
676.50	0.022
676.69	0.022
676.87	0.022
677.06	0.022
677.25	0.022
677.44	0.023
677.63	0.022
677.82	0.022
678.01	0.022
678.20	0.022
678.38	0.022
678.57	0.021
678.76	0.022
678.95	0.022
679.14	0.022
679.33	0.022
679.52	0.022
679.71	0.022
679.89	0.022
680.08	0.023
680.27	0.023
680.46	0.023
680.65	0.023
680.84	0.022
681.02	0.022
681.21	0.022
681.40	0.022
681.59	0.023
681.78	0.022
681.97	0.022
682.16	0.022
682.34	0.022
682.53	0.022
682.72	0.023
682.91	0.023
683.10	0.023
683.29	0.022
683.47	0.022
683.66	0.022
683.85	0.022
684.04	0.022
684.23	0.022
684.42	0.022
684.60	0.022
684.79	0.022
684.98	0.022
685.17	0.022
685.36	0.023
685.54	0.023
685.73	0.022
685.92	0.023
686.11	0.023
686.30	0.023
686.49	0.023
686.67	0.023
686.86	0.023
687.05	0.023
687.24	0.022
687.43	0.022
687.61	0.022
687.80	0.022
687.99	0.022
688.18	0.022
688.36	0.022
688.55	0.022
688.74	0.022
688.93	0.022
689.12	0.022
689.30	0.022
689.49	0.022
689.68	0.022
689.87	0.022
690.06	0.022
690.24	0.022
690.43	0.023
690.62	0.023
690.81	0.023
690.99	0.023
691.18	0.023
691.37	0.023
691.56	0.022
691.74	0.022
691.93	0.022
692.12	0.021
692.31	0.021
692.50	0.021
692.68	0.021
692.87	0.021
693.06	0.021
693.25	0.022
693.43	0.022
693.62	0.022
693.81	0.022
694.00	0.022
694.18	0.022
694.37	0.023
694.56	0.022
694.74	0.022
694.93	0.023
695.12	0.023
695.31	0.023
695.49	0.022
695.68	0.022
695.87	0.023
696.06	0.022
696.24	0.022
696.43	0.022
696.62	0.022
696.80	0.021
696.99	0.022
697.18	0.022
697.37	0.022
697.55	0.022
697.74	0.022
697.93	0.022
698.12	0.022
698.30	0.022
698.49	0.022
698.68	0.022
698.86	0.022
699.05	0.021
699.24	0.021
699.42	0.021
699.61	0.021
699.80	0.021
699.99	0.022
700.17	0.022
700.36	0.022
700.55	0.022
700.73	0.023
700.92	0.023
701.11	0.022
701.29	0.023
701.48	0.023
701.67	0.023
701.85	0.023
702.04	0.023
702.23	0.023
702.41	0.022
702.60	0.023
702.79	0.023
702.97	0.022
703.16	0.022
703.35	0.022
703.53	0.022
703.72	0.022
703.91	0.022
704.09	0.022
704.28	0.022
704.47	0.022
704.65	0.022
704.84	0.022
705.03	0.022
705.21	0.021
705.40	0.021
705.59	0.021
705.77	0.021
705.96	0.021
706.15	0.021
706.33	0.022
706.52	0.022
706.71	0.022
706.89	0.022
707.08	0.021
707.26	0.021
707.45	0.021
707.64	0.022
707.82	0.021
708.01	0.021
708.20	0.021
708.38	0.021
708.57	0.022
708.75	0.022
708.94	0.022
709.13	0.022
709.31	0.022
709.50	0.022
709.69	0.022
709.87	0.022
710.06	0.022
710.24	0.022
710.43	0.022
710.62	0.022
710.80	0.022
710.99	0.021
711.17	0.021
711.36	0.022
711.55	0.022
711.73	0.022
711.92	0.022
712.10	0.022
712.29	0.022
712.48	0.022
712.66	0.022
712.85	0.022
713.03	0.022
713.22	0.022
713.40	0.022
713.59	0.022
713.78	0.022
713.96	0.022
714.15	0.022
714.33	0.022
714.52	0.021
714.71	0.022
714.89	0.022
715.08	0.021
715.26	0.021
715.45	0.021
715.63	0.021
715.82	0.021
716.00	0.021
716.19	0.021
716.38	0.021
716.56	0.022
716.75	0.021
716.93	0.022
717.12	0.022
717.30	0.022
717.49	0.021
717.67	0.021
717.86	0.021
718.05	0.021
718.23	0.021
718.42	0.021
718.60	0.021
718.79	0.021
718.97	0.021
719.16	0.021
719.34	0.021
719.53	0.021
719.71	0.021
719.90	0.022
720.08	0.022
720.27	0.022
720.45	0.022
720.64	0.022
720.83	0.022
721.01	0.022
721.20	0.022
721.38	0.022
721.57	0.022
721.75	0.023
721.94	0.023
722.12	0.022
722.31	0.022
722.49	0.022
722.68	0.022
722.86	0.022
723.05	0.022
723.23	0.022
723.42	0.022
723.60	0.022
723.79	0.022
723.97	0.022
724.16	0.022
724.34	0.022
724.53	0.022
724.71	0.022
724.90	0.021
725.08	0.021
725.27	0.020
725.45	0.020
725.64	0.021
725.82	0.021
726.00	0.020
726.19	0.020
726.37	0.021
726.56	0.021
726.74	0.021
726.93	0.021
727.11	0.021
727.30	0.021
727.48	0.021
727.67	0.021
727.85	0.021
728.04	0.021
728.22	0.021
728.40	0.022
728.59	0.022
728.77	0.022
728.96	0.021
729.14	0.021
729.33	0.021
729.51	0.021
729.70	0.021
729.88	0.021
730.07	0.021
730.25	0.021
730.43	0.021
730.62	0.021
730.80	0.021
730.99	0.021
731.17	0.021
731.36	0.021
731.54	0.021
731.72	0.021
731.91	0.021
732.09	0.021
732.28	0.021
732.46	0.021
732.65	0.021
732.83	0.021
733.01	0.021
733.20	0.021
733.38	0.021
733.57	0.021
733.75	0.022
733.93	0.022
734.12	0.021
734.30	0.022
734.49	0.022
734.67	0.022
734.85	0.022
735.04	0.022
735.22	0.022
735.41	0.021
735.59	0.021
735.77	0.021
735.96	0.021
736.14	0.020
736.33	0.020
736.51	0.020
736.69	0.020
736.88	0.021
737.06	0.021
737.25	0.021
737.43	0.021
737.61	0.021
737.80	0.021
737.98	0.022
738.16	0.022
738.35	0.021
738.53	0.021
738.71	0.021
738.90	0.021
739.08	0.020
739.27	0.021
739.45	0.021
739.63	0.021
739.82	0.021
740.00	0.021
740.18	0.022
740.37	0.022
740.55	0.022
740.73	0.023
740.92	0.023
741.10	0.023
741.28	0.022
741.47	0.022
741.65	0.022
741.83	0.022
742.02	0.022
742.20	0.022
742.38	0.021
742.57	0.021
742.75	0.021
742.93	0.021
743.12	0.021
743.30	0.021
743.48	0.021
743.67	0.021
743.85	0.021
744.03	0.021
744.22	0.021
744.40	0.021
744.58	0.021
744.77	0.022
744.95	0.021
745.13	0.021
745.32	0.021
745.50	0.021
745.68	0.021
745.87	0.021
746.05	0.021
746.23	0.021
746.41	0.020
746.60	0.021
746.78	0.021
746.96	0.021
747.15	0.021
747.33	0.021
747.51	0.021
747.70	0.021
747.88	0.021
748.06	0.021
748.24	0.021
748.43	0.021
748.61	0.021
748.79	0.021
748.97	0.021
749.16	0.021
749.34	0.021
749.52	0.021
749.71	0.021
749.89	0.021
750.07	0.021
750.25	0.021
750.44	0.021
750.62	0.021
750.80	0.021
750.98	0.021
751.17	0.021
751.35	0.021
751.53	0.021
751.71	0.021
751.90	0.021
752.08	0.021
752.26	0.021
752.44	0.021
752.63	0.020
752.81	0.020
752.99	0.020
753.17	0.020
753.36	0.020
753.54	0.020
753.72	0.020
753.90	0.021
754.09	0.021
754.27	0.021
754.45	0.021
754.63	0.021
754.82	0.021
755.00	0.021
755.18	0.021
755.36	0.022
755.54	0.022
755.73	0.021
755.91	0.021
756.09	0.021
756.27	0.021
756.45	0.021
756.64	0.022
756.82	0.021
757.00	0.021
757.18	0.021
757.37	0.021
757.55	0.021
757.73	0.021
757.91	0.021
758.09	0.021
758.27	0.021
758.46	0.021
758.64	0.021
758.82	0.021
759.00	0.021
759.18	0.021
759.37	0.021
759.55	0.021
759.73	0.021
759.91	0.021
760.09	0.021
760.28	0.021
760.46	0.021
760.64	0.021
760.82	0.021
761.00	0.021
761.18	0.021
761.37	0.021
761.55	0.021
761.73	0.021
761.91	0.021
762.09	0.021
762.27	0.021
762.46	0.021
762.64	0.021
762.82	0.021
763.00	0.021
763.18	0.021
763.36	0.021
763.54	0.021
763.73	0.021
763.91	0.021
764.09	0.022
764.27	0.022
764.45	0.021
764.63	0.021
764.81	0.021
765.00	0.021
765.18	0.021
765.36	0.021
765.54	0.021
765.72	0.021
765.90	0.021
766.08	0.021
766.27	0.021
766.45	0.021
766.63	0.021
766.81	0.021
766.99	0.021
767.17	0.021
767.35	0.021
767.53	0.021
767.71	0.021
767.90	0.021
768.08	0.021
768.26	0.021
768.44	0.021
768.62	0.021
768.80	0.020
768.98	0.020
769.16	0.021
769.34	0.020
769.52	0.020
769.71	0.020
769.89	0.021
770.07	0.021
770.25	0.021
770.43	0.021
770.61	0.021
770.79	0.021
770.97	0.021
771.15	0.021
771.33	0.020
771.51	0.021
771.69	0.021
771.88	0.020
772.06	0.020
772.24	0.020
772.42	0.021
772.60	0.020
772.78	0.021
772.96	0.021
773.14	0.020
773.32	0.020
773.50	0.020
773.68	0.020
773.86	0.020
774.04	0.020
774.22	0.021
774.40	0.021
774.58	0.021
774.77	0.021
774.95	0.021
775.13	0.021
775.31	0.021
775.49	0.021
775.67	0.020
775.85	0.020
776.03	0.021
776.21	0.020
776.39	0.020
776.57	0.020
776.75	0.021
776.93	0.020
777.11	0.020
777.29	0.021
777.47	0.020
777.65	0.021
777.83	0.021
778.01	0.021
778.19	0.021
778.37	0.021
778.55	0.022
778.73	0.021
778.91	0.021
779.09	0.021
779.27	0.021
779.45	0.021
779.63	0.020
779.81	0.020
779.99	0.020
780.17	0.020
780.35	0.021
780.53	0.021
780.71	0.021
780.89	0.021
781.07	0.021
781.25	0.021
781.43	0.021
781.61	0.021
781.79	0.021
781.97	0.021
782.15	0.021
782.33	0.021
782.51	0.021
782.69	0.021
782.87	0.021
783.05	0.021
783.23	0.021
783.41	0.022
783.59	0.022
783.77	0.021
783.95	0.022
784.13	0.022
784.31	0.021
784.49	0.021
784.67	0.021
784.85	0.021
785.03	0.021
785.21	0.020
785.38	0.020
785.56	0.020
785.74	0.020
785.92	0.020
786.10	0.020
786.28	0.020
786.46	0.020
786.64	0.020
786.82	0.020
787.00	0.020
787.18	0.021
787.36	0.021
787.54	0.021
787.72	0.021
787.90	0.021
788.08	0.021
788.25	0.021
788.43	0.021
788.61	0.021
788.79	0.021
788.97	0.021
789.15	0.021
789.33	0.021
789.51	0.021
789.69	0.022
789.87	0.022
790.05	0.022
790.23	0.022
790.40	0.022
790.58	0.022
790.76	0.022
790.94	0.022
791.12	0.022
791.30	0.022
791.48	0.021
791.66	0.021
791.84	0.021
792.02	0.020
792.19	0.021
792.37	0.020
792.55	0.020
792.73	0.020
792.91	0.020
793.09	0.020
793.27	0.020
793.45	0.020
793.63	0.020
793.80	0.020
793.98	0.020
794.16	0.020
794.34	0.021
794.52	0.021
794.70	0.021
794.88	0.021
795.05	0.021
795.23	0.021
795.41	0.021
795.59	0.021
795.77	0.021
795.95	0.020
796.13	0.020
796.30	0.020
796.48	0.020
796.66	0.020
796.84	0.020
797.02	0.021
797.20	0.021
797.38	0.021
797.55	0.021
797.73	0.022
797.91	0.022
798.09	0.022
798.27	0.022
798.45	0.021
798.62	0.021
798.80	0.021
798.98	0.021
799.16	0.021
799.34	0.020
799.52	0.020
799.69	0.020
799.87	0.020
800.05	0.020
800.23	0.020
800.41	0.021
800.58	0.021
800.76	0.020
800.94	0.021
801.12	0.021
801.30	0.021
801.47	0.021
801.65	0.021
801.83	0.021
802.01	0.021
802.19	0.021
802.36	0.021
802.54	0.021
802.72	0.021
802.90	0.021
803.08	0.021
803.25	0.021
803.43	0.021
803.61	0.020
803.79	0.021
803.97	0.020
804.14	0.020
804.32	0.020
804.50	0.021
804.68	0.021
804.85	0.021
805.03	0.021
805.21	0.021
805.39	0.021
805.56	0.022
805.74	0.021
805.92	0.022
806.10	0.021
806.28	0.022
806.45	0.022
806.63	0.022
806.81	0.022
806.99	0.022
807.16	0.022
807.34	0.022
807.52	0.021
807.70	0.022
807.87	0.021
808.05	0.021
808.23	0.021
808.41	0.021
808.58	0.021
808.76	0.021
808.94	0.021
809.11	0.021
809.29	0.021
809.47	0.021
809.65	0.021
809.82	0.021
810.00	0.021
810.18	0.020
810.36	0.020
810.53	0.020
810.71	0.021
810.89	0.020
811.06	0.020
811.24	0.020
811.42	0.021
811.60	0.021
811.77	0.021
811.95	0.021
812.13	0.021
812.30	0.021
812.48	0.021
812.66	0.021
812.83	0.021
813.01	0.021
813.19	0.021
813.37	0.021
813.54	0.021
813.72	0.021
813.90	0.021
814.07	0.021
814.25	0.021
814.43	0.021
814.60	0.021
814.78	0.020
814.96	0.021
815.13	0.021
815.31	0.021
815.49	0.021
815.66	0.020
815.84	0.020
816.02	0.020
816.19	0.020
816.37	0.021
816.55	0.021
816.72	0.021
816.90	0.021
817.08	0.021
817.25	0.021
817.43	0.021
817.61	0.021
817.78	0.021
817.96	0.021
818.14	0.021
818.31	0.021
818.49	0.021
818.67	0.021
818.84	0.021
819.02	0.021
819.19	0.020
819.37	0.020
819.55	0.021
819.72	0.020
819.90	0.020
820.08	0.020
820.25	0.020
820.43	0.020
820.60	0.021
820.78	0.021
820.96	0.021
821.13	0.021
821.31	0.021
821.49	0.020
821.66	0.020
821.84	0.020
822.01	0.020
822.19	0.020
822.37	0.020
822.54	0.020
822.72	0.020
822.89	0.020
823.07	0.020
823.25	0.020
823.42	0.020
823.60	0.020
823.77	0.020
823.95	0.020
824.13	0.019
824.30	0.019
824.48	0.020
824.65	0.020
824.83	0.020
825.01	0.020
825.18	0.020
825.36	0.020
825.53	0.021
825.71	0.021
825.88	0.022
826.06	0.021
826.24	0.021
826.41	0.021
826.59	0.021
826.76	0.021
826.94	0.021
827.11	0.021
827.29	0.021
827.47	0.020
827.64	0.021
827.82	0.021
827.99	0.021
828.17	0.020
828.34	0.020
828.52	0.020
828.69	0.020
828.87	0.021
829.04	0.020
829.22	0.021
829.40	0.021
829.57	0.020
829.75	0.021
829.92	0.021
830.10	0.021
830.27	0.021
830.45	0.020
830.62	0.021
830.80	0.020
830.97	0.020
831.15	0.020
831.32	0.021
831.50	0.020
831.67	0.020
831.85	0.020
832.02	0.020
832.20	0.020
832.37	0.020
832.55	0.020
832.73	0.020
832.90	0.020
833.08	0.020
833.25	0.021
833.43	0.021
833.60	0.021
833.78	0.020
833.95	0.021
834.13	0.021
834.30	0.021
834.48	0.021
834.65	0.020
834.82	0.020
835.00	0.020
835.17	0.020
835.35	0.020
835.52	0.020
835.70	0.020
835.87	0.020
836.05	0.020
836.22	0.021
836.40	0.021
836.57	0.021
836.75	0.021
836.92	0.021
837.10	0.020
837.27	0.020
837.45	0.020
837.62	0.020
837.80	0.020
837.97	0.020
838.14	0.020
838.32	0.020
838.49	0.019
838.67	0.020
838.84	0.019
839.02	0.019
839.19	0.019
839.37	0.019
839.54	0.020
839.71	0.020
839.89	0.019
840.06	0.020
840.24	0.020
840.41	0.020
840.59	0.020
840.76	0.020
840.94	0.021
841.11	0.020
841.28	0.020
841.46	0.020
841.63	0.021
841.81	0.020
841.98	0.020
842.15	0.021
842.33	0.021
842.50	0.022
842.68	0.021
842.85	0.022
843.03	0.022
843.20	0.021
843.37	0.022
843.55	0.022
843.72	0.022
843.90	0.022
844.07	0.021
844.24	0.021
844.42	0.021
844.59	0.020
844.77	0.020
844.94	0.020
845.11	0.020
845.29	0.020
845.46	0.020
845.63	0.019
845.81	0.020
845.98	0.020
846.16	0.020
846.33	0.020
846.50	0.021
846.68	0.020
846.85	0.020
847.02	0.020
847.20	0.021
847.37	0.021
847.55	0.021
847.72	0.021
847.89	0.022
848.07	0.021
848.24	0.021
848.41	0.021
848.59	0.021
848.76	0.021
848.93	0.020
849.11	0.020
849.28	0.020
849.45	0.019
849.63	0.020
849.80	0.020
849.97	0.020
850.15	0.020
850.32	0.020
850.49	0.021
850.67	0.021
850.84	0.020
851.01	0.020
851.19	0.021
851.36	0.020
851.53	0.020
851.71	0.020
851.88	0.020
852.05	0.020
852.23	0.019
852.40	0.020
852.57	0.020
852.75	0.019
852.92	0.019
853.09	0.020
853.27	0.020
853.44	0.021
853.61	0.020
853.79	0.022
853.96	0.021
854.13	0.021
854.30	0.022
854.48	0.022
854.65	0.022
854.82	0.021
855.00	0.021
855.17	0.021
855.34	0.021
855.51	0.021
855.69	0.022
855.86	0.022
856.03	0.022
856.21	0.022
856.38	0.022
856.55	0.023
856.72	0.023
856.90	0.023
857.07	0.023
857.24	0.023
857.42	0.023
857.59	0.022
857.76	0.023
857.93	0.023
858.11	0.023
858.28	0.023
858.45	0.023
858.62	0.023
858.80	0.022
858.97	0.021
859.14	0.022
859.31	0.022
859.49	0.022
859.66	0.021
859.83	0.021
860.00	0.021
860.18	0.022
860.35	0.022
860.52	0.021
860.69	0.021
860.86	0.021
861.04	0.021
861.21	0.022
861.38	0.021
861.55	0.021
861.73	0.021
861.90	0.021
862.07	0.022
862.24	0.022
862.42	0.022
862.59	0.023
862.76	0.023
862.93	0.024
863.10	0.024
863.28	0.024
863.45	0.024
863.62	0.023
863.79	0.024
863.96	0.024
864.14	0.024
864.31	0.024
864.48	0.024
864.65	0.024
864.82	0.024
865.00	0.024
865.17	0.025
865.34	0.025
865.51	0.025
865.68	0.025
865.86	0.025
866.03	0.025
866.20	0.025
866.37	0.025
866.54	0.025
866.71	0.025
866.89	0.024
867.06	0.025
867.23	0.025
867.40	0.025
867.57	0.025
867.74	0.026
867.92	0.025
868.09	0.025
868.26	0.025
868.43	0.025
868.60	0.025
868.77	0.025
868.95	0.025
869.12	0.025
869.29	0.025
869.46	0.025
869.63	0.026
869.80	0.025
869.97	0.026
870.15	0.026
870.32	0.026
870.49	0.027
870.66	0.027
870.83	0.026
871.00	0.026
871.17	0.026
871.34	0.026
871.52	0.025
871.69	0.026
871.86	0.026
872.03	0.026
872.20	0.026
872.37	0.027
872.54	0.027
872.71	0.027
872.89	0.027
873.06	0.027
873.23	0.027
873.40	0.027
873.57	0.026
873.74	0.026
873.91	0.026
874.08	0.026
874.25	0.026
874.42	0.026
874.60	0.027
874.77	0.026
874.94	0.026
875.11	0.026
875.28	0.026
875.45	0.027
875.62	0.027
875.79	0.026
875.96	0.026
876.13	0.026
876.30	0.025
876.47	0.026
876.65	0.026
876.82	0.026
876.99	0.025
877.16	0.025
877.33	0.025
877.50	0.025
877.67	0.026
877.84	0.026
878.01	0.026
878.18	0.025
878.35	0.026
878.52	0.027
878.69	0.027
878.86	0.026
879.03	0.026
879.20	0.027
879.38	0.026
879.55	0.027
879.72	0.028
879.89	0.027
880.06	0.028
880.23	0.027
880.40	0.029
880.57	0.029
880.74	0.029
880.91	0.028
881.08	0.028
881.25	0.028
881.42	0.028
881.59	0.027
881.76	0.027
881.93	0.027
882.10	0.026
882.27	0.026
882.44	0.025
882.61	0.025
882.78	0.024
882.95	0.024
883.12	0.024
883.29	0.025
883.46	0.024
883.63	0.024
883.80	0.025
883.97	0.027
884.14	0.027
884.31	0.027
884.48	0.027
884.65	0.027
884.82	0.026
884.99	0.026
885.16	0.026
885.33	0.026
885.50	0.025
885.67	0.024
885.84	0.024
886.01	0.025
886.18	0.025
886.35	0.026
886.52	0.026
886.69	0.027
886.86	0.029
887.03	0.030
887.20	0.030
887.37	0.030
887.54	0.030
887.71	0.030
887.88	0.030
888.05	0.030
888.22	0.029
888.39	0.028
888.55	0.027
888.72	0.027
888.89	0.027
889.06	0.027
889.23	0.027
889.40	0.027
889.57	0.027
889.74	0.026
889.91	0.027
890.08	0.027
890.25	0.027
890.42	0.028
890.59	0.028
890.76	0.028
890.93	0.028
891.10	0.028
891.26	0.028
891.43	0.027
891.60	0.027
891.77	0.027
891.94	0.027
892.11	0.026
892.28	0.026
892.45	0.027
892.62	0.027
892.79	0.026
892.96	0.027
893.13	0.027
893.29	0.028
893.46	0.027
893.63	0.028
893.80	0.028
893.97	0.028
894.14	0.028
894.31	0.028
894.48	0.030
894.65	0.026
894.81	0.027
894.98	0.027
