177.34	0.110
177.56	0.110
177.78	0.110
178.00	-0.000
178.22	0.460
178.44	-0.173
178.66	-0.684
178.89	-0.058
179.11	-0.000
179.33	0.714
179.55	-1.364
179.77	-0.000
179.99	-0.000
180.21	-0.000
180.43	-0.000
180.65	0.171
180.87	0.280
181.09	0.414
181.31	0.525
181.53	0.600
181.75	0.630
181.97	0.757
182.19	0.711
182.41	0.645
182.63	0.772
182.85	0.703
183.07	0.709
183.30	0.733
183.52	0.751
183.74	0.825
183.96	0.772
184.18	0.765
184.40	0.823
184.62	0.788
184.84	1.016
185.06	0.926
185.28	0.853
185.50	0.889
185.72	0.837
185.94	0.833
186.16	0.831
186.38	0.861
186.60	0.850
186.82	0.821
187.04	0.900
187.26	1.020
187.48	1.019
187.70	1.095
187.92	1.112
188.14	1.138
188.36	1.210
188.58	1.265
188.80	1.323
189.02	1.472
189.24	1.441
189.46	1.482
189.68	1.386
189.90	1.452
190.12	1.553
190.34	1.476
190.56	1.509
190.78	1.528
191.00	1.501
191.22	1.504
191.44	1.516
191.66	1.601
191.88	1.622
192.10	1.605
192.32	1.684
192.54	1.626
192.76	1.640
192.98	1.559
193.20	1.547
193.42	1.569
193.64	1.585
193.86	1.550
194.08	1.588
194.30	1.646
194.52	1.658
194.74	1.711
194.96	1.782
195.18	1.781
195.40	1.800
195.62	1.757
195.84	1.883
196.06	1.853
196.28	1.855
196.50	1.895
196.72	1.839
196.94	1.895
197.16	1.931
197.38	1.875
197.60	1.964
197.82	1.863
198.04	1.846
198.26	1.810
198.48	1.787
198.70	1.786
198.92	1.718
199.13	1.746
199.35	1.723
199.57	1.724
199.79	1.745
200.01	1.761
200.23	1.767
200.45	1.801
200.67	1.833
200.89	1.853
201.11	1.834
201.33	1.942
201.55	2.015
201.77	2.072
201.99	2.101
202.21	2.174
202.43	2.273
202.65	2.273
202.87	2.269
203.09	2.341
203.31	2.292
203.52	2.272
203.74	2.198
203.96	2.187
204.18	2.159
204.40	2.194
204.62	2.211
204.84	2.334
205.06	2.265
205.28	2.296
205.50	2.223
205.72	2.306
205.94	2.465
206.16	2.531
206.38	2.310
206.59	2.327
206.81	2.240
207.03	2.339
207.25	2.271
207.47	2.286
207.69	2.270
207.91	2.250
208.13	2.232
208.35	2.433
208.57	2.462
208.79	2.469
209.01	2.365
209.22	2.456
209.44	2.413
209.66	2.438
209.88	2.373
210.10	2.447
210.32	2.359
210.54	2.374
210.76	2.425
210.98	2.568
211.20	2.583
211.42	2.730
211.63	2.694
211.85	2.770
212.07	2.635
212.29	2.597
212.51	2.519
212.73	2.542
212.95	2.657
213.17	2.540
213.39	2.456
213.60	2.475
213.82	2.372
214.04	2.249
214.26	2.228
214.48	2.243
214.70	2.251
214.92	2.206
215.14	2.264
215.35	2.329
215.57	2.268
215.79	2.351
216.01	2.441
216.23	2.518
216.45	2.525
216.67	2.626
216.89	2.550
217.10	2.514
217.32	2.509
217.54	2.592
217.76	2.557
217.98	2.655
218.20	2.659
218.42	2.669
218.64	2.561
218.85	2.701
219.07	2.688
219.29	2.604
219.51	2.637
219.73	2.562
219.95	2.509
220.17	2.497
220.38	2.532
220.60	2.479
220.82	2.418
221.04	2.464
221.26	2.495
221.48	2.532
221.69	2.643
221.91	2.752
222.13	2.730
222.35	2.706
222.57	2.876
222.79	2.977
223.00	2.920
223.22	2.918
223.44	2.787
223.66	2.739
223.88	2.645
224.10	2.689
224.32	2.690
224.53	2.593
224.75	2.594
224.97	2.640
225.19	2.686
225.41	2.797
225.62	2.844
225.84	2.888
226.06	2.839
226.28	2.790
226.50	2.844
226.72	2.801
226.93	2.751
227.15	2.730
227.37	2.704
227.59	2.684
227.81	2.684
228.02	2.758
228.24	2.815
228.46	2.953
228.68	3.050
228.90	2.995
229.12	2.978
229.33	2.923
229.55	2.965
229.77	3.060
229.99	2.964
230.21	3.018
230.42	2.895
230.64	2.831
230.86	2.835
231.08	2.834
231.30	2.864
231.51	2.820
231.73	2.796
231.95	2.815
232.17	2.803
232.38	2.757
232.60	2.784
232.82	2.814
233.04	2.904
233.26	2.845
233.47	2.878
233.69	2.920
233.91	2.847
234.13	2.857
234.35	2.955
234.56	2.922
234.78	2.892
235.00	2.784
235.22	2.813
235.43	2.753
235.65	2.748
235.87	2.803
236.09	2.724
236.30	2.719
236.52	2.739
236.74	2.752
236.96	2.770
237.18	2.773
237.39	2.912
237.61	2.897
237.83	2.883
238.05	2.953
238.26	2.933
238.48	2.940
238.70	2.935
238.92	2.958
239.13	2.951
239.35	2.877
239.57	2.903
239.79	2.912
240.00	2.871
240.22	2.834
240.44	2.839
240.66	2.888
240.87	2.878
241.09	2.936
241.31	2.959
241.53	2.942
241.74	2.892
241.96	2.912
242.18	2.922
242.40	2.920
242.61	2.880
242.83	2.834
243.05	2.791
243.27	2.775
243.48	2.796
243.70	2.857
243.92	2.915
244.13	2.954
244.35	2.934
244.57	2.936
244.79	2.979
245.00	2.981
245.22	2.959
245.44	2.943
245.65	2.909
245.87	2.953
246.09	2.944
246.31	2.900
246.52	2.967
246.74	3.006
246.96	3.043
247.18	3.058
247.39	3.087
247.61	3.111
247.83	3.009
248.04	2.997
248.26	3.036
248.48	2.902
248.69	2.927
248.91	2.925
249.13	2.921
249.35	2.897
249.56	2.918
249.78	2.902
250.00	2.981
250.21	3.023
250.43	3.066
250.65	3.069
250.86	3.016
251.08	3.017
251.30	2.996
251.51	2.960
251.73	2.970
251.95	2.950
252.17	2.908
252.38	2.944
252.60	2.912
252.82	2.931
253.03	2.894
253.25	2.895
253.47	2.942
253.68	3.015
253.90	2.983
254.12	3.035
254.33	2.989
254.55	3.003
254.77	3.092
254.98	3.151
255.20	3.090
255.42	3.086
255.63	2.986
255.85	2.987
256.07	2.964
256.28	2.990
256.50	2.969
256.72	2.909
256.93	2.930
257.15	3.063
257.37	3.061
257.58	3.033
257.80	2.992
258.02	3.013
258.23	3.034
258.45	3.053
258.67	3.040
258.88	3.021
259.10	2.897
259.32	2.854
259.53	2.863
259.75	2.880
259.96	2.868
260.18	2.874
260.40	2.847
260.61	2.818
260.83	2.836
261.05	2.884
261.26	2.943
261.48	2.961
261.70	2.989
261.91	2.975
262.13	2.930
262.34	2.965
262.56	3.011
262.78	2.973
262.99	2.982
263.21	2.919
263.43	2.995
263.64	2.983
263.86	2.976
264.07	3.009
264.29	3.000
264.51	2.994
264.72	3.017
264.94	2.966
265.16	3.018
265.37	2.952
265.59	2.933
265.80	2.917
266.02	2.924
266.24	2.908
266.45	2.913
266.67	2.912
266.88	2.892
267.10	2.881
267.32	2.875
267.53	2.896
267.75	2.901
267.96	2.861
268.18	2.820
268.40	2.788
268.61	2.776
268.83	2.804
269.04	2.779
269.26	2.770
269.48	2.766
269.69	2.777
269.91	2.748
270.12	2.805
270.34	2.815
270.56	2.831
270.77	2.827
270.99	2.847
271.20	2.849
271.42	2.850
271.64	2.845
271.85	2.902
272.07	2.902
272.28	2.912
272.50	2.925
272.71	2.895
272.93	2.881
273.15	2.888
273.36	2.872
273.58	2.894
273.79	2.865
274.01	2.823
274.22	2.851
274.44	2.853
274.66	2.912
274.87	2.926
275.09	2.909
275.30	2.942
275.52	2.901
275.73	2.934
275.95	2.942
276.16	2.937
276.38	2.909
276.60	2.843
276.81	2.836
277.03	2.857
277.24	2.825
277.46	2.805
277.67	2.808
277.89	2.815
278.10	2.804
278.32	2.812
278.53	2.848
278.75	2.884
278.97	2.860
279.18	2.890
279.40	2.895
279.61	2.867
279.83	2.821
280.04	2.821
280.26	2.807
280.47	2.799
280.69	2.738
280.90	2.743
281.12	2.731
281.33	2.725
281.55	2.737
281.76	2.748
281.98	2.715
282.20	2.682
282.41	2.674
282.63	2.671
282.84	2.670
283.06	2.647
283.27	2.668
283.49	2.642
283.70	2.671
283.92	2.692
284.13	2.703
284.35	2.672
284.56	2.663
284.78	2.645
284.99	2.645
285.21	2.629
285.42	2.639
285.64	2.618
285.85	2.614
286.07	2.616
286.28	2.644
286.50	2.648
286.71	2.645
286.93	2.650
287.14	2.654
287.36	2.637
287.57	2.590
287.79	2.579
288.00	2.578
288.22	2.546
288.43	2.551
288.65	2.545
288.86	2.519
289.08	2.502
289.29	2.474
289.51	2.471
289.72	2.447
289.94	2.433
290.15	2.414
290.37	2.391
290.58	2.389
290.80	2.382
291.01	2.373
291.22	2.380
291.44	2.380
291.65	2.378
291.87	2.343
292.08	2.346
292.30	2.342
292.51	2.337
292.73	2.327
292.94	2.313
293.16	2.306
293.37	2.295
293.59	2.283
293.80	2.291
294.02	2.282
294.23	2.271
294.44	2.259
294.66	2.248
294.87	2.240
295.09	2.217
295.30	2.215
295.52	2.205
295.73	2.195
295.95	2.177
296.16	2.172
296.37	2.153
296.59	2.143
296.80	2.142
297.02	2.144
297.23	2.127
297.45	2.122
297.66	2.116
297.88	2.119
298.09	2.103
298.30	2.105
298.52	2.103
298.73	2.094
298.95	2.076
299.16	2.072
299.38	2.058
299.59	2.048
299.80	2.043
300.02	2.044
300.23	2.031
300.45	2.020
300.66	2.007
300.88	2.005
301.09	1.995
301.30	1.992
301.52	1.987
301.73	1.975
301.95	1.960
302.16	1.952
302.37	1.952
302.59	1.946
302.80	1.937
303.02	1.933
303.23	1.926
303.45	1.916
303.66	1.911
303.87	1.900
304.09	1.899
304.30	1.887
304.52	1.881
304.73	1.874
304.94	1.866
305.16	1.858
305.37	1.854
305.59	1.844
305.80	1.842
306.01	1.832
306.23	1.826
306.44	1.819
306.65	1.817
306.87	1.810
307.08	1.804
307.30	1.796
307.51	1.787
307.72	1.781
307.94	1.775
308.15	1.769
308.37	1.761
308.58	1.750
308.79	1.750
309.01	1.747
309.22	1.743
309.43	1.740
309.65	1.733
309.86	1.722
310.07	1.711
310.29	1.704
310.50	1.697
310.72	1.690
310.93	1.684
311.14	1.678
311.36	1.672
311.57	1.664
311.78	1.662
312.00	1.660
312.21	1.658
312.42	1.655
312.64	1.646
312.85	1.638
313.07	1.630
313.28	1.624
313.49	1.619
313.71	1.612
313.92	1.605
314.13	1.599
314.35	1.592
314.56	1.588
314.77	1.583
314.99	1.580
315.20	1.577
315.41	1.572
315.63	1.565
315.84	1.559
316.05	1.557
316.27	1.552
316.48	1.544
316.69	1.534
316.91	1.525
317.12	1.516
317.33	1.510
317.55	1.507
317.76	1.502
317.97	1.493
318.19	1.488
318.40	1.486
318.61	1.485
318.83	1.483
319.04	1.479
319.25	1.476
319.47	1.472
319.68	1.466
319.89	1.463
320.10	1.459
320.32	1.454
320.53	1.450
320.74	1.442
320.96	1.437
321.17	1.431
321.38	1.428
321.60	1.424
321.81	1.418
322.02	1.412
322.24	1.406
322.45	1.400
322.66	1.395
322.87	1.390
323.09	1.386
323.30	1.378
323.51	1.374
323.73	1.368
323.94	1.365
324.15	1.360
324.36	1.357
324.58	1.354
324.79	1.348
325.00	1.342
325.22	1.338
325.43	1.333
325.64	1.329
325.85	1.324
326.07	1.320
326.28	1.313
326.49	1.309
326.71	1.305
326.92	1.300
327.13	1.296
327.34	1.292
327.56	1.286
327.77	1.280
327.98	1.276
328.19	1.271
328.41	1.270
328.62	1.266
328.83	1.263
329.04	1.259
329.26	1.253
329.47	1.250
329.68	1.245
329.90	1.241
330.11	1.237
330.32	1.232
330.53	1.226
330.75	1.221
330.96	1.215
331.17	1.210
331.38	1.205
331.60	1.201
331.81	1.195
332.02	1.190
332.23	1.184
332.44	1.180
332.66	1.177
332.87	1.174
333.08	1.173
333.29	1.170
333.51	1.167
333.72	1.166
333.93	1.161
334.14	1.159
334.36	1.155
334.57	1.152
334.78	1.147
334.99	1.141
335.21	1.138
335.42	1.133
335.63	1.128
335.84	1.124
336.05	1.120
336.27	1.117
336.48	1.113
336.69	1.108
336.90	1.106
337.11	1.101
337.33	1.098
337.54	1.094
337.75	1.092
337.96	1.089
338.18	1.084
338.39	1.080
338.60	1.078
338.81	1.073
339.02	1.068
339.24	1.066
339.45	1.063
339.66	1.059
339.87	1.055
340.08	1.051
340.30	1.047
340.51	1.045
340.72	1.042
340.93	1.038
341.14	1.033
341.36	1.030
341.57	1.025
341.78	1.022
341.99	1.019
342.20	1.016
342.41	1.013
342.63	1.009
342.84	1.007
343.05	1.004
343.26	1.001
343.47	1.000
343.69	0.996
343.90	0.992
344.11	0.989
344.32	0.984
344.53	0.980
344.74	0.976
344.96	0.974
345.17	0.971
345.38	0.967
345.59	0.965
345.80	0.962
346.01	0.959
346.23	0.956
346.44	0.953
346.65	0.951
346.86	0.948
347.07	0.944
347.28	0.940
347.50	0.937
347.71	0.934
347.92	0.930
348.13	0.927
348.34	0.926
348.55	0.922
348.76	0.919
348.98	0.916
349.19	0.913
349.40	0.910
349.61	0.906
349.82	0.904
350.03	0.901
350.24	0.898
350.46	0.895
350.67	0.892
350.88	0.889
351.09	0.886
351.30	0.883
351.51	0.880
351.72	0.878
351.93	0.876
352.15	0.871
352.36	0.870
352.57	0.867
352.78	0.863
352.99	0.861
353.20	0.858
353.41	0.856
353.62	0.853
353.84	0.851
354.05	0.849
354.26	0.846
354.47	0.843
354.68	0.842
354.89	0.839
355.10	0.836
355.31	0.834
355.52	0.831
355.74	0.828
355.95	0.825
356.16	0.822
356.37	0.820
356.58	0.816
356.79	0.815
357.00	0.812
357.21	0.808
357.42	0.806
357.63	0.804
357.85	0.801
358.06	0.799
358.27	0.796
358.48	0.793
358.69	0.790
358.90	0.788
359.11	0.787
359.32	0.784
359.53	0.781
359.74	0.778
359.95	0.776
360.17	0.773
360.38	0.771
360.59	0.769
360.80	0.767
361.01	0.764
361.22	0.761
361.43	0.759
361.64	0.757
361.85	0.756
362.06	0.753
362.27	0.751
362.48	0.748
362.69	0.746
362.90	0.744
363.12	0.741
363.33	0.738
363.54	0.735
363.75	0.733
363.96	0.730
364.17	0.729
364.38	0.727
364.59	0.725
364.80	0.723
365.01	0.720
365.22	0.719
365.43	0.717
365.64	0.714
365.85	0.713
366.06	0.711
366.27	0.709
366.48	0.706
366.69	0.705
366.90	0.703
367.11	0.702
367.32	0.699
367.54	0.697
367.75	0.695
367.96	0.692
368.17	0.690
368.38	0.687
368.59	0.684
368.80	0.682
369.01	0.680
369.22	0.678
369.43	0.676
369.64	0.675
369.85	0.672
370.06	0.670
370.27	0.669
370.48	0.666
370.69	0.665
370.90	0.663
371.11	0.661
371.32	0.659
371.53	0.656
371.74	0.655
371.95	0.653
372.16	0.651
372.37	0.649
372.58	0.647
372.79	0.645
373.00	0.644
373.21	0.641
373.42	0.641
373.63	0.637
373.84	0.636
374.05	0.634
374.26	0.632
374.47	0.631
374.68	0.630
374.89	0.628
375.10	0.625
375.31	0.623
375.52	0.622
375.73	0.619
375.94	0.619
376.15	0.617
376.36	0.614
376.57	0.612
376.78	0.610
376.99	0.609
377.20	0.607
377.41	0.606
377.62	0.604
377.83	0.602
378.04	0.601
378.25	0.600
378.46	0.599
378.67	0.597
378.88	0.596
379.09	0.595
379.30	0.594
379.51	0.592
379.72	0.591
379.92	0.589
380.13	0.587
380.34	0.585
380.55	0.583
380.76	0.582
380.97	0.581
381.18	0.579
381.39	0.578
381.60	0.575
381.81	0.574
382.02	0.573
382.23	0.571
382.44	0.571
382.65	0.569
382.86	0.567
383.07	0.566
383.28	0.565
383.49	0.564
383.70	0.562
383.91	0.560
384.11	0.559
384.32	0.557
384.53	0.556
384.74	0.553
384.95	0.551
385.16	0.550
385.37	0.549
385.58	0.548
385.79	0.546
386.00	0.545
386.21	0.544
386.42	0.542
386.63	0.541
386.84	0.540
387.04	0.539
387.25	0.538
387.46	0.536
387.67	0.535
387.88	0.533
388.09	0.531
388.30	0.531
388.51	0.530
388.72	0.529
388.93	0.526
389.14	0.525
389.34	0.524
389.55	0.521
389.76	0.521
389.97	0.519
390.18	0.518
390.39	0.517
390.60	0.515
390.81	0.515
391.02	0.514
391.23	0.513
391.43	0.512
391.64	0.511
391.85	0.510
392.06	0.509
392.27	0.507
392.48	0.506
392.69	0.505
392.90	0.503
393.11	0.501
393.31	0.500
393.52	0.499
393.73	0.497
393.94	0.496
394.15	0.495
394.36	0.495
394.57	0.494
394.78	0.494
394.98	0.492
395.19	0.492
395.40	0.491
395.61	0.490
395.82	0.489
396.03	0.488
396.24	0.487
396.44	0.486
396.65	0.485
396.86	0.484
397.07	0.483
397.28	0.482
397.49	0.481
397.70	0.480
397.90	0.479
398.11	0.478
398.32	0.477
398.53	0.475
398.74	0.474
398.95	0.473
399.16	0.473
399.36	0.472
399.57	0.471
399.78	0.470
399.99	0.470
400.20	0.469
400.41	0.468
400.61	0.467
400.82	0.466
401.03	0.464
401.24	0.464
401.45	0.463
401.66	0.462
401.86	0.461
402.07	0.460
402.28	0.459
402.49	0.459
402.70	0.458
402.91	0.456
403.11	0.454
403.32	0.454
403.53	0.453
403.74	0.452
403.95	0.451
404.15	0.450
404.36	0.449
404.57	0.448
404.78	0.448
404.99	0.448
405.20	0.447
405.40	0.446
405.61	0.445
405.82	0.444
406.03	0.442
406.24	0.442
406.44	0.441
406.65	0.440
406.86	0.439
407.07	0.438
407.28	0.438
407.48	0.437
407.69	0.437
407.90	0.437
408.11	0.436
408.32	0.435
408.52	0.434
408.73	0.434
408.94	0.433
409.15	0.432
409.35	0.432
409.56	0.431
409.77	0.430
409.98	0.428
410.19	0.428
410.39	0.427
410.60	0.426
410.81	0.425
411.02	0.425
411.22	0.425
411.43	0.424
411.64	0.423
411.85	0.422
412.05	0.422
412.26	0.421
412.47	0.420
412.68	0.419
412.89	0.418
413.09	0.417
413.30	0.416
413.51	0.415
413.72	0.415
413.92	0.414
414.13	0.413
414.34	0.412
414.55	0.412
414.75	0.411
414.96	0.411
415.17	0.410
415.38	0.409
415.58	0.408
415.79	0.408
416.00	0.407
416.21	0.407
416.41	0.407
416.62	0.406
416.83	0.406
417.03	0.405
417.24	0.405
417.45	0.405
417.66	0.404
417.86	0.404
418.07	0.403
418.28	0.401
418.49	0.400
418.69	0.399
418.90	0.399
419.11	0.397
419.31	0.398
419.52	0.397
419.73	0.397
419.94	0.397
420.14	0.396
420.35	0.397
420.56	0.396
420.76	0.396
420.97	0.395
421.18	0.394
421.39	0.393
421.59	0.392
421.80	0.392
422.01	0.391
422.21	0.391
422.42	0.390
422.63	0.390
422.84	0.390
423.04	0.389
423.25	0.389
423.46	0.388
423.66	0.387
423.87	0.387
424.08	0.387
424.28	0.386
424.49	0.386
424.70	0.385
424.90	0.384
425.11	0.384
425.32	0.384
425.52	0.383
425.73	0.382
425.94	0.381
426.15	0.381
426.35	0.380
426.56	0.378
426.77	0.379
426.97	0.379
427.18	0.378
427.39	0.378
427.59	0.377
427.80	0.376
428.01	0.376
428.21	0.375
428.42	0.376
428.63	0.374
428.83	0.373
429.04	0.372
429.25	0.372
429.45	0.372
429.66	0.372
429.87	0.371
430.07	0.371
430.28	0.371
430.48	0.371
430.69	0.370
430.90	0.369
431.10	0.369
431.31	0.368
431.52	0.367
431.72	0.366
431.93	0.366
432.14	0.366
432.34	0.365
432.55	0.365
432.76	0.365
432.96	0.365
433.17	0.364
433.37	0.365
433.58	0.364
433.79	0.363
433.99	0.361
434.20	0.359
434.41	0.359
434.61	0.359
434.82	0.358
435.02	0.358
435.23	0.357
435.44	0.357
435.64	0.357
435.85	0.358
436.06	0.358
436.26	0.358
436.47	0.357
436.67	0.357
436.88	0.356
437.09	0.356
437.29	0.355
437.50	0.355
437.70	0.354
437.91	0.353
438.12	0.352
438.32	0.351
438.53	0.351
438.73	0.351
438.94	0.351
439.15	0.351
439.35	0.351
439.56	0.351
439.76	0.350
439.97	0.350
440.18	0.350
440.38	0.348
440.59	0.348
440.79	0.348
441.00	0.348
441.20	0.347
441.41	0.347
441.62	0.347
441.82	0.346
442.03	0.347
442.23	0.347
442.44	0.347
442.65	0.346
442.85	0.345
443.06	0.345
443.26	0.344
443.47	0.344
443.67	0.345
443.88	0.344
444.09	0.344
444.29	0.342
444.50	0.342
444.70	0.341
444.91	0.341
445.11	0.341
445.32	0.340
445.52	0.339
445.73	0.338
445.94	0.338
446.14	0.338
446.35	0.338
446.55	0.337
446.76	0.337
446.96	0.336
447.17	0.336
447.37	0.335
447.58	0.335
447.78	0.335
447.99	0.335
448.20	0.335
448.40	0.334
448.61	0.334
448.81	0.334
449.02	0.334
449.22	0.334
449.43	0.334
449.63	0.333
449.84	0.333
450.04	0.333
450.25	0.333
450.45	0.332
450.66	0.331
450.86	0.331
451.07	0.331
451.27	0.330
451.48	0.329
451.68	0.329
451.89	0.329
452.09	0.328
452.30	0.329
452.50	0.329
452.71	0.328
452.91	0.327
453.12	0.327
453.33	0.327
453.53	0.328
453.74	0.328
453.94	0.328
454.15	0.327
454.35	0.326
454.56	0.326
454.76	0.326
454.96	0.325
455.17	0.324
455.37	0.324
455.58	0.323
455.78	0.322
455.99	0.321
456.19	0.321
456.40	0.321
456.60	0.320
456.81	0.320
457.01	0.320
457.22	0.320
457.42	0.319
457.63	0.320
457.83	0.320
458.04	0.319
458.24	0.319
458.45	0.319
458.65	0.320
458.86	0.320
459.06	0.319
459.27	0.320
459.47	0.319
459.67	0.318
459.88	0.318
460.08	0.316
460.29	0.315
460.49	0.314
460.70	0.314
460.90	0.313
461.11	0.313
461.31	0.312
461.52	0.312
461.72	0.312
461.92	0.313
462.13	0.314
462.33	0.314
462.54	0.314
462.74	0.314
462.95	0.313
463.15	0.313
463.36	0.313
463.56	0.314
463.76	0.313
463.97	0.312
464.17	0.312
464.38	0.312
464.58	0.311
464.79	0.312
464.99	0.311
465.19	0.311
465.40	0.309
465.60	0.309
465.81	0.309
466.01	0.309
466.22	0.309
466.42	0.308
466.62	0.308
466.83	0.308
467.03	0.308
467.24	0.308
467.44	0.307
467.65	0.307
467.85	0.307
468.05	0.306
468.26	0.306
468.46	0.306
468.67	0.305
468.87	0.305
469.07	0.305
469.28	0.305
469.48	0.304
469.69	0.304
469.89	0.304
470.09	0.304
470.30	0.304
470.50	0.303
470.71	0.304
470.91	0.303
471.11	0.303
471.32	0.303
471.52	0.304
471.72	0.303
471.93	0.302
472.13	0.301
472.34	0.302
472.54	0.301
472.74	0.301
472.95	0.301
473.15	0.300
473.35	0.300
473.56	0.299
473.76	0.300
473.97	0.300
474.17	0.300
474.37	0.300
474.58	0.299
474.78	0.300
474.98	0.299
475.19	0.298
475.39	0.299
475.60	0.299
475.80	0.298
476.00	0.298
476.21	0.296
476.41	0.297
476.61	0.296
476.82	0.296
477.02	0.296
477.22	0.296
477.43	0.295
477.63	0.296
477.83	0.296
478.04	0.295
478.24	0.295
478.44	0.295
478.65	0.295
478.85	0.295
479.05	0.295
479.26	0.294
479.46	0.294
479.66	0.294
479.87	0.295
480.07	0.294
480.27	0.294
480.48	0.293
480.68	0.293
480.88	0.292
481.09	0.292
481.29	0.292
481.49	0.291
481.70	0.291
481.90	0.290
482.10	0.290
482.31	0.290
482.51	0.289
482.71	0.289
482.92	0.289
483.12	0.289
483.32	0.289
483.52	0.289
483.73	0.289
483.93	0.289
484.13	0.288
484.34	0.289
484.54	0.288
484.74	0.288
484.95	0.288
485.15	0.287
485.35	0.287
485.55	0.287
485.76	0.287
485.96	0.287
486.16	0.286
486.37	0.286
486.57	0.285
486.77	0.285
486.97	0.285
487.18	0.285
487.38	0.285
487.58	0.285
487.79	0.284
487.99	0.284
488.19	0.284
488.39	0.284
488.60	0.284
488.80	0.284
489.00	0.284
489.20	0.284
489.41	0.284
489.61	0.284
489.81	0.283
490.02	0.283
490.22	0.283
490.42	0.283
490.62	0.283
490.83	0.283
491.03	0.282
491.23	0.282
491.43	0.282
491.64	0.282
491.84	0.281
492.04	0.281
492.24	0.280
492.45	0.281
492.65	0.281
492.85	0.280
493.05	0.280
493.26	0.280
493.46	0.280
493.66	0.280
493.86	0.279
494.07	0.279
494.27	0.278
494.47	0.278
494.67	0.279
494.87	0.279
495.08	0.279
495.28	0.278
495.48	0.278
495.68	0.278
495.89	0.278
496.09	0.277
496.29	0.277
496.49	0.277
496.69	0.277
496.90	0.276
497.10	0.276
497.30	0.276
497.50	0.276
497.71	0.276
497.91	0.276
498.11	0.275
498.31	0.275
498.51	0.274
498.72	0.274
498.92	0.274
499.12	0.274
499.32	0.273
499.52	0.273
499.73	0.274
499.93	0.274
500.13	0.274
500.33	0.274
500.53	0.274
500.74	0.274
500.94	0.274
501.14	0.274
501.34	0.275
501.54	0.274
501.74	0.273
501.95	0.273
502.15	0.273
502.35	0.273
502.55	0.272
502.75	0.272
502.96	0.272
503.16	0.272
503.36	0.271
503.56	0.271
503.76	0.271
503.96	0.271
504.17	0.271
504.37	0.270
504.57	0.270
504.77	0.270
504.97	0.269
505.17	0.270
505.38	0.270
505.58	0.271
505.78	0.271
505.98	0.270
506.18	0.271
506.38	0.271
506.58	0.271
506.79	0.271
506.99	0.270
507.19	0.270
507.39	0.270
507.59	0.269
507.79	0.269
507.99	0.268
508.20	0.268
508.40	0.267
508.60	0.268
508.80	0.268
509.00	0.268
509.20	0.267
509.40	0.267
509.61	0.266
509.81	0.266
510.01	0.266
510.21	0.266
510.41	0.265
510.61	0.266
510.81	0.266
511.01	0.267
511.22	0.267
511.42	0.266
511.62	0.266
511.82	0.266
512.02	0.267
512.22	0.267
512.42	0.266
512.62	0.266
512.82	0.265
513.03	0.265
513.23	0.264
513.43	0.264
513.63	0.265
513.83	0.264
514.03	0.264
514.23	0.264
514.43	0.264
514.63	0.263
514.83	0.264
515.04	0.264
515.24	0.263
515.44	0.263
515.64	0.263
515.84	0.262
516.04	0.262
516.24	0.262
516.44	0.262
516.64	0.262
516.84	0.262
517.04	0.262
517.24	0.261
517.45	0.261
517.65	0.261
517.85	0.261
518.05	0.261
518.25	0.261
518.45	0.261
518.65	0.261
518.85	0.261
519.05	0.260
519.25	0.259
519.45	0.259
519.65	0.259
519.85	0.259
520.05	0.259
520.25	0.258
520.46	0.258
520.66	0.258
520.86	0.258
521.06	0.258
521.26	0.258
521.46	0.258
521.66	0.258
521.86	0.257
522.06	0.257
522.26	0.257
522.46	0.257
522.66	0.258
522.86	0.258
523.06	0.258
523.26	0.258
523.46	0.258
523.66	0.258
523.86	0.258
524.06	0.258
524.26	0.258
524.46	0.258
524.66	0.258
524.86	0.258
525.06	0.257
525.26	0.257
525.46	0.256
525.66	0.256
525.87	0.256
526.07	0.255
526.27	0.254
526.47	0.254
526.67	0.253
526.87	0.254
527.07	0.253
527.27	0.254
527.47	0.254
527.67	0.255
527.87	0.254
528.07	0.254
528.27	0.255
528.47	0.255
528.67	0.255
528.87	0.255
529.07	0.255
529.27	0.254
529.47	0.253
529.67	0.254
529.87	0.253
530.07	0.253
530.27	0.253
530.47	0.253
530.67	0.253
530.87	0.253
531.06	0.253
531.26	0.253
531.46	0.253
531.66	0.253
531.86	0.253
532.06	0.253
532.26	0.253
532.46	0.252
532.66	0.251
532.86	0.251
533.06	0.251
533.26	0.250
533.46	0.250
533.66	0.250
533.86	0.250
534.06	0.250
534.26	0.250
534.46	0.250
534.66	0.250
534.86	0.250
535.06	0.250
535.26	0.250
535.46	0.249
535.66	0.250
535.86	0.249
536.06	0.249
536.26	0.249
536.45	0.249
536.65	0.249
536.85	0.249
537.05	0.250
537.25	0.250
537.45	0.249
537.65	0.249
537.85	0.249
538.05	0.249
538.25	0.249
538.45	0.248
538.65	0.248
538.85	0.248
539.05	0.247
539.25	0.247
539.44	0.247
539.64	0.247
539.84	0.247
540.04	0.248
540.24	0.248
540.44	0.247
540.64	0.247
540.84	0.248
541.04	0.248
541.24	0.249
541.44	0.249
541.64	0.248
541.83	0.248
542.03	0.248
542.23	0.248
542.43	0.247
542.63	0.247
542.83	0.247
543.03	0.246
543.23	0.246
543.43	0.245
543.63	0.245
543.82	0.245
544.02	0.245
544.22	0.245
544.42	0.245
544.62	0.245
544.82	0.245
545.02	0.244
545.22	0.244
545.42	0.245
545.61	0.245
545.81	0.245
546.01	0.245
546.21	0.245
546.41	0.244
546.61	0.245
546.81	0.244
547.01	0.244
547.20	0.244
547.40	0.243
547.60	0.242
547.80	0.242
548.00	0.241
548.20	0.242
548.40	0.242
548.59	0.242
548.79	0.242
548.99	0.242
549.19	0.243
549.39	0.243
549.59	0.244
549.79	0.244
549.98	0.243
550.18	0.243
550.38	0.243
550.58	0.243
550.78	0.243
550.98	0.243
551.17	0.243
551.37	0.242
551.57	0.242
551.77	0.242
551.97	0.242
552.17	0.242
552.36	0.242
552.56	0.241
552.76	0.242
552.96	0.243
553.16	0.243
553.36	0.242
553.55	0.242
553.75	0.243
553.95	0.243
554.15	0.243
554.35	0.243
554.55	0.242
554.74	0.241
554.94	0.241
555.14	0.241
555.34	0.240
555.54	0.240
555.73	0.240
555.93	0.240
556.13	0.240
556.33	0.240
556.53	0.240
556.72	0.240
556.92	0.240
557.12	0.240
557.32	0.240
557.52	0.240
557.71	0.241
557.91	0.241
558.11	0.241
558.31	0.240
558.51	0.240
558.70	0.240
558.90	0.240
559.10	0.239
559.30	0.239
559.49	0.239
559.69	0.239
559.89	0.239
560.09	0.240
560.29	0.240
560.48	0.239
560.68	0.239
560.88	0.239
561.08	0.239
561.27	0.239
561.47	0.239
561.67	0.238
561.87	0.238
562.06	0.237
562.26	0.237
562.46	0.237
562.66	0.237
562.86	0.237
563.05	0.237
563.25	0.237
563.45	0.237
563.65	0.237
563.84	0.237
564.04	0.237
564.24	0.237
564.44	0.237
564.63	0.236
564.83	0.235
565.03	0.235
565.22	0.235
565.42	0.235
565.62	0.235
565.82	0.236
566.01	0.236
566.21	0.236
566.41	0.237
566.61	0.237
566.80	0.237
567.00	0.237
567.20	0.237
567.40	0.237
567.59	0.237
567.79	0.236
567.99	0.236
568.18	0.235
568.38	0.235
568.58	0.235
568.78	0.235
568.97	0.235
569.17	0.235
569.37	0.235
569.56	0.235
569.76	0.234
569.96	0.234
570.16	0.234
570.35	0.234
570.55	0.234
570.75	0.233
570.94	0.233
571.14	0.233
571.34	0.233
571.53	0.232
571.73	0.232
571.93	0.232
572.12	0.232
572.32	0.232
572.52	0.232
572.72	0.232
572.91	0.232
573.11	0.232
573.31	0.232
573.50	0.231
573.70	0.231
573.90	0.231
574.09	0.231
574.29	0.231
574.49	0.231
574.68	0.231
574.88	0.231
575.08	0.231
575.27	0.231
575.47	0.230
575.67	0.230
575.86	0.230
576.06	0.231
576.26	0.231
576.45	0.230
576.65	0.230
576.85	0.229
577.04	0.229
577.24	0.229
577.44	0.229
577.63	0.229
577.83	0.229
578.02	0.228
578.22	0.229
578.42	0.229
578.61	0.229
578.81	0.229
579.01	0.229
579.20	0.230
579.40	0.229
579.60	0.229
579.79	0.229
579.99	0.228
580.19	0.228
580.38	0.227
580.58	0.227
580.77	0.227
580.97	0.226
581.17	0.226
581.36	0.226
581.56	0.226
581.75	0.225
581.95	0.225
582.15	0.226
582.34	0.226
582.54	0.226
582.74	0.226
582.93	0.226
583.13	0.227
583.32	0.227
583.52	0.227
583.72	0.228
583.91	0.228
584.11	0.228
584.30	0.227
584.50	0.227
584.70	0.227
584.89	0.226
585.09	0.226
585.28	0.226
585.48	0.225
585.68	0.225
585.87	0.225
586.07	0.226
586.26	0.225
586.46	0.225
586.66	0.225
586.85	0.226
587.05	0.226
587.24	0.226
587.44	0.225
587.63	0.226
587.83	0.226
588.03	0.226
588.22	0.226
588.42	0.226
588.61	0.226
588.81	0.226
589.00	0.226
589.20	0.227
589.40	0.227
589.59	0.227
589.79	0.226
589.98	0.227
590.18	0.227
590.37	0.226
590.57	0.226
590.76	0.226
590.96	0.226
591.16	0.225
591.35	0.225
591.55	0.225
591.74	0.224
591.94	0.224
592.13	0.224
592.33	0.224
592.52	0.223
592.72	0.223
592.91	0.223
593.11	0.223
593.30	0.223
593.50	0.223
593.70	0.223
593.89	0.224
594.09	0.225
594.28	0.225
594.48	0.225
594.67	0.225
594.87	0.225
595.06	0.225
595.26	0.225
595.45	0.225
595.65	0.225
595.84	0.224
596.04	0.224
596.23	0.224
596.43	0.224
596.62	0.224
596.82	0.224
597.01	0.223
597.21	0.224
597.40	0.223
597.60	0.223
597.79	0.223
597.99	0.222
598.18	0.222
598.38	0.221
598.57	0.221
598.77	0.221
598.96	0.220
599.16	0.220
599.35	0.220
599.55	0.220
599.74	0.220
599.94	0.220
600.13	0.221
600.33	0.221
600.52	0.221
600.72	0.222
600.91	0.222
601.11	0.222
601.30	0.222
601.50	0.222
601.69	0.222
601.89	0.222
602.08	0.221
602.27	0.222
602.47	0.221
602.66	0.221
602.86	0.221
603.05	0.221
603.25	0.221
603.44	0.220
603.64	0.220
603.83	0.221
604.03	0.221
604.22	0.221
604.41	0.221
604.61	0.221
604.80	0.221
605.00	0.221
605.19	0.221
605.39	0.220
605.58	0.220
605.78	0.220
605.97	0.219
606.16	0.219
606.36	0.219
606.55	0.218
606.75	0.217
606.94	0.217
607.14	0.217
607.33	0.217
607.52	0.217
607.72	0.217
607.91	0.218
608.11	0.218
608.30	0.218
608.50	0.218
608.69	0.219
608.88	0.219
609.08	0.219
609.27	0.219
609.47	0.219
609.66	0.219
609.85	0.220
610.05	0.220
610.24	0.220
610.44	0.220
610.63	0.219
610.83	0.219
611.02	0.219
611.21	0.219
611.41	0.219
611.60	0.219
611.80	0.219
611.99	0.219
612.18	0.219
612.38	0.219
612.57	0.219
612.76	0.219
612.96	0.219
613.15	0.219
613.35	0.219
613.54	0.219
613.73	0.218
613.93	0.218
614.12	0.218
614.32	0.217
614.51	0.217
614.70	0.217
614.90	0.217
615.09	0.217
615.28	0.217
615.48	0.217
615.67	0.217
615.86	0.218
616.06	0.218
616.25	0.218
616.45	0.217
616.64	0.218
616.83	0.218
617.03	0.218
617.22	0.218
617.41	0.218
617.61	0.217
617.80	0.216
617.99	0.216
618.19	0.217
618.38	0.217
618.57	0.217
618.77	0.216
618.96	0.216
619.15	0.216
619.35	0.217
619.54	0.218
619.73	0.218
619.93	0.217
620.12	0.217
620.31	0.217
620.51	0.217
620.70	0.217
620.89	0.217
621.09	0.217
621.28	0.216
621.47	0.216
621.67	0.216
621.86	0.216
622.05	0.217
622.25	0.217
622.44	0.216
622.63	0.216
622.83	0.216
623.02	0.216
623.21	0.216
623.41	0.216
623.60	0.216
623.79	0.215
623.98	0.215
624.18	0.215
624.37	0.215
624.56	0.215
624.76	0.215
624.95	0.215
625.14	0.216
625.33	0.216
625.53	0.216
625.72	0.216
625.91	0.216
626.11	0.215
626.30	0.215
626.49	0.215
626.68	0.214
626.88	0.214
627.07	0.213
627.26	0.213
627.46	0.213
627.65	0.214
627.84	0.214
628.03	0.214
628.23	0.215
628.42	0.215
628.61	0.215
628.80	0.215
629.00	0.215
629.19	0.215
629.38	0.215
629.58	0.215
629.77	0.214
629.96	0.214
630.15	0.214
630.35	0.214
630.54	0.214
630.73	0.214
630.92	0.214
631.12	0.214
631.31	0.214
631.50	0.215
631.69	0.216
631.89	0.215
632.08	0.216
632.27	0.215
632.46	0.215
632.65	0.215
632.85	0.215
633.04	0.214
633.23	0.214
633.42	0.214
633.62	0.214
633.81	0.214
634.00	0.214
634.19	0.215
634.39	0.215
634.58	0.215
634.77	0.215
634.96	0.215
635.15	0.215
635.35	0.214
635.54	0.214
635.73	0.214
635.92	0.214
636.11	0.214
636.31	0.214
636.50	0.214
636.69	0.214
636.88	0.214
637.07	0.215
637.27	0.214
637.46	0.214
637.65	0.214
637.84	0.214
638.03	0.214
638.23	0.214
638.42	0.214
638.61	0.214
638.80	0.213
638.99	0.214
639.19	0.213
639.38	0.214
639.57	0.213
639.76	0.213
639.95	0.213
640.14	0.213
640.34	0.213
640.53	0.213
640.72	0.212
640.91	0.213
641.10	0.213
641.30	0.212
641.49	0.212
641.68	0.212
641.87	0.212
642.06	0.212
642.25	0.212
642.44	0.212
642.64	0.212
642.83	0.212
643.02	0.212
643.21	0.212
643.40	0.212
643.59	0.212
643.79	0.212
643.98	0.212
644.17	0.213
644.36	0.213
644.55	0.213
644.74	0.212
644.93	0.212
645.13	0.212
645.32	0.212
645.51	0.212
645.70	0.212
645.89	0.211
646.08	0.211
646.27	0.212
646.46	0.212
646.66	0.212
646.85	0.211
647.04	0.211
647.23	0.211
647.42	0.211
647.61	0.211
647.80	0.211
647.99	0.210
648.19	0.210
648.38	0.210
648.57	0.210
648.76	0.210
648.95	0.210
649.14	0.210
649.33	0.210
649.52	0.210
649.71	0.211
649.91	0.210
650.10	0.211
650.29	0.211
650.48	0.211
650.67	0.211
650.86	0.211
651.05	0.211
651.24	0.211
651.43	0.211
651.62	0.211
651.81	0.211
652.01	0.211
652.20	0.211
652.39	0.210
652.58	0.211
652.77	0.210
652.96	0.210
653.15	0.210
653.34	0.210
653.53	0.210
653.72	0.211
653.91	0.211
654.10	0.211
654.29	0.211
654.48	0.210
654.68	0.209
654.87	0.207
655.06	0.206
655.25	0.205
655.44	0.205
655.63	0.204
655.82	0.204
656.01	0.204
656.20	0.204
656.39	0.204
656.58	0.206
656.77	0.206
656.96	0.208
657.15	0.208
657.34	0.208
657.53	0.208
657.72	0.209
657.91	0.209
658.10	0.210
658.29	0.209
658.48	0.209
658.68	0.209
658.87	0.208
659.06	0.209
659.25	0.209
659.44	0.208
659.63	0.208
659.82	0.208
660.01	0.208
660.20	0.208
660.39	0.209
660.58	0.209
660.77	0.209
660.96	0.209
661.15	0.209
661.34	0.209
661.53	0.209
661.72	0.209
661.91	0.209
662.10	0.208
662.29	0.209
662.48	0.209
662.67	0.209
662.86	0.209
663.05	0.208
663.24	0.208
663.43	0.208
663.62	0.208
663.81	0.208
664.00	0.207
664.19	0.207
664.38	0.207
664.57	0.206
664.76	0.207
664.95	0.207
665.14	0.207
665.33	0.208
665.52	0.208
665.71	0.208
665.90	0.207
666.09	0.208
666.28	0.208
666.46	0.208
666.65	0.208
666.84	0.208
667.03	0.207
667.22	0.207
667.41	0.207
667.60	0.207
667.79	0.207
667.98	0.208
668.17	0.207
668.36	0.207
668.55	0.207
668.74	0.207
668.93	0.207
669.12	0.207
669.31	0.207
669.50	0.207
669.69	0.206
669.88	0.207
670.07	0.207
670.26	0.206
670.44	0.207
670.63	0.206
670.82	0.206
671.01	0.206
671.20	0.206
671.39	0.206
671.58	0.206
671.77	0.206
671.96	0.207
672.15	0.206
672.34	0.206
672.53	0.206
672.72	0.206
672.91	0.206
673.09	0.205
673.28	0.205
673.47	0.205
673.66	0.204
673.85	0.204
674.04	0.204
674.23	0.204
674.42	0.205
674.61	0.205
674.80	0.205
674.98	0.205
675.17	0.205
675.36	0.206
675.55	0.206
675.74	0.206
675.93	0.206
676.12	0.206
676.31	0.206
676.50	0.205
676.69	0.205
676.87	0.205
677.06	0.205
677.25	0.205
677.44	0.205
677.63	0.205
677.82	0.204
678.01	0.204
678.20	0.205
678.38	0.204
678.57	0.204
678.76	0.204
678.95	0.205
679.14	0.204
679.33	0.204
679.52	0.204
679.71	0.205
679.89	0.205
680.08	0.205
680.27	0.205
680.46	0.205
680.65	0.205
680.84	0.205
681.02	0.205
681.21	0.205
681.40	0.205
681.59	0.205
681.78	0.204
681.97	0.204
682.16	0.205
682.34	0.204
682.53	0.204
682.72	0.204
682.91	0.204
683.10	0.204
683.29	0.203
683.47	0.204
683.66	0.203
683.85	0.203
684.04	0.203
684.23	0.204
684.42	0.203
684.60	0.203
684.79	0.204
684.98	0.204
685.17	0.203
685.36	0.203
685.54	0.203
685.73	0.203
685.92	0.203
686.11	0.203
686.30	0.202
686.49	0.202
686.67	0.202
686.86	0.202
687.05	0.202
687.24	0.202
687.43	0.202
687.61	0.202
687.80	0.202
687.99	0.202
688.18	0.202
688.36	0.202
688.55	0.202
688.74	0.202
688.93	0.202
689.12	0.202
689.30	0.201
689.49	0.202
689.68	0.201
689.87	0.201
690.06	0.201
690.24	0.201
690.43	0.201
690.62	0.201
690.81	0.201
690.99	0.201
691.18	0.201
691.37	0.202
691.56	0.202
691.74	0.202
691.93	0.202
692.12	0.202
692.31	0.203
692.50	0.202
692.68	0.202
692.87	0.202
693.06	0.202
693.25	0.202
693.43	0.201
693.62	0.202
693.81	0.202
694.00	0.202
694.18	0.202
694.37	0.202
694.56	0.202
694.74	0.202
694.93	0.202
695.12	0.202
695.31	0.202
695.49	0.202
695.68	0.203
695.87	0.202
696.06	0.202
696.24	0.202
696.43	0.202
696.62	0.202
696.80	0.202
696.99	0.201
697.18	0.201
697.37	0.200
697.55	0.200
697.74	0.201
697.93	0.201
698.12	0.201
698.30	0.201
698.49	0.201
698.68	0.201
698.86	0.201
699.05	0.201
699.24	0.202
699.42	0.202
699.61	0.202
699.80	0.201
699.99	0.201
700.17	0.202
700.36	0.201
700.55	0.201
700.73	0.201
700.92	0.201
701.11	0.201
701.29	0.201
701.48	0.200
701.67	0.200
701.85	0.200
702.04	0.200
702.23	0.200
702.41	0.200
702.60	0.200
702.79	0.200
702.97	0.200
703.16	0.200
703.35	0.200
703.53	0.200
703.72	0.200
703.91	0.200
704.09	0.200
704.28	0.200
704.47	0.200
704.65	0.200
704.84	0.199
705.03	0.200
705.21	0.200
705.40	0.200
705.59	0.200
705.77	0.200
705.96	0.200
706.15	0.200
706.33	0.200
706.52	0.200
706.71	0.200
706.89	0.199
707.08	0.200
707.26	0.199
707.45	0.199
707.64	0.199
707.82	0.199
708.01	0.199
708.20	0.199
708.38	0.199
708.57	0.199
708.75	0.199
708.94	0.199
709.13	0.199
709.31	0.200
709.50	0.200
709.69	0.200
709.87	0.201
710.06	0.200
710.24	0.200
710.43	0.200
710.62	0.200
710.80	0.200
710.99	0.200
711.17	0.199
711.36	0.199
711.55	0.199
711.73	0.199
711.92	0.199
712.10	0.200
712.29	0.199
712.48	0.199
712.66	0.199
712.85	0.199
713.03	0.199
713.22	0.199
713.40	0.198
713.59	0.198
713.78	0.198
713.96	0.198
714.15	0.198
714.33	0.197
714.52	0.197
714.71	0.197
714.89	0.197
715.08	0.197
715.26	0.197
715.45	0.198
715.63	0.197
715.82	0.198
716.00	0.198
716.19	0.198
716.38	0.198
716.56	0.198
716.75	0.198
716.93	0.198
717.12	0.199
717.30	0.199
717.49	0.199
717.67	0.199
717.86	0.199
718.05	0.199
718.23	0.199
718.42	0.198
718.60	0.198
718.79	0.197
718.97	0.197
719.16	0.197
719.34	0.197
719.53	0.196
719.71	0.197
719.90	0.197
720.08	0.197
720.27	0.197
720.45	0.197
720.64	0.197
720.83	0.197
721.01	0.197
721.20	0.197
721.38	0.197
721.57	0.197
721.75	0.197
721.94	0.197
722.12	0.197
722.31	0.198
722.49	0.197
722.68	0.197
722.86	0.197
723.05	0.197
723.23	0.198
723.42	0.198
723.60	0.197
723.79	0.197
723.97	0.197
724.16	0.197
724.34	0.197
724.53	0.197
724.71	0.197
724.90	0.196
725.08	0.196
725.27	0.197
725.45	0.197
725.64	0.197
725.82	0.197
726.00	0.197
726.19	0.197
726.37	0.198
726.56	0.198
726.74	0.198
726.93	0.198
727.11	0.198
727.30	0.197
727.48	0.197
727.67	0.196
727.85	0.196
728.04	0.196
728.22	0.196
728.40	0.196
728.59	0.195
728.77	0.195
728.96	0.195
729.14	0.195
729.33	0.195
729.51	0.195
729.70	0.195
729.88	0.195
730.07	0.195
730.25	0.196
730.43	0.196
730.62	0.196
730.80	0.196
730.99	0.196
731.17	0.196
731.36	0.196
731.54	0.196
731.72	0.196
731.91	0.196
732.09	0.196
732.28	0.195
732.46	0.194
732.65	0.194
732.83	0.194
733.01	0.194
733.20	0.194
733.38	0.195
733.57	0.194
733.75	0.194
733.93	0.195
734.12	0.195
734.30	0.196
734.49	0.196
734.67	0.196
734.85	0.196
735.04	0.195
735.22	0.196
735.41	0.195
735.59	0.195
735.77	0.195
735.96	0.194
736.14	0.194
736.33	0.194
736.51	0.194
736.69	0.194
736.88	0.194
737.06	0.195
737.25	0.195
737.43	0.195
737.61	0.195
737.80	0.195
737.98	0.195
738.16	0.195
738.35	0.195
738.53	0.195
738.71	0.195
738.90	0.195
739.08	0.195
739.27	0.195
739.45	0.195
739.63	0.194
739.82	0.194
740.00	0.195
740.18	0.195
740.37	0.195
740.55	0.195
740.73	0.194
740.92	0.195
741.10	0.195
741.28	0.196
741.47	0.196
741.65	0.195
741.83	0.195
742.02	0.194
742.20	0.194
742.38	0.195
742.57	0.195
742.75	0.194
742.93	0.194
743.12	0.195
743.30	0.195
743.48	0.195
743.67	0.195
743.85	0.195
744.03	0.195
744.22	0.195
744.40	0.195
744.58	0.195
744.77	0.195
744.95	0.195
745.13	0.195
745.32	0.195
745.50	0.195
745.68	0.194
745.87	0.194
746.05	0.195
746.23	0.195
746.41	0.195
746.60	0.195
746.78	0.195
746.96	0.195
747.15	0.195
747.33	0.195
747.51	0.194
747.70	0.194
747.88	0.195
748.06	0.195
748.24	0.194
748.43	0.194
748.61	0.194
748.79	0.194
748.97	0.194
749.16	0.194
749.34	0.194
749.52	0.193
749.71	0.194
749.89	0.193
750.07	0.193
750.25	0.193
750.44	0.193
750.62	0.193
750.80	0.193
750.98	0.193
751.17	0.193
751.35	0.193
751.53	0.193
751.71	0.193
751.90	0.193
752.08	0.193
752.26	0.193
752.44	0.194
752.63	0.194
752.81	0.193
752.99	0.193
753.17	0.193
753.36	0.194
753.54	0.193
753.72	0.193
753.90	0.193
754.09	0.193
754.27	0.193
754.45	0.193
754.63	0.193
754.82	0.193
755.00	0.193
755.18	0.193
755.36	0.193
755.54	0.193
755.73	0.193
755.91	0.192
756.09	0.193
756.27	0.192
756.45	0.193
756.64	0.193
756.82	0.193
757.00	0.193
757.18	0.193
757.37	0.193
757.55	0.193
757.73	0.193
757.91	0.193
758.09	0.193
758.27	0.193
758.46	0.193
758.64	0.193
758.82	0.193
759.00	0.193
759.18	0.193
759.37	0.192
759.55	0.192
759.73	0.192
759.91	0.192
760.09	0.192
760.28	0.192
760.46	0.192
760.64	0.192
760.82	0.192
761.00	0.192
761.18	0.191
761.37	0.191
761.55	0.192
761.73	0.192
761.91	0.191
762.09	0.191
762.27	0.191
762.46	0.191
762.64	0.192
762.82	0.192
763.00	0.192
763.18	0.191
763.36	0.191
763.54	0.192
763.73	0.191
763.91	0.191
764.09	0.191
764.27	0.190
764.45	0.190
764.63	0.190
764.81	0.190
765.00	0.190
765.18	0.190
765.36	0.190
765.54	0.190
765.72	0.190
765.90	0.190
766.08	0.190
766.27	0.190
766.45	0.190
766.63	0.190
766.81	0.190
766.99	0.190
767.17	0.190
767.35	0.190
767.53	0.190
767.71	0.190
767.90	0.190
768.08	0.189
768.26	0.190
768.44	0.189
768.62	0.189
768.80	0.189
768.98	0.189
769.16	0.189
769.34	0.188
769.52	0.189
769.71	0.189
769.89	0.188
770.07	0.188
770.25	0.188
770.43	0.188
770.61	0.188
770.79	0.188
770.97	0.188
771.15	0.187
771.33	0.187
771.51	0.187
771.69	0.188
771.88	0.188
772.06	0.188
772.24	0.188
772.42	0.188
772.60	0.189
772.78	0.189
772.96	0.189
773.14	0.189
773.32	0.189
773.50	0.189
773.68	0.189
773.86	0.189
774.04	0.189
774.22	0.189
774.40	0.188
774.58	0.189
774.77	0.188
774.95	0.188
775.13	0.188
775.31	0.188
775.49	0.188
775.67	0.188
775.85	0.188
776.03	0.188
776.21	0.188
776.39	0.188
776.57	0.188
776.75	0.189
776.93	0.189
777.11	0.189
777.29	0.189
777.47	0.189
777.65	0.189
777.83	0.189
778.01	0.189
778.19	0.189
778.37	0.189
778.55	0.190
778.73	0.190
778.91	0.190
779.09	0.189
779.27	0.189
779.45	0.190
779.63	0.190
779.81	0.190
779.99	0.189
780.17	0.189
780.35	0.189
780.53	0.189
780.71	0.189
780.89	0.189
781.07	0.189
781.25	0.189
781.43	0.188
781.61	0.188
781.79	0.189
781.97	0.189
782.15	0.189
782.33	0.188
782.51	0.189
782.69	0.189
782.87	0.189
783.05	0.189
783.23	0.190
783.41	0.190
783.59	0.190
783.77	0.190
783.95	0.190
784.13	0.190
784.31	0.190
784.49	0.189
784.67	0.189
784.85	0.189
785.03	0.189
785.21	0.189
785.38	0.189
785.56	0.189
785.74	0.189
785.92	0.189
786.10	0.190
786.28	0.189
786.46	0.189
786.64	0.189
786.82	0.189
787.00	0.189
787.18	0.189
787.36	0.189
787.54	0.188
787.72	0.188
787.90	0.188
788.08	0.188
788.25	0.188
788.43	0.188
788.61	0.188
788.79	0.187
788.97	0.187
789.15	0.188
789.33	0.188
789.51	0.188
789.69	0.188
789.87	0.188
790.05	0.188
790.23	0.189
790.40	0.189
790.58	0.190
790.76	0.189
790.94	0.189
791.12	0.189
791.30	0.189
791.48	0.190
791.66	0.189
791.84	0.189
792.02	0.188
792.19	0.188
792.37	0.189
792.55	0.189
792.73	0.188
792.91	0.188
793.09	0.188
793.27	0.188
793.45	0.189
793.63	0.189
793.80	0.189
793.98	0.189
794.16	0.189
794.34	0.189
794.52	0.188
794.70	0.189
794.88	0.188
795.05	0.188
795.23	0.188
795.41	0.188
795.59	0.188
795.77	0.188
795.95	0.188
796.13	0.189
796.30	0.189
796.48	0.189
796.66	0.189
796.84	0.189
797.02	0.189
797.20	0.189
797.38	0.190
797.55	0.190
797.73	0.190
797.91	0.190
798.09	0.190
798.27	0.190
798.45	0.190
798.62	0.190
798.80	0.190
798.98	0.190
799.16	0.189
799.34	0.190
799.52	0.190
799.69	0.190
799.87	0.190
800.05	0.190
800.23	0.189
800.41	0.189
800.58	0.190
800.76	0.190
800.94	0.190
801.12	0.190
801.30	0.189
801.47	0.189
801.65	0.190
801.83	0.190
802.01	0.190
802.19	0.190
802.36	0.189
802.54	0.189
802.72	0.189
802.90	0.189
803.08	0.189
803.25	0.189
803.43	0.189
803.61	0.188
803.79	0.188
803.97	0.188
804.14	0.188
804.32	0.188
804.50	0.187
804.68	0.187
804.85	0.187
805.03	0.187
805.21	0.187
805.39	0.188
805.56	0.188
805.74	0.188
805.92	0.188
806.10	0.189
806.28	0.189
806.45	0.189
806.63	0.190
806.81	0.190
806.99	0.189
807.16	0.189
807.34	0.189
807.52	0.189
807.70	0.189
807.87	0.189
808.05	0.189
808.23	0.189
808.41	0.190
808.58	0.189
808.76	0.190
808.94	0.189
809.11	0.189
809.29	0.190
809.47	0.190
809.65	0.190
809.82	0.190
810.00	0.190
810.18	0.190
810.36	0.189
810.53	0.189
810.71	0.189
810.89	0.188
811.06	0.188
811.24	0.188
811.42	0.188
811.60	0.188
811.77	0.188
811.95	0.188
812.13	0.188
812.30	0.188
812.48	0.188
812.66	0.189
812.83	0.189
813.01	0.188
813.19	0.188
813.37	0.187
813.54	0.188
813.72	0.188
813.90	0.188
814.07	0.189
814.25	0.189
814.43	0.188
814.60	0.189
814.78	0.189
814.96	0.189
815.13	0.189
815.31	0.189
815.49	0.189
815.66	0.189
815.84	0.189
816.02	0.189
816.19	0.189
816.37	0.190
816.55	0.189
816.72	0.189
816.90	0.189
817.08	0.189
817.25	0.189
817.43	0.189
817.61	0.189
817.78	0.188
817.96	0.188
818.14	0.188
818.31	0.188
818.49	0.189
818.67	0.189
818.84	0.189
819.02	0.190
819.19	0.190
819.37	0.190
819.55	0.191
819.72	0.190
819.90	0.190
820.08	0.189
820.25	0.189
820.43	0.189
820.60	0.188
820.78	0.188
820.96	0.188
821.13	0.187
821.31	0.187
821.49	0.188
821.66	0.188
821.84	0.189
822.01	0.188
822.19	0.188
822.37	0.189
822.54	0.189
822.72	0.189
822.89	0.190
823.07	0.190
823.25	0.190
823.42	0.190
823.60	0.190
823.77	0.189
823.95	0.189
824.13	0.189
824.30	0.189
824.48	0.189
824.65	0.189
824.83	0.189
825.01	0.188
825.18	0.188
825.36	0.188
825.53	0.188
825.71	0.188
825.88	0.189
826.06	0.188
826.24	0.188
826.41	0.188
826.59	0.188
826.76	0.188
826.94	0.189
827.11	0.189
827.29	0.188
827.47	0.188
827.64	0.188
827.82	0.188
827.99	0.188
828.17	0.189
828.34	0.189
828.52	0.189
828.69	0.189
828.87	0.189
829.04	0.189
829.22	0.188
829.40	0.188
829.57	0.188
829.75	0.188
829.92	0.187
830.10	0.187
830.27	0.187
830.45	0.187
830.62	0.187
830.80	0.188
830.97	0.188
831.15	0.188
831.32	0.189
831.50	0.189
831.67	0.189
831.85	0.188
832.02	0.188
832.20	0.188
832.37	0.188
832.55	0.188
832.73	0.188
832.90	0.187
833.08	0.187
833.25	0.187
833.43	0.187
833.60	0.187
833.78	0.187
833.95	0.187
834.13	0.188
834.30	0.188
834.48	0.188
834.65	0.188
834.82	0.188
835.00	0.188
835.17	0.189
835.35	0.189
835.52	0.189
835.70	0.190
835.87	0.190
836.05	0.189
836.22	0.190
836.40	0.190
836.57	0.190
836.75	0.190
836.92	0.190
837.10	0.190
837.27	0.190
837.45	0.190
837.62	0.190
837.80	0.190
837.97	0.190
838.14	0.190
838.32	0.189
838.49	0.189
838.67	0.189
838.84	0.188
839.02	0.188
839.19	0.188
839.37	0.188
839.54	0.188
839.71	0.188
839.89	0.189
840.06	0.189
840.24	0.189
840.41	0.189
840.59	0.189
840.76	0.189
840.94	0.189
841.11	0.188
841.28	0.188
841.46	0.188
841.63	0.187
841.81	0.188
841.98	0.188
842.15	0.187
842.33	0.187
842.50	0.187
842.68	0.187
842.85	0.187
843.03	0.188
843.20	0.188
843.37	0.188
843.55	0.188
843.72	0.188
843.90	0.189
844.07	0.189
844.24	0.189
844.42	0.188
844.59	0.188
844.77	0.188
844.94	0.188
845.11	0.188
845.29	0.188
845.46	0.188
845.63	0.189
845.81	0.189
845.98	0.189
846.16	0.189
846.33	0.189
846.50	0.189
846.68	0.189
846.85	0.189
847.02	0.188
847.20	0.189
847.37	0.189
847.55	0.189
847.72	0.189
847.89	0.188
848.07	0.189
848.24	0.189
848.41	0.189
848.59	0.189
848.76	0.189
848.93	0.188
849.11	0.188
849.28	0.188
849.45	0.188
849.63	0.188
849.80	0.189
849.97	0.188
850.15	0.188
850.32	0.188
850.49	0.187
850.67	0.188
850.84	0.187
851.01	0.187
851.19	0.187
851.36	0.187
851.53	0.186
851.71	0.186
851.88	0.186
852.05	0.187
852.23	0.186
852.40	0.187
852.57	0.187
852.75	0.186
852.92	0.186
853.09	0.187
853.27	0.188
853.44	0.188
853.61	0.188
853.79	0.189
853.96	0.189
854.13	0.188
854.30	0.189
854.48	0.189
854.65	0.189
854.82	0.188
855.00	0.188
855.17	0.188
855.34	0.188
855.51	0.188
855.69	0.188
855.86	0.187
856.03	0.187
856.21	0.187
856.38	0.188
856.55	0.189
856.72	0.188
856.90	0.187
857.07	0.187
857.24	0.188
857.42	0.188
857.59	0.189
857.76	0.188
857.93	0.187
858.11	0.187
858.28	0.188
858.45	0.188
858.62	0.187
858.80	0.187
858.97	0.187
859.14	0.187
859.31	0.188
859.49	0.187
859.66	0.188
859.83	0.187
860.00	0.188
860.18	0.188
860.35	0.188
860.52	0.187
860.69	0.187
860.86	0.187
861.04	0.188
861.21	0.187
861.38	0.187
861.55	0.187
861.73	0.187
861.90	0.187
862.07	0.186
862.24	0.187
862.42	0.186
862.59	0.186
862.76	0.185
862.93	0.186
863.10	0.186
863.28	0.186
863.45	0.186
863.62	0.186
863.79	0.186
863.96	0.187
864.14	0.186
864.31	0.186
864.48	0.185
864.65	0.185
864.82	0.185
865.00	0.185
865.17	0.186
865.34	0.185
865.51	0.185
865.68	0.185
865.86	0.185
866.03	0.186
866.20	0.187
866.37	0.187
866.54	0.187
866.71	0.186
866.89	0.187
867.06	0.187
867.23	0.187
867.40	0.188
867.57	0.187
867.74	0.186
867.92	0.186
868.09	0.186
868.26	0.187
868.43	0.187
868.60	0.187
868.77	0.186
868.95	0.186
869.12	0.186
869.29	0.186
869.46	0.185
869.63	0.186
869.80	0.185
869.97	0.185
870.15	0.185
870.32	0.186
870.49	0.186
870.66	0.185
870.83	0.186
871.00	0.186
871.17	0.186
871.34	0.185
871.52	0.184
871.69	0.184
871.86	0.184
872.03	0.184
872.20	0.185
872.37	0.184
872.54	0.184
872.71	0.184
872.89	0.185
873.06	0.185
873.23	0.186
873.40	0.186
873.57	0.186
873.74	0.185
873.91	0.186
874.08	0.186
874.25	0.185
874.42	0.185
874.60	0.184
874.77	0.183
874.94	0.182
875.11	0.183
875.28	0.183
875.45	0.183
875.62	0.183
875.79	0.183
875.96	0.184
876.13	0.185
876.30	0.186
876.47	0.187
876.65	0.186
876.82	0.186
876.99	0.186
877.16	0.185
877.33	0.184
877.50	0.183
877.67	0.183
877.84	0.183
878.01	0.182
878.18	0.182
878.35	0.182
878.52	0.182
878.69	0.182
878.86	0.183
879.03	0.183
879.20	0.182
879.38	0.182
879.55	0.182
879.72	0.180
879.89	0.180
880.06	0.180
880.23	0.180
880.40	0.181
880.57	0.180
880.74	0.180
880.91	0.180
881.08	0.180
881.25	0.181
881.42	0.181
881.59	0.180
881.76	0.181
881.93	0.180
882.10	0.180
882.27	0.181
882.44	0.180
882.61	0.180
882.78	0.180
882.95	0.180
883.12	0.182
883.29	0.181
883.46	0.182
883.63	0.182
883.80	0.183
883.97	0.183
884.14	0.183
884.31	0.183
884.48	0.183
884.65	0.180
884.82	0.180
884.99	0.179
885.16	0.178
885.33	0.178
885.50	0.178
885.67	0.177
885.84	0.178
886.01	0.177
886.18	0.179
886.35	0.179
886.52	0.180
886.69	0.179
886.86	0.179
887.03	0.179
887.20	0.179
887.37	0.178
887.54	0.177
887.71	0.178
887.88	0.178
888.05	0.178
888.22	0.179
888.39	0.180
888.55	0.178
888.72	0.179
888.89	0.179
889.06	0.179
889.23	0.177
889.40	0.176
889.57	0.176
889.74	0.175
889.91	0.174
890.08	0.175
890.25	0.175
890.42	0.176
890.59	0.176
890.76	0.177
890.93	0.177
891.10	0.176
891.26	0.176
891.43	0.177
891.60	0.177
891.77	0.178
891.94	0.178
892.11	0.178
892.28	0.177
892.45	0.177
892.62	0.179
892.79	0.179
892.96	0.178
893.13	0.177
893.29	0.176
893.46	0.176
893.63	0.177
893.80	0.177
893.97	0.176
894.14	0.174
894.31	0.174
894.48	0.172
894.65	0.175
894.81	0.162
894.98	0.174
