177.34	-0.357
177.56	-0.357
177.78	-0.357
178.00	-0.000
178.22	0.033
178.44	-0.020
178.66	0.095
178.89	0.185
179.11	0.213
179.33	0.047
179.55	-0.250
179.77	-0.503
179.99	-0.944
180.21	-0.801
180.43	1.144
180.65	1.176
180.87	0.518
181.09	0.513
181.31	0.391
181.53	0.345
181.75	0.397
181.97	0.451
182.19	0.391
182.41	0.377
182.63	0.376
182.85	0.444
183.07	0.447
183.30	0.440
183.52	0.486
183.74	0.492
183.96	0.455
184.18	0.549
184.40	0.562
184.62	0.547
184.84	0.531
185.06	0.548
185.28	0.556
185.50	0.571
185.72	0.547
185.94	0.583
186.16	0.611
186.38	0.652
186.60	0.686
186.82	0.746
187.04	0.816
187.26	0.920
187.48	0.876
187.70	0.940
187.92	0.923
188.14	0.887
188.36	0.855
188.58	0.869
188.80	0.885
189.02	0.858
189.24	0.863
189.46	0.901
189.68	0.925
189.90	0.993
190.12	1.040
190.34	1.130
190.56	1.167
190.78	1.188
191.00	1.189
191.22	1.245
191.44	1.268
191.66	1.302
191.88	1.300
192.10	1.289
192.32	1.267
192.54	1.311
192.76	1.298
192.98	1.335
193.20	1.302
193.42	1.299
193.64	1.282
193.86	1.266
194.08	1.279
194.30	1.317
194.52	1.286
194.74	1.308
194.96	1.307
195.18	1.314
195.40	1.357
195.62	1.338
195.84	1.369
196.06	1.389
196.28	1.411
196.50	1.456
196.72	1.485
196.94	1.546
197.16	1.601
197.38	1.543
197.60	1.594
197.82	1.568
198.04	1.536
198.26	1.509
198.48	1.501
198.70	1.510
198.92	1.529
199.13	1.534
199.35	1.555
199.57	1.559
199.79	1.567
200.01	1.643
200.23	1.652
200.45	1.657
200.67	1.707
200.89	1.677
201.11	1.676
201.33	1.715
201.55	1.749
201.77	1.799
201.99	1.770
202.21	1.778
202.43	1.800
202.65	1.774
202.87	1.804
203.09	1.778
203.31	1.725
203.52	1.704
203.74	1.720
203.96	1.735
204.18	1.757
204.40	1.771
204.62	1.752
204.84	1.719
205.06	1.736
205.28	1.804
205.50	1.836
205.72	1.782
205.94	1.765
206.16	1.742
206.38	1.713
206.59	1.751
206.81	1.759
207.03	1.784
207.25	1.780
207.47	1.794
207.69	1.852
207.91	1.846
208.13	1.862
208.35	1.915
208.57	1.910
208.79	1.905
209.01	1.906
209.22	1.913
209.44	1.915
209.66	1.892
209.88	1.915
210.10	1.934
210.32	1.959
210.54	1.945
210.76	1.971
210.98	1.953
211.20	1.914
211.42	1.916
211.63	1.979
211.85	2.010
212.07	2.032
212.29	2.002
212.51	2.030
212.73	2.055
212.95	2.055
213.17	2.114
213.39	2.075
213.60	2.025
213.82	2.019
214.04	2.022
214.26	2.045
214.48	2.037
214.70	2.016
214.92	2.065
215.14	2.065
215.35	2.099
215.57	2.091
215.79	2.091
216.01	2.065
216.23	2.062
216.45	2.086
216.67	2.099
216.89	2.077
217.10	2.053
217.32	2.057
217.54	2.063
217.76	2.075
217.98	2.094
218.20	2.074
218.42	2.050
218.64	2.069
218.85	2.099
219.07	2.136
219.29	2.142
219.51	2.182
219.73	2.166
219.95	2.168
220.17	2.197
220.38	2.203
220.60	2.219
220.82	2.203
221.04	2.177
221.26	2.156
221.48	2.139
221.69	2.152
221.91	2.159
222.13	2.146
222.35	2.142
222.57	2.124
222.79	2.141
223.00	2.139
223.22	2.153
223.44	2.154
223.66	2.140
223.88	2.125
224.10	2.131
224.32	2.127
224.53	2.132
224.75	2.121
224.97	2.125
225.19	2.138
225.41	2.152
225.62	2.161
225.84	2.181
226.06	2.175
226.28	2.182
226.50	2.191
226.72	2.168
226.93	2.152
227.15	2.125
227.37	2.123
227.59	2.105
227.81	2.084
228.02	2.062
228.24	2.054
228.46	2.022
228.68	2.008
228.90	1.998
229.12	1.975
229.33	1.929
229.55	1.904
229.77	1.880
229.99	1.861
230.21	1.834
230.42	1.811
230.64	1.796
230.86	1.780
231.08	1.767
231.30	1.759
231.51	1.738
231.73	1.713
231.95	1.692
232.17	1.669
232.38	1.649
232.60	1.621
232.82	1.596
233.04	1.571
233.26	1.545
233.47	1.525
233.69	1.509
233.91	1.487
234.13	1.471
234.35	1.454
234.56	1.435
234.78	1.419
235.00	1.404
235.22	1.385
235.43	1.371
235.65	1.354
235.87	1.338
236.09	1.319
236.30	1.303
236.52	1.291
236.74	1.274
236.96	1.257
237.18	1.245
237.39	1.230
237.61	1.215
237.83	1.201
238.05	1.187
238.26	1.175
238.48	1.160
238.70	1.146
238.92	1.133
239.13	1.118
239.35	1.105
239.57	1.094
239.79	1.085
240.00	1.072
240.22	1.059
240.44	1.048
240.66	1.037
240.87	1.026
241.09	1.017
241.31	1.007
241.53	0.996
241.74	0.984
241.96	0.975
242.18	0.967
242.40	0.956
242.61	0.947
242.83	0.938
243.05	0.929
243.27	0.920
243.48	0.911
243.70	0.903
243.92	0.895
244.13	0.886
244.35	0.878
244.57	0.870
244.79	0.861
245.00	0.854
245.22	0.846
245.44	0.838
245.65	0.831
245.87	0.825
246.09	0.818
246.31	0.812
246.52	0.806
246.74	0.800
246.96	0.793
247.18	0.786
247.39	0.781
247.61	0.774
247.83	0.768
248.04	0.762
248.26	0.757
248.48	0.751
248.69	0.746
248.91	0.741
249.13	0.737
249.35	0.732
249.56	0.728
249.78	0.724
250.00	0.720
250.21	0.715
250.43	0.711
250.65	0.708
250.86	0.704
251.08	0.699
251.30	0.695
251.51	0.692
251.73	0.688
251.95	0.685
252.17	0.680
252.38	0.677
252.60	0.673
252.82	0.670
253.03	0.667
253.25	0.664
253.47	0.660
253.68	0.657
253.90	0.653
254.12	0.652
254.33	0.649
254.55	0.646
254.77	0.644
254.98	0.641
255.20	0.639
255.42	0.637
255.63	0.635
255.85	0.633
256.07	0.631
256.28	0.629
256.50	0.628
256.72	0.625
256.93	0.624
257.15	0.622
257.37	0.620
257.58	0.619
257.80	0.618
258.02	0.617
258.23	0.615
258.45	0.613
258.67	0.612
258.88	0.611
259.10	0.610
259.32	0.609
259.53	0.607
259.75	0.605
259.96	0.604
260.18	0.604
260.40	0.604
260.61	0.602
260.83	0.600
261.05	0.600
261.26	0.599
261.48	0.599
261.70	0.598
261.91	0.597
262.13	0.596
262.34	0.595
262.56	0.595
262.78	0.595
262.99	0.593
263.21	0.592
263.43	0.592
263.64	0.591
263.86	0.591
264.07	0.590
264.29	0.590
264.51	0.589
264.72	0.589
264.94	0.588
265.16	0.587
265.37	0.586
265.59	0.585
265.80	0.585
266.02	0.585
266.24	0.584
266.45	0.583
266.67	0.582
266.88	0.581
267.10	0.581
267.32	0.581
267.53	0.580
267.75	0.579
267.96	0.577
268.18	0.576
268.40	0.575
268.61	0.574
268.83	0.573
269.04	0.572
269.26	0.571
269.48	0.570
269.69	0.569
269.91	0.569
270.12	0.568
270.34	0.567
270.56	0.566
270.77	0.565
270.99	0.563
271.20	0.561
271.42	0.561
271.64	0.559
271.85	0.557
272.07	0.556
272.28	0.555
272.50	0.553
272.71	0.552
272.93	0.551
273.15	0.550
273.36	0.549
273.58	0.547
273.79	0.545
274.01	0.543
274.22	0.541
274.44	0.540
274.66	0.538
274.87	0.536
275.09	0.534
275.30	0.533
275.52	0.532
275.73	0.531
275.95	0.530
276.16	0.528
276.38	0.528
276.60	0.526
276.81	0.524
277.03	0.522
277.24	0.520
277.46	0.518
277.67	0.517
277.89	0.515
278.10	0.512
278.32	0.510
278.53	0.507
278.75	0.506
278.97	0.504
279.18	0.502
279.40	0.500
279.61	0.497
279.83	0.495
280.04	0.492
280.26	0.490
280.47	0.488
280.69	0.485
280.90	0.483
281.12	0.481
281.33	0.478
281.55	0.476
281.76	0.473
281.98	0.471
282.20	0.469
282.41	0.466
282.63	0.464
282.84	0.462
283.06	0.459
283.27	0.457
283.49	0.454
283.70	0.452
283.92	0.449
284.13	0.447
284.35	0.444
284.56	0.442
284.78	0.439
284.99	0.437
285.21	0.434
285.42	0.432
285.64	0.429
285.85	0.426
286.07	0.423
286.28	0.421
286.50	0.419
286.71	0.416
286.93	0.413
287.14	0.411
287.36	0.408
287.57	0.406
287.79	0.403
288.00	0.401
288.22	0.398
288.43	0.394
288.65	0.392
288.86	0.390
289.08	0.387
289.29	0.385
289.51	0.381
289.72	0.379
289.94	0.376
290.15	0.374
290.37	0.372
290.58	0.369
290.80	0.366
291.01	0.365
291.22	0.362
291.44	0.361
291.65	0.358
291.87	0.356
292.08	0.354
292.30	0.351
292.51	0.349
292.73	0.347
292.94	0.344
293.16	0.342
293.37	0.340
293.59	0.338
293.80	0.336
294.02	0.333
294.23	0.331
294.44	0.329
294.66	0.327
294.87	0.326
295.09	0.324
295.30	0.322
295.52	0.319
295.73	0.318
295.95	0.316
296.16	0.314
296.37	0.313
296.59	0.310
296.80	0.308
297.02	0.306
297.23	0.304
297.45	0.302
297.66	0.300
297.88	0.298
298.09	0.296
298.30	0.294
298.52	0.293
298.73	0.291
298.95	0.289
299.16	0.287
299.38	0.285
299.59	0.283
299.80	0.282
300.02	0.280
300.23	0.278
300.45	0.277
300.66	0.276
300.88	0.274
301.09	0.271
301.30	0.269
301.52	0.268
301.73	0.266
301.95	0.265
302.16	0.263
302.37	0.261
302.59	0.260
302.80	0.258
303.02	0.257
303.23	0.256
303.45	0.254
303.66	0.252
303.87	0.251
304.09	0.249
304.30	0.247
304.52	0.246
304.73	0.244
304.94	0.243
305.16	0.241
305.37	0.240
305.59	0.239
305.80	0.237
306.01	0.236
306.23	0.235
306.44	0.233
306.65	0.232
306.87	0.231
307.08	0.229
307.30	0.227
307.51	0.226
307.72	0.225
307.94	0.224
308.15	0.223
308.37	0.222
308.58	0.221
308.79	0.220
309.01	0.218
309.22	0.217
309.43	0.215
309.65	0.214
309.86	0.212
310.07	0.211
310.29	0.210
310.50	0.208
310.72	0.207
310.93	0.206
311.14	0.205
311.36	0.204
311.57	0.203
311.78	0.202
312.00	0.201
312.21	0.200
312.42	0.199
312.64	0.198
312.85	0.198
313.07	0.197
313.28	0.196
313.49	0.195
313.71	0.195
313.92	0.193
314.13	0.192
314.35	0.191
314.56	0.190
314.77	0.189
314.99	0.187
315.20	0.187
315.41	0.186
315.63	0.185
315.84	0.184
316.05	0.183
316.27	0.183
316.48	0.182
316.69	0.181
316.91	0.181
317.12	0.180
317.33	0.179
317.55	0.178
317.76	0.178
317.97	0.176
318.19	0.175
318.40	0.175
318.61	0.174
318.83	0.173
319.04	0.173
319.25	0.172
319.47	0.171
319.68	0.171
319.89	0.170
320.10	0.170
320.32	0.169
320.53	0.168
320.74	0.167
320.96	0.167
321.17	0.166
321.38	0.166
321.60	0.166
321.81	0.165
322.02	0.164
322.24	0.164
322.45	0.163
322.66	0.163
322.87	0.162
323.09	0.161
323.30	0.160
323.51	0.159
323.73	0.159
323.94	0.158
324.15	0.158
324.36	0.158
324.58	0.158
324.79	0.157
325.00	0.157
325.22	0.156
325.43	0.156
325.64	0.155
325.85	0.155
326.07	0.154
326.28	0.153
326.49	0.153
326.71	0.152
326.92	0.151
327.13	0.151
327.34	0.151
327.56	0.150
327.77	0.149
327.98	0.149
328.19	0.148
328.41	0.147
328.62	0.147
328.83	0.147
329.04	0.146
329.26	0.145
329.47	0.145
329.68	0.145
329.90	0.144
330.11	0.144
330.32	0.144
330.53	0.144
330.75	0.143
330.96	0.142
331.17	0.143
331.38	0.143
331.60	0.142
331.81	0.142
332.02	0.141
332.23	0.141
332.44	0.141
332.66	0.141
332.87	0.141
333.08	0.140
333.29	0.139
333.51	0.139
333.72	0.139
333.93	0.139
334.14	0.138
334.36	0.138
334.57	0.137
334.78	0.137
334.99	0.136
335.21	0.136
335.42	0.136
335.63	0.135
335.84	0.135
336.05	0.135
336.27	0.134
336.48	0.134
336.69	0.134
336.90	0.135
337.11	0.134
337.33	0.134
337.54	0.134
337.75	0.133
337.96	0.133
338.18	0.133
338.39	0.132
338.60	0.132
338.81	0.131
339.02	0.131
339.24	0.131
339.45	0.131
339.66	0.131
339.87	0.130
340.08	0.130
340.30	0.130
340.51	0.130
340.72	0.129
340.93	0.129
341.14	0.129
341.36	0.129
341.57	0.129
341.78	0.128
341.99	0.129
342.20	0.128
342.41	0.128
342.63	0.128
342.84	0.127
343.05	0.127
343.26	0.127
343.47	0.126
343.69	0.126
343.90	0.126
344.11	0.125
344.32	0.125
344.53	0.124
344.74	0.124
344.96	0.124
345.17	0.123
345.38	0.123
345.59	0.122
345.80	0.122
346.01	0.121
346.23	0.121
346.44	0.120
346.65	0.120
346.86	0.120
347.07	0.119
347.28	0.119
347.50	0.119
347.71	0.119
347.92	0.119
348.13	0.119
348.34	0.119
348.55	0.119
348.76	0.119
348.98	0.119
349.19	0.118
349.40	0.119
349.61	0.118
349.82	0.118
350.03	0.118
350.24	0.117
350.46	0.117
350.67	0.116
350.88	0.117
351.09	0.117
351.30	0.117
351.51	0.116
351.72	0.116
351.93	0.116
352.15	0.117
352.36	0.116
352.57	0.117
352.78	0.116
352.99	0.116
353.20	0.116
353.41	0.116
353.62	0.116
353.84	0.116
354.05	0.116
354.26	0.116
354.47	0.116
354.68	0.116
354.89	0.116
355.10	0.116
355.31	0.116
355.52	0.116
355.74	0.115
355.95	0.115
356.16	0.114
356.37	0.114
356.58	0.113
356.79	0.113
357.00	0.112
357.21	0.111
357.42	0.111
357.63	0.111
357.85	0.111
358.06	0.111
358.27	0.111
358.48	0.111
358.69	0.111
358.90	0.111
359.11	0.111
359.32	0.111
359.53	0.111
359.74	0.110
359.95	0.110
360.17	0.109
360.38	0.109
360.59	0.108
360.80	0.108
361.01	0.108
361.22	0.108
361.43	0.107
361.64	0.107
361.85	0.107
362.06	0.107
362.27	0.106
362.48	0.106
362.69	0.106
362.90	0.106
363.12	0.106
363.33	0.105
363.54	0.106
363.75	0.106
363.96	0.105
364.17	0.105
364.38	0.106
364.59	0.106
364.80	0.106
365.01	0.106
365.22	0.106
365.43	0.105
365.64	0.105
365.85	0.105
366.06	0.104
366.27	0.104
366.48	0.103
366.69	0.103
366.90	0.103
367.11	0.104
367.32	0.104
367.54	0.104
367.75	0.104
367.96	0.104
368.17	0.104
368.38	0.103
368.59	0.103
368.80	0.103
369.01	0.102
369.22	0.102
369.43	0.102
369.64	0.101
369.85	0.101
370.06	0.101
370.27	0.101
370.48	0.101
370.69	0.101
370.90	0.101
371.11	0.100
371.32	0.100
371.53	0.100
371.74	0.100
371.95	0.099
372.16	0.099
372.37	0.099
372.58	0.099
372.79	0.099
373.00	0.098
373.21	0.098
373.42	0.099
373.63	0.099
373.84	0.099
374.05	0.098
374.26	0.098
374.47	0.099
374.68	0.098
374.89	0.099
375.10	0.099
375.31	0.099
375.52	0.098
375.73	0.099
375.94	0.099
376.15	0.098
376.36	0.098
376.57	0.098
376.78	0.097
376.99	0.098
377.20	0.097
377.41	0.097
377.62	0.096
377.83	0.096
378.04	0.096
378.25	0.096
378.46	0.096
378.67	0.096
378.88	0.096
379.09	0.096
379.30	0.096
379.51	0.096
379.72	0.096
379.92	0.096
380.13	0.096
380.34	0.096
380.55	0.096
380.76	0.096
380.97	0.095
381.18	0.095
381.39	0.095
381.60	0.095
381.81	0.095
382.02	0.095
382.23	0.094
382.44	0.095
382.65	0.094
382.86	0.094
383.07	0.093
383.28	0.094
383.49	0.093
383.70	0.093
383.91	0.093
384.11	0.094
384.32	0.093
384.53	0.093
384.74	0.094
384.95	0.094
385.16	0.093
385.37	0.094
385.58	0.094
385.79	0.094
386.00	0.093
386.21	0.093
386.42	0.093
386.63	0.093
386.84	0.093
387.04	0.093
387.25	0.093
387.46	0.093
387.67	0.093
387.88	0.093
388.09	0.093
388.30	0.093
388.51	0.093
388.72	0.092
388.93	0.092
389.14	0.092
389.34	0.093
389.55	0.092
389.76	0.092
389.97	0.092
390.18	0.092
390.39	0.092
390.60	0.092
390.81	0.091
391.02	0.091
391.23	0.091
391.43	0.091
391.64	0.091
391.85	0.091
392.06	0.090
392.27	0.090
392.48	0.090
392.69	0.090
392.90	0.090
393.11	0.090
393.31	0.090
393.52	0.089
393.73	0.089
393.94	0.089
394.15	0.089
394.36	0.089
394.57	0.089
394.78	0.089
394.98	0.089
395.19	0.089
395.40	0.088
395.61	0.088
395.82	0.088
396.03	0.089
396.24	0.089
396.44	0.088
396.65	0.088
396.86	0.089
397.07	0.088
397.28	0.089
397.49	0.089
397.70	0.088
397.90	0.088
398.11	0.087
398.32	0.087
398.53	0.087
398.74	0.087
398.95	0.088
399.16	0.088
399.36	0.087
399.57	0.087
399.78	0.088
399.99	0.088
400.20	0.088
400.41	0.088
400.61	0.087
400.82	0.087
401.03	0.086
401.24	0.087
401.45	0.086
401.66	0.087
401.86	0.087
402.07	0.086
402.28	0.086
402.49	0.086
402.70	0.086
402.91	0.087
403.11	0.087
403.32	0.087
403.53	0.087
403.74	0.087
403.95	0.087
404.15	0.087
404.36	0.088
404.57	0.087
404.78	0.087
404.99	0.087
405.20	0.087
405.40	0.086
405.61	0.086
405.82	0.086
406.03	0.086
406.24	0.085
406.44	0.085
406.65	0.086
406.86	0.086
407.07	0.085
407.28	0.086
407.48	0.087
407.69	0.087
407.90	0.087
408.11	0.087
408.32	0.087
408.52	0.086
408.73	0.086
408.94	0.085
409.15	0.085
409.35	0.086
409.56	0.086
409.77	0.086
409.98	0.085
410.19	0.086
410.39	0.086
410.60	0.086
410.81	0.087
411.02	0.086
411.22	0.086
411.43	0.086
411.64	0.085
411.85	0.086
412.05	0.086
412.26	0.086
412.47	0.086
412.68	0.086
412.89	0.086
413.09	0.087
413.30	0.086
413.51	0.086
413.72	0.085
413.92	0.086
414.13	0.086
414.34	0.086
414.55	0.085
414.75	0.085
414.96	0.085
415.17	0.085
415.38	0.085
415.58	0.085
415.79	0.085
416.00	0.085
416.21	0.084
416.41	0.084
416.62	0.084
416.83	0.084
417.03	0.084
417.24	0.084
417.45	0.084
417.66	0.083
417.86	0.083
418.07	0.083
418.28	0.084
418.49	0.083
418.69	0.084
418.90	0.084
419.11	0.085
419.31	0.084
419.52	0.085
419.73	0.085
419.94	0.086
420.14	0.086
420.35	0.086
420.56	0.085
420.76	0.085
420.97	0.085
421.18	0.085
421.39	0.085
421.59	0.085
421.80	0.084
422.01	0.084
422.21	0.084
422.42	0.084
422.63	0.084
422.84	0.084
423.04	0.084
423.25	0.084
423.46	0.084
423.66	0.085
423.87	0.085
424.08	0.086
424.28	0.086
424.49	0.086
424.70	0.086
424.90	0.086
425.11	0.086
425.32	0.086
425.52	0.086
425.73	0.085
425.94	0.085
426.15	0.085
426.35	0.085
426.56	0.085
426.77	0.085
426.97	0.085
427.18	0.084
427.39	0.084
427.59	0.084
427.80	0.085
428.01	0.085
428.21	0.085
428.42	0.085
428.63	0.085
428.83	0.086
429.04	0.086
429.25	0.085
429.45	0.085
429.66	0.084
429.87	0.084
430.07	0.084
430.28	0.084
430.48	0.083
430.69	0.083
430.90	0.083
431.10	0.083
431.31	0.083
431.52	0.084
431.72	0.084
431.93	0.084
432.14	0.084
432.34	0.085
432.55	0.085
432.76	0.086
432.96	0.085
433.17	0.084
433.37	0.084
433.58	0.084
433.79	0.083
433.99	0.083
434.20	0.082
434.41	0.082
434.61	0.081
434.82	0.081
435.02	0.081
435.23	0.081
435.44	0.081
435.64	0.082
435.85	0.082
436.06	0.082
436.26	0.082
436.47	0.082
436.67	0.082
436.88	0.082
437.09	0.083
437.29	0.083
437.50	0.083
437.70	0.084
437.91	0.083
438.12	0.083
438.32	0.084
438.53	0.084
438.73	0.084
438.94	0.082
439.15	0.083
439.35	0.082
439.56	0.082
439.76	0.082
439.97	0.082
440.18	0.082
440.38	0.081
440.59	0.082
440.79	0.082
441.00	0.082
441.20	0.083
441.41	0.083
441.62	0.083
441.82	0.083
442.03	0.083
442.23	0.083
442.44	0.083
442.65	0.083
442.85	0.083
443.06	0.083
443.26	0.083
443.47	0.083
443.67	0.082
443.88	0.083
444.09	0.083
444.29	0.083
444.50	0.083
444.70	0.083
444.91	0.083
445.11	0.083
445.32	0.083
445.52	0.082
445.73	0.082
445.94	0.082
446.14	0.082
446.35	0.082
446.55	0.082
446.76	0.082
446.96	0.082
447.17	0.082
447.37	0.082
447.58	0.082
447.78	0.083
447.99	0.082
448.20	0.083
448.40	0.083
448.61	0.083
448.81	0.083
449.02	0.083
449.22	0.084
449.43	0.084
449.63	0.083
449.84	0.084
450.04	0.084
450.25	0.084
450.45	0.083
450.66	0.084
450.86	0.083
451.07	0.083
451.27	0.083
451.48	0.083
451.68	0.084
451.89	0.083
452.09	0.083
452.30	0.083
452.50	0.083
452.71	0.084
452.91	0.083
453.12	0.083
453.33	0.083
453.53	0.082
453.74	0.082
453.94	0.082
454.15	0.082
454.35	0.082
454.56	0.081
454.76	0.080
454.96	0.080
455.17	0.080
455.37	0.080
455.58	0.080
455.78	0.081
455.99	0.081
456.19	0.081
456.40	0.081
456.60	0.082
456.81	0.082
457.01	0.082
457.22	0.081
457.42	0.081
457.63	0.082
457.83	0.081
458.04	0.081
458.24	0.081
458.45	0.082
458.65	0.082
458.86	0.082
459.06	0.083
459.27	0.083
459.47	0.082
459.67	0.083
459.88	0.082
460.08	0.082
460.29	0.082
460.49	0.081
460.70	0.082
460.90	0.082
461.11	0.082
461.31	0.082
461.52	0.081
461.72	0.081
461.92	0.082
462.13	0.082
462.33	0.082
462.54	0.082
462.74	0.082
462.95	0.082
463.15	0.082
463.36	0.083
463.56	0.083
463.76	0.083
463.97	0.083
464.17	0.083
464.38	0.083
464.58	0.083
464.79	0.082
464.99	0.082
465.19	0.082
465.40	0.081
465.60	0.081
465.81	0.081
466.01	0.082
466.22	0.082
466.42	0.081
466.62	0.082
466.83	0.081
467.03	0.082
467.24	0.082
467.44	0.082
467.65	0.082
467.85	0.081
468.05	0.080
468.26	0.080
468.46	0.080
468.67	0.080
468.87	0.079
469.07	0.079
469.28	0.079
469.48	0.079
469.69	0.080
469.89	0.080
470.09	0.080
470.30	0.080
470.50	0.081
470.71	0.081
470.91	0.081
471.11	0.081
471.32	0.080
471.52	0.080
471.72	0.080
471.93	0.080
472.13	0.080
472.34	0.080
472.54	0.079
472.74	0.079
472.95	0.079
473.15	0.079
473.35	0.079
473.56	0.079
473.76	0.079
473.97	0.079
474.17	0.079
474.37	0.080
474.58	0.079
474.78	0.079
474.98	0.079
475.19	0.079
475.39	0.079
475.60	0.079
475.80	0.079
476.00	0.078
476.21	0.078
476.41	0.079
476.61	0.079
476.82	0.079
477.02	0.079
477.22	0.079
477.43	0.079
477.63	0.080
477.83	0.080
478.04	0.080
478.24	0.079
478.44	0.080
478.65	0.080
478.85	0.080
479.05	0.080
479.26	0.080
479.46	0.080
479.66	0.080
479.87	0.079
480.07	0.080
480.27	0.079
480.48	0.079
480.68	0.079
480.88	0.079
481.09	0.079
481.29	0.078
481.49	0.079
481.70	0.079
481.90	0.079
482.10	0.079
482.31	0.078
482.51	0.078
482.71	0.078
482.92	0.078
483.12	0.078
483.32	0.078
483.52	0.077
483.73	0.077
483.93	0.077
484.13	0.078
484.34	0.077
484.54	0.077
484.74	0.078
484.95	0.078
485.15	0.078
485.35	0.078
485.55	0.079
485.76	0.079
485.96	0.079
486.16	0.079
486.37	0.079
486.57	0.079
486.77	0.079
486.97	0.079
487.18	0.079
487.38	0.079
487.58	0.079
487.79	0.078
487.99	0.078
488.19	0.077
488.39	0.077
488.60	0.078
488.80	0.077
489.00	0.077
489.20	0.077
489.41	0.077
489.61	0.077
489.81	0.077
490.02	0.078
490.22	0.078
490.42	0.077
490.62	0.078
490.83	0.078
491.03	0.079
491.23	0.079
491.43	0.079
491.64	0.079
491.84	0.080
492.04	0.079
492.24	0.079
492.45	0.078
492.65	0.078
492.85	0.078
493.05	0.078
493.26	0.078
493.46	0.078
493.66	0.077
493.86	0.077
494.07	0.078
494.27	0.078
494.47	0.078
494.67	0.078
494.87	0.078
495.08	0.077
495.28	0.077
495.48	0.077
495.68	0.077
495.89	0.077
496.09	0.077
496.29	0.077
496.49	0.077
496.69	0.077
496.90	0.077
497.10	0.078
497.30	0.079
497.50	0.078
497.71	0.079
497.91	0.078
498.11	0.078
498.31	0.078
498.51	0.078
498.72	0.078
498.92	0.077
499.12	0.077
499.32	0.077
499.52	0.077
499.73	0.077
499.93	0.078
500.13	0.078
500.33	0.077
500.53	0.077
500.74	0.077
500.94	0.076
501.14	0.077
501.34	0.077
501.54	0.077
501.74	0.076
501.95	0.077
502.15	0.077
502.35	0.077
502.55	0.078
502.75	0.078
502.96	0.077
503.16	0.077
503.36	0.077
503.56	0.077
503.76	0.077
503.96	0.077
504.17	0.076
504.37	0.076
504.57	0.076
504.77	0.075
504.97	0.075
505.17	0.075
505.38	0.075
505.58	0.075
505.78	0.075
505.98	0.076
506.18	0.076
506.38	0.076
506.58	0.076
506.79	0.076
506.99	0.076
507.19	0.075
507.39	0.075
507.59	0.075
507.79	0.075
507.99	0.075
508.20	0.076
508.40	0.076
508.60	0.076
508.80	0.077
509.00	0.077
509.20	0.077
509.40	0.077
509.61	0.077
509.81	0.078
510.01	0.077
510.21	0.077
510.41	0.076
510.61	0.077
510.81	0.076
511.01	0.076
511.22	0.076
511.42	0.076
511.62	0.076
511.82	0.076
512.02	0.076
512.22	0.076
512.42	0.075
512.62	0.076
512.82	0.076
513.03	0.076
513.23	0.075
513.43	0.075
513.63	0.075
513.83	0.075
514.03	0.075
514.23	0.075
514.43	0.075
514.63	0.075
514.83	0.075
515.04	0.076
515.24	0.076
515.44	0.076
515.64	0.076
515.84	0.076
516.04	0.076
516.24	0.076
516.44	0.075
516.64	0.075
516.84	0.075
517.04	0.075
517.24	0.075
517.45	0.076
517.65	0.076
517.85	0.075
518.05	0.075
518.25	0.076
518.45	0.075
518.65	0.076
518.85	0.075
519.05	0.075
519.25	0.074
519.45	0.074
519.65	0.075
519.85	0.075
520.05	0.075
520.25	0.076
520.46	0.075
520.66	0.075
520.86	0.075
521.06	0.076
521.26	0.075
521.46	0.075
521.66	0.075
521.86	0.075
522.06	0.074
522.26	0.074
522.46	0.074
522.66	0.074
522.86	0.074
523.06	0.074
523.26	0.074
523.46	0.074
523.66	0.074
523.86	0.074
524.06	0.074
524.26	0.074
524.46	0.074
524.66	0.074
524.86	0.074
525.06	0.073
525.26	0.073
525.46	0.073
525.66	0.074
525.87	0.073
526.07	0.073
526.27	0.072
526.47	0.072
526.67	0.073
526.87	0.073
527.07	0.073
527.27	0.073
527.47	0.073
527.67	0.073
527.87	0.074
528.07	0.074
528.27	0.074
528.47	0.074
528.67	0.074
528.87	0.074
529.07	0.074
529.27	0.074
529.47	0.074
529.67	0.074
529.87	0.074
530.07	0.075
530.27	0.074
530.47	0.073
530.67	0.074
530.87	0.073
531.06	0.073
531.26	0.073
531.46	0.072
531.66	0.072
531.86	0.072
532.06	0.072
532.26	0.072
532.46	0.072
532.66	0.072
532.86	0.072
533.06	0.072
533.26	0.072
533.46	0.072
533.66	0.072
533.86	0.072
534.06	0.072
534.26	0.073
534.46	0.072
534.66	0.072
534.86	0.072
535.06	0.072
535.26	0.072
535.46	0.072
535.66	0.073
535.86	0.072
536.06	0.072
536.26	0.072
536.45	0.072
536.65	0.072
536.85	0.072
537.05	0.072
537.25	0.072
537.45	0.072
537.65	0.071
537.85	0.072
538.05	0.071
538.25	0.072
538.45	0.072
538.65	0.072
538.85	0.072
539.05	0.072
539.25	0.072
539.44	0.072
539.64	0.072
539.84	0.073
540.04	0.072
540.24	0.072
540.44	0.073
540.64	0.073
540.84	0.073
541.04	0.072
541.24	0.072
541.44	0.072
541.64	0.071
541.83	0.071
542.03	0.071
542.23	0.072
542.43	0.071
542.63	0.071
542.83	0.072
543.03	0.072
543.23	0.072
543.43	0.072
543.63	0.072
543.82	0.071
544.02	0.071
544.22	0.071
544.42	0.071
544.62	0.071
544.82	0.070
545.02	0.070
545.22	0.069
545.42	0.070
545.61	0.070
545.81	0.070
546.01	0.069
546.21	0.069
546.41	0.069
546.61	0.070
546.81	0.071
547.01	0.071
547.20	0.072
547.40	0.072
547.60	0.072
547.80	0.071
548.00	0.072
548.20	0.072
548.40	0.071
548.59	0.070
548.79	0.070
548.99	0.069
549.19	0.069
549.39	0.069
549.59	0.069
549.79	0.069
549.98	0.069
550.18	0.070
550.38	0.070
550.58	0.070
550.78	0.070
550.98	0.071
551.17	0.071
551.37	0.071
551.57	0.072
551.77	0.071
551.97	0.071
552.17	0.072
552.36	0.072
552.56	0.072
552.76	0.072
552.96	0.072
553.16	0.072
553.36	0.072
553.55	0.072
553.75	0.072
553.95	0.071
554.15	0.071
554.35	0.071
554.55	0.071
554.74	0.070
554.94	0.070
555.14	0.070
555.34	0.070
555.54	0.070
555.73	0.070
555.93	0.070
556.13	0.070
556.33	0.070
556.53	0.070
556.72	0.070
556.92	0.070
557.12	0.071
557.32	0.071
557.52	0.071
557.71	0.071
557.91	0.070
558.11	0.071
558.31	0.071
558.51	0.071
558.70	0.072
558.90	0.071
559.10	0.071
559.30	0.071
559.49	0.072
559.69	0.072
559.89	0.072
560.09	0.071
560.29	0.071
560.48	0.071
560.68	0.071
560.88	0.071
561.08	0.071
561.27	0.071
561.47	0.071
561.67	0.071
561.87	0.071
562.06	0.072
562.26	0.072
562.46	0.072
562.66	0.071
562.86	0.071
563.05	0.071
563.25	0.072
563.45	0.072
563.65	0.071
563.84	0.070
564.04	0.070
564.24	0.070
564.44	0.070
564.63	0.070
564.83	0.070
565.03	0.069
565.22	0.069
565.42	0.070
565.62	0.070
565.82	0.070
566.01	0.070
566.21	0.070
566.41	0.070
566.61	0.070
566.80	0.070
567.00	0.070
567.20	0.070
567.40	0.069
567.59	0.070
567.79	0.070
567.99	0.069
568.18	0.069
568.38	0.070
568.58	0.070
568.78	0.070
568.97	0.070
569.17	0.070
569.37	0.071
569.56	0.071
569.76	0.071
569.96	0.071
570.16	0.072
570.35	0.072
570.55	0.072
570.75	0.072
570.94	0.072
571.14	0.072
571.34	0.072
571.53	0.072
571.73	0.072
571.93	0.071
572.12	0.071
572.32	0.071
572.52	0.071
572.72	0.072
572.91	0.072
573.11	0.072
573.31	0.072
573.50	0.072
573.70	0.072
573.90	0.072
574.09	0.073
574.29	0.072
574.49	0.071
574.68	0.071
574.88	0.072
575.08	0.071
575.27	0.071
575.47	0.071
575.67	0.071
575.86	0.071
576.06	0.071
576.26	0.071
576.45	0.072
576.65	0.071
576.85	0.071
577.04	0.071
577.24	0.071
577.44	0.071
577.63	0.071
577.83	0.071
578.02	0.072
578.22	0.071
578.42	0.071
578.61	0.071
578.81	0.071
579.01	0.072
579.20	0.072
579.40	0.071
579.60	0.071
579.79	0.071
579.99	0.071
580.19	0.071
580.38	0.071
580.58	0.071
580.77	0.071
580.97	0.071
581.17	0.071
581.36	0.071
581.56	0.071
581.75	0.071
581.95	0.071
582.15	0.071
582.34	0.071
582.54	0.071
582.74	0.071
582.93	0.071
583.13	0.071
583.32	0.071
583.52	0.071
583.72	0.072
583.91	0.071
584.11	0.071
584.30	0.071
584.50	0.071
584.70	0.071
584.89	0.071
585.09	0.071
585.28	0.071
585.48	0.070
585.68	0.070
585.87	0.070
586.07	0.070
586.26	0.070
586.46	0.070
586.66	0.071
586.85	0.070
587.05	0.071
587.24	0.071
587.44	0.071
587.63	0.070
587.83	0.070
588.03	0.070
588.22	0.070
588.42	0.069
588.61	0.070
588.81	0.070
589.00	0.070
589.20	0.070
589.40	0.070
589.59	0.070
589.79	0.070
589.98	0.070
590.18	0.070
590.37	0.069
590.57	0.069
590.76	0.069
590.96	0.069
591.16	0.069
591.35	0.070
591.55	0.070
591.74	0.070
591.94	0.070
592.13	0.070
592.33	0.070
592.52	0.070
592.72	0.070
592.91	0.070
593.11	0.070
593.30	0.070
593.50	0.069
593.70	0.069
593.89	0.069
594.09	0.070
594.28	0.069
594.48	0.069
594.67	0.069
594.87	0.069
595.06	0.069
595.26	0.068
595.45	0.069
595.65	0.068
595.84	0.068
596.04	0.068
596.23	0.068
596.43	0.069
596.62	0.069
596.82	0.069
597.01	0.070
597.21	0.070
597.40	0.069
597.60	0.069
597.79	0.069
597.99	0.070
598.18	0.070
598.38	0.070
598.57	0.070
598.77	0.070
598.96	0.070
599.16	0.070
599.35	0.070
599.55	0.070
599.74	0.070
599.94	0.070
600.13	0.070
600.33	0.069
600.52	0.069
600.72	0.069
600.91	0.069
601.11	0.069
601.30	0.069
601.50	0.069
601.69	0.069
601.89	0.069
602.08	0.069
602.27	0.069
602.47	0.069
602.66	0.069
602.86	0.069
603.05	0.069
603.25	0.069
603.44	0.069
603.64	0.069
603.83	0.069
604.03	0.069
604.22	0.069
604.41	0.069
604.61	0.069
604.80	0.069
605.00	0.069
605.19	0.069
605.39	0.069
605.58	0.069
605.78	0.070
605.97	0.070
606.16	0.069
606.36	0.070
606.55	0.070
606.75	0.070
606.94	0.069
607.14	0.069
607.33	0.069
607.52	0.068
607.72	0.068
607.91	0.069
608.11	0.068
608.30	0.068
608.50	0.067
608.69	0.067
608.88	0.067
609.08	0.067
609.27	0.067
609.47	0.067
609.66	0.067
609.85	0.067
610.05	0.067
610.24	0.067
610.44	0.067
610.63	0.067
610.83	0.067
611.02	0.067
611.21	0.067
611.41	0.067
611.60	0.068
611.80	0.067
611.99	0.068
612.18	0.068
612.38	0.068
612.57	0.068
612.76	0.068
612.96	0.068
613.15	0.068
613.35	0.068
613.54	0.068
613.73	0.068
613.93	0.068
614.12	0.069
614.32	0.068
614.51	0.068
614.70	0.068
614.90	0.068
615.09	0.068
615.28	0.067
615.48	0.067
615.67	0.067
615.86	0.067
616.06	0.067
616.25	0.067
616.45	0.067
616.64	0.067
616.83	0.067
617.03	0.067
617.22	0.067
617.41	0.067
617.61	0.067
617.80	0.067
617.99	0.067
618.19	0.067
618.38	0.067
618.57	0.067
618.77	0.067
618.96	0.067
619.15	0.067
619.35	0.067
619.54	0.067
619.73	0.067
619.93	0.066
620.12	0.066
620.31	0.067
620.51	0.066
620.70	0.066
620.89	0.066
621.09	0.066
621.28	0.066
621.47	0.066
621.67	0.067
621.86	0.067
622.05	0.067
622.25	0.066
622.44	0.066
622.63	0.066
622.83	0.066
623.02	0.066
623.21	0.065
623.41	0.065
623.60	0.065
623.79	0.066
623.98	0.066
624.18	0.066
624.37	0.066
624.56	0.066
624.76	0.066
624.95	0.065
625.14	0.065
625.33	0.065
625.53	0.065
625.72	0.065
625.91	0.065
626.11	0.065
626.30	0.065
626.49	0.065
626.68	0.066
626.88	0.066
627.07	0.066
627.26	0.066
627.46	0.066
627.65	0.065
627.84	0.066
628.03	0.065
628.23	0.066
628.42	0.065
628.61	0.065
628.80	0.065
629.00	0.065
629.19	0.066
629.38	0.066
629.58	0.065
629.77	0.066
629.96	0.066
630.15	0.065
630.35	0.065
630.54	0.065
630.73	0.065
630.92	0.065
631.12	0.064
631.31	0.065
631.50	0.064
631.69	0.065
631.89	0.065
632.08	0.065
632.27	0.065
632.46	0.065
632.65	0.065
632.85	0.065
633.04	0.065
633.23	0.065
633.42	0.065
633.62	0.065
633.81	0.065
634.00	0.064
634.19	0.064
634.39	0.064
634.58	0.064
634.77	0.064
634.96	0.064
635.15	0.065
635.35	0.064
635.54	0.064
635.73	0.064
635.92	0.065
636.11	0.064
636.31	0.065
636.50	0.064
636.69	0.064
636.88	0.064
637.07	0.064
637.27	0.064
637.46	0.063
637.65	0.063
637.84	0.064
638.03	0.064
638.23	0.064
638.42	0.064
638.61	0.064
638.80	0.064
638.99	0.064
639.19	0.065
639.38	0.065
639.57	0.065
639.76	0.064
639.95	0.064
640.14	0.064
640.34	0.064
640.53	0.064
640.72	0.064
640.91	0.063
641.10	0.063
641.30	0.063
641.49	0.063
641.68	0.063
641.87	0.063
642.06	0.063
642.25	0.063
642.44	0.063
642.64	0.063
642.83	0.063
643.02	0.063
643.21	0.063
643.40	0.063
643.59	0.063
643.79	0.063
643.98	0.063
644.17	0.064
644.36	0.063
644.55	0.063
644.74	0.064
644.93	0.064
645.13	0.063
645.32	0.064
645.51	0.064
645.70	0.064
645.89	0.063
646.08	0.064
646.27	0.064
646.46	0.063
646.66	0.064
646.85	0.065
647.04	0.064
647.23	0.065
647.42	0.065
647.61	0.065
647.80	0.066
647.99	0.065
648.19	0.066
648.38	0.065
648.57	0.065
648.76	0.065
648.95	0.065
649.14	0.064
649.33	0.064
649.52	0.064
649.71	0.064
649.91	0.064
650.10	0.064
650.29	0.064
650.48	0.064
650.67	0.064
650.86	0.064
651.05	0.064
651.24	0.064
651.43	0.064
651.62	0.064
651.81	0.064
652.01	0.064
652.20	0.064
652.39	0.064
652.58	0.063
652.77	0.063
652.96	0.063
653.15	0.063
653.34	0.062
653.53	0.062
653.72	0.063
653.91	0.063
654.10	0.064
654.29	0.064
654.48	0.065
654.68	0.066
654.87	0.066
655.06	0.066
655.25	0.066
655.44	0.067
655.63	0.067
655.82	0.066
656.01	0.066
656.20	0.065
656.39	0.065
656.58	0.065
656.77	0.065
656.96	0.065
657.15	0.065
657.34	0.065
657.53	0.065
657.72	0.065
657.91	0.065
658.10	0.065
658.29	0.064
658.48	0.064
658.68	0.064
658.87	0.064
659.06	0.063
659.25	0.063
659.44	0.063
659.63	0.063
659.82	0.064
660.01	0.063
660.20	0.064
660.39	0.064
660.58	0.064
660.77	0.064
660.96	0.064
661.15	0.064
661.34	0.064
661.53	0.064
661.72	0.064
661.91	0.064
662.10	0.064
662.29	0.064
662.48	0.064
662.67	0.064
662.86	0.064
663.05	0.064
663.24	0.064
663.43	0.064
663.62	0.064
663.81	0.064
664.00	0.064
664.19	0.064
664.38	0.064
664.57	0.064
664.76	0.064
664.95	0.064
665.14	0.064
665.33	0.064
665.52	0.064
665.71	0.064
665.90	0.064
666.09	0.064
666.28	0.064
666.46	0.064
666.65	0.063
666.84	0.063
667.03	0.063
667.22	0.063
667.41	0.063
667.60	0.063
667.79	0.063
667.98	0.064
668.17	0.064
668.36	0.064
668.55	0.064
668.74	0.064
668.93	0.064
669.12	0.063
669.31	0.064
669.50	0.064
669.69	0.064
669.88	0.063
670.07	0.064
670.26	0.064
670.44	0.064
670.63	0.064
670.82	0.064
671.01	0.064
671.20	0.064
671.39	0.064
671.58	0.064
671.77	0.063
671.96	0.064
672.15	0.064
672.34	0.063
672.53	0.064
672.72	0.064
672.91	0.064
673.09	0.064
673.28	0.065
673.47	0.064
673.66	0.064
673.85	0.064
674.04	0.064
674.23	0.065
674.42	0.065
674.61	0.065
674.80	0.065
674.98	0.065
675.17	0.065
675.36	0.064
675.55	0.064
675.74	0.064
675.93	0.064
676.12	0.063
676.31	0.064
676.50	0.063
676.69	0.063
676.87	0.063
677.06	0.063
677.25	0.063
677.44	0.063
677.63	0.063
677.82	0.063
678.01	0.063
678.20	0.063
678.38	0.063
678.57	0.063
678.76	0.063
678.95	0.064
679.14	0.064
679.33	0.063
679.52	0.063
679.71	0.064
679.89	0.064
680.08	0.064
680.27	0.064
680.46	0.063
680.65	0.063
680.84	0.063
681.02	0.063
681.21	0.064
681.40	0.063
681.59	0.063
681.78	0.064
681.97	0.064
682.16	0.064
682.34	0.064
682.53	0.064
682.72	0.065
682.91	0.064
683.10	0.065
683.29	0.065
683.47	0.065
683.66	0.065
683.85	0.065
684.04	0.065
684.23	0.065
684.42	0.065
684.60	0.064
684.79	0.064
684.98	0.064
685.17	0.064
685.36	0.064
685.54	0.063
685.73	0.063
685.92	0.063
686.11	0.063
686.30	0.064
686.49	0.064
686.67	0.064
686.86	0.065
687.05	0.065
687.24	0.065
687.43	0.065
687.61	0.065
687.80	0.065
687.99	0.065
688.18	0.064
688.36	0.064
688.55	0.063
688.74	0.063
688.93	0.064
689.12	0.064
689.30	0.064
689.49	0.064
689.68	0.064
689.87	0.064
690.06	0.064
690.24	0.064
690.43	0.064
690.62	0.064
690.81	0.063
690.99	0.063
691.18	0.063
691.37	0.063
691.56	0.063
691.74	0.063
691.93	0.063
692.12	0.063
692.31	0.063
692.50	0.063
692.68	0.064
692.87	0.064
693.06	0.064
693.25	0.064
693.43	0.065
693.62	0.064
693.81	0.064
694.00	0.064
694.18	0.064
694.37	0.064
694.56	0.064
694.74	0.063
694.93	0.063
695.12	0.063
695.31	0.063
695.49	0.064
695.68	0.064
695.87	0.063
696.06	0.064
696.24	0.064
696.43	0.064
696.62	0.064
696.80	0.064
696.99	0.064
697.18	0.064
697.37	0.064
697.55	0.065
697.74	0.064
697.93	0.063
698.12	0.063
698.30	0.063
698.49	0.063
698.68	0.063
698.86	0.063
699.05	0.063
699.24	0.063
699.42	0.063
699.61	0.064
699.80	0.063
699.99	0.064
700.17	0.063
700.36	0.063
700.55	0.063
700.73	0.063
700.92	0.063
701.11	0.063
701.29	0.064
701.48	0.064
701.67	0.064
701.85	0.064
702.04	0.065
702.23	0.064
702.41	0.064
702.60	0.064
702.79	0.064
702.97	0.064
703.16	0.064
703.35	0.063
703.53	0.063
703.72	0.063
703.91	0.063
704.09	0.063
704.28	0.063
704.47	0.063
704.65	0.064
704.84	0.064
705.03	0.064
705.21	0.064
705.40	0.064
705.59	0.064
705.77	0.064
705.96	0.064
706.15	0.064
706.33	0.064
706.52	0.064
706.71	0.064
706.89	0.065
707.08	0.065
707.26	0.065
707.45	0.064
707.64	0.064
707.82	0.064
708.01	0.064
708.20	0.064
708.38	0.063
708.57	0.064
708.75	0.064
708.94	0.064
709.13	0.065
709.31	0.065
709.50	0.065
709.69	0.065
709.87	0.065
710.06	0.065
710.24	0.065
710.43	0.065
710.62	0.064
710.80	0.064
710.99	0.064
711.17	0.065
711.36	0.064
711.55	0.065
711.73	0.064
711.92	0.065
712.10	0.065
712.29	0.065
712.48	0.064
712.66	0.064
712.85	0.064
713.03	0.064
713.22	0.064
713.40	0.064
713.59	0.064
713.78	0.065
713.96	0.065
714.15	0.065
714.33	0.065
714.52	0.064
714.71	0.064
714.89	0.064
715.08	0.064
715.26	0.064
715.45	0.064
715.63	0.064
715.82	0.064
716.00	0.065
716.19	0.065
716.38	0.065
716.56	0.064
716.75	0.064
716.93	0.064
717.12	0.064
717.30	0.063
717.49	0.063
717.67	0.063
717.86	0.063
718.05	0.063
718.23	0.064
718.42	0.064
718.60	0.064
718.79	0.064
718.97	0.064
719.16	0.065
719.34	0.065
719.53	0.065
719.71	0.065
719.90	0.064
720.08	0.064
720.27	0.065
720.45	0.064
720.64	0.064
720.83	0.064
721.01	0.064
721.20	0.064
721.38	0.064
721.57	0.065
721.75	0.065
721.94	0.065
722.12	0.065
722.31	0.064
722.49	0.064
722.68	0.064
722.86	0.064
723.05	0.063
723.23	0.063
723.42	0.063
723.60	0.064
723.79	0.064
723.97	0.064
724.16	0.064
724.34	0.064
724.53	0.064
724.71	0.064
724.90	0.064
725.08	0.064
725.27	0.063
725.45	0.063
725.64	0.064
725.82	0.064
726.00	0.064
726.19	0.065
726.37	0.065
726.56	0.064
726.74	0.065
726.93	0.065
727.11	0.065
727.30	0.065
727.48	0.065
727.67	0.065
727.85	0.064
728.04	0.064
728.22	0.065
728.40	0.065
728.59	0.064
728.77	0.064
728.96	0.064
729.14	0.064
729.33	0.064
729.51	0.064
729.70	0.064
729.88	0.064
730.07	0.064
730.25	0.065
730.43	0.065
730.62	0.065
730.80	0.065
730.99	0.065
731.17	0.065
731.36	0.065
731.54	0.065
731.72	0.065
731.91	0.065
732.09	0.064
732.28	0.064
732.46	0.064
732.65	0.064
732.83	0.065
733.01	0.065
733.20	0.065
733.38	0.065
733.57	0.065
733.75	0.064
733.93	0.065
734.12	0.065
734.30	0.065
734.49	0.065
734.67	0.065
734.85	0.065
735.04	0.065
735.22	0.065
735.41	0.065
735.59	0.064
735.77	0.065
735.96	0.065
736.14	0.065
736.33	0.065
736.51	0.065
736.69	0.065
736.88	0.065
737.06	0.066
737.25	0.066
737.43	0.066
737.61	0.066
737.80	0.066
737.98	0.066
738.16	0.065
738.35	0.066
738.53	0.066
738.71	0.066
738.90	0.066
739.08	0.065
739.27	0.065
739.45	0.065
739.63	0.065
739.82	0.065
740.00	0.064
740.18	0.064
740.37	0.064
740.55	0.064
740.73	0.064
740.92	0.064
741.10	0.064
741.28	0.064
741.47	0.065
741.65	0.065
741.83	0.065
742.02	0.065
742.20	0.065
742.38	0.066
742.57	0.066
742.75	0.066
742.93	0.066
743.12	0.065
743.30	0.065
743.48	0.065
743.67	0.065
743.85	0.065
744.03	0.065
744.22	0.064
744.40	0.064
744.58	0.064
744.77	0.064
744.95	0.064
745.13	0.064
745.32	0.064
745.50	0.064
745.68	0.064
745.87	0.065
746.05	0.065
746.23	0.065
746.41	0.065
746.60	0.065
746.78	0.065
746.96	0.065
747.15	0.065
747.33	0.064
747.51	0.064
747.70	0.064
747.88	0.064
748.06	0.064
748.24	0.064
748.43	0.064
748.61	0.064
748.79	0.064
748.97	0.064
749.16	0.064
749.34	0.065
749.52	0.064
749.71	0.064
749.89	0.065
750.07	0.065
750.25	0.065
750.44	0.065
750.62	0.064
750.80	0.065
750.98	0.065
751.17	0.065
751.35	0.065
751.53	0.064
751.71	0.064
751.90	0.064
752.08	0.063
752.26	0.063
752.44	0.063
752.63	0.063
752.81	0.063
752.99	0.063
753.17	0.064
753.36	0.064
753.54	0.064
753.72	0.065
753.90	0.065
754.09	0.064
754.27	0.064
754.45	0.065
754.63	0.065
754.82	0.065
755.00	0.065
755.18	0.065
755.36	0.064
755.54	0.064
755.73	0.065
755.91	0.065
756.09	0.065
756.27	0.065
756.45	0.066
756.64	0.066
756.82	0.066
757.00	0.067
757.18	0.066
757.37	0.066
757.55	0.066
757.73	0.066
757.91	0.065
758.09	0.065
758.27	0.065
758.46	0.065
758.64	0.065
758.82	0.064
759.00	0.064
759.18	0.064
759.37	0.064
759.55	0.064
759.73	0.064
759.91	0.065
760.09	0.064
760.28	0.064
760.46	0.065
760.64	0.065
760.82	0.065
761.00	0.065
761.18	0.065
761.37	0.065
761.55	0.065
761.73	0.065
761.91	0.065
762.09	0.065
762.27	0.065
762.46	0.065
762.64	0.064
762.82	0.064
763.00	0.064
763.18	0.063
763.36	0.063
763.54	0.063
763.73	0.063
763.91	0.063
764.09	0.063
764.27	0.063
764.45	0.064
764.63	0.064
764.81	0.064
765.00	0.063
765.18	0.063
765.36	0.063
765.54	0.063
765.72	0.063
765.90	0.063
766.08	0.063
766.27	0.063
766.45	0.063
766.63	0.063
766.81	0.063
766.99	0.063
767.17	0.062
767.35	0.063
767.53	0.063
767.71	0.062
767.90	0.062
768.08	0.062
768.26	0.062
768.44	0.062
768.62	0.062
768.80	0.062
768.98	0.062
769.16	0.062
769.34	0.062
769.52	0.062
769.71	0.062
769.89	0.062
770.07	0.062
770.25	0.063
770.43	0.063
770.61	0.063
770.79	0.063
770.97	0.063
771.15	0.063
771.33	0.063
771.51	0.064
771.69	0.063
771.88	0.064
772.06	0.064
772.24	0.063
772.42	0.063
772.60	0.063
772.78	0.063
772.96	0.063
773.14	0.063
773.32	0.063
773.50	0.063
773.68	0.063
773.86	0.063
774.04	0.063
774.22	0.063
774.40	0.063
774.58	0.063
774.77	0.063
774.95	0.062
775.13	0.062
775.31	0.063
775.49	0.063
775.67	0.063
775.85	0.063
776.03	0.063
776.21	0.062
776.39	0.063
776.57	0.063
776.75	0.063
776.93	0.063
777.11	0.063
777.29	0.062
777.47	0.063
777.65	0.062
777.83	0.062
778.01	0.062
778.19	0.063
778.37	0.063
778.55	0.063
778.73	0.063
778.91	0.063
779.09	0.063
779.27	0.063
779.45	0.063
779.63	0.063
779.81	0.063
779.99	0.063
780.17	0.062
780.35	0.062
780.53	0.062
780.71	0.063
780.89	0.063
781.07	0.063
781.25	0.063
781.43	0.063
781.61	0.063
781.79	0.063
781.97	0.063
782.15	0.063
782.33	0.063
782.51	0.063
782.69	0.063
782.87	0.063
783.05	0.063
783.23	0.063
783.41	0.063
783.59	0.062
783.77	0.063
783.95	0.063
784.13	0.063
784.31	0.062
784.49	0.062
784.67	0.063
784.85	0.063
785.03	0.063
785.21	0.064
785.38	0.063
785.56	0.063
785.74	0.064
785.92	0.064
786.10	0.064
786.28	0.064
786.46	0.064
786.64	0.063
786.82	0.063
787.00	0.063
787.18	0.064
787.36	0.063
787.54	0.064
787.72	0.064
787.90	0.064
788.08	0.063
788.25	0.064
788.43	0.064
788.61	0.064
788.79	0.063
788.97	0.063
789.15	0.063
789.33	0.063
789.51	0.063
789.69	0.064
789.87	0.064
790.05	0.064
790.23	0.064
790.40	0.064
790.58	0.064
790.76	0.064
790.94	0.064
791.12	0.064
791.30	0.064
791.48	0.063
791.66	0.063
791.84	0.063
792.02	0.063
792.19	0.063
792.37	0.063
792.55	0.063
792.73	0.063
792.91	0.063
793.09	0.063
793.27	0.064
793.45	0.064
793.63	0.064
793.80	0.064
793.98	0.064
794.16	0.064
794.34	0.064
794.52	0.064
794.70	0.063
794.88	0.064
795.05	0.063
795.23	0.063
795.41	0.063
795.59	0.063
795.77	0.063
795.95	0.063
796.13	0.062
796.30	0.063
796.48	0.062
796.66	0.062
796.84	0.062
797.02	0.062
797.20	0.062
797.38	0.062
797.55	0.062
797.73	0.063
797.91	0.063
798.09	0.063
798.27	0.063
798.45	0.063
798.62	0.064
798.80	0.064
798.98	0.064
799.16	0.064
799.34	0.064
799.52	0.064
799.69	0.064
799.87	0.064
800.05	0.064
800.23	0.064
800.41	0.064
800.58	0.063
800.76	0.063
800.94	0.063
801.12	0.063
801.30	0.063
801.47	0.063
801.65	0.063
801.83	0.063
802.01	0.063
802.19	0.063
802.36	0.064
802.54	0.063
802.72	0.063
802.90	0.063
803.08	0.063
803.25	0.063
803.43	0.063
803.61	0.063
803.79	0.063
803.97	0.063
804.14	0.064
804.32	0.063
804.50	0.064
804.68	0.064
804.85	0.063
805.03	0.063
805.21	0.064
805.39	0.064
805.56	0.063
805.74	0.063
805.92	0.064
806.10	0.063
806.28	0.063
806.45	0.064
806.63	0.064
806.81	0.063
806.99	0.064
807.16	0.064
807.34	0.064
807.52	0.064
807.70	0.064
807.87	0.063
808.05	0.063
808.23	0.063
808.41	0.062
808.58	0.062
808.76	0.063
808.94	0.063
809.11	0.063
809.29	0.062
809.47	0.063
809.65	0.063
809.82	0.062
810.00	0.062
810.18	0.062
810.36	0.062
810.53	0.062
810.71	0.062
810.89	0.062
811.06	0.063
811.24	0.063
811.42	0.063
811.60	0.063
811.77	0.063
811.95	0.063
812.13	0.062
812.30	0.062
812.48	0.062
812.66	0.062
812.83	0.062
813.01	0.062
813.19	0.062
813.37	0.063
813.54	0.062
813.72	0.063
813.90	0.063
814.07	0.062
814.25	0.063
814.43	0.063
814.60	0.062
814.78	0.062
814.96	0.063
815.13	0.062
815.31	0.062
815.49	0.062
815.66	0.062
815.84	0.062
816.02	0.062
816.19	0.063
816.37	0.063
816.55	0.062
816.72	0.063
816.90	0.063
817.08	0.063
817.25	0.064
817.43	0.064
817.61	0.064
817.78	0.063
817.96	0.063
818.14	0.063
818.31	0.063
818.49	0.063
818.67	0.063
818.84	0.063
819.02	0.063
819.19	0.063
819.37	0.064
819.55	0.063
819.72	0.063
819.90	0.064
820.08	0.064
820.25	0.063
820.43	0.063
820.60	0.063
820.78	0.063
820.96	0.063
821.13	0.063
821.31	0.063
821.49	0.063
821.66	0.063
821.84	0.063
822.01	0.063
822.19	0.064
822.37	0.064
822.54	0.064
822.72	0.063
822.89	0.063
823.07	0.063
823.25	0.063
823.42	0.063
823.60	0.064
823.77	0.063
823.95	0.063
824.13	0.063
824.30	0.063
824.48	0.063
824.65	0.064
824.83	0.063
825.01	0.063
825.18	0.063
825.36	0.063
825.53	0.063
825.71	0.063
825.88	0.062
826.06	0.062
826.24	0.062
826.41	0.062
826.59	0.062
826.76	0.062
826.94	0.062
827.11	0.062
827.29	0.063
827.47	0.063
827.64	0.063
827.82	0.063
827.99	0.063
828.17	0.063
828.34	0.063
828.52	0.063
828.69	0.063
828.87	0.063
829.04	0.063
829.22	0.063
829.40	0.064
829.57	0.064
829.75	0.064
829.92	0.064
830.10	0.063
830.27	0.063
830.45	0.063
830.62	0.063
830.80	0.063
830.97	0.063
831.15	0.062
831.32	0.062
831.50	0.062
831.67	0.063
831.85	0.063
832.02	0.064
832.20	0.063
832.37	0.063
832.55	0.063
832.73	0.063
832.90	0.062
833.08	0.062
833.25	0.063
833.43	0.062
833.60	0.062
833.78	0.062
833.95	0.062
834.13	0.062
834.30	0.062
834.48	0.063
834.65	0.063
834.82	0.062
835.00	0.062
835.17	0.063
835.35	0.063
835.52	0.063
835.70	0.064
835.87	0.064
836.05	0.063
836.22	0.062
836.40	0.062
836.57	0.062
836.75	0.062
836.92	0.062
837.10	0.061
837.27	0.061
837.45	0.061
837.62	0.061
837.80	0.062
837.97	0.062
838.14	0.062
838.32	0.062
838.49	0.062
838.67	0.062
838.84	0.062
839.02	0.061
839.19	0.061
839.37	0.061
839.54	0.061
839.71	0.062
839.89	0.061
840.06	0.061
840.24	0.061
840.41	0.061
840.59	0.061
840.76	0.062
840.94	0.062
841.11	0.062
841.28	0.062
841.46	0.063
841.63	0.063
841.81	0.063
841.98	0.063
842.15	0.063
842.33	0.063
842.50	0.063
842.68	0.062
842.85	0.061
843.03	0.061
843.20	0.061
843.37	0.061
843.55	0.061
843.72	0.060
843.90	0.060
844.07	0.060
844.24	0.060
844.42	0.061
844.59	0.060
844.77	0.061
844.94	0.061
845.11	0.061
845.29	0.062
845.46	0.062
845.63	0.062
845.81	0.063
845.98	0.062
846.16	0.063
846.33	0.063
846.50	0.063
846.68	0.063
846.85	0.062
847.02	0.061
847.20	0.060
847.37	0.060
847.55	0.061
847.72	0.060
847.89	0.060
848.07	0.060
848.24	0.060
848.41	0.060
848.59	0.060
848.76	0.061
848.93	0.060
849.11	0.059
849.28	0.059
849.45	0.060
849.63	0.060
849.80	0.061
849.97	0.060
850.15	0.061
850.32	0.061
850.49	0.062
850.67	0.062
850.84	0.061
851.01	0.061
851.19	0.061
851.36	0.060
851.53	0.060
851.71	0.060
851.88	0.060
852.05	0.059
852.23	0.059
852.40	0.060
852.57	0.060
852.75	0.059
852.92	0.060
853.09	0.060
853.27	0.060
853.44	0.059
853.61	0.059
853.79	0.059
853.96	0.059
854.13	0.059
854.30	0.059
854.48	0.060
854.65	0.059
854.82	0.059
855.00	0.060
855.17	0.061
855.34	0.060
855.51	0.060
855.69	0.060
855.86	0.060
856.03	0.060
856.21	0.060
856.38	0.059
856.55	0.060
856.72	0.059
856.90	0.059
857.07	0.059
857.24	0.059
857.42	0.059
857.59	0.059
857.76	0.059
857.93	0.059
858.11	0.060
858.28	0.060
858.45	0.059
858.62	0.058
858.80	0.058
858.97	0.059
859.14	0.058
859.31	0.059
859.49	0.058
859.66	0.058
859.83	0.059
860.00	0.059
860.18	0.060
860.35	0.060
860.52	0.060
860.69	0.061
860.86	0.061
861.04	0.061
861.21	0.060
861.38	0.060
861.55	0.060
861.73	0.059
861.90	0.059
862.07	0.059
862.24	0.059
862.42	0.058
862.59	0.058
862.76	0.058
862.93	0.058
863.10	0.058
863.28	0.059
863.45	0.059
863.62	0.059
863.79	0.059
863.96	0.059
864.14	0.059
864.31	0.059
864.48	0.059
864.65	0.058
864.82	0.057
865.00	0.058
865.17	0.058
865.34	0.058
865.51	0.058
865.68	0.058
865.86	0.058
866.03	0.058
866.20	0.059
866.37	0.060
866.54	0.059
866.71	0.059
866.89	0.058
867.06	0.058
867.23	0.058
867.40	0.057
867.57	0.057
867.74	0.056
867.92	0.056
868.09	0.056
868.26	0.055
868.43	0.055
868.60	0.055
868.77	0.055
868.95	0.055
869.12	0.056
869.29	0.056
869.46	0.057
869.63	0.057
869.80	0.058
869.97	0.058
870.15	0.058
870.32	0.058
870.49	0.059
870.66	0.058
870.83	0.058
871.00	0.057
871.17	0.057
871.34	0.057
871.52	0.057
871.69	0.057
871.86	0.057
872.03	0.057
872.20	0.057
872.37	0.056
872.54	0.057
872.71	0.058
872.89	0.058
873.06	0.059
873.23	0.059
873.40	0.059
873.57	0.059
873.74	0.059
873.91	0.059
874.08	0.059
874.25	0.058
874.42	0.058
874.60	0.057
874.77	0.057
874.94	0.057
875.11	0.058
875.28	0.058
875.45	0.059
875.62	0.058
875.79	0.058
875.96	0.058
876.13	0.059
876.30	0.058
876.47	0.059
876.65	0.058
876.82	0.058
876.99	0.058
877.16	0.057
877.33	0.058
877.50	0.058
877.67	0.057
877.84	0.058
878.01	0.058
878.18	0.058
878.35	0.059
878.52	0.058
878.69	0.059
878.86	0.058
879.03	0.059
879.20	0.059
879.38	0.059
879.55	0.059
879.72	0.058
879.89	0.058
880.06	0.059
880.23	0.058
880.40	0.059
880.57	0.059
880.74	0.058
880.91	0.058
881.08	0.058
881.25	0.059
881.42	0.058
881.59	0.057
881.76	0.057
881.93	0.057
882.10	0.057
882.27	0.058
882.44	0.057
882.61	0.058
882.78	0.057
882.95	0.057
883.12	0.057
883.29	0.057
883.46	0.057
883.63	0.057
883.80	0.057
883.97	0.057
884.14	0.057
884.31	0.057
884.48	0.058
884.65	0.059
884.82	0.059
884.99	0.059
885.16	0.060
885.33	0.060
885.50	0.061
885.67	0.060
885.84	0.061
886.01	0.061
886.18	0.061
886.35	0.060
886.52	0.060
886.69	0.059
886.86	0.059
887.03	0.058
887.20	0.058
887.37	0.058
887.54	0.057
887.71	0.058
887.88	0.059
888.05	0.059
888.22	0.060
888.39	0.060
888.55	0.061
888.72	0.062
888.89	0.061
889.06	0.063
889.23	0.063
889.40	0.062
889.57	0.062
889.74	0.062
889.91	0.063
890.08	0.063
890.25	0.062
890.42	0.062
890.59	0.061
890.76	0.060
890.93	0.061
891.10	0.062
891.26	0.062
891.43	0.061
891.60	0.061
891.77	0.061
891.94	0.062
892.11	0.062
892.28	0.062
892.45	0.063
892.62	0.062
892.79	0.062
892.96	0.062
893.13	0.063
893.29	0.063
893.46	0.063
893.63	0.062
893.80	0.062
893.97	0.062
894.14	0.061
894.31	0.061
894.48	0.057
894.65	0.069
894.81	0.048
894.98	0.062
