177.34	0.270
177.56	0.270
177.78	0.270
178.00	0.177
178.22	0.985
178.44	-0.000
178.66	0.643
178.89	0.402
179.11	0.548
179.33	0.757
179.55	-0.000
179.77	0.214
179.99	0.424
180.21	0.428
180.43	-0.422
180.65	0.717
180.87	0.392
181.09	0.469
181.31	0.552
181.53	0.545
181.75	0.457
181.97	0.512
182.19	0.476
182.41	0.441
182.63	0.437
182.85	0.434
183.07	0.419
183.30	0.395
183.52	0.363
183.74	0.375
183.96	0.352
184.18	0.365
184.40	0.353
184.62	0.365
184.84	0.367
185.06	0.357
185.28	0.396
185.50	0.400
185.72	0.418
185.94	0.433
186.16	0.474
186.38	0.469
186.60	0.500
186.82	0.549
187.04	0.614
187.26	0.599
187.48	0.652
187.70	0.679
187.92	0.749
188.14	0.761
188.36	0.823
188.58	0.889
188.80	0.906
189.02	0.969
189.24	1.004
189.46	1.077
189.68	1.058
189.90	1.083
190.12	1.077
190.34	1.093
190.56	1.064
190.78	1.131
191.00	1.163
191.22	1.187
191.44	1.145
191.66	1.190
191.88	1.237
192.10	1.341
192.32	1.350
192.54	1.382
192.76	1.344
192.98	1.310
193.20	1.333
193.42	1.442
193.64	1.457
193.86	1.417
194.08	1.408
194.30	1.429
194.52	1.479
194.74	1.540
194.96	1.470
195.18	1.508
195.40	1.508
195.62	1.529
195.84	1.542
196.06	1.539
196.28	1.544
196.50	1.525
196.72	1.477
196.94	1.579
197.16	1.542
197.38	1.531
197.60	1.492
197.82	1.513
198.04	1.519
198.26	1.543
198.48	1.601
198.70	1.629
198.92	1.563
199.13	1.598
199.35	1.644
199.57	1.723
199.79	1.659
200.01	1.658
200.23	1.704
200.45	1.687
200.67	1.734
200.89	1.808
201.11	1.848
201.33	1.773
201.55	1.733
201.77	1.812
201.99	1.882
202.21	1.875
202.43	1.803
202.65	1.755
202.87	1.767
203.09	1.749
203.31	1.784
203.52	1.804
203.74	1.830
203.96	1.778
204.18	1.782
204.40	1.802
204.62	1.838
204.84	1.820
205.06	1.824
205.28	1.831
205.50	1.789
205.72	1.690
205.94	1.693
206.16	1.686
206.38	1.718
206.59	1.718
206.81	1.711
207.03	1.692
207.25	1.689
207.47	1.720
207.69	1.829
207.91	1.865
208.13	1.822
208.35	1.782
208.57	1.789
208.79	1.813
209.01	1.858
209.22	1.854
209.44	1.871
209.66	1.832
209.88	1.855
210.10	1.900
210.32	1.911
210.54	1.923
210.76	1.940
210.98	1.920
211.20	1.928
211.42	1.881
211.63	1.884
211.85	1.854
212.07	1.881
212.29	1.917
212.51	1.914
212.73	1.936
212.95	1.958
213.17	1.960
213.39	2.025
213.60	2.030
213.82	2.080
214.04	2.055
214.26	2.059
214.48	2.084
214.70	2.070
214.92	2.104
215.14	2.150
215.35	2.156
215.57	2.140
215.79	2.105
216.01	2.121
216.23	2.134
216.45	2.134
216.67	2.152
216.89	2.131
217.10	2.135
217.32	2.170
217.54	2.237
217.76	2.261
217.98	2.286
218.20	2.264
218.42	2.296
218.64	2.251
218.85	2.251
219.07	2.236
219.29	2.202
219.51	2.185
219.73	2.188
219.95	2.129
220.17	2.119
220.38	2.084
220.60	2.110
220.82	2.112
221.04	2.130
221.26	2.136
221.48	2.159
221.69	2.172
221.91	2.241
222.13	2.257
222.35	2.264
222.57	2.243
222.79	2.236
223.00	2.267
223.22	2.272
223.44	2.220
223.66	2.225
223.88	2.157
224.10	2.173
224.32	2.206
224.53	2.216
224.75	2.243
224.97	2.232
225.19	2.228
225.41	2.255
225.62	2.234
225.84	2.289
226.06	2.324
226.28	2.341
226.50	2.389
226.72	2.378
226.93	2.351
227.15	2.379
227.37	2.379
227.59	2.399
227.81	2.375
228.02	2.374
228.24	2.305
228.46	2.271
228.68	2.254
228.90	2.256
229.12	2.265
229.33	2.266
229.55	2.253
229.77	2.276
229.99	2.269
230.21	2.262
230.42	2.260
230.64	2.240
230.86	2.214
231.08	2.177
231.30	2.155
231.51	2.138
231.73	2.111
231.95	2.064
232.17	2.053
232.38	2.032
232.60	2.017
232.82	2.006
233.04	1.984
233.26	1.969
233.47	1.947
233.69	1.918
233.91	1.904
234.13	1.882
234.35	1.859
234.56	1.843
234.78	1.815
235.00	1.790
235.22	1.773
235.43	1.758
235.65	1.742
235.87	1.721
236.09	1.709
236.30	1.690
236.52	1.670
236.74	1.655
236.96	1.641
237.18	1.622
237.39	1.602
237.61	1.586
237.83	1.573
238.05	1.551
238.26	1.536
238.48	1.523
238.70	1.507
238.92	1.491
239.13	1.476
239.35	1.464
239.57	1.448
239.79	1.431
240.00	1.418
240.22	1.404
240.44	1.389
240.66	1.375
240.87	1.360
241.09	1.346
241.31	1.327
241.53	1.315
241.74	1.304
241.96	1.290
242.18	1.275
242.40	1.262
242.61	1.250
242.83	1.239
243.05	1.226
243.27	1.217
243.48	1.204
243.70	1.193
243.92	1.182
244.13	1.170
244.35	1.159
244.57	1.145
244.79	1.135
245.00	1.125
245.22	1.116
245.44	1.106
245.65	1.094
245.87	1.087
246.09	1.079
246.31	1.071
246.52	1.064
246.74	1.056
246.96	1.047
247.18	1.039
247.39	1.031
247.61	1.023
247.83	1.016
248.04	1.009
248.26	1.002
248.48	0.996
248.69	0.989
248.91	0.983
249.13	0.976
249.35	0.972
249.56	0.967
249.78	0.960
250.00	0.955
250.21	0.950
250.43	0.944
250.65	0.938
250.86	0.934
251.08	0.929
251.30	0.923
251.51	0.918
251.73	0.914
251.95	0.908
252.17	0.903
252.38	0.899
252.60	0.895
252.82	0.891
253.03	0.887
253.25	0.884
253.47	0.880
253.68	0.877
253.90	0.873
254.12	0.870
254.33	0.868
254.55	0.865
254.77	0.862
254.98	0.859
255.20	0.856
255.42	0.853
255.63	0.850
255.85	0.849
256.07	0.845
256.28	0.842
256.50	0.840
256.72	0.839
256.93	0.837
257.15	0.835
257.37	0.833
257.58	0.831
257.80	0.829
258.02	0.828
258.23	0.827
258.45	0.824
258.67	0.822
258.88	0.821
259.10	0.820
259.32	0.819
259.53	0.817
259.75	0.816
259.96	0.815
260.18	0.813
260.40	0.813
260.61	0.811
260.83	0.809
261.05	0.807
261.26	0.806
261.48	0.805
261.70	0.805
261.91	0.804
262.13	0.803
262.34	0.802
262.56	0.802
262.78	0.802
262.99	0.801
263.21	0.801
263.43	0.800
263.64	0.799
263.86	0.798
264.07	0.796
264.29	0.795
264.51	0.793
264.72	0.793
264.94	0.792
265.16	0.791
265.37	0.790
265.59	0.789
265.80	0.789
266.02	0.787
266.24	0.787
266.45	0.785
266.67	0.784
266.88	0.784
267.10	0.782
267.32	0.781
267.53	0.780
267.75	0.778
267.96	0.778
268.18	0.778
268.40	0.777
268.61	0.775
268.83	0.774
269.04	0.773
269.26	0.772
269.48	0.772
269.69	0.771
269.91	0.769
270.12	0.766
270.34	0.765
270.56	0.764
270.77	0.762
270.99	0.760
271.20	0.759
271.42	0.756
271.64	0.754
271.85	0.752
272.07	0.750
272.28	0.748
272.50	0.746
272.71	0.744
272.93	0.742
273.15	0.740
273.36	0.738
273.58	0.737
273.79	0.735
274.01	0.734
274.22	0.732
274.44	0.729
274.66	0.727
274.87	0.725
275.09	0.723
275.30	0.722
275.52	0.720
275.73	0.719
275.95	0.716
276.16	0.715
276.38	0.714
276.60	0.711
276.81	0.709
277.03	0.706
277.24	0.702
277.46	0.700
277.67	0.697
277.89	0.694
278.10	0.690
278.32	0.687
278.53	0.685
278.75	0.682
278.97	0.680
279.18	0.677
279.40	0.674
279.61	0.671
279.83	0.668
280.04	0.665
280.26	0.663
280.47	0.660
280.69	0.656
280.90	0.652
281.12	0.649
281.33	0.645
281.55	0.642
281.76	0.638
281.98	0.636
282.20	0.632
282.41	0.629
282.63	0.626
282.84	0.623
283.06	0.620
283.27	0.617
283.49	0.615
283.70	0.612
283.92	0.608
284.13	0.605
284.35	0.602
284.56	0.598
284.78	0.595
284.99	0.592
285.21	0.589
285.42	0.585
285.64	0.581
285.85	0.578
286.07	0.574
286.28	0.571
286.50	0.568
286.71	0.565
286.93	0.561
287.14	0.557
287.36	0.554
287.57	0.551
287.79	0.547
288.00	0.544
288.22	0.541
288.43	0.537
288.65	0.534
288.86	0.531
289.08	0.528
289.29	0.526
289.51	0.523
289.72	0.520
289.94	0.517
290.15	0.514
290.37	0.512
290.58	0.509
290.80	0.506
291.01	0.502
291.22	0.499
291.44	0.496
291.65	0.493
291.87	0.489
292.08	0.486
292.30	0.483
292.51	0.480
292.73	0.477
292.94	0.474
293.16	0.471
293.37	0.468
293.59	0.465
293.80	0.463
294.02	0.461
294.23	0.458
294.44	0.455
294.66	0.452
294.87	0.450
295.09	0.447
295.30	0.445
295.52	0.443
295.73	0.441
295.95	0.438
296.16	0.436
296.37	0.433
296.59	0.431
296.80	0.428
297.02	0.425
297.23	0.423
297.45	0.420
297.66	0.417
297.88	0.415
298.09	0.412
298.30	0.410
298.52	0.407
298.73	0.405
298.95	0.403
299.16	0.400
299.38	0.398
299.59	0.396
299.80	0.393
300.02	0.392
300.23	0.389
300.45	0.387
300.66	0.385
300.88	0.383
301.09	0.380
301.30	0.379
301.52	0.376
301.73	0.374
301.95	0.373
302.16	0.371
302.37	0.368
302.59	0.366
302.80	0.365
303.02	0.363
303.23	0.361
303.45	0.359
303.66	0.357
303.87	0.355
304.09	0.352
304.30	0.351
304.52	0.349
304.73	0.347
304.94	0.345
305.16	0.343
305.37	0.341
305.59	0.339
305.80	0.337
306.01	0.336
306.23	0.335
306.44	0.333
306.65	0.331
306.87	0.330
307.08	0.329
307.30	0.327
307.51	0.325
307.72	0.323
307.94	0.320
308.15	0.317
308.37	0.315
308.58	0.313
308.79	0.311
309.01	0.308
309.22	0.306
309.43	0.304
309.65	0.302
309.86	0.301
310.07	0.301
310.29	0.301
310.50	0.300
310.72	0.300
310.93	0.300
311.14	0.299
311.36	0.298
311.57	0.297
311.78	0.295
312.00	0.293
312.21	0.291
312.42	0.289
312.64	0.287
312.85	0.285
313.07	0.283
313.28	0.282
313.49	0.281
313.71	0.280
313.92	0.279
314.13	0.278
314.35	0.277
314.56	0.276
314.77	0.275
314.99	0.273
315.20	0.272
315.41	0.272
315.63	0.271
315.84	0.270
316.05	0.268
316.27	0.268
316.48	0.267
316.69	0.266
316.91	0.265
317.12	0.264
317.33	0.262
317.55	0.261
317.76	0.260
317.97	0.260
318.19	0.258
318.40	0.257
318.61	0.257
318.83	0.256
319.04	0.256
319.25	0.256
319.47	0.255
319.68	0.255
319.89	0.254
320.10	0.253
320.32	0.252
320.53	0.251
320.74	0.250
320.96	0.249
321.17	0.247
321.38	0.246
321.60	0.246
321.81	0.245
322.02	0.244
322.24	0.243
322.45	0.242
322.66	0.242
322.87	0.241
323.09	0.241
323.30	0.240
323.51	0.240
323.73	0.239
323.94	0.238
324.15	0.237
324.36	0.237
324.58	0.236
324.79	0.235
325.00	0.235
325.22	0.234
325.43	0.233
325.64	0.232
325.85	0.232
326.07	0.232
326.28	0.231
326.49	0.230
326.71	0.230
326.92	0.229
327.13	0.229
327.34	0.228
327.56	0.228
327.77	0.227
327.98	0.226
328.19	0.225
328.41	0.225
328.62	0.225
328.83	0.225
329.04	0.225
329.26	0.224
329.47	0.224
329.68	0.223
329.90	0.223
330.11	0.222
330.32	0.222
330.53	0.221
330.75	0.221
330.96	0.221
331.17	0.220
331.38	0.219
331.60	0.219
331.81	0.218
332.02	0.217
332.23	0.217
332.44	0.217
332.66	0.216
332.87	0.215
333.08	0.214
333.29	0.214
333.51	0.213
333.72	0.213
333.93	0.214
334.14	0.213
334.36	0.212
334.57	0.212
334.78	0.212
334.99	0.212
335.21	0.212
335.42	0.212
335.63	0.211
335.84	0.210
336.05	0.210
336.27	0.210
336.48	0.210
336.69	0.209
336.90	0.208
337.11	0.208
337.33	0.207
337.54	0.207
337.75	0.207
337.96	0.206
338.18	0.206
338.39	0.206
338.60	0.206
338.81	0.205
339.02	0.205
339.24	0.206
339.45	0.205
339.66	0.205
339.87	0.204
340.08	0.204
340.30	0.203
340.51	0.203
340.72	0.202
340.93	0.202
341.14	0.201
341.36	0.201
341.57	0.201
341.78	0.201
341.99	0.201
342.20	0.201
342.41	0.200
342.63	0.200
342.84	0.199
343.05	0.199
343.26	0.198
343.47	0.197
343.69	0.197
343.90	0.197
344.11	0.197
344.32	0.197
344.53	0.197
344.74	0.198
344.96	0.198
345.17	0.197
345.38	0.198
345.59	0.196
345.80	0.196
346.01	0.196
346.23	0.195
346.44	0.194
346.65	0.193
346.86	0.193
347.07	0.193
347.28	0.192
347.50	0.193
347.71	0.192
347.92	0.193
348.13	0.193
348.34	0.193
348.55	0.193
348.76	0.192
348.98	0.193
349.19	0.193
349.40	0.192
349.61	0.193
349.82	0.192
350.03	0.191
350.24	0.191
350.46	0.191
350.67	0.191
350.88	0.191
351.09	0.190
351.30	0.190
351.51	0.190
351.72	0.189
351.93	0.189
352.15	0.190
352.36	0.189
352.57	0.189
352.78	0.189
352.99	0.189
353.20	0.189
353.41	0.189
353.62	0.189
353.84	0.189
354.05	0.189
354.26	0.189
354.47	0.188
354.68	0.187
354.89	0.186
355.10	0.185
355.31	0.185
355.52	0.185
355.74	0.184
355.95	0.184
356.16	0.183
356.37	0.183
356.58	0.183
356.79	0.183
357.00	0.183
357.21	0.183
357.42	0.183
357.63	0.182
357.85	0.181
358.06	0.181
358.27	0.181
358.48	0.181
358.69	0.181
358.90	0.181
359.11	0.181
359.32	0.180
359.53	0.180
359.74	0.180
359.95	0.180
360.17	0.179
360.38	0.179
360.59	0.179
360.80	0.179
361.01	0.179
361.22	0.179
361.43	0.179
361.64	0.179
361.85	0.179
362.06	0.178
362.27	0.178
362.48	0.178
362.69	0.177
362.90	0.176
363.12	0.175
363.33	0.176
363.54	0.176
363.75	0.175
363.96	0.175
364.17	0.174
364.38	0.174
364.59	0.174
364.80	0.175
365.01	0.175
365.22	0.174
365.43	0.174
365.64	0.175
365.85	0.175
366.06	0.175
366.27	0.175
366.48	0.175
366.69	0.174
366.90	0.174
367.11	0.173
367.32	0.173
367.54	0.172
367.75	0.172
367.96	0.172
368.17	0.172
368.38	0.172
368.59	0.172
368.80	0.172
369.01	0.172
369.22	0.172
369.43	0.172
369.64	0.172
369.85	0.171
370.06	0.171
370.27	0.170
370.48	0.170
370.69	0.170
370.90	0.170
371.11	0.170
371.32	0.170
371.53	0.170
371.74	0.169
371.95	0.169
372.16	0.169
372.37	0.169
372.58	0.170
372.79	0.169
373.00	0.168
373.21	0.168
373.42	0.168
373.63	0.169
373.84	0.168
374.05	0.168
374.26	0.167
374.47	0.167
374.68	0.167
374.89	0.168
375.10	0.168
375.31	0.168
375.52	0.167
375.73	0.167
375.94	0.167
376.15	0.167
376.36	0.167
376.57	0.167
376.78	0.166
376.99	0.166
377.20	0.166
377.41	0.166
377.62	0.165
377.83	0.165
378.04	0.165
378.25	0.165
378.46	0.164
378.67	0.164
378.88	0.165
379.09	0.164
379.30	0.164
379.51	0.164
379.72	0.164
379.92	0.165
380.13	0.164
380.34	0.164
380.55	0.164
380.76	0.163
380.97	0.163
381.18	0.163
381.39	0.163
381.60	0.162
381.81	0.162
382.02	0.162
382.23	0.162
382.44	0.162
382.65	0.162
382.86	0.162
383.07	0.162
383.28	0.163
383.49	0.162
383.70	0.162
383.91	0.161
384.11	0.161
384.32	0.161
384.53	0.161
384.74	0.160
384.95	0.160
385.16	0.160
385.37	0.160
385.58	0.160
385.79	0.160
386.00	0.161
386.21	0.161
386.42	0.160
386.63	0.160
386.84	0.160
387.04	0.160
387.25	0.160
387.46	0.160
387.67	0.160
387.88	0.159
388.09	0.158
388.30	0.159
388.51	0.159
388.72	0.159
388.93	0.159
389.14	0.159
389.34	0.159
389.55	0.159
389.76	0.159
389.97	0.159
390.18	0.159
390.39	0.160
390.60	0.159
390.81	0.159
391.02	0.159
391.23	0.159
391.43	0.159
391.64	0.159
391.85	0.159
392.06	0.159
392.27	0.158
392.48	0.158
392.69	0.158
392.90	0.158
393.11	0.158
393.31	0.158
393.52	0.158
393.73	0.157
393.94	0.157
394.15	0.157
394.36	0.156
394.57	0.156
394.78	0.156
394.98	0.156
395.19	0.155
395.40	0.155
395.61	0.156
395.82	0.156
396.03	0.156
396.24	0.157
396.44	0.157
396.65	0.157
396.86	0.157
397.07	0.157
397.28	0.157
397.49	0.157
397.70	0.157
397.90	0.156
398.11	0.156
398.32	0.155
398.53	0.155
398.74	0.155
398.95	0.156
399.16	0.155
399.36	0.155
399.57	0.155
399.78	0.155
399.99	0.155
400.20	0.155
400.41	0.155
400.61	0.155
400.82	0.154
401.03	0.154
401.24	0.154
401.45	0.154
401.66	0.154
401.86	0.154
402.07	0.153
402.28	0.153
402.49	0.153
402.70	0.154
402.91	0.154
403.11	0.153
403.32	0.153
403.53	0.153
403.74	0.154
403.95	0.154
404.15	0.154
404.36	0.155
404.57	0.154
404.78	0.154
404.99	0.155
405.20	0.155
405.40	0.155
405.61	0.154
405.82	0.153
406.03	0.153
406.24	0.153
406.44	0.153
406.65	0.153
406.86	0.153
407.07	0.152
407.28	0.153
407.48	0.153
407.69	0.154
407.90	0.154
408.11	0.153
408.32	0.153
408.52	0.154
408.73	0.154
408.94	0.155
409.15	0.154
409.35	0.155
409.56	0.155
409.77	0.155
409.98	0.155
410.19	0.155
410.39	0.155
410.60	0.155
410.81	0.154
411.02	0.154
411.22	0.154
411.43	0.154
411.64	0.154
411.85	0.154
412.05	0.154
412.26	0.154
412.47	0.153
412.68	0.153
412.89	0.153
413.09	0.153
413.30	0.153
413.51	0.152
413.72	0.152
413.92	0.152
414.13	0.152
414.34	0.153
414.55	0.152
414.75	0.153
414.96	0.154
415.17	0.154
415.38	0.154
415.58	0.154
415.79	0.154
416.00	0.153
416.21	0.153
416.41	0.153
416.62	0.152
416.83	0.152
417.03	0.152
417.24	0.152
417.45	0.151
417.66	0.151
417.86	0.152
418.07	0.152
418.28	0.152
418.49	0.152
418.69	0.153
418.90	0.153
419.11	0.154
419.31	0.153
419.52	0.153
419.73	0.153
419.94	0.153
420.14	0.153
420.35	0.153
420.56	0.153
420.76	0.153
420.97	0.153
421.18	0.154
421.39	0.154
421.59	0.154
421.80	0.154
422.01	0.154
422.21	0.154
422.42	0.154
422.63	0.154
422.84	0.154
423.04	0.154
423.25	0.154
423.46	0.154
423.66	0.153
423.87	0.153
424.08	0.153
424.28	0.153
424.49	0.153
424.70	0.152
424.90	0.152
425.11	0.152
425.32	0.151
425.52	0.151
425.73	0.151
425.94	0.152
426.15	0.151
426.35	0.151
426.56	0.151
426.77	0.151
426.97	0.150
427.18	0.150
427.39	0.151
427.59	0.151
427.80	0.151
428.01	0.151
428.21	0.152
428.42	0.152
428.63	0.152
428.83	0.152
429.04	0.152
429.25	0.152
429.45	0.151
429.66	0.151
429.87	0.151
430.07	0.151
430.28	0.151
430.48	0.150
430.69	0.150
430.90	0.150
431.10	0.151
431.31	0.151
431.52	0.151
431.72	0.151
431.93	0.151
432.14	0.152
432.34	0.152
432.55	0.153
432.76	0.153
432.96	0.153
433.17	0.153
433.37	0.153
433.58	0.153
433.79	0.152
433.99	0.152
434.20	0.151
434.41	0.151
434.61	0.150
434.82	0.150
435.02	0.150
435.23	0.150
435.44	0.150
435.64	0.150
435.85	0.150
436.06	0.150
436.26	0.150
436.47	0.150
436.67	0.150
436.88	0.150
437.09	0.150
437.29	0.151
437.50	0.152
437.70	0.151
437.91	0.152
438.12	0.153
438.32	0.153
438.53	0.153
438.73	0.152
438.94	0.152
439.15	0.152
439.35	0.152
439.56	0.151
439.76	0.151
439.97	0.150
440.18	0.150
440.38	0.150
440.59	0.150
440.79	0.149
441.00	0.150
441.20	0.149
441.41	0.150
441.62	0.150
441.82	0.151
442.03	0.150
442.23	0.151
442.44	0.151
442.65	0.152
442.85	0.151
443.06	0.151
443.26	0.152
443.47	0.151
443.67	0.151
443.88	0.150
444.09	0.150
444.29	0.150
444.50	0.150
444.70	0.149
444.91	0.150
445.11	0.149
445.32	0.150
445.52	0.150
445.73	0.150
445.94	0.150
446.14	0.150
446.35	0.150
446.55	0.151
446.76	0.150
446.96	0.150
447.17	0.150
447.37	0.150
447.58	0.151
447.78	0.151
447.99	0.151
448.20	0.151
448.40	0.151
448.61	0.152
448.81	0.152
449.02	0.153
449.22	0.152
449.43	0.152
449.63	0.151
449.84	0.152
450.04	0.152
450.25	0.152
450.45	0.152
450.66	0.152
450.86	0.152
451.07	0.152
451.27	0.151
451.48	0.152
451.68	0.151
451.89	0.151
452.09	0.152
452.30	0.151
452.50	0.150
452.71	0.150
452.91	0.149
453.12	0.149
453.33	0.149
453.53	0.149
453.74	0.148
453.94	0.148
454.15	0.148
454.35	0.149
454.56	0.149
454.76	0.149
454.96	0.148
455.17	0.149
455.37	0.149
455.58	0.149
455.78	0.149
455.99	0.149
456.19	0.149
456.40	0.149
456.60	0.149
456.81	0.150
457.01	0.149
457.22	0.149
457.42	0.149
457.63	0.149
457.83	0.149
458.04	0.149
458.24	0.148
458.45	0.148
458.65	0.149
458.86	0.148
459.06	0.148
459.27	0.149
459.47	0.148
459.67	0.148
459.88	0.148
460.08	0.150
460.29	0.150
460.49	0.150
460.70	0.151
460.90	0.151
461.11	0.150
461.31	0.150
461.52	0.150
461.72	0.151
461.92	0.150
462.13	0.150
462.33	0.150
462.54	0.150
462.74	0.150
462.95	0.150
463.15	0.151
463.36	0.151
463.56	0.151
463.76	0.151
463.97	0.151
464.17	0.151
464.38	0.151
464.58	0.151
464.79	0.150
464.99	0.150
465.19	0.150
465.40	0.150
465.60	0.149
465.81	0.149
466.01	0.149
466.22	0.149
466.42	0.149
466.62	0.149
466.83	0.149
467.03	0.149
467.24	0.149
467.44	0.149
467.65	0.149
467.85	0.150
468.05	0.149
468.26	0.150
468.46	0.150
468.67	0.150
468.87	0.150
469.07	0.151
469.28	0.150
469.48	0.150
469.69	0.150
469.89	0.150
470.09	0.149
470.30	0.148
470.50	0.148
470.71	0.148
470.91	0.148
471.11	0.147
471.32	0.147
471.52	0.148
471.72	0.148
471.93	0.148
472.13	0.149
472.34	0.149
472.54	0.149
472.74	0.148
472.95	0.148
473.15	0.149
473.35	0.149
473.56	0.149
473.76	0.150
473.97	0.150
474.17	0.150
474.37	0.150
474.58	0.151
474.78	0.151
474.98	0.151
475.19	0.150
475.39	0.150
475.60	0.150
475.80	0.149
476.00	0.150
476.21	0.150
476.41	0.149
476.61	0.149
476.82	0.149
477.02	0.149
477.22	0.150
477.43	0.149
477.63	0.149
477.83	0.149
478.04	0.149
478.24	0.150
478.44	0.150
478.65	0.150
478.85	0.151
479.05	0.151
479.26	0.151
479.46	0.150
479.66	0.150
479.87	0.149
480.07	0.149
480.27	0.149
480.48	0.148
480.68	0.148
480.88	0.148
481.09	0.148
481.29	0.148
481.49	0.149
481.70	0.149
481.90	0.149
482.10	0.149
482.31	0.149
482.51	0.149
482.71	0.148
482.92	0.148
483.12	0.149
483.32	0.148
483.52	0.148
483.73	0.148
483.93	0.148
484.13	0.148
484.34	0.148
484.54	0.148
484.74	0.148
484.95	0.148
485.15	0.148
485.35	0.148
485.55	0.149
485.76	0.148
485.96	0.149
486.16	0.148
486.37	0.148
486.57	0.148
486.77	0.148
486.97	0.148
487.18	0.148
487.38	0.148
487.58	0.148
487.79	0.148
487.99	0.148
488.19	0.148
488.39	0.148
488.60	0.148
488.80	0.147
489.00	0.148
489.20	0.147
489.41	0.147
489.61	0.147
489.81	0.147
490.02	0.148
490.22	0.148
490.42	0.148
490.62	0.148
490.83	0.149
491.03	0.149
491.23	0.149
491.43	0.149
491.64	0.149
491.84	0.148
492.04	0.148
492.24	0.148
492.45	0.148
492.65	0.148
492.85	0.147
493.05	0.148
493.26	0.148
493.46	0.148
493.66	0.148
493.86	0.148
494.07	0.148
494.27	0.148
494.47	0.148
494.67	0.148
494.87	0.148
495.08	0.148
495.28	0.148
495.48	0.147
495.68	0.148
495.89	0.148
496.09	0.148
496.29	0.147
496.49	0.147
496.69	0.146
496.90	0.147
497.10	0.147
497.30	0.147
497.50	0.146
497.71	0.147
497.91	0.147
498.11	0.148
498.31	0.148
498.51	0.148
498.72	0.148
498.92	0.148
499.12	0.148
499.32	0.148
499.52	0.149
499.73	0.149
499.93	0.148
500.13	0.148
500.33	0.148
500.53	0.148
500.74	0.148
500.94	0.148
501.14	0.148
501.34	0.148
501.54	0.147
501.74	0.148
501.95	0.148
502.15	0.148
502.35	0.148
502.55	0.148
502.75	0.147
502.96	0.147
503.16	0.148
503.36	0.148
503.56	0.147
503.76	0.147
503.96	0.147
504.17	0.148
504.37	0.148
504.57	0.149
504.77	0.149
504.97	0.149
505.17	0.149
505.38	0.149
505.58	0.149
505.78	0.150
505.98	0.149
506.18	0.149
506.38	0.148
506.58	0.147
506.79	0.147
506.99	0.148
507.19	0.148
507.39	0.148
507.59	0.148
507.79	0.148
507.99	0.147
508.20	0.147
508.40	0.148
508.60	0.147
508.80	0.147
509.00	0.147
509.20	0.147
509.40	0.147
509.61	0.147
509.81	0.148
510.01	0.148
510.21	0.148
510.41	0.149
510.61	0.149
510.81	0.149
511.01	0.149
511.22	0.148
511.42	0.149
511.62	0.149
511.82	0.149
512.02	0.149
512.22	0.148
512.42	0.148
512.62	0.148
512.82	0.148
513.03	0.148
513.23	0.147
513.43	0.147
513.63	0.147
513.83	0.147
514.03	0.147
514.23	0.147
514.43	0.147
514.63	0.147
514.83	0.148
515.04	0.148
515.24	0.148
515.44	0.148
515.64	0.148
515.84	0.148
516.04	0.148
516.24	0.148
516.44	0.148
516.64	0.148
516.84	0.147
517.04	0.147
517.24	0.147
517.45	0.148
517.65	0.148
517.85	0.148
518.05	0.148
518.25	0.148
518.45	0.147
518.65	0.147
518.85	0.147
519.05	0.147
519.25	0.147
519.45	0.146
519.65	0.147
519.85	0.147
520.05	0.146
520.25	0.147
520.46	0.148
520.66	0.149
520.86	0.148
521.06	0.148
521.26	0.148
521.46	0.148
521.66	0.148
521.86	0.149
522.06	0.148
522.26	0.148
522.46	0.147
522.66	0.147
522.86	0.147
523.06	0.146
523.26	0.146
523.46	0.146
523.66	0.145
523.86	0.146
524.06	0.145
524.26	0.145
524.46	0.146
524.66	0.146
524.86	0.147
525.06	0.147
525.26	0.147
525.46	0.147
525.66	0.147
525.87	0.147
526.07	0.147
526.27	0.147
526.47	0.147
526.67	0.147
526.87	0.147
527.07	0.147
527.27	0.147
527.47	0.147
527.67	0.147
527.87	0.147
528.07	0.147
528.27	0.147
528.47	0.147
528.67	0.146
528.87	0.146
529.07	0.146
529.27	0.146
529.47	0.146
529.67	0.146
529.87	0.145
530.07	0.146
530.27	0.146
530.47	0.146
530.67	0.145
530.87	0.146
531.06	0.146
531.26	0.146
531.46	0.146
531.66	0.146
531.86	0.146
532.06	0.146
532.26	0.146
532.46	0.146
532.66	0.146
532.86	0.147
533.06	0.147
533.26	0.147
533.46	0.147
533.66	0.147
533.86	0.148
534.06	0.147
534.26	0.147
534.46	0.146
534.66	0.146
534.86	0.146
535.06	0.145
535.26	0.144
535.46	0.144
535.66	0.145
535.86	0.145
536.06	0.146
536.26	0.146
536.45	0.146
536.65	0.145
536.85	0.146
537.05	0.146
537.25	0.146
537.45	0.146
537.65	0.146
537.85	0.146
538.05	0.146
538.25	0.146
538.45	0.147
538.65	0.147
538.85	0.146
539.05	0.147
539.25	0.146
539.44	0.146
539.64	0.146
539.84	0.146
540.04	0.146
540.24	0.146
540.44	0.146
540.64	0.146
540.84	0.145
541.04	0.145
541.24	0.145
541.44	0.145
541.64	0.144
541.83	0.144
542.03	0.144
542.23	0.144
542.43	0.144
542.63	0.144
542.83	0.144
543.03	0.143
543.23	0.144
543.43	0.144
543.63	0.143
543.82	0.144
544.02	0.144
544.22	0.144
544.42	0.144
544.62	0.144
544.82	0.144
545.02	0.143
545.22	0.143
545.42	0.144
545.61	0.143
545.81	0.143
546.01	0.143
546.21	0.144
546.41	0.143
546.61	0.144
546.81	0.144
547.01	0.144
547.20	0.143
547.40	0.143
547.60	0.143
547.80	0.143
548.00	0.142
548.20	0.142
548.40	0.142
548.59	0.142
548.79	0.142
548.99	0.143
549.19	0.143
549.39	0.143
549.59	0.143
549.79	0.143
549.98	0.143
550.18	0.144
550.38	0.144
550.58	0.144
550.78	0.145
550.98	0.145
551.17	0.145
551.37	0.146
551.57	0.146
551.77	0.146
551.97	0.146
552.17	0.146
552.36	0.146
552.56	0.145
552.76	0.145
552.96	0.145
553.16	0.146
553.36	0.145
553.55	0.146
553.75	0.146
553.95	0.147
554.15	0.146
554.35	0.147
554.55	0.147
554.74	0.146
554.94	0.146
555.14	0.146
555.34	0.146
555.54	0.145
555.73	0.145
555.93	0.145
556.13	0.146
556.33	0.146
556.53	0.147
556.72	0.146
556.92	0.146
557.12	0.146
557.32	0.146
557.52	0.146
557.71	0.146
557.91	0.146
558.11	0.146
558.31	0.145
558.51	0.146
558.70	0.146
558.90	0.145
559.10	0.145
559.30	0.145
559.49	0.145
559.69	0.145
559.89	0.145
560.09	0.146
560.29	0.145
560.48	0.145
560.68	0.145
560.88	0.145
561.08	0.145
561.27	0.145
561.47	0.145
561.67	0.145
561.87	0.146
562.06	0.146
562.26	0.146
562.46	0.146
562.66	0.146
562.86	0.147
563.05	0.147
563.25	0.147
563.45	0.146
563.65	0.147
563.84	0.147
564.04	0.147
564.24	0.146
564.44	0.146
564.63	0.145
564.83	0.145
565.03	0.145
565.22	0.146
565.42	0.145
565.62	0.145
565.82	0.145
566.01	0.145
566.21	0.145
566.41	0.145
566.61	0.145
566.80	0.145
567.00	0.145
567.20	0.145
567.40	0.145
567.59	0.146
567.79	0.146
567.99	0.147
568.18	0.148
568.38	0.148
568.58	0.147
568.78	0.147
568.97	0.147
569.17	0.148
569.37	0.148
569.56	0.148
569.76	0.147
569.96	0.146
570.16	0.146
570.35	0.147
570.55	0.147
570.75	0.146
570.94	0.145
571.14	0.145
571.34	0.145
571.53	0.145
571.73	0.146
571.93	0.146
572.12	0.146
572.32	0.146
572.52	0.147
572.72	0.147
572.91	0.147
573.11	0.147
573.31	0.147
573.50	0.147
573.70	0.147
573.90	0.147
574.09	0.147
574.29	0.147
574.49	0.147
574.68	0.147
574.88	0.147
575.08	0.147
575.27	0.147
575.47	0.146
575.67	0.147
575.86	0.147
576.06	0.147
576.26	0.147
576.45	0.147
576.65	0.147
576.85	0.147
577.04	0.146
577.24	0.146
577.44	0.146
577.63	0.145
577.83	0.145
578.02	0.144
578.22	0.144
578.42	0.144
578.61	0.144
578.81	0.143
579.01	0.144
579.20	0.144
579.40	0.144
579.60	0.145
579.79	0.145
579.99	0.145
580.19	0.146
580.38	0.146
580.58	0.146
580.77	0.145
580.97	0.145
581.17	0.144
581.36	0.144
581.56	0.143
581.75	0.143
581.95	0.143
582.15	0.143
582.34	0.143
582.54	0.143
582.74	0.144
582.93	0.144
583.13	0.145
583.32	0.146
583.52	0.145
583.72	0.146
583.91	0.146
584.11	0.146
584.30	0.146
584.50	0.146
584.70	0.146
584.89	0.145
585.09	0.145
585.28	0.144
585.48	0.144
585.68	0.144
585.87	0.144
586.07	0.144
586.26	0.145
586.46	0.144
586.66	0.144
586.85	0.144
587.05	0.144
587.24	0.143
587.44	0.143
587.63	0.143
587.83	0.143
588.03	0.143
588.22	0.143
588.42	0.143
588.61	0.143
588.81	0.144
589.00	0.144
589.20	0.144
589.40	0.144
589.59	0.144
589.79	0.144
589.98	0.144
590.18	0.144
590.37	0.145
590.57	0.144
590.76	0.144
590.96	0.145
591.16	0.145
591.35	0.145
591.55	0.146
591.74	0.146
591.94	0.146
592.13	0.145
592.33	0.145
592.52	0.145
592.72	0.145
592.91	0.145
593.11	0.144
593.30	0.144
593.50	0.144
593.70	0.144
593.89	0.144
594.09	0.143
594.28	0.144
594.48	0.144
594.67	0.144
594.87	0.144
595.06	0.144
595.26	0.144
595.45	0.144
595.65	0.144
595.84	0.144
596.04	0.144
596.23	0.144
596.43	0.144
596.62	0.144
596.82	0.145
597.01	0.145
597.21	0.145
597.40	0.145
597.60	0.146
597.79	0.146
597.99	0.145
598.18	0.146
598.38	0.145
598.57	0.145
598.77	0.145
598.96	0.145
599.16	0.144
599.35	0.143
599.55	0.143
599.74	0.143
599.94	0.143
600.13	0.143
600.33	0.143
600.52	0.142
600.72	0.142
600.91	0.142
601.11	0.143
601.30	0.143
601.50	0.144
601.69	0.144
601.89	0.144
602.08	0.144
602.27	0.145
602.47	0.146
602.66	0.146
602.86	0.145
603.05	0.145
603.25	0.144
603.44	0.144
603.64	0.144
603.83	0.144
604.03	0.144
604.22	0.144
604.41	0.144
604.61	0.145
604.80	0.145
605.00	0.145
605.19	0.145
605.39	0.145
605.58	0.145
605.78	0.146
605.97	0.145
606.16	0.145
606.36	0.145
606.55	0.144
606.75	0.144
606.94	0.144
607.14	0.144
607.33	0.143
607.52	0.143
607.72	0.143
607.91	0.143
608.11	0.143
608.30	0.143
608.50	0.144
608.69	0.144
608.88	0.144
609.08	0.144
609.27	0.143
609.47	0.142
609.66	0.142
609.85	0.143
610.05	0.142
610.24	0.142
610.44	0.141
610.63	0.141
610.83	0.141
611.02	0.141
611.21	0.142
611.41	0.142
611.60	0.141
611.80	0.141
611.99	0.142
612.18	0.141
612.38	0.142
612.57	0.142
612.76	0.141
612.96	0.142
613.15	0.142
613.35	0.142
613.54	0.142
613.73	0.142
613.93	0.142
614.12	0.142
614.32	0.142
614.51	0.142
614.70	0.142
614.90	0.142
615.09	0.142
615.28	0.142
615.48	0.142
615.67	0.142
615.86	0.142
616.06	0.142
616.25	0.142
616.45	0.142
616.64	0.142
616.83	0.142
617.03	0.142
617.22	0.142
617.41	0.142
617.61	0.142
617.80	0.142
617.99	0.142
618.19	0.142
618.38	0.142
618.57	0.142
618.77	0.142
618.96	0.142
619.15	0.143
619.35	0.143
619.54	0.143
619.73	0.143
619.93	0.143
620.12	0.143
620.31	0.144
620.51	0.144
620.70	0.144
620.89	0.144
621.09	0.144
621.28	0.144
621.47	0.144
621.67	0.144
621.86	0.144
622.05	0.143
622.25	0.143
622.44	0.142
622.63	0.142
622.83	0.143
623.02	0.144
623.21	0.143
623.41	0.144
623.60	0.143
623.79	0.143
623.98	0.143
624.18	0.143
624.37	0.143
624.56	0.142
624.76	0.142
624.95	0.142
625.14	0.142
625.33	0.142
625.53	0.143
625.72	0.143
625.91	0.143
626.11	0.143
626.30	0.143
626.49	0.143
626.68	0.143
626.88	0.143
627.07	0.143
627.26	0.143
627.46	0.143
627.65	0.143
627.84	0.143
628.03	0.143
628.23	0.143
628.42	0.144
628.61	0.143
628.80	0.143
629.00	0.143
629.19	0.142
629.38	0.142
629.58	0.143
629.77	0.143
629.96	0.143
630.15	0.142
630.35	0.142
630.54	0.143
630.73	0.142
630.92	0.143
631.12	0.142
631.31	0.142
631.50	0.142
631.69	0.143
631.89	0.143
632.08	0.143
632.27	0.143
632.46	0.143
632.65	0.143
632.85	0.144
633.04	0.144
633.23	0.144
633.42	0.144
633.62	0.144
633.81	0.144
634.00	0.144
634.19	0.144
634.39	0.144
634.58	0.144
634.77	0.144
634.96	0.144
635.15	0.144
635.35	0.144
635.54	0.144
635.73	0.143
635.92	0.143
636.11	0.143
636.31	0.143
636.50	0.143
636.69	0.142
636.88	0.142
637.07	0.142
637.27	0.142
637.46	0.142
637.65	0.142
637.84	0.142
638.03	0.142
638.23	0.143
638.42	0.143
638.61	0.143
638.80	0.142
638.99	0.142
639.19	0.142
639.38	0.142
639.57	0.142
639.76	0.143
639.95	0.142
640.14	0.143
640.34	0.143
640.53	0.143
640.72	0.143
640.91	0.143
641.10	0.143
641.30	0.143
641.49	0.143
641.68	0.143
641.87	0.143
642.06	0.143
642.25	0.143
642.44	0.143
642.64	0.143
642.83	0.143
643.02	0.143
643.21	0.143
643.40	0.143
643.59	0.143
643.79	0.143
643.98	0.143
644.17	0.143
644.36	0.143
644.55	0.142
644.74	0.142
644.93	0.142
645.13	0.142
645.32	0.142
645.51	0.142
645.70	0.141
645.89	0.141
646.08	0.141
646.27	0.141
646.46	0.142
646.66	0.141
646.85	0.142
647.04	0.143
647.23	0.143
647.42	0.143
647.61	0.143
647.80	0.144
647.99	0.144
648.19	0.144
648.38	0.144
648.57	0.144
648.76	0.143
648.95	0.143
649.14	0.143
649.33	0.143
649.52	0.143
649.71	0.142
649.91	0.142
650.10	0.142
650.29	0.142
650.48	0.142
650.67	0.142
650.86	0.142
651.05	0.142
651.24	0.142
651.43	0.142
651.62	0.143
651.81	0.143
652.01	0.143
652.20	0.143
652.39	0.143
652.58	0.143
652.77	0.143
652.96	0.143
653.15	0.143
653.34	0.142
653.53	0.142
653.72	0.142
653.91	0.143
654.10	0.144
654.29	0.145
654.48	0.145
654.68	0.146
654.87	0.145
655.06	0.145
655.25	0.144
655.44	0.144
655.63	0.143
655.82	0.142
656.01	0.140
656.20	0.140
656.39	0.139
656.58	0.139
656.77	0.139
656.96	0.140
657.15	0.140
657.34	0.141
657.53	0.141
657.72	0.141
657.91	0.141
658.10	0.141
658.29	0.141
658.48	0.141
658.68	0.141
658.87	0.140
659.06	0.140
659.25	0.141
659.44	0.141
659.63	0.141
659.82	0.141
660.01	0.141
660.20	0.141
660.39	0.141
660.58	0.141
660.77	0.141
660.96	0.141
661.15	0.141
661.34	0.141
661.53	0.141
661.72	0.142
661.91	0.141
662.10	0.142
662.29	0.142
662.48	0.142
662.67	0.142
662.86	0.143
663.05	0.143
663.24	0.142
663.43	0.142
663.62	0.142
663.81	0.142
664.00	0.142
664.19	0.142
664.38	0.142
664.57	0.142
664.76	0.142
664.95	0.141
665.14	0.142
665.33	0.142
665.52	0.142
665.71	0.142
665.90	0.142
666.09	0.141
666.28	0.141
666.46	0.141
666.65	0.141
666.84	0.141
667.03	0.142
667.22	0.141
667.41	0.141
667.60	0.141
667.79	0.141
667.98	0.141
668.17	0.142
668.36	0.142
668.55	0.142
668.74	0.142
668.93	0.142
669.12	0.142
669.31	0.142
669.50	0.142
669.69	0.142
669.88	0.142
670.07	0.142
670.26	0.142
670.44	0.142
670.63	0.142
670.82	0.142
671.01	0.142
671.20	0.141
671.39	0.142
671.58	0.142
671.77	0.141
671.96	0.141
672.15	0.141
672.34	0.141
672.53	0.141
672.72	0.141
672.91	0.141
673.09	0.141
673.28	0.141
673.47	0.141
673.66	0.141
673.85	0.142
674.04	0.142
674.23	0.142
674.42	0.142
674.61	0.142
674.80	0.142
674.98	0.142
675.17	0.142
675.36	0.142
675.55	0.142
675.74	0.142
675.93	0.143
676.12	0.143
676.31	0.143
676.50	0.143
676.69	0.142
676.87	0.142
677.06	0.142
677.25	0.143
677.44	0.143
677.63	0.142
677.82	0.142
678.01	0.143
678.20	0.143
678.38	0.143
678.57	0.143
678.76	0.143
678.95	0.143
679.14	0.142
679.33	0.142
679.52	0.142
679.71	0.142
679.89	0.142
680.08	0.142
680.27	0.142
680.46	0.141
680.65	0.141
680.84	0.141
681.02	0.142
681.21	0.142
681.40	0.142
681.59	0.142
681.78	0.142
681.97	0.143
682.16	0.143
682.34	0.143
682.53	0.143
682.72	0.144
682.91	0.143
683.10	0.143
683.29	0.144
683.47	0.143
683.66	0.143
683.85	0.143
684.04	0.143
684.23	0.143
684.42	0.143
684.60	0.143
684.79	0.143
684.98	0.142
685.17	0.142
685.36	0.142
685.54	0.142
685.73	0.142
685.92	0.142
686.11	0.142
686.30	0.142
686.49	0.142
686.67	0.142
686.86	0.142
687.05	0.142
687.24	0.142
687.43	0.143
687.61	0.142
687.80	0.143
687.99	0.143
688.18	0.143
688.36	0.142
688.55	0.142
688.74	0.142
688.93	0.142
689.12	0.141
689.30	0.141
689.49	0.141
689.68	0.141
689.87	0.141
690.06	0.142
690.24	0.142
690.43	0.142
690.62	0.142
690.81	0.142
690.99	0.142
691.18	0.142
691.37	0.142
691.56	0.142
691.74	0.142
691.93	0.142
692.12	0.142
692.31	0.142
692.50	0.141
692.68	0.141
692.87	0.141
693.06	0.141
693.25	0.142
693.43	0.141
693.62	0.141
693.81	0.141
694.00	0.141
694.18	0.141
694.37	0.142
694.56	0.141
694.74	0.141
694.93	0.141
695.12	0.141
695.31	0.141
695.49	0.142
695.68	0.142
695.87	0.142
696.06	0.142
696.24	0.143
696.43	0.143
696.62	0.142
696.80	0.142
696.99	0.142
697.18	0.142
697.37	0.142
697.55	0.142
697.74	0.142
697.93	0.142
698.12	0.142
698.30	0.142
698.49	0.142
698.68	0.143
698.86	0.143
699.05	0.143
699.24	0.142
699.42	0.142
699.61	0.142
699.80	0.142
699.99	0.142
700.17	0.142
700.36	0.142
700.55	0.142
700.73	0.142
700.92	0.142
701.11	0.142
701.29	0.142
701.48	0.141
701.67	0.141
701.85	0.141
702.04	0.141
702.23	0.141
702.41	0.140
702.60	0.140
702.79	0.140
702.97	0.140
703.16	0.141
703.35	0.141
703.53	0.141
703.72	0.141
703.91	0.142
704.09	0.142
704.28	0.143
704.47	0.143
704.65	0.142
704.84	0.142
705.03	0.142
705.21	0.143
705.40	0.142
705.59	0.142
705.77	0.142
705.96	0.142
706.15	0.142
706.33	0.142
706.52	0.142
706.71	0.142
706.89	0.141
707.08	0.141
707.26	0.141
707.45	0.141
707.64	0.140
707.82	0.140
708.01	0.140
708.20	0.140
708.38	0.140
708.57	0.140
708.75	0.140
708.94	0.141
709.13	0.141
709.31	0.141
709.50	0.142
709.69	0.142
709.87	0.141
710.06	0.141
710.24	0.142
710.43	0.142
710.62	0.142
710.80	0.142
710.99	0.141
711.17	0.141
711.36	0.141
711.55	0.142
711.73	0.142
711.92	0.142
712.10	0.142
712.29	0.142
712.48	0.142
712.66	0.142
712.85	0.142
713.03	0.142
713.22	0.142
713.40	0.142
713.59	0.142
713.78	0.142
713.96	0.142
714.15	0.142
714.33	0.142
714.52	0.142
714.71	0.141
714.89	0.141
715.08	0.141
715.26	0.141
715.45	0.140
715.63	0.140
715.82	0.140
716.00	0.140
716.19	0.140
716.38	0.140
716.56	0.141
716.75	0.141
716.93	0.142
717.12	0.141
717.30	0.142
717.49	0.141
717.67	0.141
717.86	0.142
718.05	0.142
718.23	0.141
718.42	0.141
718.60	0.140
718.79	0.141
718.97	0.141
719.16	0.141
719.34	0.140
719.53	0.140
719.71	0.140
719.90	0.140
720.08	0.140
720.27	0.141
720.45	0.141
720.64	0.141
720.83	0.141
721.01	0.141
721.20	0.141
721.38	0.141
721.57	0.141
721.75	0.140
721.94	0.140
722.12	0.140
722.31	0.140
722.49	0.140
722.68	0.140
722.86	0.140
723.05	0.140
723.23	0.141
723.42	0.141
723.60	0.141
723.79	0.142
723.97	0.142
724.16	0.142
724.34	0.142
724.53	0.142
724.71	0.142
724.90	0.142
725.08	0.142
725.27	0.141
725.45	0.141
725.64	0.141
725.82	0.141
726.00	0.141
726.19	0.141
726.37	0.141
726.56	0.141
726.74	0.141
726.93	0.141
727.11	0.141
727.30	0.141
727.48	0.141
727.67	0.142
727.85	0.142
728.04	0.141
728.22	0.141
728.40	0.141
728.59	0.141
728.77	0.141
728.96	0.141
729.14	0.141
729.33	0.141
729.51	0.141
729.70	0.141
729.88	0.141
730.07	0.140
730.25	0.140
730.43	0.141
730.62	0.140
730.80	0.140
730.99	0.141
731.17	0.141
731.36	0.141
731.54	0.141
731.72	0.141
731.91	0.141
732.09	0.141
732.28	0.141
732.46	0.141
732.65	0.141
732.83	0.142
733.01	0.142
733.20	0.142
733.38	0.141
733.57	0.141
733.75	0.141
733.93	0.141
734.12	0.140
734.30	0.140
734.49	0.140
734.67	0.140
734.85	0.140
735.04	0.140
735.22	0.141
735.41	0.141
735.59	0.141
735.77	0.141
735.96	0.141
736.14	0.141
736.33	0.141
736.51	0.141
736.69	0.141
736.88	0.141
737.06	0.141
737.25	0.142
737.43	0.141
737.61	0.141
737.80	0.141
737.98	0.141
738.16	0.141
738.35	0.141
738.53	0.141
738.71	0.141
738.90	0.140
739.08	0.140
739.27	0.140
739.45	0.140
739.63	0.140
739.82	0.140
740.00	0.140
740.18	0.140
740.37	0.140
740.55	0.140
740.73	0.140
740.92	0.140
741.10	0.140
741.28	0.140
741.47	0.141
741.65	0.141
741.83	0.141
742.02	0.140
742.20	0.141
742.38	0.141
742.57	0.141
742.75	0.141
742.93	0.141
743.12	0.141
743.30	0.141
743.48	0.141
743.67	0.141
743.85	0.141
744.03	0.141
744.22	0.141
744.40	0.140
744.58	0.141
744.77	0.141
744.95	0.141
745.13	0.140
745.32	0.140
745.50	0.140
745.68	0.140
745.87	0.140
746.05	0.141
746.23	0.140
746.41	0.140
746.60	0.140
746.78	0.140
746.96	0.141
747.15	0.141
747.33	0.140
747.51	0.140
747.70	0.141
747.88	0.140
748.06	0.140
748.24	0.141
748.43	0.141
748.61	0.141
748.79	0.141
748.97	0.141
749.16	0.141
749.34	0.140
749.52	0.141
749.71	0.141
749.89	0.141
750.07	0.141
750.25	0.141
750.44	0.141
750.62	0.142
750.80	0.142
750.98	0.142
751.17	0.142
751.35	0.142
751.53	0.142
751.71	0.142
751.90	0.142
752.08	0.142
752.26	0.142
752.44	0.142
752.63	0.141
752.81	0.142
752.99	0.142
753.17	0.142
753.36	0.142
753.54	0.142
753.72	0.142
753.90	0.141
754.09	0.142
754.27	0.142
754.45	0.142
754.63	0.142
754.82	0.141
755.00	0.142
755.18	0.141
755.36	0.141
755.54	0.142
755.73	0.141
755.91	0.141
756.09	0.141
756.27	0.142
756.45	0.142
756.64	0.142
756.82	0.143
757.00	0.143
757.18	0.143
757.37	0.143
757.55	0.142
757.73	0.143
757.91	0.143
758.09	0.142
758.27	0.142
758.46	0.142
758.64	0.142
758.82	0.142
759.00	0.142
759.18	0.142
759.37	0.142
759.55	0.142
759.73	0.142
759.91	0.142
760.09	0.142
760.28	0.142
760.46	0.142
760.64	0.142
760.82	0.142
761.00	0.142
761.18	0.142
761.37	0.142
761.55	0.142
761.73	0.142
761.91	0.143
762.09	0.142
762.27	0.142
762.46	0.142
762.64	0.142
762.82	0.142
763.00	0.142
763.18	0.142
763.36	0.141
763.54	0.141
763.73	0.141
763.91	0.141
764.09	0.141
764.27	0.141
764.45	0.141
764.63	0.141
764.81	0.141
765.00	0.141
765.18	0.141
765.36	0.140
765.54	0.140
765.72	0.140
765.90	0.141
766.08	0.141
766.27	0.141
766.45	0.141
766.63	0.141
766.81	0.141
766.99	0.141
767.17	0.140
767.35	0.141
767.53	0.141
767.71	0.140
767.90	0.141
768.08	0.141
768.26	0.141
768.44	0.141
768.62	0.140
768.80	0.141
768.98	0.141
769.16	0.141
769.34	0.141
769.52	0.140
769.71	0.141
769.89	0.141
770.07	0.141
770.25	0.142
770.43	0.141
770.61	0.141
770.79	0.141
770.97	0.141
771.15	0.141
771.33	0.141
771.51	0.141
771.69	0.141
771.88	0.141
772.06	0.141
772.24	0.141
772.42	0.141
772.60	0.141
772.78	0.141
772.96	0.140
773.14	0.140
773.32	0.140
773.50	0.140
773.68	0.140
773.86	0.140
774.04	0.140
774.22	0.141
774.40	0.141
774.58	0.141
774.77	0.141
774.95	0.141
775.13	0.141
775.31	0.141
775.49	0.141
775.67	0.141
775.85	0.141
776.03	0.141
776.21	0.140
776.39	0.140
776.57	0.140
776.75	0.140
776.93	0.140
777.11	0.140
777.29	0.140
777.47	0.141
777.65	0.141
777.83	0.141
778.01	0.141
778.19	0.141
778.37	0.141
778.55	0.141
778.73	0.141
778.91	0.141
779.09	0.141
779.27	0.140
779.45	0.141
779.63	0.142
779.81	0.142
779.99	0.142
780.17	0.142
780.35	0.142
780.53	0.142
780.71	0.142
780.89	0.142
781.07	0.142
781.25	0.141
781.43	0.141
781.61	0.141
781.79	0.141
781.97	0.141
782.15	0.142
782.33	0.142
782.51	0.142
782.69	0.142
782.87	0.142
783.05	0.143
783.23	0.142
783.41	0.142
783.59	0.141
783.77	0.141
783.95	0.141
784.13	0.141
784.31	0.141
784.49	0.141
784.67	0.141
784.85	0.142
785.03	0.142
785.21	0.142
785.38	0.143
785.56	0.143
785.74	0.142
785.92	0.142
786.10	0.142
786.28	0.142
786.46	0.143
786.64	0.142
786.82	0.142
787.00	0.142
787.18	0.143
787.36	0.143
787.54	0.143
787.72	0.143
787.90	0.143
788.08	0.143
788.25	0.144
788.43	0.144
788.61	0.144
788.79	0.143
788.97	0.143
789.15	0.143
789.33	0.143
789.51	0.143
789.69	0.142
789.87	0.142
790.05	0.142
790.23	0.142
790.40	0.142
790.58	0.143
790.76	0.143
790.94	0.143
791.12	0.143
791.30	0.143
791.48	0.143
791.66	0.143
791.84	0.143
792.02	0.143
792.19	0.143
792.37	0.143
792.55	0.144
792.73	0.144
792.91	0.144
793.09	0.144
793.27	0.144
793.45	0.144
793.63	0.144
793.80	0.144
793.98	0.144
794.16	0.144
794.34	0.145
794.52	0.144
794.70	0.144
794.88	0.144
795.05	0.144
795.23	0.144
795.41	0.144
795.59	0.143
795.77	0.143
795.95	0.143
796.13	0.143
796.30	0.143
796.48	0.143
796.66	0.143
796.84	0.143
797.02	0.143
797.20	0.143
797.38	0.143
797.55	0.143
797.73	0.143
797.91	0.143
798.09	0.143
798.27	0.143
798.45	0.143
798.62	0.143
798.80	0.143
798.98	0.143
799.16	0.143
799.34	0.143
799.52	0.143
799.69	0.144
799.87	0.143
800.05	0.144
800.23	0.144
800.41	0.144
800.58	0.144
800.76	0.144
800.94	0.144
801.12	0.143
801.30	0.143
801.47	0.143
801.65	0.143
801.83	0.143
802.01	0.143
802.19	0.144
802.36	0.144
802.54	0.144
802.72	0.144
802.90	0.145
803.08	0.144
803.25	0.145
803.43	0.144
803.61	0.144
803.79	0.144
803.97	0.144
804.14	0.144
804.32	0.144
804.50	0.145
804.68	0.145
804.85	0.144
805.03	0.144
805.21	0.144
805.39	0.143
805.56	0.143
805.74	0.144
805.92	0.144
806.10	0.143
806.28	0.143
806.45	0.144
806.63	0.144
806.81	0.144
806.99	0.144
807.16	0.144
807.34	0.145
807.52	0.144
807.70	0.143
807.87	0.144
808.05	0.143
808.23	0.143
808.41	0.143
808.58	0.143
808.76	0.143
808.94	0.143
809.11	0.144
809.29	0.144
809.47	0.143
809.65	0.144
809.82	0.144
810.00	0.144
810.18	0.144
810.36	0.144
810.53	0.143
810.71	0.144
810.89	0.144
811.06	0.145
811.24	0.144
811.42	0.144
811.60	0.144
811.77	0.144
811.95	0.144
812.13	0.144
812.30	0.144
812.48	0.145
812.66	0.144
812.83	0.145
813.01	0.146
813.19	0.146
813.37	0.146
813.54	0.145
813.72	0.146
813.90	0.146
814.07	0.146
814.25	0.146
814.43	0.145
814.60	0.145
814.78	0.145
814.96	0.145
815.13	0.145
815.31	0.145
815.49	0.145
815.66	0.146
815.84	0.146
816.02	0.147
816.19	0.147
816.37	0.147
816.55	0.147
816.72	0.147
816.90	0.147
817.08	0.146
817.25	0.146
817.43	0.145
817.61	0.145
817.78	0.144
817.96	0.144
818.14	0.145
818.31	0.145
818.49	0.145
818.67	0.146
818.84	0.146
819.02	0.147
819.19	0.147
819.37	0.147
819.55	0.148
819.72	0.148
819.90	0.147
820.08	0.147
820.25	0.147
820.43	0.147
820.60	0.147
820.78	0.146
820.96	0.146
821.13	0.146
821.31	0.146
821.49	0.147
821.66	0.146
821.84	0.146
822.01	0.147
822.19	0.147
822.37	0.147
822.54	0.147
822.72	0.147
822.89	0.146
823.07	0.146
823.25	0.146
823.42	0.145
823.60	0.146
823.77	0.146
823.95	0.146
824.13	0.147
824.30	0.146
824.48	0.147
824.65	0.147
824.83	0.147
825.01	0.148
825.18	0.147
825.36	0.146
825.53	0.147
825.71	0.147
825.88	0.147
826.06	0.148
826.24	0.147
826.41	0.147
826.59	0.148
826.76	0.148
826.94	0.148
827.11	0.147
827.29	0.147
827.47	0.147
827.64	0.146
827.82	0.146
827.99	0.146
828.17	0.145
828.34	0.145
828.52	0.145
828.69	0.146
828.87	0.146
829.04	0.146
829.22	0.147
829.40	0.148
829.57	0.148
829.75	0.148
829.92	0.148
830.10	0.149
830.27	0.148
830.45	0.148
830.62	0.148
830.80	0.149
830.97	0.148
831.15	0.148
831.32	0.149
831.50	0.149
831.67	0.148
831.85	0.149
832.02	0.148
832.20	0.149
832.37	0.148
832.55	0.148
832.73	0.148
832.90	0.148
833.08	0.148
833.25	0.148
833.43	0.148
833.60	0.148
833.78	0.148
833.95	0.148
834.13	0.147
834.30	0.147
834.48	0.147
834.65	0.148
834.82	0.148
835.00	0.148
835.17	0.148
835.35	0.149
835.52	0.149
835.70	0.149
835.87	0.150
836.05	0.150
836.22	0.149
836.40	0.149
836.57	0.149
836.75	0.149
836.92	0.149
837.10	0.149
837.27	0.149
837.45	0.149
837.62	0.149
837.80	0.149
837.97	0.150
838.14	0.150
838.32	0.150
838.49	0.150
838.67	0.150
838.84	0.150
839.02	0.150
839.19	0.149
839.37	0.150
839.54	0.150
839.71	0.150
839.89	0.150
840.06	0.150
840.24	0.150
840.41	0.151
840.59	0.151
840.76	0.152
840.94	0.151
841.11	0.150
841.28	0.149
841.46	0.150
841.63	0.151
841.81	0.151
841.98	0.151
842.15	0.150
842.33	0.150
842.50	0.151
842.68	0.151
842.85	0.152
843.03	0.151
843.20	0.151
843.37	0.150
843.55	0.150
843.72	0.150
843.90	0.150
844.07	0.149
844.24	0.149
844.42	0.149
844.59	0.149
844.77	0.149
844.94	0.150
845.11	0.150
845.29	0.150
845.46	0.150
845.63	0.150
845.81	0.151
845.98	0.150
846.16	0.150
846.33	0.150
846.50	0.151
846.68	0.152
846.85	0.153
847.02	0.153
847.20	0.153
847.37	0.153
847.55	0.153
847.72	0.153
847.89	0.153
848.07	0.152
848.24	0.152
848.41	0.152
848.59	0.152
848.76	0.152
848.93	0.152
849.11	0.152
849.28	0.152
849.45	0.152
849.63	0.153
849.80	0.152
849.97	0.152
850.15	0.152
850.32	0.152
850.49	0.151
850.67	0.152
850.84	0.152
851.01	0.152
851.19	0.151
851.36	0.151
851.53	0.152
851.71	0.151
851.88	0.152
852.05	0.152
852.23	0.152
852.40	0.152
852.57	0.152
852.75	0.153
852.92	0.154
853.09	0.153
853.27	0.154
853.44	0.154
853.61	0.153
853.79	0.153
853.96	0.152
854.13	0.152
854.30	0.151
854.48	0.151
854.65	0.151
854.82	0.151
855.00	0.150
855.17	0.151
855.34	0.151
855.51	0.152
855.69	0.153
855.86	0.153
856.03	0.153
856.21	0.153
856.38	0.152
856.55	0.152
856.72	0.152
856.90	0.152
857.07	0.152
857.24	0.152
857.42	0.151
857.59	0.151
857.76	0.151
857.93	0.151
858.11	0.152
858.28	0.151
858.45	0.151
858.62	0.151
858.80	0.150
858.97	0.151
859.14	0.151
859.31	0.150
859.49	0.150
859.66	0.151
859.83	0.151
860.00	0.150
860.18	0.150
860.35	0.150
860.52	0.150
860.69	0.151
860.86	0.151
861.04	0.151
861.21	0.151
861.38	0.151
861.55	0.151
861.73	0.152
861.90	0.152
862.07	0.151
862.24	0.151
862.42	0.151
862.59	0.151
862.76	0.152
862.93	0.152
863.10	0.152
863.28	0.152
863.45	0.152
863.62	0.152
863.79	0.153
863.96	0.153
864.14	0.153
864.31	0.153
864.48	0.152
864.65	0.152
864.82	0.152
865.00	0.152
865.17	0.151
865.34	0.151
865.51	0.151
865.68	0.151
865.86	0.151
866.03	0.151
866.20	0.151
866.37	0.152
866.54	0.152
866.71	0.152
866.89	0.152
867.06	0.153
867.23	0.153
867.40	0.154
867.57	0.154
867.74	0.154
867.92	0.153
868.09	0.152
868.26	0.153
868.43	0.153
868.60	0.153
868.77	0.153
868.95	0.152
869.12	0.152
869.29	0.152
869.46	0.152
869.63	0.154
869.80	0.153
869.97	0.153
870.15	0.153
870.32	0.152
870.49	0.152
870.66	0.152
870.83	0.152
871.00	0.152
871.17	0.151
871.34	0.151
871.52	0.151
871.69	0.150
871.86	0.150
872.03	0.150
872.20	0.149
872.37	0.149
872.54	0.149
872.71	0.149
872.89	0.149
873.06	0.149
873.23	0.150
873.40	0.150
873.57	0.151
873.74	0.152
873.91	0.151
874.08	0.152
874.25	0.152
874.42	0.153
874.60	0.154
874.77	0.153
874.94	0.153
875.11	0.152
875.28	0.151
875.45	0.151
875.62	0.150
875.79	0.150
875.96	0.149
876.13	0.148
876.30	0.149
876.47	0.149
876.65	0.150
876.82	0.149
876.99	0.150
877.16	0.150
877.33	0.151
877.50	0.151
877.67	0.152
877.84	0.151
878.01	0.152
878.18	0.151
878.35	0.151
878.52	0.151
878.69	0.150
878.86	0.149
879.03	0.148
879.20	0.148
879.38	0.148
879.55	0.147
879.72	0.148
879.89	0.148
880.06	0.148
880.23	0.149
880.40	0.149
880.57	0.150
880.74	0.150
880.91	0.151
881.08	0.152
881.25	0.151
881.42	0.151
881.59	0.150
881.76	0.150
881.93	0.151
882.10	0.151
882.27	0.150
882.44	0.150
882.61	0.150
882.78	0.151
882.95	0.152
883.12	0.153
883.29	0.153
883.46	0.153
883.63	0.152
883.80	0.152
883.97	0.151
884.14	0.150
884.31	0.150
884.48	0.149
884.65	0.149
884.82	0.148
884.99	0.149
885.16	0.149
885.33	0.149
885.50	0.149
885.67	0.149
885.84	0.149
886.01	0.149
886.18	0.148
886.35	0.148
886.52	0.148
886.69	0.148
886.86	0.148
887.03	0.148
887.20	0.148
887.37	0.147
887.54	0.148
887.71	0.147
887.88	0.147
888.05	0.147
888.22	0.147
888.39	0.147
888.55	0.146
888.72	0.148
888.89	0.148
889.06	0.147
889.23	0.148
889.40	0.148
889.57	0.148
889.74	0.148
889.91	0.148
890.08	0.148
890.25	0.147
890.42	0.148
890.59	0.149
890.76	0.149
890.93	0.148
891.10	0.147
891.26	0.147
891.43	0.147
891.60	0.147
891.77	0.147
891.94	0.146
892.11	0.146
892.28	0.146
892.45	0.148
892.62	0.148
892.79	0.147
892.96	0.147
893.13	0.146
893.29	0.146
893.46	0.146
893.63	0.145
893.80	0.145
893.97	0.145
894.14	0.145
894.31	0.145
894.48	0.154
894.65	0.150
894.81	0.140
894.98	0.139
