177.34	-0.446
177.56	-0.446
177.78	-0.446
178.00	0.444
178.22	0.026
178.44	0.059
178.66	0.056
178.89	0.082
179.11	0.020
179.33	0.067
179.55	-0.204
179.77	-0.489
179.99	-0.990
180.21	-0.765
180.43	1.521
180.65	0.554
180.87	0.463
181.09	0.417
181.31	0.383
181.53	0.359
181.75	0.420
181.97	0.415
182.19	0.391
182.41	0.364
182.63	0.361
182.85	0.347
183.07	0.337
183.30	0.337
183.52	0.377
183.74	0.367
183.96	0.359
184.18	0.381
184.40	0.429
184.62	0.449
184.84	0.434
185.06	0.468
185.28	0.489
185.50	0.543
185.72	0.601
185.94	0.638
186.16	0.642
186.38	0.632
186.60	0.631
186.82	0.711
187.04	0.747
187.26	0.828
187.48	0.829
187.70	0.827
187.92	0.814
188.14	0.865
188.36	0.920
188.58	0.927
188.80	0.951
189.02	0.969
189.24	0.981
189.46	0.954
189.68	0.974
189.90	1.072
190.12	1.081
190.34	1.133
190.56	1.171
190.78	1.192
191.00	1.189
191.22	1.181
191.44	1.213
191.66	1.256
191.88	1.224
192.10	1.240
192.32	1.231
192.54	1.250
192.76	1.235
192.98	1.275
193.20	1.334
193.42	1.314
193.64	1.309
193.86	1.338
194.08	1.367
194.30	1.357
194.52	1.380
194.74	1.410
194.96	1.397
195.18	1.352
195.40	1.420
195.62	1.413
195.84	1.413
196.06	1.383
196.28	1.451
196.50	1.459
196.72	1.463
196.94	1.492
197.16	1.502
197.38	1.472
197.60	1.454
197.82	1.452
198.04	1.434
198.26	1.404
198.48	1.429
198.70	1.461
198.92	1.466
199.13	1.508
199.35	1.534
199.57	1.585
199.79	1.572
200.01	1.648
200.23	1.654
200.45	1.632
200.67	1.644
200.89	1.658
201.11	1.653
201.33	1.656
201.55	1.686
201.77	1.723
201.99	1.709
202.21	1.680
202.43	1.704
202.65	1.704
202.87	1.703
203.09	1.708
203.31	1.700
203.52	1.721
203.74	1.748
203.96	1.760
204.18	1.828
204.40	1.885
204.62	1.901
204.84	1.887
205.06	1.921
205.28	1.963
205.50	1.934
205.72	1.944
205.94	1.936
206.16	1.875
206.38	1.816
206.59	1.827
206.81	1.856
207.03	1.857
207.25	1.894
207.47	1.888
207.69	1.894
207.91	1.923
208.13	1.971
208.35	1.971
208.57	1.994
208.79	1.940
209.01	1.903
209.22	1.885
209.44	1.906
209.66	1.913
209.88	1.911
210.10	1.939
210.32	1.951
210.54	1.915
210.76	1.977
210.98	1.988
211.20	1.979
211.42	1.963
211.63	1.977
211.85	1.987
212.07	1.984
212.29	1.991
212.51	1.995
212.73	1.991
212.95	2.003
213.17	2.025
213.39	2.068
213.60	2.085
213.82	2.088
214.04	2.091
214.26	2.131
214.48	2.203
214.70	2.216
214.92	2.262
215.14	2.253
215.35	2.219
215.57	2.177
215.79	2.203
216.01	2.226
216.23	2.209
216.45	2.173
216.67	2.160
216.89	2.136
217.10	2.130
217.32	2.125
217.54	2.134
217.76	2.123
217.98	2.105
218.20	2.090
218.42	2.082
218.64	2.096
218.85	2.114
219.07	2.130
219.29	2.141
219.51	2.165
219.73	2.166
219.95	2.162
220.17	2.188
220.38	2.174
220.60	2.182
220.82	2.224
221.04	2.176
221.26	2.160
221.48	2.136
221.69	2.143
221.91	2.137
222.13	2.124
222.35	2.140
222.57	2.137
222.79	2.134
223.00	2.174
223.22	2.225
223.44	2.265
223.66	2.268
223.88	2.305
224.10	2.338
224.32	2.335
224.53	2.322
224.75	2.313
224.97	2.308
225.19	2.290
225.41	2.274
225.62	2.305
225.84	2.298
226.06	2.262
226.28	2.296
226.50	2.339
226.72	2.316
226.93	2.308
227.15	2.278
227.37	2.291
227.59	2.259
227.81	2.275
228.02	2.302
228.24	2.277
228.46	2.245
228.68	2.245
228.90	2.248
229.12	2.251
229.33	2.211
229.55	2.200
229.77	2.166
229.99	2.131
230.21	2.107
230.42	2.092
230.64	2.073
230.86	2.073
231.08	2.065
231.30	2.054
231.51	2.035
231.73	2.011
231.95	1.989
232.17	1.967
232.38	1.946
232.60	1.921
232.82	1.889
233.04	1.862
233.26	1.842
233.47	1.820
233.69	1.803
233.91	1.790
234.13	1.771
234.35	1.758
234.56	1.737
234.78	1.721
235.00	1.704
235.22	1.682
235.43	1.668
235.65	1.654
235.87	1.626
236.09	1.612
236.30	1.591
236.52	1.579
236.74	1.560
236.96	1.541
237.18	1.527
237.39	1.512
237.61	1.495
237.83	1.485
238.05	1.469
238.26	1.455
238.48	1.438
238.70	1.422
238.92	1.409
239.13	1.393
239.35	1.377
239.57	1.362
239.79	1.348
240.00	1.333
240.22	1.318
240.44	1.306
240.66	1.295
240.87	1.282
241.09	1.270
241.31	1.257
241.53	1.245
241.74	1.233
241.96	1.219
242.18	1.208
242.40	1.196
242.61	1.183
242.83	1.171
243.05	1.160
243.27	1.151
243.48	1.140
243.70	1.130
243.92	1.122
244.13	1.112
244.35	1.103
244.57	1.093
244.79	1.085
245.00	1.076
245.22	1.066
245.44	1.057
245.65	1.049
245.87	1.040
246.09	1.033
246.31	1.025
246.52	1.016
246.74	1.009
246.96	0.999
247.18	0.993
247.39	0.986
247.61	0.978
247.83	0.972
248.04	0.964
248.26	0.957
248.48	0.951
248.69	0.944
248.91	0.938
249.13	0.931
249.35	0.926
249.56	0.920
249.78	0.915
250.00	0.910
250.21	0.904
250.43	0.900
250.65	0.895
250.86	0.891
251.08	0.886
251.30	0.882
251.51	0.877
251.73	0.873
251.95	0.868
252.17	0.863
252.38	0.858
252.60	0.853
252.82	0.850
253.03	0.846
253.25	0.841
253.47	0.838
253.68	0.834
253.90	0.831
254.12	0.828
254.33	0.826
254.55	0.823
254.77	0.820
254.98	0.816
255.20	0.813
255.42	0.809
255.63	0.807
255.85	0.805
256.07	0.802
256.28	0.800
256.50	0.798
256.72	0.796
256.93	0.794
257.15	0.791
257.37	0.789
257.58	0.788
257.80	0.786
258.02	0.783
258.23	0.780
258.45	0.778
258.67	0.775
258.88	0.773
259.10	0.772
259.32	0.770
259.53	0.768
259.75	0.767
259.96	0.766
260.18	0.765
260.40	0.764
260.61	0.763
260.83	0.761
261.05	0.759
261.26	0.758
261.48	0.757
261.70	0.755
261.91	0.754
262.13	0.752
262.34	0.751
262.56	0.749
262.78	0.749
262.99	0.748
263.21	0.746
263.43	0.745
263.64	0.744
263.86	0.743
264.07	0.742
264.29	0.741
264.51	0.740
264.72	0.739
264.94	0.738
265.16	0.738
265.37	0.738
265.59	0.736
265.80	0.735
266.02	0.734
266.24	0.732
266.45	0.731
266.67	0.730
266.88	0.729
267.10	0.728
267.32	0.727
267.53	0.726
267.75	0.724
267.96	0.723
268.18	0.721
268.40	0.719
268.61	0.718
268.83	0.716
269.04	0.715
269.26	0.713
269.48	0.711
269.69	0.710
269.91	0.708
270.12	0.707
270.34	0.706
270.56	0.704
270.77	0.703
270.99	0.700
271.20	0.698
271.42	0.697
271.64	0.696
271.85	0.694
272.07	0.693
272.28	0.691
272.50	0.689
272.71	0.687
272.93	0.686
273.15	0.683
273.36	0.681
273.58	0.679
273.79	0.678
274.01	0.676
274.22	0.673
274.44	0.671
274.66	0.669
274.87	0.666
275.09	0.665
275.30	0.662
275.52	0.660
275.73	0.657
275.95	0.655
276.16	0.653
276.38	0.651
276.60	0.648
276.81	0.645
277.03	0.643
277.24	0.640
277.46	0.638
277.67	0.635
277.89	0.632
278.10	0.630
278.32	0.627
278.53	0.623
278.75	0.621
278.97	0.618
279.18	0.616
279.40	0.613
279.61	0.610
279.83	0.607
280.04	0.604
280.26	0.601
280.47	0.598
280.69	0.595
280.90	0.592
281.12	0.588
281.33	0.585
281.55	0.581
281.76	0.579
281.98	0.576
282.20	0.573
282.41	0.570
282.63	0.568
282.84	0.565
283.06	0.562
283.27	0.559
283.49	0.556
283.70	0.553
283.92	0.548
284.13	0.545
284.35	0.542
284.56	0.538
284.78	0.534
284.99	0.531
285.21	0.527
285.42	0.524
285.64	0.520
285.85	0.517
286.07	0.514
286.28	0.510
286.50	0.507
286.71	0.504
286.93	0.501
287.14	0.498
287.36	0.494
287.57	0.491
287.79	0.487
288.00	0.484
288.22	0.480
288.43	0.477
288.65	0.473
288.86	0.470
289.08	0.466
289.29	0.463
289.51	0.460
289.72	0.457
289.94	0.454
290.15	0.451
290.37	0.449
290.58	0.445
290.80	0.442
291.01	0.439
291.22	0.437
291.44	0.433
291.65	0.430
291.87	0.426
292.08	0.424
292.30	0.421
292.51	0.418
292.73	0.415
292.94	0.412
293.16	0.408
293.37	0.406
293.59	0.403
293.80	0.401
294.02	0.397
294.23	0.395
294.44	0.392
294.66	0.389
294.87	0.387
295.09	0.385
295.30	0.382
295.52	0.379
295.73	0.377
295.95	0.375
296.16	0.372
296.37	0.370
296.59	0.367
296.80	0.364
297.02	0.361
297.23	0.359
297.45	0.356
297.66	0.354
297.88	0.351
298.09	0.349
298.30	0.346
298.52	0.344
298.73	0.341
298.95	0.339
299.16	0.337
299.38	0.335
299.59	0.332
299.80	0.330
300.02	0.328
300.23	0.325
300.45	0.323
300.66	0.321
300.88	0.319
301.09	0.316
301.30	0.315
301.52	0.313
301.73	0.311
301.95	0.309
302.16	0.307
302.37	0.305
302.59	0.303
302.80	0.301
303.02	0.299
303.23	0.296
303.45	0.294
303.66	0.292
303.87	0.290
304.09	0.289
304.30	0.286
304.52	0.285
304.73	0.283
304.94	0.281
305.16	0.279
305.37	0.278
305.59	0.276
305.80	0.274
306.01	0.272
306.23	0.270
306.44	0.268
306.65	0.267
306.87	0.265
307.08	0.264
307.30	0.264
307.51	0.263
307.72	0.261
307.94	0.260
308.15	0.258
308.37	0.256
308.58	0.254
308.79	0.252
309.01	0.249
309.22	0.245
309.43	0.242
309.65	0.241
309.86	0.240
310.07	0.239
310.29	0.238
310.50	0.237
310.72	0.236
310.93	0.235
311.14	0.235
311.36	0.234
311.57	0.233
311.78	0.231
312.00	0.229
312.21	0.227
312.42	0.225
312.64	0.224
312.85	0.223
313.07	0.222
313.28	0.220
313.49	0.219
313.71	0.219
313.92	0.218
314.13	0.217
314.35	0.216
314.56	0.215
314.77	0.214
314.99	0.213
315.20	0.212
315.41	0.211
315.63	0.210
315.84	0.209
316.05	0.208
316.27	0.207
316.48	0.206
316.69	0.205
316.91	0.204
317.12	0.203
317.33	0.202
317.55	0.201
317.76	0.200
317.97	0.199
318.19	0.198
318.40	0.197
318.61	0.196
318.83	0.195
319.04	0.194
319.25	0.194
319.47	0.193
319.68	0.192
319.89	0.191
320.10	0.191
320.32	0.190
320.53	0.189
320.74	0.188
320.96	0.187
321.17	0.186
321.38	0.185
321.60	0.185
321.81	0.184
322.02	0.183
322.24	0.182
322.45	0.182
322.66	0.181
322.87	0.180
323.09	0.180
323.30	0.179
323.51	0.178
323.73	0.178
323.94	0.177
324.15	0.176
324.36	0.176
324.58	0.175
324.79	0.174
325.00	0.174
325.22	0.173
325.43	0.173
325.64	0.172
325.85	0.172
326.07	0.171
326.28	0.170
326.49	0.170
326.71	0.169
326.92	0.169
327.13	0.168
327.34	0.168
327.56	0.168
327.77	0.167
327.98	0.166
328.19	0.166
328.41	0.165
328.62	0.165
328.83	0.165
329.04	0.165
329.26	0.164
329.47	0.163
329.68	0.163
329.90	0.162
330.11	0.162
330.32	0.161
330.53	0.161
330.75	0.160
330.96	0.160
331.17	0.159
331.38	0.159
331.60	0.158
331.81	0.157
332.02	0.157
332.23	0.157
332.44	0.157
332.66	0.157
332.87	0.156
333.08	0.156
333.29	0.156
333.51	0.156
333.72	0.155
333.93	0.155
334.14	0.154
334.36	0.154
334.57	0.153
334.78	0.152
334.99	0.152
335.21	0.151
335.42	0.151
335.63	0.151
335.84	0.151
336.05	0.151
336.27	0.150
336.48	0.150
336.69	0.150
336.90	0.149
337.11	0.149
337.33	0.149
337.54	0.148
337.75	0.148
337.96	0.148
338.18	0.147
338.39	0.147
338.60	0.147
338.81	0.147
339.02	0.147
339.24	0.147
339.45	0.147
339.66	0.146
339.87	0.145
340.08	0.145
340.30	0.145
340.51	0.145
340.72	0.145
340.93	0.144
341.14	0.144
341.36	0.144
341.57	0.143
341.78	0.143
341.99	0.143
342.20	0.142
342.41	0.142
342.63	0.142
342.84	0.141
343.05	0.140
343.26	0.140
343.47	0.140
343.69	0.140
343.90	0.139
344.11	0.139
344.32	0.139
344.53	0.138
344.74	0.138
344.96	0.137
345.17	0.138
345.38	0.137
345.59	0.137
345.80	0.136
346.01	0.136
346.23	0.136
346.44	0.135
346.65	0.135
346.86	0.135
347.07	0.135
347.28	0.134
347.50	0.134
347.71	0.134
347.92	0.134
348.13	0.134
348.34	0.134
348.55	0.134
348.76	0.134
348.98	0.134
349.19	0.133
349.40	0.133
349.61	0.133
349.82	0.133
350.03	0.132
350.24	0.132
350.46	0.132
350.67	0.131
350.88	0.131
351.09	0.131
351.30	0.131
351.51	0.131
351.72	0.131
351.93	0.131
352.15	0.131
352.36	0.131
352.57	0.131
352.78	0.130
352.99	0.130
353.20	0.130
353.41	0.130
353.62	0.130
353.84	0.130
354.05	0.129
354.26	0.129
354.47	0.129
354.68	0.129
354.89	0.129
355.10	0.129
355.31	0.129
355.52	0.128
355.74	0.128
355.95	0.128
356.16	0.127
356.37	0.127
356.58	0.126
356.79	0.125
357.00	0.125
357.21	0.124
357.42	0.124
357.63	0.124
357.85	0.123
358.06	0.123
358.27	0.123
358.48	0.123
358.69	0.123
358.90	0.123
359.11	0.123
359.32	0.123
359.53	0.123
359.74	0.123
359.95	0.122
360.17	0.121
360.38	0.122
360.59	0.122
360.80	0.121
361.01	0.121
361.22	0.121
361.43	0.121
361.64	0.120
361.85	0.120
362.06	0.121
362.27	0.120
362.48	0.119
362.69	0.119
362.90	0.118
363.12	0.118
363.33	0.118
363.54	0.118
363.75	0.118
363.96	0.118
364.17	0.118
364.38	0.118
364.59	0.118
364.80	0.118
365.01	0.118
365.22	0.118
365.43	0.118
365.64	0.117
365.85	0.117
366.06	0.117
366.27	0.117
366.48	0.117
366.69	0.116
366.90	0.116
367.11	0.116
367.32	0.116
367.54	0.116
367.75	0.116
367.96	0.115
368.17	0.115
368.38	0.115
368.59	0.114
368.80	0.114
369.01	0.113
369.22	0.113
369.43	0.113
369.64	0.113
369.85	0.113
370.06	0.113
370.27	0.113
370.48	0.113
370.69	0.113
370.90	0.113
371.11	0.112
371.32	0.112
371.53	0.112
371.74	0.112
371.95	0.112
372.16	0.112
372.37	0.111
372.58	0.111
372.79	0.111
373.00	0.111
373.21	0.111
373.42	0.112
373.63	0.112
373.84	0.112
374.05	0.111
374.26	0.112
374.47	0.112
374.68	0.112
374.89	0.112
375.10	0.112
375.31	0.112
375.52	0.112
375.73	0.112
375.94	0.111
376.15	0.111
376.36	0.111
376.57	0.111
376.78	0.110
376.99	0.111
377.20	0.111
377.41	0.110
377.62	0.110
377.83	0.110
378.04	0.109
378.25	0.109
378.46	0.109
378.67	0.109
378.88	0.108
379.09	0.108
379.30	0.108
379.51	0.108
379.72	0.107
379.92	0.107
380.13	0.107
380.34	0.107
380.55	0.106
380.76	0.107
380.97	0.106
381.18	0.106
381.39	0.106
381.60	0.106
381.81	0.106
382.02	0.105
382.23	0.105
382.44	0.105
382.65	0.105
382.86	0.105
383.07	0.105
383.28	0.105
383.49	0.105
383.70	0.105
383.91	0.105
384.11	0.106
384.32	0.106
384.53	0.106
384.74	0.106
384.95	0.106
385.16	0.106
385.37	0.106
385.58	0.106
385.79	0.106
386.00	0.106
386.21	0.105
386.42	0.105
386.63	0.105
386.84	0.105
387.04	0.104
387.25	0.104
387.46	0.104
387.67	0.103
387.88	0.103
388.09	0.104
388.30	0.103
388.51	0.104
388.72	0.103
388.93	0.104
389.14	0.104
389.34	0.104
389.55	0.104
389.76	0.104
389.97	0.104
390.18	0.104
390.39	0.103
390.60	0.104
390.81	0.103
391.02	0.103
391.23	0.103
391.43	0.104
391.64	0.104
391.85	0.104
392.06	0.104
392.27	0.104
392.48	0.104
392.69	0.104
392.90	0.103
393.11	0.103
393.31	0.102
393.52	0.102
393.73	0.102
393.94	0.102
394.15	0.102
394.36	0.102
394.57	0.101
394.78	0.101
394.98	0.101
395.19	0.101
395.40	0.101
395.61	0.101
395.82	0.101
396.03	0.101
396.24	0.101
396.44	0.101
396.65	0.102
396.86	0.102
397.07	0.101
397.28	0.101
397.49	0.101
397.70	0.101
397.90	0.100
398.11	0.099
398.32	0.099
398.53	0.098
398.74	0.098
398.95	0.098
399.16	0.098
399.36	0.098
399.57	0.099
399.78	0.099
399.99	0.099
400.20	0.099
400.41	0.100
400.61	0.100
400.82	0.100
401.03	0.100
401.24	0.100
401.45	0.099
401.66	0.099
401.86	0.099
402.07	0.099
402.28	0.099
402.49	0.099
402.70	0.099
402.91	0.099
403.11	0.099
403.32	0.099
403.53	0.099
403.74	0.098
403.95	0.098
404.15	0.098
404.36	0.098
404.57	0.098
404.78	0.098
404.99	0.097
405.20	0.097
405.40	0.097
405.61	0.096
405.82	0.096
406.03	0.096
406.24	0.096
406.44	0.096
406.65	0.096
406.86	0.097
407.07	0.098
407.28	0.098
407.48	0.099
407.69	0.099
407.90	0.099
408.11	0.099
408.32	0.099
408.52	0.098
408.73	0.098
408.94	0.097
409.15	0.098
409.35	0.097
409.56	0.097
409.77	0.098
409.98	0.097
410.19	0.097
410.39	0.098
410.60	0.098
410.81	0.098
411.02	0.097
411.22	0.097
411.43	0.098
411.64	0.098
411.85	0.099
412.05	0.098
412.26	0.097
412.47	0.097
412.68	0.097
412.89	0.097
413.09	0.097
413.30	0.096
413.51	0.096
413.72	0.095
413.92	0.096
414.13	0.096
414.34	0.096
414.55	0.096
414.75	0.096
414.96	0.097
415.17	0.097
415.38	0.097
415.58	0.097
415.79	0.097
416.00	0.097
416.21	0.097
416.41	0.096
416.62	0.097
416.83	0.096
417.03	0.096
417.24	0.096
417.45	0.096
417.66	0.096
417.86	0.096
418.07	0.096
418.28	0.095
418.49	0.096
418.69	0.096
418.90	0.096
419.11	0.097
419.31	0.096
419.52	0.097
419.73	0.097
419.94	0.097
420.14	0.098
420.35	0.097
420.56	0.097
420.76	0.097
420.97	0.096
421.18	0.096
421.39	0.096
421.59	0.095
421.80	0.095
422.01	0.095
422.21	0.094
422.42	0.094
422.63	0.094
422.84	0.094
423.04	0.094
423.25	0.095
423.46	0.095
423.66	0.095
423.87	0.096
424.08	0.097
424.28	0.097
424.49	0.096
424.70	0.096
424.90	0.096
425.11	0.096
425.32	0.096
425.52	0.095
425.73	0.095
425.94	0.095
426.15	0.095
426.35	0.095
426.56	0.095
426.77	0.095
426.97	0.095
427.18	0.094
427.39	0.094
427.59	0.094
427.80	0.095
428.01	0.095
428.21	0.095
428.42	0.095
428.63	0.096
428.83	0.096
429.04	0.097
429.25	0.097
429.45	0.097
429.66	0.096
429.87	0.096
430.07	0.095
430.28	0.095
430.48	0.094
430.69	0.093
430.90	0.093
431.10	0.094
431.31	0.094
431.52	0.094
431.72	0.095
431.93	0.095
432.14	0.095
432.34	0.095
432.55	0.096
432.76	0.096
432.96	0.095
433.17	0.095
433.37	0.095
433.58	0.095
433.79	0.095
433.99	0.095
434.20	0.095
434.41	0.095
434.61	0.095
434.82	0.094
435.02	0.094
435.23	0.093
435.44	0.093
435.64	0.093
435.85	0.093
436.06	0.093
436.26	0.092
436.47	0.092
436.67	0.093
436.88	0.093
437.09	0.094
437.29	0.094
437.50	0.094
437.70	0.095
437.91	0.095
438.12	0.095
438.32	0.095
438.53	0.095
438.73	0.095
438.94	0.093
439.15	0.094
439.35	0.094
439.56	0.093
439.76	0.093
439.97	0.094
440.18	0.093
440.38	0.093
440.59	0.093
440.79	0.094
441.00	0.093
441.20	0.093
441.41	0.093
441.62	0.094
441.82	0.093
442.03	0.094
442.23	0.094
442.44	0.094
442.65	0.093
442.85	0.094
443.06	0.094
443.26	0.094
443.47	0.093
443.67	0.094
443.88	0.094
444.09	0.094
444.29	0.094
444.50	0.094
444.70	0.094
444.91	0.094
445.11	0.094
445.32	0.094
445.52	0.094
445.73	0.094
445.94	0.094
446.14	0.094
446.35	0.093
446.55	0.094
446.76	0.094
446.96	0.094
447.17	0.093
447.37	0.093
447.58	0.093
447.78	0.093
447.99	0.093
448.20	0.093
448.40	0.093
448.61	0.094
448.81	0.094
449.02	0.094
449.22	0.095
449.43	0.095
449.63	0.095
449.84	0.095
450.04	0.095
450.25	0.094
450.45	0.094
450.66	0.093
450.86	0.092
451.07	0.092
451.27	0.092
451.48	0.092
451.68	0.092
451.89	0.092
452.09	0.092
452.30	0.092
452.50	0.093
452.71	0.093
452.91	0.093
453.12	0.093
453.33	0.093
453.53	0.093
453.74	0.093
453.94	0.093
454.15	0.093
454.35	0.092
454.56	0.092
454.76	0.091
454.96	0.091
455.17	0.091
455.37	0.091
455.58	0.091
455.78	0.092
455.99	0.092
456.19	0.093
456.40	0.093
456.60	0.093
456.81	0.093
457.01	0.093
457.22	0.092
457.42	0.092
457.63	0.092
457.83	0.092
458.04	0.091
458.24	0.091
458.45	0.092
458.65	0.092
458.86	0.092
459.06	0.092
459.27	0.093
459.47	0.093
459.67	0.093
459.88	0.093
460.08	0.092
460.29	0.092
460.49	0.092
460.70	0.092
460.90	0.091
461.11	0.091
461.31	0.091
461.52	0.090
461.72	0.090
461.92	0.091
462.13	0.092
462.33	0.092
462.54	0.092
462.74	0.092
462.95	0.092
463.15	0.092
463.36	0.092
463.56	0.093
463.76	0.092
463.97	0.093
464.17	0.093
464.38	0.093
464.58	0.093
464.79	0.093
464.99	0.093
465.19	0.093
465.40	0.092
465.60	0.092
465.81	0.092
466.01	0.091
466.22	0.091
466.42	0.091
466.62	0.091
466.83	0.091
467.03	0.092
467.24	0.093
467.44	0.093
467.65	0.092
467.85	0.091
468.05	0.091
468.26	0.091
468.46	0.090
468.67	0.091
468.87	0.091
469.07	0.090
469.28	0.090
469.48	0.092
469.69	0.092
469.89	0.092
470.09	0.092
470.30	0.092
470.50	0.092
470.71	0.092
470.91	0.092
471.11	0.092
471.32	0.092
471.52	0.092
471.72	0.092
471.93	0.092
472.13	0.092
472.34	0.092
472.54	0.092
472.74	0.092
472.95	0.092
473.15	0.092
473.35	0.091
473.56	0.092
473.76	0.092
473.97	0.092
474.17	0.091
474.37	0.092
474.58	0.092
474.78	0.091
474.98	0.091
475.19	0.091
475.39	0.091
475.60	0.090
475.80	0.090
476.00	0.090
476.21	0.090
476.41	0.090
476.61	0.090
476.82	0.090
477.02	0.090
477.22	0.090
477.43	0.090
477.63	0.089
477.83	0.089
478.04	0.089
478.24	0.089
478.44	0.089
478.65	0.089
478.85	0.090
479.05	0.090
479.26	0.090
479.46	0.091
479.66	0.091
479.87	0.091
480.07	0.091
480.27	0.090
480.48	0.091
480.68	0.091
480.88	0.091
481.09	0.090
481.29	0.089
481.49	0.090
481.70	0.090
481.90	0.090
482.10	0.090
482.31	0.089
482.51	0.089
482.71	0.089
482.92	0.090
483.12	0.090
483.32	0.089
483.52	0.089
483.73	0.088
483.93	0.089
484.13	0.089
484.34	0.088
484.54	0.088
484.74	0.088
484.95	0.088
485.15	0.088
485.35	0.089
485.55	0.089
485.76	0.089
485.96	0.089
486.16	0.089
486.37	0.089
486.57	0.089
486.77	0.089
486.97	0.089
487.18	0.089
487.38	0.089
487.58	0.089
487.79	0.088
487.99	0.088
488.19	0.088
488.39	0.088
488.60	0.088
488.80	0.088
489.00	0.088
489.20	0.087
489.41	0.087
489.61	0.088
489.81	0.088
490.02	0.088
490.22	0.088
490.42	0.088
490.62	0.088
490.83	0.088
491.03	0.088
491.23	0.088
491.43	0.088
491.64	0.088
491.84	0.088
492.04	0.088
492.24	0.088
492.45	0.088
492.65	0.088
492.85	0.088
493.05	0.087
493.26	0.087
493.46	0.087
493.66	0.086
493.86	0.087
494.07	0.087
494.27	0.088
494.47	0.088
494.67	0.089
494.87	0.089
495.08	0.088
495.28	0.088
495.48	0.088
495.68	0.088
495.89	0.087
496.09	0.087
496.29	0.086
496.49	0.086
496.69	0.086
496.90	0.087
497.10	0.088
497.30	0.088
497.50	0.088
497.71	0.088
497.91	0.088
498.11	0.088
498.31	0.087
498.51	0.087
498.72	0.087
498.92	0.086
499.12	0.086
499.32	0.086
499.52	0.086
499.73	0.086
499.93	0.086
500.13	0.086
500.33	0.086
500.53	0.086
500.74	0.086
500.94	0.086
501.14	0.086
501.34	0.086
501.54	0.086
501.74	0.086
501.95	0.086
502.15	0.086
502.35	0.086
502.55	0.087
502.75	0.087
502.96	0.087
503.16	0.087
503.36	0.087
503.56	0.087
503.76	0.087
503.96	0.087
504.17	0.087
504.37	0.086
504.57	0.086
504.77	0.085
504.97	0.085
505.17	0.085
505.38	0.085
505.58	0.084
505.78	0.085
505.98	0.085
506.18	0.085
506.38	0.085
506.58	0.086
506.79	0.086
506.99	0.086
507.19	0.086
507.39	0.086
507.59	0.086
507.79	0.086
507.99	0.086
508.20	0.085
508.40	0.085
508.60	0.085
508.80	0.085
509.00	0.085
509.20	0.085
509.40	0.085
509.61	0.085
509.81	0.085
510.01	0.084
510.21	0.084
510.41	0.084
510.61	0.084
510.81	0.084
511.01	0.084
511.22	0.083
511.42	0.083
511.62	0.084
511.82	0.084
512.02	0.084
512.22	0.084
512.42	0.084
512.62	0.084
512.82	0.084
513.03	0.084
513.23	0.084
513.43	0.083
513.63	0.084
513.83	0.084
514.03	0.083
514.23	0.084
514.43	0.083
514.63	0.083
514.83	0.084
515.04	0.085
515.24	0.085
515.44	0.085
515.64	0.085
515.84	0.084
516.04	0.084
516.24	0.083
516.44	0.083
516.64	0.082
516.84	0.082
517.04	0.082
517.24	0.082
517.45	0.082
517.65	0.083
517.85	0.083
518.05	0.083
518.25	0.082
518.45	0.082
518.65	0.082
518.85	0.082
519.05	0.082
519.25	0.082
519.45	0.082
519.65	0.083
519.85	0.083
520.05	0.083
520.25	0.083
520.46	0.083
520.66	0.083
520.86	0.083
521.06	0.083
521.26	0.082
521.46	0.082
521.66	0.082
521.86	0.082
522.06	0.082
522.26	0.082
522.46	0.082
522.66	0.081
522.86	0.082
523.06	0.082
523.26	0.082
523.46	0.082
523.66	0.082
523.86	0.082
524.06	0.082
524.26	0.081
524.46	0.081
524.66	0.081
524.86	0.081
525.06	0.081
525.26	0.081
525.46	0.080
525.66	0.081
525.87	0.080
526.07	0.080
526.27	0.080
526.47	0.081
526.67	0.081
526.87	0.081
527.07	0.081
527.27	0.081
527.47	0.082
527.67	0.082
527.87	0.082
528.07	0.082
528.27	0.081
528.47	0.081
528.67	0.081
528.87	0.081
529.07	0.080
529.27	0.080
529.47	0.080
529.67	0.079
529.87	0.080
530.07	0.081
530.27	0.080
530.47	0.081
530.67	0.082
530.87	0.081
531.06	0.081
531.26	0.081
531.46	0.081
531.66	0.081
531.86	0.080
532.06	0.080
532.26	0.081
532.46	0.080
532.66	0.081
532.86	0.081
533.06	0.081
533.26	0.081
533.46	0.081
533.66	0.081
533.86	0.080
534.06	0.080
534.26	0.080
534.46	0.080
534.66	0.080
534.86	0.080
535.06	0.080
535.26	0.080
535.46	0.080
535.66	0.081
535.86	0.081
536.06	0.081
536.26	0.081
536.45	0.080
536.65	0.080
536.85	0.080
537.05	0.080
537.25	0.079
537.45	0.079
537.65	0.078
537.85	0.079
538.05	0.079
538.25	0.079
538.45	0.079
538.65	0.079
538.85	0.079
539.05	0.079
539.25	0.079
539.44	0.079
539.64	0.079
539.84	0.079
540.04	0.079
540.24	0.078
540.44	0.079
540.64	0.079
540.84	0.079
541.04	0.078
541.24	0.078
541.44	0.078
541.64	0.078
541.83	0.078
542.03	0.078
542.23	0.079
542.43	0.078
542.63	0.078
542.83	0.079
543.03	0.080
543.23	0.079
543.43	0.080
543.63	0.079
543.82	0.078
544.02	0.078
544.22	0.078
544.42	0.078
544.62	0.077
544.82	0.077
545.02	0.076
545.22	0.076
545.42	0.076
545.61	0.076
545.81	0.076
546.01	0.076
546.21	0.076
546.41	0.076
546.61	0.076
546.81	0.077
547.01	0.077
547.20	0.077
547.40	0.077
547.60	0.078
547.80	0.077
548.00	0.077
548.20	0.077
548.40	0.077
548.59	0.077
548.79	0.077
548.99	0.076
549.19	0.076
549.39	0.075
549.59	0.076
549.79	0.076
549.98	0.077
550.18	0.076
550.38	0.077
550.58	0.077
550.78	0.078
550.98	0.078
551.17	0.078
551.37	0.078
551.57	0.078
551.77	0.078
551.97	0.078
552.17	0.078
552.36	0.078
552.56	0.078
552.76	0.079
552.96	0.079
553.16	0.078
553.36	0.079
553.55	0.079
553.75	0.079
553.95	0.079
554.15	0.079
554.35	0.079
554.55	0.078
554.74	0.078
554.94	0.078
555.14	0.077
555.34	0.077
555.54	0.077
555.73	0.076
555.93	0.076
556.13	0.077
556.33	0.077
556.53	0.077
556.72	0.076
556.92	0.076
557.12	0.076
557.32	0.076
557.52	0.076
557.71	0.076
557.91	0.075
558.11	0.076
558.31	0.077
558.51	0.077
558.70	0.077
558.90	0.077
559.10	0.077
559.30	0.077
559.49	0.077
559.69	0.077
559.89	0.077
560.09	0.076
560.29	0.076
560.48	0.076
560.68	0.076
560.88	0.076
561.08	0.076
561.27	0.076
561.47	0.076
561.67	0.077
561.87	0.078
562.06	0.078
562.26	0.078
562.46	0.078
562.66	0.078
562.86	0.077
563.05	0.078
563.25	0.078
563.45	0.078
563.65	0.078
563.84	0.078
564.04	0.077
564.24	0.077
564.44	0.077
564.63	0.078
564.83	0.077
565.03	0.076
565.22	0.076
565.42	0.077
565.62	0.077
565.82	0.077
566.01	0.077
566.21	0.077
566.41	0.077
566.61	0.078
566.80	0.078
567.00	0.077
567.20	0.077
567.40	0.077
567.59	0.077
567.79	0.077
567.99	0.077
568.18	0.077
568.38	0.077
568.58	0.078
568.78	0.078
568.97	0.078
569.17	0.078
569.37	0.079
569.56	0.079
569.76	0.079
569.96	0.079
570.16	0.079
570.35	0.079
570.55	0.079
570.75	0.079
570.94	0.078
571.14	0.078
571.34	0.078
571.53	0.078
571.73	0.078
571.93	0.078
572.12	0.079
572.32	0.079
572.52	0.080
572.72	0.080
572.91	0.080
573.11	0.080
573.31	0.080
573.50	0.080
573.70	0.080
573.90	0.080
574.09	0.079
574.29	0.079
574.49	0.078
574.68	0.078
574.88	0.079
575.08	0.078
575.27	0.078
575.47	0.078
575.67	0.078
575.86	0.078
576.06	0.078
576.26	0.079
576.45	0.079
576.65	0.080
576.85	0.080
577.04	0.079
577.24	0.079
577.44	0.079
577.63	0.079
577.83	0.079
578.02	0.078
578.22	0.078
578.42	0.078
578.61	0.077
578.81	0.078
579.01	0.079
579.20	0.079
579.40	0.079
579.60	0.080
579.79	0.079
579.99	0.080
580.19	0.080
580.38	0.079
580.58	0.079
580.77	0.079
580.97	0.079
581.17	0.078
581.36	0.077
581.56	0.078
581.75	0.077
581.95	0.077
582.15	0.077
582.34	0.077
582.54	0.078
582.74	0.078
582.93	0.079
583.13	0.079
583.32	0.080
583.52	0.080
583.72	0.080
583.91	0.080
584.11	0.079
584.30	0.079
584.50	0.078
584.70	0.078
584.89	0.077
585.09	0.076
585.28	0.076
585.48	0.076
585.68	0.077
585.87	0.077
586.07	0.077
586.26	0.078
586.46	0.078
586.66	0.078
586.85	0.078
587.05	0.078
587.24	0.078
587.44	0.077
587.63	0.077
587.83	0.076
588.03	0.076
588.22	0.076
588.42	0.076
588.61	0.077
588.81	0.077
589.00	0.077
589.20	0.077
589.40	0.077
589.59	0.077
589.79	0.077
589.98	0.076
590.18	0.076
590.37	0.076
590.57	0.076
590.76	0.076
590.96	0.076
591.16	0.077
591.35	0.077
591.55	0.078
591.74	0.078
591.94	0.078
592.13	0.078
592.33	0.078
592.52	0.078
592.72	0.077
592.91	0.077
593.11	0.077
593.30	0.076
593.50	0.076
593.70	0.076
593.89	0.076
594.09	0.076
594.28	0.076
594.48	0.076
594.67	0.076
594.87	0.075
595.06	0.076
595.26	0.076
595.45	0.075
595.65	0.076
595.84	0.076
596.04	0.076
596.23	0.076
596.43	0.076
596.62	0.077
596.82	0.077
597.01	0.077
597.21	0.077
597.40	0.077
597.60	0.077
597.79	0.077
597.99	0.077
598.18	0.077
598.38	0.077
598.57	0.077
598.77	0.077
598.96	0.077
599.16	0.077
599.35	0.076
599.55	0.077
599.74	0.076
599.94	0.076
600.13	0.076
600.33	0.076
600.52	0.076
600.72	0.075
600.91	0.075
601.11	0.075
601.30	0.075
601.50	0.075
601.69	0.075
601.89	0.074
602.08	0.075
602.27	0.075
602.47	0.076
602.66	0.075
602.86	0.075
603.05	0.076
603.25	0.076
603.44	0.076
603.64	0.076
603.83	0.076
604.03	0.076
604.22	0.076
604.41	0.076
604.61	0.076
604.80	0.076
605.00	0.076
605.19	0.076
605.39	0.076
605.58	0.076
605.78	0.076
605.97	0.076
606.16	0.076
606.36	0.076
606.55	0.076
606.75	0.076
606.94	0.075
607.14	0.075
607.33	0.074
607.52	0.074
607.72	0.074
607.91	0.074
608.11	0.074
608.30	0.074
608.50	0.074
608.69	0.074
608.88	0.074
609.08	0.073
609.27	0.073
609.47	0.073
609.66	0.073
609.85	0.073
610.05	0.073
610.24	0.073
610.44	0.072
610.63	0.072
610.83	0.073
611.02	0.073
611.21	0.073
611.41	0.073
611.60	0.073
611.80	0.073
611.99	0.073
612.18	0.073
612.38	0.073
612.57	0.073
612.76	0.073
612.96	0.073
613.15	0.073
613.35	0.074
613.54	0.074
613.73	0.074
613.93	0.074
614.12	0.075
614.32	0.074
614.51	0.074
614.70	0.074
614.90	0.074
615.09	0.073
615.28	0.073
615.48	0.073
615.67	0.072
615.86	0.072
616.06	0.072
616.25	0.072
616.45	0.072
616.64	0.072
616.83	0.073
617.03	0.073
617.22	0.073
617.41	0.073
617.61	0.073
617.80	0.074
617.99	0.073
618.19	0.073
618.38	0.073
618.57	0.072
618.77	0.072
618.96	0.072
619.15	0.071
619.35	0.071
619.54	0.070
619.73	0.070
619.93	0.070
620.12	0.071
620.31	0.072
620.51	0.071
620.70	0.071
620.89	0.072
621.09	0.072
621.28	0.072
621.47	0.072
621.67	0.072
621.86	0.072
622.05	0.072
622.25	0.072
622.44	0.071
622.63	0.071
622.83	0.071
623.02	0.071
623.21	0.071
623.41	0.071
623.60	0.071
623.79	0.071
623.98	0.072
624.18	0.072
624.37	0.072
624.56	0.071
624.76	0.071
624.95	0.071
625.14	0.071
625.33	0.071
625.53	0.070
625.72	0.070
625.91	0.070
626.11	0.070
626.30	0.070
626.49	0.070
626.68	0.070
626.88	0.070
627.07	0.070
627.26	0.070
627.46	0.070
627.65	0.070
627.84	0.071
628.03	0.071
628.23	0.071
628.42	0.071
628.61	0.071
628.80	0.071
629.00	0.071
629.19	0.071
629.38	0.071
629.58	0.071
629.77	0.071
629.96	0.070
630.15	0.070
630.35	0.070
630.54	0.070
630.73	0.070
630.92	0.070
631.12	0.070
631.31	0.070
631.50	0.069
631.69	0.069
631.89	0.069
632.08	0.069
632.27	0.069
632.46	0.069
632.65	0.069
632.85	0.069
633.04	0.068
633.23	0.069
633.42	0.069
633.62	0.069
633.81	0.069
634.00	0.069
634.19	0.069
634.39	0.069
634.58	0.069
634.77	0.069
634.96	0.069
635.15	0.070
635.35	0.069
635.54	0.069
635.73	0.070
635.92	0.069
636.11	0.069
636.31	0.069
636.50	0.069
636.69	0.069
636.88	0.069
637.07	0.069
637.27	0.069
637.46	0.069
637.65	0.070
637.84	0.070
638.03	0.070
638.23	0.069
638.42	0.069
638.61	0.069
638.80	0.069
638.99	0.069
639.19	0.068
639.38	0.068
639.57	0.068
639.76	0.068
639.95	0.068
640.14	0.068
640.34	0.068
640.53	0.068
640.72	0.067
640.91	0.067
641.10	0.067
641.30	0.067
641.49	0.067
641.68	0.067
641.87	0.067
642.06	0.067
642.25	0.067
642.44	0.068
642.64	0.068
642.83	0.068
643.02	0.067
643.21	0.067
643.40	0.067
643.59	0.066
643.79	0.066
643.98	0.066
644.17	0.067
644.36	0.067
644.55	0.067
644.74	0.067
644.93	0.067
645.13	0.067
645.32	0.068
645.51	0.067
645.70	0.067
645.89	0.067
646.08	0.067
646.27	0.067
646.46	0.067
646.66	0.068
646.85	0.068
647.04	0.068
647.23	0.068
647.42	0.069
647.61	0.069
647.80	0.069
647.99	0.069
648.19	0.069
648.38	0.069
648.57	0.069
648.76	0.069
648.95	0.069
649.14	0.069
649.33	0.068
649.52	0.068
649.71	0.068
649.91	0.067
650.10	0.067
650.29	0.067
650.48	0.067
650.67	0.068
650.86	0.068
651.05	0.068
651.24	0.068
651.43	0.069
651.62	0.069
651.81	0.069
652.01	0.069
652.20	0.068
652.39	0.068
652.58	0.068
652.77	0.067
652.96	0.067
653.15	0.066
653.34	0.066
653.53	0.066
653.72	0.067
653.91	0.067
654.10	0.069
654.29	0.070
654.48	0.071
654.68	0.072
654.87	0.072
655.06	0.072
655.25	0.072
655.44	0.072
655.63	0.072
655.82	0.071
656.01	0.071
656.20	0.070
656.39	0.070
656.58	0.070
656.77	0.070
656.96	0.071
657.15	0.071
657.34	0.070
657.53	0.070
657.72	0.070
657.91	0.070
658.10	0.069
658.29	0.069
658.48	0.068
658.68	0.067
658.87	0.067
659.06	0.067
659.25	0.067
659.44	0.067
659.63	0.067
659.82	0.067
660.01	0.067
660.20	0.067
660.39	0.067
660.58	0.068
660.77	0.067
660.96	0.067
661.15	0.067
661.34	0.067
661.53	0.067
661.72	0.068
661.91	0.067
662.10	0.067
662.29	0.067
662.48	0.067
662.67	0.066
662.86	0.066
663.05	0.066
663.24	0.066
663.43	0.066
663.62	0.067
663.81	0.067
664.00	0.067
664.19	0.067
664.38	0.068
664.57	0.068
664.76	0.068
664.95	0.068
665.14	0.068
665.33	0.068
665.52	0.068
665.71	0.068
665.90	0.067
666.09	0.067
666.28	0.067
666.46	0.067
666.65	0.067
666.84	0.067
667.03	0.067
667.22	0.067
667.41	0.067
667.60	0.067
667.79	0.067
667.98	0.067
668.17	0.067
668.36	0.066
668.55	0.066
668.74	0.066
668.93	0.066
669.12	0.066
669.31	0.066
669.50	0.066
669.69	0.066
669.88	0.067
670.07	0.067
670.26	0.068
670.44	0.068
670.63	0.068
670.82	0.069
671.01	0.069
671.20	0.069
671.39	0.069
671.58	0.068
671.77	0.068
671.96	0.068
672.15	0.068
672.34	0.068
672.53	0.067
672.72	0.067
672.91	0.067
673.09	0.068
673.28	0.068
673.47	0.068
673.66	0.068
673.85	0.068
674.04	0.068
674.23	0.068
674.42	0.068
674.61	0.068
674.80	0.068
674.98	0.068
675.17	0.068
675.36	0.067
675.55	0.068
675.74	0.068
675.93	0.068
676.12	0.068
676.31	0.068
676.50	0.068
676.69	0.068
676.87	0.068
677.06	0.068
677.25	0.068
677.44	0.067
677.63	0.068
677.82	0.067
678.01	0.068
678.20	0.067
678.38	0.067
678.57	0.067
678.76	0.066
678.95	0.066
679.14	0.066
679.33	0.066
679.52	0.066
679.71	0.066
679.89	0.067
680.08	0.067
680.27	0.067
680.46	0.067
680.65	0.067
680.84	0.068
681.02	0.068
681.21	0.068
681.40	0.068
681.59	0.068
681.78	0.068
681.97	0.068
682.16	0.068
682.34	0.068
682.53	0.068
682.72	0.069
682.91	0.069
683.10	0.069
683.29	0.069
683.47	0.069
683.66	0.069
683.85	0.069
684.04	0.069
684.23	0.069
684.42	0.068
684.60	0.068
684.79	0.068
684.98	0.068
685.17	0.068
685.36	0.068
685.54	0.068
685.73	0.068
685.92	0.068
686.11	0.068
686.30	0.068
686.49	0.069
686.67	0.069
686.86	0.069
687.05	0.069
687.24	0.069
687.43	0.068
687.61	0.068
687.80	0.068
687.99	0.068
688.18	0.068
688.36	0.068
688.55	0.068
688.74	0.068
688.93	0.068
689.12	0.068
689.30	0.068
689.49	0.068
689.68	0.067
689.87	0.068
690.06	0.068
690.24	0.067
690.43	0.067
690.62	0.067
690.81	0.067
690.99	0.067
691.18	0.067
691.37	0.067
691.56	0.067
691.74	0.067
691.93	0.068
692.12	0.068
692.31	0.068
692.50	0.068
692.68	0.068
692.87	0.068
693.06	0.068
693.25	0.068
693.43	0.069
693.62	0.068
693.81	0.068
694.00	0.067
694.18	0.068
694.37	0.068
694.56	0.068
694.74	0.067
694.93	0.067
695.12	0.067
695.31	0.067
695.49	0.067
695.68	0.068
695.87	0.068
696.06	0.068
696.24	0.068
696.43	0.068
696.62	0.068
696.80	0.068
696.99	0.068
697.18	0.068
697.37	0.068
697.55	0.067
697.74	0.067
697.93	0.067
698.12	0.067
698.30	0.067
698.49	0.066
698.68	0.066
698.86	0.065
699.05	0.066
699.24	0.066
699.42	0.066
699.61	0.066
699.80	0.067
699.99	0.066
700.17	0.067
700.36	0.067
700.55	0.068
700.73	0.068
700.92	0.067
701.11	0.068
701.29	0.068
701.48	0.067
701.67	0.068
701.85	0.068
702.04	0.068
702.23	0.068
702.41	0.068
702.60	0.068
702.79	0.067
702.97	0.068
703.16	0.068
703.35	0.067
703.53	0.067
703.72	0.067
703.91	0.067
704.09	0.067
704.28	0.067
704.47	0.067
704.65	0.067
704.84	0.067
705.03	0.067
705.21	0.067
705.40	0.067
705.59	0.067
705.77	0.067
705.96	0.067
706.15	0.067
706.33	0.067
706.52	0.067
706.71	0.067
706.89	0.068
707.08	0.068
707.26	0.068
707.45	0.067
707.64	0.067
707.82	0.067
708.01	0.067
708.20	0.067
708.38	0.067
708.57	0.067
708.75	0.067
708.94	0.068
709.13	0.068
709.31	0.068
709.50	0.068
709.69	0.068
709.87	0.068
710.06	0.068
710.24	0.068
710.43	0.068
710.62	0.067
710.80	0.068
710.99	0.068
711.17	0.068
711.36	0.067
711.55	0.068
711.73	0.068
711.92	0.068
712.10	0.068
712.29	0.068
712.48	0.068
712.66	0.068
712.85	0.068
713.03	0.068
713.22	0.068
713.40	0.068
713.59	0.068
713.78	0.068
713.96	0.068
714.15	0.068
714.33	0.068
714.52	0.068
714.71	0.068
714.89	0.068
715.08	0.068
715.26	0.068
715.45	0.068
715.63	0.067
715.82	0.067
716.00	0.067
716.19	0.067
716.38	0.067
716.56	0.067
716.75	0.066
716.93	0.067
717.12	0.067
717.30	0.068
717.49	0.068
717.67	0.068
717.86	0.068
718.05	0.068
718.23	0.068
718.42	0.068
718.60	0.068
718.79	0.068
718.97	0.068
719.16	0.068
719.34	0.068
719.53	0.068
719.71	0.068
719.90	0.068
720.08	0.068
720.27	0.068
720.45	0.068
720.64	0.068
720.83	0.068
721.01	0.068
721.20	0.068
721.38	0.068
721.57	0.068
721.75	0.068
721.94	0.068
722.12	0.067
722.31	0.067
722.49	0.067
722.68	0.067
722.86	0.067
723.05	0.067
723.23	0.067
723.42	0.067
723.60	0.067
723.79	0.067
723.97	0.068
724.16	0.068
724.34	0.068
724.53	0.068
724.71	0.068
724.90	0.068
725.08	0.068
725.27	0.068
725.45	0.068
725.64	0.068
725.82	0.068
726.00	0.068
726.19	0.068
726.37	0.068
726.56	0.068
726.74	0.068
726.93	0.069
727.11	0.069
727.30	0.069
727.48	0.069
727.67	0.069
727.85	0.069
728.04	0.069
728.22	0.069
728.40	0.069
728.59	0.068
728.77	0.068
728.96	0.067
729.14	0.068
729.33	0.068
729.51	0.068
729.70	0.068
729.88	0.068
730.07	0.068
730.25	0.069
730.43	0.069
730.62	0.069
730.80	0.069
730.99	0.069
731.17	0.069
731.36	0.069
731.54	0.069
731.72	0.068
731.91	0.068
732.09	0.068
732.28	0.068
732.46	0.067
732.65	0.068
732.83	0.068
733.01	0.068
733.20	0.068
733.38	0.068
733.57	0.068
733.75	0.068
733.93	0.069
734.12	0.069
734.30	0.068
734.49	0.068
734.67	0.068
734.85	0.068
735.04	0.068
735.22	0.068
735.41	0.068
735.59	0.068
735.77	0.068
735.96	0.068
736.14	0.069
736.33	0.069
736.51	0.069
736.69	0.068
736.88	0.068
737.06	0.069
737.25	0.069
737.43	0.069
737.61	0.069
737.80	0.069
737.98	0.069
738.16	0.069
738.35	0.070
738.53	0.070
738.71	0.070
738.90	0.069
739.08	0.070
739.27	0.069
739.45	0.069
739.63	0.069
739.82	0.069
740.00	0.068
740.18	0.068
740.37	0.068
740.55	0.068
740.73	0.068
740.92	0.068
741.10	0.068
741.28	0.068
741.47	0.068
741.65	0.069
741.83	0.069
742.02	0.070
742.20	0.070
742.38	0.069
742.57	0.070
742.75	0.070
742.93	0.070
743.12	0.070
743.30	0.069
743.48	0.068
743.67	0.068
743.85	0.068
744.03	0.068
744.22	0.068
744.40	0.067
744.58	0.067
744.77	0.067
744.95	0.067
745.13	0.067
745.32	0.067
745.50	0.067
745.68	0.068
745.87	0.068
746.05	0.068
746.23	0.068
746.41	0.068
746.60	0.068
746.78	0.068
746.96	0.068
747.15	0.068
747.33	0.068
747.51	0.068
747.70	0.069
747.88	0.068
748.06	0.068
748.24	0.068
748.43	0.068
748.61	0.068
748.79	0.068
748.97	0.068
749.16	0.069
749.34	0.068
749.52	0.069
749.71	0.068
749.89	0.069
750.07	0.069
750.25	0.069
750.44	0.069
750.62	0.068
750.80	0.069
750.98	0.069
751.17	0.069
751.35	0.068
751.53	0.068
751.71	0.068
751.90	0.068
752.08	0.067
752.26	0.067
752.44	0.067
752.63	0.067
752.81	0.066
752.99	0.066
753.17	0.066
753.36	0.066
753.54	0.066
753.72	0.066
753.90	0.067
754.09	0.067
754.27	0.067
754.45	0.068
754.63	0.068
754.82	0.068
755.00	0.068
755.18	0.068
755.36	0.068
755.54	0.068
755.73	0.068
755.91	0.068
756.09	0.068
756.27	0.068
756.45	0.069
756.64	0.068
756.82	0.069
757.00	0.069
757.18	0.069
757.37	0.069
757.55	0.070
757.73	0.070
757.91	0.070
758.09	0.070
758.27	0.070
758.46	0.070
758.64	0.070
758.82	0.070
759.00	0.070
759.18	0.070
759.37	0.069
759.55	0.069
759.73	0.069
759.91	0.069
760.09	0.070
760.28	0.070
760.46	0.070
760.64	0.070
760.82	0.070
761.00	0.070
761.18	0.070
761.37	0.069
761.55	0.069
761.73	0.069
761.91	0.069
762.09	0.069
762.27	0.069
762.46	0.069
762.64	0.069
762.82	0.069
763.00	0.069
763.18	0.069
763.36	0.069
763.54	0.069
763.73	0.069
763.91	0.069
764.09	0.069
764.27	0.069
764.45	0.069
764.63	0.069
764.81	0.069
765.00	0.069
765.18	0.069
765.36	0.069
765.54	0.069
765.72	0.068
765.90	0.067
766.08	0.067
766.27	0.067
766.45	0.067
766.63	0.067
766.81	0.067
766.99	0.066
767.17	0.066
767.35	0.067
767.53	0.067
767.71	0.067
767.90	0.067
768.08	0.066
768.26	0.067
768.44	0.067
768.62	0.067
768.80	0.067
768.98	0.067
769.16	0.067
769.34	0.067
769.52	0.067
769.71	0.067
769.89	0.066
770.07	0.066
770.25	0.067
770.43	0.067
770.61	0.067
770.79	0.067
770.97	0.067
771.15	0.066
771.33	0.066
771.51	0.067
771.69	0.067
771.88	0.067
772.06	0.067
772.24	0.067
772.42	0.067
772.60	0.067
772.78	0.067
772.96	0.067
773.14	0.067
773.32	0.066
773.50	0.066
773.68	0.065
773.86	0.066
774.04	0.066
774.22	0.066
774.40	0.066
774.58	0.066
774.77	0.066
774.95	0.066
775.13	0.066
775.31	0.066
775.49	0.066
775.67	0.065
775.85	0.066
776.03	0.066
776.21	0.066
776.39	0.066
776.57	0.066
776.75	0.066
776.93	0.066
777.11	0.066
777.29	0.066
777.47	0.066
777.65	0.066
777.83	0.066
778.01	0.066
778.19	0.066
778.37	0.066
778.55	0.067
778.73	0.067
778.91	0.066
779.09	0.066
779.27	0.066
779.45	0.066
779.63	0.066
779.81	0.066
779.99	0.066
780.17	0.066
780.35	0.066
780.53	0.066
780.71	0.067
780.89	0.067
781.07	0.067
781.25	0.067
781.43	0.067
781.61	0.066
781.79	0.066
781.97	0.067
782.15	0.067
782.33	0.067
782.51	0.067
782.69	0.067
782.87	0.067
783.05	0.067
783.23	0.068
783.41	0.068
783.59	0.067
783.77	0.067
783.95	0.067
784.13	0.067
784.31	0.067
784.49	0.067
784.67	0.067
784.85	0.067
785.03	0.067
785.21	0.066
785.38	0.066
785.56	0.066
785.74	0.066
785.92	0.066
786.10	0.066
786.28	0.066
786.46	0.066
786.64	0.066
786.82	0.066
787.00	0.066
787.18	0.066
787.36	0.067
787.54	0.066
787.72	0.066
787.90	0.066
788.08	0.066
788.25	0.066
788.43	0.067
788.61	0.067
788.79	0.067
788.97	0.067
789.15	0.066
789.33	0.066
789.51	0.066
789.69	0.067
789.87	0.066
790.05	0.066
790.23	0.067
790.40	0.067
790.58	0.067
790.76	0.067
790.94	0.067
791.12	0.067
791.30	0.067
791.48	0.067
791.66	0.066
791.84	0.066
792.02	0.066
792.19	0.066
792.37	0.066
792.55	0.066
792.73	0.066
792.91	0.067
793.09	0.067
793.27	0.067
793.45	0.068
793.63	0.068
793.80	0.069
793.98	0.068
794.16	0.068
794.34	0.068
794.52	0.068
794.70	0.067
794.88	0.068
795.05	0.067
795.23	0.067
795.41	0.066
795.59	0.066
795.77	0.066
795.95	0.065
796.13	0.066
796.30	0.066
796.48	0.065
796.66	0.065
796.84	0.065
797.02	0.065
797.20	0.065
797.38	0.065
797.55	0.065
797.73	0.065
797.91	0.065
798.09	0.065
798.27	0.065
798.45	0.065
798.62	0.066
798.80	0.066
798.98	0.066
799.16	0.066
799.34	0.066
799.52	0.067
799.69	0.067
799.87	0.067
800.05	0.067
800.23	0.067
800.41	0.066
800.58	0.066
800.76	0.066
800.94	0.066
801.12	0.066
801.30	0.066
801.47	0.066
801.65	0.066
801.83	0.066
802.01	0.066
802.19	0.066
802.36	0.066
802.54	0.066
802.72	0.066
802.90	0.066
803.08	0.066
803.25	0.066
803.43	0.066
803.61	0.066
803.79	0.066
803.97	0.066
804.14	0.066
804.32	0.066
804.50	0.066
804.68	0.066
804.85	0.065
805.03	0.065
805.21	0.065
805.39	0.065
805.56	0.066
805.74	0.066
805.92	0.066
806.10	0.065
806.28	0.065
806.45	0.066
806.63	0.066
806.81	0.066
806.99	0.066
807.16	0.066
807.34	0.066
807.52	0.066
807.70	0.066
807.87	0.067
808.05	0.067
808.23	0.066
808.41	0.066
808.58	0.066
808.76	0.066
808.94	0.065
809.11	0.065
809.29	0.065
809.47	0.065
809.65	0.065
809.82	0.065
810.00	0.065
810.18	0.064
810.36	0.064
810.53	0.064
810.71	0.064
810.89	0.064
811.06	0.064
811.24	0.064
811.42	0.064
811.60	0.064
811.77	0.064
811.95	0.064
812.13	0.064
812.30	0.064
812.48	0.064
812.66	0.065
812.83	0.065
813.01	0.065
813.19	0.065
813.37	0.065
813.54	0.065
813.72	0.065
813.90	0.065
814.07	0.064
814.25	0.064
814.43	0.064
814.60	0.064
814.78	0.064
814.96	0.065
815.13	0.065
815.31	0.064
815.49	0.064
815.66	0.064
815.84	0.065
816.02	0.065
816.19	0.065
816.37	0.065
816.55	0.065
816.72	0.065
816.90	0.065
817.08	0.065
817.25	0.066
817.43	0.065
817.61	0.065
817.78	0.065
817.96	0.065
818.14	0.065
818.31	0.064
818.49	0.064
818.67	0.064
818.84	0.064
819.02	0.064
819.19	0.064
819.37	0.065
819.55	0.065
819.72	0.065
819.90	0.066
820.08	0.066
820.25	0.065
820.43	0.065
820.60	0.065
820.78	0.065
820.96	0.065
821.13	0.064
821.31	0.064
821.49	0.064
821.66	0.064
821.84	0.065
822.01	0.065
822.19	0.065
822.37	0.065
822.54	0.065
822.72	0.065
822.89	0.065
823.07	0.064
823.25	0.065
823.42	0.064
823.60	0.064
823.77	0.064
823.95	0.064
824.13	0.064
824.30	0.064
824.48	0.065
824.65	0.065
824.83	0.065
825.01	0.065
825.18	0.064
825.36	0.065
825.53	0.065
825.71	0.065
825.88	0.065
826.06	0.065
826.24	0.065
826.41	0.065
826.59	0.065
826.76	0.066
826.94	0.066
827.11	0.066
827.29	0.066
827.47	0.066
827.64	0.065
827.82	0.066
827.99	0.065
828.17	0.065
828.34	0.065
828.52	0.064
828.69	0.064
828.87	0.064
829.04	0.064
829.22	0.064
829.40	0.064
829.57	0.065
829.75	0.065
829.92	0.064
830.10	0.064
830.27	0.063
830.45	0.063
830.62	0.064
830.80	0.064
830.97	0.063
831.15	0.063
831.32	0.062
831.50	0.062
831.67	0.063
831.85	0.063
832.02	0.063
832.20	0.063
832.37	0.063
832.55	0.063
832.73	0.064
832.90	0.064
833.08	0.064
833.25	0.064
833.43	0.064
833.60	0.065
833.78	0.065
833.95	0.065
834.13	0.064
834.30	0.065
834.48	0.065
834.65	0.065
834.82	0.065
835.00	0.065
835.17	0.065
835.35	0.065
835.52	0.065
835.70	0.065
835.87	0.065
836.05	0.064
836.22	0.063
836.40	0.063
836.57	0.063
836.75	0.063
836.92	0.063
837.10	0.062
837.27	0.062
837.45	0.062
837.62	0.062
837.80	0.063
837.97	0.064
838.14	0.064
838.32	0.063
838.49	0.063
838.67	0.063
838.84	0.063
839.02	0.063
839.19	0.063
839.37	0.062
839.54	0.062
839.71	0.062
839.89	0.062
840.06	0.062
840.24	0.062
840.41	0.062
840.59	0.063
840.76	0.063
840.94	0.064
841.11	0.063
841.28	0.064
841.46	0.064
841.63	0.064
841.81	0.064
841.98	0.064
842.15	0.064
842.33	0.064
842.50	0.064
842.68	0.063
842.85	0.063
843.03	0.063
843.20	0.062
843.37	0.062
843.55	0.062
843.72	0.062
843.90	0.061
844.07	0.062
844.24	0.062
844.42	0.062
844.59	0.062
844.77	0.061
844.94	0.062
845.11	0.062
845.29	0.063
845.46	0.063
845.63	0.063
845.81	0.063
845.98	0.063
846.16	0.064
846.33	0.065
846.50	0.064
846.68	0.064
846.85	0.064
847.02	0.064
847.20	0.064
847.37	0.064
847.55	0.064
847.72	0.065
847.89	0.064
848.07	0.064
848.24	0.064
848.41	0.064
848.59	0.063
848.76	0.063
848.93	0.062
849.11	0.061
849.28	0.061
849.45	0.062
849.63	0.062
849.80	0.062
849.97	0.062
850.15	0.062
850.32	0.062
850.49	0.063
850.67	0.063
850.84	0.063
851.01	0.063
851.19	0.063
851.36	0.063
851.53	0.063
851.71	0.063
851.88	0.063
852.05	0.062
852.23	0.063
852.40	0.063
852.57	0.063
852.75	0.063
852.92	0.063
853.09	0.063
853.27	0.063
853.44	0.063
853.61	0.064
853.79	0.063
853.96	0.063
854.13	0.063
854.30	0.064
854.48	0.064
854.65	0.064
854.82	0.064
855.00	0.065
855.17	0.065
855.34	0.065
855.51	0.065
855.69	0.066
855.86	0.065
856.03	0.065
856.21	0.065
856.38	0.065
856.55	0.065
856.72	0.065
856.90	0.066
857.07	0.066
857.24	0.066
857.42	0.066
857.59	0.066
857.76	0.066
857.93	0.066
858.11	0.066
858.28	0.066
858.45	0.065
858.62	0.064
858.80	0.065
858.97	0.064
859.14	0.064
859.31	0.065
859.49	0.065
859.66	0.065
859.83	0.065
860.00	0.065
860.18	0.065
860.35	0.066
860.52	0.066
860.69	0.066
860.86	0.066
861.04	0.066
861.21	0.066
861.38	0.066
861.55	0.066
861.73	0.066
861.90	0.066
862.07	0.066
862.24	0.066
862.42	0.067
862.59	0.067
862.76	0.068
862.93	0.068
863.10	0.068
863.28	0.068
863.45	0.069
863.62	0.068
863.79	0.068
863.96	0.067
864.14	0.067
864.31	0.066
864.48	0.066
864.65	0.066
864.82	0.066
865.00	0.067
865.17	0.067
865.34	0.067
865.51	0.068
865.68	0.068
865.86	0.069
866.03	0.069
866.20	0.069
866.37	0.069
866.54	0.069
866.71	0.069
866.89	0.069
867.06	0.069
867.23	0.069
867.40	0.068
867.57	0.068
867.74	0.068
867.92	0.068
868.09	0.067
868.26	0.067
868.43	0.067
868.60	0.067
868.77	0.067
868.95	0.067
869.12	0.068
869.29	0.067
869.46	0.068
869.63	0.068
869.80	0.069
869.97	0.068
870.15	0.068
870.32	0.069
870.49	0.070
870.66	0.069
870.83	0.070
871.00	0.070
871.17	0.070
871.34	0.071
871.52	0.070
871.69	0.071
871.86	0.070
872.03	0.070
872.20	0.070
872.37	0.071
872.54	0.072
872.71	0.072
872.89	0.072
873.06	0.074
873.23	0.074
873.40	0.074
873.57	0.075
873.74	0.076
873.91	0.074
874.08	0.074
874.25	0.075
874.42	0.074
874.60	0.073
874.77	0.073
874.94	0.074
875.11	0.074
875.28	0.074
875.45	0.075
875.62	0.075
875.79	0.075
875.96	0.076
876.13	0.077
876.30	0.077
876.47	0.077
876.65	0.076
876.82	0.076
876.99	0.075
877.16	0.075
877.33	0.075
877.50	0.076
877.67	0.076
877.84	0.076
878.01	0.077
878.18	0.077
878.35	0.077
878.52	0.078
878.69	0.078
878.86	0.078
879.03	0.078
879.20	0.078
879.38	0.078
879.55	0.078
879.72	0.078
879.89	0.078
880.06	0.078
880.23	0.078
880.40	0.079
880.57	0.078
880.74	0.078
880.91	0.078
881.08	0.077
881.25	0.078
881.42	0.078
881.59	0.078
881.76	0.078
881.93	0.077
882.10	0.076
882.27	0.076
882.44	0.076
882.61	0.077
882.78	0.078
882.95	0.076
883.12	0.077
883.29	0.078
883.46	0.078
883.63	0.079
883.80	0.080
883.97	0.079
884.14	0.080
884.31	0.079
884.48	0.080
884.65	0.081
884.82	0.081
884.99	0.081
885.16	0.082
885.33	0.082
885.50	0.082
885.67	0.082
885.84	0.082
886.01	0.082
886.18	0.083
886.35	0.083
886.52	0.082
886.69	0.082
886.86	0.082
887.03	0.082
887.20	0.082
887.37	0.082
887.54	0.081
887.71	0.081
887.88	0.081
888.05	0.082
888.22	0.082
888.39	0.083
888.55	0.083
888.72	0.084
888.89	0.086
889.06	0.087
889.23	0.087
889.40	0.086
889.57	0.086
889.74	0.086
889.91	0.086
890.08	0.087
890.25	0.086
890.42	0.086
890.59	0.085
890.76	0.085
890.93	0.086
891.10	0.086
891.26	0.086
891.43	0.086
891.60	0.085
891.77	0.086
891.94	0.087
892.11	0.087
892.28	0.087
892.45	0.087
892.62	0.085
892.79	0.085
892.96	0.086
893.13	0.087
893.29	0.086
893.46	0.086
893.63	0.087
893.80	0.086
893.97	0.087
894.14	0.087
894.31	0.087
894.48	0.081
894.65	0.094
894.81	0.073
894.98	0.087
