177.34	-0.206
177.56	-0.206
177.78	-0.206
178.00	0.172
178.22	-0.000
178.44	0.979
178.66	0.718
178.89	1.223
179.11	0.907
179.33	0.738
179.55	-0.000
179.77	0.628
179.99	-0.000
180.21	-0.000
180.43	-0.000
180.65	0.021
180.87	0.263
181.09	0.195
181.31	0.341
181.53	0.391
181.75	0.490
181.97	0.547
182.19	0.490
182.41	0.503
182.63	0.570
182.85	0.602
183.07	0.659
183.30	0.651
183.52	0.645
183.74	0.620
183.96	0.598
184.18	0.669
184.40	0.674
184.62	0.676
184.84	0.602
185.06	0.581
185.28	0.633
185.50	0.645
185.72	0.642
185.94	0.678
186.16	0.690
186.38	0.689
186.60	0.663
186.82	0.737
187.04	0.754
187.26	0.751
187.48	0.767
187.70	0.777
187.92	0.825
188.14	0.865
188.36	0.914
188.58	0.999
188.80	1.036
189.02	1.112
189.24	1.110
189.46	1.166
189.68	1.197
189.90	1.245
190.12	1.241
190.34	1.248
190.56	1.232
190.78	1.240
191.00	1.229
191.22	1.308
191.44	1.246
191.66	1.301
191.88	1.315
192.10	1.358
192.32	1.369
192.54	1.372
192.76	1.375
192.98	1.379
193.20	1.399
193.42	1.497
193.64	1.459
193.86	1.447
194.08	1.434
194.30	1.437
194.52	1.464
194.74	1.413
194.96	1.352
195.18	1.375
195.40	1.379
195.62	1.392
195.84	1.410
196.06	1.434
196.28	1.499
196.50	1.513
196.72	1.582
196.94	1.694
197.16	1.663
197.38	1.738
197.60	1.701
197.82	1.693
198.04	1.679
198.26	1.680
198.48	1.716
198.70	1.711
198.92	1.695
199.13	1.659
199.35	1.647
199.57	1.666
199.79	1.630
200.01	1.620
200.23	1.639
200.45	1.644
200.67	1.632
200.89	1.700
201.11	1.766
201.33	1.750
201.55	1.786
201.77	1.878
201.99	1.970
202.21	1.976
202.43	1.950
202.65	1.922
202.87	1.911
203.09	1.879
203.31	1.901
203.52	1.896
203.74	1.882
203.96	1.820
204.18	1.769
204.40	1.761
204.62	1.792
204.84	1.771
205.06	1.799
205.28	1.791
205.50	1.791
205.72	1.770
205.94	1.789
206.16	1.816
206.38	1.813
206.59	1.847
206.81	1.869
207.03	1.825
207.25	1.865
207.47	1.913
207.69	1.986
207.91	2.019
208.13	1.969
208.35	2.005
208.57	2.005
208.79	2.022
209.01	2.078
209.22	2.055
209.44	2.035
209.66	1.983
209.88	2.042
210.10	2.075
210.32	2.059
210.54	2.032
210.76	2.071
210.98	2.119
211.20	2.087
211.42	2.044
211.63	2.074
211.85	2.031
212.07	2.082
212.29	2.069
212.51	2.072
212.73	2.054
212.95	1.998
213.17	2.009
213.39	2.092
213.60	2.114
213.82	2.163
214.04	2.114
214.26	2.187
214.48	2.213
214.70	2.204
214.92	2.292
215.14	2.434
215.35	2.344
215.57	2.318
215.79	2.255
216.01	2.282
216.23	2.258
216.45	2.267
216.67	2.266
216.89	2.249
217.10	2.198
217.32	2.226
217.54	2.258
217.76	2.258
217.98	2.318
218.20	2.313
218.42	2.347
218.64	2.339
218.85	2.327
219.07	2.302
219.29	2.341
219.51	2.308
219.73	2.366
219.95	2.302
220.17	2.293
220.38	2.281
220.60	2.290
220.82	2.278
221.04	2.310
221.26	2.275
221.48	2.306
221.69	2.308
221.91	2.333
222.13	2.353
222.35	2.340
222.57	2.366
222.79	2.386
223.00	2.375
223.22	2.381
223.44	2.334
223.66	2.311
223.88	2.281
224.10	2.287
224.32	2.310
224.53	2.308
224.75	2.305
224.97	2.337
225.19	2.319
225.41	2.341
225.62	2.376
225.84	2.407
226.06	2.454
226.28	2.487
226.50	2.493
226.72	2.541
226.93	2.480
227.15	2.528
227.37	2.549
227.59	2.492
227.81	2.493
228.02	2.497
228.24	2.464
228.46	2.432
228.68	2.424
228.90	2.455
229.12	2.501
229.33	2.503
229.55	2.491
229.77	2.527
229.99	2.508
230.21	2.467
230.42	2.518
230.64	2.494
230.86	2.484
231.08	2.415
231.30	2.399
231.51	2.423
231.73	2.405
231.95	2.346
232.17	2.370
232.38	2.336
232.60	2.328
232.82	2.331
233.04	2.326
233.26	2.315
233.47	2.274
233.69	2.245
233.91	2.241
234.13	2.206
234.35	2.192
234.56	2.175
234.78	2.155
235.00	2.121
235.22	2.107
235.43	2.092
235.65	2.080
235.87	2.068
236.09	2.053
236.30	2.034
236.52	2.005
236.74	1.976
236.96	1.973
237.18	1.951
237.39	1.944
237.61	1.925
237.83	1.903
238.05	1.889
238.26	1.871
238.48	1.862
238.70	1.853
238.92	1.836
239.13	1.828
239.35	1.810
239.57	1.793
239.79	1.783
240.00	1.766
240.22	1.752
240.44	1.735
240.66	1.719
240.87	1.702
241.09	1.684
241.31	1.667
241.53	1.655
241.74	1.642
241.96	1.626
242.18	1.607
242.40	1.593
242.61	1.580
242.83	1.568
243.05	1.554
243.27	1.544
243.48	1.533
243.70	1.520
243.92	1.506
244.13	1.497
244.35	1.489
244.57	1.475
244.79	1.460
245.00	1.451
245.22	1.440
245.44	1.427
245.65	1.416
245.87	1.409
246.09	1.400
246.31	1.390
246.52	1.381
246.74	1.374
246.96	1.364
247.18	1.355
247.39	1.346
247.61	1.338
247.83	1.329
248.04	1.322
248.26	1.313
248.48	1.305
248.69	1.297
248.91	1.289
249.13	1.281
249.35	1.274
249.56	1.265
249.78	1.259
250.00	1.250
250.21	1.243
250.43	1.238
250.65	1.232
250.86	1.227
251.08	1.222
251.30	1.215
251.51	1.212
251.73	1.205
251.95	1.200
252.17	1.197
252.38	1.191
252.60	1.184
252.82	1.178
253.03	1.173
253.25	1.169
253.47	1.162
253.68	1.157
253.90	1.153
254.12	1.147
254.33	1.143
254.55	1.140
254.77	1.137
254.98	1.133
255.20	1.131
255.42	1.128
255.63	1.126
255.85	1.122
256.07	1.119
256.28	1.115
256.50	1.113
256.72	1.110
256.93	1.107
257.15	1.102
257.37	1.099
257.58	1.095
257.80	1.092
258.02	1.089
258.23	1.088
258.45	1.086
258.67	1.084
258.88	1.081
259.10	1.081
259.32	1.078
259.53	1.076
259.75	1.075
259.96	1.073
260.18	1.072
260.40	1.070
260.61	1.068
260.83	1.066
261.05	1.063
261.26	1.060
261.48	1.060
261.70	1.057
261.91	1.057
262.13	1.054
262.34	1.052
262.56	1.052
262.78	1.050
262.99	1.048
263.21	1.048
263.43	1.047
263.64	1.048
263.86	1.045
264.07	1.043
264.29	1.041
264.51	1.038
264.72	1.037
264.94	1.037
265.16	1.035
265.37	1.033
265.59	1.031
265.80	1.029
266.02	1.028
266.24	1.026
266.45	1.024
266.67	1.022
266.88	1.020
267.10	1.018
267.32	1.017
267.53	1.016
267.75	1.015
267.96	1.013
268.18	1.013
268.40	1.011
268.61	1.009
268.83	1.008
269.04	1.006
269.26	1.004
269.48	1.002
269.69	1.000
269.91	0.998
270.12	0.997
270.34	0.996
270.56	0.995
270.77	0.993
270.99	0.991
271.20	0.988
271.42	0.986
271.64	0.984
271.85	0.981
272.07	0.978
272.28	0.975
272.50	0.973
272.71	0.969
272.93	0.966
273.15	0.964
273.36	0.961
273.58	0.959
273.79	0.955
274.01	0.954
274.22	0.952
274.44	0.949
274.66	0.947
274.87	0.944
275.09	0.942
275.30	0.939
275.52	0.935
275.73	0.933
275.95	0.929
276.16	0.926
276.38	0.923
276.60	0.920
276.81	0.917
277.03	0.914
277.24	0.911
277.46	0.908
277.67	0.906
277.89	0.902
278.10	0.898
278.32	0.894
278.53	0.891
278.75	0.887
278.97	0.883
279.18	0.880
279.40	0.877
279.61	0.872
279.83	0.868
280.04	0.864
280.26	0.861
280.47	0.857
280.69	0.853
280.90	0.849
281.12	0.845
281.33	0.840
281.55	0.837
281.76	0.832
281.98	0.828
282.20	0.825
282.41	0.820
282.63	0.817
282.84	0.814
283.06	0.809
283.27	0.806
283.49	0.802
283.70	0.799
283.92	0.796
284.13	0.791
284.35	0.787
284.56	0.783
284.78	0.778
284.99	0.774
285.21	0.770
285.42	0.766
285.64	0.761
285.85	0.758
286.07	0.753
286.28	0.749
286.50	0.745
286.71	0.743
286.93	0.739
287.14	0.734
287.36	0.730
287.57	0.727
287.79	0.723
288.00	0.719
288.22	0.716
288.43	0.711
288.65	0.706
288.86	0.702
289.08	0.698
289.29	0.693
289.51	0.689
289.72	0.686
289.94	0.682
290.15	0.678
290.37	0.675
290.58	0.672
290.80	0.669
291.01	0.666
291.22	0.663
291.44	0.659
291.65	0.654
291.87	0.651
292.08	0.647
292.30	0.643
292.51	0.639
292.73	0.635
292.94	0.631
293.16	0.626
293.37	0.624
293.59	0.620
293.80	0.617
294.02	0.614
294.23	0.610
294.44	0.607
294.66	0.604
294.87	0.601
295.09	0.598
295.30	0.595
295.52	0.592
295.73	0.589
295.95	0.586
296.16	0.583
296.37	0.580
296.59	0.576
296.80	0.573
297.02	0.570
297.23	0.567
297.45	0.564
297.66	0.561
297.88	0.558
298.09	0.555
298.30	0.552
298.52	0.549
298.73	0.547
298.95	0.543
299.16	0.540
299.38	0.538
299.59	0.535
299.80	0.532
300.02	0.529
300.23	0.526
300.45	0.524
300.66	0.521
300.88	0.518
301.09	0.516
301.30	0.513
301.52	0.510
301.73	0.508
301.95	0.505
302.16	0.503
302.37	0.500
302.59	0.498
302.80	0.496
303.02	0.493
303.23	0.490
303.45	0.488
303.66	0.486
303.87	0.484
304.09	0.481
304.30	0.479
304.52	0.477
304.73	0.474
304.94	0.472
305.16	0.470
305.37	0.468
305.59	0.466
305.80	0.463
306.01	0.461
306.23	0.459
306.44	0.457
306.65	0.455
306.87	0.453
307.08	0.452
307.30	0.450
307.51	0.449
307.72	0.447
307.94	0.444
308.15	0.443
308.37	0.441
308.58	0.439
308.79	0.438
309.01	0.437
309.22	0.435
309.43	0.433
309.65	0.431
309.86	0.430
310.07	0.429
310.29	0.428
310.50	0.425
310.72	0.422
310.93	0.420
311.14	0.418
311.36	0.416
311.57	0.415
311.78	0.413
312.00	0.411
312.21	0.408
312.42	0.407
312.64	0.406
312.85	0.405
313.07	0.403
313.28	0.401
313.49	0.400
313.71	0.399
313.92	0.397
314.13	0.396
314.35	0.395
314.56	0.394
314.77	0.392
314.99	0.391
315.20	0.390
315.41	0.389
315.63	0.388
315.84	0.386
316.05	0.385
316.27	0.383
316.48	0.383
316.69	0.381
316.91	0.381
317.12	0.379
317.33	0.378
317.55	0.377
317.76	0.375
317.97	0.375
318.19	0.374
318.40	0.373
318.61	0.372
318.83	0.371
319.04	0.370
319.25	0.369
319.47	0.368
319.68	0.367
319.89	0.366
320.10	0.365
320.32	0.363
320.53	0.363
320.74	0.362
320.96	0.361
321.17	0.360
321.38	0.359
321.60	0.358
321.81	0.358
322.02	0.357
322.24	0.356
322.45	0.355
322.66	0.354
322.87	0.353
323.09	0.352
323.30	0.351
323.51	0.351
323.73	0.350
323.94	0.350
324.15	0.349
324.36	0.348
324.58	0.348
324.79	0.347
325.00	0.346
325.22	0.346
325.43	0.345
325.64	0.344
325.85	0.343
326.07	0.343
326.28	0.342
326.49	0.341
326.71	0.341
326.92	0.340
327.13	0.339
327.34	0.338
327.56	0.338
327.77	0.337
327.98	0.337
328.19	0.336
328.41	0.335
328.62	0.335
328.83	0.335
329.04	0.334
329.26	0.334
329.47	0.333
329.68	0.333
329.90	0.333
330.11	0.332
330.32	0.332
330.53	0.332
330.75	0.331
330.96	0.331
331.17	0.331
331.38	0.330
331.60	0.330
331.81	0.329
332.02	0.328
332.23	0.327
332.44	0.327
332.66	0.325
332.87	0.325
333.08	0.323
333.29	0.323
333.51	0.323
333.72	0.322
333.93	0.321
334.14	0.321
334.36	0.320
334.57	0.320
334.78	0.321
334.99	0.321
335.21	0.320
335.42	0.320
335.63	0.321
335.84	0.320
336.05	0.319
336.27	0.319
336.48	0.318
336.69	0.317
336.90	0.316
337.11	0.316
337.33	0.316
337.54	0.315
337.75	0.315
337.96	0.314
338.18	0.314
338.39	0.313
338.60	0.313
338.81	0.313
339.02	0.312
339.24	0.312
339.45	0.312
339.66	0.312
339.87	0.312
340.08	0.312
340.30	0.311
340.51	0.311
340.72	0.311
340.93	0.311
341.14	0.310
341.36	0.310
341.57	0.309
341.78	0.309
341.99	0.308
342.20	0.308
342.41	0.307
342.63	0.307
342.84	0.306
343.05	0.306
343.26	0.305
343.47	0.305
343.69	0.305
343.90	0.305
344.11	0.305
344.32	0.305
344.53	0.305
344.74	0.305
344.96	0.305
345.17	0.305
345.38	0.304
345.59	0.303
345.80	0.303
346.01	0.303
346.23	0.302
346.44	0.302
346.65	0.301
346.86	0.301
347.07	0.302
347.28	0.301
347.50	0.302
347.71	0.301
347.92	0.301
348.13	0.302
348.34	0.301
348.55	0.301
348.76	0.300
348.98	0.300
349.19	0.299
349.40	0.299
349.61	0.299
349.82	0.298
350.03	0.297
350.24	0.297
350.46	0.297
350.67	0.297
350.88	0.297
351.09	0.297
351.30	0.297
351.51	0.296
351.72	0.295
351.93	0.295
352.15	0.295
352.36	0.295
352.57	0.294
352.78	0.293
352.99	0.293
353.20	0.294
353.41	0.294
353.62	0.294
353.84	0.293
354.05	0.292
354.26	0.292
354.47	0.292
354.68	0.291
354.89	0.291
355.10	0.290
355.31	0.290
355.52	0.289
355.74	0.289
355.95	0.290
356.16	0.289
356.37	0.288
356.58	0.288
356.79	0.288
357.00	0.288
357.21	0.288
357.42	0.288
357.63	0.288
357.85	0.287
358.06	0.288
358.27	0.288
358.48	0.288
358.69	0.288
358.90	0.287
359.11	0.287
359.32	0.287
359.53	0.286
359.74	0.286
359.95	0.286
360.17	0.286
360.38	0.285
360.59	0.285
360.80	0.286
361.01	0.286
361.22	0.286
361.43	0.285
361.64	0.285
361.85	0.285
362.06	0.283
362.27	0.284
362.48	0.284
362.69	0.283
362.90	0.282
363.12	0.282
363.33	0.282
363.54	0.282
363.75	0.281
363.96	0.282
364.17	0.282
364.38	0.281
364.59	0.281
364.80	0.281
365.01	0.280
365.22	0.280
365.43	0.279
365.64	0.280
365.85	0.279
366.06	0.278
366.27	0.278
366.48	0.278
366.69	0.278
366.90	0.278
367.11	0.278
367.32	0.277
367.54	0.277
367.75	0.277
367.96	0.277
368.17	0.277
368.38	0.277
368.59	0.277
368.80	0.277
369.01	0.276
369.22	0.277
369.43	0.277
369.64	0.277
369.85	0.276
370.06	0.276
370.27	0.276
370.48	0.276
370.69	0.277
370.90	0.277
371.11	0.276
371.32	0.276
371.53	0.275
371.74	0.275
371.95	0.275
372.16	0.275
372.37	0.275
372.58	0.275
372.79	0.274
373.00	0.274
373.21	0.274
373.42	0.274
373.63	0.275
373.84	0.274
374.05	0.274
374.26	0.274
374.47	0.274
374.68	0.274
374.89	0.274
375.10	0.274
375.31	0.273
375.52	0.273
375.73	0.273
375.94	0.273
376.15	0.273
376.36	0.272
376.57	0.272
376.78	0.272
376.99	0.271
377.20	0.271
377.41	0.272
377.62	0.272
377.83	0.271
378.04	0.270
378.25	0.270
378.46	0.270
378.67	0.270
378.88	0.270
379.09	0.269
379.30	0.268
379.51	0.269
379.72	0.269
379.92	0.268
380.13	0.268
380.34	0.268
380.55	0.269
380.76	0.269
380.97	0.269
381.18	0.269
381.39	0.268
381.60	0.268
381.81	0.268
382.02	0.269
382.23	0.269
382.44	0.268
382.65	0.268
382.86	0.269
383.07	0.269
383.28	0.269
383.49	0.269
383.70	0.269
383.91	0.268
384.11	0.267
384.32	0.267
384.53	0.266
384.74	0.265
384.95	0.265
385.16	0.264
385.37	0.264
385.58	0.264
385.79	0.265
386.00	0.265
386.21	0.266
386.42	0.266
386.63	0.266
386.84	0.266
387.04	0.267
387.25	0.266
387.46	0.266
387.67	0.265
387.88	0.265
388.09	0.265
388.30	0.265
388.51	0.264
388.72	0.264
388.93	0.264
389.14	0.264
389.34	0.264
389.55	0.263
389.76	0.263
389.97	0.263
390.18	0.263
390.39	0.264
390.60	0.264
390.81	0.264
391.02	0.263
391.23	0.263
391.43	0.264
391.64	0.264
391.85	0.264
392.06	0.263
392.27	0.263
392.48	0.263
392.69	0.263
392.90	0.263
393.11	0.263
393.31	0.263
393.52	0.263
393.73	0.263
393.94	0.263
394.15	0.263
394.36	0.263
394.57	0.264
394.78	0.264
394.98	0.263
395.19	0.263
395.40	0.263
395.61	0.263
395.82	0.264
396.03	0.263
396.24	0.263
396.44	0.262
396.65	0.262
396.86	0.262
397.07	0.262
397.28	0.262
397.49	0.261
397.70	0.261
397.90	0.261
398.11	0.261
398.32	0.261
398.53	0.261
398.74	0.261
398.95	0.261
399.16	0.261
399.36	0.261
399.57	0.261
399.78	0.261
399.99	0.261
400.20	0.262
400.41	0.262
400.61	0.262
400.82	0.261
401.03	0.261
401.24	0.261
401.45	0.261
401.66	0.261
401.86	0.261
402.07	0.260
402.28	0.260
402.49	0.260
402.70	0.260
402.91	0.259
403.11	0.259
403.32	0.259
403.53	0.259
403.74	0.258
403.95	0.258
404.15	0.258
404.36	0.259
404.57	0.259
404.78	0.259
404.99	0.258
405.20	0.258
405.40	0.259
405.61	0.259
405.82	0.258
406.03	0.258
406.24	0.258
406.44	0.258
406.65	0.258
406.86	0.259
407.07	0.258
407.28	0.258
407.48	0.258
407.69	0.259
407.90	0.259
408.11	0.259
408.32	0.259
408.52	0.259
408.73	0.259
408.94	0.259
409.15	0.259
409.35	0.259
409.56	0.259
409.77	0.260
409.98	0.260
410.19	0.260
410.39	0.260
410.60	0.260
410.81	0.260
411.02	0.261
411.22	0.260
411.43	0.260
411.64	0.260
411.85	0.260
412.05	0.260
412.26	0.259
412.47	0.259
412.68	0.259
412.89	0.259
413.09	0.259
413.30	0.259
413.51	0.259
413.72	0.258
413.92	0.258
414.13	0.259
414.34	0.259
414.55	0.259
414.75	0.260
414.96	0.260
415.17	0.259
415.38	0.258
415.58	0.259
415.79	0.258
416.00	0.258
416.21	0.257
416.41	0.257
416.62	0.257
416.83	0.257
417.03	0.257
417.24	0.257
417.45	0.257
417.66	0.257
417.86	0.256
418.07	0.257
418.28	0.257
418.49	0.257
418.69	0.258
418.90	0.258
419.11	0.259
419.31	0.259
419.52	0.259
419.73	0.260
419.94	0.260
420.14	0.260
420.35	0.259
420.56	0.258
420.76	0.258
420.97	0.258
421.18	0.258
421.39	0.257
421.59	0.257
421.80	0.257
422.01	0.257
422.21	0.258
422.42	0.257
422.63	0.257
422.84	0.257
423.04	0.257
423.25	0.257
423.46	0.257
423.66	0.257
423.87	0.256
424.08	0.256
424.28	0.256
424.49	0.256
424.70	0.255
424.90	0.255
425.11	0.256
425.32	0.256
425.52	0.256
425.73	0.256
425.94	0.257
426.15	0.257
426.35	0.257
426.56	0.257
426.77	0.257
426.97	0.257
427.18	0.256
427.39	0.256
427.59	0.256
427.80	0.256
428.01	0.256
428.21	0.256
428.42	0.256
428.63	0.256
428.83	0.256
429.04	0.256
429.25	0.256
429.45	0.256
429.66	0.257
429.87	0.257
430.07	0.256
430.28	0.256
430.48	0.256
430.69	0.256
430.90	0.256
431.10	0.257
431.31	0.257
431.52	0.256
431.72	0.256
431.93	0.256
432.14	0.256
432.34	0.257
432.55	0.257
432.76	0.257
432.96	0.256
433.17	0.256
433.37	0.256
433.58	0.256
433.79	0.255
433.99	0.255
434.20	0.253
434.41	0.253
434.61	0.251
434.82	0.251
435.02	0.251
435.23	0.251
435.44	0.251
435.64	0.251
435.85	0.251
436.06	0.252
436.26	0.252
436.47	0.254
436.67	0.255
436.88	0.255
437.09	0.255
437.29	0.256
437.50	0.257
437.70	0.256
437.91	0.256
438.12	0.257
438.32	0.256
438.53	0.256
438.73	0.255
438.94	0.255
439.15	0.255
439.35	0.254
439.56	0.254
439.76	0.255
439.97	0.254
440.18	0.255
440.38	0.254
440.59	0.255
440.79	0.255
441.00	0.255
441.20	0.255
441.41	0.255
441.62	0.255
441.82	0.255
442.03	0.255
442.23	0.255
442.44	0.255
442.65	0.255
442.85	0.255
443.06	0.255
443.26	0.256
443.47	0.256
443.67	0.256
443.88	0.256
444.09	0.256
444.29	0.256
444.50	0.256
444.70	0.256
444.91	0.256
445.11	0.256
445.32	0.255
445.52	0.255
445.73	0.255
445.94	0.255
446.14	0.255
446.35	0.254
446.55	0.255
446.76	0.255
446.96	0.255
447.17	0.256
447.37	0.256
447.58	0.257
447.78	0.257
447.99	0.256
448.20	0.256
448.40	0.256
448.61	0.256
448.81	0.256
449.02	0.256
449.22	0.255
449.43	0.255
449.63	0.255
449.84	0.255
450.04	0.256
450.25	0.256
450.45	0.255
450.66	0.255
450.86	0.255
451.07	0.256
451.27	0.255
451.48	0.255
451.68	0.255
451.89	0.255
452.09	0.255
452.30	0.255
452.50	0.255
452.71	0.254
452.91	0.254
453.12	0.254
453.33	0.254
453.53	0.254
453.74	0.253
453.94	0.253
454.15	0.253
454.35	0.253
454.56	0.253
454.76	0.254
454.96	0.253
455.17	0.253
455.37	0.253
455.58	0.253
455.78	0.253
455.99	0.254
456.19	0.255
456.40	0.254
456.60	0.253
456.81	0.254
457.01	0.254
457.22	0.254
457.42	0.254
457.63	0.253
457.83	0.253
458.04	0.252
458.24	0.252
458.45	0.253
458.65	0.253
458.86	0.252
459.06	0.252
459.27	0.253
459.47	0.253
459.67	0.253
459.88	0.253
460.08	0.254
460.29	0.254
460.49	0.253
460.70	0.254
460.90	0.254
461.11	0.253
461.31	0.253
461.52	0.253
461.72	0.252
461.92	0.252
462.13	0.252
462.33	0.252
462.54	0.252
462.74	0.253
462.95	0.252
463.15	0.252
463.36	0.253
463.56	0.253
463.76	0.253
463.97	0.252
464.17	0.252
464.38	0.253
464.58	0.252
464.79	0.252
464.99	0.252
465.19	0.252
465.40	0.252
465.60	0.252
465.81	0.253
466.01	0.252
466.22	0.252
466.42	0.252
466.62	0.252
466.83	0.252
467.03	0.252
467.24	0.251
467.44	0.251
467.65	0.251
467.85	0.251
468.05	0.251
468.26	0.251
468.46	0.251
468.67	0.252
468.87	0.251
469.07	0.251
469.28	0.251
469.48	0.252
469.69	0.251
469.89	0.252
470.09	0.251
470.30	0.251
470.50	0.251
470.71	0.251
470.91	0.251
471.11	0.250
471.32	0.250
471.52	0.251
471.72	0.250
471.93	0.250
472.13	0.250
472.34	0.249
472.54	0.249
472.74	0.248
472.95	0.249
473.15	0.249
473.35	0.249
473.56	0.249
473.76	0.250
473.97	0.250
474.17	0.251
474.37	0.251
474.58	0.252
474.78	0.252
474.98	0.252
475.19	0.251
475.39	0.251
475.60	0.250
475.80	0.250
476.00	0.250
476.21	0.250
476.41	0.249
476.61	0.249
476.82	0.249
477.02	0.249
477.22	0.249
477.43	0.249
477.63	0.249
477.83	0.248
478.04	0.248
478.24	0.249
478.44	0.249
478.65	0.249
478.85	0.250
479.05	0.250
479.26	0.250
479.46	0.250
479.66	0.250
479.87	0.250
480.07	0.250
480.27	0.249
480.48	0.249
480.68	0.248
480.88	0.249
481.09	0.249
481.29	0.249
481.49	0.249
481.70	0.249
481.90	0.249
482.10	0.250
482.31	0.250
482.51	0.250
482.71	0.250
482.92	0.249
483.12	0.249
483.32	0.248
483.52	0.248
483.73	0.247
483.93	0.247
484.13	0.248
484.34	0.247
484.54	0.247
484.74	0.247
484.95	0.247
485.15	0.248
485.35	0.248
485.55	0.248
485.76	0.248
485.96	0.248
486.16	0.249
486.37	0.248
486.57	0.248
486.77	0.248
486.97	0.248
487.18	0.248
487.38	0.247
487.58	0.247
487.79	0.246
487.99	0.245
488.19	0.246
488.39	0.246
488.60	0.246
488.80	0.246
489.00	0.246
489.20	0.245
489.41	0.245
489.61	0.245
489.81	0.245
490.02	0.245
490.22	0.245
490.42	0.245
490.62	0.245
490.83	0.245
491.03	0.246
491.23	0.245
491.43	0.245
491.64	0.245
491.84	0.245
492.04	0.246
492.24	0.245
492.45	0.244
492.65	0.244
492.85	0.244
493.05	0.245
493.26	0.245
493.46	0.245
493.66	0.245
493.86	0.245
494.07	0.245
494.27	0.246
494.47	0.247
494.67	0.246
494.87	0.246
495.08	0.246
495.28	0.246
495.48	0.245
495.68	0.246
495.89	0.246
496.09	0.245
496.29	0.244
496.49	0.244
496.69	0.244
496.90	0.243
497.10	0.244
497.30	0.243
497.50	0.242
497.71	0.242
497.91	0.243
498.11	0.243
498.31	0.244
498.51	0.244
498.72	0.244
498.92	0.244
499.12	0.244
499.32	0.245
499.52	0.245
499.73	0.244
499.93	0.244
500.13	0.244
500.33	0.244
500.53	0.244
500.74	0.244
500.94	0.244
501.14	0.244
501.34	0.244
501.54	0.244
501.74	0.245
501.95	0.244
502.15	0.244
502.35	0.244
502.55	0.244
502.75	0.244
502.96	0.244
503.16	0.244
503.36	0.243
503.56	0.243
503.76	0.243
503.96	0.243
504.17	0.243
504.37	0.242
504.57	0.243
504.77	0.243
504.97	0.243
505.17	0.243
505.38	0.242
505.58	0.242
505.78	0.242
505.98	0.242
506.18	0.243
506.38	0.242
506.58	0.242
506.79	0.242
506.99	0.242
507.19	0.242
507.39	0.242
507.59	0.242
507.79	0.242
507.99	0.241
508.20	0.241
508.40	0.241
508.60	0.242
508.80	0.242
509.00	0.242
509.20	0.242
509.40	0.242
509.61	0.242
509.81	0.242
510.01	0.242
510.21	0.243
510.41	0.243
510.61	0.243
510.81	0.243
511.01	0.243
511.22	0.243
511.42	0.242
511.62	0.242
511.82	0.241
512.02	0.241
512.22	0.240
512.42	0.240
512.62	0.239
512.82	0.239
513.03	0.239
513.23	0.239
513.43	0.239
513.63	0.240
513.83	0.240
514.03	0.240
514.23	0.240
514.43	0.240
514.63	0.239
514.83	0.240
515.04	0.240
515.24	0.239
515.44	0.239
515.64	0.238
515.84	0.238
516.04	0.238
516.24	0.237
516.44	0.237
516.64	0.237
516.84	0.237
517.04	0.238
517.24	0.238
517.45	0.239
517.65	0.239
517.85	0.239
518.05	0.239
518.25	0.239
518.45	0.238
518.65	0.238
518.85	0.237
519.05	0.236
519.25	0.236
519.45	0.236
519.65	0.236
519.85	0.235
520.05	0.235
520.25	0.236
520.46	0.236
520.66	0.236
520.86	0.236
521.06	0.236
521.26	0.236
521.46	0.236
521.66	0.236
521.86	0.236
522.06	0.236
522.26	0.235
522.46	0.235
522.66	0.235
522.86	0.235
523.06	0.235
523.26	0.235
523.46	0.235
523.66	0.235
523.86	0.234
524.06	0.234
524.26	0.235
524.46	0.235
524.66	0.235
524.86	0.235
525.06	0.235
525.26	0.235
525.46	0.236
525.66	0.235
525.87	0.235
526.07	0.235
526.27	0.234
526.47	0.233
526.67	0.233
526.87	0.233
527.07	0.233
527.27	0.232
527.47	0.233
527.67	0.233
527.87	0.232
528.07	0.233
528.27	0.233
528.47	0.233
528.67	0.233
528.87	0.233
529.07	0.233
529.27	0.233
529.47	0.233
529.67	0.233
529.87	0.232
530.07	0.233
530.27	0.233
530.47	0.232
530.67	0.232
530.87	0.232
531.06	0.232
531.26	0.232
531.46	0.232
531.66	0.232
531.86	0.232
532.06	0.231
532.26	0.232
532.46	0.232
532.66	0.231
532.86	0.232
533.06	0.232
533.26	0.232
533.46	0.232
533.66	0.233
533.86	0.233
534.06	0.233
534.26	0.232
534.46	0.233
534.66	0.232
534.86	0.232
535.06	0.232
535.26	0.231
535.46	0.230
535.66	0.229
535.86	0.229
536.06	0.230
536.26	0.230
536.45	0.230
536.65	0.229
536.85	0.230
537.05	0.230
537.25	0.230
537.45	0.231
537.65	0.231
537.85	0.231
538.05	0.231
538.25	0.231
538.45	0.231
538.65	0.231
538.85	0.231
539.05	0.231
539.25	0.231
539.44	0.230
539.64	0.229
539.84	0.230
540.04	0.229
540.24	0.227
540.44	0.227
540.64	0.227
540.84	0.226
541.04	0.226
541.24	0.226
541.44	0.226
541.64	0.226
541.83	0.226
542.03	0.226
542.23	0.226
542.43	0.226
542.63	0.225
542.83	0.225
543.03	0.225
543.23	0.225
543.43	0.226
543.63	0.225
543.82	0.226
544.02	0.226
544.22	0.225
544.42	0.225
544.62	0.225
544.82	0.224
545.02	0.223
545.22	0.222
545.42	0.222
545.61	0.222
545.81	0.222
546.01	0.222
546.21	0.223
546.41	0.223
546.61	0.224
546.81	0.225
547.01	0.225
547.20	0.225
547.40	0.225
547.60	0.225
547.80	0.225
548.00	0.224
548.20	0.224
548.40	0.223
548.59	0.223
548.79	0.223
548.99	0.223
549.19	0.223
549.39	0.223
549.59	0.223
549.79	0.224
549.98	0.224
550.18	0.225
550.38	0.224
550.58	0.224
550.78	0.225
550.98	0.225
551.17	0.226
551.37	0.226
551.57	0.226
551.77	0.227
551.97	0.227
552.17	0.228
552.36	0.228
552.56	0.227
552.76	0.227
552.96	0.227
553.16	0.227
553.36	0.228
553.55	0.227
553.75	0.227
553.95	0.227
554.15	0.227
554.35	0.228
554.55	0.228
554.74	0.227
554.94	0.228
555.14	0.227
555.34	0.227
555.54	0.227
555.73	0.227
555.93	0.227
556.13	0.227
556.33	0.227
556.53	0.227
556.72	0.226
556.92	0.225
557.12	0.225
557.32	0.224
557.52	0.225
557.71	0.224
557.91	0.224
558.11	0.224
558.31	0.223
558.51	0.224
558.70	0.225
558.90	0.224
559.10	0.225
559.30	0.225
559.49	0.225
559.69	0.225
559.89	0.225
560.09	0.225
560.29	0.225
560.48	0.225
560.68	0.226
560.88	0.226
561.08	0.226
561.27	0.226
561.47	0.227
561.67	0.227
561.87	0.227
562.06	0.227
562.26	0.226
562.46	0.226
562.66	0.226
562.86	0.226
563.05	0.226
563.25	0.226
563.45	0.225
563.65	0.226
563.84	0.225
564.04	0.225
564.24	0.225
564.44	0.224
564.63	0.224
564.83	0.224
565.03	0.224
565.22	0.224
565.42	0.223
565.62	0.223
565.82	0.224
566.01	0.224
566.21	0.224
566.41	0.224
566.61	0.224
566.80	0.223
567.00	0.224
567.20	0.224
567.40	0.224
567.59	0.224
567.79	0.225
567.99	0.226
568.18	0.227
568.38	0.226
568.58	0.227
568.78	0.227
568.97	0.227
569.17	0.228
569.37	0.229
569.56	0.229
569.76	0.229
569.96	0.229
570.16	0.229
570.35	0.230
570.55	0.230
570.75	0.230
570.94	0.230
571.14	0.230
571.34	0.230
571.53	0.230
571.73	0.230
571.93	0.230
572.12	0.230
572.32	0.230
572.52	0.230
572.72	0.230
572.91	0.230
573.11	0.230
573.31	0.230
573.50	0.230
573.70	0.231
573.90	0.230
574.09	0.231
574.29	0.231
574.49	0.231
574.68	0.231
574.88	0.231
575.08	0.231
575.27	0.231
575.47	0.231
575.67	0.231
575.86	0.231
576.06	0.231
576.26	0.231
576.45	0.231
576.65	0.231
576.85	0.231
577.04	0.231
577.24	0.231
577.44	0.231
577.63	0.231
577.83	0.231
578.02	0.231
578.22	0.231
578.42	0.231
578.61	0.231
578.81	0.231
579.01	0.231
579.20	0.231
579.40	0.231
579.60	0.231
579.79	0.231
579.99	0.231
580.19	0.232
580.38	0.232
580.58	0.233
580.77	0.232
580.97	0.232
581.17	0.232
581.36	0.232
581.56	0.231
581.75	0.231
581.95	0.231
582.15	0.230
582.34	0.230
582.54	0.229
582.74	0.229
582.93	0.229
583.13	0.229
583.32	0.229
583.52	0.229
583.72	0.229
583.91	0.230
584.11	0.230
584.30	0.231
584.50	0.231
584.70	0.231
584.89	0.230
585.09	0.230
585.28	0.230
585.48	0.230
585.68	0.229
585.87	0.229
586.07	0.229
586.26	0.229
586.46	0.229
586.66	0.229
586.85	0.230
587.05	0.229
587.24	0.228
587.44	0.228
587.63	0.228
587.83	0.228
588.03	0.227
588.22	0.227
588.42	0.226
588.61	0.225
588.81	0.225
589.00	0.225
589.20	0.225
589.40	0.225
589.59	0.225
589.79	0.225
589.98	0.225
590.18	0.225
590.37	0.225
590.57	0.225
590.76	0.224
590.96	0.225
591.16	0.225
591.35	0.226
591.55	0.226
591.74	0.226
591.94	0.227
592.13	0.226
592.33	0.227
592.52	0.228
592.72	0.228
592.91	0.228
593.11	0.227
593.30	0.226
593.50	0.226
593.70	0.226
593.89	0.226
594.09	0.225
594.28	0.224
594.48	0.223
594.67	0.223
594.87	0.223
595.06	0.223
595.26	0.222
595.45	0.222
595.65	0.222
595.84	0.223
596.04	0.223
596.23	0.223
596.43	0.224
596.62	0.224
596.82	0.225
597.01	0.225
597.21	0.226
597.40	0.226
597.60	0.226
597.79	0.227
597.99	0.227
598.18	0.228
598.38	0.228
598.57	0.228
598.77	0.227
598.96	0.228
599.16	0.228
599.35	0.228
599.55	0.228
599.74	0.228
599.94	0.227
600.13	0.226
600.33	0.226
600.52	0.225
600.72	0.224
600.91	0.223
601.11	0.222
601.30	0.222
601.50	0.221
601.69	0.221
601.89	0.220
602.08	0.221
602.27	0.221
602.47	0.222
602.66	0.223
602.86	0.223
603.05	0.223
603.25	0.223
603.44	0.223
603.64	0.223
603.83	0.223
604.03	0.223
604.22	0.224
604.41	0.224
604.61	0.224
604.80	0.225
605.00	0.224
605.19	0.225
605.39	0.225
605.58	0.226
605.78	0.226
605.97	0.226
606.16	0.226
606.36	0.225
606.55	0.225
606.75	0.225
606.94	0.225
607.14	0.225
607.33	0.224
607.52	0.224
607.72	0.224
607.91	0.223
608.11	0.223
608.30	0.222
608.50	0.222
608.69	0.222
608.88	0.221
609.08	0.220
609.27	0.219
609.47	0.219
609.66	0.218
609.85	0.217
610.05	0.216
610.24	0.216
610.44	0.215
610.63	0.215
610.83	0.215
611.02	0.215
611.21	0.215
611.41	0.215
611.60	0.216
611.80	0.217
611.99	0.217
612.18	0.218
612.38	0.218
612.57	0.218
612.76	0.218
612.96	0.218
613.15	0.218
613.35	0.218
613.54	0.218
613.73	0.218
613.93	0.218
614.12	0.218
614.32	0.218
614.51	0.219
614.70	0.219
614.90	0.219
615.09	0.219
615.28	0.218
615.48	0.218
615.67	0.218
615.86	0.218
616.06	0.218
616.25	0.218
616.45	0.218
616.64	0.217
616.83	0.217
617.03	0.217
617.22	0.216
617.41	0.216
617.61	0.215
617.80	0.215
617.99	0.215
618.19	0.215
618.38	0.215
618.57	0.215
618.77	0.214
618.96	0.215
619.15	0.214
619.35	0.215
619.54	0.214
619.73	0.214
619.93	0.214
620.12	0.214
620.31	0.214
620.51	0.215
620.70	0.215
620.89	0.216
621.09	0.216
621.28	0.216
621.47	0.216
621.67	0.216
621.86	0.216
622.05	0.216
622.25	0.216
622.44	0.216
622.63	0.216
622.83	0.216
623.02	0.216
623.21	0.216
623.41	0.216
623.60	0.215
623.79	0.215
623.98	0.215
624.18	0.214
624.37	0.214
624.56	0.214
624.76	0.213
624.95	0.214
625.14	0.214
625.33	0.215
625.53	0.215
625.72	0.215
625.91	0.215
626.11	0.215
626.30	0.215
626.49	0.215
626.68	0.215
626.88	0.214
627.07	0.214
627.26	0.213
627.46	0.213
627.65	0.213
627.84	0.213
628.03	0.213
628.23	0.213
628.42	0.213
628.61	0.213
628.80	0.213
629.00	0.213
629.19	0.213
629.38	0.213
629.58	0.213
629.77	0.213
629.96	0.212
630.15	0.212
630.35	0.211
630.54	0.211
630.73	0.211
630.92	0.211
631.12	0.211
631.31	0.210
631.50	0.210
631.69	0.210
631.89	0.211
632.08	0.211
632.27	0.211
632.46	0.211
632.65	0.211
632.85	0.211
633.04	0.211
633.23	0.211
633.42	0.211
633.62	0.211
633.81	0.210
634.00	0.210
634.19	0.210
634.39	0.210
634.58	0.210
634.77	0.210
634.96	0.210
635.15	0.211
635.35	0.211
635.54	0.211
635.73	0.211
635.92	0.211
636.11	0.210
636.31	0.210
636.50	0.210
636.69	0.210
636.88	0.209
637.07	0.209
637.27	0.210
637.46	0.210
637.65	0.209
637.84	0.209
638.03	0.210
638.23	0.210
638.42	0.209
638.61	0.209
638.80	0.208
638.99	0.208
639.19	0.208
639.38	0.208
639.57	0.208
639.76	0.209
639.95	0.208
640.14	0.209
640.34	0.209
640.53	0.209
640.72	0.209
640.91	0.209
641.10	0.209
641.30	0.209
641.49	0.209
641.68	0.210
641.87	0.210
642.06	0.210
642.25	0.210
642.44	0.210
642.64	0.210
642.83	0.210
643.02	0.209
643.21	0.209
643.40	0.209
643.59	0.209
643.79	0.209
643.98	0.209
644.17	0.209
644.36	0.209
644.55	0.209
644.74	0.209
644.93	0.209
645.13	0.209
645.32	0.209
645.51	0.208
645.70	0.207
645.89	0.207
646.08	0.207
646.27	0.207
646.46	0.207
646.66	0.207
646.85	0.207
647.04	0.207
647.23	0.208
647.42	0.209
647.61	0.210
647.80	0.210
647.99	0.211
648.19	0.211
648.38	0.211
648.57	0.211
648.76	0.210
648.95	0.210
649.14	0.210
649.33	0.210
649.52	0.210
649.71	0.209
649.91	0.209
650.10	0.209
650.29	0.210
650.48	0.210
650.67	0.211
650.86	0.211
651.05	0.210
651.24	0.210
651.43	0.210
651.62	0.210
651.81	0.210
652.01	0.210
652.20	0.210
652.39	0.210
652.58	0.210
652.77	0.210
652.96	0.211
653.15	0.211
653.34	0.210
653.53	0.210
653.72	0.210
653.91	0.210
654.10	0.211
654.29	0.213
654.48	0.215
654.68	0.216
654.87	0.218
655.06	0.219
655.25	0.220
655.44	0.221
655.63	0.221
655.82	0.221
656.01	0.220
656.20	0.219
656.39	0.218
656.58	0.217
656.77	0.216
656.96	0.215
657.15	0.214
657.34	0.213
657.53	0.213
657.72	0.212
657.91	0.211
658.10	0.210
658.29	0.209
658.48	0.209
658.68	0.209
658.87	0.208
659.06	0.208
659.25	0.208
659.44	0.208
659.63	0.207
659.82	0.208
660.01	0.207
660.20	0.207
660.39	0.207
660.58	0.207
660.77	0.207
660.96	0.207
661.15	0.207
661.34	0.207
661.53	0.207
661.72	0.207
661.91	0.207
662.10	0.207
662.29	0.207
662.48	0.208
662.67	0.207
662.86	0.208
663.05	0.208
663.24	0.208
663.43	0.208
663.62	0.209
663.81	0.209
664.00	0.208
664.19	0.208
664.38	0.209
664.57	0.208
664.76	0.208
664.95	0.209
665.14	0.209
665.33	0.209
665.52	0.208
665.71	0.208
665.90	0.208
666.09	0.207
666.28	0.208
666.46	0.208
666.65	0.207
666.84	0.207
667.03	0.207
667.22	0.207
667.41	0.207
667.60	0.207
667.79	0.208
667.98	0.207
668.17	0.207
668.36	0.207
668.55	0.208
668.74	0.208
668.93	0.208
669.12	0.208
669.31	0.208
669.50	0.208
669.69	0.207
669.88	0.208
670.07	0.208
670.26	0.208
670.44	0.208
670.63	0.209
670.82	0.209
671.01	0.209
671.20	0.210
671.39	0.210
671.58	0.210
671.77	0.211
671.96	0.210
672.15	0.210
672.34	0.210
672.53	0.210
672.72	0.210
672.91	0.209
673.09	0.209
673.28	0.209
673.47	0.208
673.66	0.208
673.85	0.208
674.04	0.208
674.23	0.208
674.42	0.208
674.61	0.208
674.80	0.208
674.98	0.208
675.17	0.208
675.36	0.208
675.55	0.209
675.74	0.208
675.93	0.209
676.12	0.209
676.31	0.209
676.50	0.209
676.69	0.209
676.87	0.209
677.06	0.209
677.25	0.209
677.44	0.209
677.63	0.209
677.82	0.209
678.01	0.210
678.20	0.210
678.38	0.210
678.57	0.210
678.76	0.210
678.95	0.210
679.14	0.210
679.33	0.210
679.52	0.209
679.71	0.209
679.89	0.209
680.08	0.209
680.27	0.209
680.46	0.208
680.65	0.208
680.84	0.208
681.02	0.209
681.21	0.209
681.40	0.209
681.59	0.209
681.78	0.209
681.97	0.209
682.16	0.209
682.34	0.209
682.53	0.209
682.72	0.209
682.91	0.210
683.10	0.210
683.29	0.209
683.47	0.209
683.66	0.210
683.85	0.210
684.04	0.210
684.23	0.210
684.42	0.210
684.60	0.211
684.79	0.211
684.98	0.211
685.17	0.211
685.36	0.211
685.54	0.210
685.73	0.211
685.92	0.211
686.11	0.211
686.30	0.211
686.49	0.210
686.67	0.210
686.86	0.210
687.05	0.210
687.24	0.210
687.43	0.210
687.61	0.210
687.80	0.210
687.99	0.210
688.18	0.210
688.36	0.209
688.55	0.209
688.74	0.210
688.93	0.210
689.12	0.210
689.30	0.210
689.49	0.209
689.68	0.209
689.87	0.210
690.06	0.210
690.24	0.211
690.43	0.211
690.62	0.211
690.81	0.211
690.99	0.212
691.18	0.212
691.37	0.212
691.56	0.212
691.74	0.212
691.93	0.211
692.12	0.211
692.31	0.211
692.50	0.210
692.68	0.210
692.87	0.209
693.06	0.209
693.25	0.210
693.43	0.209
693.62	0.209
693.81	0.209
694.00	0.209
694.18	0.209
694.37	0.210
694.56	0.210
694.74	0.210
694.93	0.209
695.12	0.209
695.31	0.209
695.49	0.210
695.68	0.211
695.87	0.211
696.06	0.211
696.24	0.211
696.43	0.212
696.62	0.212
696.80	0.213
696.99	0.213
697.18	0.212
697.37	0.211
697.55	0.211
697.74	0.211
697.93	0.210
698.12	0.210
698.30	0.210
698.49	0.210
698.68	0.210
698.86	0.210
699.05	0.210
699.24	0.209
699.42	0.209
699.61	0.210
699.80	0.209
699.99	0.209
700.17	0.209
700.36	0.209
700.55	0.209
700.73	0.210
700.92	0.210
701.11	0.210
701.29	0.210
701.48	0.210
701.67	0.209
701.85	0.209
702.04	0.210
702.23	0.209
702.41	0.209
702.60	0.209
702.79	0.209
702.97	0.210
703.16	0.210
703.35	0.209
703.53	0.209
703.72	0.209
703.91	0.209
704.09	0.209
704.28	0.209
704.47	0.209
704.65	0.208
704.84	0.208
705.03	0.209
705.21	0.209
705.40	0.209
705.59	0.209
705.77	0.209
705.96	0.209
706.15	0.210
706.33	0.210
706.52	0.210
706.71	0.210
706.89	0.211
707.08	0.211
707.26	0.210
707.45	0.211
707.64	0.211
707.82	0.210
708.01	0.210
708.20	0.210
708.38	0.209
708.57	0.209
708.75	0.208
708.94	0.208
709.13	0.207
709.31	0.207
709.50	0.208
709.69	0.208
709.87	0.208
710.06	0.208
710.24	0.209
710.43	0.210
710.62	0.210
710.80	0.210
710.99	0.210
711.17	0.210
711.36	0.210
711.55	0.210
711.73	0.210
711.92	0.211
712.10	0.211
712.29	0.211
712.48	0.210
712.66	0.211
712.85	0.211
713.03	0.211
713.22	0.210
713.40	0.210
713.59	0.210
713.78	0.210
713.96	0.210
714.15	0.210
714.33	0.210
714.52	0.210
714.71	0.210
714.89	0.210
715.08	0.210
715.26	0.209
715.45	0.209
715.63	0.208
715.82	0.208
716.00	0.208
716.19	0.208
716.38	0.209
716.56	0.209
716.75	0.209
716.93	0.209
717.12	0.209
717.30	0.210
717.49	0.210
717.67	0.210
717.86	0.211
718.05	0.211
718.23	0.211
718.42	0.211
718.60	0.211
718.79	0.211
718.97	0.211
719.16	0.211
719.34	0.211
719.53	0.211
719.71	0.211
719.90	0.211
720.08	0.211
720.27	0.211
720.45	0.211
720.64	0.210
720.83	0.210
721.01	0.210
721.20	0.210
721.38	0.209
721.57	0.209
721.75	0.209
721.94	0.209
722.12	0.209
722.31	0.209
722.49	0.209
722.68	0.210
722.86	0.210
723.05	0.210
723.23	0.210
723.42	0.210
723.60	0.211
723.79	0.210
723.97	0.210
724.16	0.210
724.34	0.210
724.53	0.210
724.71	0.210
724.90	0.210
725.08	0.210
725.27	0.210
725.45	0.210
725.64	0.210
725.82	0.209
726.00	0.209
726.19	0.210
726.37	0.210
726.56	0.210
726.74	0.210
726.93	0.210
727.11	0.210
727.30	0.211
727.48	0.211
727.67	0.211
727.85	0.210
728.04	0.211
728.22	0.211
728.40	0.211
728.59	0.212
728.77	0.211
728.96	0.211
729.14	0.211
729.33	0.211
729.51	0.212
729.70	0.212
729.88	0.212
730.07	0.212
730.25	0.212
730.43	0.212
730.62	0.212
730.80	0.212
730.99	0.212
731.17	0.212
731.36	0.212
731.54	0.212
731.72	0.212
731.91	0.213
732.09	0.213
732.28	0.213
732.46	0.213
732.65	0.213
732.83	0.213
733.01	0.213
733.20	0.212
733.38	0.212
733.57	0.212
733.75	0.213
733.93	0.212
734.12	0.213
734.30	0.213
734.49	0.212
734.67	0.212
734.85	0.213
735.04	0.213
735.22	0.213
735.41	0.212
735.59	0.213
735.77	0.213
735.96	0.213
736.14	0.213
736.33	0.213
736.51	0.213
736.69	0.213
736.88	0.212
737.06	0.212
737.25	0.212
737.43	0.212
737.61	0.212
737.80	0.212
737.98	0.212
738.16	0.212
738.35	0.212
738.53	0.212
738.71	0.212
738.90	0.211
739.08	0.211
739.27	0.211
739.45	0.211
739.63	0.211
739.82	0.210
740.00	0.210
740.18	0.210
740.37	0.210
740.55	0.210
740.73	0.210
740.92	0.210
741.10	0.210
741.28	0.210
741.47	0.210
741.65	0.210
741.83	0.210
742.02	0.211
742.20	0.211
742.38	0.211
742.57	0.211
742.75	0.211
742.93	0.210
743.12	0.211
743.30	0.210
743.48	0.210
743.67	0.209
743.85	0.209
744.03	0.209
744.22	0.209
744.40	0.209
744.58	0.210
744.77	0.210
744.95	0.210
745.13	0.209
745.32	0.210
745.50	0.210
745.68	0.210
745.87	0.210
746.05	0.210
746.23	0.210
746.41	0.209
746.60	0.209
746.78	0.209
746.96	0.209
747.15	0.209
747.33	0.209
747.51	0.208
747.70	0.209
747.88	0.209
748.06	0.209
748.24	0.210
748.43	0.210
748.61	0.210
748.79	0.210
748.97	0.210
749.16	0.210
749.34	0.210
749.52	0.210
749.71	0.211
749.89	0.211
750.07	0.211
750.25	0.211
750.44	0.211
750.62	0.212
750.80	0.212
750.98	0.212
751.17	0.211
751.35	0.211
751.53	0.212
751.71	0.211
751.90	0.211
752.08	0.211
752.26	0.211
752.44	0.211
752.63	0.210
752.81	0.211
752.99	0.211
753.17	0.211
753.36	0.211
753.54	0.212
753.72	0.212
753.90	0.212
754.09	0.212
754.27	0.212
754.45	0.212
754.63	0.211
754.82	0.211
755.00	0.212
755.18	0.211
755.36	0.212
755.54	0.212
755.73	0.212
755.91	0.213
756.09	0.213
756.27	0.214
756.45	0.214
756.64	0.214
756.82	0.215
757.00	0.215
757.18	0.215
757.37	0.215
757.55	0.215
757.73	0.214
757.91	0.214
758.09	0.214
758.27	0.213
758.46	0.213
758.64	0.213
758.82	0.213
759.00	0.213
759.18	0.213
759.37	0.212
759.55	0.212
759.73	0.212
759.91	0.213
760.09	0.213
760.28	0.213
760.46	0.213
760.64	0.213
760.82	0.212
761.00	0.212
761.18	0.212
761.37	0.212
761.55	0.212
761.73	0.212
761.91	0.213
762.09	0.212
762.27	0.213
762.46	0.213
762.64	0.213
762.82	0.213
763.00	0.213
763.18	0.213
763.36	0.212
763.54	0.212
763.73	0.213
763.91	0.213
764.09	0.213
764.27	0.213
764.45	0.213
764.63	0.213
764.81	0.213
765.00	0.213
765.18	0.212
765.36	0.212
765.54	0.212
765.72	0.211
765.90	0.211
766.08	0.211
766.27	0.210
766.45	0.210
766.63	0.210
766.81	0.210
766.99	0.210
767.17	0.210
767.35	0.210
767.53	0.210
767.71	0.210
767.90	0.211
768.08	0.211
768.26	0.210
768.44	0.210
768.62	0.209
768.80	0.209
768.98	0.209
769.16	0.209
769.34	0.208
769.52	0.208
769.71	0.208
769.89	0.209
770.07	0.209
770.25	0.209
770.43	0.209
770.61	0.210
770.79	0.209
770.97	0.210
771.15	0.209
771.33	0.209
771.51	0.209
771.69	0.209
771.88	0.209
772.06	0.209
772.24	0.209
772.42	0.209
772.60	0.209
772.78	0.209
772.96	0.209
773.14	0.208
773.32	0.208
773.50	0.208
773.68	0.208
773.86	0.208
774.04	0.208
774.22	0.209
774.40	0.209
774.58	0.209
774.77	0.209
774.95	0.209
775.13	0.209
775.31	0.209
775.49	0.209
775.67	0.209
775.85	0.209
776.03	0.209
776.21	0.208
776.39	0.208
776.57	0.208
776.75	0.208
776.93	0.208
777.11	0.208
777.29	0.208
777.47	0.208
777.65	0.208
777.83	0.208
778.01	0.208
778.19	0.209
778.37	0.209
778.55	0.209
778.73	0.208
778.91	0.208
779.09	0.208
779.27	0.208
779.45	0.209
779.63	0.209
779.81	0.209
779.99	0.209
780.17	0.209
780.35	0.209
780.53	0.210
780.71	0.210
780.89	0.211
781.07	0.211
781.25	0.211
781.43	0.211
781.61	0.211
781.79	0.211
781.97	0.211
782.15	0.211
782.33	0.210
782.51	0.210
782.69	0.210
782.87	0.210
783.05	0.211
783.23	0.211
783.41	0.210
783.59	0.210
783.77	0.210
783.95	0.210
784.13	0.210
784.31	0.210
784.49	0.209
784.67	0.209
784.85	0.209
785.03	0.210
785.21	0.210
785.38	0.210
785.56	0.211
785.74	0.211
785.92	0.210
786.10	0.211
786.28	0.211
786.46	0.210
786.64	0.210
786.82	0.210
787.00	0.210
787.18	0.210
787.36	0.210
787.54	0.210
787.72	0.211
787.90	0.211
788.08	0.212
788.25	0.212
788.43	0.212
788.61	0.212
788.79	0.212
788.97	0.212
789.15	0.212
789.33	0.212
789.51	0.211
789.69	0.211
789.87	0.210
790.05	0.210
790.23	0.210
790.40	0.210
790.58	0.211
790.76	0.211
790.94	0.211
791.12	0.211
791.30	0.211
791.48	0.211
791.66	0.211
791.84	0.210
792.02	0.210
792.19	0.210
792.37	0.210
792.55	0.211
792.73	0.211
792.91	0.211
793.09	0.212
793.27	0.213
793.45	0.214
793.63	0.214
793.80	0.214
793.98	0.214
794.16	0.214
794.34	0.215
794.52	0.214
794.70	0.213
794.88	0.213
795.05	0.212
795.23	0.212
795.41	0.212
795.59	0.211
795.77	0.211
795.95	0.210
796.13	0.210
796.30	0.210
796.48	0.210
796.66	0.210
796.84	0.210
797.02	0.210
797.20	0.211
797.38	0.211
797.55	0.211
797.73	0.211
797.91	0.211
798.09	0.211
798.27	0.211
798.45	0.211
798.62	0.211
798.80	0.210
798.98	0.210
799.16	0.210
799.34	0.210
799.52	0.211
799.69	0.211
799.87	0.210
800.05	0.210
800.23	0.210
800.41	0.210
800.58	0.210
800.76	0.210
800.94	0.210
801.12	0.210
801.30	0.210
801.47	0.210
801.65	0.210
801.83	0.210
802.01	0.210
802.19	0.210
802.36	0.210
802.54	0.210
802.72	0.211
802.90	0.211
803.08	0.210
803.25	0.210
803.43	0.210
803.61	0.210
803.79	0.209
803.97	0.209
804.14	0.209
804.32	0.209
804.50	0.209
804.68	0.210
804.85	0.210
805.03	0.210
805.21	0.210
805.39	0.211
805.56	0.211
805.74	0.211
805.92	0.211
806.10	0.211
806.28	0.211
806.45	0.211
806.63	0.211
806.81	0.211
806.99	0.210
807.16	0.210
807.34	0.210
807.52	0.209
807.70	0.209
807.87	0.210
808.05	0.210
808.23	0.209
808.41	0.210
808.58	0.210
808.76	0.210
808.94	0.210
809.11	0.210
809.29	0.210
809.47	0.210
809.65	0.210
809.82	0.210
810.00	0.210
810.18	0.210
810.36	0.210
810.53	0.210
810.71	0.210
810.89	0.210
811.06	0.210
811.24	0.210
811.42	0.209
811.60	0.209
811.77	0.209
811.95	0.209
812.13	0.209
812.30	0.210
812.48	0.209
812.66	0.210
812.83	0.210
813.01	0.210
813.19	0.211
813.37	0.210
813.54	0.210
813.72	0.211
813.90	0.211
814.07	0.211
814.25	0.211
814.43	0.210
814.60	0.210
814.78	0.210
814.96	0.211
815.13	0.210
815.31	0.210
815.49	0.210
815.66	0.210
815.84	0.210
816.02	0.210
816.19	0.210
816.37	0.211
816.55	0.210
816.72	0.210
816.90	0.210
817.08	0.210
817.25	0.210
817.43	0.210
817.61	0.210
817.78	0.209
817.96	0.210
818.14	0.210
818.31	0.210
818.49	0.210
818.67	0.210
818.84	0.210
819.02	0.211
819.19	0.211
819.37	0.211
819.55	0.212
819.72	0.212
819.90	0.212
820.08	0.212
820.25	0.212
820.43	0.212
820.60	0.211
820.78	0.211
820.96	0.211
821.13	0.210
821.31	0.209
821.49	0.210
821.66	0.210
821.84	0.209
822.01	0.210
822.19	0.210
822.37	0.210
822.54	0.210
822.72	0.210
822.89	0.209
823.07	0.209
823.25	0.209
823.42	0.210
823.60	0.210
823.77	0.210
823.95	0.211
824.13	0.210
824.30	0.211
824.48	0.211
824.65	0.211
824.83	0.211
825.01	0.211
825.18	0.210
825.36	0.210
825.53	0.209
825.71	0.210
825.88	0.210
826.06	0.210
826.24	0.211
826.41	0.211
826.59	0.212
826.76	0.212
826.94	0.212
827.11	0.212
827.29	0.212
827.47	0.212
827.64	0.212
827.82	0.211
827.99	0.210
828.17	0.209
828.34	0.209
828.52	0.209
828.69	0.208
828.87	0.208
829.04	0.208
829.22	0.208
829.40	0.209
829.57	0.209
829.75	0.209
829.92	0.209
830.10	0.210
830.27	0.209
830.45	0.209
830.62	0.210
830.80	0.210
830.97	0.209
831.15	0.209
831.32	0.209
831.50	0.208
831.67	0.208
831.85	0.208
832.02	0.209
832.20	0.209
832.37	0.208
832.55	0.208
832.73	0.209
832.90	0.209
833.08	0.209
833.25	0.209
833.43	0.209
833.60	0.209
833.78	0.208
833.95	0.208
834.13	0.208
834.30	0.208
834.48	0.208
834.65	0.208
834.82	0.208
835.00	0.208
835.17	0.209
835.35	0.209
835.52	0.209
835.70	0.209
835.87	0.209
836.05	0.209
836.22	0.210
836.40	0.209
836.57	0.209
836.75	0.208
836.92	0.208
837.10	0.208
837.27	0.207
837.45	0.208
837.62	0.207
837.80	0.207
837.97	0.207
838.14	0.207
838.32	0.208
838.49	0.208
838.67	0.207
838.84	0.207
839.02	0.206
839.19	0.207
839.37	0.207
839.54	0.207
839.71	0.207
839.89	0.207
840.06	0.207
840.24	0.208
840.41	0.208
840.59	0.209
840.76	0.209
840.94	0.208
841.11	0.208
841.28	0.208
841.46	0.208
841.63	0.209
841.81	0.209
841.98	0.209
842.15	0.209
842.33	0.209
842.50	0.210
842.68	0.209
842.85	0.209
843.03	0.209
843.20	0.208
843.37	0.208
843.55	0.208
843.72	0.208
843.90	0.208
844.07	0.208
844.24	0.207
844.42	0.207
844.59	0.207
844.77	0.207
844.94	0.207
845.11	0.207
845.29	0.207
845.46	0.207
845.63	0.207
845.81	0.208
845.98	0.208
846.16	0.209
846.33	0.208
846.50	0.208
846.68	0.208
846.85	0.208
847.02	0.208
847.20	0.208
847.37	0.208
847.55	0.207
847.72	0.206
847.89	0.207
848.07	0.207
848.24	0.207
848.41	0.207
848.59	0.206
848.76	0.206
848.93	0.206
849.11	0.206
849.28	0.207
849.45	0.206
849.63	0.206
849.80	0.206
849.97	0.206
850.15	0.207
850.32	0.206
850.49	0.206
850.67	0.207
850.84	0.207
851.01	0.207
851.19	0.206
851.36	0.206
851.53	0.207
851.71	0.206
851.88	0.207
852.05	0.207
852.23	0.207
852.40	0.208
852.57	0.208
852.75	0.210
852.92	0.209
853.09	0.210
853.27	0.210
853.44	0.210
853.61	0.209
853.79	0.208
853.96	0.208
854.13	0.208
854.30	0.207
854.48	0.207
854.65	0.207
854.82	0.206
855.00	0.206
855.17	0.207
855.34	0.207
855.51	0.206
855.69	0.206
855.86	0.206
856.03	0.207
856.21	0.207
856.38	0.207
856.55	0.207
856.72	0.207
856.90	0.207
857.07	0.208
857.24	0.208
857.42	0.207
857.59	0.206
857.76	0.206
857.93	0.206
858.11	0.207
858.28	0.206
858.45	0.206
858.62	0.207
858.80	0.206
858.97	0.206
859.14	0.206
859.31	0.207
859.49	0.206
859.66	0.206
859.83	0.207
860.00	0.206
860.18	0.207
860.35	0.207
860.52	0.207
860.69	0.208
860.86	0.208
861.04	0.208
861.21	0.207
861.38	0.207
861.55	0.207
861.73	0.207
861.90	0.207
862.07	0.207
862.24	0.207
862.42	0.207
862.59	0.208
862.76	0.208
862.93	0.208
863.10	0.208
863.28	0.208
863.45	0.208
863.62	0.208
863.79	0.208
863.96	0.209
864.14	0.208
864.31	0.209
864.48	0.209
864.65	0.210
864.82	0.210
865.00	0.211
865.17	0.210
865.34	0.210
865.51	0.209
865.68	0.209
865.86	0.209
866.03	0.209
866.20	0.209
866.37	0.209
866.54	0.209
866.71	0.210
866.89	0.210
867.06	0.211
867.23	0.211
867.40	0.211
867.57	0.212
867.74	0.211
867.92	0.211
868.09	0.211
868.26	0.211
868.43	0.210
868.60	0.210
868.77	0.210
868.95	0.209
869.12	0.209
869.29	0.209
869.46	0.209
869.63	0.210
869.80	0.211
869.97	0.212
870.15	0.211
870.32	0.211
870.49	0.212
870.66	0.212
870.83	0.213
871.00	0.212
871.17	0.211
871.34	0.210
871.52	0.210
871.69	0.211
871.86	0.210
872.03	0.210
872.20	0.211
872.37	0.210
872.54	0.209
872.71	0.209
872.89	0.209
873.06	0.209
873.23	0.210
873.40	0.210
873.57	0.211
873.74	0.211
873.91	0.211
874.08	0.212
874.25	0.213
874.42	0.214
874.60	0.214
874.77	0.214
874.94	0.215
875.11	0.214
875.28	0.214
875.45	0.214
875.62	0.213
875.79	0.212
875.96	0.213
876.13	0.212
876.30	0.213
876.47	0.213
876.65	0.214
876.82	0.213
876.99	0.214
877.16	0.215
877.33	0.215
877.50	0.214
877.67	0.214
877.84	0.214
878.01	0.214
878.18	0.213
878.35	0.213
878.52	0.213
878.69	0.213
878.86	0.213
879.03	0.213
879.20	0.213
879.38	0.214
879.55	0.214
879.72	0.214
879.89	0.214
880.06	0.214
880.23	0.215
880.40	0.216
880.57	0.216
880.74	0.217
880.91	0.216
881.08	0.217
881.25	0.218
881.42	0.217
881.59	0.217
881.76	0.216
881.93	0.216
882.10	0.217
882.27	0.216
882.44	0.216
882.61	0.216
882.78	0.216
882.95	0.218
883.12	0.219
883.29	0.219
883.46	0.218
883.63	0.217
883.80	0.217
883.97	0.217
884.14	0.216
884.31	0.217
884.48	0.216
884.65	0.216
884.82	0.216
884.99	0.219
885.16	0.220
885.33	0.221
885.50	0.220
885.67	0.220
885.84	0.220
886.01	0.219
886.18	0.220
886.35	0.221
886.52	0.220
886.69	0.219
886.86	0.220
887.03	0.221
887.20	0.221
887.37	0.221
887.54	0.221
887.71	0.220
887.88	0.219
888.05	0.219
888.22	0.221
888.39	0.220
888.55	0.219
888.72	0.219
888.89	0.219
889.06	0.221
889.23	0.222
889.40	0.222
889.57	0.222
889.74	0.221
889.91	0.222
890.08	0.222
890.25	0.222
890.42	0.223
890.59	0.222
890.76	0.222
890.93	0.222
891.10	0.223
891.26	0.223
891.43	0.223
891.60	0.224
891.77	0.224
891.94	0.225
892.11	0.226
892.28	0.226
892.45	0.226
892.62	0.227
892.79	0.227
892.96	0.226
893.13	0.224
893.29	0.225
893.46	0.222
893.63	0.223
893.80	0.223
893.97	0.223
894.14	0.223
894.31	0.223
894.48	0.227
894.65	0.228
894.81	0.224
894.98	0.219
