177.34	-0.329
177.56	-0.329
177.78	-0.329
178.00	-0.466
178.22	-0.039
178.44	0.009
178.66	0.112
178.89	0.124
179.11	0.085
179.33	0.072
179.55	-0.336
179.77	-0.544
179.99	-0.767
180.21	-0.751
180.43	-0.000
180.65	-0.000
180.87	0.987
181.09	0.946
181.31	0.704
181.53	0.532
181.75	0.489
181.97	0.494
182.19	0.445
182.41	0.410
182.63	0.426
182.85	0.390
183.07	0.391
183.30	0.395
183.52	0.422
183.74	0.458
183.96	0.412
184.18	0.471
184.40	0.522
184.62	0.516
184.84	0.556
185.06	0.571
185.28	0.617
185.50	0.741
185.72	0.653
185.94	0.744
186.16	0.741
186.38	0.719
186.60	0.757
186.82	0.795
187.04	0.917
187.26	0.964
187.48	0.939
187.70	1.099
187.92	1.030
188.14	1.067
188.36	1.058
188.58	1.028
188.80	1.030
189.02	1.018
189.24	1.037
189.46	1.044
189.68	1.023
189.90	1.093
190.12	1.094
190.34	1.157
190.56	1.218
190.78	1.214
191.00	1.195
191.22	1.158
191.44	1.185
191.66	1.246
191.88	1.245
192.10	1.259
192.32	1.266
192.54	1.297
192.76	1.302
192.98	1.335
193.20	1.405
193.42	1.379
193.64	1.327
193.86	1.332
194.08	1.358
194.30	1.369
194.52	1.306
194.74	1.334
194.96	1.308
195.18	1.309
195.40	1.342
195.62	1.353
195.84	1.368
196.06	1.353
196.28	1.382
196.50	1.416
196.72	1.441
196.94	1.519
197.16	1.506
197.38	1.497
197.60	1.575
197.82	1.603
198.04	1.561
198.26	1.543
198.48	1.597
198.70	1.618
198.92	1.637
199.13	1.635
199.35	1.672
199.57	1.628
199.79	1.618
200.01	1.755
200.23	1.753
200.45	1.681
200.67	1.676
200.89	1.644
201.11	1.699
201.33	1.704
201.55	1.718
201.77	1.722
201.99	1.688
202.21	1.692
202.43	1.739
202.65	1.748
202.87	1.762
203.09	1.776
203.31	1.713
203.52	1.752
203.74	1.811
203.96	1.856
204.18	1.905
204.40	1.930
204.62	1.916
204.84	1.887
205.06	1.880
205.28	1.965
205.50	1.965
205.72	1.889
205.94	1.876
206.16	1.863
206.38	1.836
206.59	1.862
206.81	1.889
207.03	1.894
207.25	1.936
207.47	1.894
207.69	1.944
207.91	1.938
208.13	1.927
208.35	1.988
208.57	2.000
208.79	1.957
209.01	1.950
209.22	1.913
209.44	1.947
209.66	1.931
209.88	1.939
210.10	1.980
210.32	1.954
210.54	1.920
210.76	1.992
210.98	2.009
211.20	2.050
211.42	2.042
211.63	2.090
211.85	2.132
212.07	2.152
212.29	2.158
212.51	2.230
212.73	2.228
212.95	2.193
213.17	2.211
213.39	2.186
213.60	2.155
213.82	2.143
214.04	2.107
214.26	2.165
214.48	2.207
214.70	2.182
214.92	2.244
215.14	2.228
215.35	2.233
215.57	2.233
215.79	2.226
216.01	2.252
216.23	2.207
216.45	2.184
216.67	2.160
216.89	2.163
217.10	2.158
217.32	2.163
217.54	2.201
217.76	2.215
217.98	2.207
218.20	2.222
218.42	2.214
218.64	2.270
218.85	2.271
219.07	2.298
219.29	2.319
219.51	2.290
219.73	2.275
219.95	2.306
220.17	2.303
220.38	2.274
220.60	2.274
220.82	2.296
221.04	2.246
221.26	2.205
221.48	2.198
221.69	2.212
221.91	2.213
222.13	2.217
222.35	2.226
222.57	2.228
222.79	2.236
223.00	2.241
223.22	2.300
223.44	2.332
223.66	2.338
223.88	2.343
224.10	2.348
224.32	2.349
224.53	2.322
224.75	2.315
224.97	2.339
225.19	2.367
225.41	2.387
225.62	2.386
225.84	2.370
226.06	2.364
226.28	2.398
226.50	2.495
226.72	2.468
226.93	2.448
227.15	2.402
227.37	2.384
227.59	2.395
227.81	2.408
228.02	2.431
228.24	2.432
228.46	2.372
228.68	2.374
228.90	2.373
229.12	2.394
229.33	2.367
229.55	2.357
229.77	2.326
229.99	2.275
230.21	2.247
230.42	2.243
230.64	2.251
230.86	2.286
231.08	2.268
231.30	2.271
231.51	2.256
231.73	2.264
231.95	2.284
232.17	2.286
232.38	2.264
232.60	2.236
232.82	2.197
233.04	2.177
233.26	2.155
233.47	2.139
233.69	2.109
233.91	2.086
234.13	2.065
234.35	2.058
234.56	2.041
234.78	2.026
235.00	2.020
235.22	2.005
235.43	2.004
235.65	2.004
235.87	1.984
236.09	1.968
236.30	1.957
236.52	1.956
236.74	1.939
236.96	1.919
237.18	1.914
237.39	1.899
237.61	1.883
237.83	1.879
238.05	1.872
238.26	1.864
238.48	1.850
238.70	1.843
238.92	1.835
239.13	1.822
239.35	1.806
239.57	1.798
239.79	1.798
240.00	1.789
240.22	1.770
240.44	1.760
240.66	1.748
240.87	1.739
241.09	1.734
241.31	1.726
241.53	1.718
241.74	1.703
241.96	1.697
242.18	1.694
242.40	1.683
242.61	1.677
242.83	1.670
243.05	1.662
243.27	1.656
243.48	1.648
243.70	1.641
243.92	1.634
244.13	1.632
244.35	1.628
244.57	1.622
244.79	1.617
245.00	1.613
245.22	1.605
245.44	1.599
245.65	1.594
245.87	1.588
246.09	1.582
246.31	1.576
246.52	1.573
246.74	1.566
246.96	1.561
247.18	1.561
247.39	1.560
247.61	1.557
247.83	1.555
248.04	1.551
248.26	1.549
248.48	1.545
248.69	1.546
248.91	1.544
249.13	1.536
249.35	1.533
249.56	1.530
249.78	1.528
250.00	1.523
250.21	1.522
250.43	1.518
250.65	1.513
250.86	1.508
251.08	1.508
251.30	1.507
251.51	1.503
251.73	1.499
251.95	1.499
252.17	1.495
252.38	1.493
252.60	1.491
252.82	1.488
253.03	1.486
253.25	1.483
253.47	1.480
253.68	1.476
253.90	1.473
254.12	1.474
254.33	1.473
254.55	1.474
254.77	1.475
254.98	1.472
255.20	1.469
255.42	1.468
255.63	1.469
255.85	1.468
256.07	1.465
256.28	1.465
256.50	1.461
256.72	1.457
256.93	1.457
257.15	1.453
257.37	1.452
257.58	1.451
257.80	1.450
258.02	1.448
258.23	1.447
258.45	1.446
258.67	1.444
258.88	1.443
259.10	1.446
259.32	1.444
259.53	1.440
259.75	1.438
259.96	1.436
260.18	1.435
260.40	1.435
260.61	1.433
260.83	1.429
261.05	1.426
261.26	1.425
261.48	1.424
261.70	1.420
261.91	1.417
262.13	1.415
262.34	1.410
262.56	1.410
262.78	1.409
262.99	1.406
263.21	1.405
263.43	1.404
263.64	1.403
263.86	1.401
264.07	1.398
264.29	1.399
264.51	1.397
264.72	1.397
264.94	1.396
265.16	1.393
265.37	1.394
265.59	1.393
265.80	1.391
266.02	1.391
266.24	1.389
266.45	1.385
266.67	1.381
266.88	1.380
267.10	1.377
267.32	1.375
267.53	1.373
267.75	1.371
267.96	1.369
268.18	1.365
268.40	1.364
268.61	1.363
268.83	1.360
269.04	1.359
269.26	1.359
269.48	1.357
269.69	1.355
269.91	1.351
270.12	1.347
270.34	1.346
270.56	1.345
270.77	1.343
270.99	1.339
271.20	1.332
271.42	1.329
271.64	1.326
271.85	1.325
272.07	1.322
272.28	1.317
272.50	1.311
272.71	1.308
272.93	1.306
273.15	1.304
273.36	1.299
273.58	1.296
273.79	1.292
274.01	1.289
274.22	1.285
274.44	1.284
274.66	1.279
274.87	1.276
275.09	1.272
275.30	1.269
275.52	1.265
275.73	1.261
275.95	1.259
276.16	1.256
276.38	1.250
276.60	1.245
276.81	1.239
277.03	1.236
277.24	1.232
277.46	1.225
277.67	1.223
277.89	1.218
278.10	1.214
278.32	1.208
278.53	1.205
278.75	1.201
278.97	1.197
279.18	1.191
279.40	1.190
279.61	1.183
279.83	1.179
280.04	1.175
280.26	1.171
280.47	1.168
280.69	1.162
280.90	1.157
281.12	1.154
281.33	1.149
281.55	1.146
281.76	1.140
281.98	1.133
282.20	1.129
282.41	1.124
282.63	1.119
282.84	1.113
283.06	1.107
283.27	1.101
283.49	1.095
283.70	1.090
283.92	1.084
284.13	1.077
284.35	1.071
284.56	1.064
284.78	1.058
284.99	1.051
285.21	1.044
285.42	1.038
285.64	1.032
285.85	1.026
286.07	1.020
286.28	1.014
286.50	1.008
286.71	1.001
286.93	0.994
287.14	0.988
287.36	0.980
287.57	0.974
287.79	0.968
288.00	0.961
288.22	0.954
288.43	0.948
288.65	0.944
288.86	0.938
289.08	0.931
289.29	0.925
289.51	0.917
289.72	0.910
289.94	0.905
290.15	0.898
290.37	0.891
290.58	0.884
290.80	0.876
291.01	0.871
291.22	0.866
291.44	0.861
291.65	0.856
291.87	0.851
292.08	0.846
292.30	0.840
292.51	0.836
292.73	0.832
292.94	0.826
293.16	0.821
293.37	0.815
293.59	0.809
293.80	0.803
294.02	0.797
294.23	0.793
294.44	0.787
294.66	0.782
294.87	0.777
295.09	0.772
295.30	0.767
295.52	0.761
295.73	0.757
295.95	0.753
296.16	0.748
296.37	0.743
296.59	0.738
296.80	0.733
297.02	0.727
297.23	0.723
297.45	0.719
297.66	0.715
297.88	0.710
298.09	0.704
298.30	0.700
298.52	0.696
298.73	0.691
298.95	0.688
299.16	0.683
299.38	0.679
299.59	0.674
299.80	0.671
300.02	0.668
300.23	0.663
300.45	0.660
300.66	0.655
300.88	0.651
301.09	0.647
301.30	0.643
301.52	0.639
301.73	0.635
301.95	0.631
302.16	0.628
302.37	0.624
302.59	0.620
302.80	0.617
303.02	0.613
303.23	0.610
303.45	0.607
303.66	0.602
303.87	0.599
304.09	0.596
304.30	0.591
304.52	0.588
304.73	0.585
304.94	0.582
305.16	0.579
305.37	0.575
305.59	0.573
305.80	0.570
306.01	0.567
306.23	0.565
306.44	0.562
306.65	0.558
306.87	0.556
307.08	0.553
307.30	0.550
307.51	0.547
307.72	0.544
307.94	0.542
308.15	0.539
308.37	0.537
308.58	0.535
308.79	0.533
309.01	0.531
309.22	0.529
309.43	0.526
309.65	0.523
309.86	0.520
310.07	0.517
310.29	0.514
310.50	0.510
310.72	0.507
310.93	0.504
311.14	0.501
311.36	0.498
311.57	0.495
311.78	0.492
312.00	0.489
312.21	0.487
312.42	0.484
312.64	0.481
312.85	0.479
313.07	0.476
313.28	0.474
313.49	0.472
313.71	0.470
313.92	0.468
314.13	0.466
314.35	0.464
314.56	0.462
314.77	0.459
314.99	0.457
315.20	0.455
315.41	0.453
315.63	0.450
315.84	0.447
316.05	0.445
316.27	0.443
316.48	0.440
316.69	0.438
316.91	0.436
317.12	0.434
317.33	0.432
317.55	0.430
317.76	0.429
317.97	0.427
318.19	0.425
318.40	0.423
318.61	0.421
318.83	0.419
319.04	0.416
319.25	0.414
319.47	0.411
319.68	0.409
319.89	0.407
320.10	0.405
320.32	0.403
320.53	0.401
320.74	0.399
320.96	0.398
321.17	0.396
321.38	0.395
321.60	0.393
321.81	0.392
322.02	0.389
322.24	0.388
322.45	0.385
322.66	0.383
322.87	0.381
323.09	0.380
323.30	0.378
323.51	0.376
323.73	0.374
323.94	0.371
324.15	0.369
324.36	0.368
324.58	0.366
324.79	0.364
325.00	0.363
325.22	0.361
325.43	0.359
325.64	0.358
325.85	0.356
326.07	0.355
326.28	0.353
326.49	0.351
326.71	0.349
326.92	0.347
327.13	0.346
327.34	0.344
327.56	0.343
327.77	0.341
327.98	0.339
328.19	0.337
328.41	0.335
328.62	0.335
328.83	0.332
329.04	0.331
329.26	0.330
329.47	0.328
329.68	0.327
329.90	0.325
330.11	0.323
330.32	0.322
330.53	0.320
330.75	0.319
330.96	0.317
331.17	0.315
331.38	0.314
331.60	0.312
331.81	0.310
332.02	0.309
332.23	0.308
332.44	0.306
332.66	0.305
332.87	0.304
333.08	0.302
333.29	0.301
333.51	0.299
333.72	0.298
333.93	0.296
334.14	0.295
334.36	0.294
334.57	0.291
334.78	0.290
334.99	0.289
335.21	0.288
335.42	0.286
335.63	0.286
335.84	0.284
336.05	0.283
336.27	0.282
336.48	0.281
336.69	0.280
336.90	0.279
337.11	0.277
337.33	0.276
337.54	0.274
337.75	0.273
337.96	0.272
338.18	0.271
338.39	0.270
338.60	0.268
338.81	0.267
339.02	0.266
339.24	0.265
339.45	0.264
339.66	0.262
339.87	0.261
340.08	0.259
340.30	0.258
340.51	0.257
340.72	0.255
340.93	0.254
341.14	0.252
341.36	0.252
341.57	0.250
341.78	0.249
341.99	0.248
342.20	0.247
342.41	0.246
342.63	0.245
342.84	0.244
343.05	0.242
343.26	0.241
343.47	0.240
343.69	0.239
343.90	0.237
344.11	0.236
344.32	0.235
344.53	0.234
344.74	0.233
344.96	0.231
345.17	0.230
345.38	0.229
345.59	0.228
345.80	0.227
346.01	0.225
346.23	0.224
346.44	0.223
346.65	0.221
346.86	0.221
347.07	0.219
347.28	0.219
347.50	0.218
347.71	0.217
347.92	0.217
348.13	0.216
348.34	0.216
348.55	0.215
348.76	0.214
348.98	0.214
349.19	0.212
349.40	0.211
349.61	0.210
349.82	0.209
350.03	0.207
350.24	0.206
350.46	0.205
350.67	0.204
350.88	0.203
351.09	0.202
351.30	0.201
351.51	0.199
351.72	0.198
351.93	0.197
352.15	0.197
352.36	0.196
352.57	0.195
352.78	0.195
352.99	0.193
353.20	0.192
353.41	0.192
353.62	0.191
353.84	0.189
354.05	0.188
354.26	0.187
354.47	0.186
354.68	0.185
354.89	0.185
355.10	0.184
355.31	0.183
355.52	0.183
355.74	0.182
355.95	0.180
356.16	0.179
356.37	0.178
356.58	0.177
356.79	0.176
357.00	0.175
357.21	0.174
357.42	0.173
357.63	0.172
357.85	0.172
358.06	0.172
358.27	0.171
358.48	0.170
358.69	0.169
358.90	0.169
359.11	0.168
359.32	0.167
359.53	0.166
359.74	0.165
359.95	0.164
360.17	0.163
360.38	0.162
360.59	0.161
360.80	0.160
361.01	0.159
361.22	0.158
361.43	0.157
361.64	0.156
361.85	0.155
362.06	0.155
362.27	0.154
362.48	0.153
362.69	0.153
362.90	0.152
363.12	0.152
363.33	0.151
363.54	0.150
363.75	0.149
363.96	0.148
364.17	0.147
364.38	0.146
364.59	0.146
364.80	0.145
365.01	0.144
365.22	0.143
365.43	0.142
365.64	0.142
365.85	0.142
366.06	0.141
366.27	0.140
366.48	0.139
366.69	0.138
366.90	0.138
367.11	0.137
367.32	0.137
367.54	0.137
367.75	0.136
367.96	0.135
368.17	0.134
368.38	0.134
368.59	0.133
368.80	0.132
369.01	0.131
369.22	0.130
369.43	0.129
369.64	0.128
369.85	0.128
370.06	0.127
370.27	0.126
370.48	0.125
370.69	0.125
370.90	0.125
371.11	0.123
371.32	0.123
371.53	0.122
371.74	0.121
371.95	0.120
372.16	0.120
372.37	0.119
372.58	0.118
372.79	0.118
373.00	0.118
373.21	0.116
373.42	0.116
373.63	0.116
373.84	0.115
374.05	0.115
374.26	0.115
374.47	0.114
374.68	0.114
374.89	0.113
375.10	0.114
375.31	0.113
375.52	0.112
375.73	0.112
375.94	0.112
376.15	0.111
376.36	0.110
376.57	0.109
376.78	0.108
376.99	0.108
377.20	0.107
377.41	0.106
377.62	0.105
377.83	0.104
378.04	0.104
378.25	0.103
378.46	0.103
378.67	0.102
378.88	0.101
379.09	0.101
379.30	0.101
379.51	0.100
379.72	0.099
379.92	0.099
380.13	0.099
380.34	0.098
380.55	0.097
380.76	0.097
380.97	0.097
381.18	0.096
381.39	0.096
381.60	0.096
381.81	0.095
382.02	0.094
382.23	0.094
382.44	0.094
382.65	0.093
382.86	0.092
383.07	0.092
383.28	0.091
383.49	0.090
383.70	0.090
383.91	0.091
384.11	0.090
384.32	0.090
384.53	0.089
384.74	0.090
384.95	0.089
385.16	0.089
385.37	0.089
385.58	0.088
385.79	0.088
386.00	0.087
386.21	0.087
386.42	0.086
386.63	0.086
386.84	0.085
387.04	0.085
387.25	0.084
387.46	0.083
387.67	0.082
387.88	0.082
388.09	0.081
388.30	0.081
388.51	0.081
388.72	0.080
388.93	0.080
389.14	0.080
389.34	0.080
389.55	0.080
389.76	0.079
389.97	0.078
390.18	0.079
390.39	0.078
390.60	0.078
390.81	0.078
391.02	0.077
391.23	0.077
391.43	0.077
391.64	0.077
391.85	0.076
392.06	0.075
392.27	0.075
392.48	0.074
392.69	0.074
392.90	0.073
393.11	0.072
393.31	0.072
393.52	0.071
393.73	0.071
393.94	0.071
394.15	0.071
394.36	0.071
394.57	0.071
394.78	0.070
394.98	0.070
395.19	0.070
395.40	0.069
395.61	0.069
395.82	0.068
396.03	0.069
396.24	0.068
396.44	0.068
396.65	0.068
396.86	0.068
397.07	0.068
397.28	0.068
397.49	0.068
397.70	0.067
397.90	0.066
398.11	0.065
398.32	0.065
398.53	0.064
398.74	0.064
398.95	0.064
399.16	0.064
399.36	0.063
399.57	0.063
399.78	0.063
399.99	0.063
400.20	0.063
400.41	0.063
400.61	0.063
400.82	0.063
401.03	0.062
401.24	0.062
401.45	0.061
401.66	0.061
401.86	0.061
402.07	0.061
402.28	0.061
402.49	0.060
402.70	0.059
402.91	0.059
403.11	0.059
403.32	0.059
403.53	0.059
403.74	0.059
403.95	0.059
404.15	0.059
404.36	0.059
404.57	0.059
404.78	0.058
404.99	0.058
405.20	0.057
405.40	0.056
405.61	0.056
405.82	0.056
406.03	0.055
406.24	0.055
406.44	0.055
406.65	0.056
406.86	0.055
407.07	0.056
407.28	0.056
407.48	0.057
407.69	0.056
407.90	0.056
408.11	0.056
408.32	0.055
408.52	0.054
408.73	0.054
408.94	0.053
409.15	0.053
409.35	0.053
409.56	0.053
409.77	0.053
409.98	0.053
410.19	0.053
410.39	0.054
410.60	0.053
410.81	0.054
411.02	0.054
411.22	0.053
411.43	0.053
411.64	0.052
411.85	0.053
412.05	0.052
412.26	0.051
412.47	0.051
412.68	0.051
412.89	0.050
413.09	0.050
413.30	0.050
413.51	0.049
413.72	0.049
413.92	0.049
414.13	0.049
414.34	0.049
414.55	0.049
414.75	0.048
414.96	0.048
415.17	0.048
415.38	0.048
415.58	0.048
415.79	0.048
416.00	0.047
416.21	0.047
416.41	0.047
416.62	0.047
416.83	0.047
417.03	0.047
417.24	0.046
417.45	0.046
417.66	0.046
417.86	0.046
418.07	0.046
418.28	0.046
418.49	0.046
418.69	0.046
418.90	0.045
419.11	0.046
419.31	0.046
419.52	0.045
419.73	0.045
419.94	0.045
420.14	0.045
420.35	0.045
420.56	0.044
420.76	0.045
420.97	0.044
421.18	0.044
421.39	0.044
421.59	0.043
421.80	0.043
422.01	0.042
422.21	0.042
422.42	0.042
422.63	0.041
422.84	0.041
423.04	0.041
423.25	0.041
423.46	0.041
423.66	0.042
423.87	0.042
424.08	0.042
424.28	0.042
424.49	0.042
424.70	0.042
424.90	0.042
425.11	0.041
425.32	0.041
425.52	0.041
425.73	0.041
425.94	0.041
426.15	0.041
426.35	0.041
426.56	0.041
426.77	0.041
426.97	0.041
427.18	0.041
427.39	0.040
427.59	0.041
427.80	0.040
428.01	0.041
428.21	0.041
428.42	0.040
428.63	0.040
428.83	0.040
429.04	0.040
429.25	0.040
429.45	0.040
429.66	0.040
429.87	0.039
430.07	0.038
430.28	0.038
430.48	0.038
430.69	0.038
430.90	0.037
431.10	0.037
431.31	0.037
431.52	0.037
431.72	0.037
431.93	0.038
432.14	0.037
432.34	0.037
432.55	0.038
432.76	0.038
432.96	0.038
433.17	0.038
433.37	0.038
433.58	0.038
433.79	0.037
433.99	0.037
434.20	0.037
434.41	0.037
434.61	0.036
434.82	0.036
435.02	0.037
435.23	0.036
435.44	0.036
435.64	0.036
435.85	0.036
436.06	0.036
436.26	0.035
436.47	0.036
436.67	0.036
436.88	0.035
437.09	0.036
437.29	0.036
437.50	0.036
437.70	0.036
437.91	0.036
438.12	0.036
438.32	0.035
438.53	0.035
438.73	0.035
438.94	0.034
439.15	0.035
439.35	0.035
439.56	0.035
439.76	0.034
439.97	0.035
440.18	0.034
440.38	0.034
440.59	0.034
440.79	0.034
441.00	0.034
441.20	0.034
441.41	0.034
441.62	0.034
441.82	0.034
442.03	0.034
442.23	0.033
442.44	0.034
442.65	0.033
442.85	0.033
443.06	0.032
443.26	0.033
443.47	0.033
443.67	0.033
443.88	0.033
444.09	0.033
444.29	0.033
444.50	0.033
444.70	0.034
444.91	0.034
445.11	0.033
445.32	0.033
445.52	0.033
445.73	0.032
445.94	0.032
446.14	0.032
446.35	0.032
446.55	0.031
446.76	0.032
446.96	0.031
447.17	0.031
447.37	0.031
447.58	0.031
447.78	0.031
447.99	0.031
448.20	0.032
448.40	0.032
448.61	0.032
448.81	0.032
449.02	0.033
449.22	0.033
449.43	0.033
449.63	0.032
449.84	0.032
450.04	0.032
450.25	0.032
450.45	0.031
450.66	0.031
450.86	0.030
451.07	0.030
451.27	0.030
451.48	0.030
451.68	0.030
451.89	0.030
452.09	0.030
452.30	0.031
452.50	0.030
452.71	0.030
452.91	0.030
453.12	0.029
453.33	0.030
453.53	0.029
453.74	0.030
453.94	0.029
454.15	0.029
454.35	0.028
454.56	0.028
454.76	0.028
454.96	0.028
455.17	0.029
455.37	0.028
455.58	0.028
455.78	0.029
455.99	0.029
456.19	0.029
456.40	0.029
456.60	0.029
456.81	0.029
457.01	0.028
457.22	0.029
457.42	0.029
457.63	0.028
457.83	0.028
458.04	0.028
458.24	0.027
458.45	0.028
458.65	0.028
458.86	0.028
459.06	0.028
459.27	0.028
459.47	0.028
459.67	0.029
459.88	0.029
460.08	0.028
460.29	0.027
460.49	0.027
460.70	0.027
460.90	0.027
461.11	0.027
461.31	0.026
461.52	0.026
461.72	0.026
461.92	0.027
462.13	0.026
462.33	0.027
462.54	0.027
462.74	0.027
462.95	0.027
463.15	0.027
463.36	0.027
463.56	0.028
463.76	0.027
463.97	0.028
464.17	0.027
464.38	0.028
464.58	0.028
464.79	0.028
464.99	0.029
465.19	0.028
465.40	0.028
465.60	0.028
465.81	0.027
466.01	0.027
466.22	0.027
466.42	0.027
466.62	0.026
466.83	0.027
467.03	0.027
467.24	0.027
467.44	0.027
467.65	0.027
467.85	0.027
468.05	0.026
468.26	0.026
468.46	0.026
468.67	0.025
468.87	0.025
469.07	0.025
469.28	0.025
469.48	0.026
469.69	0.026
469.89	0.026
470.09	0.026
470.30	0.027
470.50	0.027
470.71	0.027
470.91	0.026
471.11	0.027
471.32	0.026
471.52	0.026
471.72	0.026
471.93	0.026
472.13	0.026
472.34	0.026
472.54	0.025
472.74	0.025
472.95	0.024
473.15	0.024
473.35	0.024
473.56	0.024
473.76	0.024
473.97	0.024
474.17	0.024
474.37	0.024
474.58	0.024
474.78	0.024
474.98	0.024
475.19	0.024
475.39	0.024
475.60	0.024
475.80	0.023
476.00	0.023
476.21	0.023
476.41	0.024
476.61	0.024
476.82	0.024
477.02	0.024
477.22	0.024
477.43	0.024
477.63	0.024
477.83	0.024
478.04	0.024
478.24	0.024
478.44	0.024
478.65	0.025
478.85	0.025
479.05	0.025
479.26	0.026
479.46	0.026
479.66	0.026
479.87	0.025
480.07	0.025
480.27	0.025
480.48	0.025
480.68	0.025
480.88	0.024
481.09	0.023
481.29	0.023
481.49	0.023
481.70	0.023
481.90	0.023
482.10	0.023
482.31	0.022
482.51	0.022
482.71	0.022
482.92	0.023
483.12	0.022
483.32	0.022
483.52	0.022
483.73	0.022
483.93	0.022
484.13	0.022
484.34	0.021
484.54	0.021
484.74	0.022
484.95	0.022
485.15	0.022
485.35	0.023
485.55	0.023
485.76	0.023
485.96	0.023
486.16	0.024
486.37	0.023
486.57	0.023
486.77	0.023
486.97	0.023
487.18	0.023
487.38	0.023
487.58	0.022
487.79	0.022
487.99	0.022
488.19	0.021
488.39	0.021
488.60	0.021
488.80	0.021
489.00	0.020
489.20	0.020
489.41	0.020
489.61	0.020
489.81	0.020
490.02	0.021
490.22	0.022
490.42	0.021
490.62	0.022
490.83	0.022
491.03	0.022
491.23	0.022
491.43	0.022
491.64	0.021
491.84	0.022
492.04	0.021
492.24	0.021
492.45	0.021
492.65	0.021
492.85	0.021
493.05	0.021
493.26	0.021
493.46	0.021
493.66	0.021
493.86	0.021
494.07	0.021
494.27	0.021
494.47	0.022
494.67	0.022
494.87	0.022
495.08	0.021
495.28	0.021
495.48	0.021
495.68	0.020
495.89	0.020
496.09	0.020
496.29	0.020
496.49	0.019
496.69	0.019
496.90	0.020
497.10	0.021
497.30	0.021
497.50	0.021
497.71	0.021
497.91	0.022
498.11	0.022
498.31	0.022
498.51	0.022
498.72	0.021
498.92	0.021
499.12	0.020
499.32	0.021
499.52	0.021
499.73	0.021
499.93	0.020
500.13	0.020
500.33	0.020
500.53	0.020
500.74	0.020
500.94	0.020
501.14	0.020
501.34	0.020
501.54	0.020
501.74	0.019
501.95	0.020
502.15	0.020
502.35	0.020
502.55	0.020
502.75	0.020
502.96	0.020
503.16	0.020
503.36	0.020
503.56	0.020
503.76	0.020
503.96	0.020
504.17	0.020
504.37	0.020
504.57	0.019
504.77	0.019
504.97	0.019
505.17	0.019
505.38	0.019
505.58	0.018
505.78	0.019
505.98	0.019
506.18	0.019
506.38	0.019
506.58	0.019
506.79	0.020
506.99	0.019
507.19	0.019
507.39	0.019
507.59	0.020
507.79	0.020
507.99	0.020
508.20	0.020
508.40	0.020
508.60	0.020
508.80	0.020
509.00	0.020
509.20	0.020
509.40	0.019
509.61	0.019
509.81	0.019
510.01	0.019
510.21	0.019
510.41	0.018
510.61	0.018
510.81	0.018
511.01	0.018
511.22	0.018
511.42	0.018
511.62	0.018
511.82	0.018
512.02	0.018
512.22	0.018
512.42	0.018
512.62	0.018
512.82	0.018
513.03	0.017
513.23	0.017
513.43	0.017
513.63	0.017
513.83	0.017
514.03	0.017
514.23	0.018
514.43	0.018
514.63	0.018
514.83	0.019
515.04	0.019
515.24	0.019
515.44	0.019
515.64	0.019
515.84	0.019
516.04	0.018
516.24	0.017
516.44	0.018
516.64	0.018
516.84	0.017
517.04	0.018
517.24	0.018
517.45	0.018
517.65	0.018
517.85	0.018
518.05	0.018
518.25	0.018
518.45	0.018
518.65	0.018
518.85	0.019
519.05	0.018
519.25	0.017
519.45	0.018
519.65	0.019
519.85	0.019
520.05	0.019
520.25	0.018
520.46	0.018
520.66	0.018
520.86	0.019
521.06	0.019
521.26	0.018
521.46	0.018
521.66	0.018
521.86	0.018
522.06	0.019
522.26	0.019
522.46	0.019
522.66	0.018
522.86	0.018
523.06	0.018
523.26	0.019
523.46	0.018
523.66	0.018
523.86	0.018
524.06	0.018
524.26	0.017
524.46	0.017
524.66	0.017
524.86	0.016
525.06	0.016
525.26	0.016
525.46	0.016
525.66	0.016
525.87	0.016
526.07	0.016
526.27	0.016
526.47	0.017
526.67	0.017
526.87	0.017
527.07	0.017
527.27	0.017
527.47	0.018
527.67	0.018
527.87	0.018
528.07	0.018
528.27	0.017
528.47	0.018
528.67	0.018
528.87	0.018
529.07	0.018
529.27	0.017
529.47	0.017
529.67	0.018
529.87	0.018
530.07	0.019
530.27	0.018
530.47	0.018
530.67	0.018
530.87	0.018
531.06	0.017
531.26	0.017
531.46	0.017
531.66	0.017
531.86	0.016
532.06	0.017
532.26	0.017
532.46	0.017
532.66	0.017
532.86	0.017
533.06	0.017
533.26	0.017
533.46	0.017
533.66	0.017
533.86	0.017
534.06	0.017
534.26	0.017
534.46	0.016
534.66	0.016
534.86	0.017
535.06	0.017
535.26	0.017
535.46	0.016
535.66	0.016
535.86	0.017
536.06	0.016
536.26	0.016
536.45	0.017
536.65	0.017
536.85	0.016
537.05	0.016
537.25	0.016
537.45	0.016
537.65	0.016
537.85	0.016
538.05	0.016
538.25	0.016
538.45	0.016
538.65	0.016
538.85	0.016
539.05	0.016
539.25	0.017
539.44	0.017
539.64	0.016
539.84	0.017
540.04	0.017
540.24	0.016
540.44	0.017
540.64	0.017
540.84	0.017
541.04	0.016
541.24	0.016
541.44	0.016
541.64	0.015
541.83	0.015
542.03	0.016
542.23	0.016
542.43	0.016
542.63	0.016
542.83	0.017
543.03	0.017
543.23	0.017
543.43	0.017
543.63	0.017
543.82	0.016
544.02	0.016
544.22	0.016
544.42	0.016
544.62	0.015
544.82	0.015
545.02	0.015
545.22	0.015
545.42	0.015
545.61	0.015
545.81	0.015
546.01	0.015
546.21	0.015
546.41	0.015
546.61	0.015
546.81	0.015
547.01	0.015
547.20	0.015
547.40	0.015
547.60	0.016
547.80	0.015
548.00	0.015
548.20	0.015
548.40	0.016
548.59	0.015
548.79	0.015
548.99	0.015
549.19	0.015
549.39	0.014
549.59	0.014
549.79	0.014
549.98	0.015
550.18	0.014
550.38	0.015
550.58	0.015
550.78	0.015
550.98	0.015
551.17	0.015
551.37	0.016
551.57	0.016
551.77	0.015
551.97	0.015
552.17	0.016
552.36	0.015
552.56	0.016
552.76	0.016
552.96	0.016
553.16	0.015
553.36	0.015
553.55	0.015
553.75	0.016
553.95	0.015
554.15	0.015
554.35	0.015
554.55	0.015
554.74	0.015
554.94	0.015
555.14	0.015
555.34	0.015
555.54	0.014
555.73	0.014
555.93	0.014
556.13	0.014
556.33	0.014
556.53	0.014
556.72	0.014
556.92	0.014
557.12	0.014
557.32	0.015
557.52	0.015
557.71	0.015
557.91	0.015
558.11	0.016
558.31	0.016
558.51	0.016
558.70	0.016
558.90	0.016
559.10	0.016
559.30	0.017
559.49	0.017
559.69	0.017
559.89	0.016
560.09	0.016
560.29	0.015
560.48	0.015
560.68	0.014
560.88	0.014
561.08	0.014
561.27	0.013
561.47	0.013
561.67	0.013
561.87	0.013
562.06	0.014
562.26	0.014
562.46	0.014
562.66	0.014
562.86	0.014
563.05	0.014
563.25	0.015
563.45	0.015
563.65	0.015
563.84	0.014
564.04	0.014
564.24	0.014
564.44	0.014
564.63	0.015
564.83	0.015
565.03	0.014
565.22	0.014
565.42	0.015
565.62	0.015
565.82	0.015
566.01	0.015
566.21	0.016
566.41	0.015
566.61	0.015
566.80	0.015
567.00	0.015
567.20	0.015
567.40	0.014
567.59	0.014
567.79	0.014
567.99	0.014
568.18	0.013
568.38	0.013
568.58	0.014
568.78	0.014
568.97	0.013
569.17	0.013
569.37	0.014
569.56	0.014
569.76	0.014
569.96	0.014
570.16	0.015
570.35	0.014
570.55	0.015
570.75	0.014
570.94	0.014
571.14	0.014
571.34	0.014
571.53	0.014
571.73	0.014
571.93	0.014
572.12	0.014
572.32	0.014
572.52	0.015
572.72	0.015
572.91	0.015
573.11	0.015
573.31	0.015
573.50	0.014
573.70	0.014
573.90	0.014
574.09	0.014
574.29	0.013
574.49	0.013
574.68	0.013
574.88	0.014
575.08	0.014
575.27	0.013
575.47	0.013
575.67	0.013
575.86	0.014
576.06	0.015
576.26	0.015
576.45	0.015
576.65	0.015
576.85	0.014
577.04	0.015
577.24	0.014
577.44	0.014
577.63	0.014
577.83	0.013
578.02	0.013
578.22	0.013
578.42	0.013
578.61	0.013
578.81	0.013
579.01	0.014
579.20	0.014
579.40	0.014
579.60	0.015
579.79	0.015
579.99	0.015
580.19	0.015
580.38	0.014
580.58	0.014
580.77	0.014
580.97	0.013
581.17	0.013
581.36	0.012
581.56	0.012
581.75	0.012
581.95	0.012
582.15	0.012
582.34	0.012
582.54	0.012
582.74	0.013
582.93	0.014
583.13	0.014
583.32	0.015
583.52	0.015
583.72	0.015
583.91	0.016
584.11	0.015
584.30	0.015
584.50	0.015
584.70	0.014
584.89	0.014
585.09	0.014
585.28	0.013
585.48	0.013
585.68	0.013
585.87	0.013
586.07	0.014
586.26	0.014
586.46	0.014
586.66	0.014
586.85	0.014
587.05	0.014
587.24	0.014
587.44	0.013
587.63	0.013
587.83	0.012
588.03	0.012
588.22	0.012
588.42	0.012
588.61	0.012
588.81	0.012
589.00	0.012
589.20	0.013
589.40	0.013
589.59	0.013
589.79	0.014
589.98	0.014
590.18	0.014
590.37	0.014
590.57	0.014
590.76	0.014
590.96	0.014
591.16	0.014
591.35	0.014
591.55	0.014
591.74	0.014
591.94	0.014
592.13	0.013
592.33	0.013
592.52	0.013
592.72	0.013
592.91	0.013
593.11	0.012
593.30	0.012
593.50	0.012
593.70	0.012
593.89	0.013
594.09	0.013
594.28	0.012
594.48	0.013
594.67	0.012
594.87	0.012
595.06	0.012
595.26	0.012
595.45	0.012
595.65	0.012
595.84	0.012
596.04	0.013
596.23	0.012
596.43	0.013
596.62	0.013
596.82	0.013
597.01	0.013
597.21	0.013
597.40	0.013
597.60	0.013
597.79	0.013
597.99	0.013
598.18	0.013
598.38	0.013
598.57	0.013
598.77	0.013
598.96	0.012
599.16	0.012
599.35	0.012
599.55	0.012
599.74	0.012
599.94	0.012
600.13	0.012
600.33	0.012
600.52	0.012
600.72	0.012
600.91	0.013
601.11	0.013
601.30	0.013
601.50	0.013
601.69	0.013
601.89	0.013
602.08	0.013
602.27	0.014
602.47	0.014
602.66	0.013
602.86	0.013
603.05	0.014
603.25	0.013
603.44	0.013
603.64	0.014
603.83	0.014
604.03	0.013
604.22	0.013
604.41	0.013
604.61	0.014
604.80	0.014
605.00	0.013
605.19	0.013
605.39	0.013
605.58	0.013
605.78	0.013
605.97	0.013
606.16	0.013
606.36	0.012
606.55	0.012
606.75	0.012
606.94	0.012
607.14	0.011
607.33	0.011
607.52	0.011
607.72	0.011
607.91	0.011
608.11	0.011
608.30	0.011
608.50	0.011
608.69	0.012
608.88	0.012
609.08	0.012
609.27	0.012
609.47	0.012
609.66	0.012
609.85	0.012
610.05	0.012
610.24	0.013
610.44	0.012
610.63	0.013
610.83	0.013
611.02	0.013
611.21	0.013
611.41	0.013
611.60	0.013
611.80	0.013
611.99	0.013
612.18	0.013
612.38	0.013
612.57	0.013
612.76	0.013
612.96	0.013
613.15	0.013
613.35	0.013
613.54	0.013
613.73	0.013
613.93	0.013
614.12	0.013
614.32	0.013
614.51	0.012
614.70	0.012
614.90	0.012
615.09	0.012
615.28	0.012
615.48	0.011
615.67	0.011
615.86	0.011
616.06	0.011
616.25	0.012
616.45	0.012
616.64	0.012
616.83	0.012
617.03	0.013
617.22	0.013
617.41	0.013
617.61	0.013
617.80	0.013
617.99	0.013
618.19	0.013
618.38	0.012
618.57	0.012
618.77	0.012
618.96	0.012
619.15	0.012
619.35	0.012
619.54	0.012
619.73	0.012
619.93	0.012
620.12	0.012
620.31	0.012
620.51	0.011
620.70	0.012
620.89	0.012
621.09	0.012
621.28	0.012
621.47	0.012
621.67	0.012
621.86	0.012
622.05	0.012
622.25	0.013
622.44	0.012
622.63	0.012
622.83	0.012
623.02	0.011
623.21	0.011
623.41	0.011
623.60	0.011
623.79	0.012
623.98	0.012
624.18	0.011
624.37	0.012
624.56	0.012
624.76	0.012
624.95	0.012
625.14	0.012
625.33	0.012
625.53	0.011
625.72	0.011
625.91	0.012
626.11	0.012
626.30	0.012
626.49	0.012
626.68	0.012
626.88	0.012
627.07	0.012
627.26	0.012
627.46	0.013
627.65	0.013
627.84	0.013
628.03	0.012
628.23	0.012
628.42	0.012
628.61	0.012
628.80	0.012
629.00	0.011
629.19	0.011
629.38	0.011
629.58	0.011
629.77	0.011
629.96	0.011
630.15	0.011
630.35	0.011
630.54	0.012
630.73	0.011
630.92	0.011
631.12	0.011
631.31	0.011
631.50	0.011
631.69	0.011
631.89	0.011
632.08	0.011
632.27	0.011
632.46	0.011
632.65	0.012
632.85	0.012
633.04	0.012
633.23	0.012
633.42	0.012
633.62	0.012
633.81	0.012
634.00	0.012
634.19	0.012
634.39	0.012
634.58	0.012
634.77	0.012
634.96	0.012
635.15	0.011
635.35	0.011
635.54	0.011
635.73	0.011
635.92	0.011
636.11	0.010
636.31	0.011
636.50	0.010
636.69	0.011
636.88	0.011
637.07	0.011
637.27	0.012
637.46	0.011
637.65	0.012
637.84	0.012
638.03	0.012
638.23	0.012
638.42	0.012
638.61	0.011
638.80	0.012
638.99	0.012
639.19	0.012
639.38	0.012
639.57	0.012
639.76	0.012
639.95	0.012
640.14	0.011
640.34	0.012
640.53	0.012
640.72	0.011
640.91	0.011
641.10	0.011
641.30	0.011
641.49	0.011
641.68	0.011
641.87	0.011
642.06	0.010
642.25	0.010
642.44	0.011
642.64	0.011
642.83	0.010
643.02	0.010
643.21	0.010
643.40	0.010
643.59	0.010
643.79	0.010
643.98	0.011
644.17	0.011
644.36	0.011
644.55	0.011
644.74	0.011
644.93	0.011
645.13	0.011
645.32	0.012
645.51	0.012
645.70	0.011
645.89	0.011
646.08	0.011
646.27	0.011
646.46	0.011
646.66	0.011
646.85	0.012
647.04	0.011
647.23	0.011
647.42	0.011
647.61	0.012
647.80	0.012
647.99	0.012
648.19	0.012
648.38	0.011
648.57	0.011
648.76	0.011
648.95	0.012
649.14	0.012
649.33	0.011
649.52	0.010
649.71	0.011
649.91	0.011
650.10	0.010
650.29	0.010
650.48	0.010
650.67	0.010
650.86	0.011
651.05	0.011
651.24	0.011
651.43	0.011
651.62	0.011
651.81	0.011
652.01	0.011
652.20	0.011
652.39	0.011
652.58	0.010
652.77	0.010
652.96	0.010
653.15	0.010
653.34	0.010
653.53	0.010
653.72	0.010
653.91	0.011
654.10	0.012
654.29	0.012
654.48	0.013
654.68	0.013
654.87	0.012
655.06	0.012
655.25	0.012
655.44	0.011
655.63	0.011
655.82	0.011
656.01	0.010
656.20	0.010
656.39	0.010
656.58	0.011
656.77	0.011
656.96	0.011
657.15	0.011
657.34	0.011
657.53	0.011
657.72	0.011
657.91	0.012
658.10	0.011
658.29	0.011
658.48	0.011
658.68	0.011
658.87	0.010
659.06	0.010
659.25	0.010
659.44	0.010
659.63	0.011
659.82	0.011
660.01	0.011
660.20	0.012
660.39	0.011
660.58	0.012
660.77	0.012
660.96	0.011
661.15	0.012
661.34	0.011
661.53	0.011
661.72	0.011
661.91	0.011
662.10	0.011
662.29	0.010
662.48	0.010
662.67	0.011
662.86	0.010
663.05	0.010
663.24	0.010
663.43	0.010
663.62	0.010
663.81	0.010
664.00	0.011
664.19	0.011
664.38	0.011
664.57	0.011
664.76	0.011
664.95	0.011
665.14	0.011
665.33	0.011
665.52	0.011
665.71	0.011
665.90	0.011
666.09	0.011
666.28	0.011
666.46	0.011
666.65	0.011
666.84	0.011
667.03	0.011
667.22	0.011
667.41	0.011
667.60	0.011
667.79	0.011
667.98	0.011
668.17	0.011
668.36	0.011
668.55	0.011
668.74	0.010
668.93	0.010
669.12	0.010
669.31	0.010
669.50	0.010
669.69	0.010
669.88	0.010
670.07	0.010
670.26	0.010
670.44	0.010
670.63	0.010
670.82	0.011
671.01	0.010
671.20	0.010
671.39	0.010
671.58	0.009
671.77	0.009
671.96	0.009
672.15	0.010
672.34	0.010
672.53	0.010
672.72	0.010
672.91	0.010
673.09	0.010
673.28	0.011
673.47	0.011
673.66	0.011
673.85	0.011
674.04	0.012
674.23	0.011
674.42	0.011
674.61	0.011
674.80	0.011
674.98	0.011
675.17	0.011
675.36	0.011
675.55	0.011
675.74	0.010
675.93	0.011
676.12	0.011
676.31	0.011
676.50	0.011
676.69	0.010
676.87	0.010
677.06	0.011
677.25	0.010
677.44	0.010
677.63	0.010
677.82	0.010
678.01	0.010
678.20	0.010
678.38	0.010
678.57	0.010
678.76	0.010
678.95	0.010
679.14	0.010
679.33	0.010
679.52	0.010
679.71	0.010
679.89	0.010
680.08	0.010
680.27	0.010
680.46	0.010
680.65	0.010
680.84	0.010
681.02	0.011
681.21	0.011
681.40	0.011
681.59	0.011
681.78	0.011
681.97	0.011
682.16	0.011
682.34	0.012
682.53	0.012
682.72	0.012
682.91	0.012
683.10	0.012
683.29	0.012
683.47	0.012
683.66	0.012
683.85	0.012
684.04	0.011
684.23	0.011
684.42	0.011
684.60	0.010
684.79	0.010
684.98	0.010
685.17	0.009
685.36	0.009
685.54	0.009
685.73	0.010
685.92	0.009
686.11	0.010
686.30	0.010
686.49	0.010
686.67	0.010
686.86	0.011
687.05	0.011
687.24	0.011
687.43	0.010
687.61	0.011
687.80	0.011
687.99	0.011
688.18	0.011
688.36	0.011
688.55	0.011
688.74	0.011
688.93	0.011
689.12	0.011
689.30	0.011
689.49	0.011
689.68	0.010
689.87	0.010
690.06	0.010
690.24	0.010
690.43	0.010
690.62	0.010
690.81	0.010
690.99	0.010
691.18	0.009
691.37	0.009
691.56	0.009
691.74	0.009
691.93	0.009
692.12	0.010
692.31	0.010
692.50	0.010
692.68	0.010
692.87	0.011
693.06	0.011
693.25	0.011
693.43	0.012
693.62	0.011
693.81	0.011
694.00	0.011
694.18	0.011
694.37	0.010
694.56	0.010
694.74	0.010
694.93	0.010
695.12	0.010
695.31	0.010
695.49	0.010
695.68	0.010
695.87	0.010
696.06	0.010
696.24	0.010
696.43	0.010
696.62	0.010
696.80	0.010
696.99	0.010
697.18	0.010
697.37	0.010
697.55	0.010
697.74	0.010
697.93	0.010
698.12	0.009
698.30	0.010
698.49	0.010
698.68	0.010
698.86	0.010
699.05	0.010
699.24	0.010
699.42	0.010
699.61	0.010
699.80	0.010
699.99	0.010
700.17	0.010
700.36	0.011
700.55	0.011
700.73	0.011
700.92	0.011
701.11	0.011
701.29	0.011
701.48	0.011
701.67	0.011
701.85	0.012
702.04	0.011
702.23	0.011
702.41	0.011
702.60	0.011
702.79	0.010
702.97	0.011
703.16	0.011
703.35	0.010
703.53	0.010
703.72	0.010
703.91	0.011
704.09	0.011
704.28	0.011
704.47	0.011
704.65	0.011
704.84	0.011
705.03	0.011
705.21	0.011
705.40	0.011
705.59	0.011
705.77	0.011
705.96	0.011
706.15	0.011
706.33	0.011
706.52	0.011
706.71	0.011
706.89	0.011
707.08	0.011
707.26	0.011
707.45	0.011
707.64	0.011
707.82	0.011
708.01	0.011
708.20	0.011
708.38	0.011
708.57	0.011
708.75	0.011
708.94	0.011
709.13	0.011
709.31	0.011
709.50	0.011
709.69	0.011
709.87	0.011
710.06	0.011
710.24	0.011
710.43	0.011
710.62	0.011
710.80	0.011
710.99	0.011
711.17	0.011
711.36	0.011
711.55	0.011
711.73	0.011
711.92	0.011
712.10	0.011
712.29	0.011
712.48	0.010
712.66	0.010
712.85	0.010
713.03	0.010
713.22	0.010
713.40	0.010
713.59	0.010
713.78	0.011
713.96	0.010
714.15	0.011
714.33	0.010
714.52	0.010
714.71	0.011
714.89	0.011
715.08	0.011
715.26	0.011
715.45	0.011
715.63	0.010
715.82	0.010
716.00	0.010
716.19	0.010
716.38	0.010
716.56	0.010
716.75	0.010
716.93	0.010
717.12	0.010
717.30	0.010
717.49	0.010
717.67	0.010
717.86	0.010
718.05	0.010
718.23	0.010
718.42	0.010
718.60	0.010
718.79	0.010
718.97	0.010
719.16	0.011
719.34	0.011
719.53	0.011
719.71	0.011
719.90	0.011
720.08	0.011
720.27	0.011
720.45	0.011
720.64	0.011
720.83	0.010
721.01	0.011
721.20	0.011
721.38	0.011
721.57	0.011
721.75	0.011
721.94	0.011
722.12	0.011
722.31	0.010
722.49	0.010
722.68	0.010
722.86	0.010
723.05	0.010
723.23	0.009
723.42	0.009
723.60	0.009
723.79	0.010
723.97	0.010
724.16	0.010
724.34	0.010
724.53	0.010
724.71	0.010
724.90	0.010
725.08	0.010
725.27	0.010
725.45	0.010
725.64	0.010
725.82	0.010
726.00	0.011
726.19	0.011
726.37	0.011
726.56	0.011
726.74	0.011
726.93	0.011
727.11	0.011
727.30	0.011
727.48	0.011
727.67	0.011
727.85	0.010
728.04	0.010
728.22	0.010
728.40	0.010
728.59	0.010
728.77	0.010
728.96	0.010
729.14	0.010
729.33	0.011
729.51	0.011
729.70	0.011
729.88	0.011
730.07	0.011
730.25	0.010
730.43	0.010
730.62	0.010
730.80	0.010
730.99	0.010
731.17	0.010
731.36	0.010
731.54	0.010
731.72	0.010
731.91	0.010
732.09	0.010
732.28	0.010
732.46	0.010
732.65	0.010
732.83	0.010
733.01	0.010
733.20	0.010
733.38	0.010
733.57	0.010
733.75	0.010
733.93	0.011
734.12	0.010
734.30	0.010
734.49	0.010
734.67	0.010
734.85	0.010
735.04	0.010
735.22	0.010
735.41	0.010
735.59	0.010
735.77	0.010
735.96	0.010
736.14	0.010
736.33	0.010
736.51	0.010
736.69	0.010
736.88	0.010
737.06	0.010
737.25	0.010
737.43	0.011
737.61	0.011
737.80	0.010
737.98	0.011
738.16	0.011
738.35	0.011
738.53	0.012
738.71	0.012
738.90	0.012
739.08	0.011
739.27	0.011
739.45	0.011
739.63	0.011
739.82	0.011
740.00	0.011
740.18	0.011
740.37	0.011
740.55	0.010
740.73	0.011
740.92	0.011
741.10	0.010
741.28	0.011
741.47	0.011
741.65	0.011
741.83	0.011
742.02	0.012
742.20	0.011
742.38	0.011
742.57	0.011
742.75	0.012
742.93	0.012
743.12	0.012
743.30	0.011
743.48	0.012
743.67	0.011
743.85	0.012
744.03	0.012
744.22	0.011
744.40	0.010
744.58	0.010
744.77	0.010
744.95	0.010
745.13	0.010
745.32	0.010
745.50	0.010
745.68	0.010
745.87	0.010
746.05	0.010
746.23	0.010
746.41	0.010
746.60	0.010
746.78	0.010
746.96	0.010
747.15	0.010
747.33	0.010
747.51	0.010
747.70	0.010
747.88	0.010
748.06	0.010
748.24	0.010
748.43	0.010
748.61	0.010
748.79	0.010
748.97	0.010
749.16	0.011
749.34	0.011
749.52	0.011
749.71	0.010
749.89	0.011
750.07	0.011
750.25	0.011
750.44	0.011
750.62	0.011
750.80	0.011
750.98	0.011
751.17	0.011
751.35	0.011
751.53	0.010
751.71	0.010
751.90	0.010
752.08	0.010
752.26	0.010
752.44	0.010
752.63	0.010
752.81	0.009
752.99	0.009
753.17	0.009
753.36	0.009
753.54	0.009
753.72	0.009
753.90	0.010
754.09	0.009
754.27	0.009
754.45	0.010
754.63	0.011
754.82	0.010
755.00	0.010
755.18	0.010
755.36	0.010
755.54	0.010
755.73	0.010
755.91	0.010
756.09	0.010
756.27	0.010
756.45	0.010
756.64	0.010
756.82	0.010
757.00	0.010
757.18	0.010
757.37	0.011
757.55	0.010
757.73	0.010
757.91	0.010
758.09	0.010
758.27	0.010
758.46	0.010
758.64	0.010
758.82	0.010
759.00	0.010
759.18	0.010
759.37	0.009
759.55	0.009
759.73	0.009
759.91	0.010
760.09	0.010
760.28	0.010
760.46	0.010
760.64	0.010
760.82	0.010
761.00	0.010
761.18	0.010
761.37	0.010
761.55	0.010
761.73	0.010
761.91	0.010
762.09	0.010
762.27	0.010
762.46	0.009
762.64	0.009
762.82	0.009
763.00	0.009
763.18	0.009
763.36	0.009
763.54	0.009
763.73	0.009
763.91	0.009
764.09	0.009
764.27	0.009
764.45	0.009
764.63	0.009
764.81	0.009
765.00	0.009
765.18	0.009
765.36	0.009
765.54	0.009
765.72	0.009
765.90	0.009
766.08	0.009
766.27	0.009
766.45	0.009
766.63	0.009
766.81	0.009
766.99	0.009
767.17	0.008
767.35	0.009
767.53	0.009
767.71	0.009
767.90	0.009
768.08	0.009
768.26	0.009
768.44	0.009
768.62	0.009
768.80	0.009
768.98	0.009
769.16	0.008
769.34	0.009
769.52	0.009
769.71	0.009
769.89	0.008
770.07	0.009
770.25	0.009
770.43	0.009
770.61	0.009
770.79	0.010
770.97	0.010
771.15	0.009
771.33	0.009
771.51	0.009
771.69	0.009
771.88	0.010
772.06	0.010
772.24	0.010
772.42	0.009
772.60	0.009
772.78	0.009
772.96	0.010
773.14	0.010
773.32	0.010
773.50	0.009
773.68	0.009
773.86	0.009
774.04	0.009
774.22	0.009
774.40	0.009
774.58	0.009
774.77	0.009
774.95	0.009
775.13	0.009
775.31	0.009
775.49	0.009
775.67	0.009
775.85	0.009
776.03	0.009
776.21	0.009
776.39	0.009
776.57	0.009
776.75	0.009
776.93	0.009
777.11	0.009
777.29	0.009
777.47	0.009
777.65	0.009
777.83	0.009
778.01	0.010
778.19	0.009
778.37	0.009
778.55	0.009
778.73	0.009
778.91	0.009
779.09	0.009
779.27	0.009
779.45	0.009
779.63	0.009
779.81	0.009
779.99	0.009
780.17	0.008
780.35	0.008
780.53	0.009
780.71	0.009
780.89	0.009
781.07	0.009
781.25	0.009
781.43	0.009
781.61	0.009
781.79	0.009
781.97	0.010
782.15	0.010
782.33	0.009
782.51	0.009
782.69	0.010
782.87	0.009
783.05	0.009
783.23	0.009
783.41	0.009
783.59	0.009
783.77	0.009
783.95	0.009
784.13	0.009
784.31	0.008
784.49	0.009
784.67	0.009
784.85	0.009
785.03	0.009
785.21	0.009
785.38	0.008
785.56	0.008
785.74	0.008
785.92	0.008
786.10	0.009
786.28	0.009
786.46	0.009
786.64	0.009
786.82	0.009
787.00	0.009
787.18	0.009
787.36	0.009
787.54	0.009
787.72	0.009
787.90	0.009
788.08	0.009
788.25	0.010
788.43	0.010
788.61	0.010
788.79	0.010
788.97	0.010
789.15	0.010
789.33	0.010
789.51	0.010
789.69	0.010
789.87	0.010
790.05	0.010
790.23	0.010
790.40	0.009
790.58	0.010
790.76	0.010
790.94	0.010
791.12	0.010
791.30	0.010
791.48	0.009
791.66	0.009
791.84	0.009
792.02	0.009
792.19	0.009
792.37	0.009
792.55	0.009
792.73	0.009
792.91	0.009
793.09	0.009
793.27	0.009
793.45	0.009
793.63	0.009
793.80	0.010
793.98	0.009
794.16	0.009
794.34	0.009
794.52	0.009
794.70	0.009
794.88	0.010
795.05	0.009
795.23	0.009
795.41	0.009
795.59	0.009
795.77	0.009
795.95	0.009
796.13	0.009
796.30	0.009
796.48	0.009
796.66	0.009
796.84	0.009
797.02	0.008
797.20	0.008
797.38	0.008
797.55	0.008
797.73	0.008
797.91	0.008
798.09	0.008
798.27	0.009
798.45	0.009
798.62	0.010
798.80	0.009
798.98	0.009
799.16	0.009
799.34	0.009
799.52	0.009
799.69	0.009
799.87	0.009
800.05	0.009
800.23	0.009
800.41	0.010
800.58	0.009
800.76	0.009
800.94	0.009
801.12	0.009
801.30	0.009
801.47	0.009
801.65	0.010
801.83	0.009
802.01	0.010
802.19	0.010
802.36	0.010
802.54	0.010
802.72	0.010
802.90	0.010
803.08	0.010
803.25	0.010
803.43	0.010
803.61	0.010
803.79	0.010
803.97	0.010
804.14	0.010
804.32	0.009
804.50	0.009
804.68	0.009
804.85	0.009
805.03	0.009
805.21	0.009
805.39	0.009
805.56	0.009
805.74	0.009
805.92	0.009
806.10	0.009
806.28	0.009
806.45	0.009
806.63	0.009
806.81	0.009
806.99	0.009
807.16	0.009
807.34	0.009
807.52	0.009
807.70	0.009
807.87	0.009
808.05	0.009
808.23	0.009
808.41	0.008
808.58	0.008
808.76	0.009
808.94	0.008
809.11	0.008
809.29	0.008
809.47	0.008
809.65	0.008
809.82	0.008
810.00	0.008
810.18	0.009
810.36	0.009
810.53	0.009
810.71	0.009
810.89	0.009
811.06	0.009
811.24	0.009
811.42	0.009
811.60	0.009
811.77	0.009
811.95	0.009
812.13	0.009
812.30	0.008
812.48	0.008
812.66	0.009
812.83	0.009
813.01	0.009
813.19	0.009
813.37	0.009
813.54	0.008
813.72	0.009
813.90	0.009
814.07	0.009
814.25	0.009
814.43	0.008
814.60	0.008
814.78	0.009
814.96	0.008
815.13	0.009
815.31	0.008
815.49	0.008
815.66	0.008
815.84	0.009
816.02	0.009
816.19	0.009
816.37	0.009
816.55	0.009
816.72	0.009
816.90	0.009
817.08	0.009
817.25	0.009
817.43	0.009
817.61	0.009
817.78	0.009
817.96	0.009
818.14	0.009
818.31	0.009
818.49	0.009
818.67	0.009
818.84	0.009
819.02	0.009
819.19	0.009
819.37	0.010
819.55	0.010
819.72	0.009
819.90	0.010
820.08	0.010
820.25	0.009
820.43	0.009
820.60	0.009
820.78	0.009
820.96	0.008
821.13	0.008
821.31	0.008
821.49	0.008
821.66	0.008
821.84	0.009
822.01	0.009
822.19	0.010
822.37	0.010
822.54	0.010
822.72	0.010
822.89	0.010
823.07	0.010
823.25	0.010
823.42	0.010
823.60	0.009
823.77	0.009
823.95	0.009
824.13	0.008
824.30	0.009
824.48	0.009
824.65	0.009
824.83	0.009
825.01	0.009
825.18	0.009
825.36	0.010
825.53	0.010
825.71	0.010
825.88	0.010
826.06	0.010
826.24	0.009
826.41	0.009
826.59	0.009
826.76	0.008
826.94	0.008
827.11	0.009
827.29	0.008
827.47	0.009
827.64	0.008
827.82	0.008
827.99	0.009
828.17	0.009
828.34	0.009
828.52	0.008
828.69	0.008
828.87	0.009
829.04	0.008
829.22	0.009
829.40	0.009
829.57	0.009
829.75	0.008
829.92	0.007
830.10	0.007
830.27	0.007
830.45	0.007
830.62	0.007
830.80	0.007
830.97	0.007
831.15	0.007
831.32	0.007
831.50	0.007
831.67	0.008
831.85	0.008
832.02	0.009
832.20	0.008
832.37	0.008
832.55	0.008
832.73	0.009
832.90	0.009
833.08	0.009
833.25	0.010
833.43	0.009
833.60	0.009
833.78	0.009
833.95	0.009
834.13	0.009
834.30	0.008
834.48	0.008
834.65	0.009
834.82	0.008
835.00	0.008
835.17	0.009
835.35	0.009
835.52	0.009
835.70	0.009
835.87	0.010
836.05	0.009
836.22	0.009
836.40	0.008
836.57	0.008
836.75	0.008
836.92	0.007
837.10	0.007
837.27	0.007
837.45	0.007
837.62	0.007
837.80	0.007
837.97	0.008
838.14	0.008
838.32	0.009
838.49	0.009
838.67	0.008
838.84	0.008
839.02	0.008
839.19	0.007
839.37	0.008
839.54	0.007
839.71	0.007
839.89	0.007
840.06	0.007
840.24	0.007
840.41	0.007
840.59	0.008
840.76	0.008
840.94	0.008
841.11	0.008
841.28	0.008
841.46	0.008
841.63	0.008
841.81	0.008
841.98	0.009
842.15	0.008
842.33	0.008
842.50	0.008
842.68	0.008
842.85	0.007
843.03	0.007
843.20	0.007
843.37	0.007
843.55	0.007
843.72	0.007
843.90	0.007
844.07	0.007
844.24	0.007
844.42	0.008
844.59	0.008
844.77	0.007
844.94	0.008
845.11	0.007
845.29	0.008
845.46	0.008
845.63	0.008
845.81	0.008
845.98	0.008
846.16	0.008
846.33	0.009
846.50	0.008
846.68	0.008
846.85	0.008
847.02	0.008
847.20	0.008
847.37	0.007
847.55	0.008
847.72	0.007
847.89	0.007
848.07	0.007
848.24	0.007
848.41	0.008
848.59	0.007
848.76	0.007
848.93	0.006
849.11	0.006
849.28	0.006
849.45	0.007
849.63	0.008
849.80	0.008
849.97	0.007
850.15	0.007
850.32	0.007
850.49	0.008
850.67	0.008
850.84	0.008
851.01	0.008
851.19	0.007
851.36	0.007
851.53	0.007
851.71	0.007
851.88	0.006
852.05	0.005
852.23	0.005
852.40	0.005
852.57	0.005
852.75	0.005
852.92	0.004
853.09	0.004
853.27	0.004
853.44	0.004
853.61	0.004
853.79	0.005
853.96	0.005
854.13	0.004
854.30	0.005
854.48	0.005
854.65	0.005
854.82	0.005
855.00	0.006
855.17	0.006
855.34	0.006
855.51	0.006
855.69	0.006
855.86	0.006
856.03	0.005
856.21	0.006
856.38	0.006
856.55	0.005
856.72	0.005
856.90	0.005
857.07	0.006
857.24	0.006
857.42	0.006
857.59	0.006
857.76	0.006
857.93	0.006
858.11	0.006
858.28	0.006
858.45	0.006
858.62	0.005
858.80	0.005
858.97	0.005
859.14	0.005
859.31	0.006
859.49	0.005
859.66	0.005
859.83	0.005
860.00	0.005
860.18	0.006
860.35	0.006
860.52	0.006
860.69	0.006
860.86	0.006
861.04	0.005
861.21	0.005
861.38	0.004
861.55	0.004
861.73	0.004
861.90	0.003
862.07	0.003
862.24	0.002
862.42	0.002
862.59	0.003
862.76	0.003
862.93	0.003
863.10	0.003
863.28	0.004
863.45	0.005
863.62	0.004
863.79	0.005
863.96	0.004
864.14	0.004
864.31	0.004
864.48	0.003
864.65	0.003
864.82	0.003
865.00	0.003
865.17	0.003
865.34	0.003
865.51	0.003
865.68	0.004
865.86	0.003
866.03	0.003
866.20	0.004
866.37	0.003
866.54	0.003
866.71	0.003
866.89	0.002
867.06	0.003
867.23	0.002
867.40	0.002
867.57	0.002
867.74	0.001
867.92	0.001
868.09	0.000
868.26	-0.000
868.43	-0.001
868.60	-0.001
868.77	-0.001
868.95	-0.000
869.12	-0.001
869.29	-0.000
869.46	-0.000
869.63	0.000
869.80	0.000
869.97	0.001
870.15	0.000
870.32	0.000
870.49	-0.000
870.66	-0.000
870.83	-0.001
871.00	-0.001
871.17	-0.001
871.34	-0.001
871.52	-0.001
871.69	-0.001
871.86	-0.001
872.03	-0.001
872.20	-0.001
872.37	0.000
872.54	0.000
872.71	0.001
872.89	0.001
873.06	0.002
873.23	0.002
873.40	0.002
873.57	0.003
873.74	0.003
873.91	0.002
874.08	0.002
874.25	0.002
874.42	0.001
874.60	0.000
874.77	0.000
874.94	0.001
875.11	0.001
875.28	0.001
875.45	0.001
875.62	0.000
875.79	-0.000
875.96	-0.000
876.13	0.000
876.30	0.000
876.47	-0.000
876.65	-0.000
876.82	-0.001
876.99	-0.000
877.16	-0.002
877.33	-0.000
877.50	-0.000
877.67	-0.001
877.84	-0.000
878.01	0.000
878.18	0.000
878.35	0.001
878.52	0.000
878.69	0.001
878.86	-0.000
879.03	0.000
879.20	0.001
879.38	0.001
879.55	-0.000
879.72	-0.000
879.89	-0.001
880.06	-0.000
880.23	-0.001
880.40	0.000
880.57	0.000
880.74	-0.001
880.91	-0.001
881.08	-0.001
881.25	-0.001
881.42	-0.002
881.59	-0.002
881.76	-0.002
881.93	-0.002
882.10	-0.002
882.27	-0.003
882.44	-0.003
882.61	-0.003
882.78	-0.002
882.95	-0.003
883.12	-0.003
883.29	-0.003
883.46	-0.003
883.63	-0.003
883.80	-0.003
883.97	-0.003
884.14	-0.002
884.31	-0.002
884.48	-0.002
884.65	-0.002
884.82	-0.003
884.99	-0.001
885.16	-0.001
885.33	-0.001
885.50	-0.001
885.67	-0.001
885.84	-0.002
886.01	-0.002
886.18	-0.002
886.35	-0.001
886.52	-0.001
886.69	-0.001
886.86	-0.001
887.03	-0.001
887.20	-0.001
887.37	-0.002
887.54	-0.002
887.71	-0.001
887.88	-0.001
888.05	-0.001
888.22	-0.001
888.39	-0.001
888.55	0.000
888.72	0.000
888.89	-0.000
889.06	0.001
889.23	0.001
889.40	-0.001
889.57	-0.001
889.74	-0.002
889.91	-0.001
890.08	-0.002
890.25	-0.002
890.42	-0.002
890.59	-0.003
890.76	-0.003
890.93	-0.002
891.10	-0.001
891.26	-0.000
891.43	-0.001
891.60	-0.001
891.77	-0.002
891.94	-0.001
892.11	-0.000
892.28	-0.000
892.45	-0.001
892.62	-0.001
892.79	-0.002
892.96	-0.002
893.13	-0.001
893.29	-0.000
893.46	0.000
893.63	-0.000
893.80	-0.000
893.97	-0.000
894.14	-0.001
894.31	-0.001
894.48	-0.001
894.65	0.002
894.81	-0.010
894.98	0.002
