177.34	-0.000
177.56	-0.000
177.78	-0.000
178.00	0.113
178.22	0.024
178.44	-0.009
178.66	0.246
178.89	0.504
179.11	0.626
179.33	0.692
179.55	-0.000
179.77	0.068
179.99	0.105
180.21	0.196
180.43	0.313
180.65	0.742
180.87	0.483
181.09	0.420
181.31	0.428
181.53	0.383
181.75	0.343
181.97	0.399
182.19	0.470
182.41	0.444
182.63	0.456
182.85	0.452
183.07	0.428
183.30	0.458
183.52	0.458
183.74	0.469
183.96	0.472
184.18	0.413
184.40	0.428
184.62	0.432
184.84	0.480
185.06	0.498
185.28	0.514
185.50	0.551
185.72	0.560
185.94	0.561
186.16	0.615
186.38	0.607
186.60	0.595
186.82	0.644
187.04	0.694
187.26	0.716
187.48	0.737
187.70	0.742
187.92	0.776
188.14	0.782
188.36	0.851
188.58	0.935
188.80	0.958
189.02	0.987
189.24	0.976
189.46	0.997
189.68	1.029
189.90	1.073
190.12	1.112
190.34	1.099
190.56	1.098
190.78	1.133
191.00	1.215
191.22	1.294
191.44	1.295
191.66	1.383
191.88	1.427
192.10	1.501
192.32	1.556
192.54	1.591
192.76	1.539
192.98	1.440
193.20	1.494
193.42	1.632
193.64	1.564
193.86	1.492
194.08	1.490
194.30	1.463
194.52	1.466
194.74	1.483
194.96	1.461
195.18	1.460
195.40	1.431
195.62	1.516
195.84	1.540
196.06	1.508
196.28	1.572
196.50	1.607
196.72	1.604
196.94	1.652
197.16	1.655
197.38	1.702
197.60	1.621
197.82	1.645
198.04	1.657
198.26	1.699
198.48	1.742
198.70	1.755
198.92	1.731
199.13	1.728
199.35	1.697
199.57	1.731
199.79	1.744
200.01	1.833
200.23	1.809
200.45	1.790
200.67	1.816
200.89	1.881
201.11	1.892
201.33	1.835
201.55	1.843
201.77	1.854
201.99	1.841
202.21	1.777
202.43	1.773
202.65	1.749
202.87	1.726
203.09	1.700
203.31	1.747
203.52	1.754
203.74	1.756
203.96	1.747
204.18	1.775
204.40	1.800
204.62	1.821
204.84	1.881
205.06	1.916
205.28	1.893
205.50	1.852
205.72	1.825
205.94	1.826
206.16	1.816
206.38	1.810
206.59	1.819
206.81	1.786
207.03	1.794
207.25	1.813
207.47	1.868
207.69	1.927
207.91	1.960
208.13	2.011
208.35	1.976
208.57	2.026
208.79	2.090
209.01	2.078
209.22	2.125
209.44	2.123
209.66	2.088
209.88	2.113
210.10	2.117
210.32	2.123
210.54	2.085
210.76	2.121
210.98	2.108
211.20	2.043
211.42	2.006
211.63	2.026
211.85	2.007
212.07	2.016
212.29	2.038
212.51	2.068
212.73	2.071
212.95	2.078
213.17	2.105
213.39	2.121
213.60	2.108
213.82	2.145
214.04	2.155
214.26	2.179
214.48	2.209
214.70	2.236
214.92	2.283
215.14	2.338
215.35	2.417
215.57	2.371
215.79	2.335
216.01	2.327
216.23	2.347
216.45	2.352
216.67	2.310
216.89	2.292
217.10	2.278
217.32	2.316
217.54	2.397
217.76	2.401
217.98	2.422
218.20	2.332
218.42	2.298
218.64	2.267
218.85	2.296
219.07	2.272
219.29	2.242
219.51	2.207
219.73	2.224
219.95	2.200
220.17	2.230
220.38	2.235
220.60	2.237
220.82	2.240
221.04	2.263
221.26	2.239
221.48	2.306
221.69	2.303
221.91	2.349
222.13	2.397
222.35	2.425
222.57	2.454
222.79	2.420
223.00	2.464
223.22	2.480
223.44	2.422
223.66	2.421
223.88	2.373
224.10	2.341
224.32	2.367
224.53	2.376
224.75	2.424
224.97	2.422
225.19	2.409
225.41	2.393
225.62	2.398
225.84	2.404
226.06	2.463
226.28	2.434
226.50	2.484
226.72	2.475
226.93	2.458
227.15	2.524
227.37	2.621
227.59	2.593
227.81	2.659
228.02	2.657
228.24	2.575
228.46	2.533
228.68	2.538
228.90	2.591
229.12	2.628
229.33	2.598
229.55	2.610
229.77	2.602
229.99	2.564
230.21	2.637
230.42	2.631
230.64	2.648
230.86	2.645
231.08	2.589
231.30	2.583
231.51	2.571
231.73	2.557
231.95	2.548
232.17	2.585
232.38	2.596
232.60	2.582
232.82	2.604
233.04	2.589
233.26	2.597
233.47	2.636
233.69	2.643
233.91	2.650
234.13	2.635
234.35	2.629
234.56	2.624
234.78	2.560
235.00	2.575
235.22	2.569
235.43	2.549
235.65	2.579
235.87	2.596
236.09	2.576
236.30	2.556
236.52	2.554
236.74	2.575
236.96	2.578
237.18	2.576
237.39	2.582
237.61	2.537
237.83	2.509
238.05	2.505
238.26	2.480
238.48	2.502
238.70	2.479
238.92	2.458
239.13	2.449
239.35	2.431
239.57	2.424
239.79	2.428
240.00	2.418
240.22	2.441
240.44	2.412
240.66	2.419
240.87	2.420
241.09	2.430
241.31	2.440
241.53	2.444
241.74	2.435
241.96	2.426
242.18	2.386
242.40	2.377
242.61	2.369
242.83	2.353
243.05	2.334
243.27	2.324
243.48	2.321
243.70	2.319
243.92	2.287
244.13	2.294
244.35	2.289
244.57	2.277
244.79	2.274
245.00	2.269
245.22	2.264
245.44	2.244
245.65	2.239
245.87	2.259
246.09	2.272
246.31	2.274
246.52	2.275
246.74	2.261
246.96	2.253
247.18	2.244
247.39	2.247
247.61	2.244
247.83	2.242
248.04	2.224
248.26	2.222
248.48	2.217
248.69	2.221
248.91	2.220
249.13	2.220
249.35	2.230
249.56	2.224
249.78	2.217
250.00	2.221
250.21	2.212
250.43	2.209
250.65	2.203
250.86	2.207
251.08	2.198
251.30	2.182
251.51	2.178
251.73	2.177
251.95	2.176
252.17	2.177
252.38	2.168
252.60	2.170
252.82	2.166
253.03	2.172
253.25	2.173
253.47	2.170
253.68	2.171
253.90	2.163
254.12	2.161
254.33	2.153
254.55	2.157
254.77	2.152
254.98	2.157
255.20	2.157
255.42	2.153
255.63	2.150
255.85	2.146
256.07	2.137
256.28	2.142
256.50	2.142
256.72	2.138
256.93	2.130
257.15	2.132
257.37	2.135
257.58	2.128
257.80	2.121
258.02	2.116
258.23	2.124
258.45	2.114
258.67	2.115
258.88	2.109
259.10	2.103
259.32	2.098
259.53	2.091
259.75	2.096
259.96	2.095
260.18	2.090
260.40	2.090
260.61	2.098
260.83	2.101
261.05	2.098
261.26	2.102
261.48	2.116
261.70	2.111
261.91	2.122
262.13	2.126
262.34	2.124
262.56	2.116
262.78	2.112
262.99	2.108
263.21	2.113
263.43	2.107
263.64	2.115
263.86	2.104
264.07	2.098
264.29	2.092
264.51	2.083
264.72	2.081
264.94	2.086
265.16	2.071
265.37	2.069
265.59	2.057
265.80	2.062
266.02	2.058
266.24	2.060
266.45	2.061
266.67	2.062
266.88	2.058
267.10	2.060
267.32	2.053
267.53	2.060
267.75	2.056
267.96	2.062
268.18	2.059
268.40	2.059
268.61	2.053
268.83	2.047
269.04	2.047
269.26	2.049
269.48	2.047
269.69	2.044
269.91	2.039
270.12	2.040
270.34	2.032
270.56	2.029
270.77	2.026
270.99	2.015
271.20	2.009
271.42	1.994
271.64	1.988
271.85	1.982
272.07	1.974
272.28	1.975
272.50	1.968
272.71	1.969
272.93	1.966
273.15	1.962
273.36	1.964
273.58	1.963
273.79	1.953
274.01	1.951
274.22	1.948
274.44	1.945
274.66	1.934
274.87	1.930
275.09	1.929
275.30	1.923
275.52	1.919
275.73	1.916
275.95	1.915
276.16	1.907
276.38	1.905
276.60	1.903
276.81	1.901
277.03	1.896
277.24	1.889
277.46	1.884
277.67	1.879
277.89	1.863
278.10	1.856
278.32	1.846
278.53	1.844
278.75	1.837
278.97	1.828
279.18	1.823
279.40	1.813
279.61	1.808
279.83	1.810
280.04	1.808
280.26	1.805
280.47	1.802
280.69	1.792
280.90	1.785
281.12	1.779
281.33	1.772
281.55	1.768
281.76	1.759
281.98	1.747
282.20	1.738
282.41	1.726
282.63	1.725
282.84	1.718
283.06	1.712
283.27	1.705
283.49	1.698
283.70	1.691
283.92	1.685
284.13	1.676
284.35	1.669
284.56	1.659
284.78	1.650
284.99	1.642
285.21	1.631
285.42	1.618
285.64	1.606
285.85	1.595
286.07	1.588
286.28	1.579
286.50	1.570
286.71	1.559
286.93	1.548
287.14	1.541
287.36	1.528
287.57	1.521
287.79	1.512
288.00	1.502
288.22	1.492
288.43	1.478
288.65	1.471
288.86	1.461
289.08	1.451
289.29	1.442
289.51	1.431
289.72	1.422
289.94	1.413
290.15	1.404
290.37	1.396
290.58	1.388
290.80	1.380
291.01	1.370
291.22	1.363
291.44	1.355
291.65	1.344
291.87	1.336
292.08	1.327
292.30	1.319
292.51	1.309
292.73	1.301
292.94	1.293
293.16	1.284
293.37	1.277
293.59	1.271
293.80	1.263
294.02	1.254
294.23	1.246
294.44	1.239
294.66	1.229
294.87	1.221
295.09	1.216
295.30	1.208
295.52	1.201
295.73	1.194
295.95	1.187
296.16	1.181
296.37	1.174
296.59	1.168
296.80	1.160
297.02	1.152
297.23	1.146
297.45	1.139
297.66	1.131
297.88	1.125
298.09	1.119
298.30	1.112
298.52	1.106
298.73	1.100
298.95	1.094
299.16	1.085
299.38	1.078
299.59	1.071
299.80	1.063
300.02	1.056
300.23	1.049
300.45	1.042
300.66	1.036
300.88	1.029
301.09	1.025
301.30	1.020
301.52	1.015
301.73	1.010
301.95	1.004
302.16	0.998
302.37	0.993
302.59	0.988
302.80	0.983
303.02	0.977
303.23	0.970
303.45	0.965
303.66	0.960
303.87	0.955
304.09	0.950
304.30	0.945
304.52	0.940
304.73	0.935
304.94	0.931
305.16	0.926
305.37	0.922
305.59	0.917
305.80	0.912
306.01	0.910
306.23	0.905
306.44	0.902
306.65	0.897
306.87	0.894
307.08	0.891
307.30	0.887
307.51	0.883
307.72	0.878
307.94	0.872
308.15	0.869
308.37	0.864
308.58	0.860
308.79	0.855
309.01	0.850
309.22	0.847
309.43	0.844
309.65	0.840
309.86	0.836
310.07	0.832
310.29	0.829
310.50	0.825
310.72	0.822
310.93	0.818
311.14	0.814
311.36	0.810
311.57	0.807
311.78	0.803
312.00	0.800
312.21	0.796
312.42	0.792
312.64	0.788
312.85	0.785
313.07	0.780
313.28	0.776
313.49	0.773
313.71	0.770
313.92	0.766
314.13	0.762
314.35	0.758
314.56	0.756
314.77	0.751
314.99	0.747
315.20	0.743
315.41	0.739
315.63	0.736
315.84	0.732
316.05	0.729
316.27	0.726
316.48	0.723
316.69	0.721
316.91	0.718
317.12	0.715
317.33	0.712
317.55	0.710
317.76	0.707
317.97	0.703
318.19	0.700
318.40	0.696
318.61	0.693
318.83	0.690
319.04	0.687
319.25	0.685
319.47	0.681
319.68	0.678
319.89	0.676
320.10	0.674
320.32	0.671
320.53	0.669
320.74	0.665
320.96	0.663
321.17	0.659
321.38	0.657
321.60	0.654
321.81	0.651
322.02	0.648
322.24	0.645
322.45	0.643
322.66	0.640
322.87	0.638
323.09	0.635
323.30	0.633
323.51	0.631
323.73	0.629
323.94	0.627
324.15	0.625
324.36	0.623
324.58	0.621
324.79	0.617
325.00	0.615
325.22	0.612
325.43	0.609
325.64	0.606
325.85	0.603
326.07	0.601
326.28	0.597
326.49	0.594
326.71	0.593
326.92	0.589
327.13	0.588
327.34	0.585
327.56	0.583
327.77	0.580
327.98	0.577
328.19	0.576
328.41	0.573
328.62	0.571
328.83	0.569
329.04	0.567
329.26	0.565
329.47	0.563
329.68	0.561
329.90	0.559
330.11	0.557
330.32	0.555
330.53	0.554
330.75	0.552
330.96	0.550
331.17	0.547
331.38	0.545
331.60	0.543
331.81	0.540
332.02	0.538
332.23	0.535
332.44	0.533
332.66	0.530
332.87	0.528
333.08	0.526
333.29	0.524
333.51	0.521
333.72	0.519
333.93	0.518
334.14	0.516
334.36	0.515
334.57	0.513
334.78	0.511
334.99	0.510
335.21	0.508
335.42	0.506
335.63	0.504
335.84	0.501
336.05	0.499
336.27	0.497
336.48	0.495
336.69	0.493
336.90	0.491
337.11	0.490
337.33	0.488
337.54	0.487
337.75	0.485
337.96	0.483
338.18	0.481
338.39	0.479
338.60	0.478
338.81	0.476
339.02	0.473
339.24	0.473
339.45	0.471
339.66	0.469
339.87	0.467
340.08	0.466
340.30	0.464
340.51	0.463
340.72	0.462
340.93	0.460
341.14	0.458
341.36	0.456
341.57	0.455
341.78	0.453
341.99	0.452
342.20	0.450
342.41	0.448
342.63	0.445
342.84	0.444
343.05	0.442
343.26	0.440
343.47	0.439
343.69	0.437
343.90	0.435
344.11	0.434
344.32	0.433
344.53	0.432
344.74	0.431
344.96	0.429
345.17	0.428
345.38	0.426
345.59	0.424
345.80	0.422
346.01	0.420
346.23	0.419
346.44	0.418
346.65	0.415
346.86	0.414
347.07	0.414
347.28	0.412
347.50	0.411
347.71	0.409
347.92	0.408
348.13	0.406
348.34	0.404
348.55	0.403
348.76	0.401
348.98	0.399
349.19	0.398
349.40	0.396
349.61	0.396
349.82	0.394
350.03	0.393
350.24	0.392
350.46	0.391
350.67	0.390
350.88	0.389
351.09	0.389
351.30	0.387
351.51	0.386
351.72	0.384
351.93	0.384
352.15	0.382
352.36	0.380
352.57	0.378
352.78	0.377
352.99	0.375
353.20	0.374
353.41	0.373
353.62	0.372
353.84	0.370
354.05	0.369
354.26	0.367
354.47	0.366
354.68	0.364
354.89	0.363
355.10	0.361
355.31	0.360
355.52	0.359
355.74	0.357
355.95	0.357
356.16	0.355
356.37	0.353
356.58	0.352
356.79	0.351
357.00	0.350
357.21	0.349
357.42	0.347
357.63	0.346
357.85	0.345
358.06	0.344
358.27	0.343
358.48	0.342
358.69	0.341
358.90	0.340
359.11	0.339
359.32	0.337
359.53	0.336
359.74	0.335
359.95	0.333
360.17	0.332
360.38	0.330
360.59	0.330
360.80	0.329
361.01	0.328
361.22	0.327
361.43	0.326
361.64	0.325
361.85	0.324
362.06	0.323
362.27	0.322
362.48	0.320
362.69	0.319
362.90	0.317
363.12	0.316
363.33	0.315
363.54	0.314
363.75	0.312
363.96	0.311
364.17	0.310
364.38	0.309
364.59	0.308
364.80	0.307
365.01	0.306
365.22	0.305
365.43	0.305
365.64	0.304
365.85	0.303
366.06	0.303
366.27	0.301
366.48	0.300
366.69	0.299
366.90	0.298
367.11	0.297
367.32	0.295
367.54	0.294
367.75	0.293
367.96	0.292
368.17	0.292
368.38	0.291
368.59	0.290
368.80	0.289
369.01	0.288
369.22	0.288
369.43	0.286
369.64	0.285
369.85	0.284
370.06	0.283
370.27	0.282
370.48	0.281
370.69	0.280
370.90	0.279
371.11	0.279
371.32	0.277
371.53	0.276
371.74	0.275
371.95	0.274
372.16	0.273
372.37	0.272
372.58	0.272
372.79	0.271
373.00	0.269
373.21	0.269
373.42	0.268
373.63	0.268
373.84	0.267
374.05	0.267
374.26	0.266
374.47	0.266
374.68	0.265
374.89	0.264
375.10	0.264
375.31	0.262
375.52	0.261
375.73	0.260
375.94	0.259
376.15	0.258
376.36	0.256
376.57	0.256
376.78	0.255
376.99	0.254
377.20	0.254
377.41	0.253
377.62	0.252
377.83	0.252
378.04	0.251
378.25	0.251
378.46	0.250
378.67	0.250
378.88	0.249
379.09	0.248
379.30	0.247
379.51	0.246
379.72	0.246
379.92	0.245
380.13	0.244
380.34	0.244
380.55	0.243
380.76	0.242
380.97	0.241
381.18	0.241
381.39	0.240
381.60	0.239
381.81	0.238
382.02	0.238
382.23	0.237
382.44	0.236
382.65	0.236
382.86	0.236
383.07	0.235
383.28	0.235
383.49	0.235
383.70	0.234
383.91	0.233
384.11	0.232
384.32	0.231
384.53	0.230
384.74	0.229
384.95	0.228
385.16	0.228
385.37	0.227
385.58	0.226
385.79	0.227
386.00	0.227
386.21	0.227
386.42	0.226
386.63	0.226
386.84	0.226
387.04	0.224
387.25	0.223
387.46	0.223
387.67	0.222
387.88	0.221
388.09	0.220
388.30	0.219
388.51	0.218
388.72	0.218
388.93	0.218
389.14	0.218
389.34	0.217
389.55	0.216
389.76	0.216
389.97	0.215
390.18	0.215
390.39	0.215
390.60	0.214
390.81	0.214
391.02	0.214
391.23	0.213
391.43	0.213
391.64	0.212
391.85	0.212
392.06	0.211
392.27	0.210
392.48	0.210
392.69	0.209
392.90	0.208
393.11	0.208
393.31	0.208
393.52	0.207
393.73	0.207
393.94	0.206
394.15	0.206
394.36	0.206
394.57	0.205
394.78	0.204
394.98	0.204
395.19	0.203
395.40	0.202
395.61	0.203
395.82	0.203
396.03	0.203
396.24	0.202
396.44	0.202
396.65	0.202
396.86	0.201
397.07	0.201
397.28	0.201
397.49	0.200
397.70	0.199
397.90	0.199
398.11	0.199
398.32	0.198
398.53	0.198
398.74	0.198
398.95	0.198
399.16	0.197
399.36	0.197
399.57	0.197
399.78	0.197
399.99	0.196
400.20	0.195
400.41	0.195
400.61	0.194
400.82	0.193
401.03	0.193
401.24	0.192
401.45	0.191
401.66	0.192
401.86	0.192
402.07	0.191
402.28	0.191
402.49	0.191
402.70	0.191
402.91	0.190
403.11	0.190
403.32	0.190
403.53	0.188
403.74	0.188
403.95	0.188
404.15	0.188
404.36	0.188
404.57	0.188
404.78	0.187
404.99	0.187
405.20	0.187
405.40	0.187
405.61	0.187
405.82	0.186
406.03	0.185
406.24	0.184
406.44	0.183
406.65	0.183
406.86	0.183
407.07	0.183
407.28	0.182
407.48	0.182
407.69	0.182
407.90	0.183
408.11	0.182
408.32	0.183
408.52	0.182
408.73	0.182
408.94	0.182
409.15	0.182
409.35	0.181
409.56	0.181
409.77	0.181
409.98	0.182
410.19	0.182
410.39	0.182
410.60	0.181
410.81	0.180
411.02	0.180
411.22	0.180
411.43	0.179
411.64	0.178
411.85	0.178
412.05	0.178
412.26	0.178
412.47	0.178
412.68	0.179
412.89	0.178
413.09	0.178
413.30	0.178
413.51	0.178
413.72	0.177
413.92	0.176
414.13	0.176
414.34	0.176
414.55	0.175
414.75	0.175
414.96	0.175
415.17	0.174
415.38	0.174
415.58	0.174
415.79	0.174
416.00	0.174
416.21	0.174
416.41	0.173
416.62	0.173
416.83	0.173
417.03	0.173
417.24	0.172
417.45	0.172
417.66	0.171
417.86	0.171
418.07	0.171
418.28	0.171
418.49	0.170
418.69	0.170
418.90	0.170
419.11	0.170
419.31	0.170
419.52	0.170
419.73	0.170
419.94	0.170
420.14	0.170
420.35	0.170
420.56	0.169
420.76	0.169
420.97	0.169
421.18	0.169
421.39	0.168
421.59	0.168
421.80	0.168
422.01	0.168
422.21	0.168
422.42	0.167
422.63	0.167
422.84	0.167
423.04	0.167
423.25	0.167
423.46	0.167
423.66	0.167
423.87	0.167
424.08	0.166
424.28	0.166
424.49	0.166
424.70	0.166
424.90	0.165
425.11	0.165
425.32	0.165
425.52	0.165
425.73	0.165
425.94	0.165
426.15	0.165
426.35	0.165
426.56	0.165
426.77	0.165
426.97	0.165
427.18	0.165
427.39	0.164
427.59	0.164
427.80	0.164
428.01	0.164
428.21	0.164
428.42	0.164
428.63	0.163
428.83	0.163
429.04	0.163
429.25	0.163
429.45	0.162
429.66	0.161
429.87	0.161
430.07	0.160
430.28	0.160
430.48	0.160
430.69	0.160
430.90	0.159
431.10	0.159
431.31	0.160
431.52	0.160
431.72	0.160
431.93	0.160
432.14	0.160
432.34	0.160
432.55	0.161
432.76	0.161
432.96	0.160
433.17	0.160
433.37	0.159
433.58	0.159
433.79	0.158
433.99	0.159
434.20	0.158
434.41	0.157
434.61	0.156
434.82	0.156
435.02	0.156
435.23	0.156
435.44	0.156
435.64	0.155
435.85	0.155
436.06	0.155
436.26	0.155
436.47	0.156
436.67	0.156
436.88	0.155
437.09	0.155
437.29	0.155
437.50	0.156
437.70	0.155
437.91	0.155
438.12	0.155
438.32	0.155
438.53	0.155
438.73	0.155
438.94	0.155
439.15	0.155
439.35	0.155
439.56	0.155
439.76	0.156
439.97	0.156
440.18	0.155
440.38	0.155
440.59	0.155
440.79	0.154
441.00	0.155
441.20	0.155
441.41	0.155
441.62	0.154
441.82	0.154
442.03	0.154
442.23	0.155
442.44	0.154
442.65	0.154
442.85	0.153
443.06	0.153
443.26	0.153
443.47	0.153
443.67	0.152
443.88	0.152
444.09	0.152
444.29	0.153
444.50	0.153
444.70	0.154
444.91	0.154
445.11	0.154
445.32	0.154
445.52	0.154
445.73	0.154
445.94	0.153
446.14	0.153
446.35	0.152
446.55	0.152
446.76	0.152
446.96	0.152
447.17	0.152
447.37	0.151
447.58	0.152
447.78	0.152
447.99	0.153
448.20	0.153
448.40	0.153
448.61	0.153
448.81	0.153
449.02	0.153
449.22	0.153
449.43	0.153
449.63	0.152
449.84	0.152
450.04	0.153
450.25	0.152
450.45	0.152
450.66	0.152
450.86	0.152
451.07	0.152
451.27	0.152
451.48	0.152
451.68	0.151
451.89	0.151
452.09	0.151
452.30	0.151
452.50	0.150
452.71	0.149
452.91	0.149
453.12	0.149
453.33	0.149
453.53	0.149
453.74	0.149
453.94	0.149
454.15	0.149
454.35	0.149
454.56	0.148
454.76	0.149
454.96	0.149
455.17	0.149
455.37	0.148
455.58	0.149
455.78	0.148
455.99	0.148
456.19	0.149
456.40	0.149
456.60	0.149
456.81	0.149
457.01	0.149
457.22	0.149
457.42	0.149
457.63	0.148
457.83	0.148
458.04	0.148
458.24	0.148
458.45	0.148
458.65	0.148
458.86	0.147
459.06	0.147
459.27	0.148
459.47	0.147
459.67	0.147
459.88	0.146
460.08	0.147
460.29	0.146
460.49	0.146
460.70	0.147
460.90	0.147
461.11	0.146
461.31	0.147
461.52	0.146
461.72	0.147
461.92	0.147
462.13	0.147
462.33	0.146
462.54	0.146
462.74	0.146
462.95	0.146
463.15	0.146
463.36	0.147
463.56	0.148
463.76	0.147
463.97	0.147
464.17	0.148
464.38	0.148
464.58	0.148
464.79	0.148
464.99	0.148
465.19	0.147
465.40	0.146
465.60	0.146
465.81	0.146
466.01	0.145
466.22	0.146
466.42	0.145
466.62	0.145
466.83	0.144
467.03	0.145
467.24	0.145
467.44	0.145
467.65	0.145
467.85	0.145
468.05	0.145
468.26	0.145
468.46	0.145
468.67	0.146
468.87	0.145
469.07	0.145
469.28	0.145
469.48	0.144
469.69	0.144
469.89	0.144
470.09	0.144
470.30	0.144
470.50	0.145
470.71	0.144
470.91	0.144
471.11	0.144
471.32	0.145
471.52	0.145
471.72	0.144
471.93	0.144
472.13	0.145
472.34	0.144
472.54	0.144
472.74	0.144
472.95	0.144
473.15	0.144
473.35	0.144
473.56	0.144
473.76	0.144
473.97	0.144
474.17	0.144
474.37	0.144
474.58	0.144
474.78	0.144
474.98	0.144
475.19	0.144
475.39	0.143
475.60	0.143
475.80	0.142
476.00	0.142
476.21	0.142
476.41	0.142
476.61	0.142
476.82	0.142
477.02	0.142
477.22	0.143
477.43	0.142
477.63	0.143
477.83	0.143
478.04	0.143
478.24	0.143
478.44	0.143
478.65	0.143
478.85	0.142
479.05	0.142
479.26	0.142
479.46	0.142
479.66	0.142
479.87	0.141
480.07	0.141
480.27	0.141
480.48	0.142
480.68	0.142
480.88	0.142
481.09	0.142
481.29	0.141
481.49	0.142
481.70	0.142
481.90	0.142
482.10	0.142
482.31	0.141
482.51	0.141
482.71	0.140
482.92	0.140
483.12	0.141
483.32	0.141
483.52	0.140
483.73	0.140
483.93	0.140
484.13	0.140
484.34	0.141
484.54	0.141
484.74	0.140
484.95	0.140
485.15	0.140
485.35	0.140
485.55	0.141
485.76	0.140
485.96	0.140
486.16	0.140
486.37	0.140
486.57	0.140
486.77	0.140
486.97	0.140
487.18	0.140
487.38	0.139
487.58	0.139
487.79	0.139
487.99	0.139
488.19	0.139
488.39	0.139
488.60	0.139
488.80	0.139
489.00	0.139
489.20	0.138
489.41	0.139
489.61	0.138
489.81	0.138
490.02	0.138
490.22	0.138
490.42	0.139
490.62	0.139
490.83	0.139
491.03	0.140
491.23	0.140
491.43	0.140
491.64	0.140
491.84	0.140
492.04	0.140
492.24	0.140
492.45	0.140
492.65	0.140
492.85	0.140
493.05	0.141
493.26	0.140
493.46	0.140
493.66	0.140
493.86	0.140
494.07	0.140
494.27	0.141
494.47	0.140
494.67	0.140
494.87	0.140
495.08	0.140
495.28	0.139
495.48	0.139
495.68	0.139
495.89	0.139
496.09	0.139
496.29	0.138
496.49	0.138
496.69	0.137
496.90	0.138
497.10	0.139
497.30	0.139
497.50	0.139
497.71	0.139
497.91	0.139
498.11	0.139
498.31	0.140
498.51	0.140
498.72	0.139
498.92	0.139
499.12	0.139
499.32	0.139
499.52	0.139
499.73	0.139
499.93	0.138
500.13	0.139
500.33	0.139
500.53	0.139
500.74	0.140
500.94	0.140
501.14	0.140
501.34	0.139
501.54	0.140
501.74	0.140
501.95	0.140
502.15	0.139
502.35	0.139
502.55	0.138
502.75	0.138
502.96	0.138
503.16	0.138
503.36	0.138
503.56	0.138
503.76	0.137
503.96	0.137
504.17	0.137
504.37	0.138
504.57	0.138
504.77	0.138
504.97	0.139
505.17	0.139
505.38	0.138
505.58	0.138
505.78	0.139
505.98	0.138
506.18	0.138
506.38	0.138
506.58	0.137
506.79	0.137
506.99	0.137
507.19	0.138
507.39	0.138
507.59	0.137
507.79	0.137
507.99	0.137
508.20	0.137
508.40	0.138
508.60	0.138
508.80	0.138
509.00	0.138
509.20	0.138
509.40	0.138
509.61	0.138
509.81	0.138
510.01	0.138
510.21	0.138
510.41	0.139
510.61	0.139
510.81	0.139
511.01	0.139
511.22	0.138
511.42	0.138
511.62	0.139
511.82	0.139
512.02	0.138
512.22	0.137
512.42	0.137
512.62	0.136
512.82	0.137
513.03	0.137
513.23	0.137
513.43	0.136
513.63	0.137
513.83	0.137
514.03	0.138
514.23	0.138
514.43	0.138
514.63	0.138
514.83	0.139
515.04	0.139
515.24	0.139
515.44	0.139
515.64	0.138
515.84	0.138
516.04	0.138
516.24	0.138
516.44	0.138
516.64	0.138
516.84	0.137
517.04	0.137
517.24	0.137
517.45	0.138
517.65	0.138
517.85	0.138
518.05	0.138
518.25	0.138
518.45	0.137
518.65	0.137
518.85	0.137
519.05	0.137
519.25	0.136
519.45	0.137
519.65	0.137
519.85	0.137
520.05	0.136
520.25	0.137
520.46	0.138
520.66	0.138
520.86	0.138
521.06	0.138
521.26	0.138
521.46	0.137
521.66	0.138
521.86	0.138
522.06	0.137
522.26	0.137
522.46	0.136
522.66	0.136
522.86	0.136
523.06	0.136
523.26	0.136
523.46	0.136
523.66	0.136
523.86	0.136
524.06	0.136
524.26	0.137
524.46	0.137
524.66	0.137
524.86	0.137
525.06	0.138
525.26	0.138
525.46	0.138
525.66	0.138
525.87	0.138
526.07	0.137
526.27	0.137
526.47	0.137
526.67	0.136
526.87	0.136
527.07	0.136
527.27	0.136
527.47	0.136
527.67	0.137
527.87	0.136
528.07	0.137
528.27	0.137
528.47	0.137
528.67	0.136
528.87	0.136
529.07	0.136
529.27	0.136
529.47	0.136
529.67	0.136
529.87	0.135
530.07	0.136
530.27	0.136
530.47	0.136
530.67	0.136
530.87	0.136
531.06	0.136
531.26	0.136
531.46	0.136
531.66	0.136
531.86	0.135
532.06	0.135
532.26	0.135
532.46	0.135
532.66	0.135
532.86	0.136
533.06	0.136
533.26	0.136
533.46	0.137
533.66	0.137
533.86	0.137
534.06	0.137
534.26	0.138
534.46	0.137
534.66	0.137
534.86	0.138
535.06	0.138
535.26	0.136
535.46	0.136
535.66	0.135
535.86	0.135
536.06	0.135
536.26	0.135
536.45	0.135
536.65	0.134
536.85	0.135
537.05	0.135
537.25	0.136
537.45	0.136
537.65	0.137
537.85	0.136
538.05	0.136
538.25	0.136
538.45	0.136
538.65	0.136
538.85	0.136
539.05	0.136
539.25	0.136
539.44	0.136
539.64	0.136
539.84	0.135
540.04	0.135
540.24	0.134
540.44	0.134
540.64	0.135
540.84	0.134
541.04	0.134
541.24	0.133
541.44	0.133
541.64	0.133
541.83	0.134
542.03	0.134
542.23	0.133
542.43	0.133
542.63	0.133
542.83	0.133
543.03	0.133
543.23	0.133
543.43	0.134
543.63	0.133
543.82	0.134
544.02	0.134
544.22	0.133
544.42	0.133
544.62	0.133
544.82	0.133
545.02	0.132
545.22	0.131
545.42	0.131
545.61	0.131
545.81	0.131
546.01	0.132
546.21	0.132
546.41	0.132
546.61	0.132
546.81	0.133
547.01	0.133
547.20	0.133
547.40	0.133
547.60	0.133
547.80	0.133
548.00	0.132
548.20	0.133
548.40	0.133
548.59	0.133
548.79	0.134
548.99	0.134
549.19	0.133
549.39	0.133
549.59	0.133
549.79	0.134
549.98	0.134
550.18	0.134
550.38	0.134
550.58	0.134
550.78	0.135
550.98	0.135
551.17	0.135
551.37	0.135
551.57	0.135
551.77	0.135
551.97	0.136
552.17	0.135
552.36	0.135
552.56	0.134
552.76	0.134
552.96	0.134
553.16	0.135
553.36	0.135
553.55	0.135
553.75	0.135
553.95	0.135
554.15	0.135
554.35	0.135
554.55	0.136
554.74	0.135
554.94	0.136
555.14	0.136
555.34	0.135
555.54	0.135
555.73	0.135
555.93	0.136
556.13	0.136
556.33	0.136
556.53	0.137
556.72	0.136
556.92	0.137
557.12	0.137
557.32	0.137
557.52	0.137
557.71	0.137
557.91	0.137
558.11	0.137
558.31	0.136
558.51	0.137
558.70	0.137
558.90	0.136
559.10	0.136
559.30	0.136
559.49	0.135
559.69	0.135
559.89	0.135
560.09	0.135
560.29	0.134
560.48	0.134
560.68	0.134
560.88	0.133
561.08	0.133
561.27	0.134
561.47	0.134
561.67	0.134
561.87	0.134
562.06	0.135
562.26	0.135
562.46	0.135
562.66	0.135
562.86	0.135
563.05	0.136
563.25	0.136
563.45	0.136
563.65	0.137
563.84	0.137
564.04	0.137
564.24	0.137
564.44	0.137
564.63	0.137
564.83	0.137
565.03	0.137
565.22	0.137
565.42	0.136
565.62	0.136
565.82	0.136
566.01	0.136
566.21	0.135
566.41	0.135
566.61	0.134
566.80	0.134
567.00	0.134
567.20	0.134
567.40	0.134
567.59	0.134
567.79	0.134
567.99	0.135
568.18	0.136
568.38	0.136
568.58	0.136
568.78	0.136
568.97	0.136
569.17	0.136
569.37	0.136
569.56	0.137
569.76	0.136
569.96	0.135
570.16	0.135
570.35	0.135
570.55	0.134
570.75	0.134
570.94	0.134
571.14	0.133
571.34	0.133
571.53	0.133
571.73	0.134
571.93	0.134
572.12	0.134
572.32	0.134
572.52	0.134
572.72	0.134
572.91	0.134
573.11	0.133
573.31	0.133
573.50	0.133
573.70	0.133
573.90	0.133
574.09	0.133
574.29	0.133
574.49	0.133
574.68	0.133
574.88	0.133
575.08	0.133
575.27	0.134
575.47	0.133
575.67	0.134
575.86	0.134
576.06	0.135
576.26	0.134
576.45	0.134
576.65	0.134
576.85	0.133
577.04	0.132
577.24	0.132
577.44	0.131
577.63	0.131
577.83	0.131
578.02	0.131
578.22	0.131
578.42	0.131
578.61	0.132
578.81	0.132
579.01	0.133
579.20	0.133
579.40	0.133
579.60	0.133
579.79	0.133
579.99	0.133
580.19	0.133
580.38	0.133
580.58	0.133
580.77	0.131
580.97	0.131
581.17	0.130
581.36	0.130
581.56	0.129
581.75	0.129
581.95	0.129
582.15	0.130
582.34	0.130
582.54	0.131
582.74	0.131
582.93	0.132
583.13	0.133
583.32	0.133
583.52	0.133
583.72	0.133
583.91	0.133
584.11	0.133
584.30	0.133
584.50	0.133
584.70	0.132
584.89	0.132
585.09	0.131
585.28	0.131
585.48	0.132
585.68	0.131
585.87	0.131
586.07	0.131
586.26	0.131
586.46	0.132
586.66	0.132
586.85	0.132
587.05	0.131
587.24	0.131
587.44	0.131
587.63	0.131
587.83	0.132
588.03	0.132
588.22	0.132
588.42	0.132
588.61	0.132
588.81	0.132
589.00	0.133
589.20	0.133
589.40	0.133
589.59	0.134
589.79	0.134
589.98	0.134
590.18	0.134
590.37	0.135
590.57	0.134
590.76	0.134
590.96	0.134
591.16	0.134
591.35	0.134
591.55	0.134
591.74	0.133
591.94	0.133
592.13	0.132
592.33	0.132
592.52	0.132
592.72	0.132
592.91	0.132
593.11	0.132
593.30	0.132
593.50	0.132
593.70	0.132
593.89	0.132
594.09	0.132
594.28	0.133
594.48	0.132
594.67	0.133
594.87	0.133
595.06	0.133
595.26	0.133
595.45	0.133
595.65	0.134
595.84	0.134
596.04	0.134
596.23	0.134
596.43	0.134
596.62	0.134
596.82	0.134
597.01	0.134
597.21	0.133
597.40	0.132
597.60	0.132
597.79	0.132
597.99	0.132
598.18	0.132
598.38	0.132
598.57	0.132
598.77	0.131
598.96	0.131
599.16	0.131
599.35	0.131
599.55	0.130
599.74	0.131
599.94	0.130
600.13	0.130
600.33	0.130
600.52	0.130
600.72	0.131
600.91	0.131
601.11	0.131
601.30	0.131
601.50	0.132
601.69	0.132
601.89	0.133
602.08	0.133
602.27	0.134
602.47	0.134
602.66	0.134
602.86	0.134
603.05	0.133
603.25	0.133
603.44	0.132
603.64	0.132
603.83	0.132
604.03	0.132
604.22	0.132
604.41	0.132
604.61	0.132
604.80	0.132
605.00	0.132
605.19	0.132
605.39	0.132
605.58	0.132
605.78	0.132
605.97	0.132
606.16	0.132
606.36	0.131
606.55	0.132
606.75	0.131
606.94	0.131
607.14	0.131
607.33	0.131
607.52	0.131
607.72	0.131
607.91	0.132
608.11	0.132
608.30	0.132
608.50	0.132
608.69	0.132
608.88	0.133
609.08	0.133
609.27	0.132
609.47	0.132
609.66	0.132
609.85	0.132
610.05	0.132
610.24	0.131
610.44	0.131
610.63	0.131
610.83	0.130
611.02	0.131
611.21	0.131
611.41	0.130
611.60	0.130
611.80	0.130
611.99	0.130
612.18	0.130
612.38	0.130
612.57	0.130
612.76	0.130
612.96	0.130
613.15	0.130
613.35	0.130
613.54	0.130
613.73	0.130
613.93	0.129
614.12	0.129
614.32	0.129
614.51	0.129
614.70	0.129
614.90	0.130
615.09	0.130
615.28	0.131
615.48	0.131
615.67	0.132
615.86	0.132
616.06	0.133
616.25	0.133
616.45	0.133
616.64	0.133
616.83	0.133
617.03	0.133
617.22	0.133
617.41	0.133
617.61	0.133
617.80	0.133
617.99	0.132
618.19	0.132
618.38	0.132
618.57	0.132
618.77	0.132
618.96	0.132
619.15	0.133
619.35	0.133
619.54	0.133
619.73	0.133
619.93	0.133
620.12	0.133
620.31	0.134
620.51	0.134
620.70	0.133
620.89	0.133
621.09	0.134
621.28	0.134
621.47	0.134
621.67	0.133
621.86	0.133
622.05	0.133
622.25	0.133
622.44	0.133
622.63	0.133
622.83	0.133
623.02	0.133
623.21	0.133
623.41	0.133
623.60	0.133
623.79	0.133
623.98	0.133
624.18	0.133
624.37	0.133
624.56	0.132
624.76	0.133
624.95	0.133
625.14	0.133
625.33	0.133
625.53	0.133
625.72	0.133
625.91	0.134
626.11	0.134
626.30	0.134
626.49	0.134
626.68	0.134
626.88	0.134
627.07	0.134
627.26	0.134
627.46	0.134
627.65	0.134
627.84	0.134
628.03	0.134
628.23	0.134
628.42	0.133
628.61	0.133
628.80	0.132
629.00	0.133
629.19	0.133
629.38	0.133
629.58	0.133
629.77	0.133
629.96	0.133
630.15	0.133
630.35	0.133
630.54	0.133
630.73	0.134
630.92	0.134
631.12	0.134
631.31	0.134
631.50	0.134
631.69	0.134
631.89	0.135
632.08	0.136
632.27	0.136
632.46	0.135
632.65	0.135
632.85	0.135
633.04	0.135
633.23	0.135
633.42	0.135
633.62	0.135
633.81	0.135
634.00	0.135
634.19	0.135
634.39	0.135
634.58	0.135
634.77	0.135
634.96	0.134
635.15	0.135
635.35	0.134
635.54	0.134
635.73	0.134
635.92	0.134
636.11	0.134
636.31	0.133
636.50	0.134
636.69	0.134
636.88	0.133
637.07	0.134
637.27	0.134
637.46	0.134
637.65	0.133
637.84	0.134
638.03	0.134
638.23	0.134
638.42	0.134
638.61	0.134
638.80	0.134
638.99	0.134
639.19	0.135
639.38	0.135
639.57	0.135
639.76	0.135
639.95	0.135
640.14	0.135
640.34	0.135
640.53	0.135
640.72	0.135
640.91	0.134
641.10	0.134
641.30	0.134
641.49	0.134
641.68	0.134
641.87	0.134
642.06	0.134
642.25	0.133
642.44	0.134
642.64	0.133
642.83	0.134
643.02	0.134
643.21	0.134
643.40	0.134
643.59	0.134
643.79	0.134
643.98	0.135
644.17	0.134
644.36	0.135
644.55	0.135
644.74	0.135
644.93	0.135
645.13	0.136
645.32	0.135
645.51	0.135
645.70	0.134
645.89	0.134
646.08	0.134
646.27	0.134
646.46	0.134
646.66	0.133
646.85	0.132
647.04	0.133
647.23	0.133
647.42	0.134
647.61	0.133
647.80	0.134
647.99	0.134
648.19	0.134
648.38	0.134
648.57	0.134
648.76	0.133
648.95	0.133
649.14	0.133
649.33	0.134
649.52	0.134
649.71	0.133
649.91	0.133
650.10	0.133
650.29	0.134
650.48	0.134
650.67	0.134
650.86	0.134
651.05	0.133
651.24	0.133
651.43	0.133
651.62	0.134
651.81	0.134
652.01	0.134
652.20	0.134
652.39	0.135
652.58	0.135
652.77	0.135
652.96	0.135
653.15	0.135
653.34	0.134
653.53	0.134
653.72	0.135
653.91	0.135
654.10	0.134
654.29	0.134
654.48	0.133
654.68	0.132
654.87	0.131
655.06	0.130
655.25	0.130
655.44	0.129
655.63	0.128
655.82	0.128
656.01	0.128
656.20	0.128
656.39	0.129
656.58	0.129
656.77	0.131
656.96	0.131
657.15	0.131
657.34	0.132
657.53	0.133
657.72	0.132
657.91	0.133
658.10	0.132
658.29	0.132
658.48	0.132
658.68	0.133
658.87	0.133
659.06	0.133
659.25	0.133
659.44	0.134
659.63	0.134
659.82	0.134
660.01	0.134
660.20	0.134
660.39	0.134
660.58	0.134
660.77	0.134
660.96	0.133
661.15	0.133
661.34	0.133
661.53	0.133
661.72	0.133
661.91	0.133
662.10	0.133
662.29	0.134
662.48	0.134
662.67	0.134
662.86	0.134
663.05	0.134
663.24	0.134
663.43	0.134
663.62	0.134
663.81	0.134
664.00	0.133
664.19	0.133
664.38	0.133
664.57	0.133
664.76	0.133
664.95	0.133
665.14	0.133
665.33	0.134
665.52	0.134
665.71	0.134
665.90	0.134
666.09	0.133
666.28	0.134
666.46	0.134
666.65	0.134
666.84	0.133
667.03	0.133
667.22	0.133
667.41	0.134
667.60	0.134
667.79	0.135
667.98	0.134
668.17	0.134
668.36	0.133
668.55	0.134
668.74	0.133
668.93	0.133
669.12	0.133
669.31	0.132
669.50	0.132
669.69	0.133
669.88	0.133
670.07	0.134
670.26	0.133
670.44	0.133
670.63	0.133
670.82	0.134
671.01	0.134
671.20	0.133
671.39	0.133
671.58	0.133
671.77	0.133
671.96	0.134
672.15	0.134
672.34	0.134
672.53	0.133
672.72	0.134
672.91	0.134
673.09	0.134
673.28	0.134
673.47	0.134
673.66	0.134
673.85	0.134
674.04	0.134
674.23	0.134
674.42	0.134
674.61	0.134
674.80	0.134
674.98	0.133
675.17	0.134
675.36	0.134
675.55	0.134
675.74	0.133
675.93	0.133
676.12	0.133
676.31	0.133
676.50	0.134
676.69	0.134
676.87	0.133
677.06	0.134
677.25	0.133
677.44	0.134
677.63	0.133
677.82	0.133
678.01	0.134
678.20	0.134
678.38	0.134
678.57	0.134
678.76	0.134
678.95	0.134
679.14	0.134
679.33	0.134
679.52	0.134
679.71	0.134
679.89	0.134
680.08	0.134
680.27	0.134
680.46	0.134
680.65	0.134
680.84	0.134
681.02	0.134
681.21	0.134
681.40	0.133
681.59	0.134
681.78	0.134
681.97	0.134
682.16	0.135
682.34	0.134
682.53	0.134
682.72	0.134
682.91	0.133
683.10	0.134
683.29	0.134
683.47	0.134
683.66	0.133
683.85	0.133
684.04	0.133
684.23	0.133
684.42	0.133
684.60	0.133
684.79	0.133
684.98	0.133
685.17	0.133
685.36	0.133
685.54	0.133
685.73	0.133
685.92	0.133
686.11	0.133
686.30	0.133
686.49	0.133
686.67	0.134
686.86	0.134
687.05	0.134
687.24	0.134
687.43	0.134
687.61	0.134
687.80	0.134
687.99	0.134
688.18	0.134
688.36	0.133
688.55	0.133
688.74	0.134
688.93	0.133
689.12	0.133
689.30	0.133
689.49	0.133
689.68	0.133
689.87	0.134
690.06	0.133
690.24	0.134
690.43	0.133
690.62	0.133
690.81	0.133
690.99	0.133
691.18	0.133
691.37	0.133
691.56	0.134
691.74	0.134
691.93	0.134
692.12	0.134
692.31	0.134
692.50	0.133
692.68	0.133
692.87	0.133
693.06	0.133
693.25	0.133
693.43	0.132
693.62	0.133
693.81	0.133
694.00	0.133
694.18	0.133
694.37	0.134
694.56	0.133
694.74	0.133
694.93	0.133
695.12	0.133
695.31	0.133
695.49	0.133
695.68	0.133
695.87	0.133
696.06	0.133
696.24	0.133
696.43	0.133
696.62	0.133
696.80	0.133
696.99	0.133
697.18	0.133
697.37	0.132
697.55	0.132
697.74	0.133
697.93	0.132
698.12	0.132
698.30	0.133
698.49	0.133
698.68	0.133
698.86	0.133
699.05	0.134
699.24	0.134
699.42	0.133
699.61	0.134
699.80	0.134
699.99	0.134
700.17	0.134
700.36	0.134
700.55	0.134
700.73	0.134
700.92	0.134
701.11	0.134
701.29	0.134
701.48	0.134
701.67	0.133
701.85	0.134
702.04	0.134
702.23	0.134
702.41	0.133
702.60	0.133
702.79	0.134
702.97	0.134
703.16	0.134
703.35	0.134
703.53	0.134
703.72	0.134
703.91	0.134
704.09	0.134
704.28	0.134
704.47	0.133
704.65	0.133
704.84	0.133
705.03	0.133
705.21	0.133
705.40	0.133
705.59	0.133
705.77	0.133
705.96	0.133
706.15	0.133
706.33	0.133
706.52	0.133
706.71	0.133
706.89	0.132
707.08	0.133
707.26	0.132
707.45	0.132
707.64	0.132
707.82	0.132
708.01	0.132
708.20	0.132
708.38	0.132
708.57	0.132
708.75	0.132
708.94	0.132
709.13	0.133
709.31	0.133
709.50	0.133
709.69	0.134
709.87	0.134
710.06	0.134
710.24	0.134
710.43	0.134
710.62	0.134
710.80	0.134
710.99	0.134
711.17	0.133
711.36	0.133
711.55	0.133
711.73	0.134
711.92	0.134
712.10	0.134
712.29	0.133
712.48	0.134
712.66	0.134
712.85	0.134
713.03	0.134
713.22	0.133
713.40	0.133
713.59	0.133
713.78	0.133
713.96	0.133
714.15	0.133
714.33	0.133
714.52	0.133
714.71	0.133
714.89	0.133
715.08	0.133
715.26	0.132
715.45	0.132
715.63	0.133
715.82	0.133
716.00	0.133
716.19	0.133
716.38	0.133
716.56	0.133
716.75	0.133
716.93	0.133
717.12	0.133
717.30	0.133
717.49	0.133
717.67	0.133
717.86	0.133
718.05	0.132
718.23	0.132
718.42	0.132
718.60	0.132
718.79	0.133
718.97	0.133
719.16	0.132
719.34	0.132
719.53	0.132
719.71	0.133
719.90	0.133
720.08	0.133
720.27	0.133
720.45	0.133
720.64	0.133
720.83	0.133
721.01	0.133
721.20	0.133
721.38	0.133
721.57	0.133
721.75	0.133
721.94	0.133
722.12	0.133
722.31	0.133
722.49	0.133
722.68	0.133
722.86	0.133
723.05	0.134
723.23	0.133
723.42	0.134
723.60	0.134
723.79	0.134
723.97	0.134
724.16	0.135
724.34	0.134
724.53	0.134
724.71	0.134
724.90	0.134
725.08	0.134
725.27	0.133
725.45	0.133
725.64	0.133
725.82	0.133
726.00	0.133
726.19	0.133
726.37	0.133
726.56	0.133
726.74	0.133
726.93	0.134
727.11	0.134
727.30	0.133
727.48	0.133
727.67	0.133
727.85	0.133
728.04	0.133
728.22	0.133
728.40	0.133
728.59	0.133
728.77	0.133
728.96	0.133
729.14	0.133
729.33	0.133
729.51	0.133
729.70	0.133
729.88	0.133
730.07	0.132
730.25	0.132
730.43	0.132
730.62	0.133
730.80	0.133
730.99	0.133
731.17	0.133
731.36	0.133
731.54	0.133
731.72	0.133
731.91	0.133
732.09	0.133
732.28	0.133
732.46	0.133
732.65	0.133
732.83	0.133
733.01	0.134
733.20	0.134
733.38	0.133
733.57	0.133
733.75	0.133
733.93	0.133
734.12	0.133
734.30	0.133
734.49	0.133
734.67	0.133
734.85	0.133
735.04	0.133
735.22	0.133
735.41	0.133
735.59	0.133
735.77	0.133
735.96	0.133
736.14	0.133
736.33	0.133
736.51	0.133
736.69	0.134
736.88	0.134
737.06	0.134
737.25	0.134
737.43	0.134
737.61	0.134
737.80	0.134
737.98	0.134
738.16	0.134
738.35	0.133
738.53	0.133
738.71	0.133
738.90	0.132
739.08	0.132
739.27	0.133
739.45	0.133
739.63	0.132
739.82	0.132
740.00	0.132
740.18	0.133
740.37	0.133
740.55	0.133
740.73	0.133
740.92	0.133
741.10	0.133
741.28	0.133
741.47	0.133
741.65	0.133
741.83	0.134
742.02	0.133
742.20	0.133
742.38	0.134
742.57	0.134
742.75	0.134
742.93	0.134
743.12	0.134
743.30	0.134
743.48	0.134
743.67	0.134
743.85	0.134
744.03	0.134
744.22	0.133
744.40	0.133
744.58	0.133
744.77	0.133
744.95	0.133
745.13	0.133
745.32	0.133
745.50	0.133
745.68	0.134
745.87	0.134
746.05	0.134
746.23	0.133
746.41	0.134
746.60	0.134
746.78	0.134
746.96	0.134
747.15	0.134
747.33	0.134
747.51	0.133
747.70	0.134
747.88	0.134
748.06	0.133
748.24	0.133
748.43	0.133
748.61	0.133
748.79	0.133
748.97	0.133
749.16	0.133
749.34	0.133
749.52	0.133
749.71	0.134
749.89	0.134
750.07	0.134
750.25	0.133
750.44	0.134
750.62	0.134
750.80	0.134
750.98	0.134
751.17	0.134
751.35	0.134
751.53	0.135
751.71	0.135
751.90	0.135
752.08	0.135
752.26	0.135
752.44	0.134
752.63	0.134
752.81	0.134
752.99	0.134
753.17	0.134
753.36	0.134
753.54	0.134
753.72	0.134
753.90	0.134
754.09	0.134
754.27	0.134
754.45	0.134
754.63	0.134
754.82	0.134
755.00	0.134
755.18	0.134
755.36	0.133
755.54	0.133
755.73	0.133
755.91	0.133
756.09	0.133
756.27	0.133
756.45	0.133
756.64	0.133
756.82	0.134
757.00	0.134
757.18	0.134
757.37	0.134
757.55	0.134
757.73	0.134
757.91	0.135
758.09	0.134
758.27	0.134
758.46	0.135
758.64	0.135
758.82	0.135
759.00	0.135
759.18	0.135
759.37	0.134
759.55	0.134
759.73	0.134
759.91	0.134
760.09	0.134
760.28	0.134
760.46	0.134
760.64	0.134
760.82	0.134
761.00	0.134
761.18	0.134
761.37	0.134
761.55	0.134
761.73	0.134
761.91	0.134
762.09	0.134
762.27	0.134
762.46	0.134
762.64	0.134
762.82	0.134
763.00	0.134
763.18	0.134
763.36	0.134
763.54	0.134
763.73	0.134
763.91	0.134
764.09	0.134
764.27	0.133
764.45	0.133
764.63	0.133
764.81	0.133
765.00	0.133
765.18	0.133
765.36	0.132
765.54	0.133
765.72	0.133
765.90	0.133
766.08	0.133
766.27	0.133
766.45	0.133
766.63	0.133
766.81	0.133
766.99	0.133
767.17	0.133
767.35	0.133
767.53	0.133
767.71	0.133
767.90	0.133
768.08	0.133
768.26	0.132
768.44	0.132
768.62	0.132
768.80	0.132
768.98	0.133
769.16	0.132
769.34	0.132
769.52	0.132
769.71	0.132
769.89	0.132
770.07	0.132
770.25	0.132
770.43	0.132
770.61	0.132
770.79	0.132
770.97	0.133
771.15	0.133
771.33	0.133
771.51	0.133
771.69	0.133
771.88	0.133
772.06	0.133
772.24	0.133
772.42	0.133
772.60	0.133
772.78	0.133
772.96	0.133
773.14	0.133
773.32	0.133
773.50	0.134
773.68	0.134
773.86	0.134
774.04	0.133
774.22	0.134
774.40	0.134
774.58	0.134
774.77	0.134
774.95	0.134
775.13	0.134
775.31	0.133
775.49	0.133
775.67	0.134
775.85	0.134
776.03	0.134
776.21	0.133
776.39	0.133
776.57	0.133
776.75	0.133
776.93	0.133
777.11	0.133
777.29	0.133
777.47	0.133
777.65	0.133
777.83	0.133
778.01	0.133
778.19	0.133
778.37	0.133
778.55	0.132
778.73	0.132
778.91	0.132
779.09	0.132
779.27	0.132
779.45	0.132
779.63	0.132
779.81	0.132
779.99	0.132
780.17	0.132
780.35	0.132
780.53	0.133
780.71	0.133
780.89	0.133
781.07	0.132
781.25	0.132
781.43	0.133
781.61	0.132
781.79	0.133
781.97	0.133
782.15	0.133
782.33	0.133
782.51	0.133
782.69	0.133
782.87	0.133
783.05	0.133
783.23	0.134
783.41	0.134
783.59	0.134
783.77	0.133
783.95	0.133
784.13	0.133
784.31	0.134
784.49	0.133
784.67	0.133
784.85	0.133
785.03	0.133
785.21	0.133
785.38	0.134
785.56	0.133
785.74	0.133
785.92	0.133
786.10	0.134
786.28	0.133
786.46	0.133
786.64	0.133
786.82	0.133
787.00	0.132
787.18	0.133
787.36	0.133
787.54	0.133
787.72	0.134
787.90	0.134
788.08	0.135
788.25	0.135
788.43	0.135
788.61	0.135
788.79	0.135
788.97	0.135
789.15	0.135
789.33	0.135
789.51	0.134
789.69	0.134
789.87	0.134
790.05	0.134
790.23	0.134
790.40	0.134
790.58	0.134
790.76	0.134
790.94	0.134
791.12	0.134
791.30	0.134
791.48	0.134
791.66	0.134
791.84	0.134
792.02	0.134
792.19	0.134
792.37	0.134
792.55	0.135
792.73	0.134
792.91	0.134
793.09	0.134
793.27	0.134
793.45	0.134
793.63	0.134
793.80	0.134
793.98	0.134
794.16	0.134
794.34	0.134
794.52	0.134
794.70	0.134
794.88	0.134
795.05	0.135
795.23	0.136
795.41	0.136
795.59	0.135
795.77	0.135
795.95	0.136
796.13	0.136
796.30	0.136
796.48	0.135
796.66	0.135
796.84	0.135
797.02	0.135
797.20	0.136
797.38	0.136
797.55	0.135
797.73	0.135
797.91	0.135
798.09	0.136
798.27	0.135
798.45	0.135
798.62	0.135
798.80	0.135
798.98	0.135
799.16	0.135
799.34	0.136
799.52	0.136
799.69	0.136
799.87	0.136
800.05	0.136
800.23	0.136
800.41	0.136
800.58	0.136
800.76	0.136
800.94	0.136
801.12	0.136
801.30	0.136
801.47	0.136
801.65	0.136
801.83	0.136
802.01	0.137
802.19	0.137
802.36	0.137
802.54	0.137
802.72	0.137
802.90	0.137
803.08	0.137
803.25	0.137
803.43	0.137
803.61	0.137
803.79	0.137
803.97	0.137
804.14	0.137
804.32	0.137
804.50	0.138
804.68	0.138
804.85	0.138
805.03	0.138
805.21	0.138
805.39	0.137
805.56	0.137
805.74	0.137
805.92	0.137
806.10	0.136
806.28	0.136
806.45	0.137
806.63	0.137
806.81	0.137
806.99	0.137
807.16	0.138
807.34	0.138
807.52	0.137
807.70	0.137
807.87	0.138
808.05	0.138
808.23	0.138
808.41	0.138
808.58	0.138
808.76	0.139
808.94	0.139
809.11	0.140
809.29	0.140
809.47	0.140
809.65	0.140
809.82	0.140
810.00	0.139
810.18	0.139
810.36	0.138
810.53	0.138
810.71	0.138
810.89	0.138
811.06	0.138
811.24	0.139
811.42	0.138
811.60	0.138
811.77	0.138
811.95	0.139
812.13	0.139
812.30	0.139
812.48	0.139
812.66	0.138
812.83	0.138
813.01	0.138
813.19	0.139
813.37	0.139
813.54	0.139
813.72	0.139
813.90	0.140
814.07	0.140
814.25	0.140
814.43	0.140
814.60	0.139
814.78	0.140
814.96	0.139
815.13	0.140
815.31	0.139
815.49	0.140
815.66	0.140
815.84	0.141
816.02	0.141
816.19	0.142
816.37	0.142
816.55	0.142
816.72	0.142
816.90	0.141
817.08	0.141
817.25	0.140
817.43	0.140
817.61	0.140
817.78	0.139
817.96	0.139
818.14	0.139
818.31	0.138
818.49	0.139
818.67	0.140
818.84	0.140
819.02	0.141
819.19	0.140
819.37	0.141
819.55	0.141
819.72	0.142
819.90	0.142
820.08	0.142
820.25	0.142
820.43	0.142
820.60	0.142
820.78	0.142
820.96	0.142
821.13	0.142
821.31	0.142
821.49	0.142
821.66	0.143
821.84	0.142
822.01	0.142
822.19	0.141
822.37	0.141
822.54	0.141
822.72	0.141
822.89	0.140
823.07	0.140
823.25	0.140
823.42	0.140
823.60	0.140
823.77	0.141
823.95	0.141
824.13	0.141
824.30	0.141
824.48	0.141
824.65	0.142
824.83	0.142
825.01	0.142
825.18	0.142
825.36	0.142
825.53	0.141
825.71	0.142
825.88	0.142
826.06	0.142
826.24	0.141
826.41	0.141
826.59	0.141
826.76	0.142
826.94	0.142
827.11	0.142
827.29	0.141
827.47	0.141
827.64	0.141
827.82	0.141
827.99	0.141
828.17	0.141
828.34	0.141
828.52	0.141
828.69	0.141
828.87	0.141
829.04	0.141
829.22	0.142
829.40	0.142
829.57	0.143
829.75	0.143
829.92	0.144
830.10	0.144
830.27	0.144
830.45	0.144
830.62	0.144
830.80	0.144
830.97	0.144
831.15	0.144
831.32	0.144
831.50	0.143
831.67	0.144
831.85	0.143
832.02	0.143
832.20	0.143
832.37	0.143
832.55	0.143
832.73	0.142
832.90	0.143
833.08	0.143
833.25	0.143
833.43	0.144
833.60	0.144
833.78	0.144
833.95	0.144
834.13	0.144
834.30	0.144
834.48	0.144
834.65	0.144
834.82	0.144
835.00	0.144
835.17	0.145
835.35	0.145
835.52	0.145
835.70	0.145
835.87	0.145
836.05	0.146
836.22	0.146
836.40	0.145
836.57	0.145
836.75	0.145
836.92	0.145
837.10	0.145
837.27	0.145
837.45	0.145
837.62	0.145
837.80	0.145
837.97	0.145
838.14	0.145
838.32	0.146
838.49	0.146
838.67	0.146
838.84	0.146
839.02	0.145
839.19	0.144
839.37	0.144
839.54	0.145
839.71	0.145
839.89	0.145
840.06	0.145
840.24	0.145
840.41	0.145
840.59	0.146
840.76	0.146
840.94	0.146
841.11	0.146
841.28	0.146
841.46	0.146
841.63	0.147
841.81	0.147
841.98	0.147
842.15	0.147
842.33	0.147
842.50	0.147
842.68	0.146
842.85	0.146
843.03	0.146
843.20	0.145
843.37	0.145
843.55	0.144
843.72	0.144
843.90	0.145
844.07	0.145
844.24	0.145
844.42	0.145
844.59	0.145
844.77	0.145
844.94	0.145
845.11	0.145
845.29	0.145
845.46	0.145
845.63	0.145
845.81	0.146
845.98	0.145
846.16	0.145
846.33	0.145
846.50	0.146
846.68	0.145
846.85	0.145
847.02	0.145
847.20	0.145
847.37	0.145
847.55	0.145
847.72	0.145
847.89	0.145
848.07	0.145
848.24	0.145
848.41	0.146
848.59	0.145
848.76	0.145
848.93	0.145
849.11	0.145
849.28	0.145
849.45	0.145
849.63	0.145
849.80	0.146
849.97	0.146
850.15	0.146
850.32	0.146
850.49	0.146
850.67	0.146
850.84	0.146
851.01	0.146
851.19	0.145
851.36	0.145
851.53	0.145
851.71	0.145
851.88	0.145
852.05	0.146
852.23	0.146
852.40	0.146
852.57	0.147
852.75	0.148
852.92	0.147
853.09	0.148
853.27	0.148
853.44	0.148
853.61	0.148
853.79	0.147
853.96	0.147
854.13	0.147
854.30	0.147
854.48	0.147
854.65	0.146
854.82	0.146
855.00	0.146
855.17	0.146
855.34	0.147
855.51	0.147
855.69	0.147
855.86	0.147
856.03	0.147
856.21	0.147
856.38	0.147
856.55	0.147
856.72	0.147
856.90	0.147
857.07	0.147
857.24	0.147
857.42	0.147
857.59	0.147
857.76	0.147
857.93	0.147
858.11	0.147
858.28	0.147
858.45	0.148
858.62	0.148
858.80	0.147
858.97	0.147
859.14	0.147
859.31	0.148
859.49	0.148
859.66	0.148
859.83	0.148
860.00	0.148
860.18	0.148
860.35	0.148
860.52	0.148
860.69	0.149
860.86	0.148
861.04	0.148
861.21	0.148
861.38	0.148
861.55	0.147
861.73	0.148
861.90	0.148
862.07	0.148
862.24	0.148
862.42	0.148
862.59	0.147
862.76	0.148
862.93	0.149
863.10	0.149
863.28	0.149
863.45	0.149
863.62	0.149
863.79	0.149
863.96	0.150
864.14	0.150
864.31	0.150
864.48	0.150
864.65	0.150
864.82	0.150
865.00	0.151
865.17	0.151
865.34	0.151
865.51	0.151
865.68	0.151
865.86	0.150
866.03	0.150
866.20	0.150
866.37	0.151
866.54	0.151
866.71	0.151
866.89	0.151
867.06	0.151
867.23	0.151
867.40	0.151
867.57	0.151
867.74	0.151
867.92	0.151
868.09	0.151
868.26	0.150
868.43	0.150
868.60	0.150
868.77	0.150
868.95	0.149
869.12	0.149
869.29	0.149
869.46	0.149
869.63	0.149
869.80	0.150
869.97	0.150
870.15	0.150
870.32	0.149
870.49	0.150
870.66	0.151
870.83	0.151
871.00	0.150
871.17	0.150
871.34	0.150
871.52	0.150
871.69	0.150
871.86	0.150
872.03	0.150
872.20	0.150
872.37	0.149
872.54	0.150
872.71	0.150
872.89	0.150
873.06	0.150
873.23	0.150
873.40	0.150
873.57	0.151
873.74	0.151
873.91	0.151
874.08	0.151
874.25	0.152
874.42	0.153
874.60	0.153
874.77	0.153
874.94	0.152
875.11	0.152
875.28	0.151
875.45	0.151
875.62	0.151
875.79	0.151
875.96	0.150
876.13	0.150
876.30	0.150
876.47	0.150
876.65	0.151
876.82	0.151
876.99	0.151
877.16	0.151
877.33	0.151
877.50	0.151
877.67	0.151
877.84	0.151
878.01	0.151
878.18	0.150
878.35	0.151
878.52	0.152
878.69	0.151
878.86	0.151
879.03	0.151
879.20	0.151
879.38	0.151
879.55	0.151
879.72	0.151
879.89	0.151
880.06	0.151
880.23	0.152
880.40	0.153
880.57	0.154
880.74	0.154
880.91	0.154
881.08	0.154
881.25	0.154
881.42	0.154
881.59	0.154
881.76	0.154
881.93	0.154
882.10	0.154
882.27	0.153
882.44	0.152
882.61	0.153
882.78	0.152
882.95	0.152
883.12	0.152
883.29	0.152
883.46	0.152
883.63	0.152
883.80	0.151
883.97	0.151
884.14	0.151
884.31	0.152
884.48	0.152
884.65	0.152
884.82	0.151
884.99	0.152
885.16	0.152
885.33	0.153
885.50	0.153
885.67	0.152
885.84	0.152
886.01	0.151
886.18	0.151
886.35	0.150
886.52	0.150
886.69	0.149
886.86	0.150
887.03	0.150
887.20	0.150
887.37	0.150
887.54	0.150
887.71	0.150
887.88	0.150
888.05	0.150
888.22	0.151
888.39	0.149
888.55	0.149
888.72	0.149
888.89	0.150
889.06	0.150
889.23	0.150
889.40	0.151
889.57	0.151
889.74	0.151
889.91	0.153
890.08	0.153
890.25	0.152
890.42	0.152
890.59	0.150
890.76	0.150
890.93	0.148
891.10	0.149
891.26	0.149
891.43	0.147
891.60	0.148
891.77	0.148
891.94	0.149
892.11	0.150
892.28	0.150
892.45	0.151
892.62	0.150
892.79	0.150
892.96	0.150
893.13	0.148
893.29	0.149
893.46	0.148
893.63	0.148
893.80	0.147
893.97	0.148
894.14	0.148
894.31	0.148
894.48	0.150
894.65	0.150
894.81	0.152
894.98	0.148
