177.34	-0.000
177.56	-0.000
177.78	-0.000
178.00	-0.000
178.22	0.369
178.44	0.198
178.66	0.143
178.89	0.113
179.11	0.247
179.33	0.166
179.55	-0.300
179.77	-0.545
179.99	0.231
180.21	0.057
180.43	0.489
180.65	0.399
180.87	0.320
181.09	0.479
181.31	0.472
181.53	0.381
181.75	0.372
181.97	0.483
182.19	0.430
182.41	0.419
182.63	0.485
182.85	0.539
183.07	0.535
183.30	0.435
183.52	0.486
183.74	0.520
183.96	0.497
184.18	0.559
184.40	0.574
184.62	0.541
184.84	0.520
185.06	0.526
185.28	0.657
185.50	0.769
185.72	0.711
185.94	0.716
186.16	0.712
186.38	0.685
186.60	0.673
186.82	0.767
187.04	0.768
187.26	0.749
187.48	0.703
187.70	0.752
187.92	0.771
188.14	0.822
188.36	0.848
188.58	0.900
188.80	0.882
189.02	0.944
189.24	0.969
189.46	1.024
189.68	1.028
189.90	1.115
190.12	1.149
190.34	1.178
190.56	1.202
190.78	1.222
191.00	1.172
191.22	1.172
191.44	1.198
191.66	1.232
191.88	1.224
192.10	1.231
192.32	1.263
192.54	1.286
192.76	1.314
192.98	1.347
193.20	1.383
193.42	1.334
193.64	1.364
193.86	1.374
194.08	1.366
194.30	1.386
194.52	1.383
194.74	1.388
194.96	1.402
195.18	1.409
195.40	1.509
195.62	1.426
195.84	1.422
196.06	1.420
196.28	1.451
196.50	1.456
196.72	1.445
196.94	1.472
197.16	1.470
197.38	1.437
197.60	1.498
197.82	1.519
198.04	1.482
198.26	1.466
198.48	1.480
198.70	1.518
198.92	1.521
199.13	1.543
199.35	1.572
199.57	1.606
199.79	1.570
200.01	1.672
200.23	1.668
200.45	1.666
200.67	1.690
200.89	1.742
201.11	1.744
201.33	1.757
201.55	1.765
201.77	1.843
201.99	1.813
202.21	1.788
202.43	1.869
202.65	1.841
202.87	1.829
203.09	1.858
203.31	1.839
203.52	1.803
203.74	1.848
203.96	1.849
204.18	1.907
204.40	1.879
204.62	1.907
204.84	1.888
205.06	1.936
205.28	1.894
205.50	1.969
205.72	1.887
205.94	1.918
206.16	1.894
206.38	1.869
206.59	1.918
206.81	1.907
207.03	1.923
207.25	1.969
207.47	1.936
207.69	1.980
207.91	1.939
208.13	1.952
208.35	1.967
208.57	1.956
208.79	1.932
209.01	1.881
209.22	1.892
209.44	1.903
209.66	1.892
209.88	1.932
210.10	1.959
210.32	1.991
210.54	1.971
210.76	2.022
210.98	2.017
211.20	2.024
211.42	2.016
211.63	2.040
211.85	2.044
212.07	2.062
212.29	2.037
212.51	2.050
212.73	2.063
212.95	2.088
213.17	2.109
213.39	2.103
213.60	2.082
213.82	2.118
214.04	2.126
214.26	2.208
214.48	2.257
214.70	2.253
214.92	2.267
215.14	2.277
215.35	2.292
215.57	2.355
215.79	2.306
216.01	2.290
216.23	2.226
216.45	2.181
216.67	2.174
216.89	2.184
217.10	2.149
217.32	2.145
217.54	2.139
217.76	2.147
217.98	2.151
218.20	2.147
218.42	2.159
218.64	2.181
218.85	2.192
219.07	2.258
219.29	2.288
219.51	2.301
219.73	2.274
219.95	2.314
220.17	2.361
220.38	2.350
220.60	2.380
220.82	2.404
221.04	2.334
221.26	2.312
221.48	2.299
221.69	2.330
221.91	2.284
222.13	2.267
222.35	2.256
222.57	2.251
222.79	2.268
223.00	2.273
223.22	2.285
223.44	2.324
223.66	2.338
223.88	2.312
224.10	2.331
224.32	2.383
224.53	2.351
224.75	2.348
224.97	2.360
225.19	2.400
225.41	2.393
225.62	2.397
225.84	2.432
226.06	2.404
226.28	2.418
226.50	2.484
226.72	2.440
226.93	2.451
227.15	2.411
227.37	2.389
227.59	2.372
227.81	2.391
228.02	2.410
228.24	2.379
228.46	2.359
228.68	2.394
228.90	2.375
229.12	2.403
229.33	2.399
229.55	2.396
229.77	2.379
229.99	2.348
230.21	2.363
230.42	2.342
230.64	2.329
230.86	2.343
231.08	2.341
231.30	2.354
231.51	2.367
231.73	2.344
231.95	2.354
232.17	2.329
232.38	2.330
232.60	2.292
232.82	2.280
233.04	2.256
233.26	2.229
233.47	2.201
233.69	2.188
233.91	2.177
234.13	2.161
234.35	2.136
234.56	2.125
234.78	2.120
235.00	2.115
235.22	2.101
235.43	2.101
235.65	2.097
235.87	2.080
236.09	2.066
236.30	2.060
236.52	2.055
236.74	2.028
236.96	2.008
237.18	2.001
237.39	1.987
237.61	1.976
237.83	1.972
238.05	1.970
238.26	1.962
238.48	1.955
238.70	1.952
238.92	1.944
239.13	1.924
239.35	1.909
239.57	1.900
239.79	1.892
240.00	1.875
240.22	1.864
240.44	1.851
240.66	1.838
240.87	1.831
241.09	1.827
241.31	1.813
241.53	1.802
241.74	1.790
241.96	1.782
242.18	1.772
242.40	1.766
242.61	1.762
242.83	1.750
243.05	1.738
243.27	1.737
243.48	1.736
243.70	1.727
243.92	1.725
244.13	1.721
244.35	1.716
244.57	1.708
244.79	1.701
245.00	1.702
245.22	1.696
245.44	1.688
245.65	1.683
245.87	1.678
246.09	1.675
246.31	1.667
246.52	1.662
246.74	1.663
246.96	1.657
247.18	1.656
247.39	1.653
247.61	1.650
247.83	1.642
248.04	1.638
248.26	1.636
248.48	1.634
248.69	1.629
248.91	1.624
249.13	1.621
249.35	1.615
249.56	1.613
249.78	1.610
250.00	1.606
250.21	1.606
250.43	1.603
250.65	1.603
250.86	1.599
251.08	1.596
251.30	1.596
251.51	1.591
251.73	1.589
251.95	1.584
252.17	1.580
252.38	1.578
252.60	1.573
252.82	1.574
253.03	1.570
253.25	1.566
253.47	1.566
253.68	1.567
253.90	1.563
254.12	1.562
254.33	1.559
254.55	1.560
254.77	1.560
254.98	1.555
255.20	1.553
255.42	1.551
255.63	1.548
255.85	1.550
256.07	1.546
256.28	1.547
256.50	1.542
256.72	1.536
256.93	1.540
257.15	1.538
257.37	1.538
257.58	1.537
257.80	1.534
258.02	1.533
258.23	1.529
258.45	1.527
258.67	1.530
258.88	1.528
259.10	1.529
259.32	1.525
259.53	1.521
259.75	1.522
259.96	1.521
260.18	1.522
260.40	1.524
260.61	1.520
260.83	1.518
261.05	1.517
261.26	1.517
261.48	1.517
261.70	1.512
261.91	1.509
262.13	1.504
262.34	1.498
262.56	1.497
262.78	1.494
262.99	1.487
263.21	1.485
263.43	1.483
263.64	1.482
263.86	1.482
264.07	1.482
264.29	1.484
264.51	1.481
264.72	1.481
264.94	1.482
265.16	1.481
265.37	1.481
265.59	1.482
265.80	1.482
266.02	1.480
266.24	1.478
266.45	1.477
266.67	1.473
266.88	1.471
267.10	1.466
267.32	1.462
267.53	1.459
267.75	1.453
267.96	1.453
268.18	1.450
268.40	1.449
268.61	1.446
268.83	1.442
269.04	1.441
269.26	1.439
269.48	1.437
269.69	1.434
269.91	1.429
270.12	1.424
270.34	1.420
270.56	1.420
270.77	1.420
270.99	1.418
271.20	1.415
271.42	1.413
271.64	1.410
271.85	1.407
272.07	1.405
272.28	1.400
272.50	1.396
272.71	1.392
272.93	1.392
273.15	1.387
273.36	1.383
273.58	1.380
273.79	1.376
274.01	1.373
274.22	1.371
274.44	1.368
274.66	1.363
274.87	1.356
275.09	1.353
275.30	1.348
275.52	1.344
275.73	1.340
275.95	1.336
276.16	1.331
276.38	1.326
276.60	1.322
276.81	1.320
277.03	1.315
277.24	1.311
277.46	1.307
277.67	1.304
277.89	1.299
278.10	1.295
278.32	1.288
278.53	1.283
278.75	1.277
278.97	1.274
279.18	1.271
279.40	1.265
279.61	1.258
279.83	1.255
280.04	1.250
280.26	1.247
280.47	1.242
280.69	1.236
280.90	1.231
281.12	1.227
281.33	1.222
281.55	1.218
281.76	1.211
281.98	1.207
282.20	1.200
282.41	1.193
282.63	1.188
282.84	1.183
283.06	1.177
283.27	1.172
283.49	1.165
283.70	1.159
283.92	1.151
284.13	1.143
284.35	1.139
284.56	1.132
284.78	1.124
284.99	1.116
285.21	1.108
285.42	1.103
285.64	1.096
285.85	1.090
286.07	1.085
286.28	1.078
286.50	1.073
286.71	1.065
286.93	1.058
287.14	1.053
287.36	1.045
287.57	1.039
287.79	1.031
288.00	1.024
288.22	1.017
288.43	1.009
288.65	1.003
288.86	0.997
289.08	0.989
289.29	0.983
289.51	0.976
289.72	0.969
289.94	0.963
290.15	0.956
290.37	0.950
290.58	0.943
290.80	0.935
291.01	0.929
291.22	0.922
291.44	0.917
291.65	0.911
291.87	0.905
292.08	0.899
292.30	0.893
292.51	0.888
292.73	0.883
292.94	0.878
293.16	0.873
293.37	0.867
293.59	0.861
293.80	0.854
294.02	0.849
294.23	0.843
294.44	0.838
294.66	0.833
294.87	0.827
295.09	0.820
295.30	0.815
295.52	0.810
295.73	0.805
295.95	0.799
296.16	0.795
296.37	0.789
296.59	0.784
296.80	0.778
297.02	0.773
297.23	0.768
297.45	0.764
297.66	0.759
297.88	0.753
298.09	0.748
298.30	0.743
298.52	0.739
298.73	0.734
298.95	0.730
299.16	0.726
299.38	0.722
299.59	0.717
299.80	0.714
300.02	0.709
300.23	0.704
300.45	0.700
300.66	0.696
300.88	0.691
301.09	0.687
301.30	0.682
301.52	0.678
301.73	0.673
301.95	0.670
302.16	0.666
302.37	0.661
302.59	0.657
302.80	0.654
303.02	0.651
303.23	0.647
303.45	0.644
303.66	0.640
303.87	0.636
304.09	0.632
304.30	0.628
304.52	0.625
304.73	0.621
304.94	0.617
305.16	0.615
305.37	0.611
305.59	0.608
305.80	0.605
306.01	0.602
306.23	0.599
306.44	0.596
306.65	0.593
306.87	0.589
307.08	0.586
307.30	0.583
307.51	0.580
307.72	0.577
307.94	0.574
308.15	0.572
308.37	0.569
308.58	0.566
308.79	0.563
309.01	0.560
309.22	0.557
309.43	0.554
309.65	0.551
309.86	0.547
310.07	0.544
310.29	0.541
310.50	0.538
310.72	0.535
310.93	0.532
311.14	0.529
311.36	0.526
311.57	0.523
311.78	0.520
312.00	0.518
312.21	0.515
312.42	0.513
312.64	0.510
312.85	0.508
313.07	0.505
313.28	0.502
313.49	0.499
313.71	0.498
313.92	0.495
314.13	0.493
314.35	0.490
314.56	0.488
314.77	0.486
314.99	0.484
315.20	0.481
315.41	0.479
315.63	0.476
315.84	0.473
316.05	0.471
316.27	0.469
316.48	0.466
316.69	0.464
316.91	0.461
317.12	0.458
317.33	0.456
317.55	0.454
317.76	0.452
317.97	0.450
318.19	0.448
318.40	0.446
318.61	0.444
318.83	0.442
319.04	0.440
319.25	0.438
319.47	0.436
319.68	0.434
319.89	0.432
320.10	0.429
320.32	0.427
320.53	0.424
320.74	0.422
320.96	0.421
321.17	0.419
321.38	0.417
321.60	0.414
321.81	0.412
322.02	0.410
322.24	0.408
322.45	0.406
322.66	0.404
322.87	0.401
323.09	0.399
323.30	0.397
323.51	0.395
323.73	0.393
323.94	0.391
324.15	0.389
324.36	0.388
324.58	0.386
324.79	0.384
325.00	0.383
325.22	0.380
325.43	0.379
325.64	0.377
325.85	0.375
326.07	0.374
326.28	0.371
326.49	0.369
326.71	0.367
326.92	0.365
327.13	0.364
327.34	0.363
327.56	0.360
327.77	0.359
327.98	0.357
328.19	0.355
328.41	0.353
328.62	0.352
328.83	0.351
329.04	0.349
329.26	0.346
329.47	0.345
329.68	0.343
329.90	0.341
330.11	0.339
330.32	0.338
330.53	0.336
330.75	0.334
330.96	0.333
331.17	0.331
331.38	0.330
331.60	0.328
331.81	0.326
332.02	0.325
332.23	0.324
332.44	0.322
332.66	0.322
332.87	0.320
333.08	0.319
333.29	0.317
333.51	0.315
333.72	0.315
333.93	0.313
334.14	0.312
334.36	0.310
334.57	0.308
334.78	0.306
334.99	0.304
335.21	0.303
335.42	0.302
335.63	0.300
335.84	0.298
336.05	0.296
336.27	0.295
336.48	0.294
336.69	0.293
336.90	0.292
337.11	0.289
337.33	0.288
337.54	0.286
337.75	0.285
337.96	0.284
338.18	0.283
338.39	0.281
338.60	0.279
338.81	0.278
339.02	0.278
339.24	0.276
339.45	0.275
339.66	0.273
339.87	0.272
340.08	0.271
340.30	0.270
340.51	0.269
340.72	0.268
340.93	0.266
341.14	0.264
341.36	0.263
341.57	0.261
341.78	0.260
341.99	0.259
342.20	0.258
342.41	0.257
342.63	0.255
342.84	0.254
343.05	0.253
343.26	0.252
343.47	0.251
343.69	0.250
343.90	0.248
344.11	0.247
344.32	0.246
344.53	0.245
344.74	0.244
344.96	0.243
345.17	0.241
345.38	0.240
345.59	0.238
345.80	0.237
346.01	0.235
346.23	0.234
346.44	0.233
346.65	0.231
346.86	0.230
347.07	0.229
347.28	0.228
347.50	0.227
347.71	0.225
347.92	0.225
348.13	0.224
348.34	0.223
348.55	0.222
348.76	0.221
348.98	0.220
349.19	0.219
349.40	0.219
349.61	0.218
349.82	0.217
350.03	0.216
350.24	0.215
350.46	0.213
350.67	0.212
350.88	0.211
351.09	0.210
351.30	0.209
351.51	0.207
351.72	0.206
351.93	0.205
352.15	0.205
352.36	0.204
352.57	0.203
352.78	0.201
352.99	0.200
353.20	0.199
353.41	0.199
353.62	0.198
353.84	0.197
354.05	0.196
354.26	0.195
354.47	0.194
354.68	0.193
354.89	0.192
355.10	0.191
355.31	0.190
355.52	0.189
355.74	0.188
355.95	0.187
356.16	0.185
356.37	0.184
356.58	0.183
356.79	0.181
357.00	0.181
357.21	0.180
357.42	0.179
357.63	0.178
357.85	0.177
358.06	0.176
358.27	0.176
358.48	0.175
358.69	0.174
358.90	0.173
359.11	0.171
359.32	0.171
359.53	0.170
359.74	0.168
359.95	0.167
360.17	0.166
360.38	0.165
360.59	0.165
360.80	0.163
361.01	0.163
361.22	0.162
361.43	0.161
361.64	0.160
361.85	0.160
362.06	0.159
362.27	0.159
362.48	0.158
362.69	0.157
362.90	0.155
363.12	0.155
363.33	0.154
363.54	0.153
363.75	0.152
363.96	0.151
364.17	0.150
364.38	0.150
364.59	0.149
364.80	0.149
365.01	0.148
365.22	0.147
365.43	0.146
365.64	0.145
365.85	0.144
366.06	0.143
366.27	0.143
366.48	0.142
366.69	0.141
366.90	0.140
367.11	0.139
367.32	0.139
367.54	0.138
367.75	0.138
367.96	0.137
368.17	0.136
368.38	0.135
368.59	0.134
368.80	0.133
369.01	0.132
369.22	0.131
369.43	0.131
369.64	0.130
369.85	0.129
370.06	0.128
370.27	0.127
370.48	0.127
370.69	0.126
370.90	0.126
371.11	0.125
371.32	0.124
371.53	0.123
371.74	0.122
371.95	0.122
372.16	0.121
372.37	0.121
372.58	0.120
372.79	0.119
373.00	0.118
373.21	0.117
373.42	0.117
373.63	0.116
373.84	0.116
374.05	0.115
374.26	0.115
374.47	0.114
374.68	0.114
374.89	0.113
375.10	0.114
375.31	0.113
375.52	0.112
375.73	0.112
375.94	0.112
376.15	0.110
376.36	0.110
376.57	0.109
376.78	0.108
376.99	0.107
377.20	0.107
377.41	0.106
377.62	0.105
377.83	0.104
378.04	0.103
378.25	0.103
378.46	0.102
378.67	0.102
378.88	0.101
379.09	0.101
379.30	0.101
379.51	0.100
379.72	0.099
379.92	0.099
380.13	0.099
380.34	0.098
380.55	0.097
380.76	0.096
380.97	0.095
381.18	0.095
381.39	0.094
381.60	0.094
381.81	0.093
382.02	0.092
382.23	0.092
382.44	0.092
382.65	0.092
382.86	0.091
383.07	0.090
383.28	0.090
383.49	0.089
383.70	0.089
383.91	0.089
384.11	0.088
384.32	0.088
384.53	0.087
384.74	0.087
384.95	0.087
385.16	0.086
385.37	0.086
385.58	0.086
385.79	0.086
386.00	0.085
386.21	0.085
386.42	0.084
386.63	0.084
386.84	0.083
387.04	0.082
387.25	0.082
387.46	0.081
387.67	0.081
387.88	0.080
388.09	0.080
388.30	0.079
388.51	0.079
388.72	0.078
388.93	0.078
389.14	0.078
389.34	0.077
389.55	0.077
389.76	0.077
389.97	0.076
390.18	0.075
390.39	0.075
390.60	0.075
390.81	0.074
391.02	0.074
391.23	0.074
391.43	0.074
391.64	0.073
391.85	0.073
392.06	0.073
392.27	0.072
392.48	0.072
392.69	0.072
392.90	0.071
393.11	0.070
393.31	0.069
393.52	0.069
393.73	0.069
393.94	0.069
394.15	0.068
394.36	0.068
394.57	0.067
394.78	0.067
394.98	0.067
395.19	0.067
395.40	0.067
395.61	0.067
395.82	0.067
396.03	0.067
396.24	0.067
396.44	0.066
396.65	0.066
396.86	0.066
397.07	0.065
397.28	0.065
397.49	0.064
397.70	0.064
397.90	0.063
398.11	0.062
398.32	0.062
398.53	0.061
398.74	0.061
398.95	0.061
399.16	0.060
399.36	0.060
399.57	0.060
399.78	0.060
399.99	0.060
400.20	0.060
400.41	0.059
400.61	0.059
400.82	0.059
401.03	0.058
401.24	0.058
401.45	0.057
401.66	0.057
401.86	0.057
402.07	0.057
402.28	0.057
402.49	0.057
402.70	0.056
402.91	0.056
403.11	0.056
403.32	0.056
403.53	0.055
403.74	0.055
403.95	0.054
404.15	0.054
404.36	0.054
404.57	0.054
404.78	0.054
404.99	0.054
405.20	0.053
405.40	0.052
405.61	0.052
405.82	0.051
406.03	0.051
406.24	0.051
406.44	0.050
406.65	0.050
406.86	0.050
407.07	0.050
407.28	0.051
407.48	0.051
407.69	0.051
407.90	0.051
408.11	0.051
408.32	0.050
408.52	0.050
408.73	0.050
408.94	0.049
409.15	0.048
409.35	0.048
409.56	0.048
409.77	0.049
409.98	0.049
410.19	0.049
410.39	0.049
410.60	0.048
410.81	0.049
411.02	0.048
411.22	0.047
411.43	0.047
411.64	0.046
411.85	0.046
412.05	0.046
412.26	0.046
412.47	0.045
412.68	0.046
412.89	0.046
413.09	0.046
413.30	0.045
413.51	0.045
413.72	0.044
413.92	0.044
414.13	0.044
414.34	0.044
414.55	0.043
414.75	0.043
414.96	0.043
415.17	0.043
415.38	0.043
415.58	0.043
415.79	0.042
416.00	0.042
416.21	0.041
416.41	0.041
416.62	0.041
416.83	0.040
417.03	0.040
417.24	0.040
417.45	0.040
417.66	0.040
417.86	0.040
418.07	0.040
418.28	0.040
418.49	0.040
418.69	0.040
418.90	0.040
419.11	0.041
419.31	0.041
419.52	0.041
419.73	0.040
419.94	0.040
420.14	0.040
420.35	0.040
420.56	0.040
420.76	0.040
420.97	0.039
421.18	0.039
421.39	0.038
421.59	0.038
421.80	0.038
422.01	0.038
422.21	0.037
422.42	0.037
422.63	0.037
422.84	0.037
423.04	0.037
423.25	0.037
423.46	0.037
423.66	0.037
423.87	0.037
424.08	0.037
424.28	0.038
424.49	0.037
424.70	0.037
424.90	0.037
425.11	0.037
425.32	0.037
425.52	0.037
425.73	0.037
425.94	0.037
426.15	0.036
426.35	0.036
426.56	0.036
426.77	0.036
426.97	0.035
427.18	0.035
427.39	0.035
427.59	0.035
427.80	0.035
428.01	0.035
428.21	0.035
428.42	0.035
428.63	0.036
428.83	0.036
429.04	0.036
429.25	0.035
429.45	0.035
429.66	0.035
429.87	0.034
430.07	0.034
430.28	0.034
430.48	0.033
430.69	0.032
430.90	0.032
431.10	0.032
431.31	0.033
431.52	0.033
431.72	0.032
431.93	0.032
432.14	0.032
432.34	0.032
432.55	0.033
432.76	0.032
432.96	0.031
433.17	0.031
433.37	0.031
433.58	0.030
433.79	0.030
433.99	0.030
434.20	0.030
434.41	0.030
434.61	0.030
434.82	0.030
435.02	0.030
435.23	0.030
435.44	0.030
435.64	0.030
435.85	0.030
436.06	0.030
436.26	0.030
436.47	0.030
436.67	0.030
436.88	0.030
437.09	0.030
437.29	0.029
437.50	0.030
437.70	0.030
437.91	0.029
438.12	0.029
438.32	0.029
438.53	0.029
438.73	0.029
438.94	0.029
439.15	0.029
439.35	0.029
439.56	0.029
439.76	0.028
439.97	0.028
440.18	0.028
440.38	0.028
440.59	0.028
440.79	0.028
441.00	0.028
441.20	0.028
441.41	0.027
441.62	0.028
441.82	0.028
442.03	0.027
442.23	0.027
442.44	0.027
442.65	0.027
442.85	0.026
443.06	0.026
443.26	0.026
443.47	0.026
443.67	0.026
443.88	0.026
444.09	0.026
444.29	0.026
444.50	0.027
444.70	0.027
444.91	0.027
445.11	0.026
445.32	0.026
445.52	0.026
445.73	0.026
445.94	0.025
446.14	0.025
446.35	0.025
446.55	0.025
446.76	0.025
446.96	0.025
447.17	0.025
447.37	0.025
447.58	0.026
447.78	0.025
447.99	0.025
448.20	0.025
448.40	0.025
448.61	0.025
448.81	0.025
449.02	0.025
449.22	0.025
449.43	0.025
449.63	0.024
449.84	0.024
450.04	0.024
450.25	0.024
450.45	0.023
450.66	0.024
450.86	0.023
451.07	0.023
451.27	0.023
451.48	0.023
451.68	0.023
451.89	0.023
452.09	0.023
452.30	0.023
452.50	0.023
452.71	0.023
452.91	0.023
453.12	0.022
453.33	0.022
453.53	0.022
453.74	0.022
453.94	0.022
454.15	0.022
454.35	0.022
454.56	0.022
454.76	0.022
454.96	0.022
455.17	0.022
455.37	0.022
455.58	0.021
455.78	0.022
455.99	0.022
456.19	0.021
456.40	0.021
456.60	0.021
456.81	0.022
457.01	0.022
457.22	0.022
457.42	0.022
457.63	0.022
457.83	0.022
458.04	0.022
458.24	0.022
458.45	0.022
458.65	0.022
458.86	0.021
459.06	0.022
459.27	0.022
459.47	0.022
459.67	0.022
459.88	0.021
460.08	0.021
460.29	0.021
460.49	0.021
460.70	0.021
460.90	0.021
461.11	0.021
461.31	0.020
461.52	0.020
461.72	0.020
461.92	0.020
462.13	0.020
462.33	0.020
462.54	0.020
462.74	0.020
462.95	0.020
463.15	0.020
463.36	0.021
463.56	0.022
463.76	0.021
463.97	0.021
464.17	0.022
464.38	0.022
464.58	0.022
464.79	0.021
464.99	0.022
465.19	0.021
465.40	0.020
465.60	0.020
465.81	0.019
466.01	0.019
466.22	0.019
466.42	0.019
466.62	0.019
466.83	0.019
467.03	0.020
467.24	0.021
467.44	0.020
467.65	0.020
467.85	0.019
468.05	0.019
468.26	0.020
468.46	0.019
468.67	0.019
468.87	0.019
469.07	0.018
469.28	0.019
469.48	0.020
469.69	0.020
469.89	0.020
470.09	0.020
470.30	0.021
470.50	0.020
470.71	0.020
470.91	0.020
471.11	0.020
471.32	0.019
471.52	0.018
471.72	0.018
471.93	0.018
472.13	0.018
472.34	0.018
472.54	0.018
472.74	0.018
472.95	0.018
473.15	0.018
473.35	0.018
473.56	0.018
473.76	0.018
473.97	0.019
474.17	0.018
474.37	0.018
474.58	0.018
474.78	0.018
474.98	0.018
475.19	0.018
475.39	0.018
475.60	0.017
475.80	0.017
476.00	0.017
476.21	0.017
476.41	0.017
476.61	0.017
476.82	0.017
477.02	0.018
477.22	0.018
477.43	0.018
477.63	0.017
477.83	0.018
478.04	0.017
478.24	0.017
478.44	0.017
478.65	0.017
478.85	0.017
479.05	0.017
479.26	0.018
479.46	0.018
479.66	0.018
479.87	0.018
480.07	0.018
480.27	0.017
480.48	0.017
480.68	0.017
480.88	0.017
481.09	0.016
481.29	0.016
481.49	0.016
481.70	0.015
481.90	0.015
482.10	0.015
482.31	0.015
482.51	0.015
482.71	0.016
482.92	0.015
483.12	0.015
483.32	0.015
483.52	0.015
483.73	0.015
483.93	0.015
484.13	0.016
484.34	0.015
484.54	0.014
484.74	0.015
484.95	0.015
485.15	0.015
485.35	0.015
485.55	0.015
485.76	0.015
485.96	0.015
486.16	0.015
486.37	0.015
486.57	0.014
486.77	0.015
486.97	0.015
487.18	0.015
487.38	0.015
487.58	0.015
487.79	0.015
487.99	0.015
488.19	0.015
488.39	0.015
488.60	0.015
488.80	0.014
489.00	0.014
489.20	0.014
489.41	0.014
489.61	0.014
489.81	0.015
490.02	0.015
490.22	0.015
490.42	0.015
490.62	0.016
490.83	0.016
491.03	0.015
491.23	0.015
491.43	0.015
491.64	0.014
491.84	0.015
492.04	0.015
492.24	0.015
492.45	0.014
492.65	0.014
492.85	0.014
493.05	0.014
493.26	0.014
493.46	0.014
493.66	0.013
493.86	0.013
494.07	0.014
494.27	0.014
494.47	0.014
494.67	0.014
494.87	0.014
495.08	0.014
495.28	0.014
495.48	0.014
495.68	0.014
495.89	0.013
496.09	0.013
496.29	0.013
496.49	0.013
496.69	0.013
496.90	0.014
497.10	0.014
497.30	0.014
497.50	0.014
497.71	0.014
497.91	0.014
498.11	0.014
498.31	0.014
498.51	0.013
498.72	0.013
498.92	0.012
499.12	0.012
499.32	0.012
499.52	0.013
499.73	0.013
499.93	0.012
500.13	0.012
500.33	0.012
500.53	0.012
500.74	0.012
500.94	0.012
501.14	0.012
501.34	0.012
501.54	0.012
501.74	0.012
501.95	0.012
502.15	0.013
502.35	0.013
502.55	0.014
502.75	0.013
502.96	0.013
503.16	0.013
503.36	0.013
503.56	0.013
503.76	0.013
503.96	0.013
504.17	0.013
504.37	0.012
504.57	0.012
504.77	0.012
504.97	0.011
505.17	0.012
505.38	0.012
505.58	0.011
505.78	0.011
505.98	0.012
506.18	0.012
506.38	0.012
506.58	0.013
506.79	0.013
506.99	0.012
507.19	0.012
507.39	0.012
507.59	0.012
507.79	0.012
507.99	0.012
508.20	0.012
508.40	0.012
508.60	0.012
508.80	0.013
509.00	0.013
509.20	0.013
509.40	0.013
509.61	0.013
509.81	0.013
510.01	0.013
510.21	0.013
510.41	0.013
510.61	0.012
510.81	0.012
511.01	0.012
511.22	0.012
511.42	0.012
511.62	0.012
511.82	0.012
512.02	0.012
512.22	0.012
512.42	0.011
512.62	0.012
512.82	0.012
513.03	0.012
513.23	0.011
513.43	0.011
513.63	0.011
513.83	0.011
514.03	0.011
514.23	0.011
514.43	0.011
514.63	0.011
514.83	0.011
515.04	0.012
515.24	0.012
515.44	0.012
515.64	0.012
515.84	0.011
516.04	0.011
516.24	0.010
516.44	0.011
516.64	0.011
516.84	0.011
517.04	0.011
517.24	0.012
517.45	0.012
517.65	0.012
517.85	0.012
518.05	0.012
518.25	0.012
518.45	0.011
518.65	0.011
518.85	0.011
519.05	0.011
519.25	0.010
519.45	0.011
519.65	0.011
519.85	0.011
520.05	0.011
520.25	0.011
520.46	0.012
520.66	0.011
520.86	0.011
521.06	0.011
521.26	0.011
521.46	0.010
521.66	0.011
521.86	0.011
522.06	0.011
522.26	0.011
522.46	0.011
522.66	0.011
522.86	0.011
523.06	0.011
523.26	0.011
523.46	0.011
523.66	0.011
523.86	0.010
524.06	0.010
524.26	0.010
524.46	0.010
524.66	0.010
524.86	0.010
525.06	0.010
525.26	0.010
525.46	0.010
525.66	0.010
525.87	0.010
526.07	0.010
526.27	0.010
526.47	0.010
526.67	0.010
526.87	0.010
527.07	0.011
527.27	0.011
527.47	0.011
527.67	0.012
527.87	0.011
528.07	0.011
528.27	0.010
528.47	0.011
528.67	0.011
528.87	0.010
529.07	0.010
529.27	0.010
529.47	0.010
529.67	0.010
529.87	0.010
530.07	0.010
530.27	0.010
530.47	0.010
530.67	0.011
530.87	0.010
531.06	0.009
531.26	0.010
531.46	0.009
531.66	0.010
531.86	0.010
532.06	0.010
532.26	0.010
532.46	0.009
532.66	0.010
532.86	0.009
533.06	0.009
533.26	0.009
533.46	0.009
533.66	0.009
533.86	0.009
534.06	0.008
534.26	0.008
534.46	0.008
534.66	0.008
534.86	0.008
535.06	0.008
535.26	0.008
535.46	0.008
535.66	0.008
535.86	0.008
536.06	0.008
536.26	0.009
536.45	0.009
536.65	0.009
536.85	0.009
537.05	0.009
537.25	0.010
537.45	0.009
537.65	0.009
537.85	0.009
538.05	0.009
538.25	0.009
538.45	0.010
538.65	0.009
538.85	0.009
539.05	0.009
539.25	0.009
539.44	0.009
539.64	0.009
539.84	0.009
540.04	0.009
540.24	0.009
540.44	0.010
540.64	0.010
540.84	0.010
541.04	0.010
541.24	0.010
541.44	0.009
541.64	0.009
541.83	0.009
542.03	0.009
542.23	0.010
542.43	0.009
542.63	0.010
542.83	0.010
543.03	0.010
543.23	0.010
543.43	0.010
543.63	0.010
543.82	0.009
544.02	0.008
544.22	0.008
544.42	0.008
544.62	0.008
544.82	0.008
545.02	0.007
545.22	0.007
545.42	0.008
545.61	0.008
545.81	0.007
546.01	0.008
546.21	0.008
546.41	0.008
546.61	0.008
546.81	0.008
547.01	0.008
547.20	0.008
547.40	0.008
547.60	0.008
547.80	0.008
548.00	0.008
548.20	0.008
548.40	0.008
548.59	0.008
548.79	0.008
548.99	0.008
549.19	0.007
549.39	0.007
549.59	0.007
549.79	0.008
549.98	0.008
550.18	0.008
550.38	0.008
550.58	0.008
550.78	0.009
550.98	0.009
551.17	0.009
551.37	0.010
551.57	0.010
551.77	0.009
551.97	0.008
552.17	0.009
552.36	0.009
552.56	0.009
552.76	0.008
552.96	0.008
553.16	0.008
553.36	0.008
553.55	0.008
553.75	0.009
553.95	0.008
554.15	0.008
554.35	0.008
554.55	0.008
554.74	0.007
554.94	0.007
555.14	0.007
555.34	0.007
555.54	0.006
555.73	0.006
555.93	0.006
556.13	0.006
556.33	0.006
556.53	0.007
556.72	0.007
556.92	0.008
557.12	0.007
557.32	0.008
557.52	0.008
557.71	0.008
557.91	0.008
558.11	0.009
558.31	0.009
558.51	0.009
558.70	0.009
558.90	0.009
559.10	0.009
559.30	0.009
559.49	0.008
559.69	0.008
559.89	0.008
560.09	0.007
560.29	0.007
560.48	0.007
560.68	0.006
560.88	0.006
561.08	0.006
561.27	0.007
561.47	0.007
561.67	0.007
561.87	0.008
562.06	0.008
562.26	0.008
562.46	0.008
562.66	0.008
562.86	0.008
563.05	0.008
563.25	0.008
563.45	0.008
563.65	0.008
563.84	0.008
564.04	0.008
564.24	0.008
564.44	0.008
564.63	0.008
564.83	0.007
565.03	0.007
565.22	0.006
565.42	0.007
565.62	0.008
565.82	0.007
566.01	0.007
566.21	0.007
566.41	0.007
566.61	0.007
566.80	0.007
567.00	0.007
567.20	0.007
567.40	0.007
567.59	0.007
567.79	0.007
567.99	0.007
568.18	0.007
568.38	0.007
568.58	0.007
568.78	0.007
568.97	0.007
569.17	0.007
569.37	0.007
569.56	0.007
569.76	0.007
569.96	0.008
570.16	0.008
570.35	0.007
570.55	0.008
570.75	0.007
570.94	0.007
571.14	0.007
571.34	0.007
571.53	0.007
571.73	0.007
571.93	0.007
572.12	0.007
572.32	0.007
572.52	0.007
572.72	0.008
572.91	0.008
573.11	0.008
573.31	0.007
573.50	0.007
573.70	0.007
573.90	0.007
574.09	0.007
574.29	0.007
574.49	0.007
574.68	0.006
574.88	0.007
575.08	0.007
575.27	0.006
575.47	0.006
575.67	0.006
575.86	0.007
576.06	0.007
576.26	0.007
576.45	0.007
576.65	0.007
576.85	0.007
577.04	0.007
577.24	0.006
577.44	0.005
577.63	0.005
577.83	0.005
578.02	0.005
578.22	0.005
578.42	0.005
578.61	0.005
578.81	0.005
579.01	0.006
579.20	0.006
579.40	0.007
579.60	0.007
579.79	0.007
579.99	0.007
580.19	0.007
580.38	0.007
580.58	0.006
580.77	0.006
580.97	0.006
581.17	0.005
581.36	0.004
581.56	0.004
581.75	0.004
581.95	0.004
582.15	0.004
582.34	0.004
582.54	0.005
582.74	0.005
582.93	0.006
583.13	0.007
583.32	0.007
583.52	0.008
583.72	0.008
583.91	0.008
584.11	0.008
584.30	0.007
584.50	0.007
584.70	0.006
584.89	0.006
585.09	0.005
585.28	0.005
585.48	0.005
585.68	0.005
585.87	0.006
586.07	0.006
586.26	0.006
586.46	0.006
586.66	0.006
586.85	0.006
587.05	0.006
587.24	0.006
587.44	0.006
587.63	0.005
587.83	0.005
588.03	0.005
588.22	0.005
588.42	0.004
588.61	0.005
588.81	0.005
589.00	0.005
589.20	0.006
589.40	0.006
589.59	0.007
589.79	0.007
589.98	0.007
590.18	0.007
590.37	0.007
590.57	0.007
590.76	0.007
590.96	0.007
591.16	0.007
591.35	0.008
591.55	0.008
591.74	0.008
591.94	0.008
592.13	0.008
592.33	0.007
592.52	0.007
592.72	0.006
592.91	0.006
593.11	0.005
593.30	0.005
593.50	0.005
593.70	0.005
593.89	0.005
594.09	0.005
594.28	0.005
594.48	0.005
594.67	0.005
594.87	0.006
595.06	0.006
595.26	0.006
595.45	0.006
595.65	0.006
595.84	0.006
596.04	0.007
596.23	0.007
596.43	0.007
596.62	0.007
596.82	0.007
597.01	0.007
597.21	0.007
597.40	0.007
597.60	0.006
597.79	0.006
597.99	0.006
598.18	0.006
598.38	0.006
598.57	0.005
598.77	0.006
598.96	0.005
599.16	0.005
599.35	0.005
599.55	0.005
599.74	0.005
599.94	0.005
600.13	0.005
600.33	0.005
600.52	0.005
600.72	0.005
600.91	0.005
601.11	0.006
601.30	0.005
601.50	0.005
601.69	0.006
601.89	0.006
602.08	0.006
602.27	0.007
602.47	0.007
602.66	0.007
602.86	0.006
603.05	0.007
603.25	0.007
603.44	0.006
603.64	0.006
603.83	0.006
604.03	0.006
604.22	0.006
604.41	0.006
604.61	0.006
604.80	0.007
605.00	0.007
605.19	0.007
605.39	0.007
605.58	0.007
605.78	0.007
605.97	0.007
606.16	0.007
606.36	0.006
606.55	0.006
606.75	0.005
606.94	0.005
607.14	0.005
607.33	0.004
607.52	0.004
607.72	0.004
607.91	0.004
608.11	0.004
608.30	0.004
608.50	0.005
608.69	0.005
608.88	0.005
609.08	0.005
609.27	0.005
609.47	0.005
609.66	0.005
609.85	0.005
610.05	0.005
610.24	0.006
610.44	0.005
610.63	0.006
610.83	0.006
611.02	0.006
611.21	0.006
611.41	0.006
611.60	0.006
611.80	0.006
611.99	0.005
612.18	0.006
612.38	0.006
612.57	0.006
612.76	0.006
612.96	0.006
613.15	0.006
613.35	0.006
613.54	0.006
613.73	0.006
613.93	0.006
614.12	0.006
614.32	0.005
614.51	0.005
614.70	0.005
614.90	0.004
615.09	0.004
615.28	0.004
615.48	0.004
615.67	0.004
615.86	0.005
616.06	0.005
616.25	0.005
616.45	0.005
616.64	0.005
616.83	0.005
617.03	0.005
617.22	0.006
617.41	0.005
617.61	0.005
617.80	0.006
617.99	0.006
618.19	0.006
618.38	0.006
618.57	0.006
618.77	0.006
618.96	0.006
619.15	0.007
619.35	0.007
619.54	0.006
619.73	0.006
619.93	0.006
620.12	0.006
620.31	0.006
620.51	0.005
620.70	0.005
620.89	0.005
621.09	0.006
621.28	0.005
621.47	0.006
621.67	0.006
621.86	0.006
622.05	0.005
622.25	0.005
622.44	0.005
622.63	0.005
622.83	0.005
623.02	0.005
623.21	0.005
623.41	0.005
623.60	0.005
623.79	0.005
623.98	0.006
624.18	0.006
624.37	0.006
624.56	0.006
624.76	0.006
624.95	0.006
625.14	0.006
625.33	0.006
625.53	0.005
625.72	0.005
625.91	0.006
626.11	0.005
626.30	0.005
626.49	0.005
626.68	0.005
626.88	0.005
627.07	0.005
627.26	0.005
627.46	0.005
627.65	0.005
627.84	0.005
628.03	0.005
628.23	0.005
628.42	0.005
628.61	0.005
628.80	0.005
629.00	0.004
629.19	0.005
629.38	0.005
629.58	0.005
629.77	0.005
629.96	0.005
630.15	0.005
630.35	0.005
630.54	0.005
630.73	0.006
630.92	0.006
631.12	0.006
631.31	0.005
631.50	0.005
631.69	0.005
631.89	0.005
632.08	0.005
632.27	0.005
632.46	0.005
632.65	0.005
632.85	0.005
633.04	0.004
633.23	0.005
633.42	0.005
633.62	0.005
633.81	0.004
634.00	0.005
634.19	0.004
634.39	0.004
634.58	0.004
634.77	0.005
634.96	0.005
635.15	0.005
635.35	0.005
635.54	0.005
635.73	0.005
635.92	0.005
636.11	0.005
636.31	0.005
636.50	0.005
636.69	0.005
636.88	0.005
637.07	0.005
637.27	0.005
637.46	0.005
637.65	0.006
637.84	0.005
638.03	0.005
638.23	0.005
638.42	0.005
638.61	0.005
638.80	0.005
638.99	0.005
639.19	0.005
639.38	0.005
639.57	0.005
639.76	0.005
639.95	0.005
640.14	0.005
640.34	0.005
640.53	0.005
640.72	0.004
640.91	0.004
641.10	0.004
641.30	0.004
641.49	0.004
641.68	0.004
641.87	0.004
642.06	0.003
642.25	0.004
642.44	0.004
642.64	0.004
642.83	0.004
643.02	0.003
643.21	0.003
643.40	0.003
643.59	0.003
643.79	0.003
643.98	0.003
644.17	0.004
644.36	0.004
644.55	0.004
644.74	0.004
644.93	0.004
645.13	0.004
645.32	0.005
645.51	0.004
645.70	0.004
645.89	0.004
646.08	0.005
646.27	0.004
646.46	0.004
646.66	0.004
646.85	0.005
647.04	0.005
647.23	0.005
647.42	0.005
647.61	0.005
647.80	0.005
647.99	0.005
648.19	0.005
648.38	0.004
648.57	0.004
648.76	0.004
648.95	0.004
649.14	0.004
649.33	0.004
649.52	0.004
649.71	0.004
649.91	0.005
650.10	0.005
650.29	0.005
650.48	0.004
650.67	0.005
650.86	0.006
651.05	0.006
651.24	0.006
651.43	0.006
651.62	0.006
651.81	0.006
652.01	0.006
652.20	0.006
652.39	0.006
652.58	0.005
652.77	0.005
652.96	0.005
653.15	0.004
653.34	0.004
653.53	0.004
653.72	0.005
653.91	0.005
654.10	0.006
654.29	0.006
654.48	0.007
654.68	0.007
654.87	0.006
655.06	0.005
655.25	0.004
655.44	0.004
655.63	0.004
655.82	0.003
656.01	0.002
656.20	0.002
656.39	0.002
656.58	0.003
656.77	0.003
656.96	0.004
657.15	0.005
657.34	0.004
657.53	0.005
657.72	0.005
657.91	0.005
658.10	0.004
658.29	0.005
658.48	0.004
658.68	0.004
658.87	0.004
659.06	0.003
659.25	0.004
659.44	0.004
659.63	0.004
659.82	0.005
660.01	0.004
660.20	0.005
660.39	0.005
660.58	0.005
660.77	0.006
660.96	0.005
661.15	0.006
661.34	0.005
661.53	0.005
661.72	0.006
661.91	0.006
662.10	0.005
662.29	0.005
662.48	0.005
662.67	0.005
662.86	0.004
663.05	0.004
663.24	0.004
663.43	0.004
663.62	0.003
663.81	0.004
664.00	0.004
664.19	0.004
664.38	0.004
664.57	0.005
664.76	0.005
664.95	0.005
665.14	0.005
665.33	0.005
665.52	0.005
665.71	0.005
665.90	0.005
666.09	0.005
666.28	0.005
666.46	0.005
666.65	0.005
666.84	0.005
667.03	0.005
667.22	0.005
667.41	0.005
667.60	0.005
667.79	0.004
667.98	0.004
668.17	0.004
668.36	0.004
668.55	0.004
668.74	0.004
668.93	0.004
669.12	0.004
669.31	0.004
669.50	0.004
669.69	0.004
669.88	0.004
670.07	0.004
670.26	0.004
670.44	0.004
670.63	0.004
670.82	0.004
671.01	0.004
671.20	0.004
671.39	0.004
671.58	0.004
671.77	0.004
671.96	0.004
672.15	0.004
672.34	0.004
672.53	0.004
672.72	0.004
672.91	0.004
673.09	0.004
673.28	0.004
673.47	0.004
673.66	0.004
673.85	0.004
674.04	0.004
674.23	0.004
674.42	0.004
674.61	0.005
674.80	0.005
674.98	0.005
675.17	0.005
675.36	0.005
675.55	0.005
675.74	0.005
675.93	0.005
676.12	0.005
676.31	0.004
676.50	0.004
676.69	0.004
676.87	0.004
677.06	0.004
677.25	0.004
677.44	0.004
677.63	0.004
677.82	0.004
678.01	0.004
678.20	0.004
678.38	0.004
678.57	0.004
678.76	0.004
678.95	0.004
679.14	0.004
679.33	0.003
679.52	0.003
679.71	0.004
679.89	0.003
680.08	0.003
680.27	0.003
680.46	0.004
680.65	0.003
680.84	0.004
681.02	0.004
681.21	0.004
681.40	0.004
681.59	0.004
681.78	0.004
681.97	0.004
682.16	0.004
682.34	0.004
682.53	0.004
682.72	0.004
682.91	0.004
683.10	0.005
683.29	0.004
683.47	0.004
683.66	0.004
683.85	0.004
684.04	0.004
684.23	0.004
684.42	0.003
684.60	0.003
684.79	0.003
684.98	0.003
685.17	0.003
685.36	0.003
685.54	0.003
685.73	0.004
685.92	0.004
686.11	0.004
686.30	0.004
686.49	0.004
686.67	0.005
686.86	0.005
687.05	0.005
687.24	0.005
687.43	0.004
687.61	0.005
687.80	0.005
687.99	0.005
688.18	0.005
688.36	0.005
688.55	0.005
688.74	0.005
688.93	0.004
689.12	0.004
689.30	0.004
689.49	0.004
689.68	0.003
689.87	0.004
690.06	0.004
690.24	0.003
690.43	0.003
690.62	0.003
690.81	0.003
690.99	0.003
691.18	0.003
691.37	0.003
691.56	0.004
691.74	0.003
691.93	0.003
692.12	0.004
692.31	0.004
692.50	0.004
692.68	0.005
692.87	0.005
693.06	0.004
693.25	0.004
693.43	0.004
693.62	0.005
693.81	0.004
694.00	0.004
694.18	0.004
694.37	0.004
694.56	0.004
694.74	0.004
694.93	0.003
695.12	0.003
695.31	0.003
695.49	0.003
695.68	0.004
695.87	0.003
696.06	0.003
696.24	0.003
696.43	0.003
696.62	0.003
696.80	0.003
696.99	0.003
697.18	0.003
697.37	0.003
697.55	0.003
697.74	0.003
697.93	0.003
698.12	0.003
698.30	0.004
698.49	0.004
698.68	0.004
698.86	0.004
699.05	0.004
699.24	0.004
699.42	0.004
699.61	0.004
699.80	0.004
699.99	0.004
700.17	0.004
700.36	0.004
700.55	0.004
700.73	0.004
700.92	0.004
701.11	0.004
701.29	0.005
701.48	0.004
701.67	0.005
701.85	0.005
702.04	0.005
702.23	0.004
702.41	0.004
702.60	0.004
702.79	0.003
702.97	0.003
703.16	0.003
703.35	0.003
703.53	0.003
703.72	0.003
703.91	0.004
704.09	0.004
704.28	0.004
704.47	0.004
704.65	0.004
704.84	0.004
705.03	0.004
705.21	0.004
705.40	0.004
705.59	0.004
705.77	0.004
705.96	0.004
706.15	0.004
706.33	0.004
706.52	0.005
706.71	0.004
706.89	0.004
707.08	0.004
707.26	0.004
707.45	0.004
707.64	0.004
707.82	0.004
708.01	0.004
708.20	0.004
708.38	0.004
708.57	0.004
708.75	0.004
708.94	0.004
709.13	0.004
709.31	0.004
709.50	0.004
709.69	0.004
709.87	0.004
710.06	0.004
710.24	0.004
710.43	0.004
710.62	0.004
710.80	0.004
710.99	0.004
711.17	0.004
711.36	0.004
711.55	0.004
711.73	0.004
711.92	0.004
712.10	0.004
712.29	0.004
712.48	0.004
712.66	0.004
712.85	0.004
713.03	0.004
713.22	0.004
713.40	0.004
713.59	0.004
713.78	0.004
713.96	0.003
714.15	0.004
714.33	0.004
714.52	0.003
714.71	0.004
714.89	0.004
715.08	0.004
715.26	0.004
715.45	0.004
715.63	0.004
715.82	0.003
716.00	0.003
716.19	0.004
716.38	0.003
716.56	0.004
716.75	0.004
716.93	0.004
717.12	0.004
717.30	0.004
717.49	0.004
717.67	0.004
717.86	0.003
718.05	0.003
718.23	0.003
718.42	0.003
718.60	0.003
718.79	0.003
718.97	0.003
719.16	0.004
719.34	0.004
719.53	0.004
719.71	0.004
719.90	0.004
720.08	0.004
720.27	0.004
720.45	0.004
720.64	0.004
720.83	0.004
721.01	0.004
721.20	0.004
721.38	0.004
721.57	0.005
721.75	0.004
721.94	0.004
722.12	0.004
722.31	0.004
722.49	0.004
722.68	0.004
722.86	0.004
723.05	0.003
723.23	0.003
723.42	0.004
723.60	0.004
723.79	0.004
723.97	0.004
724.16	0.004
724.34	0.004
724.53	0.004
724.71	0.004
724.90	0.004
725.08	0.004
725.27	0.003
725.45	0.003
725.64	0.003
725.82	0.003
726.00	0.003
726.19	0.004
726.37	0.004
726.56	0.003
726.74	0.004
726.93	0.004
727.11	0.004
727.30	0.004
727.48	0.004
727.67	0.003
727.85	0.003
728.04	0.003
728.22	0.004
728.40	0.004
728.59	0.003
728.77	0.004
728.96	0.004
729.14	0.004
729.33	0.004
729.51	0.004
729.70	0.004
729.88	0.004
730.07	0.004
730.25	0.004
730.43	0.004
730.62	0.004
730.80	0.004
730.99	0.004
731.17	0.004
731.36	0.004
731.54	0.004
731.72	0.003
731.91	0.003
732.09	0.003
732.28	0.002
732.46	0.002
732.65	0.003
732.83	0.003
733.01	0.003
733.20	0.003
733.38	0.003
733.57	0.003
733.75	0.004
733.93	0.004
734.12	0.004
734.30	0.004
734.49	0.004
734.67	0.004
734.85	0.004
735.04	0.004
735.22	0.003
735.41	0.003
735.59	0.003
735.77	0.003
735.96	0.003
736.14	0.004
736.33	0.003
736.51	0.003
736.69	0.003
736.88	0.003
737.06	0.004
737.25	0.004
737.43	0.004
737.61	0.004
737.80	0.004
737.98	0.004
738.16	0.004
738.35	0.004
738.53	0.004
738.71	0.004
738.90	0.004
739.08	0.004
739.27	0.004
739.45	0.004
739.63	0.004
739.82	0.004
740.00	0.004
740.18	0.004
740.37	0.004
740.55	0.004
740.73	0.004
740.92	0.004
741.10	0.003
741.28	0.004
741.47	0.004
741.65	0.004
741.83	0.004
742.02	0.005
742.20	0.004
742.38	0.005
742.57	0.005
742.75	0.005
742.93	0.005
743.12	0.005
743.30	0.004
743.48	0.004
743.67	0.004
743.85	0.004
744.03	0.004
744.22	0.003
744.40	0.003
744.58	0.003
744.77	0.003
744.95	0.003
745.13	0.002
745.32	0.003
745.50	0.003
745.68	0.003
745.87	0.004
746.05	0.004
746.23	0.004
746.41	0.004
746.60	0.004
746.78	0.004
746.96	0.004
747.15	0.004
747.33	0.004
747.51	0.004
747.70	0.004
747.88	0.004
748.06	0.004
748.24	0.004
748.43	0.004
748.61	0.004
748.79	0.004
748.97	0.004
749.16	0.004
749.34	0.004
749.52	0.003
749.71	0.003
749.89	0.003
750.07	0.004
750.25	0.004
750.44	0.004
750.62	0.004
750.80	0.004
750.98	0.004
751.17	0.004
751.35	0.004
751.53	0.004
751.71	0.004
751.90	0.004
752.08	0.003
752.26	0.003
752.44	0.003
752.63	0.003
752.81	0.003
752.99	0.002
753.17	0.002
753.36	0.003
753.54	0.002
753.72	0.003
753.90	0.003
754.09	0.003
754.27	0.003
754.45	0.003
754.63	0.003
754.82	0.003
755.00	0.003
755.18	0.003
755.36	0.003
755.54	0.002
755.73	0.002
755.91	0.003
756.09	0.003
756.27	0.003
756.45	0.003
756.64	0.003
756.82	0.003
757.00	0.004
757.18	0.004
757.37	0.004
757.55	0.004
757.73	0.004
757.91	0.003
758.09	0.003
758.27	0.003
758.46	0.003
758.64	0.003
758.82	0.003
759.00	0.002
759.18	0.002
759.37	0.002
759.55	0.002
759.73	0.002
759.91	0.002
760.09	0.002
760.28	0.003
760.46	0.002
760.64	0.003
760.82	0.003
761.00	0.003
761.18	0.003
761.37	0.003
761.55	0.003
761.73	0.003
761.91	0.003
762.09	0.003
762.27	0.002
762.46	0.003
762.64	0.003
762.82	0.003
763.00	0.003
763.18	0.003
763.36	0.003
763.54	0.003
763.73	0.003
763.91	0.003
764.09	0.002
764.27	0.002
764.45	0.002
764.63	0.002
764.81	0.002
765.00	0.002
765.18	0.002
765.36	0.002
765.54	0.002
765.72	0.002
765.90	0.001
766.08	0.002
766.27	0.002
766.45	0.002
766.63	0.002
766.81	0.002
766.99	0.002
767.17	0.001
767.35	0.002
767.53	0.002
767.71	0.002
767.90	0.002
768.08	0.002
768.26	0.002
768.44	0.002
768.62	0.002
768.80	0.002
768.98	0.002
769.16	0.002
769.34	0.002
769.52	0.002
769.71	0.002
769.89	0.002
770.07	0.002
770.25	0.002
770.43	0.002
770.61	0.002
770.79	0.003
770.97	0.002
771.15	0.002
771.33	0.002
771.51	0.002
771.69	0.002
771.88	0.003
772.06	0.003
772.24	0.003
772.42	0.003
772.60	0.003
772.78	0.003
772.96	0.003
773.14	0.003
773.32	0.003
773.50	0.002
773.68	0.002
773.86	0.003
774.04	0.003
774.22	0.002
774.40	0.002
774.58	0.003
774.77	0.002
774.95	0.002
775.13	0.002
775.31	0.002
775.49	0.002
775.67	0.002
775.85	0.002
776.03	0.002
776.21	0.002
776.39	0.002
776.57	0.003
776.75	0.003
776.93	0.002
777.11	0.002
777.29	0.002
777.47	0.003
777.65	0.003
777.83	0.003
778.01	0.003
778.19	0.003
778.37	0.003
778.55	0.003
778.73	0.003
778.91	0.003
779.09	0.002
779.27	0.002
779.45	0.002
779.63	0.002
779.81	0.002
779.99	0.002
780.17	0.002
780.35	0.002
780.53	0.002
780.71	0.003
780.89	0.003
781.07	0.003
781.25	0.002
781.43	0.003
781.61	0.003
781.79	0.003
781.97	0.003
782.15	0.003
782.33	0.002
782.51	0.003
782.69	0.003
782.87	0.003
783.05	0.003
783.23	0.003
783.41	0.003
783.59	0.003
783.77	0.003
783.95	0.002
784.13	0.002
784.31	0.002
784.49	0.002
784.67	0.002
784.85	0.002
785.03	0.002
785.21	0.002
785.38	0.002
785.56	0.002
785.74	0.002
785.92	0.002
786.10	0.002
786.28	0.002
786.46	0.002
786.64	0.002
786.82	0.002
787.00	0.002
787.18	0.002
787.36	0.002
787.54	0.002
787.72	0.001
787.90	0.001
788.08	0.002
788.25	0.002
788.43	0.002
788.61	0.002
788.79	0.002
788.97	0.002
789.15	0.002
789.33	0.003
789.51	0.002
789.69	0.003
789.87	0.003
790.05	0.003
790.23	0.003
790.40	0.003
790.58	0.002
790.76	0.002
790.94	0.002
791.12	0.002
791.30	0.002
791.48	0.002
791.66	0.002
791.84	0.002
792.02	0.002
792.19	0.002
792.37	0.002
792.55	0.002
792.73	0.002
792.91	0.001
793.09	0.001
793.27	0.002
793.45	0.002
793.63	0.002
793.80	0.002
793.98	0.001
794.16	0.002
794.34	0.002
794.52	0.002
794.70	0.001
794.88	0.002
795.05	0.001
795.23	0.001
795.41	0.001
795.59	0.002
795.77	0.002
795.95	0.002
796.13	0.002
796.30	0.002
796.48	0.002
796.66	0.002
796.84	0.002
797.02	0.001
797.20	0.001
797.38	0.001
797.55	0.001
797.73	0.002
797.91	0.002
798.09	0.002
798.27	0.002
798.45	0.002
798.62	0.002
798.80	0.003
798.98	0.003
799.16	0.002
799.34	0.002
799.52	0.003
799.69	0.003
799.87	0.002
800.05	0.002
800.23	0.002
800.41	0.002
800.58	0.002
800.76	0.002
800.94	0.002
801.12	0.002
801.30	0.002
801.47	0.002
801.65	0.002
801.83	0.002
802.01	0.002
802.19	0.002
802.36	0.002
802.54	0.002
802.72	0.002
802.90	0.002
803.08	0.002
803.25	0.002
803.43	0.002
803.61	0.002
803.79	0.002
803.97	0.002
804.14	0.003
804.32	0.002
804.50	0.002
804.68	0.002
804.85	0.002
805.03	0.002
805.21	0.002
805.39	0.002
805.56	0.002
805.74	0.002
805.92	0.002
806.10	0.002
806.28	0.002
806.45	0.002
806.63	0.002
806.81	0.002
806.99	0.002
807.16	0.002
807.34	0.002
807.52	0.003
807.70	0.003
807.87	0.003
808.05	0.002
808.23	0.002
808.41	0.002
808.58	0.002
808.76	0.003
808.94	0.002
809.11	0.002
809.29	0.002
809.47	0.002
809.65	0.002
809.82	0.001
810.00	0.002
810.18	0.002
810.36	0.002
810.53	0.002
810.71	0.002
810.89	0.002
811.06	0.002
811.24	0.002
811.42	0.002
811.60	0.001
811.77	0.001
811.95	0.001
812.13	0.000
812.30	0.001
812.48	0.001
812.66	0.002
812.83	0.002
813.01	0.002
813.19	0.001
813.37	0.001
813.54	0.001
813.72	0.001
813.90	0.001
814.07	0.001
814.25	0.001
814.43	0.001
814.60	0.001
814.78	0.001
814.96	0.001
815.13	0.001
815.31	0.001
815.49	0.001
815.66	0.001
815.84	0.001
816.02	0.001
816.19	0.001
816.37	0.001
816.55	0.000
816.72	0.001
816.90	0.001
817.08	0.001
817.25	0.001
817.43	0.001
817.61	0.001
817.78	0.001
817.96	0.001
818.14	0.001
818.31	0.001
818.49	0.000
818.67	0.000
818.84	0.000
819.02	0.001
819.19	0.001
819.37	0.002
819.55	0.002
819.72	0.002
819.90	0.002
820.08	0.002
820.25	0.003
820.43	0.003
820.60	0.003
820.78	0.002
820.96	0.001
821.13	0.002
821.31	0.002
821.49	0.002
821.66	0.002
821.84	0.002
822.01	0.002
822.19	0.002
822.37	0.002
822.54	0.002
822.72	0.002
822.89	0.001
823.07	0.002
823.25	0.002
823.42	0.002
823.60	0.001
823.77	0.001
823.95	0.001
824.13	0.001
824.30	0.001
824.48	0.001
824.65	0.001
824.83	0.001
825.01	0.001
825.18	0.001
825.36	0.001
825.53	0.001
825.71	0.001
825.88	0.001
826.06	0.000
826.24	0.000
826.41	0.000
826.59	0.000
826.76	0.001
826.94	0.001
827.11	0.001
827.29	0.001
827.47	0.001
827.64	0.001
827.82	0.002
827.99	0.002
828.17	0.001
828.34	0.001
828.52	0.001
828.69	0.000
828.87	0.001
829.04	0.001
829.22	0.001
829.40	0.001
829.57	0.001
829.75	0.001
829.92	0.000
830.10	0.001
830.27	0.001
830.45	0.001
830.62	0.002
830.80	0.002
830.97	0.002
831.15	0.001
831.32	0.002
831.50	0.002
831.67	0.002
831.85	0.002
832.02	0.002
832.20	0.001
832.37	0.001
832.55	0.000
832.73	0.001
832.90	0.001
833.08	0.002
833.25	0.002
833.43	0.002
833.60	0.002
833.78	0.003
833.95	0.003
834.13	0.003
834.30	0.003
834.48	0.003
834.65	0.003
834.82	0.002
835.00	0.002
835.17	0.002
835.35	0.002
835.52	0.002
835.70	0.002
835.87	0.003
836.05	0.002
836.22	0.002
836.40	0.002
836.57	0.002
836.75	0.002
836.92	0.001
837.10	0.001
837.27	0.001
837.45	0.001
837.62	0.001
837.80	0.002
837.97	0.002
838.14	0.002
838.32	0.002
838.49	0.002
838.67	0.002
838.84	0.003
839.02	0.003
839.19	0.002
839.37	0.002
839.54	0.001
839.71	0.001
839.89	0.001
840.06	0.001
840.24	0.001
840.41	0.001
840.59	0.001
840.76	0.002
840.94	0.002
841.11	0.002
841.28	0.002
841.46	0.003
841.63	0.002
841.81	0.002
841.98	0.002
842.15	0.002
842.33	0.001
842.50	0.001
842.68	0.001
842.85	0.000
843.03	0.000
843.20	0.000
843.37	-0.000
843.55	-0.000
843.72	-0.001
843.90	-0.000
844.07	0.001
844.24	0.001
844.42	0.002
844.59	0.001
844.77	0.002
844.94	0.002
845.11	0.002
845.29	0.003
845.46	0.003
845.63	0.003
845.81	0.002
845.98	0.003
846.16	0.003
846.33	0.003
846.50	0.003
846.68	0.002
846.85	0.001
847.02	0.001
847.20	0.000
847.37	0.001
847.55	0.001
847.72	0.001
847.89	0.001
848.07	0.002
848.24	0.002
848.41	0.003
848.59	0.003
848.76	0.003
848.93	0.001
849.11	0.001
849.28	0.001
849.45	0.001
849.63	0.002
849.80	0.002
849.97	0.001
850.15	0.001
850.32	0.001
850.49	0.002
850.67	0.002
850.84	0.002
851.01	0.002
851.19	0.001
851.36	0.001
851.53	0.001
851.71	0.001
851.88	0.000
852.05	0.000
852.23	0.000
852.40	0.000
852.57	0.000
852.75	0.000
852.92	0.000
853.09	0.001
853.27	0.001
853.44	0.001
853.61	0.001
853.79	0.001
853.96	0.001
854.13	0.001
854.30	0.001
854.48	0.001
854.65	0.000
854.82	0.001
855.00	0.001
855.17	0.001
855.34	0.001
855.51	0.001
855.69	0.001
855.86	0.001
856.03	0.000
856.21	0.001
856.38	0.000
856.55	0.000
856.72	0.000
856.90	0.000
857.07	0.000
857.24	-0.000
857.42	-0.000
857.59	0.000
857.76	0.000
857.93	0.001
858.11	0.001
858.28	0.001
858.45	0.001
858.62	-0.000
858.80	0.000
858.97	0.000
859.14	0.000
859.31	0.001
859.49	-0.000
859.66	-0.000
859.83	0.000
860.00	0.000
860.18	0.001
860.35	0.000
860.52	0.001
860.69	0.002
860.86	0.001
861.04	0.001
861.21	0.001
861.38	0.001
861.55	0.001
861.73	0.001
861.90	0.001
862.07	0.000
862.24	-0.000
862.42	-0.000
862.59	-0.000
862.76	-0.000
862.93	-0.001
863.10	-0.001
863.28	-0.001
863.45	-0.001
863.62	-0.001
863.79	-0.001
863.96	-0.001
864.14	-0.001
864.31	-0.001
864.48	-0.001
864.65	-0.001
864.82	-0.001
865.00	-0.000
865.17	-0.001
865.34	-0.001
865.51	-0.000
865.68	-0.001
865.86	-0.000
866.03	-0.000
866.20	0.000
866.37	-0.000
866.54	-0.001
866.71	-0.000
866.89	-0.001
867.06	-0.001
867.23	-0.001
867.40	-0.002
867.57	-0.001
867.74	-0.002
867.92	-0.002
868.09	-0.002
868.26	-0.003
868.43	-0.003
868.60	-0.003
868.77	-0.004
868.95	-0.004
869.12	-0.004
869.29	-0.004
869.46	-0.004
869.63	-0.004
869.80	-0.003
869.97	-0.003
870.15	-0.004
870.32	-0.003
870.49	-0.003
870.66	-0.004
870.83	-0.003
871.00	-0.004
871.17	-0.004
871.34	-0.004
871.52	-0.004
871.69	-0.003
871.86	-0.004
872.03	-0.003
872.20	-0.003
872.37	-0.002
872.54	-0.002
872.71	-0.002
872.89	-0.002
873.06	-0.001
873.23	-0.002
873.40	-0.003
873.57	-0.002
873.74	-0.001
873.91	-0.002
874.08	-0.002
874.25	-0.002
874.42	-0.002
874.60	-0.002
874.77	-0.002
874.94	-0.001
875.11	-0.001
875.28	-0.001
875.45	-0.001
875.62	-0.002
875.79	-0.002
875.96	-0.002
876.13	-0.003
876.30	-0.003
876.47	-0.003
876.65	-0.004
876.82	-0.005
876.99	-0.004
877.16	-0.005
877.33	-0.005
877.50	-0.005
877.67	-0.005
877.84	-0.004
878.01	-0.005
878.18	-0.004
878.35	-0.004
878.52	-0.004
878.69	-0.003
878.86	-0.004
879.03	-0.004
879.20	-0.004
879.38	-0.004
879.55	-0.004
879.72	-0.004
879.89	-0.004
880.06	-0.004
880.23	-0.005
880.40	-0.004
880.57	-0.005
880.74	-0.004
880.91	-0.004
881.08	-0.004
881.25	-0.004
881.42	-0.004
881.59	-0.004
881.76	-0.004
881.93	-0.005
882.10	-0.005
882.27	-0.006
882.44	-0.006
882.61	-0.007
882.78	-0.006
882.95	-0.007
883.12	-0.007
883.29	-0.006
883.46	-0.006
883.63	-0.006
883.80	-0.006
883.97	-0.006
884.14	-0.005
884.31	-0.006
884.48	-0.006
884.65	-0.005
884.82	-0.005
884.99	-0.005
885.16	-0.004
885.33	-0.004
885.50	-0.004
885.67	-0.005
885.84	-0.005
886.01	-0.005
886.18	-0.005
886.35	-0.005
886.52	-0.006
886.69	-0.006
886.86	-0.007
887.03	-0.007
887.20	-0.007
887.37	-0.007
887.54	-0.007
887.71	-0.007
887.88	-0.006
888.05	-0.006
888.22	-0.006
888.39	-0.006
888.55	-0.005
888.72	-0.004
888.89	-0.004
889.06	-0.004
889.23	-0.004
889.40	-0.005
889.57	-0.005
889.74	-0.004
889.91	-0.005
890.08	-0.004
890.25	-0.005
890.42	-0.005
890.59	-0.006
890.76	-0.006
890.93	-0.005
891.10	-0.005
891.26	-0.005
891.43	-0.005
891.60	-0.006
891.77	-0.006
891.94	-0.006
892.11	-0.005
892.28	-0.005
892.45	-0.006
892.62	-0.005
892.79	-0.006
892.96	-0.006
893.13	-0.006
893.29	-0.007
893.46	-0.006
893.63	-0.006
893.80	-0.007
893.97	-0.006
894.14	-0.007
894.31	-0.007
894.48	-0.012
894.65	-0.002
894.81	-0.012
894.98	-0.004
