177.34	0.390
177.56	0.390
177.78	0.390
178.00	0.433
178.22	1.812
178.44	0.898
178.66	1.096
178.89	0.557
179.11	0.467
179.33	0.028
179.55	-0.047
179.77	-0.011
179.99	-0.164
180.21	-0.319
180.43	-0.684
180.65	-0.000
180.87	2.005
181.09	0.923
181.31	0.604
181.53	0.677
181.75	0.665
181.97	0.717
182.19	0.535
182.41	0.427
182.63	0.425
182.85	0.431
183.07	0.434
183.30	0.452
183.52	0.414
183.74	0.395
183.96	0.383
184.18	0.424
184.40	0.434
184.62	0.438
184.84	0.464
185.06	0.463
185.28	0.458
185.50	0.462
185.72	0.464
185.94	0.482
186.16	0.521
186.38	0.545
186.60	0.581
186.82	0.609
187.04	0.637
187.26	0.656
187.48	0.696
187.70	0.711
187.92	0.763
188.14	0.780
188.36	0.883
188.58	0.934
188.80	1.009
189.02	1.092
189.24	1.126
189.46	1.184
189.68	1.227
189.90	1.254
190.12	1.284
190.34	1.215
190.56	1.227
190.78	1.238
191.00	1.240
191.22	1.258
191.44	1.253
191.66	1.305
191.88	1.309
192.10	1.366
192.32	1.359
192.54	1.342
192.76	1.349
192.98	1.310
193.20	1.348
193.42	1.389
193.64	1.367
193.86	1.392
194.08	1.366
194.30	1.444
194.52	1.455
194.74	1.476
194.96	1.485
195.18	1.516
195.40	1.455
195.62	1.488
195.84	1.470
196.06	1.442
196.28	1.448
196.50	1.433
196.72	1.387
196.94	1.405
197.16	1.382
197.38	1.429
197.60	1.373
197.82	1.389
198.04	1.439
198.26	1.440
198.48	1.510
198.70	1.544
198.92	1.560
199.13	1.583
199.35	1.598
199.57	1.674
199.79	1.627
200.01	1.667
200.23	1.699
200.45	1.660
200.67	1.678
200.89	1.679
201.11	1.733
201.33	1.688
201.55	1.704
201.77	1.741
201.99	1.724
202.21	1.712
202.43	1.708
202.65	1.713
202.87	1.743
203.09	1.700
203.31	1.776
203.52	1.763
203.74	1.775
203.96	1.743
204.18	1.742
204.40	1.784
204.62	1.828
204.84	1.802
205.06	1.836
205.28	1.837
205.50	1.814
205.72	1.800
205.94	1.824
206.16	1.809
206.38	1.786
206.59	1.759
206.81	1.766
207.03	1.731
207.25	1.718
207.47	1.764
207.69	1.832
207.91	1.867
208.13	1.864
208.35	1.852
208.57	1.902
208.79	1.943
209.01	1.980
209.22	1.985
209.44	1.994
209.66	1.938
209.88	1.936
210.10	1.973
210.32	1.997
210.54	1.972
210.76	1.979
210.98	1.991
211.20	1.988
211.42	1.923
211.63	1.958
211.85	1.915
212.07	1.948
212.29	1.968
212.51	1.959
212.73	1.986
212.95	2.000
213.17	2.029
213.39	2.105
213.60	2.102
213.82	2.194
214.04	2.150
214.26	2.168
214.48	2.200
214.70	2.191
214.92	2.221
215.14	2.308
215.35	2.303
215.57	2.301
215.79	2.235
216.01	2.280
216.23	2.258
216.45	2.266
216.67	2.256
216.89	2.239
217.10	2.207
217.32	2.247
217.54	2.274
217.76	2.275
217.98	2.265
218.20	2.249
218.42	2.262
218.64	2.262
218.85	2.254
219.07	2.234
219.29	2.222
219.51	2.216
219.73	2.228
219.95	2.170
220.17	2.155
220.38	2.142
220.60	2.145
220.82	2.179
221.04	2.181
221.26	2.205
221.48	2.225
221.69	2.255
221.91	2.335
222.13	2.434
222.35	2.478
222.57	2.486
222.79	2.457
223.00	2.453
223.22	2.445
223.44	2.376
223.66	2.368
223.88	2.336
224.10	2.351
224.32	2.333
224.53	2.330
224.75	2.336
224.97	2.340
225.19	2.341
225.41	2.366
225.62	2.388
225.84	2.402
226.06	2.414
226.28	2.469
226.50	2.466
226.72	2.448
226.93	2.431
227.15	2.440
227.37	2.481
227.59	2.449
227.81	2.445
228.02	2.455
228.24	2.389
228.46	2.367
228.68	2.397
228.90	2.455
229.12	2.480
229.33	2.479
229.55	2.494
229.77	2.561
229.99	2.528
230.21	2.593
230.42	2.685
230.64	2.685
230.86	2.681
231.08	2.655
231.30	2.640
231.51	2.658
231.73	2.604
231.95	2.576
232.17	2.561
232.38	2.526
232.60	2.527
232.82	2.538
233.04	2.520
233.26	2.534
233.47	2.553
233.69	2.541
233.91	2.553
234.13	2.556
234.35	2.602
234.56	2.609
234.78	2.568
235.00	2.549
235.22	2.563
235.43	2.534
235.65	2.586
235.87	2.616
236.09	2.592
236.30	2.549
236.52	2.520
236.74	2.526
236.96	2.551
237.18	2.518
237.39	2.530
237.61	2.491
237.83	2.480
238.05	2.482
238.26	2.459
238.48	2.463
238.70	2.451
238.92	2.436
239.13	2.460
239.35	2.436
239.57	2.427
239.79	2.421
240.00	2.428
240.22	2.457
240.44	2.451
240.66	2.458
240.87	2.439
241.09	2.424
241.31	2.415
241.53	2.409
241.74	2.382
241.96	2.369
242.18	2.349
242.40	2.359
242.61	2.350
242.83	2.350
243.05	2.338
243.27	2.353
243.48	2.364
243.70	2.366
243.92	2.356
244.13	2.348
244.35	2.337
244.57	2.318
244.79	2.303
245.00	2.296
245.22	2.278
245.44	2.254
245.65	2.246
245.87	2.263
246.09	2.258
246.31	2.245
246.52	2.249
246.74	2.249
246.96	2.243
247.18	2.233
247.39	2.231
247.61	2.229
247.83	2.218
248.04	2.216
248.26	2.216
248.48	2.216
248.69	2.224
248.91	2.217
249.13	2.207
249.35	2.218
249.56	2.220
249.78	2.202
250.00	2.194
250.21	2.186
250.43	2.172
250.65	2.165
250.86	2.176
251.08	2.192
251.30	2.182
251.51	2.182
251.73	2.190
251.95	2.197
252.17	2.195
252.38	2.192
252.60	2.183
252.82	2.179
253.03	2.173
253.25	2.170
253.47	2.163
253.68	2.160
253.90	2.160
254.12	2.165
254.33	2.171
254.55	2.179
254.77	2.174
254.98	2.171
255.20	2.172
255.42	2.168
255.63	2.164
255.85	2.161
256.07	2.159
256.28	2.152
256.50	2.145
256.72	2.145
256.93	2.139
257.15	2.134
257.37	2.128
257.58	2.131
257.80	2.125
258.02	2.122
258.23	2.128
258.45	2.127
258.67	2.116
258.88	2.116
259.10	2.124
259.32	2.124
259.53	2.115
259.75	2.111
259.96	2.095
260.18	2.095
260.40	2.093
260.61	2.101
260.83	2.102
261.05	2.091
261.26	2.090
261.48	2.093
261.70	2.096
261.91	2.115
262.13	2.113
262.34	2.112
262.56	2.109
262.78	2.107
262.99	2.115
263.21	2.128
263.43	2.127
263.64	2.132
263.86	2.113
264.07	2.110
264.29	2.102
264.51	2.083
264.72	2.078
264.94	2.065
265.16	2.048
265.37	2.048
265.59	2.037
265.80	2.040
266.02	2.038
266.24	2.042
266.45	2.053
266.67	2.053
266.88	2.052
267.10	2.061
267.32	2.055
267.53	2.058
267.75	2.061
267.96	2.064
268.18	2.058
268.40	2.057
268.61	2.053
268.83	2.060
269.04	2.058
269.26	2.053
269.48	2.050
269.69	2.040
269.91	2.031
270.12	2.031
270.34	2.026
270.56	2.022
270.77	2.007
270.99	1.999
271.20	1.999
271.42	1.994
271.64	1.993
271.85	1.991
272.07	1.984
272.28	1.981
272.50	1.973
272.71	1.976
272.93	1.969
273.15	1.968
273.36	1.968
273.58	1.957
273.79	1.954
274.01	1.958
274.22	1.946
274.44	1.945
274.66	1.938
274.87	1.929
275.09	1.923
275.30	1.913
275.52	1.915
275.73	1.914
275.95	1.908
276.16	1.908
276.38	1.903
276.60	1.896
276.81	1.899
277.03	1.895
277.24	1.886
277.46	1.882
277.67	1.867
277.89	1.855
278.10	1.846
278.32	1.842
278.53	1.841
278.75	1.834
278.97	1.827
279.18	1.821
279.40	1.812
279.61	1.805
279.83	1.801
280.04	1.795
280.26	1.787
280.47	1.786
280.69	1.772
280.90	1.765
281.12	1.762
281.33	1.752
281.55	1.750
281.76	1.742
281.98	1.737
282.20	1.731
282.41	1.719
282.63	1.716
282.84	1.709
283.06	1.699
283.27	1.693
283.49	1.686
283.70	1.679
283.92	1.668
284.13	1.659
284.35	1.649
284.56	1.640
284.78	1.629
284.99	1.622
285.21	1.615
285.42	1.600
285.64	1.588
285.85	1.580
286.07	1.569
286.28	1.560
286.50	1.551
286.71	1.538
286.93	1.529
287.14	1.520
287.36	1.513
287.57	1.504
287.79	1.493
288.00	1.485
288.22	1.473
288.43	1.463
288.65	1.456
288.86	1.444
289.08	1.432
289.29	1.422
289.51	1.415
289.72	1.407
289.94	1.395
290.15	1.386
290.37	1.378
290.58	1.373
290.80	1.366
291.01	1.359
291.22	1.350
291.44	1.340
291.65	1.331
291.87	1.321
292.08	1.312
292.30	1.302
292.51	1.290
292.73	1.281
292.94	1.271
293.16	1.260
293.37	1.253
293.59	1.244
293.80	1.237
294.02	1.228
294.23	1.221
294.44	1.213
294.66	1.204
294.87	1.196
295.09	1.189
295.30	1.180
295.52	1.173
295.73	1.166
295.95	1.160
296.16	1.152
296.37	1.144
296.59	1.137
296.80	1.130
297.02	1.121
297.23	1.115
297.45	1.106
297.66	1.098
297.88	1.090
298.09	1.084
298.30	1.077
298.52	1.070
298.73	1.062
298.95	1.057
299.16	1.049
299.38	1.044
299.59	1.038
299.80	1.030
300.02	1.024
300.23	1.017
300.45	1.010
300.66	1.005
300.88	0.998
301.09	0.992
301.30	0.987
301.52	0.980
301.73	0.974
301.95	0.968
302.16	0.963
302.37	0.957
302.59	0.951
302.80	0.947
303.02	0.941
303.23	0.935
303.45	0.929
303.66	0.924
303.87	0.919
304.09	0.913
304.30	0.908
304.52	0.902
304.73	0.897
304.94	0.891
305.16	0.886
305.37	0.883
305.59	0.877
305.80	0.873
306.01	0.869
306.23	0.865
306.44	0.861
306.65	0.858
306.87	0.855
307.08	0.851
307.30	0.845
307.51	0.841
307.72	0.836
307.94	0.831
308.15	0.826
308.37	0.822
308.58	0.818
308.79	0.813
309.01	0.808
309.22	0.805
309.43	0.801
309.65	0.796
309.86	0.791
310.07	0.788
310.29	0.784
310.50	0.779
310.72	0.775
310.93	0.771
311.14	0.767
311.36	0.762
311.57	0.758
311.78	0.754
312.00	0.750
312.21	0.745
312.42	0.742
312.64	0.738
312.85	0.734
313.07	0.730
313.28	0.727
313.49	0.724
313.71	0.720
313.92	0.715
314.13	0.713
314.35	0.710
314.56	0.706
314.77	0.703
314.99	0.699
315.20	0.695
315.41	0.691
315.63	0.687
315.84	0.684
316.05	0.680
316.27	0.677
316.48	0.674
316.69	0.671
316.91	0.668
317.12	0.665
317.33	0.662
317.55	0.659
317.76	0.656
317.97	0.653
318.19	0.649
318.40	0.646
318.61	0.642
318.83	0.639
319.04	0.635
319.25	0.633
319.47	0.629
319.68	0.626
319.89	0.623
320.10	0.621
320.32	0.618
320.53	0.615
320.74	0.612
320.96	0.609
321.17	0.605
321.38	0.603
321.60	0.600
321.81	0.598
322.02	0.595
322.24	0.591
322.45	0.589
322.66	0.586
322.87	0.583
323.09	0.581
323.30	0.577
323.51	0.575
323.73	0.572
323.94	0.570
324.15	0.567
324.36	0.564
324.58	0.562
324.79	0.559
325.00	0.556
325.22	0.554
325.43	0.551
325.64	0.547
325.85	0.545
326.07	0.543
326.28	0.541
326.49	0.538
326.71	0.535
326.92	0.533
327.13	0.531
327.34	0.529
327.56	0.527
327.77	0.525
327.98	0.522
328.19	0.519
328.41	0.516
328.62	0.513
328.83	0.511
329.04	0.508
329.26	0.506
329.47	0.503
329.68	0.501
329.90	0.500
330.11	0.497
330.32	0.496
330.53	0.493
330.75	0.490
330.96	0.488
331.17	0.486
331.38	0.484
331.60	0.481
331.81	0.478
332.02	0.476
332.23	0.474
332.44	0.472
332.66	0.470
332.87	0.468
333.08	0.465
333.29	0.463
333.51	0.461
333.72	0.459
333.93	0.458
334.14	0.456
334.36	0.453
334.57	0.451
334.78	0.449
334.99	0.447
335.21	0.445
335.42	0.443
335.63	0.441
335.84	0.438
336.05	0.436
336.27	0.434
336.48	0.432
336.69	0.430
336.90	0.429
337.11	0.427
337.33	0.424
337.54	0.422
337.75	0.420
337.96	0.418
338.18	0.416
338.39	0.415
338.60	0.413
338.81	0.411
339.02	0.409
339.24	0.408
339.45	0.406
339.66	0.404
339.87	0.402
340.08	0.400
340.30	0.398
340.51	0.396
340.72	0.393
340.93	0.392
341.14	0.390
341.36	0.389
341.57	0.387
341.78	0.386
341.99	0.384
342.20	0.383
342.41	0.381
342.63	0.379
342.84	0.378
343.05	0.377
343.26	0.374
343.47	0.373
343.69	0.371
343.90	0.369
344.11	0.368
344.32	0.366
344.53	0.365
344.74	0.363
344.96	0.361
345.17	0.360
345.38	0.359
345.59	0.356
345.80	0.354
346.01	0.353
346.23	0.351
346.44	0.350
346.65	0.349
346.86	0.347
347.07	0.345
347.28	0.343
347.50	0.343
347.71	0.341
347.92	0.339
348.13	0.337
348.34	0.335
348.55	0.334
348.76	0.331
348.98	0.330
349.19	0.329
349.40	0.327
349.61	0.326
349.82	0.324
350.03	0.322
350.24	0.321
350.46	0.320
350.67	0.319
350.88	0.317
351.09	0.316
351.30	0.315
351.51	0.313
351.72	0.311
351.93	0.310
352.15	0.309
352.36	0.307
352.57	0.305
352.78	0.304
352.99	0.303
353.20	0.302
353.41	0.300
353.62	0.299
353.84	0.298
354.05	0.296
354.26	0.295
354.47	0.294
354.68	0.292
354.89	0.290
355.10	0.288
355.31	0.287
355.52	0.286
355.74	0.285
355.95	0.284
356.16	0.282
356.37	0.281
356.58	0.280
356.79	0.279
357.00	0.278
357.21	0.276
357.42	0.275
357.63	0.273
357.85	0.272
358.06	0.271
358.27	0.270
358.48	0.269
358.69	0.267
358.90	0.266
359.11	0.264
359.32	0.263
359.53	0.261
359.74	0.259
359.95	0.258
360.17	0.257
360.38	0.255
360.59	0.254
360.80	0.253
361.01	0.252
361.22	0.251
361.43	0.250
361.64	0.249
361.85	0.248
362.06	0.247
362.27	0.246
362.48	0.245
362.69	0.243
362.90	0.242
363.12	0.240
363.33	0.239
363.54	0.238
363.75	0.237
363.96	0.236
364.17	0.235
364.38	0.234
364.59	0.233
364.80	0.232
365.01	0.230
365.22	0.229
365.43	0.228
365.64	0.227
365.85	0.226
366.06	0.224
366.27	0.223
366.48	0.222
366.69	0.220
366.90	0.220
367.11	0.218
367.32	0.217
367.54	0.216
367.75	0.215
367.96	0.214
368.17	0.213
368.38	0.212
368.59	0.211
368.80	0.211
369.01	0.209
369.22	0.209
369.43	0.208
369.64	0.207
369.85	0.206
370.06	0.205
370.27	0.203
370.48	0.202
370.69	0.201
370.90	0.201
371.11	0.200
371.32	0.199
371.53	0.198
371.74	0.197
371.95	0.196
372.16	0.196
372.37	0.195
372.58	0.194
372.79	0.192
373.00	0.191
373.21	0.190
373.42	0.190
373.63	0.189
373.84	0.188
374.05	0.186
374.26	0.185
374.47	0.185
374.68	0.184
374.89	0.183
375.10	0.183
375.31	0.182
375.52	0.180
375.73	0.180
375.94	0.179
376.15	0.179
376.36	0.177
376.57	0.177
376.78	0.176
376.99	0.175
377.20	0.174
377.41	0.174
377.62	0.173
377.83	0.172
378.04	0.171
378.25	0.170
378.46	0.168
378.67	0.167
378.88	0.167
379.09	0.166
379.30	0.165
379.51	0.165
379.72	0.164
379.92	0.163
380.13	0.163
380.34	0.163
380.55	0.162
380.76	0.161
380.97	0.161
381.18	0.160
381.39	0.159
381.60	0.158
381.81	0.157
382.02	0.157
382.23	0.156
382.44	0.155
382.65	0.154
382.86	0.153
383.07	0.152
383.28	0.152
383.49	0.151
383.70	0.150
383.91	0.149
384.11	0.149
384.32	0.148
384.53	0.148
384.74	0.147
384.95	0.147
385.16	0.146
385.37	0.145
385.58	0.145
385.79	0.144
386.00	0.144
386.21	0.144
386.42	0.143
386.63	0.142
386.84	0.142
387.04	0.141
387.25	0.140
387.46	0.140
387.67	0.139
387.88	0.139
388.09	0.138
388.30	0.138
388.51	0.137
388.72	0.137
388.93	0.136
389.14	0.136
389.34	0.135
389.55	0.134
389.76	0.134
389.97	0.133
390.18	0.132
390.39	0.132
390.60	0.131
390.81	0.130
391.02	0.130
391.23	0.129
391.43	0.129
391.64	0.128
391.85	0.128
392.06	0.127
392.27	0.126
392.48	0.126
392.69	0.125
392.90	0.124
393.11	0.124
393.31	0.124
393.52	0.123
393.73	0.123
393.94	0.123
394.15	0.122
394.36	0.122
394.57	0.122
394.78	0.121
394.98	0.120
395.19	0.119
395.40	0.119
395.61	0.119
395.82	0.119
396.03	0.118
396.24	0.118
396.44	0.117
396.65	0.117
396.86	0.116
397.07	0.116
397.28	0.116
397.49	0.115
397.70	0.114
397.90	0.113
398.11	0.113
398.32	0.113
398.53	0.112
398.74	0.112
398.95	0.111
399.16	0.111
399.36	0.110
399.57	0.110
399.78	0.110
399.99	0.110
400.20	0.109
400.41	0.109
400.61	0.108
400.82	0.107
401.03	0.107
401.24	0.107
401.45	0.106
401.66	0.106
401.86	0.106
402.07	0.105
402.28	0.104
402.49	0.104
402.70	0.104
402.91	0.103
403.11	0.103
403.32	0.103
403.53	0.102
403.74	0.101
403.95	0.101
404.15	0.101
404.36	0.101
404.57	0.101
404.78	0.101
404.99	0.100
405.20	0.100
405.40	0.100
405.61	0.100
405.82	0.100
406.03	0.099
406.24	0.098
406.44	0.098
406.65	0.097
406.86	0.097
407.07	0.096
407.28	0.095
407.48	0.095
407.69	0.096
407.90	0.095
408.11	0.096
408.32	0.095
408.52	0.095
408.73	0.095
408.94	0.095
409.15	0.095
409.35	0.095
409.56	0.095
409.77	0.095
409.98	0.094
410.19	0.094
410.39	0.094
410.60	0.093
410.81	0.092
411.02	0.092
411.22	0.091
411.43	0.091
411.64	0.090
411.85	0.090
412.05	0.090
412.26	0.090
412.47	0.090
412.68	0.090
412.89	0.089
413.09	0.088
413.30	0.088
413.51	0.087
413.72	0.087
413.92	0.086
414.13	0.086
414.34	0.086
414.55	0.086
414.75	0.086
414.96	0.087
415.17	0.086
415.38	0.086
415.58	0.086
415.79	0.085
416.00	0.085
416.21	0.085
416.41	0.084
416.62	0.084
416.83	0.084
417.03	0.084
417.24	0.084
417.45	0.083
417.66	0.084
417.86	0.083
418.07	0.083
418.28	0.083
418.49	0.083
418.69	0.082
418.90	0.082
419.11	0.082
419.31	0.082
419.52	0.082
419.73	0.082
419.94	0.082
420.14	0.081
420.35	0.081
420.56	0.081
420.76	0.080
420.97	0.080
421.18	0.081
421.39	0.080
421.59	0.080
421.80	0.079
422.01	0.080
422.21	0.080
422.42	0.079
422.63	0.079
422.84	0.079
423.04	0.079
423.25	0.078
423.46	0.079
423.66	0.078
423.87	0.078
424.08	0.077
424.28	0.077
424.49	0.077
424.70	0.076
424.90	0.076
425.11	0.077
425.32	0.076
425.52	0.076
425.73	0.076
425.94	0.076
426.15	0.076
426.35	0.075
426.56	0.075
426.77	0.075
426.97	0.074
427.18	0.074
427.39	0.074
427.59	0.074
427.80	0.074
428.01	0.074
428.21	0.074
428.42	0.074
428.63	0.073
428.83	0.073
429.04	0.073
429.25	0.073
429.45	0.072
429.66	0.072
429.87	0.071
430.07	0.071
430.28	0.071
430.48	0.071
430.69	0.071
430.90	0.070
431.10	0.070
431.31	0.071
431.52	0.071
431.72	0.070
431.93	0.071
432.14	0.070
432.34	0.070
432.55	0.070
432.76	0.071
432.96	0.070
433.17	0.070
433.37	0.070
433.58	0.070
433.79	0.070
433.99	0.069
434.20	0.070
434.41	0.070
434.61	0.068
434.82	0.069
435.02	0.069
435.23	0.068
435.44	0.068
435.64	0.068
435.85	0.067
436.06	0.066
436.26	0.066
436.47	0.066
436.67	0.066
436.88	0.066
437.09	0.066
437.29	0.066
437.50	0.066
437.70	0.066
437.91	0.066
438.12	0.066
438.32	0.066
438.53	0.066
438.73	0.065
438.94	0.065
439.15	0.065
439.35	0.064
439.56	0.065
439.76	0.065
439.97	0.064
440.18	0.065
440.38	0.064
440.59	0.064
440.79	0.064
441.00	0.064
441.20	0.064
441.41	0.064
441.62	0.063
441.82	0.063
442.03	0.063
442.23	0.063
442.44	0.063
442.65	0.064
442.85	0.063
443.06	0.063
443.26	0.063
443.47	0.063
443.67	0.062
443.88	0.061
444.09	0.061
444.29	0.061
444.50	0.061
444.70	0.061
444.91	0.061
445.11	0.061
445.32	0.061
445.52	0.062
445.73	0.062
445.94	0.062
446.14	0.062
446.35	0.062
446.55	0.062
446.76	0.062
446.96	0.062
447.17	0.062
447.37	0.061
447.58	0.062
447.78	0.061
447.99	0.060
448.20	0.061
448.40	0.061
448.61	0.061
448.81	0.061
449.02	0.061
449.22	0.061
449.43	0.060
449.63	0.061
449.84	0.061
450.04	0.061
450.25	0.060
450.45	0.060
450.66	0.060
450.86	0.060
451.07	0.060
451.27	0.059
451.48	0.059
451.68	0.059
451.89	0.059
452.09	0.059
452.30	0.058
452.50	0.058
452.71	0.058
452.91	0.057
453.12	0.057
453.33	0.057
453.53	0.057
453.74	0.056
453.94	0.056
454.15	0.055
454.35	0.055
454.56	0.055
454.76	0.055
454.96	0.055
455.17	0.055
455.37	0.055
455.58	0.055
455.78	0.056
455.99	0.056
456.19	0.057
456.40	0.057
456.60	0.057
456.81	0.057
457.01	0.056
457.22	0.056
457.42	0.056
457.63	0.056
457.83	0.056
458.04	0.056
458.24	0.056
458.45	0.056
458.65	0.056
458.86	0.056
459.06	0.056
459.27	0.056
459.47	0.056
459.67	0.055
459.88	0.055
460.08	0.055
460.29	0.054
460.49	0.054
460.70	0.055
460.90	0.055
461.11	0.054
461.31	0.054
461.52	0.055
461.72	0.055
461.92	0.054
462.13	0.055
462.33	0.055
462.54	0.054
462.74	0.054
462.95	0.053
463.15	0.053
463.36	0.053
463.56	0.053
463.76	0.053
463.97	0.052
464.17	0.051
464.38	0.052
464.58	0.051
464.79	0.051
464.99	0.051
465.19	0.051
465.40	0.051
465.60	0.051
465.81	0.051
466.01	0.051
466.22	0.051
466.42	0.051
466.62	0.051
466.83	0.051
467.03	0.051
467.24	0.051
467.44	0.051
467.65	0.050
467.85	0.050
468.05	0.050
468.26	0.051
468.46	0.050
468.67	0.051
468.87	0.051
469.07	0.051
469.28	0.051
469.48	0.051
469.69	0.051
469.89	0.051
470.09	0.050
470.30	0.050
470.50	0.050
470.71	0.049
470.91	0.050
471.11	0.049
471.32	0.049
471.52	0.050
471.72	0.049
471.93	0.050
472.13	0.050
472.34	0.050
472.54	0.050
472.74	0.049
472.95	0.049
473.15	0.050
473.35	0.050
473.56	0.050
473.76	0.049
473.97	0.049
474.17	0.049
474.37	0.049
474.58	0.049
474.78	0.050
474.98	0.049
475.19	0.048
475.39	0.048
475.60	0.048
475.80	0.049
476.00	0.048
476.21	0.049
476.41	0.048
476.61	0.047
476.82	0.048
477.02	0.048
477.22	0.048
477.43	0.048
477.63	0.047
477.83	0.048
478.04	0.048
478.24	0.048
478.44	0.048
478.65	0.048
478.85	0.049
479.05	0.048
479.26	0.049
479.46	0.049
479.66	0.048
479.87	0.048
480.07	0.048
480.27	0.048
480.48	0.048
480.68	0.048
480.88	0.047
481.09	0.047
481.29	0.047
481.49	0.047
481.70	0.047
481.90	0.047
482.10	0.046
482.31	0.046
482.51	0.046
482.71	0.046
482.92	0.046
483.12	0.046
483.32	0.045
483.52	0.045
483.73	0.045
483.93	0.045
484.13	0.045
484.34	0.045
484.54	0.045
484.74	0.045
484.95	0.045
485.15	0.046
485.35	0.046
485.55	0.046
485.76	0.046
485.96	0.047
486.16	0.047
486.37	0.047
486.57	0.047
486.77	0.047
486.97	0.046
487.18	0.045
487.38	0.045
487.58	0.045
487.79	0.044
487.99	0.044
488.19	0.043
488.39	0.043
488.60	0.043
488.80	0.043
489.00	0.044
489.20	0.044
489.41	0.044
489.61	0.044
489.81	0.043
490.02	0.043
490.22	0.043
490.42	0.043
490.62	0.044
490.83	0.044
491.03	0.044
491.23	0.043
491.43	0.044
491.64	0.044
491.84	0.044
492.04	0.043
492.24	0.043
492.45	0.042
492.65	0.042
492.85	0.042
493.05	0.042
493.26	0.042
493.46	0.042
493.66	0.042
493.86	0.042
494.07	0.042
494.27	0.042
494.47	0.042
494.67	0.042
494.87	0.042
495.08	0.042
495.28	0.042
495.48	0.042
495.68	0.043
495.89	0.043
496.09	0.043
496.29	0.042
496.49	0.042
496.69	0.041
496.90	0.042
497.10	0.042
497.30	0.041
497.50	0.041
497.71	0.040
497.91	0.040
498.11	0.041
498.31	0.042
498.51	0.042
498.72	0.042
498.92	0.042
499.12	0.042
499.32	0.042
499.52	0.043
499.73	0.043
499.93	0.042
500.13	0.042
500.33	0.042
500.53	0.042
500.74	0.042
500.94	0.042
501.14	0.042
501.34	0.041
501.54	0.041
501.74	0.041
501.95	0.041
502.15	0.041
502.35	0.041
502.55	0.040
502.75	0.040
502.96	0.040
503.16	0.040
503.36	0.040
503.56	0.040
503.76	0.040
503.96	0.039
504.17	0.040
504.37	0.040
504.57	0.040
504.77	0.040
504.97	0.041
505.17	0.040
505.38	0.040
505.58	0.040
505.78	0.040
505.98	0.040
506.18	0.039
506.38	0.039
506.58	0.039
506.79	0.039
506.99	0.039
507.19	0.040
507.39	0.040
507.59	0.039
507.79	0.039
507.99	0.039
508.20	0.038
508.40	0.038
508.60	0.038
508.80	0.038
509.00	0.038
509.20	0.039
509.40	0.039
509.61	0.039
509.81	0.039
510.01	0.040
510.21	0.041
510.41	0.041
510.61	0.040
510.81	0.040
511.01	0.040
511.22	0.040
511.42	0.040
511.62	0.040
511.82	0.039
512.02	0.039
512.22	0.038
512.42	0.039
512.62	0.038
512.82	0.038
513.03	0.037
513.23	0.037
513.43	0.038
513.63	0.038
513.83	0.037
514.03	0.037
514.23	0.037
514.43	0.037
514.63	0.037
514.83	0.038
515.04	0.037
515.24	0.037
515.44	0.037
515.64	0.037
515.84	0.037
516.04	0.037
516.24	0.037
516.44	0.037
516.64	0.037
516.84	0.037
517.04	0.037
517.24	0.037
517.45	0.037
517.65	0.037
517.85	0.037
518.05	0.037
518.25	0.037
518.45	0.036
518.65	0.036
518.85	0.035
519.05	0.035
519.25	0.035
519.45	0.035
519.65	0.034
519.85	0.034
520.05	0.034
520.25	0.034
520.46	0.035
520.66	0.035
520.86	0.035
521.06	0.035
521.26	0.036
521.46	0.035
521.66	0.036
521.86	0.036
522.06	0.036
522.26	0.035
522.46	0.035
522.66	0.035
522.86	0.035
523.06	0.034
523.26	0.034
523.46	0.034
523.66	0.034
523.86	0.034
524.06	0.033
524.26	0.033
524.46	0.033
524.66	0.033
524.86	0.034
525.06	0.034
525.26	0.034
525.46	0.034
525.66	0.034
525.87	0.034
526.07	0.035
526.27	0.034
526.47	0.034
526.67	0.034
526.87	0.034
527.07	0.033
527.27	0.033
527.47	0.033
527.67	0.034
527.87	0.034
528.07	0.034
528.27	0.034
528.47	0.034
528.67	0.035
528.87	0.034
529.07	0.034
529.27	0.035
529.47	0.034
529.67	0.034
529.87	0.034
530.07	0.034
530.27	0.034
530.47	0.033
530.67	0.034
530.87	0.034
531.06	0.033
531.26	0.033
531.46	0.033
531.66	0.032
531.86	0.033
532.06	0.033
532.26	0.033
532.46	0.033
532.66	0.032
532.86	0.033
533.06	0.033
533.26	0.034
533.46	0.034
533.66	0.034
533.86	0.034
534.06	0.034
534.26	0.034
534.46	0.034
534.66	0.034
534.86	0.033
535.06	0.033
535.26	0.033
535.46	0.032
535.66	0.032
535.86	0.032
536.06	0.031
536.26	0.031
536.45	0.031
536.65	0.031
536.85	0.031
537.05	0.031
537.25	0.032
537.45	0.032
537.65	0.032
537.85	0.033
538.05	0.033
538.25	0.033
538.45	0.033
538.65	0.033
538.85	0.033
539.05	0.033
539.25	0.032
539.44	0.033
539.64	0.032
539.84	0.033
540.04	0.033
540.24	0.032
540.44	0.033
540.64	0.033
540.84	0.032
541.04	0.032
541.24	0.032
541.44	0.032
541.64	0.031
541.83	0.032
542.03	0.032
542.23	0.031
542.43	0.032
542.63	0.031
542.83	0.031
543.03	0.031
543.23	0.031
543.43	0.031
543.63	0.030
543.82	0.031
544.02	0.031
544.22	0.031
544.42	0.030
544.62	0.031
544.82	0.030
545.02	0.030
545.22	0.030
545.42	0.030
545.61	0.029
545.81	0.029
546.01	0.029
546.21	0.030
546.41	0.029
546.61	0.030
546.81	0.030
547.01	0.030
547.20	0.030
547.40	0.030
547.60	0.030
547.80	0.030
548.00	0.029
548.20	0.029
548.40	0.029
548.59	0.030
548.79	0.030
548.99	0.029
549.19	0.030
549.39	0.029
549.59	0.029
549.79	0.029
549.98	0.029
550.18	0.029
550.38	0.029
550.58	0.029
550.78	0.030
550.98	0.030
551.17	0.029
551.37	0.030
551.57	0.029
551.77	0.029
551.97	0.029
552.17	0.029
552.36	0.028
552.56	0.027
552.76	0.027
552.96	0.027
553.16	0.027
553.36	0.028
553.55	0.028
553.75	0.028
553.95	0.029
554.15	0.030
554.35	0.030
554.55	0.030
554.74	0.029
554.94	0.030
555.14	0.029
555.34	0.028
555.54	0.028
555.73	0.028
555.93	0.028
556.13	0.028
556.33	0.028
556.53	0.028
556.72	0.027
556.92	0.028
557.12	0.028
557.32	0.028
557.52	0.028
557.71	0.028
557.91	0.028
558.11	0.027
558.31	0.027
558.51	0.028
558.70	0.028
558.90	0.028
559.10	0.028
559.30	0.027
559.49	0.027
559.69	0.027
559.89	0.028
560.09	0.027
560.29	0.027
560.48	0.027
560.68	0.027
560.88	0.027
561.08	0.027
561.27	0.028
561.47	0.028
561.67	0.028
561.87	0.028
562.06	0.028
562.26	0.028
562.46	0.028
562.66	0.028
562.86	0.029
563.05	0.029
563.25	0.028
563.45	0.029
563.65	0.029
563.84	0.028
564.04	0.028
564.24	0.028
564.44	0.028
564.63	0.027
564.83	0.027
565.03	0.027
565.22	0.027
565.42	0.027
565.62	0.027
565.82	0.027
566.01	0.027
566.21	0.027
566.41	0.026
566.61	0.027
566.80	0.027
567.00	0.026
567.20	0.026
567.40	0.027
567.59	0.027
567.79	0.028
567.99	0.028
568.18	0.029
568.38	0.029
568.58	0.029
568.78	0.029
568.97	0.030
569.17	0.030
569.37	0.030
569.56	0.030
569.76	0.030
569.96	0.030
570.16	0.030
570.35	0.030
570.55	0.030
570.75	0.029
570.94	0.029
571.14	0.028
571.34	0.028
571.53	0.028
571.73	0.028
571.93	0.028
572.12	0.028
572.32	0.028
572.52	0.028
572.72	0.028
572.91	0.028
573.11	0.028
573.31	0.028
573.50	0.028
573.70	0.028
573.90	0.027
574.09	0.028
574.29	0.028
574.49	0.028
574.68	0.028
574.88	0.028
575.08	0.028
575.27	0.028
575.47	0.028
575.67	0.028
575.86	0.028
576.06	0.029
576.26	0.028
576.45	0.029
576.65	0.029
576.85	0.028
577.04	0.029
577.24	0.029
577.44	0.028
577.63	0.028
577.83	0.028
578.02	0.028
578.22	0.027
578.42	0.027
578.61	0.027
578.81	0.027
579.01	0.027
579.20	0.028
579.40	0.028
579.60	0.028
579.79	0.028
579.99	0.028
580.19	0.029
580.38	0.029
580.58	0.028
580.77	0.028
580.97	0.028
581.17	0.028
581.36	0.028
581.56	0.027
581.75	0.027
581.95	0.027
582.15	0.027
582.34	0.027
582.54	0.027
582.74	0.027
582.93	0.027
583.13	0.028
583.32	0.028
583.52	0.028
583.72	0.029
583.91	0.029
584.11	0.029
584.30	0.029
584.50	0.029
584.70	0.028
584.89	0.028
585.09	0.028
585.28	0.027
585.48	0.027
585.68	0.027
585.87	0.027
586.07	0.027
586.26	0.027
586.46	0.027
586.66	0.027
586.85	0.027
587.05	0.027
587.24	0.027
587.44	0.027
587.63	0.026
587.83	0.026
588.03	0.026
588.22	0.026
588.42	0.026
588.61	0.026
588.81	0.026
589.00	0.026
589.20	0.026
589.40	0.026
589.59	0.026
589.79	0.026
589.98	0.026
590.18	0.027
590.37	0.027
590.57	0.027
590.76	0.026
590.96	0.027
591.16	0.026
591.35	0.026
591.55	0.027
591.74	0.026
591.94	0.026
592.13	0.026
592.33	0.026
592.52	0.026
592.72	0.026
592.91	0.026
593.11	0.026
593.30	0.026
593.50	0.025
593.70	0.025
593.89	0.025
594.09	0.025
594.28	0.024
594.48	0.024
594.67	0.024
594.87	0.025
595.06	0.025
595.26	0.025
595.45	0.025
595.65	0.025
595.84	0.025
596.04	0.025
596.23	0.025
596.43	0.024
596.62	0.024
596.82	0.025
597.01	0.025
597.21	0.025
597.40	0.025
597.60	0.025
597.79	0.026
597.99	0.026
598.18	0.027
598.38	0.027
598.57	0.027
598.77	0.026
598.96	0.026
599.16	0.026
599.35	0.025
599.55	0.025
599.74	0.025
599.94	0.025
600.13	0.025
600.33	0.025
600.52	0.025
600.72	0.025
600.91	0.025
601.11	0.025
601.30	0.025
601.50	0.025
601.69	0.026
601.89	0.025
602.08	0.025
602.27	0.026
602.47	0.025
602.66	0.026
602.86	0.026
603.05	0.025
603.25	0.025
603.44	0.025
603.64	0.025
603.83	0.025
604.03	0.025
604.22	0.025
604.41	0.025
604.61	0.025
604.80	0.025
605.00	0.025
605.19	0.025
605.39	0.025
605.58	0.025
605.78	0.025
605.97	0.025
606.16	0.025
606.36	0.024
606.55	0.024
606.75	0.025
606.94	0.025
607.14	0.024
607.33	0.024
607.52	0.024
607.72	0.024
607.91	0.024
608.11	0.024
608.30	0.024
608.50	0.024
608.69	0.024
608.88	0.024
609.08	0.024
609.27	0.023
609.47	0.023
609.66	0.023
609.85	0.024
610.05	0.024
610.24	0.024
610.44	0.024
610.63	0.024
610.83	0.024
611.02	0.024
611.21	0.024
611.41	0.024
611.60	0.024
611.80	0.024
611.99	0.024
612.18	0.023
612.38	0.023
612.57	0.023
612.76	0.022
612.96	0.023
613.15	0.023
613.35	0.023
613.54	0.022
613.73	0.022
613.93	0.022
614.12	0.022
614.32	0.022
614.51	0.022
614.70	0.022
614.90	0.022
615.09	0.022
615.28	0.023
615.48	0.023
615.67	0.023
615.86	0.023
616.06	0.023
616.25	0.023
616.45	0.023
616.64	0.022
616.83	0.022
617.03	0.022
617.22	0.023
617.41	0.022
617.61	0.022
617.80	0.022
617.99	0.022
618.19	0.021
618.38	0.022
618.57	0.022
618.77	0.022
618.96	0.022
619.15	0.022
619.35	0.022
619.54	0.021
619.73	0.021
619.93	0.022
620.12	0.022
620.31	0.022
620.51	0.022
620.70	0.022
620.89	0.023
621.09	0.023
621.28	0.023
621.47	0.022
621.67	0.022
621.86	0.022
622.05	0.023
622.25	0.022
622.44	0.022
622.63	0.022
622.83	0.022
623.02	0.022
623.21	0.022
623.41	0.022
623.60	0.022
623.79	0.022
623.98	0.021
624.18	0.021
624.37	0.021
624.56	0.021
624.76	0.021
624.95	0.021
625.14	0.021
625.33	0.021
625.53	0.021
625.72	0.021
625.91	0.022
626.11	0.022
626.30	0.022
626.49	0.022
626.68	0.021
626.88	0.022
627.07	0.022
627.26	0.022
627.46	0.022
627.65	0.022
627.84	0.021
628.03	0.021
628.23	0.022
628.42	0.022
628.61	0.021
628.80	0.021
629.00	0.021
629.19	0.021
629.38	0.021
629.58	0.021
629.77	0.021
629.96	0.021
630.15	0.021
630.35	0.021
630.54	0.021
630.73	0.021
630.92	0.021
631.12	0.020
631.31	0.020
631.50	0.019
631.69	0.020
631.89	0.020
632.08	0.020
632.27	0.020
632.46	0.020
632.65	0.020
632.85	0.020
633.04	0.020
633.23	0.021
633.42	0.021
633.62	0.021
633.81	0.021
634.00	0.020
634.19	0.021
634.39	0.021
634.58	0.021
634.77	0.020
634.96	0.020
635.15	0.020
635.35	0.020
635.54	0.020
635.73	0.020
635.92	0.020
636.11	0.019
636.31	0.019
636.50	0.020
636.69	0.020
636.88	0.020
637.07	0.020
637.27	0.021
637.46	0.021
637.65	0.020
637.84	0.020
638.03	0.020
638.23	0.020
638.42	0.020
638.61	0.020
638.80	0.020
638.99	0.020
639.19	0.019
639.38	0.020
639.57	0.019
639.76	0.019
639.95	0.019
640.14	0.019
640.34	0.019
640.53	0.019
640.72	0.019
640.91	0.018
641.10	0.018
641.30	0.019
641.49	0.019
641.68	0.019
641.87	0.019
642.06	0.019
642.25	0.019
642.44	0.019
642.64	0.019
642.83	0.019
643.02	0.019
643.21	0.019
643.40	0.019
643.59	0.019
643.79	0.019
643.98	0.019
644.17	0.019
644.36	0.018
644.55	0.018
644.74	0.018
644.93	0.019
645.13	0.018
645.32	0.018
645.51	0.019
645.70	0.019
645.89	0.019
646.08	0.019
646.27	0.019
646.46	0.019
646.66	0.018
646.85	0.018
647.04	0.019
647.23	0.019
647.42	0.019
647.61	0.019
647.80	0.019
647.99	0.019
648.19	0.019
648.38	0.019
648.57	0.019
648.76	0.019
648.95	0.019
649.14	0.019
649.33	0.019
649.52	0.019
649.71	0.019
649.91	0.019
650.10	0.020
650.29	0.020
650.48	0.020
650.67	0.020
650.86	0.020
651.05	0.020
651.24	0.020
651.43	0.020
651.62	0.020
651.81	0.020
652.01	0.019
652.20	0.019
652.39	0.020
652.58	0.019
652.77	0.020
652.96	0.020
653.15	0.020
653.34	0.020
653.53	0.019
653.72	0.020
653.91	0.020
654.10	0.020
654.29	0.021
654.48	0.021
654.68	0.022
654.87	0.022
655.06	0.021
655.25	0.022
655.44	0.022
655.63	0.022
655.82	0.021
656.01	0.021
656.20	0.021
656.39	0.021
656.58	0.020
656.77	0.020
656.96	0.020
657.15	0.020
657.34	0.020
657.53	0.019
657.72	0.019
657.91	0.018
658.10	0.018
658.29	0.018
658.48	0.018
658.68	0.018
658.87	0.018
659.06	0.018
659.25	0.018
659.44	0.018
659.63	0.018
659.82	0.018
660.01	0.018
660.20	0.018
660.39	0.018
660.58	0.018
660.77	0.018
660.96	0.018
661.15	0.018
661.34	0.018
661.53	0.018
661.72	0.018
661.91	0.018
662.10	0.019
662.29	0.019
662.48	0.019
662.67	0.019
662.86	0.019
663.05	0.019
663.24	0.019
663.43	0.019
663.62	0.019
663.81	0.019
664.00	0.018
664.19	0.018
664.38	0.019
664.57	0.018
664.76	0.018
664.95	0.018
665.14	0.018
665.33	0.019
665.52	0.018
665.71	0.019
665.90	0.018
666.09	0.018
666.28	0.018
666.46	0.019
666.65	0.019
666.84	0.018
667.03	0.018
667.22	0.019
667.41	0.018
667.60	0.019
667.79	0.019
667.98	0.018
668.17	0.018
668.36	0.018
668.55	0.019
668.74	0.018
668.93	0.018
669.12	0.018
669.31	0.018
669.50	0.018
669.69	0.019
669.88	0.019
670.07	0.020
670.26	0.019
670.44	0.019
670.63	0.019
670.82	0.020
671.01	0.020
671.20	0.019
671.39	0.019
671.58	0.019
671.77	0.019
671.96	0.019
672.15	0.018
672.34	0.018
672.53	0.018
672.72	0.019
672.91	0.018
673.09	0.018
673.28	0.019
673.47	0.018
673.66	0.018
673.85	0.019
674.04	0.019
674.23	0.019
674.42	0.018
674.61	0.019
674.80	0.019
674.98	0.019
675.17	0.019
675.36	0.018
675.55	0.018
675.74	0.018
675.93	0.018
676.12	0.019
676.31	0.018
676.50	0.018
676.69	0.018
676.87	0.018
677.06	0.018
677.25	0.018
677.44	0.018
677.63	0.018
677.82	0.018
678.01	0.018
678.20	0.018
678.38	0.018
678.57	0.019
678.76	0.018
678.95	0.018
679.14	0.018
679.33	0.018
679.52	0.018
679.71	0.019
679.89	0.018
680.08	0.019
680.27	0.018
680.46	0.018
680.65	0.018
680.84	0.018
681.02	0.018
681.21	0.018
681.40	0.018
681.59	0.018
681.78	0.018
681.97	0.018
682.16	0.018
682.34	0.019
682.53	0.019
682.72	0.019
682.91	0.018
683.10	0.018
683.29	0.018
683.47	0.019
683.66	0.018
683.85	0.019
684.04	0.018
684.23	0.019
684.42	0.019
684.60	0.019
684.79	0.019
684.98	0.019
685.17	0.019
685.36	0.019
685.54	0.018
685.73	0.019
685.92	0.019
686.11	0.018
686.30	0.018
686.49	0.018
686.67	0.018
686.86	0.018
687.05	0.018
687.24	0.018
687.43	0.019
687.61	0.018
687.80	0.019
687.99	0.019
688.18	0.019
688.36	0.018
688.55	0.018
688.74	0.018
688.93	0.018
689.12	0.018
689.30	0.018
689.49	0.017
689.68	0.017
689.87	0.017
690.06	0.018
690.24	0.018
690.43	0.018
690.62	0.018
690.81	0.018
690.99	0.018
691.18	0.019
691.37	0.018
691.56	0.018
691.74	0.018
691.93	0.018
692.12	0.018
692.31	0.018
692.50	0.018
692.68	0.017
692.87	0.017
693.06	0.017
693.25	0.018
693.43	0.017
693.62	0.018
693.81	0.017
694.00	0.017
694.18	0.017
694.37	0.018
694.56	0.018
694.74	0.018
694.93	0.018
695.12	0.018
695.31	0.018
695.49	0.018
695.68	0.018
695.87	0.018
696.06	0.018
696.24	0.018
696.43	0.019
696.62	0.018
696.80	0.019
696.99	0.019
697.18	0.019
697.37	0.018
697.55	0.018
697.74	0.018
697.93	0.018
698.12	0.018
698.30	0.019
698.49	0.018
698.68	0.018
698.86	0.018
699.05	0.018
699.24	0.018
699.42	0.018
699.61	0.018
699.80	0.017
699.99	0.017
700.17	0.018
700.36	0.018
700.55	0.018
700.73	0.018
700.92	0.017
701.11	0.017
701.29	0.017
701.48	0.018
701.67	0.017
701.85	0.017
702.04	0.017
702.23	0.017
702.41	0.017
702.60	0.017
702.79	0.017
702.97	0.017
703.16	0.017
703.35	0.018
703.53	0.018
703.72	0.018
703.91	0.018
704.09	0.018
704.28	0.018
704.47	0.018
704.65	0.018
704.84	0.018
705.03	0.018
705.21	0.018
705.40	0.017
705.59	0.018
705.77	0.018
705.96	0.017
706.15	0.018
706.33	0.018
706.52	0.018
706.71	0.018
706.89	0.018
707.08	0.018
707.26	0.018
707.45	0.018
707.64	0.018
707.82	0.018
708.01	0.018
708.20	0.018
708.38	0.018
708.57	0.017
708.75	0.017
708.94	0.017
709.13	0.018
709.31	0.017
709.50	0.017
709.69	0.018
709.87	0.018
710.06	0.017
710.24	0.018
710.43	0.018
710.62	0.018
710.80	0.018
710.99	0.018
711.17	0.018
711.36	0.017
711.55	0.018
711.73	0.018
711.92	0.018
712.10	0.018
712.29	0.018
712.48	0.018
712.66	0.018
712.85	0.018
713.03	0.018
713.22	0.018
713.40	0.018
713.59	0.018
713.78	0.018
713.96	0.018
714.15	0.018
714.33	0.018
714.52	0.018
714.71	0.018
714.89	0.018
715.08	0.018
715.26	0.017
715.45	0.017
715.63	0.017
715.82	0.016
716.00	0.016
716.19	0.017
716.38	0.017
716.56	0.017
716.75	0.017
716.93	0.018
717.12	0.018
717.30	0.018
717.49	0.018
717.67	0.018
717.86	0.018
718.05	0.018
718.23	0.018
718.42	0.018
718.60	0.018
718.79	0.018
718.97	0.018
719.16	0.018
719.34	0.018
719.53	0.018
719.71	0.018
719.90	0.018
720.08	0.018
720.27	0.018
720.45	0.018
720.64	0.017
720.83	0.018
721.01	0.017
721.20	0.017
721.38	0.017
721.57	0.018
721.75	0.018
721.94	0.018
722.12	0.017
722.31	0.018
722.49	0.018
722.68	0.018
722.86	0.018
723.05	0.018
723.23	0.017
723.42	0.017
723.60	0.017
723.79	0.018
723.97	0.018
724.16	0.018
724.34	0.018
724.53	0.018
724.71	0.018
724.90	0.018
725.08	0.018
725.27	0.018
725.45	0.018
725.64	0.017
725.82	0.017
726.00	0.017
726.19	0.017
726.37	0.017
726.56	0.017
726.74	0.017
726.93	0.017
727.11	0.018
727.30	0.018
727.48	0.018
727.67	0.018
727.85	0.018
728.04	0.018
728.22	0.018
728.40	0.018
728.59	0.018
728.77	0.017
728.96	0.017
729.14	0.017
729.33	0.017
729.51	0.017
729.70	0.017
729.88	0.017
730.07	0.017
730.25	0.017
730.43	0.018
730.62	0.018
730.80	0.018
730.99	0.018
731.17	0.018
731.36	0.018
731.54	0.018
731.72	0.018
731.91	0.018
732.09	0.018
732.28	0.018
732.46	0.018
732.65	0.019
732.83	0.019
733.01	0.019
733.20	0.019
733.38	0.019
733.57	0.019
733.75	0.019
733.93	0.019
734.12	0.018
734.30	0.018
734.49	0.018
734.67	0.018
734.85	0.018
735.04	0.018
735.22	0.018
735.41	0.018
735.59	0.018
735.77	0.018
735.96	0.018
736.14	0.018
736.33	0.018
736.51	0.017
736.69	0.018
736.88	0.018
737.06	0.017
737.25	0.018
737.43	0.018
737.61	0.018
737.80	0.018
737.98	0.018
738.16	0.018
738.35	0.018
738.53	0.018
738.71	0.018
738.90	0.018
739.08	0.017
739.27	0.017
739.45	0.017
739.63	0.017
739.82	0.017
740.00	0.017
740.18	0.016
740.37	0.016
740.55	0.017
740.73	0.016
740.92	0.016
741.10	0.016
741.28	0.016
741.47	0.017
741.65	0.017
741.83	0.017
742.02	0.017
742.20	0.017
742.38	0.017
742.57	0.017
742.75	0.017
742.93	0.017
743.12	0.017
743.30	0.017
743.48	0.017
743.67	0.017
743.85	0.017
744.03	0.017
744.22	0.017
744.40	0.017
744.58	0.018
744.77	0.017
744.95	0.017
745.13	0.017
745.32	0.017
745.50	0.017
745.68	0.017
745.87	0.017
746.05	0.017
746.23	0.017
746.41	0.017
746.60	0.017
746.78	0.017
746.96	0.017
747.15	0.017
747.33	0.017
747.51	0.017
747.70	0.017
747.88	0.017
748.06	0.017
748.24	0.017
748.43	0.017
748.61	0.017
748.79	0.017
748.97	0.017
749.16	0.017
749.34	0.016
749.52	0.016
749.71	0.017
749.89	0.017
750.07	0.017
750.25	0.018
750.44	0.018
750.62	0.018
750.80	0.018
750.98	0.018
751.17	0.018
751.35	0.018
751.53	0.018
751.71	0.017
751.90	0.018
752.08	0.017
752.26	0.017
752.44	0.017
752.63	0.017
752.81	0.017
752.99	0.017
753.17	0.017
753.36	0.018
753.54	0.017
753.72	0.017
753.90	0.018
754.09	0.019
754.27	0.019
754.45	0.018
754.63	0.018
754.82	0.018
755.00	0.018
755.18	0.018
755.36	0.018
755.54	0.018
755.73	0.017
755.91	0.017
756.09	0.017
756.27	0.017
756.45	0.018
756.64	0.018
756.82	0.018
757.00	0.018
757.18	0.018
757.37	0.019
757.55	0.018
757.73	0.018
757.91	0.018
758.09	0.018
758.27	0.017
758.46	0.017
758.64	0.017
758.82	0.017
759.00	0.017
759.18	0.017
759.37	0.017
759.55	0.017
759.73	0.017
759.91	0.017
760.09	0.017
760.28	0.017
760.46	0.017
760.64	0.017
760.82	0.017
761.00	0.017
761.18	0.017
761.37	0.017
761.55	0.017
761.73	0.017
761.91	0.017
762.09	0.017
762.27	0.017
762.46	0.017
762.64	0.017
762.82	0.017
763.00	0.017
763.18	0.017
763.36	0.017
763.54	0.017
763.73	0.017
763.91	0.017
764.09	0.017
764.27	0.017
764.45	0.017
764.63	0.017
764.81	0.017
765.00	0.017
765.18	0.017
765.36	0.016
765.54	0.016
765.72	0.016
765.90	0.016
766.08	0.016
766.27	0.016
766.45	0.016
766.63	0.016
766.81	0.016
766.99	0.017
767.17	0.016
767.35	0.016
767.53	0.017
767.71	0.017
767.90	0.017
768.08	0.017
768.26	0.017
768.44	0.017
768.62	0.017
768.80	0.017
768.98	0.017
769.16	0.017
769.34	0.017
769.52	0.016
769.71	0.017
769.89	0.017
770.07	0.017
770.25	0.017
770.43	0.017
770.61	0.017
770.79	0.017
770.97	0.017
771.15	0.017
771.33	0.017
771.51	0.017
771.69	0.017
771.88	0.017
772.06	0.017
772.24	0.017
772.42	0.017
772.60	0.017
772.78	0.017
772.96	0.017
773.14	0.017
773.32	0.017
773.50	0.016
773.68	0.016
773.86	0.016
774.04	0.016
774.22	0.016
774.40	0.016
774.58	0.017
774.77	0.017
774.95	0.017
775.13	0.017
775.31	0.017
775.49	0.017
775.67	0.017
775.85	0.017
776.03	0.017
776.21	0.016
776.39	0.016
776.57	0.016
776.75	0.016
776.93	0.016
777.11	0.016
777.29	0.016
777.47	0.016
777.65	0.016
777.83	0.016
778.01	0.016
778.19	0.016
778.37	0.016
778.55	0.016
778.73	0.016
778.91	0.016
779.09	0.016
779.27	0.016
779.45	0.016
779.63	0.016
779.81	0.016
779.99	0.016
780.17	0.016
780.35	0.016
780.53	0.016
780.71	0.016
780.89	0.016
781.07	0.016
781.25	0.016
781.43	0.016
781.61	0.016
781.79	0.016
781.97	0.016
782.15	0.016
782.33	0.016
782.51	0.016
782.69	0.016
782.87	0.016
783.05	0.017
783.23	0.016
783.41	0.016
783.59	0.016
783.77	0.016
783.95	0.016
784.13	0.016
784.31	0.016
784.49	0.016
784.67	0.016
784.85	0.017
785.03	0.017
785.21	0.017
785.38	0.017
785.56	0.017
785.74	0.017
785.92	0.017
786.10	0.017
786.28	0.017
786.46	0.016
786.64	0.016
786.82	0.016
787.00	0.016
787.18	0.016
787.36	0.016
787.54	0.016
787.72	0.016
787.90	0.016
788.08	0.017
788.25	0.017
788.43	0.016
788.61	0.016
788.79	0.016
788.97	0.016
789.15	0.016
789.33	0.016
789.51	0.016
789.69	0.015
789.87	0.015
790.05	0.015
790.23	0.015
790.40	0.016
790.58	0.016
790.76	0.016
790.94	0.016
791.12	0.016
791.30	0.016
791.48	0.016
791.66	0.016
791.84	0.016
792.02	0.017
792.19	0.017
792.37	0.017
792.55	0.017
792.73	0.016
792.91	0.016
793.09	0.017
793.27	0.017
793.45	0.017
793.63	0.017
793.80	0.017
793.98	0.017
794.16	0.018
794.34	0.018
794.52	0.018
794.70	0.017
794.88	0.017
795.05	0.017
795.23	0.017
795.41	0.017
795.59	0.017
795.77	0.016
795.95	0.016
796.13	0.016
796.30	0.016
796.48	0.015
796.66	0.015
796.84	0.015
797.02	0.015
797.20	0.016
797.38	0.016
797.55	0.016
797.73	0.016
797.91	0.016
798.09	0.016
798.27	0.016
798.45	0.016
798.62	0.016
798.80	0.016
798.98	0.016
799.16	0.016
799.34	0.016
799.52	0.016
799.69	0.016
799.87	0.016
800.05	0.016
800.23	0.016
800.41	0.016
800.58	0.016
800.76	0.016
800.94	0.016
801.12	0.016
801.30	0.016
801.47	0.016
801.65	0.016
801.83	0.016
802.01	0.016
802.19	0.016
802.36	0.016
802.54	0.016
802.72	0.015
802.90	0.016
803.08	0.015
803.25	0.015
803.43	0.016
803.61	0.016
803.79	0.016
803.97	0.016
804.14	0.016
804.32	0.016
804.50	0.016
804.68	0.016
804.85	0.015
805.03	0.015
805.21	0.015
805.39	0.015
805.56	0.015
805.74	0.015
805.92	0.015
806.10	0.015
806.28	0.015
806.45	0.016
806.63	0.015
806.81	0.015
806.99	0.015
807.16	0.014
807.34	0.014
807.52	0.015
807.70	0.014
807.87	0.015
808.05	0.014
808.23	0.014
808.41	0.015
808.58	0.014
808.76	0.015
808.94	0.015
809.11	0.015
809.29	0.015
809.47	0.015
809.65	0.015
809.82	0.015
810.00	0.015
810.18	0.015
810.36	0.015
810.53	0.014
810.71	0.014
810.89	0.014
811.06	0.015
811.24	0.015
811.42	0.014
811.60	0.014
811.77	0.014
811.95	0.014
812.13	0.014
812.30	0.014
812.48	0.014
812.66	0.014
812.83	0.014
813.01	0.014
813.19	0.014
813.37	0.014
813.54	0.014
813.72	0.015
813.90	0.014
814.07	0.015
814.25	0.015
814.43	0.014
814.60	0.014
814.78	0.014
814.96	0.014
815.13	0.015
815.31	0.014
815.49	0.014
815.66	0.014
815.84	0.015
816.02	0.015
816.19	0.015
816.37	0.016
816.55	0.016
816.72	0.015
816.90	0.015
817.08	0.015
817.25	0.015
817.43	0.015
817.61	0.014
817.78	0.014
817.96	0.014
818.14	0.014
818.31	0.014
818.49	0.014
818.67	0.014
818.84	0.015
819.02	0.015
819.19	0.015
819.37	0.015
819.55	0.015
819.72	0.016
819.90	0.016
820.08	0.016
820.25	0.016
820.43	0.015
820.60	0.015
820.78	0.015
820.96	0.015
821.13	0.014
821.31	0.014
821.49	0.014
821.66	0.013
821.84	0.013
822.01	0.013
822.19	0.013
822.37	0.013
822.54	0.013
822.72	0.013
822.89	0.013
823.07	0.013
823.25	0.013
823.42	0.014
823.60	0.014
823.77	0.014
823.95	0.014
824.13	0.014
824.30	0.014
824.48	0.014
824.65	0.013
824.83	0.014
825.01	0.014
825.18	0.014
825.36	0.014
825.53	0.014
825.71	0.014
825.88	0.013
826.06	0.014
826.24	0.014
826.41	0.014
826.59	0.014
826.76	0.014
826.94	0.014
827.11	0.014
827.29	0.014
827.47	0.014
827.64	0.013
827.82	0.013
827.99	0.013
828.17	0.013
828.34	0.013
828.52	0.013
828.69	0.013
828.87	0.013
829.04	0.013
829.22	0.013
829.40	0.014
829.57	0.014
829.75	0.014
829.92	0.014
830.10	0.014
830.27	0.014
830.45	0.013
830.62	0.013
830.80	0.013
830.97	0.013
831.15	0.013
831.32	0.013
831.50	0.013
831.67	0.012
831.85	0.013
832.02	0.013
832.20	0.013
832.37	0.013
832.55	0.013
832.73	0.013
832.90	0.014
833.08	0.013
833.25	0.013
833.43	0.013
833.60	0.013
833.78	0.013
833.95	0.012
834.13	0.012
834.30	0.012
834.48	0.012
834.65	0.013
834.82	0.013
835.00	0.013
835.17	0.013
835.35	0.013
835.52	0.014
835.70	0.014
835.87	0.015
836.05	0.014
836.22	0.015
836.40	0.014
836.57	0.014
836.75	0.013
836.92	0.013
837.10	0.013
837.27	0.013
837.45	0.013
837.62	0.013
837.80	0.013
837.97	0.013
838.14	0.014
838.32	0.014
838.49	0.014
838.67	0.013
838.84	0.013
839.02	0.013
839.19	0.013
839.37	0.012
839.54	0.013
839.71	0.013
839.89	0.013
840.06	0.013
840.24	0.013
840.41	0.013
840.59	0.013
840.76	0.013
840.94	0.014
841.11	0.013
841.28	0.013
841.46	0.014
841.63	0.014
841.81	0.014
841.98	0.015
842.15	0.015
842.33	0.014
842.50	0.014
842.68	0.014
842.85	0.014
843.03	0.013
843.20	0.013
843.37	0.013
843.55	0.013
843.72	0.013
843.90	0.014
844.07	0.014
844.24	0.013
844.42	0.014
844.59	0.014
844.77	0.014
844.94	0.014
845.11	0.013
845.29	0.013
845.46	0.012
845.63	0.012
845.81	0.012
845.98	0.011
846.16	0.011
846.33	0.011
846.50	0.011
846.68	0.011
846.85	0.011
847.02	0.011
847.20	0.011
847.37	0.011
847.55	0.011
847.72	0.011
847.89	0.011
848.07	0.011
848.24	0.011
848.41	0.012
848.59	0.011
848.76	0.011
848.93	0.011
849.11	0.011
849.28	0.012
849.45	0.012
849.63	0.012
849.80	0.012
849.97	0.012
850.15	0.013
850.32	0.013
850.49	0.012
850.67	0.012
850.84	0.012
851.01	0.012
851.19	0.011
851.36	0.011
851.53	0.011
851.71	0.011
851.88	0.011
852.05	0.011
852.23	0.012
852.40	0.012
852.57	0.012
852.75	0.012
852.92	0.012
853.09	0.012
853.27	0.012
853.44	0.012
853.61	0.011
853.79	0.011
853.96	0.011
854.13	0.011
854.30	0.011
854.48	0.012
854.65	0.012
854.82	0.011
855.00	0.011
855.17	0.011
855.34	0.012
855.51	0.012
855.69	0.011
855.86	0.011
856.03	0.011
856.21	0.011
856.38	0.011
856.55	0.011
856.72	0.011
856.90	0.012
857.07	0.012
857.24	0.012
857.42	0.012
857.59	0.012
857.76	0.012
857.93	0.011
858.11	0.012
858.28	0.011
858.45	0.011
858.62	0.011
858.80	0.011
858.97	0.011
859.14	0.010
859.31	0.011
859.49	0.011
859.66	0.011
859.83	0.011
860.00	0.011
860.18	0.011
860.35	0.011
860.52	0.011
860.69	0.011
860.86	0.011
861.04	0.011
861.21	0.010
861.38	0.010
861.55	0.009
861.73	0.009
861.90	0.009
862.07	0.009
862.24	0.010
862.42	0.010
862.59	0.010
862.76	0.011
862.93	0.011
863.10	0.010
863.28	0.010
863.45	0.009
863.62	0.010
863.79	0.009
863.96	0.010
864.14	0.009
864.31	0.010
864.48	0.010
864.65	0.010
864.82	0.010
865.00	0.010
865.17	0.010
865.34	0.011
865.51	0.010
865.68	0.010
865.86	0.009
866.03	0.008
866.20	0.008
866.37	0.008
866.54	0.008
866.71	0.008
866.89	0.008
867.06	0.009
867.23	0.009
867.40	0.010
867.57	0.010
867.74	0.010
867.92	0.011
868.09	0.010
868.26	0.010
868.43	0.011
868.60	0.011
868.77	0.010
868.95	0.010
869.12	0.010
869.29	0.010
869.46	0.009
869.63	0.010
869.80	0.010
869.97	0.009
870.15	0.009
870.32	0.009
870.49	0.009
870.66	0.009
870.83	0.010
871.00	0.010
871.17	0.010
871.34	0.010
871.52	0.010
871.69	0.009
871.86	0.009
872.03	0.009
872.20	0.008
872.37	0.008
872.54	0.008
872.71	0.007
872.89	0.008
873.06	0.009
873.23	0.009
873.40	0.009
873.57	0.010
873.74	0.010
873.91	0.010
874.08	0.010
874.25	0.011
874.42	0.010
874.60	0.010
874.77	0.010
874.94	0.010
875.11	0.010
875.28	0.010
875.45	0.010
875.62	0.010
875.79	0.008
875.96	0.008
876.13	0.008
876.30	0.008
876.47	0.008
876.65	0.009
876.82	0.009
876.99	0.008
877.16	0.008
877.33	0.009
877.50	0.008
877.67	0.009
877.84	0.009
878.01	0.009
878.18	0.008
878.35	0.009
878.52	0.009
878.69	0.009
878.86	0.008
879.03	0.008
879.20	0.008
879.38	0.008
879.55	0.007
879.72	0.008
879.89	0.008
880.06	0.008
880.23	0.009
880.40	0.009
880.57	0.010
880.74	0.010
880.91	0.011
881.08	0.011
881.25	0.011
881.42	0.011
881.59	0.011
881.76	0.011
881.93	0.011
882.10	0.011
882.27	0.011
882.44	0.010
882.61	0.011
882.78	0.011
882.95	0.011
883.12	0.011
883.29	0.012
883.46	0.012
883.63	0.011
883.80	0.012
883.97	0.011
884.14	0.011
884.31	0.012
884.48	0.012
884.65	0.012
884.82	0.012
884.99	0.012
885.16	0.012
885.33	0.012
885.50	0.012
885.67	0.012
885.84	0.011
886.01	0.011
886.18	0.010
886.35	0.011
886.52	0.011
886.69	0.010
886.86	0.010
887.03	0.011
887.20	0.011
887.37	0.012
887.54	0.011
887.71	0.011
887.88	0.010
888.05	0.010
888.22	0.012
888.39	0.012
888.55	0.011
888.72	0.011
888.89	0.011
889.06	0.011
889.23	0.011
889.40	0.013
889.57	0.012
889.74	0.012
889.91	0.013
890.08	0.013
890.25	0.013
890.42	0.013
890.59	0.013
890.76	0.013
890.93	0.012
891.10	0.013
891.26	0.012
891.43	0.012
891.60	0.013
891.77	0.012
891.94	0.013
892.11	0.013
892.28	0.013
892.45	0.013
892.62	0.013
892.79	0.013
892.96	0.012
893.13	0.010
893.29	0.011
893.46	0.010
893.63	0.010
893.80	0.010
893.97	0.011
894.14	0.011
894.31	0.011
894.48	0.017
894.65	0.019
894.81	0.011
894.98	0.011
