177.34	-0.000
177.56	-0.000
177.78	-0.000
178.00	0.526
178.22	-0.000
178.44	1.426
178.66	0.347
178.89	0.180
179.11	0.020
179.33	-0.006
179.55	-0.058
179.77	0.167
179.99	0.070
180.21	0.216
180.43	0.327
180.65	0.315
180.87	0.186
181.09	0.204
181.31	0.173
181.53	0.143
181.75	0.092
181.97	0.116
182.19	0.113
182.41	0.102
182.63	0.091
182.85	0.124
183.07	0.098
183.30	0.112
183.52	0.136
183.74	0.171
183.96	0.174
184.18	0.200
184.40	0.190
184.62	0.222
184.84	0.225
185.06	0.278
185.28	0.286
185.50	0.267
185.72	0.286
185.94	0.288
186.16	0.293
186.38	0.346
186.60	0.355
186.82	0.403
187.04	0.431
187.26	0.463
187.48	0.519
187.70	0.553
187.92	0.598
188.14	0.624
188.36	0.655
188.58	0.702
188.80	0.706
189.02	0.730
189.24	0.769
189.46	0.754
189.68	0.776
189.90	0.784
190.12	0.821
190.34	0.802
190.56	0.804
190.78	0.817
191.00	0.819
191.22	0.806
191.44	0.842
191.66	0.859
191.88	0.862
192.10	0.864
192.32	0.906
192.54	0.923
192.76	0.955
192.98	0.958
193.20	0.983
193.42	0.990
193.64	1.001
193.86	1.018
194.08	1.032
194.30	1.027
194.52	1.039
194.74	1.032
194.96	1.039
195.18	1.067
195.40	1.081
195.62	1.077
195.84	1.083
196.06	1.103
196.28	1.112
196.50	1.110
196.72	1.119
196.94	1.132
197.16	1.120
197.38	1.118
197.60	1.119
197.82	1.138
198.04	1.109
198.26	1.117
198.48	1.135
198.70	1.143
198.92	1.165
199.13	1.170
199.35	1.180
199.57	1.176
199.79	1.181
200.01	1.189
200.23	1.192
200.45	1.188
200.67	1.171
200.89	1.162
201.11	1.181
201.33	1.185
201.55	1.220
201.77	1.235
201.99	1.271
202.21	1.267
202.43	1.281
202.65	1.289
202.87	1.297
203.09	1.285
203.31	1.294
203.52	1.290
203.74	1.300
203.96	1.298
204.18	1.332
204.40	1.339
204.62	1.368
204.84	1.383
205.06	1.409
205.28	1.435
205.50	1.449
205.72	1.449
205.94	1.463
206.16	1.456
206.38	1.464
206.59	1.475
206.81	1.482
207.03	1.488
207.25	1.474
207.47	1.480
207.69	1.474
207.91	1.465
208.13	1.460
208.35	1.454
208.57	1.456
208.79	1.463
209.01	1.466
209.22	1.483
209.44	1.491
209.66	1.512
209.88	1.518
210.10	1.537
210.32	1.571
210.54	1.568
210.76	1.556
210.98	1.550
211.20	1.550
211.42	1.542
211.63	1.537
211.85	1.535
212.07	1.534
212.29	1.530
212.51	1.555
212.73	1.572
212.95	1.592
213.17	1.593
213.39	1.587
213.60	1.598
213.82	1.601
214.04	1.597
214.26	1.586
214.48	1.566
214.70	1.565
214.92	1.556
215.14	1.546
215.35	1.557
215.57	1.555
215.79	1.557
216.01	1.560
216.23	1.561
216.45	1.559
216.67	1.554
216.89	1.551
217.10	1.546
217.32	1.534
217.54	1.530
217.76	1.523
217.98	1.502
218.20	1.487
218.42	1.473
218.64	1.459
218.85	1.441
219.07	1.430
219.29	1.414
219.51	1.392
219.73	1.385
219.95	1.375
220.17	1.354
220.38	1.336
220.60	1.310
220.82	1.293
221.04	1.271
221.26	1.252
221.48	1.231
221.69	1.204
221.91	1.187
222.13	1.168
222.35	1.145
222.57	1.131
222.79	1.109
223.00	1.090
223.22	1.070
223.44	1.049
223.66	1.028
223.88	1.005
224.10	0.984
224.32	0.965
224.53	0.944
224.75	0.924
224.97	0.902
225.19	0.881
225.41	0.862
225.62	0.845
225.84	0.826
226.06	0.809
226.28	0.793
226.50	0.775
226.72	0.758
226.93	0.742
227.15	0.725
227.37	0.708
227.59	0.689
227.81	0.674
228.02	0.656
228.24	0.639
228.46	0.624
228.68	0.608
228.90	0.593
229.12	0.579
229.33	0.566
229.55	0.552
229.77	0.538
229.99	0.527
230.21	0.516
230.42	0.504
230.64	0.492
230.86	0.481
231.08	0.470
231.30	0.458
231.51	0.449
231.73	0.439
231.95	0.428
232.17	0.419
232.38	0.409
232.60	0.399
232.82	0.389
233.04	0.380
233.26	0.372
233.47	0.362
233.69	0.354
233.91	0.345
234.13	0.337
234.35	0.328
234.56	0.321
234.78	0.314
235.00	0.307
235.22	0.299
235.43	0.293
235.65	0.286
235.87	0.280
236.09	0.275
236.30	0.268
236.52	0.263
236.74	0.257
236.96	0.251
237.18	0.246
237.39	0.239
237.61	0.233
237.83	0.228
238.05	0.222
238.26	0.218
238.48	0.213
238.70	0.209
238.92	0.205
239.13	0.201
239.35	0.197
239.57	0.194
239.79	0.190
240.00	0.186
240.22	0.183
240.44	0.179
240.66	0.175
240.87	0.171
241.09	0.167
241.31	0.164
241.53	0.161
241.74	0.157
241.96	0.154
242.18	0.151
242.40	0.148
242.61	0.145
242.83	0.143
243.05	0.140
243.27	0.137
243.48	0.135
243.70	0.133
243.92	0.131
244.13	0.128
244.35	0.126
244.57	0.124
244.79	0.122
245.00	0.120
245.22	0.118
245.44	0.117
245.65	0.114
245.87	0.112
246.09	0.111
246.31	0.109
246.52	0.108
246.74	0.106
246.96	0.105
247.18	0.103
247.39	0.101
247.61	0.101
247.83	0.099
248.04	0.098
248.26	0.096
248.48	0.095
248.69	0.094
248.91	0.092
249.13	0.092
249.35	0.090
249.56	0.089
249.78	0.088
250.00	0.087
250.21	0.085
250.43	0.084
250.65	0.083
250.86	0.083
251.08	0.081
251.30	0.081
251.51	0.080
251.73	0.079
251.95	0.078
252.17	0.078
252.38	0.077
252.60	0.076
252.82	0.076
253.03	0.075
253.25	0.074
253.47	0.073
253.68	0.073
253.90	0.072
254.12	0.072
254.33	0.071
254.55	0.071
254.77	0.070
254.98	0.069
255.20	0.069
255.42	0.069
255.63	0.069
255.85	0.069
256.07	0.068
256.28	0.068
256.50	0.068
256.72	0.067
256.93	0.067
257.15	0.067
257.37	0.067
257.58	0.065
257.80	0.065
258.02	0.065
258.23	0.064
258.45	0.064
258.67	0.063
258.88	0.063
259.10	0.062
259.32	0.063
259.53	0.063
259.75	0.062
259.96	0.062
260.18	0.061
260.40	0.061
260.61	0.061
260.83	0.061
261.05	0.061
261.26	0.060
261.48	0.060
261.70	0.060
261.91	0.060
262.13	0.060
262.34	0.059
262.56	0.059
262.78	0.059
262.99	0.059
263.21	0.059
263.43	0.059
263.64	0.059
263.86	0.058
264.07	0.058
264.29	0.058
264.51	0.058
264.72	0.058
264.94	0.058
265.16	0.058
265.37	0.058
265.59	0.058
265.80	0.058
266.02	0.058
266.24	0.058
266.45	0.058
266.67	0.058
266.88	0.058
267.10	0.058
267.32	0.057
267.53	0.057
267.75	0.056
267.96	0.057
268.18	0.057
268.40	0.056
268.61	0.056
268.83	0.056
269.04	0.056
269.26	0.056
269.48	0.056
269.69	0.056
269.91	0.056
270.12	0.055
270.34	0.056
270.56	0.055
270.77	0.055
270.99	0.055
271.20	0.055
271.42	0.054
271.64	0.054
271.85	0.055
272.07	0.054
272.28	0.054
272.50	0.053
272.71	0.053
272.93	0.053
273.15	0.053
273.36	0.053
273.58	0.053
273.79	0.052
274.01	0.053
274.22	0.053
274.44	0.053
274.66	0.053
274.87	0.052
275.09	0.052
275.30	0.051
275.52	0.051
275.73	0.051
275.95	0.050
276.16	0.050
276.38	0.050
276.60	0.050
276.81	0.050
277.03	0.050
277.24	0.049
277.46	0.050
277.67	0.049
277.89	0.049
278.10	0.049
278.32	0.049
278.53	0.049
278.75	0.048
278.97	0.049
279.18	0.049
279.40	0.048
279.61	0.048
279.83	0.048
280.04	0.048
280.26	0.048
280.47	0.048
280.69	0.048
280.90	0.047
281.12	0.047
281.33	0.047
281.55	0.047
281.76	0.047
281.98	0.047
282.20	0.047
282.41	0.047
282.63	0.047
282.84	0.046
283.06	0.046
283.27	0.045
283.49	0.045
283.70	0.045
283.92	0.044
284.13	0.044
284.35	0.044
284.56	0.044
284.78	0.044
284.99	0.044
285.21	0.043
285.42	0.043
285.64	0.043
285.85	0.042
286.07	0.042
286.28	0.042
286.50	0.042
286.71	0.042
286.93	0.041
287.14	0.041
287.36	0.040
287.57	0.040
287.79	0.040
288.00	0.040
288.22	0.039
288.43	0.039
288.65	0.039
288.86	0.039
289.08	0.039
289.29	0.039
289.51	0.039
289.72	0.039
289.94	0.038
290.15	0.038
290.37	0.038
290.58	0.038
290.80	0.038
291.01	0.038
291.22	0.038
291.44	0.038
291.65	0.037
291.87	0.037
292.08	0.037
292.30	0.037
292.51	0.037
292.73	0.037
292.94	0.037
293.16	0.037
293.37	0.037
293.59	0.037
293.80	0.037
294.02	0.037
294.23	0.037
294.44	0.037
294.66	0.037
294.87	0.036
295.09	0.037
295.30	0.037
295.52	0.036
295.73	0.036
295.95	0.036
296.16	0.036
296.37	0.036
296.59	0.036
296.80	0.036
297.02	0.036
297.23	0.036
297.45	0.036
297.66	0.036
297.88	0.036
298.09	0.036
298.30	0.035
298.52	0.035
298.73	0.034
298.95	0.034
299.16	0.034
299.38	0.033
299.59	0.033
299.80	0.034
300.02	0.034
300.23	0.034
300.45	0.034
300.66	0.034
300.88	0.034
301.09	0.034
301.30	0.033
301.52	0.033
301.73	0.032
301.95	0.032
302.16	0.032
302.37	0.032
302.59	0.031
302.80	0.031
303.02	0.031
303.23	0.031
303.45	0.031
303.66	0.031
303.87	0.031
304.09	0.031
304.30	0.031
304.52	0.031
304.73	0.031
304.94	0.031
305.16	0.030
305.37	0.031
305.59	0.031
305.80	0.031
306.01	0.031
306.23	0.030
306.44	0.030
306.65	0.029
306.87	0.029
307.08	0.029
307.30	0.029
307.51	0.030
307.72	0.030
307.94	0.029
308.15	0.030
308.37	0.030
308.58	0.030
308.79	0.030
309.01	0.030
309.22	0.029
309.43	0.029
309.65	0.029
309.86	0.029
310.07	0.029
310.29	0.028
310.50	0.028
310.72	0.028
310.93	0.028
311.14	0.028
311.36	0.028
311.57	0.027
311.78	0.027
312.00	0.027
312.21	0.027
312.42	0.026
312.64	0.027
312.85	0.026
313.07	0.026
313.28	0.027
313.49	0.027
313.71	0.027
313.92	0.027
314.13	0.027
314.35	0.028
314.56	0.027
314.77	0.027
314.99	0.027
315.20	0.027
315.41	0.027
315.63	0.027
315.84	0.027
316.05	0.027
316.27	0.026
316.48	0.026
316.69	0.026
316.91	0.026
317.12	0.027
317.33	0.027
317.55	0.027
317.76	0.027
317.97	0.027
318.19	0.027
318.40	0.027
318.61	0.027
318.83	0.027
319.04	0.027
319.25	0.027
319.47	0.027
319.68	0.027
319.89	0.027
320.10	0.026
320.32	0.026
320.53	0.026
320.74	0.026
320.96	0.026
321.17	0.025
321.38	0.025
321.60	0.025
321.81	0.025
322.02	0.025
322.24	0.025
322.45	0.025
322.66	0.025
322.87	0.025
323.09	0.026
323.30	0.026
323.51	0.025
323.73	0.025
323.94	0.025
324.15	0.025
324.36	0.025
324.58	0.025
324.79	0.024
325.00	0.024
325.22	0.024
325.43	0.025
325.64	0.025
325.85	0.025
326.07	0.025
326.28	0.025
326.49	0.026
326.71	0.026
326.92	0.026
327.13	0.026
327.34	0.026
327.56	0.026
327.77	0.026
327.98	0.026
328.19	0.026
328.41	0.026
328.62	0.025
328.83	0.024
329.04	0.024
329.26	0.025
329.47	0.025
329.68	0.024
329.90	0.024
330.11	0.023
330.32	0.023
330.53	0.023
330.75	0.024
330.96	0.023
331.17	0.023
331.38	0.024
331.60	0.024
331.81	0.024
332.02	0.024
332.23	0.025
332.44	0.025
332.66	0.024
332.87	0.025
333.08	0.025
333.29	0.024
333.51	0.024
333.72	0.024
333.93	0.024
334.14	0.024
334.36	0.024
334.57	0.024
334.78	0.023
334.99	0.023
335.21	0.023
335.42	0.023
335.63	0.023
335.84	0.023
336.05	0.022
336.27	0.023
336.48	0.023
336.69	0.023
336.90	0.023
337.11	0.023
337.33	0.023
337.54	0.023
337.75	0.023
337.96	0.023
338.18	0.022
338.39	0.022
338.60	0.023
338.81	0.022
339.02	0.022
339.24	0.022
339.45	0.022
339.66	0.022
339.87	0.023
340.08	0.023
340.30	0.023
340.51	0.022
340.72	0.022
340.93	0.022
341.14	0.022
341.36	0.022
341.57	0.021
341.78	0.021
341.99	0.021
342.20	0.021
342.41	0.021
342.63	0.022
342.84	0.022
343.05	0.022
343.26	0.022
343.47	0.022
343.69	0.023
343.90	0.022
344.11	0.022
344.32	0.022
344.53	0.022
344.74	0.022
344.96	0.022
345.17	0.022
345.38	0.021
345.59	0.021
345.80	0.021
346.01	0.020
346.23	0.020
346.44	0.019
346.65	0.020
346.86	0.019
347.07	0.019
347.28	0.019
347.50	0.020
347.71	0.020
347.92	0.020
348.13	0.021
348.34	0.021
348.55	0.021
348.76	0.021
348.98	0.020
349.19	0.020
349.40	0.020
349.61	0.020
349.82	0.019
350.03	0.019
350.24	0.019
350.46	0.018
350.67	0.018
350.88	0.019
351.09	0.018
351.30	0.018
351.51	0.018
351.72	0.018
351.93	0.018
352.15	0.018
352.36	0.018
352.57	0.017
352.78	0.017
352.99	0.017
353.20	0.017
353.41	0.017
353.62	0.017
353.84	0.017
354.05	0.016
354.26	0.016
354.47	0.016
354.68	0.017
354.89	0.016
355.10	0.017
355.31	0.017
355.52	0.017
355.74	0.017
355.95	0.017
356.16	0.017
356.37	0.017
356.58	0.017
356.79	0.017
357.00	0.016
357.21	0.016
357.42	0.016
357.63	0.016
357.85	0.016
358.06	0.015
358.27	0.016
358.48	0.015
358.69	0.015
358.90	0.015
359.11	0.015
359.32	0.015
359.53	0.015
359.74	0.014
359.95	0.014
360.17	0.014
360.38	0.014
360.59	0.013
360.80	0.013
361.01	0.013
361.22	0.013
361.43	0.013
361.64	0.013
361.85	0.014
362.06	0.014
362.27	0.014
362.48	0.015
362.69	0.015
362.90	0.015
363.12	0.015
363.33	0.015
363.54	0.015
363.75	0.014
363.96	0.014
364.17	0.013
364.38	0.012
364.59	0.012
364.80	0.012
365.01	0.012
365.22	0.012
365.43	0.011
365.64	0.011
365.85	0.012
366.06	0.012
366.27	0.012
366.48	0.012
366.69	0.012
366.90	0.011
367.11	0.011
367.32	0.011
367.54	0.012
367.75	0.011
367.96	0.011
368.17	0.011
368.38	0.011
368.59	0.011
368.80	0.011
369.01	0.011
369.22	0.011
369.43	0.010
369.64	0.010
369.85	0.010
370.06	0.010
370.27	0.010
370.48	0.010
370.69	0.011
370.90	0.011
371.11	0.010
371.32	0.010
371.53	0.010
371.74	0.010
371.95	0.010
372.16	0.010
372.37	0.010
372.58	0.010
372.79	0.010
373.00	0.010
373.21	0.010
373.42	0.010
373.63	0.009
373.84	0.009
374.05	0.009
374.26	0.009
374.47	0.009
374.68	0.009
374.89	0.009
375.10	0.009
375.31	0.009
375.52	0.009
375.73	0.009
375.94	0.009
376.15	0.008
376.36	0.008
376.57	0.009
376.78	0.009
376.99	0.008
377.20	0.009
377.41	0.009
377.62	0.009
377.83	0.009
378.04	0.009
378.25	0.009
378.46	0.009
378.67	0.009
378.88	0.009
379.09	0.008
379.30	0.008
379.51	0.008
379.72	0.008
379.92	0.008
380.13	0.007
380.34	0.007
380.55	0.007
380.76	0.007
380.97	0.007
381.18	0.007
381.39	0.007
381.60	0.007
381.81	0.006
382.02	0.007
382.23	0.007
382.44	0.006
382.65	0.007
382.86	0.006
383.07	0.006
383.28	0.006
383.49	0.006
383.70	0.006
383.91	0.006
384.11	0.006
384.32	0.005
384.53	0.005
384.74	0.005
384.95	0.006
385.16	0.005
385.37	0.005
385.58	0.005
385.79	0.006
386.00	0.006
386.21	0.005
386.42	0.006
386.63	0.006
386.84	0.006
387.04	0.006
387.25	0.006
387.46	0.007
387.67	0.006
387.88	0.006
388.09	0.006
388.30	0.006
388.51	0.006
388.72	0.006
388.93	0.006
389.14	0.005
389.34	0.005
389.55	0.005
389.76	0.005
389.97	0.005
390.18	0.005
390.39	0.005
390.60	0.005
390.81	0.005
391.02	0.005
391.23	0.005
391.43	0.005
391.64	0.005
391.85	0.005
392.06	0.005
392.27	0.005
392.48	0.005
392.69	0.004
392.90	0.004
393.11	0.003
393.31	0.004
393.52	0.003
393.73	0.003
393.94	0.003
394.15	0.003
394.36	0.003
394.57	0.004
394.78	0.004
394.98	0.004
395.19	0.004
395.40	0.004
395.61	0.004
395.82	0.004
396.03	0.004
396.24	0.004
396.44	0.003
396.65	0.003
396.86	0.003
397.07	0.003
397.28	0.003
397.49	0.003
397.70	0.003
397.90	0.003
398.11	0.003
398.32	0.003
398.53	0.004
398.74	0.004
398.95	0.003
399.16	0.003
399.36	0.003
399.57	0.003
399.78	0.003
399.99	0.004
400.20	0.004
400.41	0.003
400.61	0.003
400.82	0.004
401.03	0.004
401.24	0.003
401.45	0.004
401.66	0.004
401.86	0.003
402.07	0.003
402.28	0.003
402.49	0.003
402.70	0.003
402.91	0.003
403.11	0.003
403.32	0.003
403.53	0.003
403.74	0.004
403.95	0.004
404.15	0.003
404.36	0.004
404.57	0.004
404.78	0.005
404.99	0.004
405.20	0.004
405.40	0.003
405.61	0.003
405.82	0.003
406.03	0.003
406.24	0.003
406.44	0.002
406.65	0.002
406.86	0.002
407.07	0.003
407.28	0.003
407.48	0.003
407.69	0.002
407.90	0.002
408.11	0.002
408.32	0.002
408.52	0.002
408.73	0.003
408.94	0.002
409.15	0.003
409.35	0.003
409.56	0.003
409.77	0.003
409.98	0.003
410.19	0.003
410.39	0.004
410.60	0.003
410.81	0.003
411.02	0.003
411.22	0.003
411.43	0.003
411.64	0.003
411.85	0.003
412.05	0.002
412.26	0.002
412.47	0.002
412.68	0.002
412.89	0.002
413.09	0.002
413.30	0.002
413.51	0.003
413.72	0.003
413.92	0.002
414.13	0.002
414.34	0.003
414.55	0.002
414.75	0.002
414.96	0.002
415.17	0.002
415.38	0.001
415.58	0.002
415.79	0.001
416.00	0.001
416.21	0.001
416.41	0.002
416.62	0.002
416.83	0.001
417.03	0.002
417.24	0.002
417.45	0.001
417.66	0.002
417.86	0.002
418.07	0.003
418.28	0.003
418.49	0.002
418.69	0.003
418.90	0.003
419.11	0.003
419.31	0.003
419.52	0.003
419.73	0.003
419.94	0.003
420.14	0.003
420.35	0.003
420.56	0.003
420.76	0.004
420.97	0.003
421.18	0.003
421.39	0.004
421.59	0.004
421.80	0.003
422.01	0.003
422.21	0.003
422.42	0.003
422.63	0.003
422.84	0.003
423.04	0.003
423.25	0.003
423.46	0.003
423.66	0.003
423.87	0.003
424.08	0.003
424.28	0.003
424.49	0.003
424.70	0.002
424.90	0.002
425.11	0.002
425.32	0.002
425.52	0.003
425.73	0.002
425.94	0.002
426.15	0.002
426.35	0.002
426.56	0.003
426.77	0.003
426.97	0.002
427.18	0.002
427.39	0.002
427.59	0.001
427.80	0.001
428.01	0.001
428.21	0.001
428.42	0.001
428.63	0.001
428.83	0.002
429.04	0.002
429.25	0.002
429.45	0.003
429.66	0.002
429.87	0.002
430.07	0.002
430.28	0.002
430.48	0.003
430.69	0.002
430.90	0.002
431.10	0.002
431.31	0.002
431.52	0.003
431.72	0.003
431.93	0.003
432.14	0.003
432.34	0.002
432.55	0.002
432.76	0.002
432.96	0.003
433.17	0.003
433.37	0.002
433.58	0.002
433.79	0.001
433.99	0.001
434.20	0.001
434.41	0.002
434.61	0.002
434.82	0.002
435.02	0.002
435.23	0.003
435.44	0.003
435.64	0.003
435.85	0.003
436.06	0.003
436.26	0.003
436.47	0.003
436.67	0.003
436.88	0.002
437.09	0.002
437.29	0.002
437.50	0.002
437.70	0.001
437.91	0.002
438.12	0.002
438.32	0.002
438.53	0.002
438.73	0.003
438.94	0.004
439.15	0.004
439.35	0.004
439.56	0.004
439.76	0.004
439.97	0.004
440.18	0.004
440.38	0.004
440.59	0.003
440.79	0.003
441.00	0.003
441.20	0.002
441.41	0.002
441.62	0.002
441.82	0.002
442.03	0.003
442.23	0.003
442.44	0.003
442.65	0.003
442.85	0.004
443.06	0.004
443.26	0.004
443.47	0.004
443.67	0.004
443.88	0.004
444.09	0.004
444.29	0.004
444.50	0.004
444.70	0.004
444.91	0.003
445.11	0.004
445.32	0.004
445.52	0.004
445.73	0.004
445.94	0.003
446.14	0.004
446.35	0.003
446.55	0.003
446.76	0.003
446.96	0.002
447.17	0.003
447.37	0.002
447.58	0.002
447.78	0.002
447.99	0.002
448.20	0.002
448.40	0.002
448.61	0.002
448.81	0.002
449.02	0.002
449.22	0.002
449.43	0.002
449.63	0.002
449.84	0.002
450.04	0.001
450.25	0.002
450.45	0.002
450.66	0.002
450.86	0.002
451.07	0.002
451.27	0.002
451.48	0.002
451.68	0.001
451.89	0.002
452.09	0.002
452.30	0.002
452.50	0.003
452.71	0.003
452.91	0.003
453.12	0.003
453.33	0.003
453.53	0.003
453.74	0.004
453.94	0.003
454.15	0.003
454.35	0.002
454.56	0.002
454.76	0.002
454.96	0.002
455.17	0.002
455.37	0.003
455.58	0.002
455.78	0.002
455.99	0.002
456.19	0.002
456.40	0.002
456.60	0.002
456.81	0.002
457.01	0.003
457.22	0.002
457.42	0.003
457.63	0.003
457.83	0.002
458.04	0.002
458.24	0.002
458.45	0.003
458.65	0.003
458.86	0.003
459.06	0.003
459.27	0.003
459.47	0.003
459.67	0.002
459.88	0.002
460.08	0.002
460.29	0.001
460.49	0.001
460.70	0.001
460.90	0.002
461.11	0.002
461.31	0.002
461.52	0.003
461.72	0.003
461.92	0.004
462.13	0.004
462.33	0.005
462.54	0.004
462.74	0.004
462.95	0.004
463.15	0.004
463.36	0.004
463.56	0.004
463.76	0.003
463.97	0.003
464.17	0.002
464.38	0.003
464.58	0.002
464.79	0.002
464.99	0.002
465.19	0.002
465.40	0.002
465.60	0.003
465.81	0.003
466.01	0.003
466.22	0.003
466.42	0.003
466.62	0.003
466.83	0.003
467.03	0.003
467.24	0.003
467.44	0.003
467.65	0.003
467.85	0.004
468.05	0.003
468.26	0.004
468.46	0.004
468.67	0.003
468.87	0.003
469.07	0.003
469.28	0.003
469.48	0.003
469.69	0.003
469.89	0.003
470.09	0.003
470.30	0.003
470.50	0.003
470.71	0.003
470.91	0.003
471.11	0.003
471.32	0.002
471.52	0.003
471.72	0.003
471.93	0.002
472.13	0.002
472.34	0.002
472.54	0.003
472.74	0.002
472.95	0.002
473.15	0.002
473.35	0.002
473.56	0.002
473.76	0.002
473.97	0.002
474.17	0.002
474.37	0.003
474.58	0.003
474.78	0.002
474.98	0.003
475.19	0.002
475.39	0.002
475.60	0.002
475.80	0.002
476.00	0.002
476.21	0.002
476.41	0.003
476.61	0.003
476.82	0.002
477.02	0.002
477.22	0.002
477.43	0.002
477.63	0.002
477.83	0.003
478.04	0.003
478.24	0.003
478.44	0.003
478.65	0.003
478.85	0.004
479.05	0.003
479.26	0.004
479.46	0.003
479.66	0.002
479.87	0.002
480.07	0.002
480.27	0.002
480.48	0.002
480.68	0.002
480.88	0.002
481.09	0.002
481.29	0.003
481.49	0.003
481.70	0.003
481.90	0.003
482.10	0.003
482.31	0.003
482.51	0.003
482.71	0.003
482.92	0.003
483.12	0.003
483.32	0.003
483.52	0.003
483.73	0.002
483.93	0.002
484.13	0.003
484.34	0.002
484.54	0.002
484.74	0.002
484.95	0.002
485.15	0.002
485.35	0.002
485.55	0.002
485.76	0.002
485.96	0.002
486.16	0.002
486.37	0.002
486.57	0.002
486.77	0.003
486.97	0.003
487.18	0.003
487.38	0.003
487.58	0.003
487.79	0.003
487.99	0.003
488.19	0.003
488.39	0.003
488.60	0.003
488.80	0.003
489.00	0.003
489.20	0.003
489.41	0.003
489.61	0.003
489.81	0.003
490.02	0.003
490.22	0.002
490.42	0.002
490.62	0.002
490.83	0.002
491.03	0.002
491.23	0.002
491.43	0.002
491.64	0.002
491.84	0.002
492.04	0.002
492.24	0.002
492.45	0.002
492.65	0.002
492.85	0.003
493.05	0.002
493.26	0.003
493.46	0.003
493.66	0.003
493.86	0.003
494.07	0.003
494.27	0.003
494.47	0.003
494.67	0.002
494.87	0.002
495.08	0.002
495.28	0.002
495.48	0.002
495.68	0.002
495.89	0.002
496.09	0.002
496.29	0.002
496.49	0.002
496.69	0.002
496.90	0.002
497.10	0.002
497.30	0.003
497.50	0.003
497.71	0.003
497.91	0.003
498.11	0.003
498.31	0.002
498.51	0.002
498.72	0.002
498.92	0.002
499.12	0.002
499.32	0.002
499.52	0.002
499.73	0.002
499.93	0.003
500.13	0.003
500.33	0.004
500.53	0.004
500.74	0.004
500.94	0.004
501.14	0.004
501.34	0.004
501.54	0.004
501.74	0.004
501.95	0.003
502.15	0.003
502.35	0.003
502.55	0.003
502.75	0.002
502.96	0.002
503.16	0.002
503.36	0.002
503.56	0.002
503.76	0.002
503.96	0.002
504.17	0.002
504.37	0.002
504.57	0.003
504.77	0.003
504.97	0.003
505.17	0.003
505.38	0.004
505.58	0.004
505.78	0.004
505.98	0.004
506.18	0.004
506.38	0.003
506.58	0.003
506.79	0.003
506.99	0.003
507.19	0.002
507.39	0.002
507.59	0.002
507.79	0.002
507.99	0.002
508.20	0.002
508.40	0.002
508.60	0.003
508.80	0.002
509.00	0.002
509.20	0.003
509.40	0.003
509.61	0.003
509.81	0.003
510.01	0.003
510.21	0.003
510.41	0.003
510.61	0.003
510.81	0.003
511.01	0.003
511.22	0.002
511.42	0.003
511.62	0.003
511.82	0.003
512.02	0.003
512.22	0.003
512.42	0.003
512.62	0.003
512.82	0.003
513.03	0.003
513.23	0.003
513.43	0.003
513.63	0.003
513.83	0.003
514.03	0.002
514.23	0.002
514.43	0.003
514.63	0.003
514.83	0.003
515.04	0.002
515.24	0.003
515.44	0.002
515.64	0.003
515.84	0.004
516.04	0.004
516.24	0.003
516.44	0.004
516.64	0.004
516.84	0.004
517.04	0.003
517.24	0.004
517.45	0.004
517.65	0.003
517.85	0.003
518.05	0.003
518.25	0.003
518.45	0.003
518.65	0.003
518.85	0.003
519.05	0.003
519.25	0.003
519.45	0.003
519.65	0.003
519.85	0.003
520.05	0.003
520.25	0.004
520.46	0.004
520.66	0.003
520.86	0.003
521.06	0.002
521.26	0.003
521.46	0.003
521.66	0.003
521.86	0.003
522.06	0.002
522.26	0.003
522.46	0.003
522.66	0.004
522.86	0.004
523.06	0.004
523.26	0.004
523.46	0.004
523.66	0.004
523.86	0.004
524.06	0.004
524.26	0.004
524.46	0.004
524.66	0.004
524.86	0.003
525.06	0.003
525.26	0.002
525.46	0.002
525.66	0.003
525.87	0.003
526.07	0.002
526.27	0.003
526.47	0.003
526.67	0.003
526.87	0.004
527.07	0.004
527.27	0.004
527.47	0.004
527.67	0.004
527.87	0.004
528.07	0.003
528.27	0.003
528.47	0.003
528.67	0.003
528.87	0.002
529.07	0.002
529.27	0.002
529.47	0.003
529.67	0.002
529.87	0.002
530.07	0.002
530.27	0.002
530.47	0.002
530.67	0.002
530.87	0.002
531.06	0.002
531.26	0.002
531.46	0.003
531.66	0.003
531.86	0.003
532.06	0.003
532.26	0.004
532.46	0.004
532.66	0.004
532.86	0.004
533.06	0.004
533.26	0.004
533.46	0.004
533.66	0.004
533.86	0.004
534.06	0.004
534.26	0.004
534.46	0.004
534.66	0.004
534.86	0.004
535.06	0.003
535.26	0.004
535.46	0.003
535.66	0.004
535.86	0.003
536.06	0.004
536.26	0.004
536.45	0.004
536.65	0.004
536.85	0.004
537.05	0.003
537.25	0.003
537.45	0.003
537.65	0.003
537.85	0.003
538.05	0.003
538.25	0.003
538.45	0.003
538.65	0.003
538.85	0.003
539.05	0.003
539.25	0.003
539.44	0.004
539.64	0.004
539.84	0.004
540.04	0.004
540.24	0.004
540.44	0.004
540.64	0.003
540.84	0.004
541.04	0.004
541.24	0.004
541.44	0.004
541.64	0.004
541.83	0.004
542.03	0.004
542.23	0.004
542.43	0.004
542.63	0.004
542.83	0.004
543.03	0.004
543.23	0.004
543.43	0.004
543.63	0.004
543.82	0.004
544.02	0.003
544.22	0.003
544.42	0.004
544.62	0.004
544.82	0.003
545.02	0.004
545.22	0.003
545.42	0.004
545.61	0.004
545.81	0.004
546.01	0.004
546.21	0.004
546.41	0.004
546.61	0.004
546.81	0.004
547.01	0.004
547.20	0.004
547.40	0.004
547.60	0.004
547.80	0.004
548.00	0.005
548.20	0.005
548.40	0.006
548.59	0.006
548.79	0.005
548.99	0.006
549.19	0.005
549.39	0.005
549.59	0.005
549.79	0.004
549.98	0.004
550.18	0.003
550.38	0.004
550.58	0.004
550.78	0.004
550.98	0.004
551.17	0.003
551.37	0.004
551.57	0.003
551.77	0.003
551.97	0.003
552.17	0.003
552.36	0.003
552.56	0.003
552.76	0.003
552.96	0.004
553.16	0.003
553.36	0.004
553.55	0.004
553.75	0.004
553.95	0.003
554.15	0.003
554.35	0.004
554.55	0.004
554.74	0.003
554.94	0.003
555.14	0.003
555.34	0.003
555.54	0.003
555.73	0.004
555.93	0.004
556.13	0.004
556.33	0.004
556.53	0.004
556.72	0.004
556.92	0.004
557.12	0.004
557.32	0.004
557.52	0.004
557.71	0.004
557.91	0.004
558.11	0.005
558.31	0.005
558.51	0.005
558.70	0.005
558.90	0.005
559.10	0.004
559.30	0.004
559.49	0.004
559.69	0.004
559.89	0.003
560.09	0.003
560.29	0.003
560.48	0.003
560.68	0.003
560.88	0.004
561.08	0.004
561.27	0.004
561.47	0.003
561.67	0.004
561.87	0.003
562.06	0.003
562.26	0.003
562.46	0.004
562.66	0.003
562.86	0.003
563.05	0.003
563.25	0.003
563.45	0.003
563.65	0.004
563.84	0.004
564.04	0.004
564.24	0.004
564.44	0.004
564.63	0.004
564.83	0.004
565.03	0.004
565.22	0.003
565.42	0.003
565.62	0.004
565.82	0.004
566.01	0.004
566.21	0.003
566.41	0.003
566.61	0.004
566.80	0.004
567.00	0.004
567.20	0.004
567.40	0.004
567.59	0.004
567.79	0.004
567.99	0.005
568.18	0.004
568.38	0.004
568.58	0.004
568.78	0.004
568.97	0.004
569.17	0.004
569.37	0.004
569.56	0.004
569.76	0.003
569.96	0.003
570.16	0.003
570.35	0.003
570.55	0.003
570.75	0.003
570.94	0.002
571.14	0.003
571.34	0.003
571.53	0.003
571.73	0.003
571.93	0.003
572.12	0.003
572.32	0.004
572.52	0.004
572.72	0.004
572.91	0.004
573.11	0.003
573.31	0.003
573.50	0.003
573.70	0.003
573.90	0.003
574.09	0.002
574.29	0.002
574.49	0.002
574.68	0.003
574.88	0.004
575.08	0.004
575.27	0.004
575.47	0.004
575.67	0.004
575.86	0.004
576.06	0.004
576.26	0.004
576.45	0.004
576.65	0.003
576.85	0.003
577.04	0.003
577.24	0.003
577.44	0.003
577.63	0.002
577.83	0.002
578.02	0.003
578.22	0.003
578.42	0.003
578.61	0.003
578.81	0.003
579.01	0.003
579.20	0.003
579.40	0.004
579.60	0.003
579.79	0.003
579.99	0.003
580.19	0.003
580.38	0.003
580.58	0.003
580.77	0.003
580.97	0.003
581.17	0.003
581.36	0.002
581.56	0.002
581.75	0.003
581.95	0.004
582.15	0.004
582.34	0.004
582.54	0.004
582.74	0.004
582.93	0.005
583.13	0.004
583.32	0.004
583.52	0.004
583.72	0.003
583.91	0.003
584.11	0.003
584.30	0.003
584.50	0.002
584.70	0.002
584.89	0.003
585.09	0.003
585.28	0.003
585.48	0.003
585.68	0.003
585.87	0.003
586.07	0.004
586.26	0.004
586.46	0.004
586.66	0.003
586.85	0.003
587.05	0.003
587.24	0.004
587.44	0.004
587.63	0.004
587.83	0.004
588.03	0.004
588.22	0.004
588.42	0.004
588.61	0.004
588.81	0.004
589.00	0.003
589.20	0.003
589.40	0.003
589.59	0.003
589.79	0.003
589.98	0.003
590.18	0.003
590.37	0.003
590.57	0.004
590.76	0.004
590.96	0.004
591.16	0.004
591.35	0.004
591.55	0.004
591.74	0.004
591.94	0.004
592.13	0.004
592.33	0.004
592.52	0.004
592.72	0.004
592.91	0.003
593.11	0.003
593.30	0.004
593.50	0.004
593.70	0.004
593.89	0.004
594.09	0.004
594.28	0.004
594.48	0.004
594.67	0.004
594.87	0.004
595.06	0.004
595.26	0.004
595.45	0.004
595.65	0.004
595.84	0.005
596.04	0.005
596.23	0.005
596.43	0.004
596.62	0.004
596.82	0.004
597.01	0.004
597.21	0.004
597.40	0.004
597.60	0.003
597.79	0.003
597.99	0.003
598.18	0.003
598.38	0.003
598.57	0.003
598.77	0.003
598.96	0.003
599.16	0.003
599.35	0.003
599.55	0.002
599.74	0.003
599.94	0.003
600.13	0.003
600.33	0.003
600.52	0.003
600.72	0.003
600.91	0.004
601.11	0.004
601.30	0.004
601.50	0.004
601.69	0.004
601.89	0.003
602.08	0.003
602.27	0.003
602.47	0.003
602.66	0.003
602.86	0.003
603.05	0.003
603.25	0.003
603.44	0.003
603.64	0.003
603.83	0.003
604.03	0.003
604.22	0.003
604.41	0.003
604.61	0.004
604.80	0.003
605.00	0.004
605.19	0.003
605.39	0.003
605.58	0.003
605.78	0.003
605.97	0.003
606.16	0.003
606.36	0.003
606.55	0.003
606.75	0.003
606.94	0.003
607.14	0.004
607.33	0.004
607.52	0.004
607.72	0.004
607.91	0.004
608.11	0.004
608.30	0.004
608.50	0.004
608.69	0.004
608.88	0.004
609.08	0.003
609.27	0.003
609.47	0.004
609.66	0.004
609.85	0.004
610.05	0.004
610.24	0.004
610.44	0.004
610.63	0.004
610.83	0.004
611.02	0.005
611.21	0.004
611.41	0.004
611.60	0.003
611.80	0.004
611.99	0.004
612.18	0.004
612.38	0.004
612.57	0.004
612.76	0.004
612.96	0.004
613.15	0.004
613.35	0.004
613.54	0.004
613.73	0.004
613.93	0.004
614.12	0.004
614.32	0.004
614.51	0.004
614.70	0.003
614.90	0.004
615.09	0.003
615.28	0.004
615.48	0.004
615.67	0.004
615.86	0.004
616.06	0.004
616.25	0.004
616.45	0.004
616.64	0.004
616.83	0.004
617.03	0.004
617.22	0.004
617.41	0.004
617.61	0.003
617.80	0.003
617.99	0.003
618.19	0.003
618.38	0.004
618.57	0.004
618.77	0.004
618.96	0.004
619.15	0.004
619.35	0.005
619.54	0.005
619.73	0.004
619.93	0.005
620.12	0.005
620.31	0.004
620.51	0.005
620.70	0.004
620.89	0.004
621.09	0.004
621.28	0.005
621.47	0.005
621.67	0.005
621.86	0.004
622.05	0.004
622.25	0.004
622.44	0.004
622.63	0.004
622.83	0.004
623.02	0.004
623.21	0.004
623.41	0.004
623.60	0.004
623.79	0.004
623.98	0.004
624.18	0.004
624.37	0.004
624.56	0.004
624.76	0.004
624.95	0.004
625.14	0.003
625.33	0.003
625.53	0.003
625.72	0.003
625.91	0.003
626.11	0.004
626.30	0.004
626.49	0.004
626.68	0.004
626.88	0.004
627.07	0.004
627.26	0.004
627.46	0.004
627.65	0.004
627.84	0.004
628.03	0.004
628.23	0.004
628.42	0.004
628.61	0.004
628.80	0.005
629.00	0.005
629.19	0.005
629.38	0.005
629.58	0.005
629.77	0.005
629.96	0.004
630.15	0.005
630.35	0.005
630.54	0.005
630.73	0.005
630.92	0.004
631.12	0.005
631.31	0.004
631.50	0.004
631.69	0.004
631.89	0.004
632.08	0.004
632.27	0.003
632.46	0.003
632.65	0.003
632.85	0.003
633.04	0.004
633.23	0.004
633.42	0.004
633.62	0.004
633.81	0.004
634.00	0.004
634.19	0.004
634.39	0.005
634.58	0.005
634.77	0.005
634.96	0.005
635.15	0.004
635.35	0.004
635.54	0.004
635.73	0.004
635.92	0.004
636.11	0.004
636.31	0.004
636.50	0.004
636.69	0.004
636.88	0.004
637.07	0.005
637.27	0.005
637.46	0.005
637.65	0.005
637.84	0.005
638.03	0.005
638.23	0.005
638.42	0.006
638.61	0.006
638.80	0.005
638.99	0.005
639.19	0.005
639.38	0.005
639.57	0.005
639.76	0.004
639.95	0.004
640.14	0.004
640.34	0.004
640.53	0.004
640.72	0.004
640.91	0.004
641.10	0.004
641.30	0.004
641.49	0.004
641.68	0.005
641.87	0.004
642.06	0.004
642.25	0.004
642.44	0.004
642.64	0.004
642.83	0.004
643.02	0.004
643.21	0.004
643.40	0.003
643.59	0.004
643.79	0.004
643.98	0.004
644.17	0.004
644.36	0.004
644.55	0.004
644.74	0.004
644.93	0.004
645.13	0.004
645.32	0.003
645.51	0.003
645.70	0.003
645.89	0.003
646.08	0.004
646.27	0.004
646.46	0.005
646.66	0.005
646.85	0.005
647.04	0.005
647.23	0.005
647.42	0.005
647.61	0.005
647.80	0.004
647.99	0.004
648.19	0.004
648.38	0.004
648.57	0.004
648.76	0.004
648.95	0.004
649.14	0.004
649.33	0.004
649.52	0.004
649.71	0.004
649.91	0.004
650.10	0.004
650.29	0.004
650.48	0.004
650.67	0.004
650.86	0.004
651.05	0.004
651.24	0.005
651.43	0.004
651.62	0.004
651.81	0.004
652.01	0.004
652.20	0.004
652.39	0.004
652.58	0.004
652.77	0.004
652.96	0.004
653.15	0.004
653.34	0.004
653.53	0.004
653.72	0.004
653.91	0.004
654.10	0.004
654.29	0.003
654.48	0.003
654.68	0.003
654.87	0.003
655.06	0.003
655.25	0.002
655.44	0.002
655.63	0.002
655.82	0.002
656.01	0.002
656.20	0.002
656.39	0.003
656.58	0.003
656.77	0.004
656.96	0.004
657.15	0.004
657.34	0.004
657.53	0.005
657.72	0.005
657.91	0.005
658.10	0.005
658.29	0.005
658.48	0.005
658.68	0.005
658.87	0.005
659.06	0.005
659.25	0.005
659.44	0.005
659.63	0.005
659.82	0.005
660.01	0.005
660.20	0.005
660.39	0.005
660.58	0.005
660.77	0.005
660.96	0.004
661.15	0.004
661.34	0.004
661.53	0.004
661.72	0.004
661.91	0.005
662.10	0.004
662.29	0.004
662.48	0.004
662.67	0.004
662.86	0.005
663.05	0.005
663.24	0.004
663.43	0.004
663.62	0.003
663.81	0.004
664.00	0.004
664.19	0.004
664.38	0.003
664.57	0.003
664.76	0.003
664.95	0.004
665.14	0.004
665.33	0.004
665.52	0.004
665.71	0.004
665.90	0.004
666.09	0.005
666.28	0.004
666.46	0.004
666.65	0.004
666.84	0.004
667.03	0.005
667.22	0.005
667.41	0.005
667.60	0.005
667.79	0.005
667.98	0.004
668.17	0.004
668.36	0.004
668.55	0.004
668.74	0.004
668.93	0.004
669.12	0.004
669.31	0.004
669.50	0.004
669.69	0.005
669.88	0.005
670.07	0.005
670.26	0.004
670.44	0.004
670.63	0.004
670.82	0.004
671.01	0.004
671.20	0.004
671.39	0.004
671.58	0.004
671.77	0.004
671.96	0.004
672.15	0.004
672.34	0.004
672.53	0.005
672.72	0.005
672.91	0.005
673.09	0.005
673.28	0.005
673.47	0.005
673.66	0.005
673.85	0.005
674.04	0.005
674.23	0.005
674.42	0.005
674.61	0.005
674.80	0.004
674.98	0.004
675.17	0.004
675.36	0.005
675.55	0.005
675.74	0.004
675.93	0.004
676.12	0.004
676.31	0.004
676.50	0.004
676.69	0.004
676.87	0.004
677.06	0.004
677.25	0.004
677.44	0.004
677.63	0.004
677.82	0.004
678.01	0.004
678.20	0.004
678.38	0.004
678.57	0.004
678.76	0.004
678.95	0.004
679.14	0.004
679.33	0.004
679.52	0.004
679.71	0.004
679.89	0.004
680.08	0.004
680.27	0.004
680.46	0.004
680.65	0.004
680.84	0.004
681.02	0.005
681.21	0.005
681.40	0.005
681.59	0.005
681.78	0.005
681.97	0.005
682.16	0.004
682.34	0.004
682.53	0.004
682.72	0.004
682.91	0.004
683.10	0.004
683.29	0.004
683.47	0.004
683.66	0.004
683.85	0.004
684.04	0.004
684.23	0.004
684.42	0.004
684.60	0.004
684.79	0.004
684.98	0.004
685.17	0.003
685.36	0.003
685.54	0.003
685.73	0.003
685.92	0.003
686.11	0.003
686.30	0.002
686.49	0.002
686.67	0.002
686.86	0.003
687.05	0.003
687.24	0.003
687.43	0.003
687.61	0.004
687.80	0.004
687.99	0.004
688.18	0.004
688.36	0.004
688.55	0.005
688.74	0.005
688.93	0.005
689.12	0.005
689.30	0.005
689.49	0.005
689.68	0.005
689.87	0.005
690.06	0.005
690.24	0.004
690.43	0.004
690.62	0.004
690.81	0.005
690.99	0.004
691.18	0.004
691.37	0.004
691.56	0.004
691.74	0.004
691.93	0.004
692.12	0.004
692.31	0.004
692.50	0.004
692.68	0.004
692.87	0.004
693.06	0.004
693.25	0.005
693.43	0.005
693.62	0.005
693.81	0.005
694.00	0.005
694.18	0.005
694.37	0.004
694.56	0.004
694.74	0.004
694.93	0.003
695.12	0.003
695.31	0.004
695.49	0.004
695.68	0.004
695.87	0.004
696.06	0.004
696.24	0.004
696.43	0.004
696.62	0.004
696.80	0.004
696.99	0.004
697.18	0.003
697.37	0.003
697.55	0.003
697.74	0.003
697.93	0.003
698.12	0.003
698.30	0.003
698.49	0.003
698.68	0.003
698.86	0.004
699.05	0.004
699.24	0.003
699.42	0.004
699.61	0.004
699.80	0.004
699.99	0.004
700.17	0.004
700.36	0.004
700.55	0.004
700.73	0.004
700.92	0.004
701.11	0.004
701.29	0.004
701.48	0.004
701.67	0.005
701.85	0.005
702.04	0.005
702.23	0.005
702.41	0.005
702.60	0.005
702.79	0.005
702.97	0.005
703.16	0.005
703.35	0.004
703.53	0.005
703.72	0.005
703.91	0.005
704.09	0.005
704.28	0.004
704.47	0.005
704.65	0.005
704.84	0.005
705.03	0.005
705.21	0.005
705.40	0.005
705.59	0.005
705.77	0.005
705.96	0.005
706.15	0.005
706.33	0.005
706.52	0.005
706.71	0.005
706.89	0.005
707.08	0.005
707.26	0.005
707.45	0.005
707.64	0.004
707.82	0.004
708.01	0.004
708.20	0.004
708.38	0.004
708.57	0.004
708.75	0.004
708.94	0.004
709.13	0.004
709.31	0.004
709.50	0.004
709.69	0.004
709.87	0.004
710.06	0.004
710.24	0.004
710.43	0.004
710.62	0.004
710.80	0.004
710.99	0.004
711.17	0.004
711.36	0.004
711.55	0.004
711.73	0.004
711.92	0.004
712.10	0.004
712.29	0.004
712.48	0.004
712.66	0.004
712.85	0.004
713.03	0.004
713.22	0.004
713.40	0.004
713.59	0.004
713.78	0.005
713.96	0.004
714.15	0.004
714.33	0.005
714.52	0.005
714.71	0.005
714.89	0.005
715.08	0.004
715.26	0.004
715.45	0.004
715.63	0.004
715.82	0.004
716.00	0.004
716.19	0.003
716.38	0.004
716.56	0.003
716.75	0.003
716.93	0.003
717.12	0.003
717.30	0.004
717.49	0.004
717.67	0.004
717.86	0.004
718.05	0.004
718.23	0.004
718.42	0.004
718.60	0.004
718.79	0.005
718.97	0.004
719.16	0.005
719.34	0.004
719.53	0.004
719.71	0.004
719.90	0.004
720.08	0.004
720.27	0.003
720.45	0.003
720.64	0.003
720.83	0.003
721.01	0.003
721.20	0.003
721.38	0.003
721.57	0.003
721.75	0.003
721.94	0.003
722.12	0.003
722.31	0.003
722.49	0.003
722.68	0.003
722.86	0.003
723.05	0.003
723.23	0.003
723.42	0.003
723.60	0.003
723.79	0.004
723.97	0.004
724.16	0.004
724.34	0.004
724.53	0.004
724.71	0.005
724.90	0.004
725.08	0.003
725.27	0.004
725.45	0.003
725.64	0.003
725.82	0.003
726.00	0.003
726.19	0.003
726.37	0.003
726.56	0.004
726.74	0.004
726.93	0.003
727.11	0.003
727.30	0.003
727.48	0.003
727.67	0.003
727.85	0.003
728.04	0.003
728.22	0.003
728.40	0.004
728.59	0.004
728.77	0.004
728.96	0.003
729.14	0.003
729.33	0.004
729.51	0.004
729.70	0.004
729.88	0.003
730.07	0.003
730.25	0.003
730.43	0.003
730.62	0.003
730.80	0.003
730.99	0.003
731.17	0.003
731.36	0.003
731.54	0.003
731.72	0.003
731.91	0.004
732.09	0.004
732.28	0.004
732.46	0.004
732.65	0.003
732.83	0.003
733.01	0.003
733.20	0.003
733.38	0.003
733.57	0.003
733.75	0.003
733.93	0.003
734.12	0.003
734.30	0.004
734.49	0.004
734.67	0.003
734.85	0.003
735.04	0.003
735.22	0.003
735.41	0.003
735.59	0.004
735.77	0.004
735.96	0.004
736.14	0.003
736.33	0.004
736.51	0.004
736.69	0.004
736.88	0.004
737.06	0.004
737.25	0.004
737.43	0.004
737.61	0.004
737.80	0.004
737.98	0.004
738.16	0.004
738.35	0.004
738.53	0.004
738.71	0.003
738.90	0.004
739.08	0.003
739.27	0.003
739.45	0.004
739.63	0.004
739.82	0.004
740.00	0.004
740.18	0.004
740.37	0.004
740.55	0.004
740.73	0.004
740.92	0.004
741.10	0.004
741.28	0.004
741.47	0.003
741.65	0.003
741.83	0.003
742.02	0.003
742.20	0.003
742.38	0.003
742.57	0.004
742.75	0.004
742.93	0.004
743.12	0.004
743.30	0.004
743.48	0.004
743.67	0.004
743.85	0.004
744.03	0.004
744.22	0.004
744.40	0.004
744.58	0.004
744.77	0.004
744.95	0.004
745.13	0.003
745.32	0.004
745.50	0.004
745.68	0.004
745.87	0.004
746.05	0.004
746.23	0.004
746.41	0.004
746.60	0.004
746.78	0.004
746.96	0.004
747.15	0.004
747.33	0.004
747.51	0.004
747.70	0.004
747.88	0.004
748.06	0.004
748.24	0.004
748.43	0.004
748.61	0.004
748.79	0.004
748.97	0.004
749.16	0.003
749.34	0.003
749.52	0.003
749.71	0.003
749.89	0.003
750.07	0.003
750.25	0.003
750.44	0.003
750.62	0.003
750.80	0.003
750.98	0.003
751.17	0.004
751.35	0.003
751.53	0.003
751.71	0.004
751.90	0.003
752.08	0.003
752.26	0.003
752.44	0.003
752.63	0.003
752.81	0.003
752.99	0.003
753.17	0.003
753.36	0.002
753.54	0.003
753.72	0.003
753.90	0.003
754.09	0.003
754.27	0.003
754.45	0.003
754.63	0.003
754.82	0.003
755.00	0.004
755.18	0.004
755.36	0.004
755.54	0.004
755.73	0.004
755.91	0.004
756.09	0.004
756.27	0.003
756.45	0.004
756.64	0.003
756.82	0.003
757.00	0.002
757.18	0.002
757.37	0.002
757.55	0.003
757.73	0.003
757.91	0.003
758.09	0.002
758.27	0.003
758.46	0.003
758.64	0.003
758.82	0.003
759.00	0.003
759.18	0.003
759.37	0.003
759.55	0.003
759.73	0.003
759.91	0.002
760.09	0.003
760.28	0.003
760.46	0.002
760.64	0.003
760.82	0.002
761.00	0.003
761.18	0.003
761.37	0.003
761.55	0.003
761.73	0.003
761.91	0.003
762.09	0.004
762.27	0.003
762.46	0.004
762.64	0.003
762.82	0.003
763.00	0.003
763.18	0.003
763.36	0.003
763.54	0.003
763.73	0.003
763.91	0.003
764.09	0.003
764.27	0.003
764.45	0.002
764.63	0.003
764.81	0.002
765.00	0.002
765.18	0.002
765.36	0.002
765.54	0.002
765.72	0.002
765.90	0.002
766.08	0.002
766.27	0.002
766.45	0.002
766.63	0.002
766.81	0.002
766.99	0.002
767.17	0.002
767.35	0.002
767.53	0.002
767.71	0.003
767.90	0.003
768.08	0.002
768.26	0.003
768.44	0.003
768.62	0.003
768.80	0.002
768.98	0.002
769.16	0.002
769.34	0.002
769.52	0.002
769.71	0.003
769.89	0.003
770.07	0.003
770.25	0.002
770.43	0.003
770.61	0.003
770.79	0.003
770.97	0.003
771.15	0.003
771.33	0.003
771.51	0.003
771.69	0.002
771.88	0.002
772.06	0.003
772.24	0.002
772.42	0.002
772.60	0.002
772.78	0.002
772.96	0.002
773.14	0.002
773.32	0.002
773.50	0.002
773.68	0.001
773.86	0.001
774.04	0.002
774.22	0.002
774.40	0.002
774.58	0.002
774.77	0.002
774.95	0.002
775.13	0.002
775.31	0.003
775.49	0.003
775.67	0.003
775.85	0.003
776.03	0.002
776.21	0.003
776.39	0.003
776.57	0.003
776.75	0.003
776.93	0.003
777.11	0.003
777.29	0.003
777.47	0.003
777.65	0.003
777.83	0.003
778.01	0.003
778.19	0.003
778.37	0.003
778.55	0.003
778.73	0.003
778.91	0.003
779.09	0.003
779.27	0.003
779.45	0.004
779.63	0.003
779.81	0.004
779.99	0.003
780.17	0.003
780.35	0.003
780.53	0.002
780.71	0.002
780.89	0.002
781.07	0.002
781.25	0.002
781.43	0.002
781.61	0.002
781.79	0.002
781.97	0.002
782.15	0.002
782.33	0.003
782.51	0.003
782.69	0.003
782.87	0.003
783.05	0.004
783.23	0.003
783.41	0.004
783.59	0.003
783.77	0.003
783.95	0.003
784.13	0.002
784.31	0.002
784.49	0.002
784.67	0.001
784.85	0.002
785.03	0.002
785.21	0.002
785.38	0.003
785.56	0.003
785.74	0.003
785.92	0.003
786.10	0.003
786.28	0.003
786.46	0.003
786.64	0.003
786.82	0.003
787.00	0.002
787.18	0.002
787.36	0.002
787.54	0.002
787.72	0.002
787.90	0.002
788.08	0.002
788.25	0.002
788.43	0.002
788.61	0.002
788.79	0.002
788.97	0.002
789.15	0.002
789.33	0.003
789.51	0.002
789.69	0.002
789.87	0.003
790.05	0.002
790.23	0.003
790.40	0.002
790.58	0.002
790.76	0.002
790.94	0.002
791.12	0.002
791.30	0.002
791.48	0.002
791.66	0.002
791.84	0.002
792.02	0.002
792.19	0.002
792.37	0.002
792.55	0.002
792.73	0.002
792.91	0.002
793.09	0.003
793.27	0.002
793.45	0.002
793.63	0.002
793.80	0.002
793.98	0.002
794.16	0.002
794.34	0.002
794.52	0.002
794.70	0.002
794.88	0.003
795.05	0.003
795.23	0.003
795.41	0.003
795.59	0.003
795.77	0.002
795.95	0.003
796.13	0.002
796.30	0.002
796.48	0.002
796.66	0.002
796.84	0.002
797.02	0.002
797.20	0.002
797.38	0.002
797.55	0.002
797.73	0.002
797.91	0.002
798.09	0.001
798.27	0.002
798.45	0.002
798.62	0.002
798.80	0.003
798.98	0.003
799.16	0.003
799.34	0.003
799.52	0.003
799.69	0.003
799.87	0.003
800.05	0.003
800.23	0.003
800.41	0.002
800.58	0.002
800.76	0.002
800.94	0.002
801.12	0.002
801.30	0.002
801.47	0.002
801.65	0.002
801.83	0.002
802.01	0.003
802.19	0.003
802.36	0.003
802.54	0.003
802.72	0.003
802.90	0.004
803.08	0.003
803.25	0.003
803.43	0.003
803.61	0.003
803.79	0.003
803.97	0.003
804.14	0.003
804.32	0.003
804.50	0.002
804.68	0.002
804.85	0.003
805.03	0.003
805.21	0.002
805.39	0.002
805.56	0.002
805.74	0.002
805.92	0.002
806.10	0.002
806.28	0.002
806.45	0.002
806.63	0.002
806.81	0.002
806.99	0.002
807.16	0.002
807.34	0.002
807.52	0.003
807.70	0.003
807.87	0.002
808.05	0.002
808.23	0.003
808.41	0.003
808.58	0.003
808.76	0.003
808.94	0.003
809.11	0.002
809.29	0.002
809.47	0.002
809.65	0.001
809.82	0.001
810.00	0.001
810.18	0.001
810.36	0.001
810.53	0.001
810.71	0.002
810.89	0.002
811.06	0.002
811.24	0.002
811.42	0.002
811.60	0.002
811.77	0.002
811.95	0.002
812.13	0.002
812.30	0.001
812.48	0.001
812.66	0.002
812.83	0.002
813.01	0.002
813.19	0.002
813.37	0.002
813.54	0.002
813.72	0.002
813.90	0.002
814.07	0.002
814.25	0.001
814.43	0.001
814.60	0.000
814.78	0.000
814.96	0.000
815.13	0.000
815.31	0.000
815.49	0.000
815.66	0.000
815.84	0.001
816.02	0.001
816.19	0.001
816.37	0.002
816.55	0.001
816.72	0.001
816.90	0.001
817.08	0.001
817.25	0.001
817.43	0.002
817.61	0.002
817.78	0.002
817.96	0.002
818.14	0.002
818.31	0.002
818.49	0.002
818.67	0.002
818.84	0.003
819.02	0.002
819.19	0.003
819.37	0.002
819.55	0.002
819.72	0.002
819.90	0.002
820.08	0.002
820.25	0.002
820.43	0.001
820.60	0.001
820.78	0.000
820.96	0.000
821.13	0.000
821.31	0.001
821.49	0.001
821.66	0.001
821.84	0.001
822.01	0.001
822.19	0.001
822.37	0.002
822.54	0.002
822.72	0.002
822.89	0.001
823.07	0.002
823.25	0.002
823.42	0.001
823.60	0.002
823.77	0.002
823.95	0.002
824.13	0.002
824.30	0.002
824.48	0.002
824.65	0.002
824.83	0.001
825.01	0.001
825.18	0.002
825.36	0.002
825.53	0.002
825.71	0.002
825.88	0.002
826.06	0.002
826.24	0.002
826.41	0.002
826.59	0.003
826.76	0.002
826.94	0.003
827.11	0.002
827.29	0.002
827.47	0.003
827.64	0.002
827.82	0.002
827.99	0.002
828.17	0.002
828.34	0.002
828.52	0.001
828.69	0.001
828.87	0.002
829.04	0.001
829.22	0.001
829.40	0.001
829.57	0.001
829.75	0.002
829.92	0.002
830.10	0.002
830.27	0.002
830.45	0.002
830.62	0.002
830.80	0.002
830.97	0.002
831.15	0.003
831.32	0.002
831.50	0.001
831.67	0.001
831.85	0.001
832.02	0.000
832.20	0.000
832.37	0.000
832.55	0.000
832.73	-0.000
832.90	0.000
833.08	0.001
833.25	0.001
833.43	0.001
833.60	0.002
833.78	0.002
833.95	0.002
834.13	0.002
834.30	0.002
834.48	0.003
834.65	0.002
834.82	0.002
835.00	0.002
835.17	0.002
835.35	0.003
835.52	0.003
835.70	0.002
835.87	0.002
836.05	0.002
836.22	0.002
836.40	0.002
836.57	0.002
836.75	0.003
836.92	0.003
837.10	0.003
837.27	0.003
837.45	0.003
837.62	0.004
837.80	0.004
837.97	0.004
838.14	0.003
838.32	0.004
838.49	0.003
838.67	0.004
838.84	0.003
839.02	0.004
839.19	0.004
839.37	0.003
839.54	0.004
839.71	0.004
839.89	0.003
840.06	0.003
840.24	0.003
840.41	0.002
840.59	0.002
840.76	0.001
840.94	0.001
841.11	0.000
841.28	0.000
841.46	0.001
841.63	0.001
841.81	0.001
841.98	0.001
842.15	0.001
842.33	0.002
842.50	0.002
842.68	0.003
842.85	0.002
843.03	0.002
843.20	0.002
843.37	0.001
843.55	0.001
843.72	0.001
843.90	0.001
844.07	0.001
844.24	0.000
844.42	0.001
844.59	0.001
844.77	0.002
844.94	0.002
845.11	0.002
845.29	0.002
845.46	0.002
845.63	0.002
845.81	0.002
845.98	0.003
846.16	0.002
846.33	0.002
846.50	0.002
846.68	0.002
846.85	0.002
847.02	0.001
847.20	0.001
847.37	0.002
847.55	0.002
847.72	0.002
847.89	0.002
848.07	0.002
848.24	0.003
848.41	0.003
848.59	0.003
848.76	0.003
848.93	0.003
849.11	0.003
849.28	0.002
849.45	0.002
849.63	0.002
849.80	0.002
849.97	0.001
850.15	0.001
850.32	0.001
850.49	0.001
850.67	0.001
850.84	0.002
851.01	0.002
851.19	0.001
851.36	0.001
851.53	0.001
851.71	0.002
851.88	0.002
852.05	0.002
852.23	0.002
852.40	0.001
852.57	0.002
852.75	0.001
852.92	0.002
853.09	0.002
853.27	0.002
853.44	0.001
853.61	0.002
853.79	0.001
853.96	0.002
854.13	0.001
854.30	0.001
854.48	0.001
854.65	0.001
854.82	0.001
855.00	0.001
855.17	0.001
855.34	0.001
855.51	0.001
855.69	0.001
855.86	0.002
856.03	0.002
856.21	0.002
856.38	0.002
856.55	0.001
856.72	0.001
856.90	0.001
857.07	0.000
857.24	0.001
857.42	0.001
857.59	0.001
857.76	0.001
857.93	0.001
858.11	0.002
858.28	0.001
858.45	0.000
858.62	0.001
858.80	0.001
858.97	-0.000
859.14	-0.001
859.31	-0.001
859.49	-0.002
859.66	-0.002
859.83	-0.001
860.00	-0.000
860.18	-0.001
860.35	-0.001
860.52	0.000
860.69	0.000
860.86	0.001
861.04	0.001
861.21	0.001
861.38	0.001
861.55	0.000
861.73	0.000
861.90	0.000
862.07	-0.000
862.24	0.000
862.42	-0.000
862.59	-0.001
862.76	-0.001
862.93	-0.001
863.10	-0.001
863.28	-0.001
863.45	-0.001
863.62	-0.001
863.79	-0.001
863.96	-0.000
864.14	-0.000
864.31	0.000
864.48	0.000
864.65	0.000
864.82	0.000
865.00	0.001
865.17	0.001
865.34	-0.000
865.51	-0.001
865.68	-0.001
865.86	-0.001
866.03	-0.002
866.20	-0.001
866.37	-0.001
866.54	-0.001
866.71	-0.002
866.89	-0.002
867.06	-0.002
867.23	-0.002
867.40	-0.002
867.57	-0.003
867.74	-0.003
867.92	-0.002
868.09	-0.003
868.26	-0.003
868.43	-0.003
868.60	-0.003
868.77	-0.003
868.95	-0.003
869.12	-0.003
869.29	-0.003
869.46	-0.004
869.63	-0.003
869.80	-0.003
869.97	-0.003
870.15	-0.003
870.32	-0.004
870.49	-0.003
870.66	-0.003
870.83	-0.003
871.00	-0.003
871.17	-0.003
871.34	-0.003
871.52	-0.003
871.69	-0.003
871.86	-0.003
872.03	-0.003
872.20	-0.004
872.37	-0.003
872.54	-0.003
872.71	-0.004
872.89	-0.005
873.06	-0.005
873.23	-0.004
873.40	-0.004
873.57	-0.003
873.74	-0.003
873.91	-0.003
874.08	-0.004
874.25	-0.003
874.42	-0.003
874.60	-0.003
874.77	-0.003
874.94	-0.005
875.11	-0.005
875.28	-0.006
875.45	-0.006
875.62	-0.006
875.79	-0.007
875.96	-0.007
876.13	-0.007
876.30	-0.007
876.47	-0.006
876.65	-0.006
876.82	-0.006
876.99	-0.006
877.16	-0.006
877.33	-0.006
877.50	-0.006
877.67	-0.005
877.84	-0.005
878.01	-0.005
878.18	-0.005
878.35	-0.005
878.52	-0.004
878.69	-0.005
878.86	-0.005
879.03	-0.005
879.20	-0.005
879.38	-0.005
879.55	-0.006
879.72	-0.006
879.89	-0.007
880.06	-0.008
880.23	-0.008
880.40	-0.008
880.57	-0.009
880.74	-0.009
880.91	-0.009
881.08	-0.008
881.25	-0.008
881.42	-0.008
881.59	-0.007
881.76	-0.007
881.93	-0.007
882.10	-0.007
882.27	-0.007
882.44	-0.008
882.61	-0.008
882.78	-0.007
882.95	-0.006
883.12	-0.006
883.29	-0.006
883.46	-0.007
883.63	-0.007
883.80	-0.007
883.97	-0.006
884.14	-0.007
884.31	-0.009
884.48	-0.009
884.65	-0.009
884.82	-0.009
884.99	-0.009
885.16	-0.009
885.33	-0.009
885.50	-0.010
885.67	-0.009
885.84	-0.008
886.01	-0.009
886.18	-0.009
886.35	-0.009
886.52	-0.010
886.69	-0.008
886.86	-0.008
887.03	-0.008
887.20	-0.008
887.37	-0.008
887.54	-0.008
887.71	-0.007
887.88	-0.008
888.05	-0.007
888.22	-0.008
888.39	-0.009
888.55	-0.010
888.72	-0.010
888.89	-0.009
889.06	-0.009
889.23	-0.010
889.40	-0.009
889.57	-0.010
889.74	-0.010
889.91	-0.010
890.08	-0.009
890.25	-0.010
890.42	-0.011
890.59	-0.011
890.76	-0.011
890.93	-0.012
891.10	-0.011
891.26	-0.011
891.43	-0.012
891.60	-0.011
891.77	-0.011
891.94	-0.010
892.11	-0.011
892.28	-0.010
892.45	-0.010
892.62	-0.010
892.79	-0.010
892.96	-0.008
893.13	-0.008
893.29	-0.008
893.46	-0.008
893.63	-0.007
893.80	-0.008
893.97	-0.007
894.14	-0.008
894.31	-0.008
894.48	-0.011
894.65	-0.007
894.81	-0.017
894.98	-0.010
