177.34	0.572
177.56	0.572
177.78	0.572
178.00	-0.000
178.22	0.176
178.44	0.079
178.66	0.008
178.89	-0.148
179.11	-0.325
179.33	-0.287
179.55	-0.134
179.77	0.139
179.99	0.316
180.21	-0.000
180.43	-0.000
180.65	-0.253
180.87	-0.074
181.09	-0.017
181.31	0.043
181.53	0.132
181.75	0.178
181.97	0.197
182.19	0.204
182.41	0.198
182.63	0.197
182.85	0.223
183.07	0.237
183.30	0.253
183.52	0.253
183.74	0.234
183.96	0.214
184.18	0.215
184.40	0.229
184.62	0.225
184.84	0.222
185.06	0.249
185.28	0.282
185.50	0.293
185.72	0.330
185.94	0.363
186.16	0.382
186.38	0.418
186.60	0.469
186.82	0.485
187.04	0.496
187.26	0.521
187.48	0.550
187.70	0.553
187.92	0.590
188.14	0.618
188.36	0.650
188.58	0.682
188.80	0.712
189.02	0.751
189.24	0.757
189.46	0.773
189.68	0.784
189.90	0.819
190.12	0.843
190.34	0.866
190.56	0.900
190.78	0.919
191.00	0.921
191.22	0.939
191.44	0.962
191.66	0.995
191.88	0.992
192.10	1.009
192.32	1.025
192.54	1.028
192.76	1.051
192.98	1.076
193.20	1.098
193.42	1.093
193.64	1.098
193.86	1.130
194.08	1.148
194.30	1.127
194.52	1.134
194.74	1.145
194.96	1.155
195.18	1.169
195.40	1.189
195.62	1.193
195.84	1.186
196.06	1.195
196.28	1.221
196.50	1.230
196.72	1.229
196.94	1.245
197.16	1.229
197.38	1.269
197.60	1.280
197.82	1.271
198.04	1.278
198.26	1.281
198.48	1.297
198.70	1.306
198.92	1.289
199.13	1.310
199.35	1.298
199.57	1.306
199.79	1.324
200.01	1.329
200.23	1.332
200.45	1.325
200.67	1.323
200.89	1.344
201.11	1.340
201.33	1.370
201.55	1.388
201.77	1.370
201.99	1.372
202.21	1.381
202.43	1.378
202.65	1.397
202.87	1.406
203.09	1.424
203.31	1.419
203.52	1.419
203.74	1.464
203.96	1.473
204.18	1.479
204.40	1.477
204.62	1.484
204.84	1.488
205.06	1.507
205.28	1.485
205.50	1.478
205.72	1.483
205.94	1.489
206.16	1.486
206.38	1.502
206.59	1.514
206.81	1.503
207.03	1.496
207.25	1.519
207.47	1.544
207.69	1.552
207.91	1.549
208.13	1.567
208.35	1.581
208.57	1.576
208.79	1.605
209.01	1.618
209.22	1.615
209.44	1.614
209.66	1.591
209.88	1.602
210.10	1.605
210.32	1.616
210.54	1.629
210.76	1.620
210.98	1.622
211.20	1.618
211.42	1.622
211.63	1.642
211.85	1.646
212.07	1.658
212.29	1.664
212.51	1.665
212.73	1.673
212.95	1.677
213.17	1.693
213.39	1.707
213.60	1.694
213.82	1.696
214.04	1.686
214.26	1.686
214.48	1.687
214.70	1.676
214.92	1.681
215.14	1.679
215.35	1.666
215.57	1.682
215.79	1.688
216.01	1.697
216.23	1.691
216.45	1.686
216.67	1.697
216.89	1.686
217.10	1.678
217.32	1.678
217.54	1.675
217.76	1.667
217.98	1.657
218.20	1.649
218.42	1.640
218.64	1.631
218.85	1.623
219.07	1.616
219.29	1.599
219.51	1.587
219.73	1.576
219.95	1.568
220.17	1.552
220.38	1.534
220.60	1.519
220.82	1.502
221.04	1.480
221.26	1.465
221.48	1.447
221.69	1.430
221.91	1.407
222.13	1.388
222.35	1.373
222.57	1.349
222.79	1.329
223.00	1.310
223.22	1.291
223.44	1.271
223.66	1.249
223.88	1.227
224.10	1.208
224.32	1.184
224.53	1.166
224.75	1.143
224.97	1.122
225.19	1.101
225.41	1.079
225.62	1.056
225.84	1.035
226.06	1.014
226.28	0.993
226.50	0.973
226.72	0.952
226.93	0.932
227.15	0.912
227.37	0.892
227.59	0.874
227.81	0.855
228.02	0.837
228.24	0.819
228.46	0.799
228.68	0.782
228.90	0.765
229.12	0.749
229.33	0.732
229.55	0.716
229.77	0.701
229.99	0.685
230.21	0.669
230.42	0.656
230.64	0.642
230.86	0.628
231.08	0.614
231.30	0.601
231.51	0.587
231.73	0.574
231.95	0.561
232.17	0.549
232.38	0.537
232.60	0.525
232.82	0.514
233.04	0.502
233.26	0.491
233.47	0.480
233.69	0.469
233.91	0.459
234.13	0.449
234.35	0.439
234.56	0.430
234.78	0.419
235.00	0.410
235.22	0.401
235.43	0.393
235.65	0.384
235.87	0.375
236.09	0.366
236.30	0.358
236.52	0.350
236.74	0.343
236.96	0.335
237.18	0.328
237.39	0.320
237.61	0.313
237.83	0.306
238.05	0.300
238.26	0.293
238.48	0.287
238.70	0.280
238.92	0.274
239.13	0.268
239.35	0.263
239.57	0.257
239.79	0.252
240.00	0.246
240.22	0.240
240.44	0.235
240.66	0.230
240.87	0.225
241.09	0.220
241.31	0.215
241.53	0.211
241.74	0.206
241.96	0.202
242.18	0.198
242.40	0.195
242.61	0.191
242.83	0.187
243.05	0.184
243.27	0.181
243.48	0.177
243.70	0.175
243.92	0.172
244.13	0.169
244.35	0.165
244.57	0.162
244.79	0.159
245.00	0.157
245.22	0.154
245.44	0.151
245.65	0.149
245.87	0.146
246.09	0.143
246.31	0.141
246.52	0.139
246.74	0.137
246.96	0.135
247.18	0.133
247.39	0.131
247.61	0.129
247.83	0.127
248.04	0.125
248.26	0.124
248.48	0.122
248.69	0.120
248.91	0.118
249.13	0.117
249.35	0.115
249.56	0.114
249.78	0.113
250.00	0.112
250.21	0.110
250.43	0.110
250.65	0.108
250.86	0.107
251.08	0.106
251.30	0.105
251.51	0.103
251.73	0.102
251.95	0.102
252.17	0.101
252.38	0.100
252.60	0.099
252.82	0.099
253.03	0.098
253.25	0.097
253.47	0.096
253.68	0.095
253.90	0.094
254.12	0.093
254.33	0.092
254.55	0.092
254.77	0.091
254.98	0.090
255.20	0.090
255.42	0.089
255.63	0.089
255.85	0.088
256.07	0.088
256.28	0.088
256.50	0.087
256.72	0.087
256.93	0.086
257.15	0.086
257.37	0.086
257.58	0.086
257.80	0.085
258.02	0.085
258.23	0.084
258.45	0.084
258.67	0.083
258.88	0.083
259.10	0.082
259.32	0.081
259.53	0.081
259.75	0.081
259.96	0.081
260.18	0.081
260.40	0.081
260.61	0.081
260.83	0.081
261.05	0.081
261.26	0.081
261.48	0.080
261.70	0.080
261.91	0.079
262.13	0.078
262.34	0.078
262.56	0.078
262.78	0.077
262.99	0.077
263.21	0.077
263.43	0.076
263.64	0.076
263.86	0.077
264.07	0.077
264.29	0.077
264.51	0.076
264.72	0.076
264.94	0.076
265.16	0.076
265.37	0.076
265.59	0.076
265.80	0.076
266.02	0.076
266.24	0.075
266.45	0.075
266.67	0.075
266.88	0.075
267.10	0.075
267.32	0.075
267.53	0.075
267.75	0.075
267.96	0.075
268.18	0.075
268.40	0.075
268.61	0.075
268.83	0.075
269.04	0.074
269.26	0.074
269.48	0.073
269.69	0.073
269.91	0.073
270.12	0.073
270.34	0.072
270.56	0.072
270.77	0.072
270.99	0.072
271.20	0.072
271.42	0.072
271.64	0.072
271.85	0.072
272.07	0.071
272.28	0.071
272.50	0.071
272.71	0.070
272.93	0.070
273.15	0.070
273.36	0.069
273.58	0.069
273.79	0.069
274.01	0.068
274.22	0.068
274.44	0.068
274.66	0.068
274.87	0.067
275.09	0.067
275.30	0.066
275.52	0.066
275.73	0.065
275.95	0.065
276.16	0.065
276.38	0.064
276.60	0.064
276.81	0.064
277.03	0.063
277.24	0.063
277.46	0.063
277.67	0.063
277.89	0.062
278.10	0.062
278.32	0.062
278.53	0.061
278.75	0.061
278.97	0.060
279.18	0.060
279.40	0.060
279.61	0.059
279.83	0.059
280.04	0.058
280.26	0.058
280.47	0.058
280.69	0.058
280.90	0.057
281.12	0.057
281.33	0.057
281.55	0.057
281.76	0.057
281.98	0.056
282.20	0.056
282.41	0.056
282.63	0.055
282.84	0.055
283.06	0.054
283.27	0.054
283.49	0.053
283.70	0.053
283.92	0.052
284.13	0.052
284.35	0.052
284.56	0.051
284.78	0.051
284.99	0.051
285.21	0.051
285.42	0.050
285.64	0.050
285.85	0.049
286.07	0.049
286.28	0.049
286.50	0.048
286.71	0.048
286.93	0.048
287.14	0.048
287.36	0.048
287.57	0.047
287.79	0.047
288.00	0.047
288.22	0.047
288.43	0.047
288.65	0.047
288.86	0.047
289.08	0.046
289.29	0.046
289.51	0.046
289.72	0.046
289.94	0.045
290.15	0.045
290.37	0.045
290.58	0.044
290.80	0.044
291.01	0.044
291.22	0.044
291.44	0.044
291.65	0.044
291.87	0.044
292.08	0.044
292.30	0.044
292.51	0.045
292.73	0.045
292.94	0.044
293.16	0.045
293.37	0.044
293.59	0.044
293.80	0.044
294.02	0.044
294.23	0.044
294.44	0.044
294.66	0.043
294.87	0.043
295.09	0.043
295.30	0.043
295.52	0.043
295.73	0.043
295.95	0.042
296.16	0.042
296.37	0.042
296.59	0.042
296.80	0.042
297.02	0.041
297.23	0.041
297.45	0.040
297.66	0.040
297.88	0.040
298.09	0.040
298.30	0.040
298.52	0.040
298.73	0.040
298.95	0.040
299.16	0.039
299.38	0.040
299.59	0.039
299.80	0.039
300.02	0.039
300.23	0.039
300.45	0.038
300.66	0.038
300.88	0.038
301.09	0.038
301.30	0.038
301.52	0.038
301.73	0.038
301.95	0.037
302.16	0.037
302.37	0.037
302.59	0.037
302.80	0.037
303.02	0.037
303.23	0.037
303.45	0.037
303.66	0.037
303.87	0.037
304.09	0.037
304.30	0.037
304.52	0.037
304.73	0.037
304.94	0.037
305.16	0.037
305.37	0.037
305.59	0.037
305.80	0.037
306.01	0.036
306.23	0.036
306.44	0.036
306.65	0.036
306.87	0.036
307.08	0.036
307.30	0.035
307.51	0.035
307.72	0.035
307.94	0.035
308.15	0.035
308.37	0.035
308.58	0.034
308.79	0.035
309.01	0.034
309.22	0.034
309.43	0.034
309.65	0.034
309.86	0.034
310.07	0.033
310.29	0.033
310.50	0.033
310.72	0.033
310.93	0.033
311.14	0.034
311.36	0.033
311.57	0.034
311.78	0.033
312.00	0.034
312.21	0.034
312.42	0.034
312.64	0.034
312.85	0.034
313.07	0.034
313.28	0.033
313.49	0.033
313.71	0.033
313.92	0.033
314.13	0.033
314.35	0.032
314.56	0.032
314.77	0.032
314.99	0.032
315.20	0.032
315.41	0.032
315.63	0.032
315.84	0.032
316.05	0.032
316.27	0.032
316.48	0.032
316.69	0.032
316.91	0.031
317.12	0.032
317.33	0.032
317.55	0.032
317.76	0.032
317.97	0.032
318.19	0.032
318.40	0.032
318.61	0.032
318.83	0.032
319.04	0.033
319.25	0.032
319.47	0.032
319.68	0.031
319.89	0.031
320.10	0.031
320.32	0.031
320.53	0.031
320.74	0.031
320.96	0.031
321.17	0.031
321.38	0.031
321.60	0.032
321.81	0.032
322.02	0.032
322.24	0.032
322.45	0.032
322.66	0.032
322.87	0.032
323.09	0.031
323.30	0.031
323.51	0.030
323.73	0.030
323.94	0.030
324.15	0.030
324.36	0.030
324.58	0.030
324.79	0.030
325.00	0.031
325.22	0.030
325.43	0.031
325.64	0.031
325.85	0.031
326.07	0.030
326.28	0.030
326.49	0.030
326.71	0.030
326.92	0.030
327.13	0.030
327.34	0.029
327.56	0.030
327.77	0.030
327.98	0.030
328.19	0.029
328.41	0.029
328.62	0.030
328.83	0.030
329.04	0.030
329.26	0.030
329.47	0.030
329.68	0.030
329.90	0.030
330.11	0.030
330.32	0.030
330.53	0.030
330.75	0.029
330.96	0.029
331.17	0.029
331.38	0.029
331.60	0.029
331.81	0.029
332.02	0.029
332.23	0.029
332.44	0.029
332.66	0.029
332.87	0.029
333.08	0.030
333.29	0.030
333.51	0.030
333.72	0.030
333.93	0.030
334.14	0.030
334.36	0.030
334.57	0.030
334.78	0.030
334.99	0.029
335.21	0.029
335.42	0.029
335.63	0.029
335.84	0.029
336.05	0.029
336.27	0.028
336.48	0.028
336.69	0.028
336.90	0.029
337.11	0.029
337.33	0.029
337.54	0.028
337.75	0.028
337.96	0.028
338.18	0.028
338.39	0.028
338.60	0.028
338.81	0.027
339.02	0.027
339.24	0.027
339.45	0.028
339.66	0.028
339.87	0.028
340.08	0.028
340.30	0.027
340.51	0.027
340.72	0.027
340.93	0.027
341.14	0.027
341.36	0.026
341.57	0.026
341.78	0.027
341.99	0.027
342.20	0.027
342.41	0.027
342.63	0.027
342.84	0.027
343.05	0.027
343.26	0.028
343.47	0.028
343.69	0.027
343.90	0.027
344.11	0.027
344.32	0.027
344.53	0.028
344.74	0.027
344.96	0.027
345.17	0.027
345.38	0.027
345.59	0.027
345.80	0.026
346.01	0.027
346.23	0.027
346.44	0.026
346.65	0.026
346.86	0.026
347.07	0.025
347.28	0.025
347.50	0.025
347.71	0.025
347.92	0.025
348.13	0.025
348.34	0.024
348.55	0.024
348.76	0.024
348.98	0.025
349.19	0.025
349.40	0.024
349.61	0.025
349.82	0.024
350.03	0.024
350.24	0.024
350.46	0.024
350.67	0.024
350.88	0.023
351.09	0.023
351.30	0.023
351.51	0.023
351.72	0.023
351.93	0.023
352.15	0.022
352.36	0.022
352.57	0.021
352.78	0.022
352.99	0.021
353.20	0.022
353.41	0.021
353.62	0.021
353.84	0.021
354.05	0.021
354.26	0.021
354.47	0.021
354.68	0.021
354.89	0.021
355.10	0.021
355.31	0.020
355.52	0.020
355.74	0.020
355.95	0.020
356.16	0.020
356.37	0.020
356.58	0.020
356.79	0.020
357.00	0.020
357.21	0.021
357.42	0.021
357.63	0.021
357.85	0.021
358.06	0.021
358.27	0.020
358.48	0.020
358.69	0.020
358.90	0.020
359.11	0.020
359.32	0.020
359.53	0.020
359.74	0.020
359.95	0.020
360.17	0.021
360.38	0.021
360.59	0.020
360.80	0.020
361.01	0.020
361.22	0.020
361.43	0.019
361.64	0.019
361.85	0.019
362.06	0.019
362.27	0.018
362.48	0.018
362.69	0.018
362.90	0.017
363.12	0.018
363.33	0.018
363.54	0.018
363.75	0.017
363.96	0.017
364.17	0.017
364.38	0.017
364.59	0.017
364.80	0.017
365.01	0.017
365.22	0.017
365.43	0.017
365.64	0.018
365.85	0.018
366.06	0.018
366.27	0.018
366.48	0.018
366.69	0.018
366.90	0.018
367.11	0.017
367.32	0.017
367.54	0.017
367.75	0.017
367.96	0.017
368.17	0.017
368.38	0.017
368.59	0.017
368.80	0.016
369.01	0.016
369.22	0.016
369.43	0.016
369.64	0.016
369.85	0.015
370.06	0.015
370.27	0.014
370.48	0.014
370.69	0.014
370.90	0.014
371.11	0.013
371.32	0.014
371.53	0.014
371.74	0.014
371.95	0.014
372.16	0.014
372.37	0.014
372.58	0.015
372.79	0.015
373.00	0.015
373.21	0.015
373.42	0.015
373.63	0.015
373.84	0.014
374.05	0.015
374.26	0.014
374.47	0.014
374.68	0.014
374.89	0.014
375.10	0.014
375.31	0.014
375.52	0.014
375.73	0.014
375.94	0.013
376.15	0.014
376.36	0.013
376.57	0.014
376.78	0.014
376.99	0.014
377.20	0.013
377.41	0.013
377.62	0.014
377.83	0.013
378.04	0.013
378.25	0.013
378.46	0.012
378.67	0.012
378.88	0.012
379.09	0.013
379.30	0.012
379.51	0.011
379.72	0.011
379.92	0.011
380.13	0.010
380.34	0.010
380.55	0.010
380.76	0.010
380.97	0.010
381.18	0.010
381.39	0.011
381.60	0.010
381.81	0.011
382.02	0.011
382.23	0.011
382.44	0.011
382.65	0.011
382.86	0.011
383.07	0.011
383.28	0.010
383.49	0.011
383.70	0.011
383.91	0.011
384.11	0.011
384.32	0.010
384.53	0.010
384.74	0.011
384.95	0.011
385.16	0.010
385.37	0.010
385.58	0.010
385.79	0.010
386.00	0.010
386.21	0.010
386.42	0.011
386.63	0.011
386.84	0.010
387.04	0.011
387.25	0.012
387.46	0.012
387.67	0.011
387.88	0.011
388.09	0.010
388.30	0.010
388.51	0.009
388.72	0.009
388.93	0.009
389.14	0.008
389.34	0.008
389.55	0.009
389.76	0.009
389.97	0.009
390.18	0.009
390.39	0.010
390.60	0.010
390.81	0.010
391.02	0.009
391.23	0.009
391.43	0.010
391.64	0.010
391.85	0.009
392.06	0.009
392.27	0.008
392.48	0.008
392.69	0.008
392.90	0.008
393.11	0.008
393.31	0.008
393.52	0.007
393.73	0.007
393.94	0.007
394.15	0.007
394.36	0.007
394.57	0.008
394.78	0.008
394.98	0.008
395.19	0.009
395.40	0.009
395.61	0.008
395.82	0.009
396.03	0.010
396.24	0.010
396.44	0.009
396.65	0.008
396.86	0.008
397.07	0.009
397.28	0.009
397.49	0.008
397.70	0.008
397.90	0.008
398.11	0.008
398.32	0.008
398.53	0.008
398.74	0.008
398.95	0.007
399.16	0.007
399.36	0.007
399.57	0.007
399.78	0.007
399.99	0.007
400.20	0.007
400.41	0.007
400.61	0.007
400.82	0.007
401.03	0.008
401.24	0.008
401.45	0.008
401.66	0.008
401.86	0.008
402.07	0.008
402.28	0.007
402.49	0.007
402.70	0.007
402.91	0.007
403.11	0.007
403.32	0.007
403.53	0.007
403.74	0.007
403.95	0.007
404.15	0.007
404.36	0.007
404.57	0.007
404.78	0.006
404.99	0.006
405.20	0.006
405.40	0.006
405.61	0.006
405.82	0.006
406.03	0.007
406.24	0.007
406.44	0.007
406.65	0.007
406.86	0.008
407.07	0.008
407.28	0.008
407.48	0.008
407.69	0.008
407.90	0.007
408.11	0.007
408.32	0.007
408.52	0.007
408.73	0.007
408.94	0.006
409.15	0.006
409.35	0.005
409.56	0.006
409.77	0.006
409.98	0.006
410.19	0.006
410.39	0.006
410.60	0.006
410.81	0.006
411.02	0.007
411.22	0.007
411.43	0.007
411.64	0.006
411.85	0.007
412.05	0.007
412.26	0.006
412.47	0.006
412.68	0.006
412.89	0.006
413.09	0.006
413.30	0.007
413.51	0.007
413.72	0.006
413.92	0.006
414.13	0.006
414.34	0.006
414.55	0.006
414.75	0.006
414.96	0.006
415.17	0.005
415.38	0.005
415.58	0.005
415.79	0.006
416.00	0.007
416.21	0.007
416.41	0.006
416.62	0.006
416.83	0.007
417.03	0.007
417.24	0.007
417.45	0.007
417.66	0.006
417.86	0.005
418.07	0.005
418.28	0.006
418.49	0.006
418.69	0.006
418.90	0.007
419.11	0.007
419.31	0.007
419.52	0.008
419.73	0.008
419.94	0.009
420.14	0.009
420.35	0.010
420.56	0.010
420.76	0.009
420.97	0.009
421.18	0.009
421.39	0.009
421.59	0.008
421.80	0.008
422.01	0.007
422.21	0.006
422.42	0.005
422.63	0.005
422.84	0.005
423.04	0.005
423.25	0.006
423.46	0.006
423.66	0.006
423.87	0.007
424.08	0.007
424.28	0.007
424.49	0.007
424.70	0.008
424.90	0.007
425.11	0.007
425.32	0.006
425.52	0.006
425.73	0.006
425.94	0.006
426.15	0.006
426.35	0.006
426.56	0.005
426.77	0.006
426.97	0.006
427.18	0.007
427.39	0.007
427.59	0.007
427.80	0.008
428.01	0.008
428.21	0.009
428.42	0.009
428.63	0.009
428.83	0.009
429.04	0.009
429.25	0.009
429.45	0.007
429.66	0.007
429.87	0.006
430.07	0.005
430.28	0.005
430.48	0.005
430.69	0.004
430.90	0.004
431.10	0.004
431.31	0.005
431.52	0.006
431.72	0.006
431.93	0.006
432.14	0.007
432.34	0.006
432.55	0.006
432.76	0.006
432.96	0.006
433.17	0.006
433.37	0.006
433.58	0.006
433.79	0.005
433.99	0.005
434.20	0.006
434.41	0.006
434.61	0.006
434.82	0.006
435.02	0.006
435.23	0.007
435.44	0.006
435.64	0.006
435.85	0.006
436.06	0.006
436.26	0.006
436.47	0.006
436.67	0.006
436.88	0.005
437.09	0.005
437.29	0.006
437.50	0.006
437.70	0.006
437.91	0.006
438.12	0.006
438.32	0.006
438.53	0.006
438.73	0.006
438.94	0.006
439.15	0.006
439.35	0.006
439.56	0.006
439.76	0.007
439.97	0.007
440.18	0.007
440.38	0.007
440.59	0.007
440.79	0.007
441.00	0.006
441.20	0.007
441.41	0.007
441.62	0.006
441.82	0.006
442.03	0.006
442.23	0.006
442.44	0.006
442.65	0.006
442.85	0.006
443.06	0.005
443.26	0.005
443.47	0.005
443.67	0.005
443.88	0.005
444.09	0.005
444.29	0.005
444.50	0.006
444.70	0.006
444.91	0.006
445.11	0.006
445.32	0.006
445.52	0.006
445.73	0.006
445.94	0.006
446.14	0.006
446.35	0.006
446.55	0.005
446.76	0.005
446.96	0.005
447.17	0.005
447.37	0.005
447.58	0.005
447.78	0.006
447.99	0.005
448.20	0.005
448.40	0.005
448.61	0.006
448.81	0.006
449.02	0.006
449.22	0.006
449.43	0.005
449.63	0.006
449.84	0.006
450.04	0.006
450.25	0.007
450.45	0.007
450.66	0.006
450.86	0.006
451.07	0.006
451.27	0.006
451.48	0.006
451.68	0.005
451.89	0.005
452.09	0.005
452.30	0.005
452.50	0.004
452.71	0.005
452.91	0.005
453.12	0.005
453.33	0.005
453.53	0.006
453.74	0.006
453.94	0.006
454.15	0.006
454.35	0.007
454.56	0.006
454.76	0.006
454.96	0.007
455.17	0.007
455.37	0.006
455.58	0.006
455.78	0.006
455.99	0.006
456.19	0.007
456.40	0.007
456.60	0.006
456.81	0.006
457.01	0.006
457.22	0.006
457.42	0.006
457.63	0.005
457.83	0.006
458.04	0.005
458.24	0.006
458.45	0.007
458.65	0.006
458.86	0.006
459.06	0.007
459.27	0.007
459.47	0.006
459.67	0.007
459.88	0.006
460.08	0.006
460.29	0.006
460.49	0.006
460.70	0.005
460.90	0.005
461.11	0.005
461.31	0.005
461.52	0.005
461.72	0.005
461.92	0.005
462.13	0.004
462.33	0.006
462.54	0.006
462.74	0.006
462.95	0.007
463.15	0.008
463.36	0.007
463.56	0.007
463.76	0.007
463.97	0.008
464.17	0.008
464.38	0.008
464.58	0.007
464.79	0.007
464.99	0.006
465.19	0.005
465.40	0.004
465.60	0.004
465.81	0.003
466.01	0.002
466.22	0.002
466.42	0.002
466.62	0.003
466.83	0.003
467.03	0.004
467.24	0.005
467.44	0.005
467.65	0.005
467.85	0.006
468.05	0.006
468.26	0.006
468.46	0.006
468.67	0.006
468.87	0.006
469.07	0.006
469.28	0.006
469.48	0.006
469.69	0.006
469.89	0.006
470.09	0.006
470.30	0.005
470.50	0.006
470.71	0.006
470.91	0.006
471.11	0.006
471.32	0.006
471.52	0.006
471.72	0.007
471.93	0.007
472.13	0.007
472.34	0.007
472.54	0.007
472.74	0.007
472.95	0.007
473.15	0.007
473.35	0.007
473.56	0.007
473.76	0.007
473.97	0.007
474.17	0.007
474.37	0.007
474.58	0.007
474.78	0.006
474.98	0.007
475.19	0.007
475.39	0.006
475.60	0.006
475.80	0.006
476.00	0.006
476.21	0.006
476.41	0.005
476.61	0.006
476.82	0.005
477.02	0.005
477.22	0.006
477.43	0.005
477.63	0.006
477.83	0.005
478.04	0.005
478.24	0.006
478.44	0.006
478.65	0.007
478.85	0.007
479.05	0.007
479.26	0.007
479.46	0.007
479.66	0.007
479.87	0.007
480.07	0.006
480.27	0.007
480.48	0.007
480.68	0.006
480.88	0.006
481.09	0.006
481.29	0.005
481.49	0.005
481.70	0.006
481.90	0.006
482.10	0.006
482.31	0.006
482.51	0.006
482.71	0.006
482.92	0.007
483.12	0.007
483.32	0.008
483.52	0.008
483.73	0.007
483.93	0.007
484.13	0.008
484.34	0.008
484.54	0.008
484.74	0.007
484.95	0.007
485.15	0.006
485.35	0.006
485.55	0.006
485.76	0.006
485.96	0.005
486.16	0.005
486.37	0.004
486.57	0.004
486.77	0.004
486.97	0.004
487.18	0.004
487.38	0.003
487.58	0.003
487.79	0.003
487.99	0.003
488.19	0.004
488.39	0.004
488.60	0.005
488.80	0.005
489.00	0.005
489.20	0.006
489.41	0.006
489.61	0.006
489.81	0.006
490.02	0.006
490.22	0.005
490.42	0.005
490.62	0.005
490.83	0.006
491.03	0.006
491.23	0.006
491.43	0.006
491.64	0.006
491.84	0.006
492.04	0.006
492.24	0.006
492.45	0.006
492.65	0.005
492.85	0.005
493.05	0.005
493.26	0.005
493.46	0.005
493.66	0.004
493.86	0.005
494.07	0.005
494.27	0.006
494.47	0.006
494.67	0.006
494.87	0.006
495.08	0.006
495.28	0.006
495.48	0.006
495.68	0.005
495.89	0.005
496.09	0.004
496.29	0.004
496.49	0.004
496.69	0.003
496.90	0.004
497.10	0.003
497.30	0.003
497.50	0.004
497.71	0.004
497.91	0.005
498.11	0.005
498.31	0.005
498.51	0.005
498.72	0.005
498.92	0.006
499.12	0.007
499.32	0.007
499.52	0.007
499.73	0.007
499.93	0.007
500.13	0.007
500.33	0.007
500.53	0.007
500.74	0.006
500.94	0.006
501.14	0.006
501.34	0.005
501.54	0.006
501.74	0.006
501.95	0.006
502.15	0.005
502.35	0.005
502.55	0.005
502.75	0.005
502.96	0.005
503.16	0.005
503.36	0.005
503.56	0.004
503.76	0.004
503.96	0.004
504.17	0.005
504.37	0.004
504.57	0.004
504.77	0.005
504.97	0.004
505.17	0.004
505.38	0.004
505.58	0.005
505.78	0.005
505.98	0.005
506.18	0.005
506.38	0.005
506.58	0.005
506.79	0.005
506.99	0.005
507.19	0.005
507.39	0.005
507.59	0.005
507.79	0.005
507.99	0.005
508.20	0.005
508.40	0.006
508.60	0.005
508.80	0.005
509.00	0.005
509.20	0.005
509.40	0.005
509.61	0.004
509.81	0.004
510.01	0.004
510.21	0.004
510.41	0.004
510.61	0.004
510.81	0.005
511.01	0.005
511.22	0.005
511.42	0.005
511.62	0.005
511.82	0.005
512.02	0.005
512.22	0.005
512.42	0.005
512.62	0.005
512.82	0.004
513.03	0.004
513.23	0.004
513.43	0.004
513.63	0.004
513.83	0.005
514.03	0.004
514.23	0.004
514.43	0.005
514.63	0.005
514.83	0.006
515.04	0.005
515.24	0.005
515.44	0.004
515.64	0.004
515.84	0.004
516.04	0.004
516.24	0.004
516.44	0.003
516.64	0.003
516.84	0.003
517.04	0.003
517.24	0.003
517.45	0.003
517.65	0.003
517.85	0.003
518.05	0.003
518.25	0.003
518.45	0.004
518.65	0.004
518.85	0.004
519.05	0.004
519.25	0.004
519.45	0.004
519.65	0.005
519.85	0.005
520.05	0.004
520.25	0.004
520.46	0.004
520.66	0.005
520.86	0.004
521.06	0.005
521.26	0.005
521.46	0.005
521.66	0.005
521.86	0.005
522.06	0.005
522.26	0.005
522.46	0.005
522.66	0.006
522.86	0.005
523.06	0.005
523.26	0.004
523.46	0.005
523.66	0.005
523.86	0.005
524.06	0.005
524.26	0.005
524.46	0.005
524.66	0.005
524.86	0.005
525.06	0.005
525.26	0.005
525.46	0.005
525.66	0.005
525.87	0.004
526.07	0.004
526.27	0.004
526.47	0.004
526.67	0.004
526.87	0.004
527.07	0.004
527.27	0.003
527.47	0.004
527.67	0.004
527.87	0.003
528.07	0.004
528.27	0.004
528.47	0.004
528.67	0.004
528.87	0.004
529.07	0.004
529.27	0.004
529.47	0.004
529.67	0.004
529.87	0.004
530.07	0.003
530.27	0.003
530.47	0.003
530.67	0.003
530.87	0.003
531.06	0.003
531.26	0.003
531.46	0.004
531.66	0.004
531.86	0.004
532.06	0.004
532.26	0.004
532.46	0.004
532.66	0.004
532.86	0.004
533.06	0.005
533.26	0.005
533.46	0.004
533.66	0.005
533.86	0.005
534.06	0.005
534.26	0.005
534.46	0.005
534.66	0.005
534.86	0.004
535.06	0.005
535.26	0.004
535.46	0.004
535.66	0.004
535.86	0.004
536.06	0.004
536.26	0.004
536.45	0.004
536.65	0.004
536.85	0.004
537.05	0.004
537.25	0.004
537.45	0.004
537.65	0.005
537.85	0.005
538.05	0.005
538.25	0.005
538.45	0.004
538.65	0.004
538.85	0.004
539.05	0.004
539.25	0.004
539.44	0.003
539.64	0.004
539.84	0.003
540.04	0.003
540.24	0.003
540.44	0.003
540.64	0.003
540.84	0.004
541.04	0.003
541.24	0.003
541.44	0.003
541.64	0.003
541.83	0.004
542.03	0.003
542.23	0.004
542.43	0.003
542.63	0.004
542.83	0.004
543.03	0.004
543.23	0.004
543.43	0.004
543.63	0.004
543.82	0.003
544.02	0.003
544.22	0.003
544.42	0.003
544.62	0.003
544.82	0.003
545.02	0.003
545.22	0.003
545.42	0.003
545.61	0.004
545.81	0.004
546.01	0.005
546.21	0.005
546.41	0.005
546.61	0.005
546.81	0.005
547.01	0.005
547.20	0.004
547.40	0.004
547.60	0.004
547.80	0.004
548.00	0.004
548.20	0.004
548.40	0.004
548.59	0.004
548.79	0.004
548.99	0.004
549.19	0.005
549.39	0.005
549.59	0.005
549.79	0.006
549.98	0.006
550.18	0.006
550.38	0.006
550.58	0.006
550.78	0.005
550.98	0.005
551.17	0.005
551.37	0.005
551.57	0.004
551.77	0.004
551.97	0.004
552.17	0.004
552.36	0.004
552.56	0.004
552.76	0.004
552.96	0.004
553.16	0.004
553.36	0.004
553.55	0.005
553.75	0.005
553.95	0.005
554.15	0.004
554.35	0.004
554.55	0.004
554.74	0.004
554.94	0.004
555.14	0.003
555.34	0.003
555.54	0.003
555.73	0.003
555.93	0.003
556.13	0.003
556.33	0.003
556.53	0.003
556.72	0.004
556.92	0.003
557.12	0.004
557.32	0.003
557.52	0.003
557.71	0.004
557.91	0.004
558.11	0.004
558.31	0.004
558.51	0.004
558.70	0.004
558.90	0.004
559.10	0.004
559.30	0.004
559.49	0.003
559.69	0.003
559.89	0.003
560.09	0.003
560.29	0.003
560.48	0.002
560.68	0.002
560.88	0.002
561.08	0.003
561.27	0.003
561.47	0.004
561.67	0.004
561.87	0.004
562.06	0.005
562.26	0.005
562.46	0.005
562.66	0.005
562.86	0.004
563.05	0.004
563.25	0.004
563.45	0.004
563.65	0.004
563.84	0.003
564.04	0.003
564.24	0.004
564.44	0.004
564.63	0.004
564.83	0.004
565.03	0.004
565.22	0.003
565.42	0.003
565.62	0.003
565.82	0.004
566.01	0.004
566.21	0.004
566.41	0.004
566.61	0.004
566.80	0.004
567.00	0.004
567.20	0.004
567.40	0.004
567.59	0.005
567.79	0.004
567.99	0.004
568.18	0.004
568.38	0.004
568.58	0.004
568.78	0.004
568.97	0.005
569.17	0.005
569.37	0.005
569.56	0.005
569.76	0.005
569.96	0.005
570.16	0.006
570.35	0.005
570.55	0.005
570.75	0.005
570.94	0.004
571.14	0.003
571.34	0.004
571.53	0.004
571.73	0.003
571.93	0.003
572.12	0.004
572.32	0.004
572.52	0.004
572.72	0.005
572.91	0.005
573.11	0.005
573.31	0.005
573.50	0.005
573.70	0.004
573.90	0.003
574.09	0.003
574.29	0.003
574.49	0.003
574.68	0.003
574.88	0.003
575.08	0.003
575.27	0.003
575.47	0.004
575.67	0.004
575.86	0.005
576.06	0.006
576.26	0.006
576.45	0.006
576.65	0.006
576.85	0.005
577.04	0.004
577.24	0.004
577.44	0.003
577.63	0.003
577.83	0.002
578.02	0.001
578.22	0.001
578.42	0.001
578.61	0.002
578.81	0.002
579.01	0.003
579.20	0.003
579.40	0.004
579.60	0.006
579.79	0.006
579.99	0.007
580.19	0.006
580.38	0.006
580.58	0.005
580.77	0.004
580.97	0.004
581.17	0.002
581.36	0.001
581.56	-0.000
581.75	-0.001
581.95	-0.002
582.15	-0.001
582.34	-0.001
582.54	0.000
582.74	0.001
582.93	0.002
583.13	0.003
583.32	0.004
583.52	0.004
583.72	0.005
583.91	0.005
584.11	0.005
584.30	0.004
584.50	0.004
584.70	0.003
584.89	0.002
585.09	0.003
585.28	0.003
585.48	0.003
585.68	0.003
585.87	0.003
586.07	0.003
586.26	0.003
586.46	0.003
586.66	0.004
586.85	0.003
587.05	0.003
587.24	0.003
587.44	0.003
587.63	0.003
587.83	0.003
588.03	0.003
588.22	0.003
588.42	0.003
588.61	0.003
588.81	0.003
589.00	0.003
589.20	0.003
589.40	0.002
589.59	0.002
589.79	0.002
589.98	0.003
590.18	0.003
590.37	0.003
590.57	0.003
590.76	0.004
590.96	0.004
591.16	0.005
591.35	0.005
591.55	0.005
591.74	0.005
591.94	0.005
592.13	0.005
592.33	0.004
592.52	0.003
592.72	0.003
592.91	0.002
593.11	0.002
593.30	0.001
593.50	0.001
593.70	0.001
593.89	0.001
594.09	0.002
594.28	0.002
594.48	0.002
594.67	0.002
594.87	0.002
595.06	0.003
595.26	0.003
595.45	0.003
595.65	0.003
595.84	0.004
596.04	0.004
596.23	0.004
596.43	0.004
596.62	0.005
596.82	0.005
597.01	0.005
597.21	0.006
597.40	0.005
597.60	0.005
597.79	0.005
597.99	0.004
598.18	0.004
598.38	0.004
598.57	0.004
598.77	0.003
598.96	0.003
599.16	0.002
599.35	0.002
599.55	0.002
599.74	0.002
599.94	0.002
600.13	0.002
600.33	0.002
600.52	0.002
600.72	0.002
600.91	0.002
601.11	0.003
601.30	0.003
601.50	0.003
601.69	0.003
601.89	0.003
602.08	0.004
602.27	0.004
602.47	0.004
602.66	0.003
602.86	0.003
603.05	0.003
603.25	0.003
603.44	0.003
603.64	0.003
603.83	0.002
604.03	0.003
604.22	0.003
604.41	0.003
604.61	0.003
604.80	0.003
605.00	0.003
605.19	0.003
605.39	0.003
605.58	0.004
605.78	0.004
605.97	0.003
606.16	0.003
606.36	0.003
606.55	0.003
606.75	0.002
606.94	0.003
607.14	0.003
607.33	0.002
607.52	0.002
607.72	0.002
607.91	0.002
608.11	0.002
608.30	0.003
608.50	0.003
608.69	0.003
608.88	0.003
609.08	0.003
609.27	0.003
609.47	0.003
609.66	0.003
609.85	0.003
610.05	0.003
610.24	0.003
610.44	0.003
610.63	0.003
610.83	0.003
611.02	0.003
611.21	0.003
611.41	0.003
611.60	0.003
611.80	0.003
611.99	0.003
612.18	0.003
612.38	0.003
612.57	0.003
612.76	0.003
612.96	0.004
613.15	0.004
613.35	0.004
613.54	0.004
613.73	0.004
613.93	0.004
614.12	0.004
614.32	0.004
614.51	0.003
614.70	0.003
614.90	0.002
615.09	0.002
615.28	0.002
615.48	0.002
615.67	0.002
615.86	0.003
616.06	0.003
616.25	0.003
616.45	0.004
616.64	0.004
616.83	0.004
617.03	0.004
617.22	0.004
617.41	0.004
617.61	0.003
617.80	0.003
617.99	0.003
618.19	0.002
618.38	0.002
618.57	0.002
618.77	0.002
618.96	0.002
619.15	0.002
619.35	0.003
619.54	0.003
619.73	0.003
619.93	0.003
620.12	0.003
620.31	0.004
620.51	0.003
620.70	0.003
620.89	0.004
621.09	0.003
621.28	0.004
621.47	0.004
621.67	0.004
621.86	0.003
622.05	0.002
622.25	0.003
622.44	0.003
622.63	0.003
622.83	0.004
623.02	0.004
623.21	0.004
623.41	0.004
623.60	0.003
623.79	0.003
623.98	0.003
624.18	0.003
624.37	0.003
624.56	0.002
624.76	0.002
624.95	0.002
625.14	0.003
625.33	0.003
625.53	0.003
625.72	0.003
625.91	0.003
626.11	0.003
626.30	0.003
626.49	0.003
626.68	0.003
626.88	0.003
627.07	0.003
627.26	0.003
627.46	0.003
627.65	0.003
627.84	0.003
628.03	0.003
628.23	0.003
628.42	0.003
628.61	0.003
628.80	0.002
629.00	0.003
629.19	0.002
629.38	0.002
629.58	0.002
629.77	0.002
629.96	0.002
630.15	0.002
630.35	0.002
630.54	0.002
630.73	0.002
630.92	0.002
631.12	0.002
631.31	0.002
631.50	0.002
631.69	0.002
631.89	0.002
632.08	0.003
632.27	0.003
632.46	0.003
632.65	0.003
632.85	0.003
633.04	0.003
633.23	0.003
633.42	0.003
633.62	0.003
633.81	0.003
634.00	0.003
634.19	0.003
634.39	0.003
634.58	0.003
634.77	0.003
634.96	0.002
635.15	0.003
635.35	0.003
635.54	0.003
635.73	0.003
635.92	0.002
636.11	0.003
636.31	0.003
636.50	0.003
636.69	0.003
636.88	0.003
637.07	0.003
637.27	0.003
637.46	0.003
637.65	0.003
637.84	0.003
638.03	0.003
638.23	0.003
638.42	0.003
638.61	0.003
638.80	0.003
638.99	0.003
639.19	0.003
639.38	0.003
639.57	0.003
639.76	0.003
639.95	0.003
640.14	0.003
640.34	0.003
640.53	0.003
640.72	0.002
640.91	0.003
641.10	0.002
641.30	0.003
641.49	0.003
641.68	0.002
641.87	0.002
642.06	0.002
642.25	0.002
642.44	0.002
642.64	0.002
642.83	0.002
643.02	0.002
643.21	0.002
643.40	0.002
643.59	0.002
643.79	0.002
643.98	0.002
644.17	0.002
644.36	0.002
644.55	0.003
644.74	0.002
644.93	0.002
645.13	0.002
645.32	0.002
645.51	0.002
645.70	0.003
645.89	0.002
646.08	0.002
646.27	0.002
646.46	0.003
646.66	0.003
646.85	0.003
647.04	0.003
647.23	0.003
647.42	0.003
647.61	0.003
647.80	0.004
647.99	0.003
648.19	0.003
648.38	0.002
648.57	0.003
648.76	0.003
648.95	0.002
649.14	0.003
649.33	0.003
649.52	0.002
649.71	0.002
649.91	0.002
650.10	0.002
650.29	0.003
650.48	0.002
650.67	0.002
650.86	0.002
651.05	0.002
651.24	0.002
651.43	0.002
651.62	0.002
651.81	0.002
652.01	0.001
652.20	0.002
652.39	0.002
652.58	0.002
652.77	0.002
652.96	0.002
653.15	0.002
653.34	0.002
653.53	0.002
653.72	0.003
653.91	0.004
654.10	0.005
654.29	0.005
654.48	0.005
654.68	0.005
654.87	0.005
655.06	0.003
655.25	0.003
655.44	0.002
655.63	0.001
655.82	0.000
656.01	0.000
656.20	-0.000
656.39	-0.000
656.58	0.000
656.77	0.002
656.96	0.003
657.15	0.003
657.34	0.003
657.53	0.003
657.72	0.004
657.91	0.004
658.10	0.003
658.29	0.003
658.48	0.003
658.68	0.002
658.87	0.003
659.06	0.003
659.25	0.003
659.44	0.002
659.63	0.002
659.82	0.002
660.01	0.003
660.20	0.003
660.39	0.003
660.58	0.003
660.77	0.003
660.96	0.003
661.15	0.003
661.34	0.003
661.53	0.002
661.72	0.002
661.91	0.002
662.10	0.002
662.29	0.002
662.48	0.002
662.67	0.002
662.86	0.002
663.05	0.002
663.24	0.002
663.43	0.002
663.62	0.002
663.81	0.002
664.00	0.001
664.19	0.001
664.38	0.001
664.57	0.001
664.76	0.001
664.95	0.002
665.14	0.002
665.33	0.002
665.52	0.002
665.71	0.002
665.90	0.002
666.09	0.003
666.28	0.003
666.46	0.002
666.65	0.002
666.84	0.002
667.03	0.002
667.22	0.002
667.41	0.002
667.60	0.001
667.79	0.001
667.98	0.001
668.17	0.001
668.36	0.002
668.55	0.001
668.74	0.002
668.93	0.002
669.12	0.002
669.31	0.002
669.50	0.003
669.69	0.003
669.88	0.003
670.07	0.003
670.26	0.003
670.44	0.003
670.63	0.003
670.82	0.003
671.01	0.003
671.20	0.002
671.39	0.003
671.58	0.002
671.77	0.002
671.96	0.002
672.15	0.002
672.34	0.002
672.53	0.002
672.72	0.002
672.91	0.002
673.09	0.002
673.28	0.002
673.47	0.002
673.66	0.002
673.85	0.002
674.04	0.003
674.23	0.003
674.42	0.003
674.61	0.003
674.80	0.003
674.98	0.003
675.17	0.003
675.36	0.003
675.55	0.003
675.74	0.003
675.93	0.003
676.12	0.003
676.31	0.003
676.50	0.003
676.69	0.003
676.87	0.003
677.06	0.003
677.25	0.003
677.44	0.003
677.63	0.003
677.82	0.003
678.01	0.003
678.20	0.003
678.38	0.003
678.57	0.003
678.76	0.003
678.95	0.003
679.14	0.003
679.33	0.003
679.52	0.003
679.71	0.003
679.89	0.003
680.08	0.003
680.27	0.003
680.46	0.003
680.65	0.003
680.84	0.003
681.02	0.003
681.21	0.003
681.40	0.003
681.59	0.003
681.78	0.002
681.97	0.002
682.16	0.002
682.34	0.002
682.53	0.002
682.72	0.002
682.91	0.002
683.10	0.002
683.29	0.002
683.47	0.002
683.66	0.002
683.85	0.003
684.04	0.003
684.23	0.002
684.42	0.002
684.60	0.002
684.79	0.002
684.98	0.002
685.17	0.002
685.36	0.002
685.54	0.002
685.73	0.002
685.92	0.002
686.11	0.002
686.30	0.002
686.49	0.002
686.67	0.002
686.86	0.002
687.05	0.003
687.24	0.003
687.43	0.002
687.61	0.002
687.80	0.002
687.99	0.002
688.18	0.002
688.36	0.002
688.55	0.002
688.74	0.002
688.93	0.002
689.12	0.002
689.30	0.002
689.49	0.002
689.68	0.002
689.87	0.003
690.06	0.003
690.24	0.003
690.43	0.003
690.62	0.003
690.81	0.003
690.99	0.003
691.18	0.003
691.37	0.003
691.56	0.003
691.74	0.003
691.93	0.002
692.12	0.002
692.31	0.002
692.50	0.002
692.68	0.002
692.87	0.002
693.06	0.002
693.25	0.002
693.43	0.002
693.62	0.002
693.81	0.002
694.00	0.002
694.18	0.002
694.37	0.002
694.56	0.002
694.74	0.002
694.93	0.002
695.12	0.002
695.31	0.002
695.49	0.002
695.68	0.003
695.87	0.002
696.06	0.002
696.24	0.003
696.43	0.002
696.62	0.002
696.80	0.002
696.99	0.002
697.18	0.001
697.37	0.002
697.55	0.002
697.74	0.002
697.93	0.002
698.12	0.002
698.30	0.002
698.49	0.002
698.68	0.002
698.86	0.003
699.05	0.002
699.24	0.002
699.42	0.002
699.61	0.002
699.80	0.002
699.99	0.002
700.17	0.002
700.36	0.002
700.55	0.002
700.73	0.002
700.92	0.002
701.11	0.002
701.29	0.002
701.48	0.003
701.67	0.003
701.85	0.002
702.04	0.002
702.23	0.003
702.41	0.003
702.60	0.002
702.79	0.003
702.97	0.002
703.16	0.002
703.35	0.002
703.53	0.002
703.72	0.002
703.91	0.002
704.09	0.002
704.28	0.002
704.47	0.002
704.65	0.002
704.84	0.002
705.03	0.002
705.21	0.002
705.40	0.002
705.59	0.002
705.77	0.002
705.96	0.001
706.15	0.001
706.33	0.001
706.52	0.002
706.71	0.001
706.89	0.001
707.08	0.002
707.26	0.002
707.45	0.002
707.64	0.002
707.82	0.002
708.01	0.002
708.20	0.002
708.38	0.002
708.57	0.002
708.75	0.002
708.94	0.002
709.13	0.002
709.31	0.002
709.50	0.002
709.69	0.003
709.87	0.002
710.06	0.002
710.24	0.002
710.43	0.002
710.62	0.003
710.80	0.003
710.99	0.003
711.17	0.003
711.36	0.002
711.55	0.003
711.73	0.003
711.92	0.003
712.10	0.003
712.29	0.003
712.48	0.003
712.66	0.003
712.85	0.003
713.03	0.003
713.22	0.003
713.40	0.003
713.59	0.003
713.78	0.003
713.96	0.003
714.15	0.003
714.33	0.003
714.52	0.003
714.71	0.003
714.89	0.003
715.08	0.003
715.26	0.002
715.45	0.002
715.63	0.002
715.82	0.001
716.00	0.002
716.19	0.002
716.38	0.002
716.56	0.001
716.75	0.001
716.93	0.002
717.12	0.002
717.30	0.002
717.49	0.002
717.67	0.002
717.86	0.002
718.05	0.002
718.23	0.002
718.42	0.002
718.60	0.002
718.79	0.002
718.97	0.002
719.16	0.002
719.34	0.002
719.53	0.001
719.71	0.002
719.90	0.002
720.08	0.002
720.27	0.002
720.45	0.002
720.64	0.003
720.83	0.003
721.01	0.003
721.20	0.003
721.38	0.003
721.57	0.003
721.75	0.003
721.94	0.003
722.12	0.002
722.31	0.002
722.49	0.002
722.68	0.002
722.86	0.002
723.05	0.002
723.23	0.002
723.42	0.002
723.60	0.002
723.79	0.002
723.97	0.002
724.16	0.002
724.34	0.002
724.53	0.002
724.71	0.001
724.90	0.001
725.08	0.001
725.27	0.001
725.45	0.001
725.64	0.001
725.82	0.002
726.00	0.002
726.19	0.002
726.37	0.002
726.56	0.002
726.74	0.002
726.93	0.002
727.11	0.002
727.30	0.001
727.48	0.001
727.67	0.001
727.85	0.001
728.04	0.001
728.22	0.001
728.40	0.002
728.59	0.002
728.77	0.002
728.96	0.002
729.14	0.002
729.33	0.002
729.51	0.003
729.70	0.002
729.88	0.002
730.07	0.002
730.25	0.002
730.43	0.002
730.62	0.002
730.80	0.002
730.99	0.002
731.17	0.001
731.36	0.001
731.54	0.002
731.72	0.002
731.91	0.002
732.09	0.002
732.28	0.002
732.46	0.002
732.65	0.002
732.83	0.003
733.01	0.002
733.20	0.002
733.38	0.002
733.57	0.003
733.75	0.002
733.93	0.002
734.12	0.002
734.30	0.002
734.49	0.002
734.67	0.002
734.85	0.002
735.04	0.002
735.22	0.001
735.41	0.002
735.59	0.002
735.77	0.002
735.96	0.001
736.14	0.001
736.33	0.002
736.51	0.002
736.69	0.002
736.88	0.002
737.06	0.002
737.25	0.003
737.43	0.003
737.61	0.003
737.80	0.003
737.98	0.003
738.16	0.003
738.35	0.003
738.53	0.003
738.71	0.003
738.90	0.002
739.08	0.002
739.27	0.002
739.45	0.001
739.63	0.001
739.82	0.002
740.00	0.002
740.18	0.002
740.37	0.002
740.55	0.002
740.73	0.002
740.92	0.002
741.10	0.002
741.28	0.003
741.47	0.003
741.65	0.003
741.83	0.003
742.02	0.003
742.20	0.003
742.38	0.003
742.57	0.003
742.75	0.003
742.93	0.002
743.12	0.002
743.30	0.002
743.48	0.002
743.67	0.001
743.85	0.001
744.03	0.000
744.22	0.000
744.40	0.001
744.58	0.001
744.77	0.001
744.95	0.001
745.13	0.001
745.32	0.001
745.50	0.002
745.68	0.001
745.87	0.001
746.05	0.001
746.23	0.001
746.41	0.001
746.60	0.001
746.78	0.002
746.96	0.002
747.15	0.002
747.33	0.003
747.51	0.003
747.70	0.002
747.88	0.002
748.06	0.003
748.24	0.002
748.43	0.002
748.61	0.002
748.79	0.002
748.97	0.002
749.16	0.001
749.34	0.002
749.52	0.002
749.71	0.002
749.89	0.002
750.07	0.002
750.25	0.002
750.44	0.002
750.62	0.002
750.80	0.002
750.98	0.002
751.17	0.002
751.35	0.002
751.53	0.002
751.71	0.001
751.90	0.002
752.08	0.002
752.26	0.001
752.44	0.001
752.63	0.002
752.81	0.001
752.99	0.002
753.17	0.002
753.36	0.002
753.54	0.001
753.72	0.002
753.90	0.002
754.09	0.002
754.27	0.002
754.45	0.003
754.63	0.003
754.82	0.003
755.00	0.003
755.18	0.002
755.36	0.002
755.54	0.002
755.73	0.002
755.91	0.002
756.09	0.002
756.27	0.002
756.45	0.002
756.64	0.002
756.82	0.003
757.00	0.002
757.18	0.002
757.37	0.003
757.55	0.003
757.73	0.002
757.91	0.002
758.09	0.002
758.27	0.002
758.46	0.002
758.64	0.002
758.82	0.002
759.00	0.002
759.18	0.002
759.37	0.003
759.55	0.003
759.73	0.003
759.91	0.003
760.09	0.003
760.28	0.003
760.46	0.003
760.64	0.002
760.82	0.003
761.00	0.002
761.18	0.002
761.37	0.002
761.55	0.002
761.73	0.002
761.91	0.003
762.09	0.003
762.27	0.002
762.46	0.002
762.64	0.002
762.82	0.002
763.00	0.002
763.18	0.002
763.36	0.002
763.54	0.002
763.73	0.002
763.91	0.002
764.09	0.002
764.27	0.002
764.45	0.002
764.63	0.002
764.81	0.002
765.00	0.002
765.18	0.002
765.36	0.002
765.54	0.002
765.72	0.002
765.90	0.002
766.08	0.002
766.27	0.002
766.45	0.002
766.63	0.002
766.81	0.002
766.99	0.002
767.17	0.002
767.35	0.002
767.53	0.002
767.71	0.002
767.90	0.002
768.08	0.002
768.26	0.003
768.44	0.003
768.62	0.003
768.80	0.003
768.98	0.003
769.16	0.003
769.34	0.003
769.52	0.003
769.71	0.002
769.89	0.002
770.07	0.002
770.25	0.002
770.43	0.001
770.61	0.001
770.79	0.001
770.97	0.001
771.15	0.001
771.33	0.002
771.51	0.002
771.69	0.002
771.88	0.002
772.06	0.002
772.24	0.003
772.42	0.003
772.60	0.003
772.78	0.002
772.96	0.002
773.14	0.002
773.32	0.002
773.50	0.002
773.68	0.001
773.86	0.001
774.04	0.001
774.22	0.001
774.40	0.001
774.58	0.001
774.77	0.001
774.95	0.001
775.13	0.001
775.31	0.002
775.49	0.002
775.67	0.002
775.85	0.002
776.03	0.002
776.21	0.002
776.39	0.002
776.57	0.002
776.75	0.002
776.93	0.002
777.11	0.002
777.29	0.002
777.47	0.002
777.65	0.002
777.83	0.002
778.01	0.002
778.19	0.002
778.37	0.002
778.55	0.002
778.73	0.002
778.91	0.002
779.09	0.002
779.27	0.003
779.45	0.003
779.63	0.002
779.81	0.003
779.99	0.002
780.17	0.002
780.35	0.003
780.53	0.003
780.71	0.003
780.89	0.002
781.07	0.002
781.25	0.003
781.43	0.002
781.61	0.002
781.79	0.002
781.97	0.002
782.15	0.002
782.33	0.002
782.51	0.002
782.69	0.002
782.87	0.002
783.05	0.002
783.23	0.002
783.41	0.002
783.59	0.002
783.77	0.003
783.95	0.002
784.13	0.002
784.31	0.002
784.49	0.002
784.67	0.002
784.85	0.002
785.03	0.002
785.21	0.002
785.38	0.001
785.56	0.001
785.74	0.002
785.92	0.002
786.10	0.002
786.28	0.002
786.46	0.002
786.64	0.002
786.82	0.002
787.00	0.003
787.18	0.003
787.36	0.003
787.54	0.002
787.72	0.003
787.90	0.003
788.08	0.003
788.25	0.003
788.43	0.003
788.61	0.003
788.79	0.003
788.97	0.002
789.15	0.003
789.33	0.003
789.51	0.002
789.69	0.002
789.87	0.003
790.05	0.003
790.23	0.003
790.40	0.003
790.58	0.002
790.76	0.003
790.94	0.003
791.12	0.003
791.30	0.003
791.48	0.003
791.66	0.003
791.84	0.003
792.02	0.003
792.19	0.003
792.37	0.003
792.55	0.002
792.73	0.002
792.91	0.002
793.09	0.002
793.27	0.002
793.45	0.002
793.63	0.001
793.80	0.001
793.98	0.001
794.16	0.002
794.34	0.002
794.52	0.002
794.70	0.002
794.88	0.001
795.05	0.001
795.23	0.002
795.41	0.002
795.59	0.002
795.77	0.002
795.95	0.002
796.13	0.002
796.30	0.002
796.48	0.003
796.66	0.003
796.84	0.003
797.02	0.003
797.20	0.002
797.38	0.002
797.55	0.002
797.73	0.002
797.91	0.002
798.09	0.002
798.27	0.002
798.45	0.002
798.62	0.002
798.80	0.002
798.98	0.002
799.16	0.003
799.34	0.003
799.52	0.003
799.69	0.003
799.87	0.003
800.05	0.003
800.23	0.003
800.41	0.003
800.58	0.003
800.76	0.002
800.94	0.002
801.12	0.002
801.30	0.002
801.47	0.002
801.65	0.002
801.83	0.002
802.01	0.002
802.19	0.002
802.36	0.003
802.54	0.002
802.72	0.003
802.90	0.002
803.08	0.002
803.25	0.002
803.43	0.002
803.61	0.002
803.79	0.002
803.97	0.002
804.14	0.002
804.32	0.002
804.50	0.002
804.68	0.002
804.85	0.002
805.03	0.002
805.21	0.003
805.39	0.003
805.56	0.002
805.74	0.002
805.92	0.002
806.10	0.002
806.28	0.003
806.45	0.003
806.63	0.002
806.81	0.003
806.99	0.003
807.16	0.003
807.34	0.003
807.52	0.003
807.70	0.003
807.87	0.003
808.05	0.003
808.23	0.003
808.41	0.002
808.58	0.002
808.76	0.002
808.94	0.002
809.11	0.002
809.29	0.002
809.47	0.002
809.65	0.002
809.82	0.002
810.00	0.002
810.18	0.002
810.36	0.003
810.53	0.003
810.71	0.003
810.89	0.003
811.06	0.003
811.24	0.003
811.42	0.003
811.60	0.003
811.77	0.003
811.95	0.002
812.13	0.002
812.30	0.002
812.48	0.002
812.66	0.002
812.83	0.002
813.01	0.003
813.19	0.003
813.37	0.003
813.54	0.003
813.72	0.003
813.90	0.003
814.07	0.003
814.25	0.003
814.43	0.003
814.60	0.003
814.78	0.002
814.96	0.002
815.13	0.002
815.31	0.002
815.49	0.001
815.66	0.002
815.84	0.002
816.02	0.002
816.19	0.002
816.37	0.003
816.55	0.003
816.72	0.003
816.90	0.004
817.08	0.004
817.25	0.003
817.43	0.003
817.61	0.003
817.78	0.003
817.96	0.003
818.14	0.002
818.31	0.003
818.49	0.002
818.67	0.003
818.84	0.003
819.02	0.002
819.19	0.002
819.37	0.002
819.55	0.002
819.72	0.002
819.90	0.002
820.08	0.002
820.25	0.002
820.43	0.002
820.60	0.002
820.78	0.002
820.96	0.003
821.13	0.002
821.31	0.003
821.49	0.003
821.66	0.002
821.84	0.003
822.01	0.003
822.19	0.002
822.37	0.002
822.54	0.002
822.72	0.003
822.89	0.002
823.07	0.002
823.25	0.002
823.42	0.002
823.60	0.001
823.77	0.001
823.95	0.002
824.13	0.002
824.30	0.003
824.48	0.002
824.65	0.003
824.83	0.002
825.01	0.003
825.18	0.003
825.36	0.003
825.53	0.003
825.71	0.002
825.88	0.002
826.06	0.003
826.24	0.003
826.41	0.003
826.59	0.003
826.76	0.003
826.94	0.003
827.11	0.003
827.29	0.003
827.47	0.003
827.64	0.003
827.82	0.003
827.99	0.003
828.17	0.003
828.34	0.003
828.52	0.003
828.69	0.003
828.87	0.003
829.04	0.003
829.22	0.003
829.40	0.003
829.57	0.003
829.75	0.003
829.92	0.003
830.10	0.003
830.27	0.003
830.45	0.003
830.62	0.002
830.80	0.002
830.97	0.002
831.15	0.002
831.32	0.001
831.50	0.001
831.67	0.001
831.85	0.000
832.02	0.000
832.20	0.001
832.37	0.001
832.55	0.001
832.73	0.002
832.90	0.002
833.08	0.002
833.25	0.003
833.43	0.002
833.60	0.002
833.78	0.002
833.95	0.002
834.13	0.002
834.30	0.001
834.48	0.001
834.65	0.001
834.82	0.001
835.00	0.001
835.17	0.002
835.35	0.002
835.52	0.002
835.70	0.002
835.87	0.003
836.05	0.003
836.22	0.003
836.40	0.002
836.57	0.002
836.75	0.002
836.92	0.002
837.10	0.001
837.27	0.002
837.45	0.002
837.62	0.002
837.80	0.002
837.97	0.003
838.14	0.003
838.32	0.002
838.49	0.003
838.67	0.003
838.84	0.003
839.02	0.003
839.19	0.003
839.37	0.003
839.54	0.003
839.71	0.002
839.89	0.003
840.06	0.002
840.24	0.002
840.41	0.002
840.59	0.001
840.76	0.001
840.94	0.001
841.11	0.001
841.28	0.001
841.46	0.000
841.63	0.001
841.81	0.001
841.98	0.001
842.15	0.001
842.33	0.001
842.50	0.002
842.68	0.002
842.85	0.002
843.03	0.003
843.20	0.002
843.37	0.003
843.55	0.003
843.72	0.004
843.90	0.003
844.07	0.003
844.24	0.003
844.42	0.003
844.59	0.003
844.77	0.003
844.94	0.003
845.11	0.003
845.29	0.002
845.46	0.002
845.63	0.002
845.81	0.002
845.98	0.001
846.16	0.001
846.33	0.001
846.50	0.001
846.68	0.000
846.85	0.001
847.02	0.001
847.20	0.002
847.37	0.002
847.55	0.002
847.72	0.002
847.89	0.002
848.07	0.003
848.24	0.003
848.41	0.003
848.59	0.003
848.76	0.003
848.93	0.003
849.11	0.003
849.28	0.003
849.45	0.003
849.63	0.002
849.80	0.002
849.97	0.002
850.15	0.002
850.32	0.003
850.49	0.003
850.67	0.003
850.84	0.003
851.01	0.003
851.19	0.004
851.36	0.004
851.53	0.003
851.71	0.004
851.88	0.004
852.05	0.004
852.23	0.004
852.40	0.004
852.57	0.004
852.75	0.004
852.92	0.004
853.09	0.004
853.27	0.004
853.44	0.004
853.61	0.005
853.79	0.005
853.96	0.004
854.13	0.004
854.30	0.004
854.48	0.005
854.65	0.005
854.82	0.005
855.00	0.005
855.17	0.005
855.34	0.005
855.51	0.005
855.69	0.004
855.86	0.004
856.03	0.003
856.21	0.003
856.38	0.003
856.55	0.003
856.72	0.003
856.90	0.003
857.07	0.003
857.24	0.004
857.42	0.004
857.59	0.004
857.76	0.003
857.93	0.004
858.11	0.004
858.28	0.003
858.45	0.004
858.62	0.004
858.80	0.004
858.97	0.004
859.14	0.005
859.31	0.005
859.49	0.005
859.66	0.005
859.83	0.005
860.00	0.005
860.18	0.005
860.35	0.005
860.52	0.005
860.69	0.005
860.86	0.005
861.04	0.005
861.21	0.005
861.38	0.006
861.55	0.006
861.73	0.006
861.90	0.007
862.07	0.007
862.24	0.007
862.42	0.008
862.59	0.009
862.76	0.008
862.93	0.008
863.10	0.009
863.28	0.009
863.45	0.008
863.62	0.008
863.79	0.008
863.96	0.008
864.14	0.007
864.31	0.008
864.48	0.008
864.65	0.007
864.82	0.008
865.00	0.008
865.17	0.009
865.34	0.008
865.51	0.008
865.68	0.008
865.86	0.008
866.03	0.009
866.20	0.009
866.37	0.010
866.54	0.010
866.71	0.010
866.89	0.010
867.06	0.010
867.23	0.010
867.40	0.011
867.57	0.011
867.74	0.010
867.92	0.010
868.09	0.011
868.26	0.011
868.43	0.011
868.60	0.011
868.77	0.011
868.95	0.011
869.12	0.012
869.29	0.012
869.46	0.012
869.63	0.011
869.80	0.011
869.97	0.011
870.15	0.011
870.32	0.011
870.49	0.011
870.66	0.010
870.83	0.010
871.00	0.009
871.17	0.010
871.34	0.010
871.52	0.011
871.69	0.011
871.86	0.010
872.03	0.011
872.20	0.011
872.37	0.012
872.54	0.012
872.71	0.011
872.89	0.012
873.06	0.011
873.23	0.011
873.40	0.011
873.57	0.011
873.74	0.011
873.91	0.011
874.08	0.011
874.25	0.011
874.42	0.011
874.60	0.011
874.77	0.012
874.94	0.012
875.11	0.012
875.28	0.012
875.45	0.012
875.62	0.013
875.79	0.013
875.96	0.013
876.13	0.013
876.30	0.013
876.47	0.014
876.65	0.014
876.82	0.014
876.99	0.014
877.16	0.013
877.33	0.014
877.50	0.014
877.67	0.015
877.84	0.014
878.01	0.014
878.18	0.014
878.35	0.015
878.52	0.016
878.69	0.016
878.86	0.015
879.03	0.015
879.20	0.015
879.38	0.015
879.55	0.015
879.72	0.015
879.89	0.015
880.06	0.015
880.23	0.015
880.40	0.016
880.57	0.016
880.74	0.016
880.91	0.017
881.08	0.017
881.25	0.017
881.42	0.016
881.59	0.017
881.76	0.016
881.93	0.016
882.10	0.017
882.27	0.017
882.44	0.016
882.61	0.016
882.78	0.016
882.95	0.017
883.12	0.018
883.29	0.017
883.46	0.017
883.63	0.016
883.80	0.016
883.97	0.015
884.14	0.015
884.31	0.015
884.48	0.014
884.65	0.012
884.82	0.012
884.99	0.012
885.16	0.014
885.33	0.014
885.50	0.014
885.67	0.014
885.84	0.013
886.01	0.015
886.18	0.015
886.35	0.015
886.52	0.015
886.69	0.015
886.86	0.015
887.03	0.015
887.20	0.016
887.37	0.016
887.54	0.016
887.71	0.015
887.88	0.015
888.05	0.015
888.22	0.016
888.39	0.016
888.55	0.016
888.72	0.016
888.89	0.016
889.06	0.016
889.23	0.017
889.40	0.017
889.57	0.017
889.74	0.015
889.91	0.016
890.08	0.016
890.25	0.015
890.42	0.016
890.59	0.016
890.76	0.016
890.93	0.017
891.10	0.017
891.26	0.018
891.43	0.018
891.60	0.018
891.77	0.017
891.94	0.017
892.11	0.016
892.28	0.016
892.45	0.016
892.62	0.015
892.79	0.015
892.96	0.015
893.13	0.015
893.29	0.017
893.46	0.017
893.63	0.017
893.80	0.016
893.97	0.016
894.14	0.015
894.31	0.015
894.48	0.014
894.65	0.015
894.81	0.008
894.98	0.013
