177.34	0.820
177.56	0.820
177.78	0.820
178.00	-0.058
178.22	0.180
178.44	0.166
178.66	0.074
178.89	0.217
179.11	0.457
179.33	-0.000
179.55	-0.000
179.77	-0.000
179.99	-0.000
180.21	-0.000
180.43	-0.000
180.65	-0.000
180.87	0.568
181.09	0.358
181.31	0.248
181.53	0.239
181.75	0.180
181.97	0.140
182.19	0.098
182.41	0.101
182.63	0.086
182.85	0.111
183.07	0.131
183.30	0.157
183.52	0.149
183.74	0.181
183.96	0.198
184.18	0.254
184.40	0.222
184.62	0.214
184.84	0.208
185.06	0.221
185.28	0.207
185.50	0.222
185.72	0.250
185.94	0.275
186.16	0.260
186.38	0.321
186.60	0.361
186.82	0.394
187.04	0.434
187.26	0.468
187.48	0.517
187.70	0.545
187.92	0.571
188.14	0.598
188.36	0.636
188.58	0.668
188.80	0.672
189.02	0.685
189.24	0.733
189.46	0.720
189.68	0.715
189.90	0.744
190.12	0.771
190.34	0.749
190.56	0.741
190.78	0.757
191.00	0.786
191.22	0.783
191.44	0.824
191.66	0.832
191.88	0.809
192.10	0.816
192.32	0.839
192.54	0.859
192.76	0.895
192.98	0.901
193.20	0.920
193.42	0.939
193.64	0.975
193.86	1.000
194.08	0.997
194.30	1.013
194.52	1.042
194.74	1.043
194.96	1.038
195.18	1.054
195.40	1.037
195.62	1.024
195.84	1.042
196.06	1.069
196.28	1.085
196.50	1.073
196.72	1.092
196.94	1.093
197.16	1.080
197.38	1.096
197.60	1.118
197.82	1.163
198.04	1.150
198.26	1.169
198.48	1.193
198.70	1.173
198.92	1.188
199.13	1.208
199.35	1.213
199.57	1.227
199.79	1.208
200.01	1.221
200.23	1.218
200.45	1.221
200.67	1.234
200.89	1.248
201.11	1.269
201.33	1.264
201.55	1.273
201.77	1.277
201.99	1.319
202.21	1.311
202.43	1.304
202.65	1.307
202.87	1.300
203.09	1.286
203.31	1.294
203.52	1.286
203.74	1.296
203.96	1.283
204.18	1.295
204.40	1.309
204.62	1.328
204.84	1.349
205.06	1.361
205.28	1.389
205.50	1.409
205.72	1.429
205.94	1.445
206.16	1.455
206.38	1.466
206.59	1.462
206.81	1.473
207.03	1.479
207.25	1.477
207.47	1.470
207.69	1.457
207.91	1.461
208.13	1.452
208.35	1.455
208.57	1.469
208.79	1.469
209.01	1.475
209.22	1.483
209.44	1.496
209.66	1.502
209.88	1.499
210.10	1.514
210.32	1.518
210.54	1.526
210.76	1.535
210.98	1.545
211.20	1.547
211.42	1.540
211.63	1.544
211.85	1.545
212.07	1.546
212.29	1.549
212.51	1.559
212.73	1.558
212.95	1.570
213.17	1.582
213.39	1.592
213.60	1.595
213.82	1.597
214.04	1.596
214.26	1.601
214.48	1.585
214.70	1.576
214.92	1.552
215.14	1.533
215.35	1.523
215.57	1.525
215.79	1.515
216.01	1.515
216.23	1.506
216.45	1.505
216.67	1.504
216.89	1.504
217.10	1.489
217.32	1.477
217.54	1.461
217.76	1.448
217.98	1.428
218.20	1.407
218.42	1.385
218.64	1.366
218.85	1.345
219.07	1.342
219.29	1.321
219.51	1.300
219.73	1.290
219.95	1.275
220.17	1.263
220.38	1.240
220.60	1.216
220.82	1.196
221.04	1.169
221.26	1.151
221.48	1.132
221.69	1.109
221.91	1.089
222.13	1.067
222.35	1.047
222.57	1.032
222.79	1.011
223.00	0.993
223.22	0.974
223.44	0.954
223.66	0.934
223.88	0.914
224.10	0.896
224.32	0.878
224.53	0.857
224.75	0.838
224.97	0.817
225.19	0.798
225.41	0.780
225.62	0.763
225.84	0.745
226.06	0.728
226.28	0.711
226.50	0.693
226.72	0.676
226.93	0.660
227.15	0.644
227.37	0.627
227.59	0.612
227.81	0.597
228.02	0.582
228.24	0.567
228.46	0.553
228.68	0.541
228.90	0.528
229.12	0.514
229.33	0.503
229.55	0.490
229.77	0.478
229.99	0.466
230.21	0.455
230.42	0.444
230.64	0.433
230.86	0.422
231.08	0.413
231.30	0.402
231.51	0.393
231.73	0.384
231.95	0.376
232.17	0.367
232.38	0.359
232.60	0.350
232.82	0.341
233.04	0.332
233.26	0.325
233.47	0.317
233.69	0.310
233.91	0.302
234.13	0.295
234.35	0.288
234.56	0.282
234.78	0.276
235.00	0.270
235.22	0.263
235.43	0.257
235.65	0.251
235.87	0.245
236.09	0.240
236.30	0.235
236.52	0.230
236.74	0.225
236.96	0.220
237.18	0.216
237.39	0.211
237.61	0.206
237.83	0.202
238.05	0.197
238.26	0.194
238.48	0.190
238.70	0.186
238.92	0.182
239.13	0.179
239.35	0.176
239.57	0.172
239.79	0.169
240.00	0.166
240.22	0.162
240.44	0.159
240.66	0.156
240.87	0.153
241.09	0.151
241.31	0.149
241.53	0.146
241.74	0.144
241.96	0.142
242.18	0.139
242.40	0.137
242.61	0.135
242.83	0.132
243.05	0.130
243.27	0.128
243.48	0.126
243.70	0.124
243.92	0.121
244.13	0.120
244.35	0.118
244.57	0.116
244.79	0.115
245.00	0.113
245.22	0.112
245.44	0.110
245.65	0.108
245.87	0.106
246.09	0.105
246.31	0.103
246.52	0.101
246.74	0.100
246.96	0.098
247.18	0.096
247.39	0.095
247.61	0.094
247.83	0.093
248.04	0.092
248.26	0.091
248.48	0.090
248.69	0.089
248.91	0.088
249.13	0.087
249.35	0.086
249.56	0.085
249.78	0.084
250.00	0.083
250.21	0.082
250.43	0.081
250.65	0.080
250.86	0.079
251.08	0.079
251.30	0.078
251.51	0.077
251.73	0.076
251.95	0.076
252.17	0.075
252.38	0.074
252.60	0.074
252.82	0.073
253.03	0.072
253.25	0.072
253.47	0.072
253.68	0.071
253.90	0.070
254.12	0.070
254.33	0.069
254.55	0.068
254.77	0.068
254.98	0.068
255.20	0.067
255.42	0.067
255.63	0.067
255.85	0.067
256.07	0.066
256.28	0.066
256.50	0.067
256.72	0.066
256.93	0.066
257.15	0.065
257.37	0.065
257.58	0.064
257.80	0.063
258.02	0.063
258.23	0.063
258.45	0.062
258.67	0.062
258.88	0.061
259.10	0.061
259.32	0.061
259.53	0.061
259.75	0.061
259.96	0.061
260.18	0.061
260.40	0.061
260.61	0.061
260.83	0.061
261.05	0.060
261.26	0.060
261.48	0.059
261.70	0.059
261.91	0.059
262.13	0.059
262.34	0.059
262.56	0.059
262.78	0.059
262.99	0.058
263.21	0.059
263.43	0.059
263.64	0.058
263.86	0.058
264.07	0.058
264.29	0.057
264.51	0.057
264.72	0.057
264.94	0.057
265.16	0.057
265.37	0.057
265.59	0.057
265.80	0.057
266.02	0.057
266.24	0.057
266.45	0.056
266.67	0.056
266.88	0.056
267.10	0.056
267.32	0.055
267.53	0.055
267.75	0.055
267.96	0.055
268.18	0.055
268.40	0.055
268.61	0.055
268.83	0.055
269.04	0.055
269.26	0.055
269.48	0.055
269.69	0.055
269.91	0.055
270.12	0.054
270.34	0.055
270.56	0.054
270.77	0.054
270.99	0.053
271.20	0.054
271.42	0.053
271.64	0.054
271.85	0.053
272.07	0.053
272.28	0.053
272.50	0.053
272.71	0.052
272.93	0.053
273.15	0.052
273.36	0.053
273.58	0.053
273.79	0.053
274.01	0.053
274.22	0.053
274.44	0.053
274.66	0.053
274.87	0.052
275.09	0.052
275.30	0.052
275.52	0.051
275.73	0.051
275.95	0.051
276.16	0.050
276.38	0.050
276.60	0.050
276.81	0.050
277.03	0.050
277.24	0.049
277.46	0.049
277.67	0.049
277.89	0.050
278.10	0.049
278.32	0.049
278.53	0.049
278.75	0.049
278.97	0.049
279.18	0.049
279.40	0.048
279.61	0.048
279.83	0.048
280.04	0.048
280.26	0.048
280.47	0.048
280.69	0.048
280.90	0.048
281.12	0.048
281.33	0.048
281.55	0.048
281.76	0.048
281.98	0.048
282.20	0.048
282.41	0.047
282.63	0.048
282.84	0.047
283.06	0.047
283.27	0.047
283.49	0.047
283.70	0.046
283.92	0.046
284.13	0.046
284.35	0.046
284.56	0.046
284.78	0.046
284.99	0.046
285.21	0.046
285.42	0.045
285.64	0.045
285.85	0.045
286.07	0.044
286.28	0.044
286.50	0.044
286.71	0.044
286.93	0.043
287.14	0.043
287.36	0.043
287.57	0.042
287.79	0.042
288.00	0.042
288.22	0.042
288.43	0.042
288.65	0.042
288.86	0.042
289.08	0.042
289.29	0.042
289.51	0.041
289.72	0.042
289.94	0.042
290.15	0.041
290.37	0.041
290.58	0.041
290.80	0.040
291.01	0.041
291.22	0.041
291.44	0.040
291.65	0.040
291.87	0.040
292.08	0.041
292.30	0.041
292.51	0.040
292.73	0.041
292.94	0.040
293.16	0.040
293.37	0.040
293.59	0.040
293.80	0.040
294.02	0.039
294.23	0.039
294.44	0.039
294.66	0.038
294.87	0.038
295.09	0.038
295.30	0.038
295.52	0.038
295.73	0.037
295.95	0.037
296.16	0.037
296.37	0.037
296.59	0.037
296.80	0.037
297.02	0.037
297.23	0.037
297.45	0.038
297.66	0.038
297.88	0.038
298.09	0.038
298.30	0.037
298.52	0.037
298.73	0.037
298.95	0.037
299.16	0.037
299.38	0.037
299.59	0.036
299.80	0.036
300.02	0.036
300.23	0.036
300.45	0.036
300.66	0.036
300.88	0.036
301.09	0.036
301.30	0.035
301.52	0.035
301.73	0.034
301.95	0.034
302.16	0.034
302.37	0.034
302.59	0.034
302.80	0.033
303.02	0.033
303.23	0.034
303.45	0.034
303.66	0.034
303.87	0.034
304.09	0.034
304.30	0.034
304.52	0.034
304.73	0.034
304.94	0.034
305.16	0.034
305.37	0.034
305.59	0.034
305.80	0.034
306.01	0.033
306.23	0.033
306.44	0.032
306.65	0.032
306.87	0.032
307.08	0.032
307.30	0.032
307.51	0.032
307.72	0.032
307.94	0.032
308.15	0.033
308.37	0.032
308.58	0.032
308.79	0.032
309.01	0.032
309.22	0.032
309.43	0.032
309.65	0.032
309.86	0.032
310.07	0.031
310.29	0.031
310.50	0.032
310.72	0.032
310.93	0.031
311.14	0.031
311.36	0.030
311.57	0.030
311.78	0.030
312.00	0.029
312.21	0.029
312.42	0.029
312.64	0.029
312.85	0.029
313.07	0.029
313.28	0.030
313.49	0.030
313.71	0.030
313.92	0.030
314.13	0.030
314.35	0.030
314.56	0.031
314.77	0.031
314.99	0.030
315.20	0.031
315.41	0.030
315.63	0.030
315.84	0.030
316.05	0.029
316.27	0.029
316.48	0.029
316.69	0.029
316.91	0.028
317.12	0.029
317.33	0.029
317.55	0.029
317.76	0.029
317.97	0.029
318.19	0.029
318.40	0.029
318.61	0.029
318.83	0.030
319.04	0.029
319.25	0.029
319.47	0.029
319.68	0.029
319.89	0.029
320.10	0.029
320.32	0.029
320.53	0.029
320.74	0.029
320.96	0.029
321.17	0.028
321.38	0.028
321.60	0.028
321.81	0.027
322.02	0.027
322.24	0.027
322.45	0.027
322.66	0.027
322.87	0.027
323.09	0.027
323.30	0.027
323.51	0.027
323.73	0.028
323.94	0.028
324.15	0.028
324.36	0.027
324.58	0.028
324.79	0.028
325.00	0.028
325.22	0.028
325.43	0.028
325.64	0.028
325.85	0.028
326.07	0.028
326.28	0.029
326.49	0.029
326.71	0.029
326.92	0.029
327.13	0.029
327.34	0.029
327.56	0.029
327.77	0.028
327.98	0.028
328.19	0.028
328.41	0.028
328.62	0.027
328.83	0.027
329.04	0.027
329.26	0.027
329.47	0.027
329.68	0.026
329.90	0.026
330.11	0.026
330.32	0.026
330.53	0.026
330.75	0.027
330.96	0.026
331.17	0.026
331.38	0.027
331.60	0.027
331.81	0.027
332.02	0.027
332.23	0.027
332.44	0.027
332.66	0.026
332.87	0.027
333.08	0.027
333.29	0.027
333.51	0.026
333.72	0.027
333.93	0.027
334.14	0.027
334.36	0.027
334.57	0.027
334.78	0.027
334.99	0.027
335.21	0.027
335.42	0.027
335.63	0.027
335.84	0.027
336.05	0.026
336.27	0.026
336.48	0.027
336.69	0.026
336.90	0.027
337.11	0.026
337.33	0.026
337.54	0.026
337.75	0.026
337.96	0.027
338.18	0.026
338.39	0.026
338.60	0.026
338.81	0.025
339.02	0.025
339.24	0.026
339.45	0.025
339.66	0.025
339.87	0.025
340.08	0.026
340.30	0.026
340.51	0.026
340.72	0.025
340.93	0.026
341.14	0.026
341.36	0.026
341.57	0.026
341.78	0.026
341.99	0.026
342.20	0.025
342.41	0.025
342.63	0.025
342.84	0.025
343.05	0.024
343.26	0.024
343.47	0.025
343.69	0.025
343.90	0.024
344.11	0.025
344.32	0.025
344.53	0.024
344.74	0.024
344.96	0.024
345.17	0.024
345.38	0.024
345.59	0.023
345.80	0.024
346.01	0.023
346.23	0.023
346.44	0.023
346.65	0.023
346.86	0.022
347.07	0.023
347.28	0.022
347.50	0.022
347.71	0.022
347.92	0.023
348.13	0.022
348.34	0.023
348.55	0.022
348.76	0.023
348.98	0.022
349.19	0.022
349.40	0.022
349.61	0.021
349.82	0.022
350.03	0.022
350.24	0.022
350.46	0.022
350.67	0.022
350.88	0.022
351.09	0.022
351.30	0.022
351.51	0.022
351.72	0.022
351.93	0.022
352.15	0.021
352.36	0.021
352.57	0.020
352.78	0.020
352.99	0.020
353.20	0.020
353.41	0.020
353.62	0.021
353.84	0.020
354.05	0.020
354.26	0.020
354.47	0.020
354.68	0.021
354.89	0.021
355.10	0.021
355.31	0.021
355.52	0.020
355.74	0.020
355.95	0.021
356.16	0.021
356.37	0.021
356.58	0.021
356.79	0.020
357.00	0.020
357.21	0.019
357.42	0.020
357.63	0.019
357.85	0.019
358.06	0.019
358.27	0.018
358.48	0.018
358.69	0.018
358.90	0.018
359.11	0.018
359.32	0.018
359.53	0.018
359.74	0.017
359.95	0.017
360.17	0.017
360.38	0.017
360.59	0.016
360.80	0.016
361.01	0.017
361.22	0.017
361.43	0.016
361.64	0.017
361.85	0.017
362.06	0.017
362.27	0.017
362.48	0.017
362.69	0.017
362.90	0.017
363.12	0.017
363.33	0.017
363.54	0.017
363.75	0.017
363.96	0.016
364.17	0.016
364.38	0.016
364.59	0.015
364.80	0.016
365.01	0.016
365.22	0.016
365.43	0.016
365.64	0.016
365.85	0.016
366.06	0.016
366.27	0.017
366.48	0.017
366.69	0.017
366.90	0.016
367.11	0.016
367.32	0.016
367.54	0.016
367.75	0.016
367.96	0.015
368.17	0.015
368.38	0.015
368.59	0.014
368.80	0.014
369.01	0.014
369.22	0.014
369.43	0.013
369.64	0.014
369.85	0.013
370.06	0.013
370.27	0.013
370.48	0.014
370.69	0.014
370.90	0.014
371.11	0.013
371.32	0.014
371.53	0.013
371.74	0.014
371.95	0.014
372.16	0.013
372.37	0.013
372.58	0.013
372.79	0.013
373.00	0.013
373.21	0.013
373.42	0.013
373.63	0.013
373.84	0.013
374.05	0.013
374.26	0.014
374.47	0.014
374.68	0.014
374.89	0.014
375.10	0.014
375.31	0.014
375.52	0.014
375.73	0.014
375.94	0.013
376.15	0.013
376.36	0.013
376.57	0.013
376.78	0.013
376.99	0.013
377.20	0.013
377.41	0.013
377.62	0.013
377.83	0.013
378.04	0.013
378.25	0.012
378.46	0.013
378.67	0.012
378.88	0.012
379.09	0.012
379.30	0.012
379.51	0.012
379.72	0.012
379.92	0.012
380.13	0.012
380.34	0.011
380.55	0.012
380.76	0.012
380.97	0.012
381.18	0.012
381.39	0.011
381.60	0.011
381.81	0.011
382.02	0.011
382.23	0.011
382.44	0.010
382.65	0.011
382.86	0.010
383.07	0.011
383.28	0.011
383.49	0.011
383.70	0.011
383.91	0.011
384.11	0.011
384.32	0.011
384.53	0.010
384.74	0.010
384.95	0.010
385.16	0.009
385.37	0.009
385.58	0.009
385.79	0.009
386.00	0.009
386.21	0.009
386.42	0.009
386.63	0.009
386.84	0.009
387.04	0.009
387.25	0.010
387.46	0.010
387.67	0.010
387.88	0.009
388.09	0.010
388.30	0.009
388.51	0.010
388.72	0.010
388.93	0.010
389.14	0.010
389.34	0.010
389.55	0.010
389.76	0.010
389.97	0.009
390.18	0.010
390.39	0.009
390.60	0.008
390.81	0.009
391.02	0.009
391.23	0.009
391.43	0.009
391.64	0.009
391.85	0.009
392.06	0.009
392.27	0.009
392.48	0.009
392.69	0.009
392.90	0.008
393.11	0.008
393.31	0.008
393.52	0.008
393.73	0.008
393.94	0.008
394.15	0.009
394.36	0.009
394.57	0.009
394.78	0.010
394.98	0.009
395.19	0.009
395.40	0.009
395.61	0.009
395.82	0.008
396.03	0.008
396.24	0.008
396.44	0.008
396.65	0.008
396.86	0.008
397.07	0.008
397.28	0.008
397.49	0.008
397.70	0.008
397.90	0.008
398.11	0.007
398.32	0.007
398.53	0.008
398.74	0.008
398.95	0.008
399.16	0.008
399.36	0.008
399.57	0.007
399.78	0.007
399.99	0.008
400.20	0.008
400.41	0.007
400.61	0.007
400.82	0.007
401.03	0.007
401.24	0.007
401.45	0.007
401.66	0.008
401.86	0.007
402.07	0.007
402.28	0.008
402.49	0.007
402.70	0.007
402.91	0.007
403.11	0.007
403.32	0.007
403.53	0.007
403.74	0.007
403.95	0.008
404.15	0.008
404.36	0.008
404.57	0.008
404.78	0.009
404.99	0.008
405.20	0.008
405.40	0.007
405.61	0.008
405.82	0.007
406.03	0.007
406.24	0.007
406.44	0.007
406.65	0.007
406.86	0.008
407.07	0.008
407.28	0.008
407.48	0.008
407.69	0.008
407.90	0.008
408.11	0.009
408.32	0.008
408.52	0.008
408.73	0.008
408.94	0.008
409.15	0.008
409.35	0.007
409.56	0.007
409.77	0.007
409.98	0.007
410.19	0.008
410.39	0.008
410.60	0.007
410.81	0.007
411.02	0.007
411.22	0.007
411.43	0.008
411.64	0.007
411.85	0.008
412.05	0.007
412.26	0.007
412.47	0.007
412.68	0.007
412.89	0.007
413.09	0.007
413.30	0.007
413.51	0.007
413.72	0.007
413.92	0.007
414.13	0.007
414.34	0.008
414.55	0.007
414.75	0.007
414.96	0.007
415.17	0.006
415.38	0.006
415.58	0.007
415.79	0.007
416.00	0.007
416.21	0.007
416.41	0.007
416.62	0.007
416.83	0.007
417.03	0.008
417.24	0.008
417.45	0.007
417.66	0.007
417.86	0.007
418.07	0.007
418.28	0.007
418.49	0.006
418.69	0.007
418.90	0.007
419.11	0.007
419.31	0.007
419.52	0.007
419.73	0.007
419.94	0.008
420.14	0.007
420.35	0.008
420.56	0.008
420.76	0.009
420.97	0.009
421.18	0.009
421.39	0.009
421.59	0.009
421.80	0.009
422.01	0.009
422.21	0.009
422.42	0.008
422.63	0.008
422.84	0.008
423.04	0.008
423.25	0.008
423.46	0.007
423.66	0.008
423.87	0.008
424.08	0.007
424.28	0.007
424.49	0.007
424.70	0.007
424.90	0.007
425.11	0.007
425.32	0.007
425.52	0.007
425.73	0.006
425.94	0.007
426.15	0.007
426.35	0.007
426.56	0.007
426.77	0.007
426.97	0.007
427.18	0.008
427.39	0.007
427.59	0.007
427.80	0.007
428.01	0.007
428.21	0.007
428.42	0.006
428.63	0.006
428.83	0.006
429.04	0.006
429.25	0.006
429.45	0.006
429.66	0.006
429.87	0.006
430.07	0.007
430.28	0.007
430.48	0.007
430.69	0.006
430.90	0.006
431.10	0.007
431.31	0.007
431.52	0.007
431.72	0.007
431.93	0.007
432.14	0.006
432.34	0.006
432.55	0.006
432.76	0.006
432.96	0.006
433.17	0.006
433.37	0.006
433.58	0.005
433.79	0.005
433.99	0.006
434.20	0.005
434.41	0.006
434.61	0.007
434.82	0.007
435.02	0.007
435.23	0.007
435.44	0.008
435.64	0.008
435.85	0.008
436.06	0.008
436.26	0.008
436.47	0.008
436.67	0.007
436.88	0.007
437.09	0.006
437.29	0.006
437.50	0.006
437.70	0.006
437.91	0.006
438.12	0.006
438.32	0.006
438.53	0.006
438.73	0.006
438.94	0.007
439.15	0.007
439.35	0.007
439.56	0.007
439.76	0.007
439.97	0.007
440.18	0.007
440.38	0.007
440.59	0.007
440.79	0.007
441.00	0.007
441.20	0.007
441.41	0.007
441.62	0.007
441.82	0.007
442.03	0.007
442.23	0.007
442.44	0.007
442.65	0.007
442.85	0.007
443.06	0.008
443.26	0.008
443.47	0.008
443.67	0.007
443.88	0.008
444.09	0.008
444.29	0.008
444.50	0.008
444.70	0.008
444.91	0.007
445.11	0.008
445.32	0.008
445.52	0.008
445.73	0.008
445.94	0.007
446.14	0.007
446.35	0.007
446.55	0.007
446.76	0.006
446.96	0.006
447.17	0.006
447.37	0.006
447.58	0.006
447.78	0.006
447.99	0.006
448.20	0.007
448.40	0.007
448.61	0.008
448.81	0.008
449.02	0.008
449.22	0.009
449.43	0.008
449.63	0.008
449.84	0.008
450.04	0.007
450.25	0.007
450.45	0.007
450.66	0.007
450.86	0.007
451.07	0.006
451.27	0.006
451.48	0.006
451.68	0.006
451.89	0.006
452.09	0.007
452.30	0.007
452.50	0.007
452.71	0.007
452.91	0.007
453.12	0.008
453.33	0.008
453.53	0.008
453.74	0.008
453.94	0.008
454.15	0.008
454.35	0.007
454.56	0.007
454.76	0.007
454.96	0.006
455.17	0.006
455.37	0.007
455.58	0.007
455.78	0.007
455.99	0.007
456.19	0.007
456.40	0.007
456.60	0.007
456.81	0.007
457.01	0.008
457.22	0.007
457.42	0.007
457.63	0.008
457.83	0.008
458.04	0.007
458.24	0.007
458.45	0.008
458.65	0.007
458.86	0.007
459.06	0.007
459.27	0.007
459.47	0.006
459.67	0.006
459.88	0.006
460.08	0.007
460.29	0.006
460.49	0.006
460.70	0.006
460.90	0.007
461.11	0.006
461.31	0.007
461.52	0.007
461.72	0.007
461.92	0.008
462.13	0.008
462.33	0.008
462.54	0.008
462.74	0.008
462.95	0.008
463.15	0.008
463.36	0.008
463.56	0.008
463.76	0.007
463.97	0.007
464.17	0.007
464.38	0.007
464.58	0.007
464.79	0.008
464.99	0.007
465.19	0.007
465.40	0.007
465.60	0.007
465.81	0.007
466.01	0.007
466.22	0.007
466.42	0.007
466.62	0.007
466.83	0.007
467.03	0.007
467.24	0.007
467.44	0.007
467.65	0.007
467.85	0.007
468.05	0.007
468.26	0.007
468.46	0.007
468.67	0.007
468.87	0.006
469.07	0.006
469.28	0.006
469.48	0.006
469.69	0.006
469.89	0.006
470.09	0.006
470.30	0.006
470.50	0.007
470.71	0.007
470.91	0.007
471.11	0.007
471.32	0.007
471.52	0.007
471.72	0.007
471.93	0.007
472.13	0.007
472.34	0.007
472.54	0.007
472.74	0.007
472.95	0.007
473.15	0.007
473.35	0.006
473.56	0.006
473.76	0.006
473.97	0.006
474.17	0.006
474.37	0.006
474.58	0.006
474.78	0.006
474.98	0.007
475.19	0.007
475.39	0.007
475.60	0.007
475.80	0.007
476.00	0.007
476.21	0.007
476.41	0.007
476.61	0.007
476.82	0.007
477.02	0.006
477.22	0.006
477.43	0.007
477.63	0.007
477.83	0.007
478.04	0.007
478.24	0.008
478.44	0.008
478.65	0.008
478.85	0.008
479.05	0.008
479.26	0.008
479.46	0.007
479.66	0.007
479.87	0.007
480.07	0.006
480.27	0.006
480.48	0.006
480.68	0.006
480.88	0.006
481.09	0.006
481.29	0.007
481.49	0.007
481.70	0.006
481.90	0.006
482.10	0.007
482.31	0.007
482.51	0.007
482.71	0.007
482.92	0.006
483.12	0.006
483.32	0.006
483.52	0.006
483.73	0.007
483.93	0.006
484.13	0.007
484.34	0.007
484.54	0.007
484.74	0.006
484.95	0.007
485.15	0.006
485.35	0.006
485.55	0.006
485.76	0.007
485.96	0.007
486.16	0.007
486.37	0.007
486.57	0.007
486.77	0.008
486.97	0.008
487.18	0.008
487.38	0.007
487.58	0.007
487.79	0.008
487.99	0.008
488.19	0.008
488.39	0.008
488.60	0.007
488.80	0.007
489.00	0.007
489.20	0.008
489.41	0.008
489.61	0.007
489.81	0.007
490.02	0.007
490.22	0.007
490.42	0.007
490.62	0.007
490.83	0.007
491.03	0.007
491.23	0.007
491.43	0.007
491.64	0.007
491.84	0.007
492.04	0.007
492.24	0.008
492.45	0.008
492.65	0.008
492.85	0.008
493.05	0.008
493.26	0.008
493.46	0.007
493.66	0.007
493.86	0.007
494.07	0.007
494.27	0.007
494.47	0.007
494.67	0.006
494.87	0.007
495.08	0.006
495.28	0.007
495.48	0.007
495.68	0.007
495.89	0.007
496.09	0.007
496.29	0.007
496.49	0.007
496.69	0.007
496.90	0.007
497.10	0.007
497.30	0.008
497.50	0.008
497.71	0.008
497.91	0.008
498.11	0.008
498.31	0.008
498.51	0.008
498.72	0.007
498.92	0.007
499.12	0.007
499.32	0.007
499.52	0.007
499.73	0.007
499.93	0.007
500.13	0.007
500.33	0.007
500.53	0.008
500.74	0.008
500.94	0.008
501.14	0.008
501.34	0.008
501.54	0.008
501.74	0.008
501.95	0.008
502.15	0.008
502.35	0.007
502.55	0.008
502.75	0.008
502.96	0.007
503.16	0.008
503.36	0.008
503.56	0.008
503.76	0.008
503.96	0.008
504.17	0.008
504.37	0.007
504.57	0.007
504.77	0.008
504.97	0.008
505.17	0.008
505.38	0.008
505.58	0.008
505.78	0.009
505.98	0.008
506.18	0.009
506.38	0.008
506.58	0.008
506.79	0.008
506.99	0.008
507.19	0.007
507.39	0.007
507.59	0.007
507.79	0.007
507.99	0.007
508.20	0.007
508.40	0.007
508.60	0.007
508.80	0.007
509.00	0.007
509.20	0.007
509.40	0.007
509.61	0.008
509.81	0.008
510.01	0.008
510.21	0.008
510.41	0.009
510.61	0.009
510.81	0.008
511.01	0.008
511.22	0.008
511.42	0.008
511.62	0.008
511.82	0.008
512.02	0.008
512.22	0.008
512.42	0.008
512.62	0.008
512.82	0.008
513.03	0.007
513.23	0.007
513.43	0.007
513.63	0.007
513.83	0.007
514.03	0.006
514.23	0.006
514.43	0.007
514.63	0.007
514.83	0.007
515.04	0.007
515.24	0.007
515.44	0.007
515.64	0.008
515.84	0.008
516.04	0.009
516.24	0.009
516.44	0.009
516.64	0.009
516.84	0.009
517.04	0.009
517.24	0.009
517.45	0.009
517.65	0.008
517.85	0.008
518.05	0.008
518.25	0.008
518.45	0.007
518.65	0.007
518.85	0.008
519.05	0.007
519.25	0.007
519.45	0.007
519.65	0.007
519.85	0.007
520.05	0.006
520.25	0.006
520.46	0.007
520.66	0.006
520.86	0.006
521.06	0.006
521.26	0.006
521.46	0.007
521.66	0.007
521.86	0.008
522.06	0.008
522.26	0.008
522.46	0.009
522.66	0.009
522.86	0.009
523.06	0.010
523.26	0.009
523.46	0.009
523.66	0.008
523.86	0.009
524.06	0.009
524.26	0.009
524.46	0.008
524.66	0.008
524.86	0.008
525.06	0.008
525.26	0.009
525.46	0.009
525.66	0.009
525.87	0.008
526.07	0.008
526.27	0.008
526.47	0.008
526.67	0.009
526.87	0.009
527.07	0.008
527.27	0.008
527.47	0.007
527.67	0.008
527.87	0.009
528.07	0.008
528.27	0.008
528.47	0.007
528.67	0.007
528.87	0.007
529.07	0.007
529.27	0.008
529.47	0.007
529.67	0.007
529.87	0.007
530.07	0.007
530.27	0.007
530.47	0.007
530.67	0.007
530.87	0.007
531.06	0.007
531.26	0.007
531.46	0.007
531.66	0.007
531.86	0.008
532.06	0.008
532.26	0.008
532.46	0.008
532.66	0.009
532.86	0.009
533.06	0.009
533.26	0.009
533.46	0.009
533.66	0.008
533.86	0.008
534.06	0.009
534.26	0.009
534.46	0.008
534.66	0.008
534.86	0.008
535.06	0.008
535.26	0.009
535.46	0.009
535.66	0.009
535.86	0.009
536.06	0.009
536.26	0.009
536.45	0.009
536.65	0.009
536.85	0.009
537.05	0.009
537.25	0.009
537.45	0.009
537.65	0.009
537.85	0.008
538.05	0.008
538.25	0.008
538.45	0.008
538.65	0.008
538.85	0.008
539.05	0.008
539.25	0.008
539.44	0.008
539.64	0.008
539.84	0.008
540.04	0.009
540.24	0.009
540.44	0.009
540.64	0.008
540.84	0.009
541.04	0.009
541.24	0.009
541.44	0.009
541.64	0.010
541.83	0.009
542.03	0.009
542.23	0.009
542.43	0.009
542.63	0.008
542.83	0.008
543.03	0.008
543.23	0.008
543.43	0.008
543.63	0.008
543.82	0.007
544.02	0.008
544.22	0.008
544.42	0.008
544.62	0.008
544.82	0.007
545.02	0.008
545.22	0.008
545.42	0.008
545.61	0.009
545.81	0.009
546.01	0.009
546.21	0.009
546.41	0.009
546.61	0.009
546.81	0.009
547.01	0.009
547.20	0.008
547.40	0.009
547.60	0.009
547.80	0.009
548.00	0.010
548.20	0.010
548.40	0.010
548.59	0.010
548.79	0.009
548.99	0.009
549.19	0.009
549.39	0.009
549.59	0.008
549.79	0.008
549.98	0.007
550.18	0.007
550.38	0.008
550.58	0.008
550.78	0.008
550.98	0.008
551.17	0.008
551.37	0.008
551.57	0.009
551.77	0.009
551.97	0.009
552.17	0.008
552.36	0.009
552.56	0.009
552.76	0.009
552.96	0.009
553.16	0.009
553.36	0.009
553.55	0.009
553.75	0.009
553.95	0.009
554.15	0.009
554.35	0.009
554.55	0.009
554.74	0.009
554.94	0.008
555.14	0.008
555.34	0.008
555.54	0.008
555.73	0.008
555.93	0.008
556.13	0.008
556.33	0.008
556.53	0.008
556.72	0.009
556.92	0.009
557.12	0.009
557.32	0.009
557.52	0.009
557.71	0.009
557.91	0.009
558.11	0.009
558.31	0.010
558.51	0.009
558.70	0.009
558.90	0.009
559.10	0.009
559.30	0.008
559.49	0.008
559.69	0.009
559.89	0.008
560.09	0.008
560.29	0.009
560.48	0.008
560.68	0.008
560.88	0.009
561.08	0.009
561.27	0.009
561.47	0.009
561.67	0.009
561.87	0.009
562.06	0.009
562.26	0.009
562.46	0.009
562.66	0.008
562.86	0.008
563.05	0.008
563.25	0.008
563.45	0.008
563.65	0.008
563.84	0.008
564.04	0.008
564.24	0.008
564.44	0.009
564.63	0.009
564.83	0.008
565.03	0.009
565.22	0.008
565.42	0.009
565.62	0.009
565.82	0.009
566.01	0.009
566.21	0.008
566.41	0.009
566.61	0.009
566.80	0.009
567.00	0.008
567.20	0.008
567.40	0.008
567.59	0.008
567.79	0.008
567.99	0.009
568.18	0.008
568.38	0.008
568.58	0.009
568.78	0.009
568.97	0.009
569.17	0.009
569.37	0.009
569.56	0.009
569.76	0.008
569.96	0.008
570.16	0.009
570.35	0.008
570.55	0.009
570.75	0.008
570.94	0.008
571.14	0.008
571.34	0.008
571.53	0.008
571.73	0.008
571.93	0.008
572.12	0.008
572.32	0.008
572.52	0.008
572.72	0.008
572.91	0.008
573.11	0.008
573.31	0.008
573.50	0.007
573.70	0.007
573.90	0.007
574.09	0.006
574.29	0.007
574.49	0.007
574.68	0.007
574.88	0.007
575.08	0.007
575.27	0.008
575.47	0.008
575.67	0.008
575.86	0.008
576.06	0.008
576.26	0.008
576.45	0.007
576.65	0.007
576.85	0.006
577.04	0.006
577.24	0.006
577.44	0.006
577.63	0.006
577.83	0.006
578.02	0.007
578.22	0.007
578.42	0.008
578.61	0.008
578.81	0.008
579.01	0.008
579.20	0.008
579.40	0.009
579.60	0.009
579.79	0.008
579.99	0.008
580.19	0.008
580.38	0.008
580.58	0.008
580.77	0.007
580.97	0.007
581.17	0.007
581.36	0.007
581.56	0.007
581.75	0.007
581.95	0.007
582.15	0.008
582.34	0.008
582.54	0.008
582.74	0.008
582.93	0.009
583.13	0.009
583.32	0.009
583.52	0.009
583.72	0.009
583.91	0.008
584.11	0.008
584.30	0.008
584.50	0.007
584.70	0.007
584.89	0.007
585.09	0.007
585.28	0.007
585.48	0.007
585.68	0.007
585.87	0.007
586.07	0.007
586.26	0.007
586.46	0.007
586.66	0.008
586.85	0.008
587.05	0.008
587.24	0.008
587.44	0.007
587.63	0.008
587.83	0.008
588.03	0.008
588.22	0.008
588.42	0.008
588.61	0.009
588.81	0.009
589.00	0.008
589.20	0.008
589.40	0.008
589.59	0.008
589.79	0.008
589.98	0.008
590.18	0.008
590.37	0.008
590.57	0.008
590.76	0.009
590.96	0.009
591.16	0.009
591.35	0.009
591.55	0.009
591.74	0.009
591.94	0.009
592.13	0.009
592.33	0.009
592.52	0.009
592.72	0.008
592.91	0.008
593.11	0.008
593.30	0.009
593.50	0.009
593.70	0.008
593.89	0.009
594.09	0.008
594.28	0.008
594.48	0.008
594.67	0.009
594.87	0.009
595.06	0.009
595.26	0.009
595.45	0.009
595.65	0.009
595.84	0.010
596.04	0.010
596.23	0.009
596.43	0.009
596.62	0.009
596.82	0.008
597.01	0.008
597.21	0.008
597.40	0.008
597.60	0.008
597.79	0.008
597.99	0.007
598.18	0.008
598.38	0.008
598.57	0.008
598.77	0.007
598.96	0.008
599.16	0.008
599.35	0.008
599.55	0.008
599.74	0.008
599.94	0.008
600.13	0.008
600.33	0.009
600.52	0.009
600.72	0.009
600.91	0.009
601.11	0.010
601.30	0.010
601.50	0.010
601.69	0.009
601.89	0.009
602.08	0.009
602.27	0.009
602.47	0.008
602.66	0.008
602.86	0.008
603.05	0.008
603.25	0.008
603.44	0.009
603.64	0.008
603.83	0.008
604.03	0.008
604.22	0.008
604.41	0.008
604.61	0.008
604.80	0.007
605.00	0.008
605.19	0.008
605.39	0.008
605.58	0.008
605.78	0.008
605.97	0.008
606.16	0.008
606.36	0.008
606.55	0.009
606.75	0.008
606.94	0.008
607.14	0.008
607.33	0.008
607.52	0.008
607.72	0.008
607.91	0.008
608.11	0.008
608.30	0.008
608.50	0.008
608.69	0.008
608.88	0.008
609.08	0.008
609.27	0.008
609.47	0.008
609.66	0.008
609.85	0.008
610.05	0.008
610.24	0.009
610.44	0.008
610.63	0.009
610.83	0.009
611.02	0.009
611.21	0.009
611.41	0.008
611.60	0.008
611.80	0.008
611.99	0.008
612.18	0.009
612.38	0.008
612.57	0.008
612.76	0.008
612.96	0.008
613.15	0.008
613.35	0.008
613.54	0.008
613.73	0.008
613.93	0.008
614.12	0.008
614.32	0.008
614.51	0.008
614.70	0.008
614.90	0.008
615.09	0.008
615.28	0.009
615.48	0.009
615.67	0.009
615.86	0.009
616.06	0.009
616.25	0.009
616.45	0.009
616.64	0.009
616.83	0.009
617.03	0.009
617.22	0.008
617.41	0.008
617.61	0.008
617.80	0.007
617.99	0.008
618.19	0.008
618.38	0.008
618.57	0.009
618.77	0.008
618.96	0.009
619.15	0.009
619.35	0.009
619.54	0.009
619.73	0.009
619.93	0.009
620.12	0.009
620.31	0.009
620.51	0.009
620.70	0.008
620.89	0.009
621.09	0.009
621.28	0.008
621.47	0.008
621.67	0.008
621.86	0.008
622.05	0.008
622.25	0.008
622.44	0.008
622.63	0.008
622.83	0.008
623.02	0.009
623.21	0.009
623.41	0.009
623.60	0.009
623.79	0.010
623.98	0.009
624.18	0.009
624.37	0.009
624.56	0.009
624.76	0.009
624.95	0.009
625.14	0.009
625.33	0.008
625.53	0.008
625.72	0.009
625.91	0.009
626.11	0.009
626.30	0.009
626.49	0.009
626.68	0.008
626.88	0.008
627.07	0.009
627.26	0.008
627.46	0.008
627.65	0.008
627.84	0.008
628.03	0.008
628.23	0.009
628.42	0.009
628.61	0.009
628.80	0.009
629.00	0.010
629.19	0.010
629.38	0.010
629.58	0.010
629.77	0.010
629.96	0.010
630.15	0.010
630.35	0.010
630.54	0.010
630.73	0.010
630.92	0.010
631.12	0.010
631.31	0.010
631.50	0.009
631.69	0.009
631.89	0.009
632.08	0.009
632.27	0.009
632.46	0.009
632.65	0.009
632.85	0.008
633.04	0.008
633.23	0.009
633.42	0.009
633.62	0.009
633.81	0.009
634.00	0.009
634.19	0.009
634.39	0.009
634.58	0.010
634.77	0.010
634.96	0.009
635.15	0.009
635.35	0.009
635.54	0.009
635.73	0.009
635.92	0.009
636.11	0.009
636.31	0.008
636.50	0.008
636.69	0.008
636.88	0.008
637.07	0.009
637.27	0.008
637.46	0.009
637.65	0.009
637.84	0.009
638.03	0.009
638.23	0.009
638.42	0.009
638.61	0.010
638.80	0.009
638.99	0.009
639.19	0.008
639.38	0.008
639.57	0.008
639.76	0.008
639.95	0.008
640.14	0.008
640.34	0.008
640.53	0.008
640.72	0.008
640.91	0.009
641.10	0.009
641.30	0.009
641.49	0.008
641.68	0.009
641.87	0.009
642.06	0.009
642.25	0.009
642.44	0.009
642.64	0.008
642.83	0.008
643.02	0.008
643.21	0.008
643.40	0.008
643.59	0.008
643.79	0.008
643.98	0.008
644.17	0.008
644.36	0.008
644.55	0.009
644.74	0.009
644.93	0.009
645.13	0.009
645.32	0.009
645.51	0.009
645.70	0.009
645.89	0.009
646.08	0.009
646.27	0.009
646.46	0.009
646.66	0.010
646.85	0.010
647.04	0.010
647.23	0.010
647.42	0.010
647.61	0.010
647.80	0.010
647.99	0.009
648.19	0.010
648.38	0.009
648.57	0.009
648.76	0.009
648.95	0.008
649.14	0.008
649.33	0.008
649.52	0.008
649.71	0.009
649.91	0.008
650.10	0.008
650.29	0.008
650.48	0.009
650.67	0.009
650.86	0.009
651.05	0.009
651.24	0.010
651.43	0.010
651.62	0.010
651.81	0.010
652.01	0.010
652.20	0.010
652.39	0.010
652.58	0.009
652.77	0.010
652.96	0.009
653.15	0.009
653.34	0.009
653.53	0.009
653.72	0.009
653.91	0.009
654.10	0.008
654.29	0.008
654.48	0.008
654.68	0.008
654.87	0.008
655.06	0.008
655.25	0.007
655.44	0.007
655.63	0.007
655.82	0.007
656.01	0.007
656.20	0.007
656.39	0.007
656.58	0.007
656.77	0.008
656.96	0.008
657.15	0.009
657.34	0.009
657.53	0.009
657.72	0.009
657.91	0.009
658.10	0.009
658.29	0.009
658.48	0.009
658.68	0.009
658.87	0.009
659.06	0.009
659.25	0.009
659.44	0.009
659.63	0.010
659.82	0.010
660.01	0.010
660.20	0.010
660.39	0.010
660.58	0.010
660.77	0.010
660.96	0.010
661.15	0.009
661.34	0.009
661.53	0.009
661.72	0.009
661.91	0.009
662.10	0.008
662.29	0.008
662.48	0.008
662.67	0.009
662.86	0.009
663.05	0.009
663.24	0.009
663.43	0.009
663.62	0.009
663.81	0.009
664.00	0.009
664.19	0.009
664.38	0.009
664.57	0.008
664.76	0.009
664.95	0.009
665.14	0.009
665.33	0.009
665.52	0.009
665.71	0.008
665.90	0.009
666.09	0.009
666.28	0.010
666.46	0.009
666.65	0.010
666.84	0.010
667.03	0.010
667.22	0.010
667.41	0.010
667.60	0.010
667.79	0.010
667.98	0.009
668.17	0.009
668.36	0.009
668.55	0.010
668.74	0.010
668.93	0.010
669.12	0.010
669.31	0.010
669.50	0.009
669.69	0.010
669.88	0.010
670.07	0.010
670.26	0.009
670.44	0.009
670.63	0.009
670.82	0.009
671.01	0.009
671.20	0.010
671.39	0.009
671.58	0.010
671.77	0.010
671.96	0.010
672.15	0.010
672.34	0.010
672.53	0.010
672.72	0.010
672.91	0.009
673.09	0.010
673.28	0.009
673.47	0.010
673.66	0.010
673.85	0.010
674.04	0.010
674.23	0.011
674.42	0.010
674.61	0.010
674.80	0.010
674.98	0.010
675.17	0.010
675.36	0.010
675.55	0.009
675.74	0.009
675.93	0.009
676.12	0.009
676.31	0.009
676.50	0.009
676.69	0.010
676.87	0.010
677.06	0.009
677.25	0.009
677.44	0.009
677.63	0.009
677.82	0.009
678.01	0.008
678.20	0.009
678.38	0.008
678.57	0.008
678.76	0.008
678.95	0.009
679.14	0.009
679.33	0.009
679.52	0.009
679.71	0.009
679.89	0.009
680.08	0.009
680.27	0.008
680.46	0.008
680.65	0.008
680.84	0.008
681.02	0.008
681.21	0.008
681.40	0.009
681.59	0.009
681.78	0.009
681.97	0.009
682.16	0.009
682.34	0.009
682.53	0.009
682.72	0.009
682.91	0.009
683.10	0.009
683.29	0.009
683.47	0.009
683.66	0.009
683.85	0.009
684.04	0.009
684.23	0.010
684.42	0.010
684.60	0.009
684.79	0.009
684.98	0.009
685.17	0.008
685.36	0.008
685.54	0.008
685.73	0.008
685.92	0.008
686.11	0.008
686.30	0.008
686.49	0.008
686.67	0.008
686.86	0.009
687.05	0.009
687.24	0.009
687.43	0.009
687.61	0.009
687.80	0.008
687.99	0.008
688.18	0.009
688.36	0.008
688.55	0.009
688.74	0.009
688.93	0.009
689.12	0.009
689.30	0.010
689.49	0.010
689.68	0.010
689.87	0.010
690.06	0.010
690.24	0.010
690.43	0.010
690.62	0.009
690.81	0.010
690.99	0.009
691.18	0.009
691.37	0.009
691.56	0.008
691.74	0.008
691.93	0.008
692.12	0.008
692.31	0.008
692.50	0.009
692.68	0.009
692.87	0.009
693.06	0.009
693.25	0.010
693.43	0.010
693.62	0.010
693.81	0.010
694.00	0.010
694.18	0.009
694.37	0.009
694.56	0.009
694.74	0.008
694.93	0.008
695.12	0.008
695.31	0.008
695.49	0.008
695.68	0.008
695.87	0.008
696.06	0.008
696.24	0.008
696.43	0.008
696.62	0.008
696.80	0.008
696.99	0.008
697.18	0.008
697.37	0.008
697.55	0.008
697.74	0.008
697.93	0.008
698.12	0.008
698.30	0.008
698.49	0.008
698.68	0.008
698.86	0.008
699.05	0.008
699.24	0.008
699.42	0.008
699.61	0.008
699.80	0.009
699.99	0.008
700.17	0.008
700.36	0.008
700.55	0.008
700.73	0.009
700.92	0.009
701.11	0.009
701.29	0.009
701.48	0.009
701.67	0.010
701.85	0.009
702.04	0.010
702.23	0.009
702.41	0.009
702.60	0.009
702.79	0.009
702.97	0.009
703.16	0.009
703.35	0.008
703.53	0.009
703.72	0.009
703.91	0.009
704.09	0.009
704.28	0.009
704.47	0.009
704.65	0.009
704.84	0.009
705.03	0.010
705.21	0.010
705.40	0.010
705.59	0.010
705.77	0.010
705.96	0.010
706.15	0.010
706.33	0.011
706.52	0.010
706.71	0.010
706.89	0.010
707.08	0.010
707.26	0.010
707.45	0.010
707.64	0.010
707.82	0.009
708.01	0.009
708.20	0.010
708.38	0.010
708.57	0.010
708.75	0.010
708.94	0.009
709.13	0.009
709.31	0.010
709.50	0.009
709.69	0.009
709.87	0.009
710.06	0.009
710.24	0.008
710.43	0.008
710.62	0.009
710.80	0.008
710.99	0.008
711.17	0.009
711.36	0.009
711.55	0.009
711.73	0.009
711.92	0.009
712.10	0.009
712.29	0.009
712.48	0.009
712.66	0.008
712.85	0.008
713.03	0.008
713.22	0.008
713.40	0.008
713.59	0.008
713.78	0.008
713.96	0.008
714.15	0.008
714.33	0.008
714.52	0.008
714.71	0.009
714.89	0.009
715.08	0.009
715.26	0.009
715.45	0.009
715.63	0.009
715.82	0.009
716.00	0.009
716.19	0.009
716.38	0.008
716.56	0.008
716.75	0.008
716.93	0.008
717.12	0.008
717.30	0.008
717.49	0.008
717.67	0.009
717.86	0.009
718.05	0.009
718.23	0.009
718.42	0.009
718.60	0.009
718.79	0.009
718.97	0.010
719.16	0.010
719.34	0.010
719.53	0.009
719.71	0.009
719.90	0.009
720.08	0.009
720.27	0.009
720.45	0.009
720.64	0.008
720.83	0.008
721.01	0.008
721.20	0.008
721.38	0.008
721.57	0.008
721.75	0.008
721.94	0.008
722.12	0.008
722.31	0.009
722.49	0.009
722.68	0.009
722.86	0.010
723.05	0.009
723.23	0.009
723.42	0.010
723.60	0.010
723.79	0.009
723.97	0.009
724.16	0.009
724.34	0.009
724.53	0.009
724.71	0.009
724.90	0.009
725.08	0.008
725.27	0.009
725.45	0.009
725.64	0.008
725.82	0.008
726.00	0.008
726.19	0.008
726.37	0.008
726.56	0.008
726.74	0.008
726.93	0.008
727.11	0.008
727.30	0.008
727.48	0.008
727.67	0.008
727.85	0.008
728.04	0.008
728.22	0.008
728.40	0.008
728.59	0.009
728.77	0.009
728.96	0.008
729.14	0.008
729.33	0.009
729.51	0.009
729.70	0.008
729.88	0.008
730.07	0.008
730.25	0.008
730.43	0.008
730.62	0.008
730.80	0.009
730.99	0.009
731.17	0.008
731.36	0.008
731.54	0.009
731.72	0.009
731.91	0.009
732.09	0.009
732.28	0.009
732.46	0.008
732.65	0.008
732.83	0.008
733.01	0.008
733.20	0.007
733.38	0.007
733.57	0.007
733.75	0.007
733.93	0.007
734.12	0.008
734.30	0.008
734.49	0.009
734.67	0.009
734.85	0.009
735.04	0.009
735.22	0.009
735.41	0.009
735.59	0.009
735.77	0.009
735.96	0.009
736.14	0.008
736.33	0.009
736.51	0.008
736.69	0.009
736.88	0.009
737.06	0.009
737.25	0.009
737.43	0.008
737.61	0.008
737.80	0.008
737.98	0.008
738.16	0.008
738.35	0.008
738.53	0.008
738.71	0.008
738.90	0.008
739.08	0.007
739.27	0.008
739.45	0.008
739.63	0.008
739.82	0.009
740.00	0.009
740.18	0.009
740.37	0.009
740.55	0.009
740.73	0.009
740.92	0.009
741.10	0.009
741.28	0.009
741.47	0.009
741.65	0.009
741.83	0.009
742.02	0.009
742.20	0.009
742.38	0.009
742.57	0.009
742.75	0.009
742.93	0.009
743.12	0.009
743.30	0.008
743.48	0.008
743.67	0.008
743.85	0.008
744.03	0.008
744.22	0.008
744.40	0.008
744.58	0.008
744.77	0.008
744.95	0.008
745.13	0.008
745.32	0.009
745.50	0.009
745.68	0.009
745.87	0.009
746.05	0.009
746.23	0.009
746.41	0.008
746.60	0.008
746.78	0.008
746.96	0.008
747.15	0.008
747.33	0.008
747.51	0.008
747.70	0.009
747.88	0.009
748.06	0.010
748.24	0.009
748.43	0.009
748.61	0.009
748.79	0.009
748.97	0.009
749.16	0.009
749.34	0.009
749.52	0.008
749.71	0.008
749.89	0.008
750.07	0.008
750.25	0.008
750.44	0.008
750.62	0.009
750.80	0.008
750.98	0.009
751.17	0.009
751.35	0.008
751.53	0.009
751.71	0.009
751.90	0.009
752.08	0.008
752.26	0.008
752.44	0.008
752.63	0.009
752.81	0.009
752.99	0.009
753.17	0.009
753.36	0.009
753.54	0.008
753.72	0.008
753.90	0.008
754.09	0.008
754.27	0.008
754.45	0.008
754.63	0.008
754.82	0.009
755.00	0.009
755.18	0.009
755.36	0.009
755.54	0.009
755.73	0.009
755.91	0.009
756.09	0.009
756.27	0.008
756.45	0.008
756.64	0.008
756.82	0.007
757.00	0.007
757.18	0.007
757.37	0.007
757.55	0.008
757.73	0.008
757.91	0.008
758.09	0.008
758.27	0.008
758.46	0.009
758.64	0.009
758.82	0.009
759.00	0.009
759.18	0.009
759.37	0.009
759.55	0.009
759.73	0.008
759.91	0.008
760.09	0.008
760.28	0.008
760.46	0.008
760.64	0.008
760.82	0.008
761.00	0.008
761.18	0.008
761.37	0.008
761.55	0.008
761.73	0.008
761.91	0.008
762.09	0.008
762.27	0.008
762.46	0.008
762.64	0.008
762.82	0.008
763.00	0.008
763.18	0.008
763.36	0.008
763.54	0.008
763.73	0.008
763.91	0.008
764.09	0.007
764.27	0.007
764.45	0.007
764.63	0.007
764.81	0.007
765.00	0.007
765.18	0.007
765.36	0.008
765.54	0.007
765.72	0.008
765.90	0.008
766.08	0.008
766.27	0.008
766.45	0.008
766.63	0.008
766.81	0.008
766.99	0.008
767.17	0.007
767.35	0.007
767.53	0.007
767.71	0.008
767.90	0.007
768.08	0.008
768.26	0.008
768.44	0.007
768.62	0.007
768.80	0.007
768.98	0.007
769.16	0.007
769.34	0.007
769.52	0.007
769.71	0.006
769.89	0.007
770.07	0.007
770.25	0.008
770.43	0.008
770.61	0.008
770.79	0.008
770.97	0.008
771.15	0.008
771.33	0.009
771.51	0.008
771.69	0.008
771.88	0.008
772.06	0.008
772.24	0.008
772.42	0.008
772.60	0.008
772.78	0.007
772.96	0.007
773.14	0.007
773.32	0.007
773.50	0.007
773.68	0.007
773.86	0.008
774.04	0.008
774.22	0.008
774.40	0.008
774.58	0.008
774.77	0.008
774.95	0.008
775.13	0.008
775.31	0.008
775.49	0.008
775.67	0.008
775.85	0.008
776.03	0.008
776.21	0.008
776.39	0.008
776.57	0.008
776.75	0.008
776.93	0.008
777.11	0.008
777.29	0.008
777.47	0.007
777.65	0.008
777.83	0.008
778.01	0.007
778.19	0.007
778.37	0.007
778.55	0.007
778.73	0.007
778.91	0.008
779.09	0.008
779.27	0.008
779.45	0.008
779.63	0.008
779.81	0.008
779.99	0.008
780.17	0.008
780.35	0.008
780.53	0.008
780.71	0.008
780.89	0.008
781.07	0.008
781.25	0.008
781.43	0.008
781.61	0.008
781.79	0.008
781.97	0.008
782.15	0.008
782.33	0.008
782.51	0.008
782.69	0.007
782.87	0.008
783.05	0.008
783.23	0.007
783.41	0.008
783.59	0.007
783.77	0.007
783.95	0.007
784.13	0.007
784.31	0.007
784.49	0.007
784.67	0.007
784.85	0.007
785.03	0.007
785.21	0.008
785.38	0.008
785.56	0.008
785.74	0.008
785.92	0.008
786.10	0.008
786.28	0.008
786.46	0.007
786.64	0.008
786.82	0.008
787.00	0.007
787.18	0.007
787.36	0.007
787.54	0.007
787.72	0.007
787.90	0.008
788.08	0.008
788.25	0.008
788.43	0.008
788.61	0.008
788.79	0.008
788.97	0.008
789.15	0.008
789.33	0.008
789.51	0.008
789.69	0.008
789.87	0.008
790.05	0.008
790.23	0.008
790.40	0.008
790.58	0.008
790.76	0.008
790.94	0.008
791.12	0.009
791.30	0.009
791.48	0.008
791.66	0.009
791.84	0.008
792.02	0.008
792.19	0.007
792.37	0.007
792.55	0.007
792.73	0.007
792.91	0.007
793.09	0.007
793.27	0.007
793.45	0.007
793.63	0.007
793.80	0.007
793.98	0.007
794.16	0.007
794.34	0.007
794.52	0.007
794.70	0.007
794.88	0.007
795.05	0.007
795.23	0.007
795.41	0.007
795.59	0.007
795.77	0.007
795.95	0.007
796.13	0.007
796.30	0.008
796.48	0.008
796.66	0.008
796.84	0.007
797.02	0.008
797.20	0.008
797.38	0.008
797.55	0.008
797.73	0.007
797.91	0.007
798.09	0.007
798.27	0.007
798.45	0.007
798.62	0.007
798.80	0.007
798.98	0.007
799.16	0.007
799.34	0.008
799.52	0.008
799.69	0.008
799.87	0.008
800.05	0.008
800.23	0.008
800.41	0.008
800.58	0.008
800.76	0.008
800.94	0.007
801.12	0.007
801.30	0.007
801.47	0.007
801.65	0.007
801.83	0.007
802.01	0.007
802.19	0.007
802.36	0.007
802.54	0.008
802.72	0.008
802.90	0.008
803.08	0.008
803.25	0.008
803.43	0.008
803.61	0.009
803.79	0.008
803.97	0.009
804.14	0.009
804.32	0.009
804.50	0.008
804.68	0.009
804.85	0.009
805.03	0.009
805.21	0.008
805.39	0.008
805.56	0.008
805.74	0.008
805.92	0.007
806.10	0.007
806.28	0.007
806.45	0.007
806.63	0.007
806.81	0.007
806.99	0.007
807.16	0.007
807.34	0.007
807.52	0.007
807.70	0.008
807.87	0.008
808.05	0.008
808.23	0.008
808.41	0.008
808.58	0.008
808.76	0.007
808.94	0.007
809.11	0.007
809.29	0.007
809.47	0.007
809.65	0.007
809.82	0.007
810.00	0.007
810.18	0.007
810.36	0.007
810.53	0.007
810.71	0.007
810.89	0.007
811.06	0.007
811.24	0.007
811.42	0.007
811.60	0.007
811.77	0.007
811.95	0.007
812.13	0.007
812.30	0.007
812.48	0.007
812.66	0.007
812.83	0.008
813.01	0.008
813.19	0.008
813.37	0.007
813.54	0.007
813.72	0.007
813.90	0.007
814.07	0.007
814.25	0.007
814.43	0.007
814.60	0.007
814.78	0.007
814.96	0.007
815.13	0.007
815.31	0.007
815.49	0.007
815.66	0.007
815.84	0.007
816.02	0.006
816.19	0.006
816.37	0.006
816.55	0.007
816.72	0.007
816.90	0.007
817.08	0.007
817.25	0.007
817.43	0.008
817.61	0.008
817.78	0.008
817.96	0.008
818.14	0.008
818.31	0.008
818.49	0.007
818.67	0.007
818.84	0.008
819.02	0.007
819.19	0.007
819.37	0.007
819.55	0.006
819.72	0.006
819.90	0.006
820.08	0.007
820.25	0.007
820.43	0.006
820.60	0.006
820.78	0.006
820.96	0.006
821.13	0.007
821.31	0.007
821.49	0.007
821.66	0.007
821.84	0.007
822.01	0.007
822.19	0.007
822.37	0.007
822.54	0.007
822.72	0.007
822.89	0.007
823.07	0.007
823.25	0.007
823.42	0.007
823.60	0.007
823.77	0.007
823.95	0.007
824.13	0.007
824.30	0.008
824.48	0.008
824.65	0.008
824.83	0.007
825.01	0.007
825.18	0.008
825.36	0.008
825.53	0.007
825.71	0.008
825.88	0.007
826.06	0.007
826.24	0.006
826.41	0.007
826.59	0.007
826.76	0.007
826.94	0.007
827.11	0.007
827.29	0.006
827.47	0.007
827.64	0.007
827.82	0.007
827.99	0.007
828.17	0.007
828.34	0.007
828.52	0.007
828.69	0.006
828.87	0.007
829.04	0.007
829.22	0.007
829.40	0.007
829.57	0.006
829.75	0.007
829.92	0.007
830.10	0.007
830.27	0.007
830.45	0.007
830.62	0.007
830.80	0.007
830.97	0.007
831.15	0.008
831.32	0.007
831.50	0.007
831.67	0.007
831.85	0.007
832.02	0.007
832.20	0.007
832.37	0.007
832.55	0.007
832.73	0.007
832.90	0.007
833.08	0.008
833.25	0.008
833.43	0.008
833.60	0.009
833.78	0.009
833.95	0.009
834.13	0.009
834.30	0.009
834.48	0.008
834.65	0.008
834.82	0.008
835.00	0.008
835.17	0.008
835.35	0.008
835.52	0.008
835.70	0.008
835.87	0.008
836.05	0.008
836.22	0.008
836.40	0.008
836.57	0.007
836.75	0.008
836.92	0.008
837.10	0.008
837.27	0.008
837.45	0.008
837.62	0.009
837.80	0.009
837.97	0.010
838.14	0.010
838.32	0.010
838.49	0.009
838.67	0.010
838.84	0.009
839.02	0.009
839.19	0.009
839.37	0.009
839.54	0.009
839.71	0.009
839.89	0.009
840.06	0.008
840.24	0.008
840.41	0.008
840.59	0.007
840.76	0.007
840.94	0.006
841.11	0.006
841.28	0.006
841.46	0.006
841.63	0.007
841.81	0.007
841.98	0.006
842.15	0.006
842.33	0.007
842.50	0.007
842.68	0.008
842.85	0.007
843.03	0.007
843.20	0.007
843.37	0.007
843.55	0.007
843.72	0.008
843.90	0.007
844.07	0.007
844.24	0.007
844.42	0.007
844.59	0.007
844.77	0.007
844.94	0.007
845.11	0.007
845.29	0.007
845.46	0.007
845.63	0.007
845.81	0.007
845.98	0.007
846.16	0.007
846.33	0.007
846.50	0.007
846.68	0.007
846.85	0.007
847.02	0.007
847.20	0.007
847.37	0.007
847.55	0.007
847.72	0.008
847.89	0.008
848.07	0.008
848.24	0.008
848.41	0.008
848.59	0.008
848.76	0.008
848.93	0.008
849.11	0.008
849.28	0.007
849.45	0.006
849.63	0.007
849.80	0.007
849.97	0.007
850.15	0.007
850.32	0.007
850.49	0.007
850.67	0.007
850.84	0.007
851.01	0.007
851.19	0.007
851.36	0.006
851.53	0.006
851.71	0.005
851.88	0.006
852.05	0.005
852.23	0.006
852.40	0.006
852.57	0.007
852.75	0.006
852.92	0.006
853.09	0.007
853.27	0.007
853.44	0.007
853.61	0.007
853.79	0.007
853.96	0.007
854.13	0.007
854.30	0.007
854.48	0.007
854.65	0.007
854.82	0.007
855.00	0.007
855.17	0.007
855.34	0.007
855.51	0.007
855.69	0.007
855.86	0.007
856.03	0.008
856.21	0.007
856.38	0.007
856.55	0.007
856.72	0.007
856.90	0.007
857.07	0.007
857.24	0.007
857.42	0.006
857.59	0.006
857.76	0.007
857.93	0.007
858.11	0.006
858.28	0.006
858.45	0.006
858.62	0.006
858.80	0.005
858.97	0.005
859.14	0.005
859.31	0.004
859.49	0.004
859.66	0.005
859.83	0.005
860.00	0.006
860.18	0.006
860.35	0.006
860.52	0.006
860.69	0.006
860.86	0.006
861.04	0.006
861.21	0.006
861.38	0.006
861.55	0.006
861.73	0.005
861.90	0.006
862.07	0.005
862.24	0.005
862.42	0.005
862.59	0.005
862.76	0.005
862.93	0.005
863.10	0.004
863.28	0.005
863.45	0.005
863.62	0.005
863.79	0.006
863.96	0.006
864.14	0.006
864.31	0.006
864.48	0.006
864.65	0.006
864.82	0.006
865.00	0.006
865.17	0.006
865.34	0.005
865.51	0.005
865.68	0.005
865.86	0.005
866.03	0.004
866.20	0.004
866.37	0.005
866.54	0.005
866.71	0.004
866.89	0.005
867.06	0.005
867.23	0.006
867.40	0.005
867.57	0.005
867.74	0.006
867.92	0.006
868.09	0.006
868.26	0.006
868.43	0.006
868.60	0.006
868.77	0.006
868.95	0.005
869.12	0.006
869.29	0.005
869.46	0.005
869.63	0.005
869.80	0.005
869.97	0.005
870.15	0.005
870.32	0.005
870.49	0.005
870.66	0.005
870.83	0.005
871.00	0.005
871.17	0.004
871.34	0.004
871.52	0.004
871.69	0.004
871.86	0.004
872.03	0.005
872.20	0.004
872.37	0.004
872.54	0.004
872.71	0.003
872.89	0.003
873.06	0.003
873.23	0.003
873.40	0.003
873.57	0.003
873.74	0.003
873.91	0.003
874.08	0.002
874.25	0.003
874.42	0.003
874.60	0.003
874.77	0.003
874.94	0.002
875.11	0.002
875.28	0.002
875.45	0.002
875.62	0.002
875.79	0.002
875.96	0.002
876.13	0.002
876.30	0.002
876.47	0.002
876.65	0.001
876.82	0.002
876.99	0.001
877.16	0.002
877.33	0.002
877.50	0.002
877.67	0.002
877.84	0.002
878.01	0.002
878.18	0.003
878.35	0.003
878.52	0.003
878.69	0.003
878.86	0.001
879.03	0.001
879.20	0.002
879.38	0.002
879.55	0.002
879.72	0.002
879.89	0.001
880.06	0.000
880.23	0.000
880.40	0.001
880.57	0.001
880.74	0.002
880.91	0.001
881.08	0.002
881.25	0.001
881.42	0.002
881.59	0.002
881.76	0.002
881.93	0.003
882.10	0.002
882.27	0.002
882.44	0.002
882.61	0.001
882.78	0.001
882.95	0.001
883.12	0.000
883.29	-0.000
883.46	-0.001
883.63	-0.002
883.80	-0.002
883.97	-0.002
884.14	-0.003
884.31	-0.003
884.48	-0.003
884.65	-0.003
884.82	-0.002
884.99	-0.001
885.16	-0.000
885.33	-0.001
885.50	-0.001
885.67	-0.000
885.84	-0.001
886.01	-0.001
886.18	-0.001
886.35	-0.001
886.52	-0.002
886.69	-0.001
886.86	-0.000
887.03	-0.000
887.20	-0.000
887.37	-0.000
887.54	0.000
887.71	0.001
887.88	0.001
888.05	0.002
888.22	0.001
888.39	0.001
888.55	-0.000
888.72	-0.000
888.89	-0.000
889.06	-0.000
889.23	-0.000
889.40	-0.000
889.57	-0.001
889.74	-0.001
889.91	-0.001
890.08	-0.000
890.25	0.000
890.42	0.000
890.59	0.000
890.76	-0.001
890.93	-0.001
891.10	-0.001
891.26	-0.001
891.43	-0.001
891.60	-0.002
891.77	-0.002
891.94	-0.003
892.11	-0.004
892.28	-0.004
892.45	-0.004
892.62	-0.003
892.79	-0.003
892.96	-0.002
893.13	-0.002
893.29	-0.001
893.46	-0.001
893.63	-0.001
893.80	-0.000
893.97	0.001
894.14	0.000
894.31	-0.000
894.48	0.003
894.65	0.008
894.81	-0.002
894.98	-0.007
