177.34	-0.000
177.56	-0.000
177.78	-0.000
178.00	-0.000
178.22	0.965
178.44	0.512
178.66	0.559
178.89	0.256
179.11	-0.023
179.33	-0.072
179.55	-0.346
179.77	-0.230
179.99	-0.391
180.21	-0.100
180.43	-0.199
180.65	0.928
180.87	0.156
181.09	0.157
181.31	0.156
181.53	0.217
181.75	0.213
181.97	0.196
182.19	0.216
182.41	0.211
182.63	0.233
182.85	0.283
183.07	0.239
183.30	0.251
183.52	0.219
183.74	0.233
183.96	0.224
184.18	0.225
184.40	0.227
184.62	0.226
184.84	0.222
185.06	0.278
185.28	0.282
185.50	0.297
185.72	0.336
185.94	0.400
186.16	0.405
186.38	0.437
186.60	0.470
186.82	0.496
187.04	0.533
187.26	0.541
187.48	0.584
187.70	0.588
187.92	0.583
188.14	0.629
188.36	0.665
188.58	0.697
188.80	0.737
189.02	0.757
189.24	0.793
189.46	0.808
189.68	0.797
189.90	0.853
190.12	0.850
190.34	0.867
190.56	0.889
190.78	0.890
191.00	0.889
191.22	0.937
191.44	0.965
191.66	1.007
191.88	0.995
192.10	1.028
192.32	1.055
192.54	1.057
192.76	1.090
192.98	1.124
193.20	1.126
193.42	1.143
193.64	1.164
193.86	1.196
194.08	1.208
194.30	1.205
194.52	1.219
194.74	1.222
194.96	1.230
195.18	1.227
195.40	1.204
195.62	1.214
195.84	1.190
196.06	1.186
196.28	1.195
196.50	1.200
196.72	1.191
196.94	1.222
197.16	1.218
197.38	1.242
197.60	1.223
197.82	1.256
198.04	1.291
198.26	1.311
198.48	1.339
198.70	1.360
198.92	1.346
199.13	1.369
199.35	1.361
199.57	1.384
199.79	1.360
200.01	1.350
200.23	1.339
200.45	1.323
200.67	1.334
200.89	1.338
201.11	1.335
201.33	1.361
201.55	1.372
201.77	1.384
201.99	1.381
202.21	1.390
202.43	1.397
202.65	1.403
202.87	1.402
203.09	1.410
203.31	1.399
203.52	1.409
203.74	1.433
203.96	1.452
204.18	1.462
204.40	1.459
204.62	1.449
204.84	1.467
205.06	1.483
205.28	1.498
205.50	1.480
205.72	1.472
205.94	1.465
206.16	1.460
206.38	1.476
206.59	1.489
206.81	1.492
207.03	1.501
207.25	1.509
207.47	1.532
207.69	1.551
207.91	1.562
208.13	1.571
208.35	1.583
208.57	1.603
208.79	1.609
209.01	1.613
209.22	1.605
209.44	1.614
209.66	1.591
209.88	1.607
210.10	1.622
210.32	1.621
210.54	1.619
210.76	1.611
210.98	1.610
211.20	1.615
211.42	1.625
211.63	1.646
211.85	1.636
212.07	1.638
212.29	1.647
212.51	1.659
212.73	1.666
212.95	1.672
213.17	1.685
213.39	1.677
213.60	1.683
213.82	1.696
214.04	1.691
214.26	1.711
214.48	1.697
214.70	1.688
214.92	1.691
215.14	1.688
215.35	1.681
215.57	1.682
215.79	1.690
216.01	1.692
216.23	1.671
216.45	1.673
216.67	1.690
216.89	1.675
217.10	1.674
217.32	1.679
217.54	1.662
217.76	1.637
217.98	1.631
218.20	1.619
218.42	1.595
218.64	1.578
218.85	1.562
219.07	1.552
219.29	1.527
219.51	1.517
219.73	1.503
219.95	1.485
220.17	1.465
220.38	1.450
220.60	1.431
220.82	1.413
221.04	1.387
221.26	1.374
221.48	1.350
221.69	1.328
221.91	1.307
222.13	1.288
222.35	1.270
222.57	1.250
222.79	1.230
223.00	1.210
223.22	1.190
223.44	1.170
223.66	1.151
223.88	1.127
224.10	1.105
224.32	1.084
224.53	1.061
224.75	1.037
224.97	1.018
225.19	0.996
225.41	0.975
225.62	0.955
225.84	0.935
226.06	0.915
226.28	0.894
226.50	0.876
226.72	0.859
226.93	0.840
227.15	0.821
227.37	0.803
227.59	0.785
227.81	0.768
228.02	0.751
228.24	0.734
228.46	0.717
228.68	0.701
228.90	0.684
229.12	0.669
229.33	0.653
229.55	0.639
229.77	0.624
229.99	0.611
230.21	0.598
230.42	0.584
230.64	0.571
230.86	0.558
231.08	0.546
231.30	0.534
231.51	0.522
231.73	0.510
231.95	0.497
232.17	0.486
232.38	0.475
232.60	0.463
232.82	0.454
233.04	0.443
233.26	0.433
233.47	0.423
233.69	0.414
233.91	0.405
234.13	0.396
234.35	0.387
234.56	0.380
234.78	0.370
235.00	0.362
235.22	0.354
235.43	0.346
235.65	0.338
235.87	0.330
236.09	0.323
236.30	0.317
236.52	0.310
236.74	0.303
236.96	0.297
237.18	0.291
237.39	0.284
237.61	0.278
237.83	0.272
238.05	0.266
238.26	0.260
238.48	0.254
238.70	0.248
238.92	0.243
239.13	0.237
239.35	0.233
239.57	0.228
239.79	0.223
240.00	0.218
240.22	0.213
240.44	0.209
240.66	0.204
240.87	0.200
241.09	0.195
241.31	0.191
241.53	0.187
241.74	0.184
241.96	0.180
242.18	0.176
242.40	0.173
242.61	0.170
242.83	0.168
243.05	0.164
243.27	0.161
243.48	0.159
243.70	0.156
243.92	0.153
244.13	0.151
244.35	0.148
244.57	0.146
244.79	0.143
245.00	0.141
245.22	0.138
245.44	0.136
245.65	0.134
245.87	0.132
246.09	0.129
246.31	0.127
246.52	0.125
246.74	0.123
246.96	0.122
247.18	0.120
247.39	0.118
247.61	0.117
247.83	0.115
248.04	0.113
248.26	0.112
248.48	0.110
248.69	0.109
248.91	0.107
249.13	0.106
249.35	0.104
249.56	0.103
249.78	0.102
250.00	0.101
250.21	0.100
250.43	0.098
250.65	0.098
250.86	0.096
251.08	0.095
251.30	0.095
251.51	0.093
251.73	0.093
251.95	0.092
252.17	0.091
252.38	0.090
252.60	0.090
252.82	0.089
253.03	0.089
253.25	0.088
253.47	0.087
253.68	0.086
253.90	0.085
254.12	0.084
254.33	0.084
254.55	0.083
254.77	0.082
254.98	0.082
255.20	0.081
255.42	0.081
255.63	0.081
255.85	0.080
256.07	0.080
256.28	0.079
256.50	0.078
256.72	0.078
256.93	0.078
257.15	0.077
257.37	0.077
257.58	0.076
257.80	0.075
258.02	0.075
258.23	0.075
258.45	0.075
258.67	0.075
258.88	0.074
259.10	0.074
259.32	0.073
259.53	0.073
259.75	0.073
259.96	0.073
260.18	0.073
260.40	0.073
260.61	0.072
260.83	0.072
261.05	0.072
261.26	0.072
261.48	0.072
261.70	0.072
261.91	0.071
262.13	0.071
262.34	0.071
262.56	0.070
262.78	0.070
262.99	0.070
263.21	0.070
263.43	0.069
263.64	0.069
263.86	0.070
264.07	0.070
264.29	0.070
264.51	0.070
264.72	0.069
264.94	0.069
265.16	0.069
265.37	0.068
265.59	0.068
265.80	0.067
266.02	0.067
266.24	0.067
266.45	0.067
266.67	0.067
266.88	0.067
267.10	0.067
267.32	0.067
267.53	0.067
267.75	0.067
267.96	0.066
268.18	0.067
268.40	0.067
268.61	0.066
268.83	0.066
269.04	0.067
269.26	0.067
269.48	0.067
269.69	0.067
269.91	0.066
270.12	0.066
270.34	0.066
270.56	0.066
270.77	0.066
270.99	0.065
271.20	0.065
271.42	0.065
271.64	0.065
271.85	0.064
272.07	0.064
272.28	0.064
272.50	0.064
272.71	0.063
272.93	0.063
273.15	0.063
273.36	0.063
273.58	0.063
273.79	0.062
274.01	0.062
274.22	0.061
274.44	0.061
274.66	0.061
274.87	0.061
275.09	0.060
275.30	0.060
275.52	0.060
275.73	0.060
275.95	0.060
276.16	0.059
276.38	0.059
276.60	0.059
276.81	0.059
277.03	0.058
277.24	0.057
277.46	0.057
277.67	0.057
277.89	0.057
278.10	0.057
278.32	0.057
278.53	0.056
278.75	0.056
278.97	0.056
279.18	0.056
279.40	0.055
279.61	0.054
279.83	0.054
280.04	0.054
280.26	0.054
280.47	0.054
280.69	0.054
280.90	0.054
281.12	0.053
281.33	0.053
281.55	0.053
281.76	0.053
281.98	0.053
282.20	0.052
282.41	0.052
282.63	0.051
282.84	0.051
283.06	0.051
283.27	0.050
283.49	0.050
283.70	0.050
283.92	0.049
284.13	0.049
284.35	0.049
284.56	0.048
284.78	0.048
284.99	0.048
285.21	0.048
285.42	0.047
285.64	0.046
285.85	0.046
286.07	0.046
286.28	0.046
286.50	0.046
286.71	0.046
286.93	0.046
287.14	0.045
287.36	0.045
287.57	0.045
287.79	0.045
288.00	0.045
288.22	0.045
288.43	0.044
288.65	0.044
288.86	0.044
289.08	0.044
289.29	0.043
289.51	0.043
289.72	0.043
289.94	0.042
290.15	0.042
290.37	0.042
290.58	0.042
290.80	0.042
291.01	0.041
291.22	0.041
291.44	0.041
291.65	0.041
291.87	0.041
292.08	0.041
292.30	0.041
292.51	0.041
292.73	0.041
292.94	0.042
293.16	0.042
293.37	0.041
293.59	0.041
293.80	0.041
294.02	0.042
294.23	0.041
294.44	0.040
294.66	0.040
294.87	0.039
295.09	0.039
295.30	0.040
295.52	0.040
295.73	0.040
295.95	0.039
296.16	0.039
296.37	0.040
296.59	0.040
296.80	0.040
297.02	0.039
297.23	0.039
297.45	0.039
297.66	0.039
297.88	0.039
298.09	0.039
298.30	0.039
298.52	0.039
298.73	0.038
298.95	0.038
299.16	0.037
299.38	0.037
299.59	0.037
299.80	0.036
300.02	0.036
300.23	0.036
300.45	0.036
300.66	0.036
300.88	0.036
301.09	0.036
301.30	0.035
301.52	0.035
301.73	0.036
301.95	0.035
302.16	0.035
302.37	0.035
302.59	0.035
302.80	0.035
303.02	0.035
303.23	0.035
303.45	0.035
303.66	0.035
303.87	0.035
304.09	0.035
304.30	0.035
304.52	0.034
304.73	0.034
304.94	0.034
305.16	0.035
305.37	0.034
305.59	0.035
305.80	0.034
306.01	0.034
306.23	0.034
306.44	0.034
306.65	0.034
306.87	0.034
307.08	0.033
307.30	0.033
307.51	0.033
307.72	0.033
307.94	0.033
308.15	0.032
308.37	0.032
308.58	0.032
308.79	0.032
309.01	0.032
309.22	0.032
309.43	0.032
309.65	0.032
309.86	0.032
310.07	0.032
310.29	0.032
310.50	0.032
310.72	0.031
310.93	0.031
311.14	0.032
311.36	0.031
311.57	0.031
311.78	0.031
312.00	0.031
312.21	0.030
312.42	0.030
312.64	0.030
312.85	0.031
313.07	0.030
313.28	0.030
313.49	0.030
313.71	0.030
313.92	0.030
314.13	0.030
314.35	0.030
314.56	0.030
314.77	0.030
314.99	0.030
315.20	0.030
315.41	0.030
315.63	0.030
315.84	0.030
316.05	0.030
316.27	0.030
316.48	0.031
316.69	0.030
316.91	0.030
317.12	0.030
317.33	0.030
317.55	0.030
317.76	0.030
317.97	0.030
318.19	0.030
318.40	0.029
318.61	0.030
318.83	0.030
319.04	0.030
319.25	0.029
319.47	0.029
319.68	0.029
319.89	0.029
320.10	0.029
320.32	0.029
320.53	0.029
320.74	0.029
320.96	0.029
321.17	0.029
321.38	0.030
321.60	0.030
321.81	0.029
322.02	0.029
322.24	0.029
322.45	0.029
322.66	0.029
322.87	0.029
323.09	0.029
323.30	0.029
323.51	0.029
323.73	0.029
323.94	0.028
324.15	0.028
324.36	0.028
324.58	0.028
324.79	0.028
325.00	0.028
325.22	0.028
325.43	0.028
325.64	0.028
325.85	0.028
326.07	0.028
326.28	0.028
326.49	0.028
326.71	0.028
326.92	0.028
327.13	0.028
327.34	0.027
327.56	0.027
327.77	0.027
327.98	0.027
328.19	0.027
328.41	0.027
328.62	0.027
328.83	0.027
329.04	0.027
329.26	0.028
329.47	0.028
329.68	0.028
329.90	0.028
330.11	0.028
330.32	0.028
330.53	0.028
330.75	0.028
330.96	0.028
331.17	0.028
331.38	0.028
331.60	0.027
331.81	0.028
332.02	0.027
332.23	0.028
332.44	0.027
332.66	0.028
332.87	0.027
333.08	0.027
333.29	0.028
333.51	0.028
333.72	0.028
333.93	0.028
334.14	0.028
334.36	0.028
334.57	0.028
334.78	0.028
334.99	0.027
335.21	0.027
335.42	0.027
335.63	0.027
335.84	0.027
336.05	0.027
336.27	0.026
336.48	0.026
336.69	0.026
336.90	0.026
337.11	0.026
337.33	0.026
337.54	0.026
337.75	0.026
337.96	0.026
338.18	0.026
338.39	0.026
338.60	0.026
338.81	0.026
339.02	0.026
339.24	0.026
339.45	0.026
339.66	0.026
339.87	0.026
340.08	0.026
340.30	0.025
340.51	0.025
340.72	0.025
340.93	0.025
341.14	0.025
341.36	0.025
341.57	0.025
341.78	0.025
341.99	0.025
342.20	0.025
342.41	0.026
342.63	0.026
342.84	0.026
343.05	0.026
343.26	0.025
343.47	0.026
343.69	0.025
343.90	0.025
344.11	0.025
344.32	0.025
344.53	0.025
344.74	0.025
344.96	0.025
345.17	0.024
345.38	0.024
345.59	0.025
345.80	0.024
346.01	0.025
346.23	0.024
346.44	0.024
346.65	0.024
346.86	0.024
347.07	0.024
347.28	0.024
347.50	0.023
347.71	0.023
347.92	0.023
348.13	0.023
348.34	0.023
348.55	0.023
348.76	0.023
348.98	0.023
349.19	0.023
349.40	0.023
349.61	0.023
349.82	0.022
350.03	0.022
350.24	0.022
350.46	0.022
350.67	0.022
350.88	0.022
351.09	0.021
351.30	0.021
351.51	0.021
351.72	0.021
351.93	0.021
352.15	0.022
352.36	0.021
352.57	0.021
352.78	0.021
352.99	0.021
353.20	0.022
353.41	0.021
353.62	0.021
353.84	0.021
354.05	0.020
354.26	0.021
354.47	0.021
354.68	0.020
354.89	0.020
355.10	0.019
355.31	0.019
355.52	0.019
355.74	0.019
355.95	0.019
356.16	0.019
356.37	0.019
356.58	0.020
356.79	0.019
357.00	0.020
357.21	0.020
357.42	0.020
357.63	0.020
357.85	0.020
358.06	0.019
358.27	0.019
358.48	0.019
358.69	0.019
358.90	0.019
359.11	0.018
359.32	0.018
359.53	0.018
359.74	0.018
359.95	0.017
360.17	0.018
360.38	0.018
360.59	0.018
360.80	0.018
361.01	0.019
361.22	0.018
361.43	0.018
361.64	0.019
361.85	0.019
362.06	0.019
362.27	0.019
362.48	0.018
362.69	0.018
362.90	0.018
363.12	0.018
363.33	0.017
363.54	0.017
363.75	0.017
363.96	0.017
364.17	0.016
364.38	0.016
364.59	0.016
364.80	0.016
365.01	0.016
365.22	0.017
365.43	0.017
365.64	0.017
365.85	0.016
366.06	0.016
366.27	0.016
366.48	0.016
366.69	0.015
366.90	0.015
367.11	0.015
367.32	0.015
367.54	0.014
367.75	0.014
367.96	0.014
368.17	0.014
368.38	0.014
368.59	0.014
368.80	0.015
369.01	0.015
369.22	0.015
369.43	0.015
369.64	0.015
369.85	0.015
370.06	0.015
370.27	0.014
370.48	0.014
370.69	0.014
370.90	0.014
371.11	0.013
371.32	0.014
371.53	0.014
371.74	0.014
371.95	0.014
372.16	0.014
372.37	0.014
372.58	0.014
372.79	0.014
373.00	0.014
373.21	0.015
373.42	0.014
373.63	0.015
373.84	0.015
374.05	0.015
374.26	0.015
374.47	0.015
374.68	0.015
374.89	0.015
375.10	0.015
375.31	0.015
375.52	0.014
375.73	0.014
375.94	0.014
376.15	0.014
376.36	0.013
376.57	0.013
376.78	0.014
376.99	0.013
377.20	0.014
377.41	0.013
377.62	0.013
377.83	0.013
378.04	0.013
378.25	0.013
378.46	0.013
378.67	0.012
378.88	0.012
379.09	0.011
379.30	0.011
379.51	0.011
379.72	0.012
379.92	0.012
380.13	0.011
380.34	0.011
380.55	0.011
380.76	0.011
380.97	0.011
381.18	0.011
381.39	0.011
381.60	0.011
381.81	0.011
382.02	0.011
382.23	0.011
382.44	0.011
382.65	0.011
382.86	0.010
383.07	0.011
383.28	0.010
383.49	0.010
383.70	0.010
383.91	0.010
384.11	0.011
384.32	0.011
384.53	0.010
384.74	0.010
384.95	0.010
385.16	0.010
385.37	0.009
385.58	0.009
385.79	0.009
386.00	0.010
386.21	0.010
386.42	0.010
386.63	0.010
386.84	0.009
387.04	0.010
387.25	0.010
387.46	0.010
387.67	0.010
387.88	0.009
388.09	0.009
388.30	0.010
388.51	0.009
388.72	0.010
388.93	0.009
389.14	0.009
389.34	0.009
389.55	0.009
389.76	0.009
389.97	0.009
390.18	0.008
390.39	0.009
390.60	0.009
390.81	0.009
391.02	0.010
391.23	0.010
391.43	0.011
391.64	0.011
391.85	0.011
392.06	0.010
392.27	0.010
392.48	0.009
392.69	0.009
392.90	0.008
393.11	0.008
393.31	0.007
393.52	0.007
393.73	0.007
393.94	0.007
394.15	0.007
394.36	0.007
394.57	0.008
394.78	0.008
394.98	0.009
395.19	0.009
395.40	0.009
395.61	0.009
395.82	0.010
396.03	0.010
396.24	0.010
396.44	0.010
396.65	0.011
396.86	0.010
397.07	0.010
397.28	0.010
397.49	0.009
397.70	0.009
397.90	0.008
398.11	0.008
398.32	0.007
398.53	0.007
398.74	0.006
398.95	0.006
399.16	0.006
399.36	0.006
399.57	0.006
399.78	0.006
399.99	0.006
400.20	0.006
400.41	0.007
400.61	0.007
400.82	0.007
401.03	0.007
401.24	0.007
401.45	0.008
401.66	0.008
401.86	0.008
402.07	0.008
402.28	0.008
402.49	0.007
402.70	0.007
402.91	0.007
403.11	0.007
403.32	0.007
403.53	0.007
403.74	0.008
403.95	0.008
404.15	0.008
404.36	0.008
404.57	0.008
404.78	0.007
404.99	0.007
405.20	0.007
405.40	0.007
405.61	0.007
405.82	0.008
406.03	0.008
406.24	0.008
406.44	0.008
406.65	0.008
406.86	0.008
407.07	0.009
407.28	0.009
407.48	0.008
407.69	0.008
407.90	0.007
408.11	0.008
408.32	0.008
408.52	0.008
408.73	0.007
408.94	0.007
409.15	0.006
409.35	0.006
409.56	0.006
409.77	0.007
409.98	0.006
410.19	0.006
410.39	0.007
410.60	0.007
410.81	0.007
411.02	0.007
411.22	0.007
411.43	0.007
411.64	0.007
411.85	0.007
412.05	0.007
412.26	0.007
412.47	0.007
412.68	0.007
412.89	0.007
413.09	0.007
413.30	0.007
413.51	0.007
413.72	0.007
413.92	0.007
414.13	0.006
414.34	0.007
414.55	0.007
414.75	0.007
414.96	0.007
415.17	0.007
415.38	0.008
415.58	0.008
415.79	0.008
416.00	0.008
416.21	0.008
416.41	0.007
416.62	0.006
416.83	0.007
417.03	0.006
417.24	0.006
417.45	0.006
417.66	0.006
417.86	0.006
418.07	0.006
418.28	0.006
418.49	0.006
418.69	0.007
418.90	0.007
419.11	0.007
419.31	0.007
419.52	0.008
419.73	0.009
419.94	0.009
420.14	0.009
420.35	0.009
420.56	0.009
420.76	0.009
420.97	0.008
421.18	0.008
421.39	0.008
421.59	0.007
421.80	0.007
422.01	0.007
422.21	0.006
422.42	0.006
422.63	0.006
422.84	0.006
423.04	0.006
423.25	0.006
423.46	0.007
423.66	0.007
423.87	0.007
424.08	0.008
424.28	0.008
424.49	0.007
424.70	0.008
424.90	0.007
425.11	0.007
425.32	0.007
425.52	0.007
425.73	0.007
425.94	0.006
426.15	0.006
426.35	0.007
426.56	0.007
426.77	0.007
426.97	0.007
427.18	0.008
427.39	0.008
427.59	0.008
427.80	0.008
428.01	0.009
428.21	0.009
428.42	0.010
428.63	0.009
428.83	0.009
429.04	0.009
429.25	0.008
429.45	0.007
429.66	0.007
429.87	0.006
430.07	0.005
430.28	0.004
430.48	0.004
430.69	0.004
430.90	0.004
431.10	0.004
431.31	0.005
431.52	0.005
431.72	0.005
431.93	0.005
432.14	0.006
432.34	0.006
432.55	0.006
432.76	0.006
432.96	0.006
433.17	0.006
433.37	0.006
433.58	0.006
433.79	0.006
433.99	0.005
434.20	0.006
434.41	0.006
434.61	0.006
434.82	0.007
435.02	0.007
435.23	0.008
435.44	0.007
435.64	0.007
435.85	0.007
436.06	0.006
436.26	0.006
436.47	0.005
436.67	0.006
436.88	0.006
437.09	0.005
437.29	0.006
437.50	0.007
437.70	0.007
437.91	0.007
438.12	0.008
438.32	0.008
438.53	0.008
438.73	0.007
438.94	0.007
439.15	0.006
439.35	0.006
439.56	0.007
439.76	0.007
439.97	0.007
440.18	0.007
440.38	0.007
440.59	0.008
440.79	0.007
441.00	0.007
441.20	0.007
441.41	0.007
441.62	0.007
441.82	0.007
442.03	0.007
442.23	0.007
442.44	0.007
442.65	0.008
442.85	0.008
443.06	0.007
443.26	0.007
443.47	0.007
443.67	0.007
443.88	0.007
444.09	0.007
444.29	0.007
444.50	0.007
444.70	0.007
444.91	0.008
445.11	0.007
445.32	0.007
445.52	0.007
445.73	0.006
445.94	0.006
446.14	0.007
446.35	0.006
446.55	0.006
446.76	0.006
446.96	0.006
447.17	0.006
447.37	0.007
447.58	0.007
447.78	0.007
447.99	0.006
448.20	0.006
448.40	0.006
448.61	0.006
448.81	0.007
449.02	0.007
449.22	0.006
449.43	0.007
449.63	0.007
449.84	0.007
450.04	0.007
450.25	0.007
450.45	0.007
450.66	0.008
450.86	0.008
451.07	0.008
451.27	0.008
451.48	0.007
451.68	0.007
451.89	0.007
452.09	0.006
452.30	0.006
452.50	0.005
452.71	0.005
452.91	0.005
453.12	0.004
453.33	0.005
453.53	0.005
453.74	0.006
453.94	0.006
454.15	0.006
454.35	0.007
454.56	0.007
454.76	0.007
454.96	0.007
455.17	0.007
455.37	0.008
455.58	0.007
455.78	0.008
455.99	0.008
456.19	0.008
456.40	0.008
456.60	0.007
456.81	0.008
457.01	0.008
457.22	0.007
457.42	0.007
457.63	0.007
457.83	0.007
458.04	0.007
458.24	0.008
458.45	0.008
458.65	0.007
458.86	0.007
459.06	0.008
459.27	0.008
459.47	0.008
459.67	0.008
459.88	0.007
460.08	0.007
460.29	0.007
460.49	0.007
460.70	0.007
460.90	0.006
461.11	0.006
461.31	0.006
461.52	0.006
461.72	0.007
461.92	0.007
462.13	0.007
462.33	0.008
462.54	0.009
462.74	0.009
462.95	0.009
463.15	0.010
463.36	0.009
463.56	0.009
463.76	0.008
463.97	0.009
464.17	0.008
464.38	0.008
464.58	0.008
464.79	0.008
464.99	0.006
465.19	0.006
465.40	0.005
465.60	0.005
465.81	0.004
466.01	0.004
466.22	0.004
466.42	0.005
466.62	0.005
466.83	0.006
467.03	0.006
467.24	0.007
467.44	0.007
467.65	0.007
467.85	0.007
468.05	0.007
468.26	0.007
468.46	0.007
468.67	0.007
468.87	0.006
469.07	0.006
469.28	0.007
469.48	0.007
469.69	0.007
469.89	0.007
470.09	0.007
470.30	0.006
470.50	0.007
470.71	0.007
470.91	0.007
471.11	0.007
471.32	0.007
471.52	0.007
471.72	0.007
471.93	0.007
472.13	0.008
472.34	0.007
472.54	0.008
472.74	0.008
472.95	0.009
473.15	0.009
473.35	0.009
473.56	0.008
473.76	0.008
473.97	0.009
474.17	0.009
474.37	0.009
474.58	0.009
474.78	0.008
474.98	0.008
475.19	0.008
475.39	0.007
475.60	0.008
475.80	0.008
476.00	0.008
476.21	0.008
476.41	0.007
476.61	0.007
476.82	0.007
477.02	0.007
477.22	0.007
477.43	0.007
477.63	0.006
477.83	0.006
478.04	0.006
478.24	0.006
478.44	0.007
478.65	0.008
478.85	0.007
479.05	0.007
479.26	0.007
479.46	0.007
479.66	0.008
479.87	0.007
480.07	0.007
480.27	0.007
480.48	0.008
480.68	0.008
480.88	0.008
481.09	0.008
481.29	0.008
481.49	0.008
481.70	0.008
481.90	0.008
482.10	0.008
482.31	0.007
482.51	0.007
482.71	0.007
482.92	0.007
483.12	0.008
483.32	0.008
483.52	0.008
483.73	0.008
483.93	0.008
484.13	0.009
484.34	0.010
484.54	0.009
484.74	0.009
484.95	0.008
485.15	0.007
485.35	0.007
485.55	0.007
485.76	0.008
485.96	0.007
486.16	0.006
486.37	0.006
486.57	0.006
486.77	0.006
486.97	0.006
487.18	0.006
487.38	0.006
487.58	0.006
487.79	0.005
487.99	0.005
488.19	0.006
488.39	0.006
488.60	0.007
488.80	0.007
489.00	0.007
489.20	0.007
489.41	0.007
489.61	0.007
489.81	0.007
490.02	0.008
490.22	0.008
490.42	0.008
490.62	0.008
490.83	0.008
491.03	0.008
491.23	0.009
491.43	0.009
491.64	0.009
491.84	0.008
492.04	0.008
492.24	0.008
492.45	0.008
492.65	0.008
492.85	0.008
493.05	0.008
493.26	0.008
493.46	0.008
493.66	0.008
493.86	0.008
494.07	0.008
494.27	0.009
494.47	0.009
494.67	0.009
494.87	0.009
495.08	0.009
495.28	0.009
495.48	0.009
495.68	0.008
495.89	0.008
496.09	0.007
496.29	0.007
496.49	0.006
496.69	0.006
496.90	0.006
497.10	0.006
497.30	0.006
497.50	0.007
497.71	0.007
497.91	0.008
498.11	0.008
498.31	0.008
498.51	0.008
498.72	0.008
498.92	0.008
499.12	0.009
499.32	0.008
499.52	0.009
499.73	0.008
499.93	0.008
500.13	0.008
500.33	0.008
500.53	0.009
500.74	0.008
500.94	0.008
501.14	0.008
501.34	0.008
501.54	0.008
501.74	0.009
501.95	0.009
502.15	0.008
502.35	0.008
502.55	0.008
502.75	0.008
502.96	0.008
503.16	0.008
503.36	0.008
503.56	0.007
503.76	0.007
503.96	0.007
504.17	0.007
504.37	0.007
504.57	0.007
504.77	0.007
504.97	0.007
505.17	0.007
505.38	0.007
505.58	0.007
505.78	0.007
505.98	0.007
506.18	0.008
506.38	0.008
506.58	0.008
506.79	0.008
506.99	0.008
507.19	0.008
507.39	0.007
507.59	0.007
507.79	0.007
507.99	0.007
508.20	0.006
508.40	0.006
508.60	0.006
508.80	0.006
509.00	0.006
509.20	0.006
509.40	0.007
509.61	0.007
509.81	0.007
510.01	0.007
510.21	0.007
510.41	0.007
510.61	0.007
510.81	0.007
511.01	0.007
511.22	0.008
511.42	0.008
511.62	0.009
511.82	0.009
512.02	0.009
512.22	0.009
512.42	0.009
512.62	0.009
512.82	0.008
513.03	0.008
513.23	0.008
513.43	0.008
513.63	0.007
513.83	0.007
514.03	0.007
514.23	0.007
514.43	0.008
514.63	0.008
514.83	0.008
515.04	0.008
515.24	0.007
515.44	0.008
515.64	0.008
515.84	0.008
516.04	0.008
516.24	0.007
516.44	0.007
516.64	0.007
516.84	0.008
517.04	0.008
517.24	0.008
517.45	0.008
517.65	0.008
517.85	0.008
518.05	0.008
518.25	0.008
518.45	0.008
518.65	0.008
518.85	0.008
519.05	0.008
519.25	0.008
519.45	0.007
519.65	0.008
519.85	0.008
520.05	0.007
520.25	0.007
520.46	0.008
520.66	0.008
520.86	0.008
521.06	0.008
521.26	0.009
521.46	0.009
521.66	0.009
521.86	0.008
522.06	0.008
522.26	0.008
522.46	0.008
522.66	0.008
522.86	0.008
523.06	0.008
523.26	0.007
523.46	0.008
523.66	0.009
523.86	0.009
524.06	0.009
524.26	0.009
524.46	0.009
524.66	0.010
524.86	0.010
525.06	0.010
525.26	0.009
525.46	0.009
525.66	0.008
525.87	0.008
526.07	0.008
526.27	0.008
526.47	0.008
526.67	0.008
526.87	0.008
527.07	0.008
527.27	0.008
527.47	0.008
527.67	0.008
527.87	0.008
528.07	0.008
528.27	0.008
528.47	0.008
528.67	0.008
528.87	0.008
529.07	0.008
529.27	0.007
529.47	0.008
529.67	0.008
529.87	0.008
530.07	0.008
530.27	0.007
530.47	0.007
530.67	0.008
530.87	0.008
531.06	0.008
531.26	0.008
531.46	0.008
531.66	0.008
531.86	0.008
532.06	0.009
532.26	0.009
532.46	0.009
532.66	0.009
532.86	0.009
533.06	0.009
533.26	0.009
533.46	0.009
533.66	0.009
533.86	0.010
534.06	0.010
534.26	0.009
534.46	0.009
534.66	0.009
534.86	0.009
535.06	0.009
535.26	0.009
535.46	0.008
535.66	0.008
535.86	0.008
536.06	0.008
536.26	0.009
536.45	0.009
536.65	0.009
536.85	0.009
537.05	0.009
537.25	0.009
537.45	0.009
537.65	0.009
537.85	0.009
538.05	0.009
538.25	0.008
538.45	0.008
538.65	0.008
538.85	0.008
539.05	0.008
539.25	0.008
539.44	0.008
539.64	0.008
539.84	0.007
540.04	0.007
540.24	0.008
540.44	0.007
540.64	0.007
540.84	0.007
541.04	0.007
541.24	0.007
541.44	0.008
541.64	0.008
541.83	0.008
542.03	0.008
542.23	0.008
542.43	0.008
542.63	0.009
542.83	0.009
543.03	0.009
543.23	0.009
543.43	0.009
543.63	0.009
543.82	0.009
544.02	0.009
544.22	0.009
544.42	0.009
544.62	0.009
544.82	0.008
545.02	0.009
545.22	0.009
545.42	0.009
545.61	0.009
545.81	0.009
546.01	0.009
546.21	0.009
546.41	0.009
546.61	0.010
546.81	0.010
547.01	0.010
547.20	0.010
547.40	0.010
547.60	0.010
547.80	0.010
548.00	0.010
548.20	0.010
548.40	0.010
548.59	0.010
548.79	0.009
548.99	0.009
549.19	0.009
549.39	0.009
549.59	0.009
549.79	0.009
549.98	0.009
550.18	0.010
550.38	0.010
550.58	0.010
550.78	0.010
550.98	0.009
551.17	0.010
551.37	0.009
551.57	0.010
551.77	0.009
551.97	0.009
552.17	0.009
552.36	0.009
552.56	0.009
552.76	0.010
552.96	0.009
553.16	0.009
553.36	0.009
553.55	0.009
553.75	0.009
553.95	0.009
554.15	0.009
554.35	0.008
554.55	0.008
554.74	0.008
554.94	0.008
555.14	0.008
555.34	0.008
555.54	0.009
555.73	0.009
555.93	0.009
556.13	0.009
556.33	0.010
556.53	0.010
556.72	0.010
556.92	0.010
557.12	0.010
557.32	0.010
557.52	0.009
557.71	0.010
557.91	0.010
558.11	0.010
558.31	0.011
558.51	0.011
558.70	0.011
558.90	0.011
559.10	0.010
559.30	0.010
559.49	0.009
559.69	0.009
559.89	0.009
560.09	0.008
560.29	0.008
560.48	0.008
560.68	0.008
560.88	0.008
561.08	0.008
561.27	0.009
561.47	0.009
561.67	0.009
561.87	0.009
562.06	0.010
562.26	0.010
562.46	0.010
562.66	0.009
562.86	0.009
563.05	0.009
563.25	0.009
563.45	0.009
563.65	0.009
563.84	0.008
564.04	0.008
564.24	0.009
564.44	0.009
564.63	0.009
564.83	0.010
565.03	0.009
565.22	0.009
565.42	0.010
565.62	0.010
565.82	0.010
566.01	0.011
566.21	0.011
566.41	0.011
566.61	0.011
566.80	0.011
567.00	0.011
567.20	0.011
567.40	0.010
567.59	0.010
567.79	0.010
567.99	0.010
568.18	0.010
568.38	0.009
568.58	0.009
568.78	0.009
568.97	0.010
569.17	0.010
569.37	0.010
569.56	0.010
569.76	0.010
569.96	0.010
570.16	0.010
570.35	0.010
570.55	0.010
570.75	0.009
570.94	0.009
571.14	0.008
571.34	0.008
571.53	0.008
571.73	0.009
571.93	0.009
572.12	0.009
572.32	0.009
572.52	0.010
572.72	0.010
572.91	0.010
573.11	0.010
573.31	0.010
573.50	0.010
573.70	0.009
573.90	0.008
574.09	0.008
574.29	0.007
574.49	0.007
574.68	0.007
574.88	0.007
575.08	0.007
575.27	0.007
575.47	0.008
575.67	0.008
575.86	0.009
576.06	0.010
576.26	0.010
576.45	0.010
576.65	0.010
576.85	0.009
577.04	0.008
577.24	0.008
577.44	0.007
577.63	0.007
577.83	0.006
578.02	0.006
578.22	0.006
578.42	0.006
578.61	0.006
578.81	0.007
579.01	0.007
579.20	0.008
579.40	0.009
579.60	0.010
579.79	0.010
579.99	0.011
580.19	0.011
580.38	0.010
580.58	0.010
580.77	0.009
580.97	0.008
581.17	0.007
581.36	0.005
581.56	0.004
581.75	0.003
581.95	0.003
582.15	0.003
582.34	0.004
582.54	0.005
582.74	0.006
582.93	0.007
583.13	0.008
583.32	0.009
583.52	0.010
583.72	0.011
583.91	0.011
584.11	0.010
584.30	0.010
584.50	0.009
584.70	0.008
584.89	0.007
585.09	0.007
585.28	0.007
585.48	0.007
585.68	0.007
585.87	0.007
586.07	0.007
586.26	0.007
586.46	0.008
586.66	0.008
586.85	0.008
587.05	0.008
587.24	0.008
587.44	0.008
587.63	0.008
587.83	0.008
588.03	0.008
588.22	0.008
588.42	0.009
588.61	0.009
588.81	0.009
589.00	0.008
589.20	0.008
589.40	0.009
589.59	0.008
589.79	0.008
589.98	0.008
590.18	0.008
590.37	0.008
590.57	0.008
590.76	0.009
590.96	0.010
591.16	0.010
591.35	0.011
591.55	0.011
591.74	0.011
591.94	0.010
592.13	0.010
592.33	0.009
592.52	0.008
592.72	0.007
592.91	0.006
593.11	0.006
593.30	0.005
593.50	0.005
593.70	0.006
593.89	0.006
594.09	0.007
594.28	0.007
594.48	0.007
594.67	0.008
594.87	0.008
595.06	0.008
595.26	0.008
595.45	0.008
595.65	0.008
595.84	0.009
596.04	0.010
596.23	0.010
596.43	0.010
596.62	0.010
596.82	0.010
597.01	0.010
597.21	0.010
597.40	0.010
597.60	0.010
597.79	0.009
597.99	0.009
598.18	0.009
598.38	0.009
598.57	0.009
598.77	0.008
598.96	0.008
599.16	0.007
599.35	0.007
599.55	0.007
599.74	0.007
599.94	0.007
600.13	0.007
600.33	0.007
600.52	0.007
600.72	0.007
600.91	0.008
601.11	0.008
601.30	0.009
601.50	0.009
601.69	0.009
601.89	0.009
602.08	0.010
602.27	0.010
602.47	0.010
602.66	0.009
602.86	0.009
603.05	0.009
603.25	0.009
603.44	0.009
603.64	0.009
603.83	0.009
604.03	0.009
604.22	0.009
604.41	0.009
604.61	0.009
604.80	0.009
605.00	0.009
605.19	0.009
605.39	0.009
605.58	0.009
605.78	0.009
605.97	0.009
606.16	0.009
606.36	0.009
606.55	0.008
606.75	0.008
606.94	0.008
607.14	0.008
607.33	0.008
607.52	0.008
607.72	0.007
607.91	0.008
608.11	0.008
608.30	0.009
608.50	0.009
608.69	0.008
608.88	0.008
609.08	0.008
609.27	0.008
609.47	0.009
609.66	0.009
609.85	0.008
610.05	0.009
610.24	0.009
610.44	0.009
610.63	0.009
610.83	0.009
611.02	0.010
611.21	0.010
611.41	0.010
611.60	0.010
611.80	0.010
611.99	0.010
612.18	0.009
612.38	0.010
612.57	0.009
612.76	0.010
612.96	0.010
613.15	0.010
613.35	0.010
613.54	0.010
613.73	0.010
613.93	0.010
614.12	0.009
614.32	0.009
614.51	0.008
614.70	0.008
614.90	0.007
615.09	0.007
615.28	0.007
615.48	0.007
615.67	0.007
615.86	0.008
616.06	0.009
616.25	0.009
616.45	0.010
616.64	0.010
616.83	0.010
617.03	0.010
617.22	0.010
617.41	0.010
617.61	0.009
617.80	0.009
617.99	0.009
618.19	0.009
618.38	0.009
618.57	0.009
618.77	0.009
618.96	0.009
619.15	0.009
619.35	0.010
619.54	0.010
619.73	0.009
619.93	0.009
620.12	0.010
620.31	0.011
620.51	0.010
620.70	0.010
620.89	0.010
621.09	0.010
621.28	0.010
621.47	0.010
621.67	0.010
621.86	0.009
622.05	0.009
622.25	0.009
622.44	0.009
622.63	0.010
622.83	0.010
623.02	0.010
623.21	0.010
623.41	0.010
623.60	0.010
623.79	0.009
623.98	0.009
624.18	0.009
624.37	0.009
624.56	0.009
624.76	0.009
624.95	0.008
625.14	0.009
625.33	0.009
625.53	0.010
625.72	0.010
625.91	0.010
626.11	0.010
626.30	0.010
626.49	0.009
626.68	0.010
626.88	0.010
627.07	0.010
627.26	0.009
627.46	0.009
627.65	0.010
627.84	0.009
628.03	0.010
628.23	0.010
628.42	0.010
628.61	0.009
628.80	0.009
629.00	0.010
629.19	0.010
629.38	0.010
629.58	0.010
629.77	0.011
629.96	0.011
630.15	0.011
630.35	0.011
630.54	0.011
630.73	0.010
630.92	0.010
631.12	0.010
631.31	0.010
631.50	0.010
631.69	0.010
631.89	0.009
632.08	0.010
632.27	0.010
632.46	0.010
632.65	0.011
632.85	0.011
633.04	0.010
633.23	0.011
633.42	0.011
633.62	0.011
633.81	0.010
634.00	0.010
634.19	0.010
634.39	0.010
634.58	0.010
634.77	0.010
634.96	0.010
635.15	0.010
635.35	0.010
635.54	0.010
635.73	0.010
635.92	0.010
636.11	0.009
636.31	0.009
636.50	0.010
636.69	0.010
636.88	0.010
637.07	0.011
637.27	0.010
637.46	0.010
637.65	0.010
637.84	0.011
638.03	0.011
638.23	0.010
638.42	0.010
638.61	0.010
638.80	0.010
638.99	0.011
639.19	0.011
639.38	0.011
639.57	0.010
639.76	0.010
639.95	0.010
640.14	0.011
640.34	0.010
640.53	0.010
640.72	0.009
640.91	0.010
641.10	0.009
641.30	0.010
641.49	0.010
641.68	0.010
641.87	0.009
642.06	0.010
642.25	0.010
642.44	0.010
642.64	0.010
642.83	0.010
643.02	0.010
643.21	0.010
643.40	0.010
643.59	0.010
643.79	0.010
643.98	0.010
644.17	0.010
644.36	0.011
644.55	0.011
644.74	0.011
644.93	0.011
645.13	0.011
645.32	0.011
645.51	0.011
645.70	0.011
645.89	0.011
646.08	0.011
646.27	0.011
646.46	0.011
646.66	0.011
646.85	0.011
647.04	0.011
647.23	0.011
647.42	0.010
647.61	0.010
647.80	0.010
647.99	0.010
648.19	0.010
648.38	0.010
648.57	0.010
648.76	0.010
648.95	0.010
649.14	0.010
649.33	0.011
649.52	0.010
649.71	0.010
649.91	0.010
650.10	0.010
650.29	0.010
650.48	0.010
650.67	0.010
650.86	0.010
651.05	0.009
651.24	0.009
651.43	0.009
651.62	0.010
651.81	0.010
652.01	0.009
652.20	0.009
652.39	0.009
652.58	0.009
652.77	0.009
652.96	0.009
653.15	0.009
653.34	0.009
653.53	0.010
653.72	0.010
653.91	0.011
654.10	0.013
654.29	0.014
654.48	0.013
654.68	0.013
654.87	0.012
655.06	0.010
655.25	0.009
655.44	0.008
655.63	0.007
655.82	0.006
656.01	0.005
656.20	0.005
656.39	0.006
656.58	0.006
656.77	0.008
656.96	0.009
657.15	0.010
657.34	0.010
657.53	0.010
657.72	0.010
657.91	0.010
658.10	0.011
658.29	0.011
658.48	0.011
658.68	0.011
658.87	0.010
659.06	0.011
659.25	0.011
659.44	0.010
659.63	0.010
659.82	0.010
660.01	0.010
660.20	0.010
660.39	0.010
660.58	0.010
660.77	0.010
660.96	0.010
661.15	0.011
661.34	0.011
661.53	0.010
661.72	0.010
661.91	0.010
662.10	0.010
662.29	0.010
662.48	0.010
662.67	0.010
662.86	0.010
663.05	0.010
663.24	0.010
663.43	0.010
663.62	0.010
663.81	0.010
664.00	0.010
664.19	0.010
664.38	0.010
664.57	0.010
664.76	0.009
664.95	0.009
665.14	0.009
665.33	0.010
665.52	0.010
665.71	0.010
665.90	0.010
666.09	0.010
666.28	0.010
666.46	0.010
666.65	0.010
666.84	0.010
667.03	0.010
667.22	0.010
667.41	0.009
667.60	0.009
667.79	0.009
667.98	0.009
668.17	0.010
668.36	0.010
668.55	0.009
668.74	0.010
668.93	0.010
669.12	0.010
669.31	0.010
669.50	0.010
669.69	0.010
669.88	0.010
670.07	0.010
670.26	0.010
670.44	0.010
670.63	0.010
670.82	0.010
671.01	0.010
671.20	0.010
671.39	0.010
671.58	0.009
671.77	0.010
671.96	0.010
672.15	0.010
672.34	0.009
672.53	0.010
672.72	0.010
672.91	0.010
673.09	0.011
673.28	0.011
673.47	0.011
673.66	0.011
673.85	0.010
674.04	0.011
674.23	0.011
674.42	0.010
674.61	0.010
674.80	0.010
674.98	0.010
675.17	0.010
675.36	0.010
675.55	0.010
675.74	0.009
675.93	0.009
676.12	0.009
676.31	0.009
676.50	0.009
676.69	0.009
676.87	0.009
677.06	0.009
677.25	0.010
677.44	0.010
677.63	0.010
677.82	0.009
678.01	0.009
678.20	0.010
678.38	0.010
678.57	0.010
678.76	0.010
678.95	0.010
679.14	0.011
679.33	0.010
679.52	0.010
679.71	0.010
679.89	0.010
680.08	0.010
680.27	0.010
680.46	0.010
680.65	0.010
680.84	0.009
681.02	0.010
681.21	0.010
681.40	0.010
681.59	0.010
681.78	0.009
681.97	0.009
682.16	0.009
682.34	0.009
682.53	0.009
682.72	0.009
682.91	0.009
683.10	0.009
683.29	0.009
683.47	0.010
683.66	0.010
683.85	0.010
684.04	0.010
684.23	0.010
684.42	0.010
684.60	0.010
684.79	0.010
684.98	0.010
685.17	0.010
685.36	0.010
685.54	0.010
685.73	0.010
685.92	0.011
686.11	0.011
686.30	0.010
686.49	0.010
686.67	0.010
686.86	0.010
687.05	0.010
687.24	0.010
687.43	0.010
687.61	0.010
687.80	0.010
687.99	0.010
688.18	0.009
688.36	0.009
688.55	0.009
688.74	0.009
688.93	0.009
689.12	0.009
689.30	0.009
689.49	0.009
689.68	0.010
689.87	0.010
690.06	0.010
690.24	0.010
690.43	0.010
690.62	0.010
690.81	0.010
690.99	0.010
691.18	0.010
691.37	0.010
691.56	0.010
691.74	0.010
691.93	0.010
692.12	0.010
692.31	0.010
692.50	0.010
692.68	0.010
692.87	0.010
693.06	0.009
693.25	0.009
693.43	0.009
693.62	0.009
693.81	0.009
694.00	0.009
694.18	0.010
694.37	0.010
694.56	0.010
694.74	0.011
694.93	0.011
695.12	0.011
695.31	0.011
695.49	0.011
695.68	0.011
695.87	0.010
696.06	0.010
696.24	0.010
696.43	0.010
696.62	0.010
696.80	0.009
696.99	0.009
697.18	0.009
697.37	0.009
697.55	0.010
697.74	0.010
697.93	0.010
698.12	0.010
698.30	0.010
698.49	0.010
698.68	0.010
698.86	0.010
699.05	0.010
699.24	0.010
699.42	0.010
699.61	0.010
699.80	0.010
699.99	0.010
700.17	0.011
700.36	0.011
700.55	0.011
700.73	0.011
700.92	0.011
701.11	0.010
701.29	0.010
701.48	0.010
701.67	0.010
701.85	0.009
702.04	0.009
702.23	0.009
702.41	0.009
702.60	0.009
702.79	0.009
702.97	0.009
703.16	0.009
703.35	0.009
703.53	0.009
703.72	0.009
703.91	0.008
704.09	0.008
704.28	0.008
704.47	0.008
704.65	0.009
704.84	0.009
705.03	0.009
705.21	0.009
705.40	0.009
705.59	0.009
705.77	0.009
705.96	0.009
706.15	0.009
706.33	0.009
706.52	0.009
706.71	0.009
706.89	0.009
707.08	0.009
707.26	0.009
707.45	0.009
707.64	0.009
707.82	0.009
708.01	0.009
708.20	0.009
708.38	0.009
708.57	0.009
708.75	0.009
708.94	0.009
709.13	0.009
709.31	0.009
709.50	0.010
709.69	0.009
709.87	0.010
710.06	0.009
710.24	0.009
710.43	0.009
710.62	0.010
710.80	0.009
710.99	0.009
711.17	0.009
711.36	0.010
711.55	0.010
711.73	0.010
711.92	0.010
712.10	0.010
712.29	0.010
712.48	0.009
712.66	0.010
712.85	0.010
713.03	0.009
713.22	0.009
713.40	0.009
713.59	0.009
713.78	0.009
713.96	0.009
714.15	0.010
714.33	0.009
714.52	0.009
714.71	0.010
714.89	0.009
715.08	0.009
715.26	0.009
715.45	0.009
715.63	0.009
715.82	0.009
716.00	0.010
716.19	0.010
716.38	0.010
716.56	0.010
716.75	0.010
716.93	0.010
717.12	0.009
717.30	0.009
717.49	0.009
717.67	0.009
717.86	0.009
718.05	0.009
718.23	0.009
718.42	0.009
718.60	0.009
718.79	0.009
718.97	0.010
719.16	0.010
719.34	0.010
719.53	0.010
719.71	0.010
719.90	0.010
720.08	0.010
720.27	0.009
720.45	0.009
720.64	0.009
720.83	0.009
721.01	0.009
721.20	0.009
721.38	0.008
721.57	0.008
721.75	0.009
721.94	0.009
722.12	0.009
722.31	0.009
722.49	0.009
722.68	0.010
722.86	0.010
723.05	0.010
723.23	0.010
723.42	0.010
723.60	0.010
723.79	0.010
723.97	0.010
724.16	0.010
724.34	0.010
724.53	0.010
724.71	0.009
724.90	0.009
725.08	0.009
725.27	0.009
725.45	0.009
725.64	0.009
725.82	0.009
726.00	0.010
726.19	0.010
726.37	0.010
726.56	0.010
726.74	0.010
726.93	0.010
727.11	0.010
727.30	0.009
727.48	0.009
727.67	0.009
727.85	0.009
728.04	0.009
728.22	0.009
728.40	0.009
728.59	0.009
728.77	0.009
728.96	0.009
729.14	0.009
729.33	0.009
729.51	0.010
729.70	0.010
729.88	0.010
730.07	0.009
730.25	0.009
730.43	0.009
730.62	0.009
730.80	0.009
730.99	0.009
731.17	0.009
731.36	0.009
731.54	0.009
731.72	0.009
731.91	0.009
732.09	0.009
732.28	0.009
732.46	0.009
732.65	0.009
732.83	0.009
733.01	0.009
733.20	0.009
733.38	0.009
733.57	0.009
733.75	0.009
733.93	0.009
734.12	0.009
734.30	0.009
734.49	0.009
734.67	0.009
734.85	0.009
735.04	0.009
735.22	0.009
735.41	0.009
735.59	0.009
735.77	0.009
735.96	0.009
736.14	0.009
736.33	0.009
736.51	0.009
736.69	0.009
736.88	0.009
737.06	0.010
737.25	0.009
737.43	0.010
737.61	0.010
737.80	0.010
737.98	0.010
738.16	0.010
738.35	0.010
738.53	0.009
738.71	0.009
738.90	0.009
739.08	0.009
739.27	0.009
739.45	0.009
739.63	0.009
739.82	0.009
740.00	0.009
740.18	0.009
740.37	0.009
740.55	0.009
740.73	0.009
740.92	0.009
741.10	0.009
741.28	0.009
741.47	0.009
741.65	0.009
741.83	0.009
742.02	0.009
742.20	0.009
742.38	0.009
742.57	0.009
742.75	0.009
742.93	0.009
743.12	0.009
743.30	0.009
743.48	0.009
743.67	0.009
743.85	0.009
744.03	0.009
744.22	0.009
744.40	0.009
744.58	0.009
744.77	0.009
744.95	0.009
745.13	0.009
745.32	0.009
745.50	0.009
745.68	0.009
745.87	0.009
746.05	0.009
746.23	0.009
746.41	0.008
746.60	0.009
746.78	0.009
746.96	0.009
747.15	0.009
747.33	0.009
747.51	0.009
747.70	0.009
747.88	0.009
748.06	0.010
748.24	0.010
748.43	0.010
748.61	0.010
748.79	0.009
748.97	0.009
749.16	0.009
749.34	0.009
749.52	0.009
749.71	0.009
749.89	0.009
750.07	0.009
750.25	0.009
750.44	0.009
750.62	0.009
750.80	0.009
750.98	0.009
751.17	0.009
751.35	0.009
751.53	0.009
751.71	0.009
751.90	0.009
752.08	0.009
752.26	0.009
752.44	0.008
752.63	0.009
752.81	0.008
752.99	0.009
753.17	0.008
753.36	0.008
753.54	0.008
753.72	0.008
753.90	0.008
754.09	0.009
754.27	0.009
754.45	0.009
754.63	0.009
754.82	0.009
755.00	0.009
755.18	0.009
755.36	0.009
755.54	0.009
755.73	0.009
755.91	0.008
756.09	0.008
756.27	0.008
756.45	0.009
756.64	0.009
756.82	0.009
757.00	0.009
757.18	0.009
757.37	0.009
757.55	0.009
757.73	0.009
757.91	0.009
758.09	0.009
758.27	0.009
758.46	0.009
758.64	0.009
758.82	0.009
759.00	0.009
759.18	0.009
759.37	0.009
759.55	0.009
759.73	0.009
759.91	0.009
760.09	0.009
760.28	0.009
760.46	0.009
760.64	0.009
760.82	0.010
761.00	0.010
761.18	0.010
761.37	0.009
761.55	0.009
761.73	0.009
761.91	0.009
762.09	0.009
762.27	0.009
762.46	0.009
762.64	0.009
762.82	0.009
763.00	0.009
763.18	0.009
763.36	0.009
763.54	0.009
763.73	0.009
763.91	0.009
764.09	0.009
764.27	0.009
764.45	0.009
764.63	0.009
764.81	0.009
765.00	0.009
765.18	0.009
765.36	0.009
765.54	0.009
765.72	0.009
765.90	0.009
766.08	0.009
766.27	0.008
766.45	0.009
766.63	0.008
766.81	0.008
766.99	0.008
767.17	0.009
767.35	0.008
767.53	0.008
767.71	0.008
767.90	0.008
768.08	0.008
768.26	0.008
768.44	0.008
768.62	0.008
768.80	0.008
768.98	0.008
769.16	0.008
769.34	0.009
769.52	0.009
769.71	0.009
769.89	0.008
770.07	0.008
770.25	0.008
770.43	0.008
770.61	0.008
770.79	0.008
770.97	0.008
771.15	0.008
771.33	0.008
771.51	0.008
771.69	0.008
771.88	0.009
772.06	0.009
772.24	0.009
772.42	0.009
772.60	0.009
772.78	0.008
772.96	0.009
773.14	0.009
773.32	0.009
773.50	0.009
773.68	0.009
773.86	0.009
774.04	0.009
774.22	0.009
774.40	0.009
774.58	0.009
774.77	0.009
774.95	0.009
775.13	0.009
775.31	0.009
775.49	0.009
775.67	0.009
775.85	0.009
776.03	0.009
776.21	0.009
776.39	0.009
776.57	0.009
776.75	0.009
776.93	0.009
777.11	0.009
777.29	0.008
777.47	0.008
777.65	0.008
777.83	0.008
778.01	0.008
778.19	0.008
778.37	0.008
778.55	0.009
778.73	0.009
778.91	0.008
779.09	0.009
779.27	0.009
779.45	0.009
779.63	0.009
779.81	0.009
779.99	0.008
780.17	0.008
780.35	0.009
780.53	0.009
780.71	0.008
780.89	0.008
781.07	0.008
781.25	0.008
781.43	0.009
781.61	0.009
781.79	0.008
781.97	0.008
782.15	0.008
782.33	0.009
782.51	0.009
782.69	0.009
782.87	0.009
783.05	0.009
783.23	0.009
783.41	0.009
783.59	0.009
783.77	0.009
783.95	0.009
784.13	0.009
784.31	0.009
784.49	0.009
784.67	0.009
784.85	0.009
785.03	0.009
785.21	0.009
785.38	0.009
785.56	0.009
785.74	0.010
785.92	0.010
786.10	0.010
786.28	0.010
786.46	0.010
786.64	0.010
786.82	0.010
787.00	0.010
787.18	0.010
787.36	0.009
787.54	0.009
787.72	0.009
787.90	0.009
788.08	0.009
788.25	0.009
788.43	0.009
788.61	0.009
788.79	0.009
788.97	0.010
789.15	0.010
789.33	0.010
789.51	0.010
789.69	0.009
789.87	0.010
790.05	0.010
790.23	0.010
790.40	0.010
790.58	0.010
790.76	0.009
790.94	0.010
791.12	0.010
791.30	0.010
791.48	0.010
791.66	0.010
791.84	0.010
792.02	0.010
792.19	0.009
792.37	0.009
792.55	0.009
792.73	0.009
792.91	0.009
793.09	0.009
793.27	0.008
793.45	0.008
793.63	0.008
793.80	0.008
793.98	0.008
794.16	0.008
794.34	0.008
794.52	0.009
794.70	0.009
794.88	0.008
795.05	0.008
795.23	0.009
795.41	0.009
795.59	0.009
795.77	0.009
795.95	0.009
796.13	0.009
796.30	0.009
796.48	0.009
796.66	0.009
796.84	0.009
797.02	0.009
797.20	0.009
797.38	0.008
797.55	0.009
797.73	0.009
797.91	0.009
798.09	0.009
798.27	0.009
798.45	0.009
798.62	0.010
798.80	0.010
798.98	0.010
799.16	0.010
799.34	0.010
799.52	0.010
799.69	0.010
799.87	0.010
800.05	0.011
800.23	0.010
800.41	0.010
800.58	0.010
800.76	0.010
800.94	0.010
801.12	0.010
801.30	0.010
801.47	0.010
801.65	0.010
801.83	0.010
802.01	0.010
802.19	0.009
802.36	0.010
802.54	0.009
802.72	0.009
802.90	0.009
803.08	0.008
803.25	0.008
803.43	0.008
803.61	0.009
803.79	0.009
803.97	0.009
804.14	0.010
804.32	0.010
804.50	0.010
804.68	0.010
804.85	0.010
805.03	0.010
805.21	0.010
805.39	0.010
805.56	0.009
805.74	0.009
805.92	0.009
806.10	0.009
806.28	0.010
806.45	0.010
806.63	0.010
806.81	0.010
806.99	0.011
807.16	0.010
807.34	0.011
807.52	0.011
807.70	0.011
807.87	0.010
808.05	0.010
808.23	0.010
808.41	0.010
808.58	0.009
808.76	0.009
808.94	0.009
809.11	0.009
809.29	0.009
809.47	0.009
809.65	0.009
809.82	0.008
810.00	0.009
810.18	0.009
810.36	0.009
810.53	0.009
810.71	0.009
810.89	0.010
811.06	0.010
811.24	0.010
811.42	0.010
811.60	0.010
811.77	0.011
811.95	0.011
812.13	0.011
812.30	0.011
812.48	0.010
812.66	0.011
812.83	0.010
813.01	0.010
813.19	0.010
813.37	0.010
813.54	0.010
813.72	0.010
813.90	0.010
814.07	0.010
814.25	0.009
814.43	0.010
814.60	0.009
814.78	0.009
814.96	0.009
815.13	0.010
815.31	0.009
815.49	0.009
815.66	0.009
815.84	0.009
816.02	0.009
816.19	0.010
816.37	0.010
816.55	0.010
816.72	0.010
816.90	0.010
817.08	0.010
817.25	0.010
817.43	0.010
817.61	0.011
817.78	0.010
817.96	0.010
818.14	0.010
818.31	0.010
818.49	0.010
818.67	0.010
818.84	0.010
819.02	0.010
819.19	0.010
819.37	0.010
819.55	0.010
819.72	0.010
819.90	0.010
820.08	0.010
820.25	0.010
820.43	0.011
820.60	0.011
820.78	0.011
820.96	0.011
821.13	0.010
821.31	0.010
821.49	0.010
821.66	0.010
821.84	0.011
822.01	0.011
822.19	0.010
822.37	0.010
822.54	0.010
822.72	0.011
822.89	0.010
823.07	0.009
823.25	0.010
823.42	0.009
823.60	0.009
823.77	0.009
823.95	0.009
824.13	0.010
824.30	0.010
824.48	0.010
824.65	0.011
824.83	0.010
825.01	0.010
825.18	0.010
825.36	0.011
825.53	0.010
825.71	0.010
825.88	0.009
826.06	0.009
826.24	0.009
826.41	0.010
826.59	0.011
826.76	0.010
826.94	0.011
827.11	0.011
827.29	0.011
827.47	0.011
827.64	0.011
827.82	0.011
827.99	0.011
828.17	0.010
828.34	0.010
828.52	0.010
828.69	0.010
828.87	0.010
829.04	0.011
829.22	0.010
829.40	0.011
829.57	0.011
829.75	0.011
829.92	0.011
830.10	0.011
830.27	0.010
830.45	0.011
830.62	0.011
830.80	0.010
830.97	0.010
831.15	0.010
831.32	0.010
831.50	0.010
831.67	0.010
831.85	0.010
832.02	0.010
832.20	0.010
832.37	0.011
832.55	0.011
832.73	0.011
832.90	0.012
833.08	0.012
833.25	0.012
833.43	0.012
833.60	0.012
833.78	0.011
833.95	0.011
834.13	0.011
834.30	0.011
834.48	0.010
834.65	0.010
834.82	0.010
835.00	0.011
835.17	0.011
835.35	0.011
835.52	0.011
835.70	0.011
835.87	0.012
836.05	0.012
836.22	0.012
836.40	0.012
836.57	0.012
836.75	0.012
836.92	0.012
837.10	0.012
837.27	0.012
837.45	0.012
837.62	0.012
837.80	0.012
837.97	0.012
838.14	0.012
838.32	0.012
838.49	0.011
838.67	0.011
838.84	0.012
839.02	0.011
839.19	0.011
839.37	0.011
839.54	0.011
839.71	0.010
839.89	0.011
840.06	0.011
840.24	0.011
840.41	0.011
840.59	0.011
840.76	0.011
840.94	0.011
841.11	0.011
841.28	0.011
841.46	0.010
841.63	0.011
841.81	0.011
841.98	0.011
842.15	0.011
842.33	0.010
842.50	0.011
842.68	0.010
842.85	0.011
843.03	0.011
843.20	0.010
843.37	0.011
843.55	0.011
843.72	0.011
843.90	0.012
844.07	0.011
844.24	0.011
844.42	0.011
844.59	0.011
844.77	0.011
844.94	0.010
845.11	0.010
845.29	0.010
845.46	0.010
845.63	0.010
845.81	0.010
845.98	0.010
846.16	0.010
846.33	0.010
846.50	0.011
846.68	0.011
846.85	0.011
847.02	0.011
847.20	0.011
847.37	0.012
847.55	0.012
847.72	0.012
847.89	0.012
848.07	0.011
848.24	0.012
848.41	0.012
848.59	0.012
848.76	0.011
848.93	0.011
849.11	0.011
849.28	0.011
849.45	0.011
849.63	0.011
849.80	0.011
849.97	0.011
850.15	0.010
850.32	0.011
850.49	0.011
850.67	0.011
850.84	0.012
851.01	0.012
851.19	0.012
851.36	0.012
851.53	0.012
851.71	0.013
851.88	0.013
852.05	0.012
852.23	0.013
852.40	0.013
852.57	0.013
852.75	0.013
852.92	0.013
853.09	0.013
853.27	0.012
853.44	0.012
853.61	0.013
853.79	0.012
853.96	0.012
854.13	0.012
854.30	0.012
854.48	0.012
854.65	0.012
854.82	0.012
855.00	0.012
855.17	0.012
855.34	0.012
855.51	0.013
855.69	0.012
855.86	0.013
856.03	0.013
856.21	0.013
856.38	0.013
856.55	0.013
856.72	0.013
856.90	0.012
857.07	0.013
857.24	0.013
857.42	0.012
857.59	0.011
857.76	0.012
857.93	0.012
858.11	0.012
858.28	0.011
858.45	0.012
858.62	0.011
858.80	0.011
858.97	0.011
859.14	0.012
859.31	0.011
859.49	0.011
859.66	0.012
859.83	0.012
860.00	0.012
860.18	0.012
860.35	0.012
860.52	0.012
860.69	0.012
860.86	0.013
861.04	0.013
861.21	0.013
861.38	0.013
861.55	0.013
861.73	0.013
861.90	0.012
862.07	0.012
862.24	0.012
862.42	0.012
862.59	0.012
862.76	0.012
862.93	0.012
863.10	0.012
863.28	0.012
863.45	0.012
863.62	0.012
863.79	0.013
863.96	0.013
864.14	0.012
864.31	0.014
864.48	0.013
864.65	0.013
864.82	0.013
865.00	0.013
865.17	0.013
865.34	0.012
865.51	0.013
865.68	0.013
865.86	0.012
866.03	0.012
866.20	0.012
866.37	0.012
866.54	0.013
866.71	0.013
866.89	0.013
867.06	0.013
867.23	0.012
867.40	0.012
867.57	0.012
867.74	0.012
867.92	0.012
868.09	0.012
868.26	0.012
868.43	0.012
868.60	0.012
868.77	0.013
868.95	0.014
869.12	0.014
869.29	0.014
869.46	0.014
869.63	0.014
869.80	0.014
869.97	0.013
870.15	0.013
870.32	0.014
870.49	0.013
870.66	0.013
870.83	0.013
871.00	0.013
871.17	0.013
871.34	0.014
871.52	0.015
871.69	0.014
871.86	0.014
872.03	0.014
872.20	0.014
872.37	0.014
872.54	0.014
872.71	0.013
872.89	0.012
873.06	0.011
873.23	0.011
873.40	0.011
873.57	0.011
873.74	0.011
873.91	0.011
874.08	0.011
874.25	0.011
874.42	0.011
874.60	0.011
874.77	0.012
874.94	0.012
875.11	0.012
875.28	0.012
875.45	0.013
875.62	0.014
875.79	0.014
875.96	0.014
876.13	0.013
876.30	0.014
876.47	0.014
876.65	0.014
876.82	0.013
876.99	0.013
877.16	0.013
877.33	0.013
877.50	0.013
877.67	0.014
877.84	0.014
878.01	0.014
878.18	0.014
878.35	0.014
878.52	0.014
878.69	0.014
878.86	0.014
879.03	0.014
879.20	0.014
879.38	0.013
879.55	0.012
879.72	0.012
879.89	0.012
880.06	0.012
880.23	0.012
880.40	0.013
880.57	0.013
880.74	0.013
880.91	0.014
881.08	0.014
881.25	0.015
881.42	0.014
881.59	0.014
881.76	0.013
881.93	0.011
882.10	0.011
882.27	0.011
882.44	0.010
882.61	0.010
882.78	0.010
882.95	0.010
883.12	0.010
883.29	0.011
883.46	0.012
883.63	0.011
883.80	0.012
883.97	0.012
884.14	0.012
884.31	0.011
884.48	0.010
884.65	0.010
884.82	0.009
884.99	0.009
885.16	0.011
885.33	0.010
885.50	0.010
885.67	0.011
885.84	0.011
886.01	0.012
886.18	0.014
886.35	0.013
886.52	0.014
886.69	0.013
886.86	0.013
887.03	0.013
887.20	0.012
887.37	0.012
887.54	0.011
887.71	0.010
887.88	0.010
888.05	0.010
888.22	0.011
888.39	0.011
888.55	0.011
888.72	0.011
888.89	0.011
889.06	0.010
889.23	0.011
889.40	0.011
889.57	0.011
889.74	0.010
889.91	0.010
890.08	0.011
890.25	0.011
890.42	0.011
890.59	0.011
890.76	0.011
890.93	0.011
891.10	0.011
891.26	0.011
891.43	0.011
891.60	0.010
891.77	0.010
891.94	0.010
892.11	0.010
892.28	0.010
892.45	0.010
892.62	0.010
892.79	0.009
892.96	0.009
893.13	0.009
893.29	0.010
893.46	0.010
893.63	0.010
893.80	0.010
893.97	0.009
894.14	0.009
894.31	0.010
894.48	0.008
894.65	0.005
894.81	0.014
894.98	0.004
