177.34	-0.000
177.56	-0.000
177.78	-0.000
178.00	0.034
178.22	-0.000
178.44	0.455
178.66	0.137
178.89	0.005
179.11	0.132
179.33	-0.000
179.55	-0.000
179.77	-0.000
179.99	-0.000
180.21	-0.000
180.43	1.116
180.65	1.351
180.87	0.726
181.09	0.610
181.31	0.424
181.53	0.375
181.75	0.323
181.97	0.393
182.19	0.353
182.41	0.347
182.63	0.316
182.85	0.347
183.07	0.330
183.30	0.328
183.52	0.341
183.74	0.376
183.96	0.358
184.18	0.391
184.40	0.433
184.62	0.446
184.84	0.412
185.06	0.450
185.28	0.481
185.50	0.467
185.72	0.483
185.94	0.462
186.16	0.470
186.38	0.482
186.60	0.541
186.82	0.602
187.04	0.599
187.26	0.617
187.48	0.685
187.70	0.714
187.92	0.764
188.14	0.793
188.36	0.855
188.58	0.895
188.80	0.966
189.02	1.047
189.24	1.103
189.46	1.066
189.68	1.050
189.90	1.011
190.12	1.036
190.34	1.040
190.56	0.990
190.78	0.953
191.00	0.958
191.22	0.934
191.44	0.972
191.66	1.017
191.88	1.049
192.10	1.074
192.32	1.074
192.54	1.124
192.76	1.159
192.98	1.153
193.20	1.191
193.42	1.186
193.64	1.213
193.86	1.255
194.08	1.268
194.30	1.295
194.52	1.289
194.74	1.259
194.96	1.266
195.18	1.277
195.40	1.275
195.62	1.242
195.84	1.226
196.06	1.231
196.28	1.246
196.50	1.252
196.72	1.301
196.94	1.313
197.16	1.291
197.38	1.310
197.60	1.330
197.82	1.413
198.04	1.379
198.26	1.371
198.48	1.395
198.70	1.391
198.92	1.416
199.13	1.480
199.35	1.494
199.57	1.499
199.79	1.479
200.01	1.473
200.23	1.472
200.45	1.489
200.67	1.503
200.89	1.500
201.11	1.516
201.33	1.501
201.55	1.539
201.77	1.531
201.99	1.666
202.21	1.641
202.43	1.617
202.65	1.602
202.87	1.630
203.09	1.616
203.31	1.619
203.52	1.606
203.74	1.613
203.96	1.569
204.18	1.608
204.40	1.639
204.62	1.650
204.84	1.674
205.06	1.687
205.28	1.764
205.50	1.799
205.72	1.810
205.94	1.848
206.16	1.873
206.38	1.858
206.59	1.910
206.81	1.917
207.03	1.939
207.25	1.877
207.47	1.872
207.69	1.893
207.91	1.879
208.13	1.826
208.35	1.842
208.57	1.844
208.79	1.843
209.01	1.839
209.22	1.876
209.44	1.870
209.66	1.863
209.88	1.833
210.10	1.887
210.32	1.925
210.54	1.930
210.76	1.918
210.98	1.887
211.20	1.874
211.42	1.873
211.63	1.875
211.85	1.902
212.07	1.909
212.29	1.899
212.51	1.952
212.73	1.971
212.95	2.051
213.17	2.063
213.39	2.053
213.60	2.066
213.82	2.063
214.04	2.011
214.26	2.023
214.48	1.980
214.70	1.968
214.92	1.945
215.14	1.925
215.35	1.936
215.57	1.958
215.79	1.978
216.01	2.048
216.23	2.030
216.45	2.033
216.67	2.028
216.89	2.042
217.10	2.070
217.32	2.065
217.54	2.066
217.76	2.073
217.98	2.046
218.20	2.025
218.42	2.009
218.64	2.000
218.85	1.987
219.07	2.017
219.29	2.018
219.51	2.010
219.73	2.019
219.95	2.040
220.17	2.074
220.38	2.079
220.60	2.077
220.82	2.081
221.04	2.045
221.26	2.054
221.48	2.047
221.69	2.025
221.91	2.027
222.13	2.028
222.35	2.026
222.57	2.059
222.79	2.083
223.00	2.100
223.22	2.124
223.44	2.148
223.66	2.169
223.88	2.166
224.10	2.138
224.32	2.173
224.53	2.125
224.75	2.107
224.97	2.100
225.19	2.082
225.41	2.064
225.62	2.055
225.84	2.021
226.06	2.030
226.28	1.991
226.50	2.002
226.72	1.983
226.93	1.964
227.15	1.945
227.37	1.932
227.59	1.920
227.81	1.917
228.02	1.909
228.24	1.900
228.46	1.894
228.68	1.886
228.90	1.884
229.12	1.875
229.33	1.861
229.55	1.843
229.77	1.834
229.99	1.811
230.21	1.808
230.42	1.795
230.64	1.774
230.86	1.752
231.08	1.743
231.30	1.728
231.51	1.712
231.73	1.695
231.95	1.686
232.17	1.669
232.38	1.656
232.60	1.645
232.82	1.633
233.04	1.614
233.26	1.602
233.47	1.590
233.69	1.578
233.91	1.563
234.13	1.547
234.35	1.531
234.56	1.517
234.78	1.504
235.00	1.496
235.22	1.479
235.43	1.469
235.65	1.455
235.87	1.440
236.09	1.432
236.30	1.421
236.52	1.408
236.74	1.393
236.96	1.379
237.18	1.370
237.39	1.356
237.61	1.349
237.83	1.341
238.05	1.329
238.26	1.322
238.48	1.315
238.70	1.310
238.92	1.301
239.13	1.295
239.35	1.287
239.57	1.277
239.79	1.268
240.00	1.260
240.22	1.254
240.44	1.246
240.66	1.239
240.87	1.233
241.09	1.224
241.31	1.219
241.53	1.213
241.74	1.208
241.96	1.201
242.18	1.192
242.40	1.186
242.61	1.179
242.83	1.172
243.05	1.168
243.27	1.162
243.48	1.156
243.70	1.152
243.92	1.146
244.13	1.141
244.35	1.137
244.57	1.130
244.79	1.127
245.00	1.121
245.22	1.118
245.44	1.112
245.65	1.106
245.87	1.102
246.09	1.099
246.31	1.093
246.52	1.091
246.74	1.086
246.96	1.081
247.18	1.077
247.39	1.074
247.61	1.070
247.83	1.067
248.04	1.062
248.26	1.060
248.48	1.055
248.69	1.052
248.91	1.049
249.13	1.045
249.35	1.041
249.56	1.038
249.78	1.035
250.00	1.033
250.21	1.031
250.43	1.030
250.65	1.028
250.86	1.025
251.08	1.022
251.30	1.019
251.51	1.016
251.73	1.014
251.95	1.011
252.17	1.008
252.38	1.005
252.60	1.000
252.82	0.998
253.03	0.997
253.25	0.995
253.47	0.995
253.68	0.992
253.90	0.990
254.12	0.988
254.33	0.986
254.55	0.986
254.77	0.986
254.98	0.983
255.20	0.982
255.42	0.980
255.63	0.979
255.85	0.976
256.07	0.974
256.28	0.971
256.50	0.970
256.72	0.968
256.93	0.967
257.15	0.964
257.37	0.963
257.58	0.961
257.80	0.961
258.02	0.960
258.23	0.959
258.45	0.956
258.67	0.955
258.88	0.953
259.10	0.954
259.32	0.952
259.53	0.950
259.75	0.948
259.96	0.946
260.18	0.944
260.40	0.943
260.61	0.942
260.83	0.941
261.05	0.938
261.26	0.937
261.48	0.936
261.70	0.935
261.91	0.933
262.13	0.933
262.34	0.931
262.56	0.929
262.78	0.928
262.99	0.927
263.21	0.925
263.43	0.924
263.64	0.922
263.86	0.920
264.07	0.917
264.29	0.916
264.51	0.915
264.72	0.914
264.94	0.911
265.16	0.910
265.37	0.908
265.59	0.906
265.80	0.904
266.02	0.902
266.24	0.901
266.45	0.899
266.67	0.897
266.88	0.894
267.10	0.892
267.32	0.891
267.53	0.890
267.75	0.889
267.96	0.888
268.18	0.885
268.40	0.882
268.61	0.880
268.83	0.879
269.04	0.878
269.26	0.877
269.48	0.875
269.69	0.873
269.91	0.871
270.12	0.869
270.34	0.869
270.56	0.867
270.77	0.865
270.99	0.863
271.20	0.862
271.42	0.859
271.64	0.858
271.85	0.855
272.07	0.853
272.28	0.850
272.50	0.848
272.71	0.846
272.93	0.844
273.15	0.842
273.36	0.840
273.58	0.837
273.79	0.835
274.01	0.835
274.22	0.832
274.44	0.830
274.66	0.827
274.87	0.825
275.09	0.823
275.30	0.820
275.52	0.818
275.73	0.815
275.95	0.812
276.16	0.810
276.38	0.808
276.60	0.805
276.81	0.802
277.03	0.799
277.24	0.796
277.46	0.794
277.67	0.791
277.89	0.789
278.10	0.786
278.32	0.784
278.53	0.782
278.75	0.779
278.97	0.778
279.18	0.775
279.40	0.772
279.61	0.769
279.83	0.767
280.04	0.764
280.26	0.762
280.47	0.759
280.69	0.756
280.90	0.753
281.12	0.751
281.33	0.749
281.55	0.746
281.76	0.743
281.98	0.739
282.20	0.736
282.41	0.734
282.63	0.731
282.84	0.728
283.06	0.724
283.27	0.721
283.49	0.718
283.70	0.715
283.92	0.712
284.13	0.709
284.35	0.705
284.56	0.702
284.78	0.698
284.99	0.695
285.21	0.691
285.42	0.688
285.64	0.684
285.85	0.682
286.07	0.677
286.28	0.674
286.50	0.670
286.71	0.667
286.93	0.663
287.14	0.660
287.36	0.656
287.57	0.652
287.79	0.648
288.00	0.644
288.22	0.640
288.43	0.637
288.65	0.634
288.86	0.631
289.08	0.627
289.29	0.624
289.51	0.621
289.72	0.618
289.94	0.615
290.15	0.611
290.37	0.608
290.58	0.604
290.80	0.600
291.01	0.597
291.22	0.593
291.44	0.590
291.65	0.587
291.87	0.583
292.08	0.581
292.30	0.578
292.51	0.575
292.73	0.572
292.94	0.569
293.16	0.566
293.37	0.563
293.59	0.560
293.80	0.558
294.02	0.554
294.23	0.552
294.44	0.549
294.66	0.545
294.87	0.543
295.09	0.541
295.30	0.538
295.52	0.535
295.73	0.532
295.95	0.529
296.16	0.527
296.37	0.525
296.59	0.522
296.80	0.520
297.02	0.517
297.23	0.515
297.45	0.513
297.66	0.510
297.88	0.508
298.09	0.506
298.30	0.503
298.52	0.500
298.73	0.497
298.95	0.494
299.16	0.492
299.38	0.489
299.59	0.487
299.80	0.484
300.02	0.482
300.23	0.480
300.45	0.479
300.66	0.477
300.88	0.475
301.09	0.473
301.30	0.471
301.52	0.468
301.73	0.466
301.95	0.464
302.16	0.462
302.37	0.460
302.59	0.458
302.80	0.456
303.02	0.454
303.23	0.452
303.45	0.450
303.66	0.449
303.87	0.447
304.09	0.445
304.30	0.444
304.52	0.441
304.73	0.439
304.94	0.437
305.16	0.435
305.37	0.433
305.59	0.431
305.80	0.429
306.01	0.427
306.23	0.425
306.44	0.423
306.65	0.422
306.87	0.421
307.08	0.419
307.30	0.418
307.51	0.416
307.72	0.415
307.94	0.414
308.15	0.413
308.37	0.411
308.58	0.409
308.79	0.407
309.01	0.405
309.22	0.403
309.43	0.401
309.65	0.399
309.86	0.396
310.07	0.394
310.29	0.392
310.50	0.390
310.72	0.388
310.93	0.386
311.14	0.385
311.36	0.383
311.57	0.380
311.78	0.379
312.00	0.377
312.21	0.376
312.42	0.374
312.64	0.373
312.85	0.371
313.07	0.369
313.28	0.367
313.49	0.366
313.71	0.365
313.92	0.363
314.13	0.362
314.35	0.361
314.56	0.359
314.77	0.357
314.99	0.356
315.20	0.354
315.41	0.353
315.63	0.351
315.84	0.350
316.05	0.348
316.27	0.346
316.48	0.345
316.69	0.344
316.91	0.342
317.12	0.340
317.33	0.339
317.55	0.337
317.76	0.336
317.97	0.335
318.19	0.334
318.40	0.332
318.61	0.331
318.83	0.329
319.04	0.328
319.25	0.327
319.47	0.326
319.68	0.324
319.89	0.322
320.10	0.321
320.32	0.319
320.53	0.318
320.74	0.317
320.96	0.315
321.17	0.313
321.38	0.312
321.60	0.310
321.81	0.309
322.02	0.307
322.24	0.306
322.45	0.305
322.66	0.303
322.87	0.302
323.09	0.301
323.30	0.299
323.51	0.298
323.73	0.298
323.94	0.296
324.15	0.294
324.36	0.293
324.58	0.291
324.79	0.290
325.00	0.289
325.22	0.288
325.43	0.287
325.64	0.285
325.85	0.285
326.07	0.283
326.28	0.283
326.49	0.282
326.71	0.280
326.92	0.279
327.13	0.278
327.34	0.277
327.56	0.275
327.77	0.274
327.98	0.273
328.19	0.272
328.41	0.270
328.62	0.269
328.83	0.267
329.04	0.265
329.26	0.264
329.47	0.263
329.68	0.262
329.90	0.261
330.11	0.259
330.32	0.258
330.53	0.257
330.75	0.256
330.96	0.255
331.17	0.253
331.38	0.252
331.60	0.251
331.81	0.250
332.02	0.249
332.23	0.247
332.44	0.246
332.66	0.245
332.87	0.245
333.08	0.244
333.29	0.243
333.51	0.241
333.72	0.240
333.93	0.239
334.14	0.238
334.36	0.237
334.57	0.236
334.78	0.235
334.99	0.234
335.21	0.234
335.42	0.233
335.63	0.232
335.84	0.231
336.05	0.230
336.27	0.229
336.48	0.228
336.69	0.227
336.90	0.226
337.11	0.225
337.33	0.224
337.54	0.223
337.75	0.222
337.96	0.221
338.18	0.219
338.39	0.219
338.60	0.218
338.81	0.216
339.02	0.215
339.24	0.214
339.45	0.213
339.66	0.212
339.87	0.211
340.08	0.211
340.30	0.209
340.51	0.208
340.72	0.207
340.93	0.206
341.14	0.206
341.36	0.205
341.57	0.204
341.78	0.203
341.99	0.202
342.20	0.201
342.41	0.200
342.63	0.200
342.84	0.199
343.05	0.198
343.26	0.197
343.47	0.197
343.69	0.196
343.90	0.195
344.11	0.195
344.32	0.195
344.53	0.193
344.74	0.193
344.96	0.191
345.17	0.191
345.38	0.190
345.59	0.189
345.80	0.188
346.01	0.186
346.23	0.185
346.44	0.184
346.65	0.184
346.86	0.183
347.07	0.182
347.28	0.180
347.50	0.180
347.71	0.179
347.92	0.178
348.13	0.178
348.34	0.177
348.55	0.175
348.76	0.174
348.98	0.173
349.19	0.172
349.40	0.172
349.61	0.171
349.82	0.170
350.03	0.170
350.24	0.170
350.46	0.169
350.67	0.169
350.88	0.169
351.09	0.167
351.30	0.167
351.51	0.165
351.72	0.164
351.93	0.163
352.15	0.162
352.36	0.161
352.57	0.160
352.78	0.158
352.99	0.158
353.20	0.157
353.41	0.157
353.62	0.156
353.84	0.156
354.05	0.155
354.26	0.154
354.47	0.154
354.68	0.154
354.89	0.154
355.10	0.153
355.31	0.152
355.52	0.152
355.74	0.151
355.95	0.150
356.16	0.150
356.37	0.149
356.58	0.148
356.79	0.147
357.00	0.146
357.21	0.145
357.42	0.144
357.63	0.143
357.85	0.143
358.06	0.142
358.27	0.142
358.48	0.141
358.69	0.140
358.90	0.139
359.11	0.138
359.32	0.138
359.53	0.137
359.74	0.136
359.95	0.135
360.17	0.134
360.38	0.133
360.59	0.132
360.80	0.131
361.01	0.131
361.22	0.130
361.43	0.129
361.64	0.129
361.85	0.128
362.06	0.128
362.27	0.128
362.48	0.127
362.69	0.128
362.90	0.127
363.12	0.126
363.33	0.126
363.54	0.125
363.75	0.124
363.96	0.124
364.17	0.123
364.38	0.122
364.59	0.121
364.80	0.121
365.01	0.120
365.22	0.120
365.43	0.120
365.64	0.119
365.85	0.118
366.06	0.118
366.27	0.117
366.48	0.117
366.69	0.116
366.90	0.115
367.11	0.115
367.32	0.114
367.54	0.114
367.75	0.113
367.96	0.113
368.17	0.112
368.38	0.112
368.59	0.111
368.80	0.110
369.01	0.109
369.22	0.108
369.43	0.107
369.64	0.107
369.85	0.106
370.06	0.106
370.27	0.105
370.48	0.105
370.69	0.105
370.90	0.104
371.11	0.103
371.32	0.103
371.53	0.102
371.74	0.102
371.95	0.102
372.16	0.102
372.37	0.101
372.58	0.100
372.79	0.100
373.00	0.100
373.21	0.099
373.42	0.098
373.63	0.097
373.84	0.097
374.05	0.096
374.26	0.095
374.47	0.096
374.68	0.095
374.89	0.095
375.10	0.094
375.31	0.094
375.52	0.093
375.73	0.093
375.94	0.093
376.15	0.092
376.36	0.092
376.57	0.091
376.78	0.090
376.99	0.090
377.20	0.090
377.41	0.090
377.62	0.089
377.83	0.089
378.04	0.088
378.25	0.088
378.46	0.087
378.67	0.086
378.88	0.086
379.09	0.086
379.30	0.085
379.51	0.084
379.72	0.083
379.92	0.083
380.13	0.082
380.34	0.082
380.55	0.082
380.76	0.081
380.97	0.081
381.18	0.081
381.39	0.080
381.60	0.079
381.81	0.079
382.02	0.079
382.23	0.078
382.44	0.077
382.65	0.077
382.86	0.076
383.07	0.076
383.28	0.075
383.49	0.075
383.70	0.074
383.91	0.074
384.11	0.073
384.32	0.073
384.53	0.072
384.74	0.072
384.95	0.072
385.16	0.072
385.37	0.071
385.58	0.071
385.79	0.070
386.00	0.070
386.21	0.070
386.42	0.070
386.63	0.071
386.84	0.070
387.04	0.070
387.25	0.070
387.46	0.070
387.67	0.070
387.88	0.070
388.09	0.069
388.30	0.069
388.51	0.068
388.72	0.068
388.93	0.068
389.14	0.068
389.34	0.067
389.55	0.066
389.76	0.066
389.97	0.065
390.18	0.066
390.39	0.065
390.60	0.065
390.81	0.065
391.02	0.064
391.23	0.064
391.43	0.065
391.64	0.065
391.85	0.065
392.06	0.063
392.27	0.063
392.48	0.063
392.69	0.062
392.90	0.062
393.11	0.061
393.31	0.061
393.52	0.060
393.73	0.059
393.94	0.060
394.15	0.060
394.36	0.060
394.57	0.059
394.78	0.060
394.98	0.059
395.19	0.059
395.40	0.059
395.61	0.059
395.82	0.058
396.03	0.058
396.24	0.058
396.44	0.058
396.65	0.057
396.86	0.057
397.07	0.057
397.28	0.057
397.49	0.057
397.70	0.057
397.90	0.056
398.11	0.055
398.32	0.054
398.53	0.054
398.74	0.054
398.95	0.053
399.16	0.053
399.36	0.052
399.57	0.052
399.78	0.052
399.99	0.052
400.20	0.052
400.41	0.052
400.61	0.052
400.82	0.052
401.03	0.052
401.24	0.051
401.45	0.051
401.66	0.051
401.86	0.050
402.07	0.050
402.28	0.050
402.49	0.049
402.70	0.049
402.91	0.048
403.11	0.048
403.32	0.048
403.53	0.048
403.74	0.049
403.95	0.049
404.15	0.049
404.36	0.049
404.57	0.050
404.78	0.050
404.99	0.050
405.20	0.049
405.40	0.049
405.61	0.049
405.82	0.049
406.03	0.048
406.24	0.047
406.44	0.047
406.65	0.047
406.86	0.046
407.07	0.046
407.28	0.046
407.48	0.046
407.69	0.045
407.90	0.045
408.11	0.045
408.32	0.044
408.52	0.044
408.73	0.044
408.94	0.044
409.15	0.044
409.35	0.044
409.56	0.043
409.77	0.043
409.98	0.043
410.19	0.044
410.39	0.043
410.60	0.043
410.81	0.043
411.02	0.042
411.22	0.042
411.43	0.042
411.64	0.042
411.85	0.042
412.05	0.042
412.26	0.041
412.47	0.041
412.68	0.041
412.89	0.041
413.09	0.041
413.30	0.040
413.51	0.040
413.72	0.040
413.92	0.040
414.13	0.040
414.34	0.040
414.55	0.039
414.75	0.039
414.96	0.039
415.17	0.039
415.38	0.039
415.58	0.040
415.79	0.040
416.00	0.040
416.21	0.039
416.41	0.039
416.62	0.039
416.83	0.039
417.03	0.039
417.24	0.039
417.45	0.038
417.66	0.038
417.86	0.038
418.07	0.038
418.28	0.039
418.49	0.038
418.69	0.038
418.90	0.037
419.11	0.038
419.31	0.038
419.52	0.038
419.73	0.038
419.94	0.038
420.14	0.038
420.35	0.037
420.56	0.037
420.76	0.038
420.97	0.037
421.18	0.037
421.39	0.037
421.59	0.036
421.80	0.036
422.01	0.036
422.21	0.036
422.42	0.036
422.63	0.035
422.84	0.035
423.04	0.035
423.25	0.035
423.46	0.035
423.66	0.035
423.87	0.035
424.08	0.036
424.28	0.035
424.49	0.035
424.70	0.034
424.90	0.034
425.11	0.034
425.32	0.033
425.52	0.033
425.73	0.033
425.94	0.033
426.15	0.033
426.35	0.034
426.56	0.034
426.77	0.033
426.97	0.034
427.18	0.034
427.39	0.033
427.59	0.032
427.80	0.032
428.01	0.031
428.21	0.031
428.42	0.031
428.63	0.030
428.83	0.031
429.04	0.030
429.25	0.031
429.45	0.031
429.66	0.030
429.87	0.030
430.07	0.031
430.28	0.030
430.48	0.031
430.69	0.030
430.90	0.030
431.10	0.030
431.31	0.030
431.52	0.030
431.72	0.030
431.93	0.030
432.14	0.030
432.34	0.030
432.55	0.029
432.76	0.029
432.96	0.029
433.17	0.029
433.37	0.029
433.58	0.029
433.79	0.028
433.99	0.028
434.20	0.028
434.41	0.028
434.61	0.029
434.82	0.029
435.02	0.029
435.23	0.030
435.44	0.030
435.64	0.030
435.85	0.030
436.06	0.030
436.26	0.031
436.47	0.030
436.67	0.030
436.88	0.030
437.09	0.028
437.29	0.028
437.50	0.028
437.70	0.028
437.91	0.028
438.12	0.027
438.32	0.027
438.53	0.027
438.73	0.026
438.94	0.027
439.15	0.027
439.35	0.026
439.56	0.026
439.76	0.026
439.97	0.027
440.18	0.027
440.38	0.027
440.59	0.027
440.79	0.027
441.00	0.027
441.20	0.027
441.41	0.027
441.62	0.027
441.82	0.027
442.03	0.027
442.23	0.027
442.44	0.026
442.65	0.027
442.85	0.027
443.06	0.027
443.26	0.027
443.47	0.026
443.67	0.025
443.88	0.026
444.09	0.026
444.29	0.026
444.50	0.025
444.70	0.026
444.91	0.025
445.11	0.026
445.32	0.027
445.52	0.026
445.73	0.026
445.94	0.025
446.14	0.025
446.35	0.025
446.55	0.024
446.76	0.023
446.96	0.023
447.17	0.023
447.37	0.023
447.58	0.023
447.78	0.023
447.99	0.023
448.20	0.024
448.40	0.024
448.61	0.024
448.81	0.024
449.02	0.024
449.22	0.024
449.43	0.024
449.63	0.025
449.84	0.025
450.04	0.024
450.25	0.024
450.45	0.024
450.66	0.024
450.86	0.024
451.07	0.024
451.27	0.023
451.48	0.023
451.68	0.022
451.89	0.023
452.09	0.023
452.30	0.022
452.50	0.023
452.71	0.023
452.91	0.023
453.12	0.024
453.33	0.023
453.53	0.023
453.74	0.023
453.94	0.023
454.15	0.022
454.35	0.022
454.56	0.022
454.76	0.021
454.96	0.021
455.17	0.021
455.37	0.022
455.58	0.022
455.78	0.022
455.99	0.022
456.19	0.022
456.40	0.022
456.60	0.023
456.81	0.023
457.01	0.023
457.22	0.022
457.42	0.022
457.63	0.022
457.83	0.022
458.04	0.022
458.24	0.022
458.45	0.021
458.65	0.021
458.86	0.021
459.06	0.021
459.27	0.021
459.47	0.022
459.67	0.021
459.88	0.022
460.08	0.021
460.29	0.021
460.49	0.021
460.70	0.021
460.90	0.021
461.11	0.021
461.31	0.021
461.52	0.021
461.72	0.021
461.92	0.021
462.13	0.022
462.33	0.021
462.54	0.022
462.74	0.022
462.95	0.021
463.15	0.021
463.36	0.021
463.56	0.021
463.76	0.021
463.97	0.022
464.17	0.022
464.38	0.022
464.58	0.022
464.79	0.022
464.99	0.021
465.19	0.021
465.40	0.021
465.60	0.021
465.81	0.020
466.01	0.020
466.22	0.020
466.42	0.020
466.62	0.020
466.83	0.021
467.03	0.021
467.24	0.021
467.44	0.021
467.65	0.021
467.85	0.021
468.05	0.021
468.26	0.021
468.46	0.021
468.67	0.021
468.87	0.020
469.07	0.020
469.28	0.020
469.48	0.020
469.69	0.020
469.89	0.020
470.09	0.020
470.30	0.019
470.50	0.019
470.71	0.019
470.91	0.020
471.11	0.020
471.32	0.019
471.52	0.019
471.72	0.020
471.93	0.019
472.13	0.020
472.34	0.019
472.54	0.019
472.74	0.019
472.95	0.019
473.15	0.018
473.35	0.018
473.56	0.017
473.76	0.018
473.97	0.017
474.17	0.018
474.37	0.018
474.58	0.018
474.78	0.018
474.98	0.018
475.19	0.018
475.39	0.018
475.60	0.017
475.80	0.017
476.00	0.017
476.21	0.017
476.41	0.017
476.61	0.017
476.82	0.017
477.02	0.017
477.22	0.018
477.43	0.018
477.63	0.018
477.83	0.019
478.04	0.019
478.24	0.019
478.44	0.019
478.65	0.019
478.85	0.020
479.05	0.020
479.26	0.020
479.46	0.019
479.66	0.018
479.87	0.018
480.07	0.018
480.27	0.017
480.48	0.016
480.68	0.016
480.88	0.016
481.09	0.016
481.29	0.016
481.49	0.017
481.70	0.016
481.90	0.017
482.10	0.017
482.31	0.017
482.51	0.017
482.71	0.017
482.92	0.017
483.12	0.017
483.32	0.016
483.52	0.016
483.73	0.016
483.93	0.016
484.13	0.016
484.34	0.016
484.54	0.016
484.74	0.016
484.95	0.016
485.15	0.017
485.35	0.017
485.55	0.017
485.76	0.017
485.96	0.017
486.16	0.016
486.37	0.016
486.57	0.017
486.77	0.017
486.97	0.017
487.18	0.017
487.38	0.016
487.58	0.016
487.79	0.017
487.99	0.017
488.19	0.017
488.39	0.016
488.60	0.016
488.80	0.016
489.00	0.016
489.20	0.017
489.41	0.017
489.61	0.017
489.81	0.017
490.02	0.016
490.22	0.016
490.42	0.016
490.62	0.016
490.83	0.016
491.03	0.016
491.23	0.016
491.43	0.016
491.64	0.016
491.84	0.016
492.04	0.016
492.24	0.016
492.45	0.017
492.65	0.017
492.85	0.017
493.05	0.017
493.26	0.017
493.46	0.017
493.66	0.017
493.86	0.017
494.07	0.017
494.27	0.017
494.47	0.017
494.67	0.016
494.87	0.016
495.08	0.015
495.28	0.015
495.48	0.015
495.68	0.014
495.89	0.014
496.09	0.015
496.29	0.014
496.49	0.014
496.69	0.014
496.90	0.015
497.10	0.015
497.30	0.016
497.50	0.016
497.71	0.016
497.91	0.016
498.11	0.016
498.31	0.016
498.51	0.016
498.72	0.016
498.92	0.015
499.12	0.015
499.32	0.015
499.52	0.015
499.73	0.015
499.93	0.015
500.13	0.015
500.33	0.015
500.53	0.015
500.74	0.015
500.94	0.016
501.14	0.017
501.34	0.016
501.54	0.016
501.74	0.016
501.95	0.016
502.15	0.016
502.35	0.016
502.55	0.016
502.75	0.016
502.96	0.015
503.16	0.015
503.36	0.015
503.56	0.014
503.76	0.014
503.96	0.013
504.17	0.013
504.37	0.013
504.57	0.013
504.77	0.013
504.97	0.013
505.17	0.013
505.38	0.014
505.58	0.014
505.78	0.014
505.98	0.014
506.18	0.014
506.38	0.014
506.58	0.014
506.79	0.014
506.99	0.014
507.19	0.014
507.39	0.014
507.59	0.014
507.79	0.013
507.99	0.014
508.20	0.013
508.40	0.013
508.60	0.013
508.80	0.013
509.00	0.013
509.20	0.013
509.40	0.013
509.61	0.014
509.81	0.013
510.01	0.014
510.21	0.014
510.41	0.014
510.61	0.015
510.81	0.015
511.01	0.015
511.22	0.015
511.42	0.015
511.62	0.015
511.82	0.016
512.02	0.016
512.22	0.015
512.42	0.015
512.62	0.014
512.82	0.014
513.03	0.014
513.23	0.013
513.43	0.013
513.63	0.012
513.83	0.011
514.03	0.011
514.23	0.012
514.43	0.012
514.63	0.012
514.83	0.012
515.04	0.012
515.24	0.012
515.44	0.012
515.64	0.012
515.84	0.013
516.04	0.013
516.24	0.013
516.44	0.013
516.64	0.013
516.84	0.013
517.04	0.013
517.24	0.013
517.45	0.014
517.65	0.013
517.85	0.013
518.05	0.013
518.25	0.012
518.45	0.012
518.65	0.012
518.85	0.012
519.05	0.012
519.25	0.012
519.45	0.013
519.65	0.013
519.85	0.013
520.05	0.013
520.25	0.014
520.46	0.014
520.66	0.014
520.86	0.013
521.06	0.013
521.26	0.013
521.46	0.013
521.66	0.014
521.86	0.014
522.06	0.013
522.26	0.014
522.46	0.014
522.66	0.014
522.86	0.015
523.06	0.015
523.26	0.014
523.46	0.014
523.66	0.014
523.86	0.013
524.06	0.013
524.26	0.013
524.46	0.012
524.66	0.012
524.86	0.012
525.06	0.012
525.26	0.012
525.46	0.012
525.66	0.012
525.87	0.012
526.07	0.012
526.27	0.012
526.47	0.013
526.67	0.013
526.87	0.013
527.07	0.012
527.27	0.012
527.47	0.012
527.67	0.012
527.87	0.012
528.07	0.012
528.27	0.011
528.47	0.011
528.67	0.011
528.87	0.012
529.07	0.011
529.27	0.012
529.47	0.012
529.67	0.012
529.87	0.012
530.07	0.012
530.27	0.012
530.47	0.012
530.67	0.012
530.87	0.012
531.06	0.012
531.26	0.012
531.46	0.013
531.66	0.013
531.86	0.013
532.06	0.013
532.26	0.013
532.46	0.012
532.66	0.013
532.86	0.013
533.06	0.013
533.26	0.012
533.46	0.012
533.66	0.012
533.86	0.012
534.06	0.013
534.26	0.013
534.46	0.013
534.66	0.013
534.86	0.013
535.06	0.013
535.26	0.013
535.46	0.013
535.66	0.013
535.86	0.012
536.06	0.012
536.26	0.012
536.45	0.012
536.65	0.013
536.85	0.012
537.05	0.012
537.25	0.012
537.45	0.012
537.65	0.012
537.85	0.012
538.05	0.012
538.25	0.011
538.45	0.010
538.65	0.010
538.85	0.010
539.05	0.010
539.25	0.010
539.44	0.011
539.64	0.011
539.84	0.011
540.04	0.012
540.24	0.012
540.44	0.012
540.64	0.012
540.84	0.013
541.04	0.012
541.24	0.012
541.44	0.012
541.64	0.012
541.83	0.012
542.03	0.012
542.23	0.012
542.43	0.012
542.63	0.011
542.83	0.011
543.03	0.012
543.23	0.012
543.43	0.011
543.63	0.011
543.82	0.011
544.02	0.011
544.22	0.011
544.42	0.011
544.62	0.011
544.82	0.011
545.02	0.011
545.22	0.011
545.42	0.011
545.61	0.012
545.81	0.012
546.01	0.012
546.21	0.012
546.41	0.012
546.61	0.012
546.81	0.012
547.01	0.012
547.20	0.011
547.40	0.011
547.60	0.011
547.80	0.012
548.00	0.012
548.20	0.012
548.40	0.013
548.59	0.012
548.79	0.012
548.99	0.012
549.19	0.012
549.39	0.012
549.59	0.012
549.79	0.011
549.98	0.011
550.18	0.010
550.38	0.011
550.58	0.011
550.78	0.011
550.98	0.011
551.17	0.010
551.37	0.010
551.57	0.010
551.77	0.011
551.97	0.011
552.17	0.011
552.36	0.010
552.56	0.011
552.76	0.010
552.96	0.011
553.16	0.011
553.36	0.011
553.55	0.011
553.75	0.011
553.95	0.010
554.15	0.011
554.35	0.011
554.55	0.011
554.74	0.011
554.94	0.011
555.14	0.010
555.34	0.010
555.54	0.010
555.73	0.011
555.93	0.011
556.13	0.011
556.33	0.011
556.53	0.011
556.72	0.011
556.92	0.011
557.12	0.011
557.32	0.011
557.52	0.011
557.71	0.010
557.91	0.010
558.11	0.010
558.31	0.011
558.51	0.010
558.70	0.011
558.90	0.011
559.10	0.011
559.30	0.011
559.49	0.011
559.69	0.010
559.89	0.010
560.09	0.010
560.29	0.011
560.48	0.010
560.68	0.010
560.88	0.010
561.08	0.010
561.27	0.010
561.47	0.010
561.67	0.011
561.87	0.010
562.06	0.010
562.26	0.011
562.46	0.010
562.66	0.010
562.86	0.010
563.05	0.010
563.25	0.010
563.45	0.010
563.65	0.010
563.84	0.011
564.04	0.010
564.24	0.011
564.44	0.011
564.63	0.012
564.83	0.011
565.03	0.012
565.22	0.011
565.42	0.011
565.62	0.011
565.82	0.011
566.01	0.011
566.21	0.010
566.41	0.010
566.61	0.011
566.80	0.010
567.00	0.010
567.20	0.010
567.40	0.010
567.59	0.010
567.79	0.010
567.99	0.010
568.18	0.010
568.38	0.010
568.58	0.010
568.78	0.011
568.97	0.011
569.17	0.011
569.37	0.011
569.56	0.011
569.76	0.011
569.96	0.010
570.16	0.010
570.35	0.010
570.55	0.010
570.75	0.010
570.94	0.009
571.14	0.009
571.34	0.009
571.53	0.009
571.73	0.009
571.93	0.010
572.12	0.010
572.32	0.010
572.52	0.010
572.72	0.010
572.91	0.010
573.11	0.011
573.31	0.010
573.50	0.010
573.70	0.010
573.90	0.010
574.09	0.009
574.29	0.009
574.49	0.009
574.68	0.009
574.88	0.010
575.08	0.010
575.27	0.010
575.47	0.009
575.67	0.009
575.86	0.010
576.06	0.010
576.26	0.010
576.45	0.009
576.65	0.009
576.85	0.009
577.04	0.009
577.24	0.009
577.44	0.009
577.63	0.008
577.83	0.009
578.02	0.009
578.22	0.009
578.42	0.009
578.61	0.010
578.81	0.010
579.01	0.010
579.20	0.010
579.40	0.011
579.60	0.011
579.79	0.011
579.99	0.011
580.19	0.011
580.38	0.011
580.58	0.010
580.77	0.010
580.97	0.009
581.17	0.009
581.36	0.008
581.56	0.007
581.75	0.008
581.95	0.008
582.15	0.008
582.34	0.008
582.54	0.009
582.74	0.010
582.93	0.010
583.13	0.010
583.32	0.010
583.52	0.010
583.72	0.010
583.91	0.010
584.11	0.010
584.30	0.009
584.50	0.009
584.70	0.009
584.89	0.009
585.09	0.009
585.28	0.009
585.48	0.009
585.68	0.009
585.87	0.009
586.07	0.009
586.26	0.009
586.46	0.009
586.66	0.009
586.85	0.009
587.05	0.008
587.24	0.009
587.44	0.009
587.63	0.009
587.83	0.009
588.03	0.009
588.22	0.009
588.42	0.009
588.61	0.009
588.81	0.009
589.00	0.009
589.20	0.009
589.40	0.009
589.59	0.009
589.79	0.009
589.98	0.009
590.18	0.008
590.37	0.008
590.57	0.009
590.76	0.009
590.96	0.009
591.16	0.009
591.35	0.010
591.55	0.010
591.74	0.010
591.94	0.010
592.13	0.010
592.33	0.010
592.52	0.010
592.72	0.009
592.91	0.009
593.11	0.009
593.30	0.009
593.50	0.009
593.70	0.009
593.89	0.009
594.09	0.009
594.28	0.009
594.48	0.009
594.67	0.009
594.87	0.009
595.06	0.009
595.26	0.009
595.45	0.009
595.65	0.009
595.84	0.009
596.04	0.010
596.23	0.010
596.43	0.010
596.62	0.009
596.82	0.009
597.01	0.009
597.21	0.009
597.40	0.009
597.60	0.008
597.79	0.008
597.99	0.008
598.18	0.008
598.38	0.008
598.57	0.008
598.77	0.008
598.96	0.009
599.16	0.009
599.35	0.008
599.55	0.008
599.74	0.008
599.94	0.009
600.13	0.009
600.33	0.009
600.52	0.009
600.72	0.009
600.91	0.009
601.11	0.009
601.30	0.010
601.50	0.010
601.69	0.009
601.89	0.009
602.08	0.009
602.27	0.009
602.47	0.008
602.66	0.008
602.86	0.008
603.05	0.008
603.25	0.009
603.44	0.009
603.64	0.009
603.83	0.009
604.03	0.009
604.22	0.009
604.41	0.009
604.61	0.009
604.80	0.009
605.00	0.008
605.19	0.008
605.39	0.008
605.58	0.008
605.78	0.008
605.97	0.008
606.16	0.008
606.36	0.007
606.55	0.007
606.75	0.007
606.94	0.007
607.14	0.007
607.33	0.008
607.52	0.008
607.72	0.008
607.91	0.008
608.11	0.008
608.30	0.009
608.50	0.008
608.69	0.009
608.88	0.009
609.08	0.009
609.27	0.009
609.47	0.008
609.66	0.009
609.85	0.009
610.05	0.009
610.24	0.009
610.44	0.009
610.63	0.009
610.83	0.009
611.02	0.009
611.21	0.009
611.41	0.009
611.60	0.009
611.80	0.008
611.99	0.008
612.18	0.009
612.38	0.008
612.57	0.008
612.76	0.008
612.96	0.007
613.15	0.007
613.35	0.008
613.54	0.008
613.73	0.008
613.93	0.008
614.12	0.007
614.32	0.008
614.51	0.008
614.70	0.008
614.90	0.008
615.09	0.008
615.28	0.008
615.48	0.008
615.67	0.008
615.86	0.008
616.06	0.008
616.25	0.008
616.45	0.008
616.64	0.008
616.83	0.008
617.03	0.008
617.22	0.008
617.41	0.007
617.61	0.007
617.80	0.007
617.99	0.007
618.19	0.007
618.38	0.008
618.57	0.008
618.77	0.008
618.96	0.008
619.15	0.009
619.35	0.009
619.54	0.009
619.73	0.009
619.93	0.009
620.12	0.009
620.31	0.009
620.51	0.008
620.70	0.008
620.89	0.008
621.09	0.008
621.28	0.008
621.47	0.008
621.67	0.008
621.86	0.008
622.05	0.007
622.25	0.008
622.44	0.008
622.63	0.008
622.83	0.008
623.02	0.008
623.21	0.008
623.41	0.008
623.60	0.008
623.79	0.008
623.98	0.008
624.18	0.008
624.37	0.008
624.56	0.008
624.76	0.008
624.95	0.008
625.14	0.008
625.33	0.008
625.53	0.008
625.72	0.009
625.91	0.009
626.11	0.009
626.30	0.009
626.49	0.008
626.68	0.008
626.88	0.008
627.07	0.008
627.26	0.008
627.46	0.008
627.65	0.008
627.84	0.008
628.03	0.008
628.23	0.008
628.42	0.008
628.61	0.008
628.80	0.008
629.00	0.008
629.19	0.008
629.38	0.008
629.58	0.008
629.77	0.008
629.96	0.008
630.15	0.008
630.35	0.009
630.54	0.008
630.73	0.009
630.92	0.008
631.12	0.009
631.31	0.008
631.50	0.008
631.69	0.008
631.89	0.008
632.08	0.007
632.27	0.007
632.46	0.007
632.65	0.007
632.85	0.007
633.04	0.007
633.23	0.008
633.42	0.008
633.62	0.008
633.81	0.008
634.00	0.008
634.19	0.008
634.39	0.008
634.58	0.008
634.77	0.008
634.96	0.008
635.15	0.008
635.35	0.008
635.54	0.008
635.73	0.008
635.92	0.008
636.11	0.008
636.31	0.008
636.50	0.008
636.69	0.007
636.88	0.007
637.07	0.007
637.27	0.007
637.46	0.008
637.65	0.008
637.84	0.008
638.03	0.008
638.23	0.008
638.42	0.008
638.61	0.008
638.80	0.008
638.99	0.008
639.19	0.008
639.38	0.008
639.57	0.008
639.76	0.008
639.95	0.007
640.14	0.007
640.34	0.007
640.53	0.007
640.72	0.007
640.91	0.007
641.10	0.007
641.30	0.007
641.49	0.007
641.68	0.008
641.87	0.007
642.06	0.007
642.25	0.007
642.44	0.008
642.64	0.008
642.83	0.007
643.02	0.007
643.21	0.007
643.40	0.006
643.59	0.007
643.79	0.007
643.98	0.007
644.17	0.007
644.36	0.007
644.55	0.007
644.74	0.007
644.93	0.007
645.13	0.007
645.32	0.007
645.51	0.007
645.70	0.007
645.89	0.007
646.08	0.007
646.27	0.007
646.46	0.008
646.66	0.008
646.85	0.008
647.04	0.008
647.23	0.008
647.42	0.008
647.61	0.008
647.80	0.007
647.99	0.007
648.19	0.007
648.38	0.007
648.57	0.008
648.76	0.007
648.95	0.007
649.14	0.007
649.33	0.007
649.52	0.007
649.71	0.007
649.91	0.007
650.10	0.007
650.29	0.007
650.48	0.007
650.67	0.007
650.86	0.007
651.05	0.007
651.24	0.008
651.43	0.008
651.62	0.008
651.81	0.008
652.01	0.007
652.20	0.007
652.39	0.008
652.58	0.008
652.77	0.008
652.96	0.007
653.15	0.007
653.34	0.007
653.53	0.008
653.72	0.008
653.91	0.008
654.10	0.009
654.29	0.008
654.48	0.008
654.68	0.008
654.87	0.008
655.06	0.007
655.25	0.007
655.44	0.006
655.63	0.006
655.82	0.006
656.01	0.006
656.20	0.006
656.39	0.006
656.58	0.006
656.77	0.007
656.96	0.008
657.15	0.008
657.34	0.008
657.53	0.008
657.72	0.008
657.91	0.008
658.10	0.008
658.29	0.008
658.48	0.008
658.68	0.008
658.87	0.008
659.06	0.008
659.25	0.008
659.44	0.008
659.63	0.008
659.82	0.009
660.01	0.008
660.20	0.008
660.39	0.008
660.58	0.008
660.77	0.008
660.96	0.008
661.15	0.007
661.34	0.007
661.53	0.007
661.72	0.007
661.91	0.008
662.10	0.007
662.29	0.008
662.48	0.007
662.67	0.008
662.86	0.008
663.05	0.008
663.24	0.008
663.43	0.008
663.62	0.007
663.81	0.007
664.00	0.007
664.19	0.007
664.38	0.007
664.57	0.007
664.76	0.007
664.95	0.007
665.14	0.007
665.33	0.007
665.52	0.007
665.71	0.007
665.90	0.007
666.09	0.008
666.28	0.008
666.46	0.007
666.65	0.008
666.84	0.008
667.03	0.008
667.22	0.008
667.41	0.008
667.60	0.008
667.79	0.008
667.98	0.008
668.17	0.008
668.36	0.007
668.55	0.008
668.74	0.008
668.93	0.008
669.12	0.008
669.31	0.007
669.50	0.007
669.69	0.007
669.88	0.007
670.07	0.007
670.26	0.007
670.44	0.007
670.63	0.007
670.82	0.008
671.01	0.008
671.20	0.007
671.39	0.007
671.58	0.007
671.77	0.007
671.96	0.008
672.15	0.007
672.34	0.007
672.53	0.007
672.72	0.007
672.91	0.008
673.09	0.008
673.28	0.008
673.47	0.008
673.66	0.008
673.85	0.008
674.04	0.007
674.23	0.008
674.42	0.008
674.61	0.007
674.80	0.007
674.98	0.007
675.17	0.007
675.36	0.008
675.55	0.007
675.74	0.007
675.93	0.008
676.12	0.007
676.31	0.008
676.50	0.008
676.69	0.008
676.87	0.008
677.06	0.007
677.25	0.008
677.44	0.008
677.63	0.007
677.82	0.007
678.01	0.007
678.20	0.007
678.38	0.007
678.57	0.007
678.76	0.007
678.95	0.007
679.14	0.007
679.33	0.007
679.52	0.007
679.71	0.007
679.89	0.007
680.08	0.006
680.27	0.006
680.46	0.007
680.65	0.007
680.84	0.007
681.02	0.007
681.21	0.007
681.40	0.007
681.59	0.007
681.78	0.007
681.97	0.007
682.16	0.007
682.34	0.007
682.53	0.007
682.72	0.007
682.91	0.007
683.10	0.007
683.29	0.007
683.47	0.007
683.66	0.007
683.85	0.007
684.04	0.008
684.23	0.008
684.42	0.008
684.60	0.007
684.79	0.008
684.98	0.007
685.17	0.007
685.36	0.007
685.54	0.006
685.73	0.006
685.92	0.006
686.11	0.006
686.30	0.006
686.49	0.006
686.67	0.006
686.86	0.007
687.05	0.007
687.24	0.007
687.43	0.007
687.61	0.007
687.80	0.007
687.99	0.007
688.18	0.008
688.36	0.007
688.55	0.008
688.74	0.008
688.93	0.008
689.12	0.007
689.30	0.008
689.49	0.008
689.68	0.008
689.87	0.008
690.06	0.008
690.24	0.007
690.43	0.007
690.62	0.007
690.81	0.008
690.99	0.007
691.18	0.007
691.37	0.007
691.56	0.006
691.74	0.006
691.93	0.006
692.12	0.006
692.31	0.006
692.50	0.006
692.68	0.006
692.87	0.006
693.06	0.007
693.25	0.007
693.43	0.007
693.62	0.007
693.81	0.008
694.00	0.007
694.18	0.007
694.37	0.007
694.56	0.007
694.74	0.006
694.93	0.006
695.12	0.006
695.31	0.007
695.49	0.007
695.68	0.006
695.87	0.007
696.06	0.007
696.24	0.007
696.43	0.007
696.62	0.007
696.80	0.007
696.99	0.006
697.18	0.006
697.37	0.006
697.55	0.006
697.74	0.006
697.93	0.006
698.12	0.006
698.30	0.006
698.49	0.007
698.68	0.007
698.86	0.007
699.05	0.007
699.24	0.007
699.42	0.007
699.61	0.007
699.80	0.007
699.99	0.007
700.17	0.007
700.36	0.007
700.55	0.007
700.73	0.007
700.92	0.007
701.11	0.007
701.29	0.007
701.48	0.007
701.67	0.007
701.85	0.007
702.04	0.008
702.23	0.007
702.41	0.007
702.60	0.008
702.79	0.007
702.97	0.007
703.16	0.007
703.35	0.007
703.53	0.007
703.72	0.007
703.91	0.007
704.09	0.006
704.28	0.007
704.47	0.007
704.65	0.007
704.84	0.007
705.03	0.008
705.21	0.008
705.40	0.008
705.59	0.008
705.77	0.008
705.96	0.008
706.15	0.008
706.33	0.008
706.52	0.008
706.71	0.007
706.89	0.007
707.08	0.007
707.26	0.007
707.45	0.007
707.64	0.007
707.82	0.007
708.01	0.007
708.20	0.007
708.38	0.007
708.57	0.007
708.75	0.007
708.94	0.006
709.13	0.006
709.31	0.007
709.50	0.007
709.69	0.007
709.87	0.007
710.06	0.007
710.24	0.006
710.43	0.006
710.62	0.007
710.80	0.007
710.99	0.006
711.17	0.006
711.36	0.007
711.55	0.007
711.73	0.007
711.92	0.007
712.10	0.007
712.29	0.007
712.48	0.007
712.66	0.007
712.85	0.006
713.03	0.006
713.22	0.006
713.40	0.006
713.59	0.007
713.78	0.007
713.96	0.007
714.15	0.007
714.33	0.007
714.52	0.007
714.71	0.006
714.89	0.006
715.08	0.006
715.26	0.006
715.45	0.006
715.63	0.007
715.82	0.006
716.00	0.006
716.19	0.006
716.38	0.007
716.56	0.007
716.75	0.006
716.93	0.007
717.12	0.007
717.30	0.007
717.49	0.007
717.67	0.007
717.86	0.008
718.05	0.007
718.23	0.007
718.42	0.007
718.60	0.007
718.79	0.007
718.97	0.007
719.16	0.007
719.34	0.007
719.53	0.007
719.71	0.006
719.90	0.007
720.08	0.007
720.27	0.007
720.45	0.006
720.64	0.007
720.83	0.006
721.01	0.006
721.20	0.006
721.38	0.006
721.57	0.006
721.75	0.006
721.94	0.006
722.12	0.006
722.31	0.006
722.49	0.006
722.68	0.006
722.86	0.006
723.05	0.006
723.23	0.006
723.42	0.006
723.60	0.007
723.79	0.007
723.97	0.007
724.16	0.006
724.34	0.006
724.53	0.006
724.71	0.006
724.90	0.006
725.08	0.006
725.27	0.006
725.45	0.006
725.64	0.005
725.82	0.005
726.00	0.006
726.19	0.005
726.37	0.005
726.56	0.005
726.74	0.006
726.93	0.005
727.11	0.005
727.30	0.006
727.48	0.006
727.67	0.006
727.85	0.006
728.04	0.006
728.22	0.006
728.40	0.006
728.59	0.006
728.77	0.007
728.96	0.006
729.14	0.006
729.33	0.006
729.51	0.007
729.70	0.006
729.88	0.006
730.07	0.006
730.25	0.006
730.43	0.006
730.62	0.006
730.80	0.006
730.99	0.006
731.17	0.006
731.36	0.006
731.54	0.006
731.72	0.007
731.91	0.007
732.09	0.007
732.28	0.007
732.46	0.007
732.65	0.007
732.83	0.006
733.01	0.006
733.20	0.006
733.38	0.006
733.57	0.006
733.75	0.006
733.93	0.006
734.12	0.006
734.30	0.007
734.49	0.007
734.67	0.007
734.85	0.007
735.04	0.007
735.22	0.006
735.41	0.007
735.59	0.007
735.77	0.007
735.96	0.006
736.14	0.006
736.33	0.006
736.51	0.006
736.69	0.006
736.88	0.007
737.06	0.006
737.25	0.006
737.43	0.006
737.61	0.006
737.80	0.006
737.98	0.006
738.16	0.006
738.35	0.006
738.53	0.006
738.71	0.006
738.90	0.005
739.08	0.005
739.27	0.006
739.45	0.006
739.63	0.006
739.82	0.007
740.00	0.007
740.18	0.007
740.37	0.007
740.55	0.007
740.73	0.007
740.92	0.007
741.10	0.006
741.28	0.007
741.47	0.006
741.65	0.006
741.83	0.006
742.02	0.006
742.20	0.006
742.38	0.006
742.57	0.007
742.75	0.007
742.93	0.007
743.12	0.007
743.30	0.007
743.48	0.007
743.67	0.006
743.85	0.006
744.03	0.007
744.22	0.007
744.40	0.007
744.58	0.007
744.77	0.007
744.95	0.007
745.13	0.007
745.32	0.007
745.50	0.007
745.68	0.007
745.87	0.007
746.05	0.007
746.23	0.007
746.41	0.007
746.60	0.007
746.78	0.007
746.96	0.007
747.15	0.007
747.33	0.007
747.51	0.007
747.70	0.007
747.88	0.007
748.06	0.007
748.24	0.007
748.43	0.007
748.61	0.007
748.79	0.007
748.97	0.007
749.16	0.006
749.34	0.006
749.52	0.006
749.71	0.006
749.89	0.005
750.07	0.005
750.25	0.005
750.44	0.005
750.62	0.005
750.80	0.006
750.98	0.006
751.17	0.006
751.35	0.005
751.53	0.006
751.71	0.006
751.90	0.006
752.08	0.006
752.26	0.006
752.44	0.006
752.63	0.006
752.81	0.006
752.99	0.006
753.17	0.006
753.36	0.007
753.54	0.006
753.72	0.006
753.90	0.007
754.09	0.007
754.27	0.006
754.45	0.007
754.63	0.007
754.82	0.007
755.00	0.007
755.18	0.007
755.36	0.007
755.54	0.007
755.73	0.007
755.91	0.006
756.09	0.007
756.27	0.006
756.45	0.006
756.64	0.006
756.82	0.006
757.00	0.005
757.18	0.005
757.37	0.006
757.55	0.006
757.73	0.005
757.91	0.006
758.09	0.006
758.27	0.006
758.46	0.006
758.64	0.006
758.82	0.006
759.00	0.006
759.18	0.006
759.37	0.006
759.55	0.006
759.73	0.006
759.91	0.005
760.09	0.006
760.28	0.006
760.46	0.006
760.64	0.006
760.82	0.005
761.00	0.006
761.18	0.005
761.37	0.006
761.55	0.006
761.73	0.006
761.91	0.006
762.09	0.006
762.27	0.006
762.46	0.006
762.64	0.006
762.82	0.006
763.00	0.006
763.18	0.006
763.36	0.006
763.54	0.006
763.73	0.006
763.91	0.006
764.09	0.005
764.27	0.005
764.45	0.004
764.63	0.004
764.81	0.004
765.00	0.004
765.18	0.004
765.36	0.004
765.54	0.004
765.72	0.005
765.90	0.005
766.08	0.005
766.27	0.004
766.45	0.005
766.63	0.004
766.81	0.004
766.99	0.004
767.17	0.004
767.35	0.005
767.53	0.005
767.71	0.005
767.90	0.005
768.08	0.005
768.26	0.006
768.44	0.005
768.62	0.006
768.80	0.005
768.98	0.004
769.16	0.005
769.34	0.004
769.52	0.004
769.71	0.004
769.89	0.004
770.07	0.004
770.25	0.004
770.43	0.005
770.61	0.005
770.79	0.005
770.97	0.006
771.15	0.006
771.33	0.006
771.51	0.006
771.69	0.006
771.88	0.005
772.06	0.005
772.24	0.005
772.42	0.005
772.60	0.004
772.78	0.004
772.96	0.004
773.14	0.004
773.32	0.004
773.50	0.004
773.68	0.004
773.86	0.004
774.04	0.004
774.22	0.004
774.40	0.004
774.58	0.004
774.77	0.004
774.95	0.005
775.13	0.005
775.31	0.005
775.49	0.005
775.67	0.005
775.85	0.005
776.03	0.005
776.21	0.005
776.39	0.005
776.57	0.005
776.75	0.005
776.93	0.005
777.11	0.005
777.29	0.005
777.47	0.005
777.65	0.005
777.83	0.005
778.01	0.005
778.19	0.005
778.37	0.005
778.55	0.005
778.73	0.004
778.91	0.004
779.09	0.005
779.27	0.004
779.45	0.005
779.63	0.004
779.81	0.004
779.99	0.004
780.17	0.004
780.35	0.004
780.53	0.004
780.71	0.005
780.89	0.005
781.07	0.005
781.25	0.005
781.43	0.005
781.61	0.005
781.79	0.005
781.97	0.005
782.15	0.005
782.33	0.005
782.51	0.005
782.69	0.005
782.87	0.005
783.05	0.005
783.23	0.006
783.41	0.006
783.59	0.006
783.77	0.006
783.95	0.005
784.13	0.005
784.31	0.004
784.49	0.005
784.67	0.004
784.85	0.005
785.03	0.004
785.21	0.005
785.38	0.004
785.56	0.005
785.74	0.005
785.92	0.005
786.10	0.005
786.28	0.005
786.46	0.005
786.64	0.005
786.82	0.006
787.00	0.006
787.18	0.006
787.36	0.006
787.54	0.006
787.72	0.005
787.90	0.005
788.08	0.005
788.25	0.005
788.43	0.005
788.61	0.005
788.79	0.005
788.97	0.005
789.15	0.005
789.33	0.005
789.51	0.005
789.69	0.005
789.87	0.005
790.05	0.005
790.23	0.005
790.40	0.005
790.58	0.005
790.76	0.005
790.94	0.005
791.12	0.005
791.30	0.005
791.48	0.005
791.66	0.005
791.84	0.005
792.02	0.005
792.19	0.005
792.37	0.005
792.55	0.005
792.73	0.005
792.91	0.005
793.09	0.005
793.27	0.005
793.45	0.004
793.63	0.004
793.80	0.004
793.98	0.004
794.16	0.004
794.34	0.004
794.52	0.004
794.70	0.004
794.88	0.004
795.05	0.004
795.23	0.004
795.41	0.005
795.59	0.005
795.77	0.005
795.95	0.005
796.13	0.004
796.30	0.005
796.48	0.005
796.66	0.004
796.84	0.004
797.02	0.004
797.20	0.004
797.38	0.004
797.55	0.004
797.73	0.004
797.91	0.004
798.09	0.004
798.27	0.004
798.45	0.004
798.62	0.004
798.80	0.004
798.98	0.004
799.16	0.005
799.34	0.005
799.52	0.005
799.69	0.005
799.87	0.005
800.05	0.006
800.23	0.006
800.41	0.005
800.58	0.005
800.76	0.005
800.94	0.005
801.12	0.005
801.30	0.004
801.47	0.004
801.65	0.005
801.83	0.004
802.01	0.005
802.19	0.004
802.36	0.005
802.54	0.005
802.72	0.005
802.90	0.005
803.08	0.005
803.25	0.004
803.43	0.005
803.61	0.004
803.79	0.004
803.97	0.005
804.14	0.004
804.32	0.004
804.50	0.004
804.68	0.004
804.85	0.004
805.03	0.004
805.21	0.004
805.39	0.004
805.56	0.004
805.74	0.004
805.92	0.004
806.10	0.004
806.28	0.004
806.45	0.004
806.63	0.004
806.81	0.004
806.99	0.004
807.16	0.004
807.34	0.004
807.52	0.004
807.70	0.005
807.87	0.005
808.05	0.005
808.23	0.005
808.41	0.006
808.58	0.006
808.76	0.006
808.94	0.006
809.11	0.005
809.29	0.005
809.47	0.004
809.65	0.004
809.82	0.004
810.00	0.004
810.18	0.004
810.36	0.004
810.53	0.004
810.71	0.004
810.89	0.005
811.06	0.005
811.24	0.004
811.42	0.004
811.60	0.004
811.77	0.004
811.95	0.004
812.13	0.004
812.30	0.003
812.48	0.004
812.66	0.004
812.83	0.004
813.01	0.004
813.19	0.004
813.37	0.004
813.54	0.003
813.72	0.004
813.90	0.004
814.07	0.004
814.25	0.003
814.43	0.004
814.60	0.004
814.78	0.004
814.96	0.004
815.13	0.004
815.31	0.004
815.49	0.004
815.66	0.004
815.84	0.004
816.02	0.003
816.19	0.003
816.37	0.004
816.55	0.004
816.72	0.004
816.90	0.004
817.08	0.004
817.25	0.004
817.43	0.005
817.61	0.005
817.78	0.005
817.96	0.005
818.14	0.005
818.31	0.005
818.49	0.004
818.67	0.004
818.84	0.005
819.02	0.004
819.19	0.004
819.37	0.004
819.55	0.004
819.72	0.003
819.90	0.003
820.08	0.003
820.25	0.003
820.43	0.003
820.60	0.002
820.78	0.002
820.96	0.002
821.13	0.003
821.31	0.003
821.49	0.003
821.66	0.003
821.84	0.004
822.01	0.004
822.19	0.004
822.37	0.005
822.54	0.005
822.72	0.005
822.89	0.005
823.07	0.005
823.25	0.005
823.42	0.005
823.60	0.005
823.77	0.005
823.95	0.005
824.13	0.005
824.30	0.005
824.48	0.005
824.65	0.005
824.83	0.005
825.01	0.005
825.18	0.005
825.36	0.005
825.53	0.005
825.71	0.005
825.88	0.004
826.06	0.005
826.24	0.005
826.41	0.005
826.59	0.006
826.76	0.006
826.94	0.006
827.11	0.006
827.29	0.005
827.47	0.005
827.64	0.005
827.82	0.005
827.99	0.005
828.17	0.004
828.34	0.004
828.52	0.004
828.69	0.004
828.87	0.005
829.04	0.004
829.22	0.004
829.40	0.004
829.57	0.003
829.75	0.004
829.92	0.005
830.10	0.004
830.27	0.004
830.45	0.004
830.62	0.004
830.80	0.004
830.97	0.004
831.15	0.005
831.32	0.004
831.50	0.004
831.67	0.003
831.85	0.003
832.02	0.003
832.20	0.003
832.37	0.003
832.55	0.004
832.73	0.003
832.90	0.004
833.08	0.004
833.25	0.004
833.43	0.005
833.60	0.005
833.78	0.005
833.95	0.005
834.13	0.005
834.30	0.005
834.48	0.005
834.65	0.005
834.82	0.006
835.00	0.005
835.17	0.006
835.35	0.005
835.52	0.006
835.70	0.006
835.87	0.006
836.05	0.006
836.22	0.005
836.40	0.005
836.57	0.005
836.75	0.005
836.92	0.005
837.10	0.005
837.27	0.004
837.45	0.005
837.62	0.005
837.80	0.006
837.97	0.006
838.14	0.006
838.32	0.005
838.49	0.005
838.67	0.006
838.84	0.006
839.02	0.006
839.19	0.006
839.37	0.006
839.54	0.006
839.71	0.006
839.89	0.006
840.06	0.005
840.24	0.005
840.41	0.005
840.59	0.004
840.76	0.004
840.94	0.004
841.11	0.003
841.28	0.003
841.46	0.003
841.63	0.003
841.81	0.004
841.98	0.003
842.15	0.003
842.33	0.003
842.50	0.003
842.68	0.004
842.85	0.004
843.03	0.005
843.20	0.005
843.37	0.005
843.55	0.005
843.72	0.005
843.90	0.005
844.07	0.005
844.24	0.005
844.42	0.005
844.59	0.005
844.77	0.004
844.94	0.004
845.11	0.005
845.29	0.005
845.46	0.006
845.63	0.006
845.81	0.005
845.98	0.006
846.16	0.005
846.33	0.005
846.50	0.005
846.68	0.005
846.85	0.005
847.02	0.004
847.20	0.004
847.37	0.004
847.55	0.004
847.72	0.005
847.89	0.005
848.07	0.005
848.24	0.005
848.41	0.005
848.59	0.005
848.76	0.005
848.93	0.005
849.11	0.005
849.28	0.005
849.45	0.005
849.63	0.005
849.80	0.005
849.97	0.005
850.15	0.005
850.32	0.005
850.49	0.005
850.67	0.005
850.84	0.005
851.01	0.004
851.19	0.004
851.36	0.003
851.53	0.002
851.71	0.002
851.88	0.003
852.05	0.002
852.23	0.002
852.40	0.002
852.57	0.003
852.75	0.003
852.92	0.003
853.09	0.004
853.27	0.003
853.44	0.003
853.61	0.003
853.79	0.002
853.96	0.003
854.13	0.002
854.30	0.002
854.48	0.002
854.65	0.002
854.82	0.003
855.00	0.003
855.17	0.003
855.34	0.004
855.51	0.004
855.69	0.004
855.86	0.004
856.03	0.004
856.21	0.004
856.38	0.003
856.55	0.003
856.72	0.003
856.90	0.003
857.07	0.003
857.24	0.003
857.42	0.003
857.59	0.004
857.76	0.004
857.93	0.004
858.11	0.003
858.28	0.003
858.45	0.003
858.62	0.003
858.80	0.002
858.97	0.002
859.14	0.002
859.31	0.001
859.49	0.001
859.66	0.001
859.83	0.001
860.00	0.002
860.18	0.001
860.35	0.002
860.52	0.003
860.69	0.003
860.86	0.003
861.04	0.004
861.21	0.003
861.38	0.003
861.55	0.003
861.73	0.003
861.90	0.004
862.07	0.003
862.24	0.002
862.42	0.002
862.59	0.002
862.76	0.002
862.93	0.002
863.10	0.001
863.28	0.001
863.45	0.000
863.62	0.000
863.79	0.001
863.96	0.001
864.14	0.002
864.31	0.001
864.48	0.001
864.65	0.001
864.82	0.002
865.00	0.002
865.17	0.002
865.34	0.002
865.51	0.001
865.68	0.001
865.86	0.001
866.03	0.001
866.20	0.000
866.37	0.000
866.54	-0.000
866.71	-0.000
866.89	-0.000
867.06	-0.000
867.23	-0.001
867.40	-0.001
867.57	-0.001
867.74	-0.000
867.92	-0.000
868.09	0.000
868.26	-0.001
868.43	-0.001
868.60	-0.001
868.77	-0.001
868.95	-0.001
869.12	-0.001
869.29	-0.002
869.46	-0.002
869.63	-0.002
869.80	-0.001
869.97	-0.001
870.15	-0.001
870.32	-0.002
870.49	-0.001
870.66	-0.001
870.83	-0.001
871.00	-0.001
871.17	-0.001
871.34	-0.001
871.52	-0.001
871.69	-0.001
871.86	-0.001
872.03	-0.001
872.20	-0.002
872.37	-0.002
872.54	-0.002
872.71	-0.002
872.89	-0.002
873.06	-0.003
873.23	-0.002
873.40	-0.002
873.57	-0.001
873.74	-0.001
873.91	-0.001
874.08	-0.001
874.25	-0.002
874.42	-0.002
874.60	-0.001
874.77	-0.001
874.94	-0.003
875.11	-0.003
875.28	-0.003
875.45	-0.004
875.62	-0.004
875.79	-0.004
875.96	-0.004
876.13	-0.004
876.30	-0.005
876.47	-0.004
876.65	-0.005
876.82	-0.004
876.99	-0.004
877.16	-0.004
877.33	-0.004
877.50	-0.004
877.67	-0.003
877.84	-0.003
878.01	-0.003
878.18	-0.003
878.35	-0.003
878.52	-0.003
878.69	-0.003
878.86	-0.003
879.03	-0.003
879.20	-0.003
879.38	-0.003
879.55	-0.003
879.72	-0.003
879.89	-0.004
880.06	-0.005
880.23	-0.004
880.40	-0.004
880.57	-0.004
880.74	-0.004
880.91	-0.004
881.08	-0.004
881.25	-0.004
881.42	-0.004
881.59	-0.004
881.76	-0.004
881.93	-0.004
882.10	-0.005
882.27	-0.005
882.44	-0.006
882.61	-0.006
882.78	-0.005
882.95	-0.005
883.12	-0.005
883.29	-0.005
883.46	-0.006
883.63	-0.005
883.80	-0.005
883.97	-0.006
884.14	-0.006
884.31	-0.008
884.48	-0.008
884.65	-0.009
884.82	-0.008
884.99	-0.007
885.16	-0.008
885.33	-0.008
885.50	-0.008
885.67	-0.007
885.84	-0.007
886.01	-0.007
886.18	-0.006
886.35	-0.007
886.52	-0.007
886.69	-0.006
886.86	-0.005
887.03	-0.005
887.20	-0.005
887.37	-0.005
887.54	-0.005
887.71	-0.004
887.88	-0.003
888.05	-0.004
888.22	-0.004
888.39	-0.005
888.55	-0.005
888.72	-0.004
888.89	-0.003
889.06	-0.003
889.23	-0.004
889.40	-0.005
889.57	-0.004
889.74	-0.004
889.91	-0.004
890.08	-0.004
890.25	-0.005
890.42	-0.006
890.59	-0.005
890.76	-0.005
890.93	-0.006
891.10	-0.006
891.26	-0.006
891.43	-0.006
891.60	-0.006
891.77	-0.006
891.94	-0.007
892.11	-0.007
892.28	-0.007
892.45	-0.006
892.62	-0.006
892.79	-0.006
892.96	-0.005
893.13	-0.005
893.29	-0.005
893.46	-0.004
893.63	-0.005
893.80	-0.005
893.97	-0.004
894.14	-0.003
894.31	-0.003
894.48	-0.007
894.65	0.005
894.81	0.002
894.98	-0.006
