177.34	2.422
177.56	2.422
177.78	2.422
178.00	-0.000
178.22	-0.000
178.44	1.384
178.66	-0.000
178.89	0.640
179.11	0.052
179.33	-0.066
179.55	-0.236
179.77	-0.046
179.99	-0.134
180.21	0.176
180.43	0.366
180.65	-0.000
180.87	1.604
181.09	0.982
181.31	1.255
181.53	-0.000
181.75	-0.000
181.97	-0.000
182.19	-0.000
182.41	-0.000
182.63	1.511
182.85	-0.000
183.07	2.709
183.30	1.976
183.52	1.430
183.74	1.230
183.96	1.400
184.18	1.467
184.40	1.174
184.62	1.321
184.84	1.054
185.06	1.297
185.28	1.344
185.50	1.294
185.72	1.394
185.94	1.088
186.16	1.035
186.38	1.256
186.60	1.304
186.82	1.298
187.04	1.342
187.26	1.424
187.48	1.618
187.70	1.546
187.92	2.294
188.14	2.120
188.36	1.873
188.58	1.948
188.80	1.855
189.02	1.802
189.24	1.708
189.46	1.602
189.68	1.652
189.90	1.788
190.12	1.872
190.34	2.066
190.56	2.107
190.78	2.837
191.00	2.284
191.22	2.358
191.44	-0.000
191.66	-0.000
191.88	2.903
192.10	2.425
192.32	2.169
192.54	2.170
192.76	2.264
192.98	2.185
193.20	2.407
193.42	2.033
193.64	1.967
193.86	2.037
194.08	2.199
194.30	2.079
194.52	2.202
194.74	2.139
194.96	2.353
195.18	2.101
195.40	2.204
195.62	1.978
195.84	1.987
196.06	1.938
196.28	1.983
196.50	1.936
196.72	1.880
196.94	1.907
197.16	1.974
197.38	2.070
197.60	2.112
197.82	2.182
198.04	2.443
198.26	2.916
198.48	3.385
198.70	3.146
198.92	2.625
199.13	2.665
199.35	2.437
199.57	2.624
199.79	2.409
200.01	2.278
200.23	2.273
200.45	2.281
200.67	2.460
200.89	2.482
201.11	2.613
201.33	3.134
201.55	3.082
201.77	3.192
201.99	2.633
202.21	2.475
202.43	2.418
202.65	2.343
202.87	2.543
203.09	2.479
203.31	2.422
203.52	2.471
203.74	2.479
203.96	2.724
204.18	2.731
204.40	2.555
204.62	2.585
204.84	2.434
205.06	2.376
205.28	2.266
205.50	2.214
205.72	2.283
205.94	2.315
206.16	2.262
206.38	2.243
206.59	2.162
206.81	2.171
207.03	2.261
207.25	2.363
207.47	2.497
207.69	2.529
207.91	2.496
208.13	2.544
208.35	2.954
208.57	-0.000
208.79	-0.000
209.01	-0.000
209.22	-0.000
209.44	-0.000
209.66	3.299
209.88	2.977
210.10	-0.000
210.32	-0.000
210.54	3.787
210.76	2.989
210.98	2.822
211.20	2.891
211.42	3.054
211.63	3.467
211.85	-0.000
212.07	-0.000
212.29	-0.000
212.51	-0.000
212.73	-0.000
212.95	-0.000
213.17	4.192
213.39	3.880
213.60	3.468
213.82	3.043
214.04	2.830
214.26	2.808
214.48	2.656
214.70	2.713
214.92	2.750
215.14	2.763
215.35	2.668
215.57	2.715
215.79	2.833
216.01	2.900
216.23	2.899
216.45	3.100
216.67	3.361
216.89	3.077
217.10	3.192
217.32	3.557
217.54	3.466
217.76	3.179
217.98	3.134
218.20	3.030
218.42	3.037
218.64	3.003
218.85	3.187
219.07	3.207
219.29	3.008
219.51	3.049
219.73	3.003
219.95	3.003
220.17	2.897
220.38	2.727
220.60	2.696
220.82	2.734
221.04	2.651
221.26	2.675
221.48	2.669
221.69	2.660
221.91	2.699
222.13	2.647
222.35	2.704
222.57	2.752
222.79	2.710
223.00	2.909
223.22	3.014
223.44	3.082
223.66	3.199
223.88	3.055
224.10	3.424
224.32	-0.000
224.53	3.649
224.75	5.079
224.97	3.431
225.19	4.726
225.41	3.667
225.62	3.560
225.84	3.589
226.06	3.222
226.28	3.099
226.50	3.029
226.72	3.015
226.93	3.080
227.15	2.921
227.37	2.991
227.59	3.021
227.81	3.058
228.02	3.171
228.24	3.230
228.46	3.524
228.68	3.476
228.90	3.766
229.12	3.779
229.33	3.336
229.55	3.285
229.77	3.206
229.99	3.316
230.21	3.274
230.42	3.149
230.64	3.285
230.86	3.142
231.08	3.190
231.30	3.361
231.51	3.750
231.73	3.516
231.95	3.363
232.17	3.377
232.38	3.928
232.60	3.619
232.82	3.743
233.04	3.443
233.26	3.398
233.47	3.169
233.69	3.403
233.91	3.506
234.13	3.627
234.35	3.396
234.56	3.272
234.78	3.205
235.00	3.187
235.22	3.182
235.43	3.241
235.65	3.113
235.87	3.122
236.09	3.100
236.30	3.207
236.52	3.284
236.74	3.343
236.96	3.408
237.18	3.499
237.39	3.478
237.61	3.578
237.83	3.750
238.05	3.533
238.26	3.291
238.48	3.271
238.70	3.278
238.92	3.410
239.13	3.457
239.35	3.443
239.57	3.720
239.79	3.587
240.00	3.936
240.22	3.891
240.44	4.149
240.66	4.188
240.87	3.732
241.09	3.653
241.31	3.477
241.53	3.427
241.74	3.219
241.96	3.220
242.18	3.262
242.40	3.291
242.61	3.249
242.83	3.343
243.05	3.241
243.27	3.522
243.48	3.392
243.70	3.552
243.92	3.436
244.13	3.502
244.35	3.321
244.57	3.259
244.79	3.234
245.00	3.328
245.22	3.233
245.44	3.269
245.65	3.289
245.87	3.295
246.09	3.336
246.31	3.509
246.52	3.643
246.74	3.839
246.96	3.937
247.18	5.141
247.39	-0.000
247.61	-0.000
247.83	-0.000
248.04	-0.000
248.26	-0.000
248.48	-0.000
248.69	-0.000
248.91	-0.000
249.13	4.383
249.35	-0.000
249.56	-0.000
249.78	-0.000
250.00	-0.000
250.21	-0.000
250.43	-0.000
250.65	-0.000
250.86	-0.000
251.08	-0.000
251.30	-0.000
251.51	-0.000
251.73	-0.000
251.95	-0.000
252.17	-0.000
252.38	4.252
252.60	-0.000
252.82	4.127
253.03	4.322
253.25	3.963
253.47	3.917
253.68	3.712
253.90	3.542
254.12	3.532
254.33	3.364
254.55	3.303
254.77	3.341
254.98	3.353
255.20	3.525
255.42	3.514
255.63	3.903
255.85	3.634
256.07	3.741
256.28	3.827
256.50	3.723
256.72	3.537
256.93	3.566
257.15	3.600
257.37	3.754
257.58	3.371
257.80	3.421
258.02	3.477
258.23	3.477
258.45	3.508
258.67	3.511
258.88	3.494
259.10	3.379
259.32	3.266
259.53	3.483
259.75	3.428
259.96	3.331
260.18	3.387
260.40	3.296
260.61	3.365
260.83	3.364
261.05	3.402
261.26	3.577
261.48	3.307
261.70	3.381
261.91	3.408
262.13	3.260
262.34	3.350
262.56	3.392
262.78	3.395
262.99	3.381
263.21	3.314
263.43	3.618
263.64	3.554
263.86	3.597
264.07	-0.000
264.29	-0.000
264.51	4.899
264.72	4.849
264.94	-0.000
265.16	-0.000
265.37	-0.000
265.59	-0.000
265.80	-0.000
266.02	-0.000
266.24	-0.000
266.45	-0.000
266.67	-0.000
266.88	4.661
267.10	4.151
267.32	3.704
267.53	4.014
267.75	4.380
267.96	3.940
268.18	3.695
268.40	3.870
268.61	3.592
268.83	3.645
269.04	3.548
269.26	3.451
269.48	3.337
269.69	3.196
269.91	3.380
270.12	3.407
270.34	3.291
270.56	3.492
270.77	3.600
270.99	3.716
271.20	3.792
271.42	-0.000
271.64	-0.000
271.85	4.242
272.07	4.802
272.28	-0.000
272.50	3.998
272.71	3.839
272.93	3.796
273.15	3.683
273.36	3.340
273.58	3.364
273.79	3.360
274.01	3.644
274.22	3.788
274.44	3.616
274.66	3.574
274.87	3.480
275.09	3.462
275.30	3.483
275.52	3.437
275.73	3.547
275.95	3.290
276.16	3.237
276.38	3.246
276.60	3.316
276.81	3.314
277.03	3.327
277.24	3.637
277.46	3.575
277.67	3.590
277.89	3.580
278.10	3.591
278.32	3.805
278.53	3.452
278.75	3.560
278.97	3.558
279.18	3.366
279.40	3.297
279.61	3.278
279.83	3.295
280.04	3.309
280.26	3.313
280.47	3.319
280.69	3.370
280.90	3.304
281.12	3.375
281.33	3.473
281.55	3.612
281.76	3.587
281.98	3.743
282.20	3.811
282.41	3.829
282.63	4.137
282.84	-0.000
283.06	-0.000
283.27	4.948
283.49	4.030
283.70	3.905
283.92	3.533
284.13	3.384
284.35	3.358
284.56	3.508
284.78	3.410
284.99	3.266
285.21	3.332
285.42	3.487
285.64	3.622
285.85	4.288
286.07	-0.000
286.28	-0.000
286.50	3.734
286.71	3.832
286.93	4.068
287.14	3.710
287.36	3.571
287.57	3.641
287.79	3.499
288.00	3.573
288.22	3.697
288.43	3.638
288.65	3.684
288.86	4.263
289.08	5.706
289.29	4.084
289.51	3.663
289.72	3.813
289.94	3.934
290.15	3.779
290.37	3.702
290.58	3.468
290.80	3.341
291.01	3.210
291.22	3.296
291.44	3.467
291.65	3.421
291.87	3.297
292.08	3.297
292.30	3.282
292.51	3.376
292.73	3.349
292.94	3.531
293.16	3.456
293.37	3.258
293.59	3.248
293.80	3.267
294.02	3.218
294.23	3.155
294.44	3.287
294.66	3.233
294.87	3.282
295.09	3.278
295.30	3.329
295.52	3.313
295.73	3.453
295.95	3.765
296.16	5.084
296.37	3.761
296.59	-0.000
296.80	3.852
297.02	3.539
297.23	3.341
297.45	3.291
297.66	3.123
297.88	3.035
298.09	3.049
298.30	3.013
298.52	2.976
298.73	2.989
298.95	3.042
299.16	3.062
299.38	3.096
299.59	3.275
299.80	3.312
300.02	3.271
300.23	3.290
300.45	3.296
300.66	3.283
300.88	3.281
301.09	3.239
301.30	3.238
301.52	3.100
301.73	3.049
301.95	3.023
302.16	3.017
302.37	2.975
302.59	2.961
302.80	2.958
303.02	3.025
303.23	3.035
303.45	3.063
303.66	3.169
303.87	3.242
304.09	3.266
304.30	3.297
304.52	3.438
304.73	3.438
304.94	3.385
305.16	3.426
305.37	3.333
305.59	3.288
305.80	3.264
306.01	3.325
306.23	3.322
306.44	3.241
306.65	3.149
306.87	3.136
307.08	3.107
307.30	3.078
307.51	3.006
307.72	2.977
307.94	2.978
308.15	2.942
308.37	2.948
308.58	2.980
308.79	2.972
309.01	2.959
309.22	3.049
309.43	3.075
309.65	3.049
309.86	2.966
310.07	2.988
310.29	3.031
310.50	2.995
310.72	2.989
310.93	2.961
311.14	2.906
311.36	2.875
311.57	2.876
311.78	2.897
312.00	2.920
312.21	2.838
312.42	2.868
312.64	2.880
312.85	2.874
313.07	2.906
313.28	2.894
313.49	2.868
313.71	2.880
313.92	2.841
314.13	2.879
314.35	2.860
314.56	2.844
314.77	2.851
314.99	2.847
315.20	2.901
315.41	2.867
315.63	2.822
315.84	2.846
316.05	2.817
316.27	2.812
316.48	2.786
316.69	2.765
316.91	2.735
317.12	2.708
317.33	2.732
317.55	2.743
317.76	2.710
317.97	2.705
318.19	2.695
318.40	2.701
318.61	2.726
318.83	2.718
319.04	2.709
319.25	2.700
319.47	2.682
319.68	2.692
319.89	2.716
320.10	2.709
320.32	2.735
320.53	2.691
320.74	2.672
320.96	2.681
321.17	2.678
321.38	2.654
321.60	2.639
321.81	2.597
322.02	2.591
322.24	2.582
322.45	2.572
322.66	2.584
322.87	2.573
323.09	2.585
323.30	2.628
323.51	2.620
323.73	2.612
323.94	2.629
324.15	2.605
324.36	2.614
324.58	2.584
324.79	2.581
325.00	2.563
325.22	2.533
325.43	2.536
325.64	2.561
325.85	2.553
326.07	2.562
326.28	2.570
326.49	2.580
326.71	2.560
326.92	2.553
327.13	2.565
327.34	2.559
327.56	2.547
327.77	2.534
327.98	2.550
328.19	2.528
328.41	2.519
328.62	2.516
328.83	2.509
329.04	2.510
329.26	2.509
329.47	2.533
329.68	2.536
329.90	2.515
330.11	2.517
330.32	2.508
330.53	2.523
330.75	2.504
330.96	2.491
331.17	2.500
331.38	2.464
331.60	2.467
331.81	2.453
332.02	2.465
332.23	2.509
332.44	2.507
332.66	2.528
332.87	2.512
333.08	2.509
333.29	2.514
333.51	2.494
333.72	2.475
333.93	2.455
334.14	2.444
334.36	2.433
334.57	2.405
334.78	2.393
334.99	2.376
335.21	2.377
335.42	2.373
335.63	2.392
335.84	2.380
336.05	2.375
336.27	2.360
336.48	2.371
336.69	2.390
336.90	2.395
337.11	2.385
337.33	2.377
337.54	2.357
337.75	2.357
337.96	2.333
338.18	2.335
338.39	2.348
338.60	2.346
338.81	2.345
339.02	2.342
339.24	2.345
339.45	2.342
339.66	2.355
339.87	2.359
340.08	2.359
340.30	2.352
340.51	2.322
340.72	2.308
340.93	2.304
341.14	2.293
341.36	2.294
341.57	2.274
341.78	2.276
341.99	2.283
342.20	2.278
342.41	2.293
342.63	2.289
342.84	2.303
343.05	2.312
343.26	2.306
343.47	2.314
343.69	2.308
343.90	2.297
344.11	2.296
344.32	2.278
344.53	2.282
344.74	2.251
344.96	2.247
345.17	2.237
345.38	2.231
345.59	2.227
345.80	2.228
346.01	2.206
346.23	2.216
346.44	2.204
346.65	2.219
346.86	2.225
347.07	2.211
347.28	2.213
347.50	2.215
347.71	2.198
347.92	2.221
348.13	2.206
348.34	2.214
348.55	2.197
348.76	2.174
348.98	2.178
349.19	2.155
349.40	2.141
349.61	2.141
349.82	2.120
350.03	2.134
350.24	2.120
350.46	2.131
350.67	2.130
350.88	2.124
351.09	2.129
351.30	2.137
351.51	2.129
351.72	2.139
351.93	2.123
352.15	2.135
352.36	2.123
352.57	2.119
352.78	2.125
352.99	2.127
353.20	2.112
353.41	2.119
353.62	2.126
353.84	2.118
354.05	2.103
354.26	2.095
354.47	2.097
354.68	2.099
354.89	2.095
355.10	2.099
355.31	2.095
355.52	2.077
355.74	2.085
355.95	2.095
356.16	2.087
356.37	2.084
356.58	2.082
356.79	2.087
357.00	2.074
357.21	2.078
357.42	2.068
357.63	2.057
357.85	2.046
358.06	2.047
358.27	2.037
358.48	2.024
358.69	2.019
358.90	2.023
359.11	2.009
359.32	2.022
359.53	2.013
359.74	2.009
359.95	2.015
360.17	2.010
360.38	2.015
360.59	2.002
360.80	1.997
361.01	2.006
361.22	1.986
361.43	1.998
361.64	1.998
361.85	1.989
362.06	1.993
362.27	1.990
362.48	1.992
362.69	1.988
362.90	1.980
363.12	1.988
363.33	1.980
363.54	1.981
363.75	1.977
363.96	1.973
364.17	1.972
364.38	1.967
364.59	1.971
364.80	1.962
365.01	1.958
365.22	1.963
365.43	1.965
365.64	1.962
365.85	1.947
366.06	1.938
366.27	1.939
366.48	1.935
366.69	1.941
366.90	1.929
367.11	1.919
367.32	1.904
367.54	1.906
367.75	1.907
367.96	1.905
368.17	1.895
368.38	1.888
368.59	1.874
368.80	1.874
369.01	1.877
369.22	1.874
369.43	1.870
369.64	1.878
369.85	1.878
370.06	1.878
370.27	1.876
370.48	1.882
370.69	1.885
370.90	1.878
371.11	1.876
371.32	1.885
371.53	1.884
371.74	1.878
371.95	1.875
372.16	1.874
372.37	1.869
372.58	1.862
372.79	1.855
373.00	1.859
373.21	1.846
373.42	1.843
373.63	1.844
373.84	1.842
374.05	1.836
374.26	1.832
374.47	1.835
374.68	1.832
374.89	1.832
375.10	1.834
375.31	1.838
375.52	1.835
375.73	1.839
375.94	1.839
376.15	1.842
376.36	1.844
376.57	1.845
376.78	1.838
376.99	1.829
377.20	1.814
377.41	1.814
377.62	1.813
377.83	1.814
378.04	1.808
378.25	1.801
378.46	1.795
378.67	1.792
378.88	1.796
379.09	1.794
379.30	1.787
379.51	1.782
379.72	1.778
379.92	1.777
380.13	1.774
380.34	1.775
380.55	1.771
380.76	1.770
380.97	1.773
381.18	1.774
381.39	1.779
381.60	1.782
381.81	1.776
382.02	1.776
382.23	1.778
382.44	1.776
382.65	1.776
382.86	1.770
383.07	1.770
383.28	1.764
383.49	1.762
383.70	1.762
383.91	1.759
384.11	1.750
384.32	1.750
384.53	1.748
384.74	1.749
384.95	1.745
385.16	1.740
385.37	1.731
385.58	1.727
385.79	1.730
386.00	1.729
386.21	1.727
386.42	1.723
386.63	1.720
386.84	1.719
387.04	1.719
387.25	1.723
387.46	1.722
387.67	1.722
387.88	1.724
388.09	1.718
388.30	1.718
388.51	1.717
388.72	1.714
388.93	1.716
389.14	1.713
389.34	1.715
389.55	1.711
389.76	1.711
389.97	1.709
390.18	1.707
390.39	1.711
390.60	1.711
390.81	1.710
391.02	1.708
391.23	1.709
391.43	1.708
391.64	1.702
391.85	1.702
392.06	1.705
392.27	1.696
392.48	1.692
392.69	1.687
392.90	1.687
393.11	1.681
393.31	1.678
393.52	1.680
393.73	1.674
393.94	1.665
394.15	1.673
394.36	1.672
394.57	1.669
394.78	1.663
394.98	1.665
395.19	1.665
395.40	1.664
395.61	1.672
395.82	1.678
396.03	1.670
396.24	1.674
396.44	1.677
396.65	1.678
396.86	1.674
397.07	1.673
397.28	1.671
397.49	1.664
397.70	1.661
397.90	1.654
398.11	1.650
398.32	1.650
398.53	1.651
398.74	1.651
398.95	1.646
399.16	1.643
399.36	1.636
399.57	1.633
399.78	1.633
399.99	1.626
400.20	1.624
400.41	1.620
400.61	1.616
400.82	1.618
401.03	1.616
401.24	1.624
401.45	1.622
401.66	1.618
401.86	1.622
402.07	1.621
402.28	1.619
402.49	1.621
402.70	1.611
402.91	1.608
403.11	1.603
403.32	1.602
403.53	1.605
403.74	1.606
403.95	1.598
404.15	1.596
404.36	1.594
404.57	1.598
404.78	1.602
404.99	1.602
405.20	1.601
405.40	1.602
405.61	1.599
405.82	1.601
406.03	1.604
406.24	1.602
406.44	1.599
406.65	1.597
406.86	1.599
407.07	1.605
407.28	1.598
407.48	1.597
407.69	1.594
407.90	1.588
408.11	1.582
408.32	1.583
408.52	1.582
408.73	1.578
408.94	1.565
409.15	1.571
409.35	1.568
409.56	1.570
409.77	1.567
409.98	1.568
410.19	1.570
410.39	1.566
410.60	1.566
410.81	1.567
411.02	1.563
411.22	1.559
411.43	1.559
411.64	1.565
411.85	1.564
412.05	1.560
412.26	1.558
412.47	1.559
412.68	1.563
412.89	1.560
413.09	1.562
413.30	1.560
413.51	1.560
413.72	1.562
413.92	1.561
414.13	1.561
414.34	1.556
414.55	1.556
414.75	1.558
414.96	1.553
415.17	1.551
415.38	1.549
415.58	1.547
415.79	1.542
416.00	1.543
416.21	1.548
416.41	1.540
416.62	1.534
416.83	1.536
417.03	1.539
417.24	1.537
417.45	1.534
417.66	1.535
417.86	1.530
418.07	1.521
418.28	1.528
418.49	1.528
418.69	1.529
418.90	1.525
419.11	1.518
419.31	1.519
419.52	1.520
419.73	1.524
419.94	1.523
420.14	1.519
420.35	1.521
420.56	1.516
420.76	1.516
420.97	1.516
421.18	1.515
421.39	1.515
421.59	1.512
421.80	1.509
422.01	1.510
422.21	1.509
422.42	1.509
422.63	1.506
422.84	1.507
423.04	1.505
423.25	1.504
423.46	1.502
423.66	1.507
423.87	1.506
424.08	1.506
424.28	1.508
424.49	1.508
424.70	1.506
424.90	1.503
425.11	1.504
425.32	1.502
425.52	1.502
425.73	1.498
425.94	1.491
426.15	1.487
426.35	1.488
426.56	1.492
426.77	1.492
426.97	1.487
427.18	1.487
427.39	1.487
427.59	1.491
427.80	1.492
428.01	1.493
428.21	1.484
428.42	1.480
428.63	1.477
428.83	1.477
429.04	1.477
429.25	1.470
429.45	1.465
429.66	1.465
429.87	1.466
430.07	1.469
430.28	1.470
430.48	1.469
430.69	1.468
430.90	1.468
431.10	1.468
431.31	1.467
431.52	1.465
431.72	1.464
431.93	1.465
432.14	1.465
432.34	1.467
432.55	1.465
432.76	1.464
432.96	1.465
433.17	1.463
433.37	1.461
433.58	1.460
433.79	1.457
433.99	1.457
434.20	1.455
434.41	1.455
434.61	1.453
434.82	1.451
435.02	1.457
435.23	1.460
435.44	1.462
435.64	1.457
435.85	1.459
436.06	1.458
436.26	1.455
436.47	1.457
436.67	1.455
436.88	1.452
437.09	1.448
437.29	1.444
437.50	1.444
437.70	1.440
437.91	1.441
438.12	1.444
438.32	1.441
438.53	1.442
438.73	1.438
438.94	1.439
439.15	1.441
439.35	1.438
439.56	1.437
439.76	1.435
439.97	1.429
440.18	1.428
440.38	1.429
440.59	1.433
440.79	1.432
441.00	1.431
441.20	1.435
441.41	1.437
441.62	1.432
441.82	1.434
442.03	1.434
442.23	1.432
442.44	1.431
442.65	1.432
442.85	1.429
443.06	1.427
443.26	1.424
443.47	1.427
443.67	1.427
443.88	1.432
444.09	1.430
444.29	1.431
444.50	1.429
444.70	1.429
444.91	1.426
445.11	1.425
445.32	1.423
445.52	1.423
445.73	1.416
445.94	1.416
446.14	1.409
446.35	1.406
446.55	1.405
446.76	1.405
446.96	1.402
447.17	1.404
447.37	1.403
447.58	1.403
447.78	1.406
447.99	1.403
448.20	1.403
448.40	1.400
448.61	1.401
448.81	1.399
449.02	1.394
449.22	1.393
449.43	1.390
449.63	1.387
449.84	1.387
450.04	1.387
450.25	1.387
450.45	1.388
450.66	1.392
450.86	1.392
451.07	1.391
451.27	1.391
451.48	1.389
451.68	1.392
451.89	1.391
452.09	1.396
452.30	1.396
452.50	1.392
452.71	1.393
452.91	1.388
453.12	1.391
453.33	1.389
453.53	1.383
453.74	1.386
453.94	1.382
454.15	1.379
454.35	1.380
454.56	1.376
454.76	1.378
454.96	1.378
455.17	1.378
455.37	1.383
455.58	1.380
455.78	1.378
455.99	1.375
456.19	1.376
456.40	1.382
456.60	1.383
456.81	1.378
457.01	1.374
457.22	1.372
457.42	1.370
457.63	1.369
457.83	1.371
458.04	1.371
458.24	1.368
458.45	1.366
458.65	1.366
458.86	1.367
459.06	1.365
459.27	1.365
459.47	1.361
459.67	1.359
459.88	1.359
460.08	1.359
460.29	1.358
460.49	1.359
460.70	1.357
460.90	1.357
461.11	1.355
461.31	1.359
461.52	1.359
461.72	1.360
461.92	1.353
462.13	1.358
462.33	1.358
462.54	1.359
462.74	1.358
462.95	1.361
463.15	1.358
463.36	1.360
463.56	1.360
463.76	1.362
463.97	1.354
464.17	1.358
464.38	1.359
464.58	1.359
464.79	1.354
464.99	1.351
465.19	1.346
465.40	1.342
465.60	1.342
465.81	1.345
466.01	1.342
466.22	1.345
466.42	1.344
466.62	1.344
466.83	1.345
467.03	1.348
467.24	1.346
467.44	1.344
467.65	1.345
467.85	1.341
468.05	1.336
468.26	1.335
468.46	1.337
468.67	1.338
468.87	1.335
469.07	1.339
469.28	1.337
469.48	1.334
469.69	1.332
469.89	1.333
470.09	1.333
470.30	1.333
470.50	1.336
470.71	1.336
470.91	1.333
471.11	1.334
471.32	1.337
471.52	1.336
471.72	1.337
471.93	1.338
472.13	1.334
472.34	1.329
472.54	1.329
472.74	1.333
472.95	1.333
473.15	1.330
473.35	1.332
473.56	1.331
473.76	1.330
473.97	1.330
474.17	1.333
474.37	1.332
474.58	1.327
474.78	1.324
474.98	1.325
475.19	1.324
475.39	1.324
475.60	1.321
475.80	1.319
476.00	1.315
476.21	1.316
476.41	1.315
476.61	1.316
476.82	1.315
477.02	1.314
477.22	1.311
477.43	1.311
477.63	1.316
477.83	1.318
478.04	1.314
478.24	1.317
478.44	1.318
478.65	1.315
478.85	1.318
479.05	1.315
479.26	1.316
479.46	1.316
479.66	1.315
479.87	1.314
480.07	1.314
480.27	1.314
480.48	1.316
480.68	1.314
480.88	1.317
481.09	1.314
481.29	1.310
481.49	1.308
481.70	1.313
481.90	1.312
482.10	1.311
482.31	1.308
482.51	1.309
482.71	1.310
482.92	1.310
483.12	1.313
483.32	1.311
483.52	1.308
483.73	1.304
483.93	1.304
484.13	1.304
484.34	1.301
484.54	1.299
484.74	1.297
484.95	1.293
485.15	1.293
485.35	1.292
485.55	1.295
485.76	1.294
485.96	1.292
486.16	1.293
486.37	1.291
486.57	1.291
486.77	1.291
486.97	1.292
487.18	1.289
487.38	1.288
487.58	1.289
487.79	1.289
487.99	1.287
488.19	1.288
488.39	1.287
488.60	1.286
488.80	1.285
489.00	1.288
489.20	1.288
489.41	1.287
489.61	1.285
489.81	1.284
490.02	1.283
490.22	1.284
490.42	1.285
490.62	1.284
490.83	1.283
491.03	1.281
491.23	1.281
491.43	1.281
491.64	1.281
491.84	1.281
492.04	1.282
492.24	1.282
492.45	1.282
492.65	1.281
492.85	1.281
493.05	1.280
493.26	1.281
493.46	1.280
493.66	1.280
493.86	1.280
494.07	1.278
494.27	1.279
494.47	1.279
494.67	1.277
494.87	1.275
495.08	1.272
495.28	1.271
495.48	1.269
495.68	1.264
495.89	1.264
496.09	1.262
496.29	1.262
496.49	1.262
496.69	1.263
496.90	1.265
497.10	1.266
497.30	1.268
497.50	1.270
497.71	1.269
497.91	1.269
498.11	1.269
498.31	1.270
498.51	1.268
498.72	1.268
498.92	1.267
499.12	1.267
499.32	1.266
499.52	1.266
499.73	1.265
499.93	1.264
500.13	1.264
500.33	1.264
500.53	1.262
500.74	1.262
500.94	1.261
501.14	1.260
501.34	1.258
501.54	1.258
501.74	1.259
501.95	1.257
502.15	1.258
502.35	1.258
502.55	1.256
502.75	1.256
502.96	1.257
503.16	1.258
503.36	1.257
503.56	1.255
503.76	1.254
503.96	1.253
504.17	1.255
504.37	1.257
504.57	1.256
504.77	1.258
504.97	1.257
505.17	1.257
505.38	1.258
505.58	1.257
505.78	1.255
505.98	1.252
506.18	1.249
506.38	1.248
506.58	1.246
506.79	1.243
506.99	1.244
507.19	1.242
507.39	1.242
507.59	1.242
507.79	1.242
507.99	1.242
508.20	1.242
508.40	1.242
508.60	1.242
508.80	1.240
509.00	1.239
509.20	1.240
509.40	1.242
509.61	1.241
509.81	1.241
510.01	1.240
510.21	1.238
510.41	1.240
510.61	1.240
510.81	1.241
511.01	1.242
511.22	1.240
511.42	1.240
511.62	1.240
511.82	1.238
512.02	1.239
512.22	1.236
512.42	1.236
512.62	1.236
512.82	1.231
513.03	1.232
513.23	1.232
513.43	1.231
513.63	1.231
513.83	1.229
514.03	1.231
514.23	1.230
514.43	1.229
514.63	1.232
514.83	1.230
515.04	1.230
515.24	1.228
515.44	1.228
515.64	1.229
515.84	1.227
516.04	1.226
516.24	1.226
516.44	1.224
516.64	1.223
516.84	1.223
517.04	1.223
517.24	1.223
517.45	1.224
517.65	1.226
517.85	1.224
518.05	1.225
518.25	1.225
518.45	1.222
518.65	1.222
518.85	1.222
519.05	1.222
519.25	1.221
519.45	1.219
519.65	1.219
519.85	1.216
520.05	1.217
520.25	1.217
520.46	1.215
520.66	1.215
520.86	1.213
521.06	1.211
521.26	1.210
521.46	1.210
521.66	1.211
521.86	1.210
522.06	1.210
522.26	1.212
522.46	1.212
522.66	1.212
522.86	1.213
523.06	1.213
523.26	1.216
523.46	1.215
523.66	1.213
523.86	1.213
524.06	1.211
524.26	1.213
524.46	1.215
524.66	1.217
524.86	1.216
525.06	1.214
525.26	1.214
525.46	1.214
525.66	1.213
525.87	1.213
526.07	1.211
526.27	1.209
526.47	1.205
526.67	1.204
526.87	1.203
527.07	1.200
527.27	1.198
527.47	1.197
527.67	1.194
527.87	1.194
528.07	1.193
528.27	1.195
528.47	1.195
528.67	1.195
528.87	1.194
529.07	1.195
529.27	1.198
529.47	1.198
529.67	1.197
529.87	1.198
530.07	1.195
530.27	1.194
530.47	1.194
530.67	1.196
530.87	1.197
531.06	1.197
531.26	1.199
531.46	1.201
531.66	1.203
531.86	1.205
532.06	1.205
532.26	1.204
532.46	1.204
532.66	1.204
532.86	1.204
533.06	1.203
533.26	1.202
533.46	1.201
533.66	1.201
533.86	1.200
534.06	1.200
534.26	1.200
534.46	1.198
534.66	1.195
534.86	1.195
535.06	1.194
535.26	1.191
535.46	1.191
535.66	1.191
535.86	1.190
536.06	1.188
536.26	1.190
536.45	1.191
536.65	1.190
536.85	1.189
537.05	1.188
537.25	1.188
537.45	1.188
537.65	1.188
537.85	1.188
538.05	1.185
538.25	1.185
538.45	1.184
538.65	1.183
538.85	1.184
539.05	1.182
539.25	1.183
539.44	1.186
539.64	1.188
539.84	1.188
540.04	1.187
540.24	1.187
540.44	1.187
540.64	1.188
540.84	1.187
541.04	1.188
541.24	1.184
541.44	1.182
541.64	1.180
541.83	1.179
542.03	1.178
542.23	1.178
542.43	1.176
542.63	1.177
542.83	1.176
543.03	1.176
543.23	1.176
543.43	1.178
543.63	1.179
543.82	1.179
544.02	1.180
544.22	1.180
544.42	1.179
544.62	1.178
544.82	1.180
545.02	1.179
545.22	1.178
545.42	1.176
545.61	1.177
545.81	1.177
546.01	1.178
546.21	1.176
546.41	1.178
546.61	1.175
546.81	1.176
547.01	1.177
547.20	1.177
547.40	1.175
547.60	1.174
547.80	1.172
548.00	1.173
548.20	1.171
548.40	1.171
548.59	1.172
548.79	1.171
548.99	1.169
549.19	1.172
549.39	1.169
549.59	1.170
549.79	1.168
549.98	1.167
550.18	1.167
550.38	1.167
550.58	1.166
550.78	1.167
550.98	1.166
551.17	1.167
551.37	1.167
551.57	1.168
551.77	1.168
551.97	1.167
552.17	1.164
552.36	1.164
552.56	1.162
552.76	1.160
552.96	1.160
553.16	1.159
553.36	1.159
553.55	1.158
553.75	1.157
553.95	1.158
554.15	1.158
554.35	1.158
554.55	1.160
554.74	1.160
554.94	1.158
555.14	1.158
555.34	1.158
555.54	1.158
555.73	1.159
555.93	1.157
556.13	1.159
556.33	1.157
556.53	1.157
556.72	1.159
556.92	1.157
557.12	1.155
557.32	1.154
557.52	1.153
557.71	1.155
557.91	1.153
558.11	1.154
558.31	1.156
558.51	1.155
558.70	1.156
558.90	1.158
559.10	1.157
559.30	1.157
559.49	1.156
559.69	1.156
559.89	1.154
560.09	1.153
560.29	1.153
560.48	1.151
560.68	1.149
560.88	1.151
561.08	1.150
561.27	1.152
561.47	1.151
561.67	1.150
561.87	1.149
562.06	1.149
562.26	1.151
562.46	1.151
562.66	1.148
562.86	1.146
563.05	1.145
563.25	1.144
563.45	1.145
563.65	1.145
563.84	1.142
564.04	1.142
564.24	1.143
564.44	1.143
564.63	1.145
564.83	1.145
565.03	1.145
565.22	1.143
565.42	1.143
565.62	1.145
565.82	1.144
566.01	1.143
566.21	1.144
566.41	1.144
566.61	1.143
566.80	1.142
567.00	1.143
567.20	1.142
567.40	1.142
567.59	1.143
567.79	1.142
567.99	1.142
568.18	1.141
568.38	1.142
568.58	1.144
568.78	1.144
568.97	1.145
569.17	1.144
569.37	1.143
569.56	1.143
569.76	1.142
569.96	1.142
570.16	1.142
570.35	1.141
570.55	1.139
570.75	1.137
570.94	1.136
571.14	1.135
571.34	1.136
571.53	1.135
571.73	1.135
571.93	1.133
572.12	1.132
572.32	1.132
572.52	1.132
572.72	1.132
572.91	1.131
573.11	1.130
573.31	1.131
573.50	1.131
573.70	1.130
573.90	1.130
574.09	1.130
574.29	1.130
574.49	1.131
574.68	1.133
574.88	1.132
575.08	1.132
575.27	1.132
575.47	1.132
575.67	1.132
575.86	1.131
576.06	1.131
576.26	1.129
576.45	1.129
576.65	1.127
576.85	1.126
577.04	1.125
577.24	1.125
577.44	1.125
577.63	1.126
577.83	1.124
578.02	1.124
578.22	1.123
578.42	1.124
578.61	1.124
578.81	1.125
579.01	1.125
579.20	1.124
579.40	1.125
579.60	1.127
579.79	1.128
579.99	1.128
580.19	1.128
580.38	1.126
580.58	1.125
580.77	1.124
580.97	1.124
581.17	1.122
581.36	1.119
581.56	1.118
581.75	1.117
581.95	1.114
582.15	1.114
582.34	1.115
582.54	1.116
582.74	1.115
582.93	1.117
583.13	1.120
583.32	1.121
583.52	1.122
583.72	1.124
583.91	1.125
584.11	1.125
584.30	1.123
584.50	1.121
584.70	1.119
584.89	1.116
585.09	1.115
585.28	1.114
585.48	1.114
585.68	1.113
585.87	1.112
586.07	1.112
586.26	1.113
586.46	1.114
586.66	1.114
586.85	1.112
587.05	1.111
587.24	1.110
587.44	1.110
587.63	1.110
587.83	1.110
588.03	1.110
588.22	1.109
588.42	1.109
588.61	1.111
588.81	1.111
589.00	1.112
589.20	1.111
589.40	1.111
589.59	1.112
589.79	1.113
589.98	1.111
590.18	1.109
590.37	1.108
590.57	1.109
590.76	1.110
590.96	1.111
591.16	1.111
591.35	1.110
591.55	1.110
591.74	1.110
591.94	1.111
592.13	1.110
592.33	1.109
592.52	1.106
592.72	1.105
592.91	1.104
593.11	1.105
593.30	1.104
593.50	1.104
593.70	1.104
593.89	1.106
594.09	1.107
594.28	1.107
594.48	1.107
594.67	1.107
594.87	1.106
595.06	1.107
595.26	1.106
595.45	1.107
595.65	1.105
595.84	1.105
596.04	1.105
596.23	1.106
596.43	1.106
596.62	1.105
596.82	1.103
597.01	1.102
597.21	1.103
597.40	1.102
597.60	1.101
597.79	1.101
597.99	1.099
598.18	1.098
598.38	1.098
598.57	1.099
598.77	1.099
598.96	1.098
599.16	1.097
599.35	1.097
599.55	1.096
599.74	1.095
599.94	1.096
600.13	1.097
600.33	1.096
600.52	1.096
600.72	1.094
600.91	1.093
601.11	1.094
601.30	1.095
601.50	1.096
601.69	1.095
601.89	1.095
602.08	1.094
602.27	1.093
602.47	1.094
602.66	1.093
602.86	1.092
603.05	1.091
603.25	1.092
603.44	1.092
603.64	1.090
603.83	1.090
604.03	1.091
604.22	1.093
604.41	1.093
604.61	1.093
604.80	1.092
605.00	1.089
605.19	1.090
605.39	1.090
605.58	1.091
605.78	1.090
605.97	1.089
606.16	1.089
606.36	1.088
606.55	1.089
606.75	1.090
606.94	1.088
607.14	1.089
607.33	1.088
607.52	1.087
607.72	1.087
607.91	1.087
608.11	1.087
608.30	1.086
608.50	1.085
608.69	1.084
608.88	1.084
609.08	1.084
609.27	1.084
609.47	1.084
609.66	1.083
609.85	1.083
610.05	1.084
610.24	1.087
610.44	1.088
610.63	1.088
610.83	1.089
611.02	1.089
611.21	1.088
611.41	1.087
611.60	1.085
611.80	1.085
611.99	1.083
612.18	1.082
612.38	1.082
612.57	1.083
612.76	1.082
612.96	1.084
613.15	1.085
613.35	1.085
613.54	1.085
613.73	1.085
613.93	1.084
614.12	1.084
614.32	1.081
614.51	1.081
614.70	1.079
614.90	1.077
615.09	1.078
615.28	1.076
615.48	1.076
615.67	1.077
615.86	1.077
616.06	1.078
616.25	1.077
616.45	1.079
616.64	1.080
616.83	1.079
617.03	1.079
617.22	1.079
617.41	1.077
617.61	1.076
617.80	1.076
617.99	1.075
618.19	1.073
618.38	1.073
618.57	1.072
618.77	1.071
618.96	1.071
619.15	1.072
619.35	1.071
619.54	1.071
619.73	1.071
619.93	1.071
620.12	1.071
620.31	1.072
620.51	1.074
620.70	1.073
620.89	1.073
621.09	1.075
621.28	1.074
621.47	1.074
621.67	1.073
621.86	1.072
622.05	1.071
622.25	1.070
622.44	1.070
622.63	1.070
622.83	1.069
623.02	1.068
623.21	1.069
623.41	1.069
623.60	1.068
623.79	1.067
623.98	1.067
624.18	1.067
624.37	1.067
624.56	1.066
624.76	1.066
624.95	1.064
625.14	1.064
625.33	1.064
625.53	1.065
625.72	1.064
625.91	1.064
626.11	1.064
626.30	1.065
626.49	1.066
626.68	1.066
626.88	1.066
627.07	1.065
627.26	1.065
627.46	1.067
627.65	1.066
627.84	1.066
628.03	1.065
628.23	1.065
628.42	1.066
628.61	1.066
628.80	1.066
629.00	1.066
629.19	1.066
629.38	1.064
629.58	1.063
629.77	1.063
629.96	1.061
630.15	1.060
630.35	1.059
630.54	1.059
630.73	1.058
630.92	1.057
631.12	1.058
631.31	1.058
631.50	1.057
631.69	1.059
631.89	1.060
632.08	1.058
632.27	1.059
632.46	1.059
632.65	1.058
632.85	1.057
633.04	1.058
633.23	1.057
633.42	1.056
633.62	1.054
633.81	1.055
634.00	1.055
634.19	1.055
634.39	1.055
634.58	1.056
634.77	1.057
634.96	1.056
635.15	1.058
635.35	1.059
635.54	1.060
635.73	1.059
635.92	1.058
636.11	1.058
636.31	1.058
636.50	1.056
636.69	1.056
636.88	1.054
637.07	1.052
637.27	1.052
637.46	1.052
637.65	1.053
637.84	1.053
638.03	1.054
638.23	1.052
638.42	1.051
638.61	1.052
638.80	1.053
638.99	1.053
639.19	1.053
639.38	1.052
639.57	1.052
639.76	1.050
639.95	1.049
640.14	1.050
640.34	1.050
640.53	1.049
640.72	1.047
640.91	1.047
641.10	1.047
641.30	1.046
641.49	1.045
641.68	1.046
641.87	1.047
642.06	1.045
642.25	1.046
642.44	1.047
642.64	1.047
642.83	1.046
643.02	1.046
643.21	1.047
643.40	1.046
643.59	1.046
643.79	1.048
643.98	1.047
644.17	1.045
644.36	1.046
644.55	1.046
644.74	1.046
644.93	1.045
645.13	1.046
645.32	1.045
645.51	1.043
645.70	1.044
645.89	1.045
646.08	1.043
646.27	1.045
646.46	1.044
646.66	1.045
646.85	1.044
647.04	1.045
647.23	1.046
647.42	1.045
647.61	1.045
647.80	1.046
647.99	1.046
648.19	1.047
648.38	1.046
648.57	1.045
648.76	1.043
648.95	1.044
649.14	1.045
649.33	1.047
649.52	1.046
649.71	1.046
649.91	1.045
650.10	1.044
650.29	1.045
650.48	1.047
650.67	1.045
650.86	1.043
651.05	1.042
651.24	1.043
651.43	1.042
651.62	1.042
651.81	1.043
652.01	1.041
652.20	1.041
652.39	1.041
652.58	1.040
652.77	1.040
652.96	1.040
653.15	1.041
653.34	1.041
653.53	1.041
653.72	1.042
653.91	1.042
654.10	1.044
654.29	1.045
654.48	1.043
654.68	1.043
654.87	1.040
655.06	1.036
655.25	1.036
655.44	1.035
655.63	1.034
655.82	1.032
656.01	1.031
656.20	1.032
656.39	1.031
656.58	1.032
656.77	1.035
656.96	1.035
657.15	1.035
657.34	1.035
657.53	1.036
657.72	1.036
657.91	1.035
658.10	1.035
658.29	1.034
658.48	1.034
658.68	1.033
658.87	1.032
659.06	1.032
659.25	1.032
659.44	1.031
659.63	1.031
659.82	1.031
660.01	1.031
660.20	1.030
660.39	1.031
660.58	1.032
660.77	1.032
660.96	1.032
661.15	1.033
661.34	1.033
661.53	1.032
661.72	1.032
661.91	1.032
662.10	1.032
662.29	1.032
662.48	1.032
662.67	1.030
662.86	1.027
663.05	1.027
663.24	1.028
663.43	1.028
663.62	1.028
663.81	1.027
664.00	1.027
664.19	1.026
664.38	1.026
664.57	1.027
664.76	1.026
664.95	1.025
665.14	1.027
665.33	1.027
665.52	1.026
665.71	1.026
665.90	1.027
666.09	1.027
666.28	1.027
666.46	1.027
666.65	1.028
666.84	1.026
667.03	1.026
667.22	1.027
667.41	1.027
667.60	1.027
667.79	1.028
667.98	1.027
668.17	1.028
668.36	1.028
668.55	1.027
668.74	1.026
668.93	1.026
669.12	1.025
669.31	1.026
669.50	1.025
669.69	1.024
669.88	1.022
670.07	1.021
670.26	1.023
670.44	1.024
670.63	1.024
670.82	1.023
671.01	1.022
671.20	1.022
671.39	1.022
671.58	1.023
671.77	1.022
671.96	1.021
672.15	1.021
672.34	1.021
672.53	1.019
672.72	1.020
672.91	1.020
673.09	1.019
673.28	1.019
673.47	1.019
673.66	1.019
673.85	1.018
674.04	1.018
674.23	1.018
674.42	1.017
674.61	1.019
674.80	1.018
674.98	1.018
675.17	1.018
675.36	1.018
675.55	1.018
675.74	1.017
675.93	1.018
676.12	1.019
676.31	1.017
676.50	1.018
676.69	1.018
676.87	1.018
677.06	1.018
677.25	1.020
677.44	1.020
677.63	1.019
677.82	1.019
678.01	1.019
678.20	1.018
678.38	1.017
678.57	1.017
678.76	1.016
678.95	1.015
679.14	1.016
679.33	1.016
679.52	1.016
679.71	1.015
679.89	1.016
680.08	1.016
680.27	1.015
680.46	1.015
680.65	1.014
680.84	1.012
681.02	1.013
681.21	1.013
681.40	1.013
681.59	1.013
681.78	1.012
681.97	1.014
682.16	1.014
682.34	1.015
682.53	1.014
682.72	1.015
682.91	1.014
683.10	1.014
683.29	1.014
683.47	1.014
683.66	1.014
683.85	1.013
684.04	1.012
684.23	1.013
684.42	1.012
684.60	1.012
684.79	1.013
684.98	1.012
685.17	1.012
685.36	1.012
685.54	1.013
685.73	1.013
685.92	1.013
686.11	1.013
686.30	1.012
686.49	1.010
686.67	1.011
686.86	1.010
687.05	1.009
687.24	1.008
687.43	1.008
687.61	1.007
687.80	1.007
687.99	1.008
688.18	1.008
688.36	1.007
688.55	1.007
688.74	1.007
688.93	1.007
689.12	1.006
689.30	1.007
689.49	1.006
689.68	1.006
689.87	1.007
690.06	1.008
690.24	1.007
690.43	1.006
690.62	1.006
690.81	1.006
690.99	1.007
691.18	1.006
691.37	1.005
691.56	1.004
691.74	1.004
691.93	1.004
692.12	1.005
692.31	1.005
692.50	1.003
692.68	1.002
692.87	1.002
693.06	1.001
693.25	1.000
693.43	1.001
693.62	1.001
693.81	1.001
694.00	1.001
694.18	1.002
694.37	1.002
694.56	1.002
694.74	1.003
694.93	1.003
695.12	1.002
695.31	1.002
695.49	1.001
695.68	1.001
695.87	1.001
696.06	1.001
696.24	1.000
696.43	1.000
696.62	1.000
696.80	1.002
696.99	1.001
697.18	1.002
697.37	1.002
697.55	1.002
697.74	1.002
697.93	1.003
698.12	1.001
698.30	1.001
698.49	1.001
698.68	1.000
698.86	0.999
699.05	0.999
699.24	0.999
699.42	0.998
699.61	0.998
699.80	0.999
699.99	0.999
700.17	1.000
700.36	1.001
700.55	1.001
700.73	1.000
700.92	1.000
701.11	1.000
701.29	1.000
701.48	1.000
701.67	1.001
701.85	1.000
702.04	0.998
702.23	0.998
702.41	0.999
702.60	0.999
702.79	0.999
702.97	0.999
703.16	0.999
703.35	0.999
703.53	0.998
703.72	0.998
703.91	0.998
704.09	0.998
704.28	0.997
704.47	0.997
704.65	0.997
704.84	0.996
705.03	0.995
705.21	0.995
705.40	0.995
705.59	0.995
705.77	0.994
705.96	0.994
706.15	0.994
706.33	0.993
706.52	0.993
706.71	0.992
706.89	0.992
707.08	0.991
707.26	0.992
707.45	0.993
707.64	0.992
707.82	0.992
708.01	0.992
708.20	0.992
708.38	0.992
708.57	0.991
708.75	0.990
708.94	0.990
709.13	0.989
709.31	0.989
709.50	0.990
709.69	0.991
709.87	0.991
710.06	0.991
710.24	0.992
710.43	0.993
710.62	0.993
710.80	0.993
710.99	0.993
711.17	0.992
711.36	0.991
711.55	0.990
711.73	0.990
711.92	0.989
712.10	0.989
712.29	0.988
712.48	0.988
712.66	0.989
712.85	0.989
713.03	0.989
713.22	0.988
713.40	0.989
713.59	0.989
713.78	0.989
713.96	0.989
714.15	0.989
714.33	0.988
714.52	0.988
714.71	0.988
714.89	0.989
715.08	0.988
715.26	0.989
715.45	0.989
715.63	0.990
715.82	0.990
716.00	0.990
716.19	0.990
716.38	0.990
716.56	0.989
716.75	0.988
716.93	0.988
717.12	0.986
717.30	0.985
717.49	0.985
717.67	0.984
717.86	0.984
718.05	0.983
718.23	0.984
718.42	0.985
718.60	0.984
718.79	0.984
718.97	0.984
719.16	0.984
719.34	0.984
719.53	0.984
719.71	0.985
719.90	0.985
720.08	0.985
720.27	0.985
720.45	0.985
720.64	0.985
720.83	0.985
721.01	0.985
721.20	0.984
721.38	0.984
721.57	0.983
721.75	0.984
721.94	0.985
722.12	0.985
722.31	0.984
722.49	0.985
722.68	0.985
722.86	0.987
723.05	0.986
723.23	0.986
723.42	0.984
723.60	0.984
723.79	0.984
723.97	0.984
724.16	0.984
724.34	0.984
724.53	0.983
724.71	0.983
724.90	0.982
725.08	0.981
725.27	0.981
725.45	0.980
725.64	0.980
725.82	0.980
726.00	0.978
726.19	0.978
726.37	0.978
726.56	0.978
726.74	0.977
726.93	0.977
727.11	0.977
727.30	0.977
727.48	0.977
727.67	0.978
727.85	0.979
728.04	0.980
728.22	0.981
728.40	0.981
728.59	0.982
728.77	0.982
728.96	0.982
729.14	0.982
729.33	0.981
729.51	0.979
729.70	0.978
729.88	0.978
730.07	0.979
730.25	0.979
730.43	0.978
730.62	0.978
730.80	0.978
730.99	0.977
731.17	0.976
731.36	0.977
731.54	0.977
731.72	0.977
731.91	0.976
732.09	0.976
732.28	0.976
732.46	0.976
732.65	0.977
732.83	0.978
733.01	0.977
733.20	0.976
733.38	0.976
733.57	0.977
733.75	0.977
733.93	0.976
734.12	0.977
734.30	0.977
734.49	0.977
734.67	0.976
734.85	0.976
735.04	0.975
735.22	0.975
735.41	0.975
735.59	0.974
735.77	0.974
735.96	0.974
736.14	0.973
736.33	0.974
736.51	0.974
736.69	0.974
736.88	0.973
737.06	0.973
737.25	0.974
737.43	0.974
737.61	0.973
737.80	0.974
737.98	0.974
738.16	0.975
738.35	0.975
738.53	0.975
738.71	0.974
738.90	0.974
739.08	0.973
739.27	0.972
739.45	0.971
739.63	0.969
739.82	0.969
740.00	0.970
740.18	0.970
740.37	0.970
740.55	0.969
740.73	0.967
740.92	0.968
741.10	0.969
741.28	0.970
741.47	0.970
741.65	0.969
741.83	0.969
742.02	0.969
742.20	0.970
742.38	0.971
742.57	0.971
742.75	0.970
742.93	0.971
743.12	0.970
743.30	0.970
743.48	0.970
743.67	0.969
743.85	0.968
744.03	0.967
744.22	0.968
744.40	0.968
744.58	0.967
744.77	0.968
744.95	0.968
745.13	0.968
745.32	0.969
745.50	0.968
745.68	0.969
745.87	0.969
746.05	0.968
746.23	0.969
746.41	0.966
746.60	0.967
746.78	0.968
746.96	0.967
747.15	0.968
747.33	0.967
747.51	0.966
747.70	0.966
747.88	0.966
748.06	0.967
748.24	0.966
748.43	0.964
748.61	0.965
748.79	0.964
748.97	0.964
749.16	0.964
749.34	0.965
749.52	0.964
749.71	0.964
749.89	0.964
750.07	0.964
750.25	0.964
750.44	0.965
750.62	0.964
750.80	0.964
750.98	0.963
751.17	0.962
751.35	0.961
751.53	0.960
751.71	0.960
751.90	0.961
752.08	0.960
752.26	0.960
752.44	0.961
752.63	0.960
752.81	0.961
752.99	0.963
753.17	0.963
753.36	0.963
753.54	0.964
753.72	0.965
753.90	0.966
754.09	0.965
754.27	0.967
754.45	0.967
754.63	0.966
754.82	0.967
755.00	0.968
755.18	0.967
755.36	0.966
755.54	0.966
755.73	0.966
755.91	0.965
756.09	0.965
756.27	0.964
756.45	0.963
756.64	0.963
756.82	0.963
757.00	0.961
757.18	0.961
757.37	0.961
757.55	0.962
757.73	0.960
757.91	0.961
758.09	0.961
758.27	0.961
758.46	0.961
758.64	0.963
758.82	0.962
759.00	0.962
759.18	0.962
759.37	0.963
759.55	0.963
759.73	0.963
759.91	0.963
760.09	0.963
760.28	0.961
760.46	0.961
760.64	0.961
760.82	0.960
761.00	0.961
761.18	0.960
761.37	0.959
761.55	0.959
761.73	0.958
761.91	0.958
762.09	0.959
762.27	0.960
762.46	0.960
762.64	0.959
762.82	0.960
763.00	0.960
763.18	0.961
763.36	0.960
763.54	0.961
763.73	0.960
763.91	0.958
764.09	0.958
764.27	0.958
764.45	0.957
764.63	0.957
764.81	0.955
765.00	0.955
765.18	0.954
765.36	0.954
765.54	0.954
765.72	0.954
765.90	0.954
766.08	0.954
766.27	0.954
766.45	0.954
766.63	0.954
766.81	0.954
766.99	0.952
767.17	0.953
767.35	0.953
767.53	0.953
767.71	0.952
767.90	0.952
768.08	0.952
768.26	0.953
768.44	0.953
768.62	0.953
768.80	0.953
768.98	0.953
769.16	0.953
769.34	0.952
769.52	0.953
769.71	0.954
769.89	0.954
770.07	0.953
770.25	0.954
770.43	0.953
770.61	0.953
770.79	0.951
770.97	0.952
771.15	0.951
771.33	0.949
771.51	0.948
771.69	0.949
771.88	0.948
772.06	0.948
772.24	0.948
772.42	0.949
772.60	0.949
772.78	0.948
772.96	0.949
773.14	0.949
773.32	0.949
773.50	0.949
773.68	0.949
773.86	0.949
774.04	0.949
774.22	0.949
774.40	0.949
774.58	0.949
774.77	0.950
774.95	0.950
775.13	0.951
775.31	0.950
775.49	0.949
775.67	0.949
775.85	0.950
776.03	0.950
776.21	0.948
776.39	0.948
776.57	0.948
776.75	0.947
776.93	0.947
777.11	0.948
777.29	0.948
777.47	0.948
777.65	0.948
777.83	0.948
778.01	0.948
778.19	0.948
778.37	0.948
778.55	0.948
778.73	0.948
778.91	0.948
779.09	0.946
779.27	0.946
779.45	0.947
779.63	0.947
779.81	0.948
779.99	0.947
780.17	0.946
780.35	0.946
780.53	0.947
780.71	0.948
780.89	0.947
781.07	0.946
781.25	0.946
781.43	0.944
781.61	0.946
781.79	0.947
781.97	0.947
782.15	0.947
782.33	0.946
782.51	0.947
782.69	0.948
782.87	0.948
783.05	0.948
783.23	0.948
783.41	0.946
783.59	0.945
783.77	0.945
783.95	0.945
784.13	0.944
784.31	0.945
784.49	0.944
784.67	0.944
784.85	0.944
785.03	0.946
785.21	0.947
785.38	0.946
785.56	0.947
785.74	0.947
785.92	0.947
786.10	0.947
786.28	0.948
786.46	0.947
786.64	0.945
786.82	0.944
787.00	0.944
787.18	0.944
787.36	0.944
787.54	0.944
787.72	0.944
787.90	0.943
788.08	0.944
788.25	0.945
788.43	0.946
788.61	0.945
788.79	0.945
788.97	0.946
789.15	0.947
789.33	0.947
789.51	0.946
789.69	0.946
789.87	0.946
790.05	0.946
790.23	0.946
790.40	0.946
790.58	0.945
790.76	0.946
790.94	0.945
791.12	0.946
791.30	0.947
791.48	0.946
791.66	0.945
791.84	0.945
792.02	0.945
792.19	0.944
792.37	0.944
792.55	0.944
792.73	0.944
792.91	0.942
793.09	0.942
793.27	0.942
793.45	0.941
793.63	0.941
793.80	0.940
793.98	0.941
794.16	0.941
794.34	0.942
794.52	0.942
794.70	0.943
794.88	0.943
795.05	0.943
795.23	0.943
795.41	0.943
795.59	0.943
795.77	0.942
795.95	0.941
796.13	0.940
796.30	0.938
796.48	0.939
796.66	0.939
796.84	0.939
797.02	0.939
797.20	0.939
797.38	0.939
797.55	0.939
797.73	0.940
797.91	0.940
798.09	0.939
798.27	0.938
798.45	0.939
798.62	0.938
798.80	0.938
798.98	0.938
799.16	0.938
799.34	0.937
799.52	0.937
799.69	0.937
799.87	0.938
800.05	0.938
800.23	0.939
800.41	0.939
800.58	0.939
800.76	0.938
800.94	0.939
801.12	0.939
801.30	0.939
801.47	0.940
801.65	0.940
801.83	0.939
802.01	0.940
802.19	0.940
802.36	0.940
802.54	0.940
802.72	0.941
802.90	0.941
803.08	0.938
803.25	0.938
803.43	0.939
803.61	0.939
803.79	0.938
803.97	0.938
804.14	0.937
804.32	0.937
804.50	0.937
804.68	0.937
804.85	0.936
805.03	0.936
805.21	0.935
805.39	0.936
805.56	0.936
805.74	0.938
805.92	0.938
806.10	0.938
806.28	0.939
806.45	0.938
806.63	0.937
806.81	0.938
806.99	0.938
807.16	0.937
807.34	0.936
807.52	0.936
807.70	0.936
807.87	0.935
808.05	0.935
808.23	0.935
808.41	0.934
808.58	0.933
808.76	0.934
808.94	0.934
809.11	0.932
809.29	0.933
809.47	0.933
809.65	0.933
809.82	0.933
810.00	0.934
810.18	0.935
810.36	0.932
810.53	0.932
810.71	0.933
810.89	0.933
811.06	0.933
811.24	0.932
811.42	0.933
811.60	0.932
811.77	0.932
811.95	0.933
812.13	0.932
812.30	0.933
812.48	0.932
812.66	0.932
812.83	0.932
813.01	0.932
813.19	0.933
813.37	0.932
813.54	0.933
813.72	0.935
813.90	0.934
814.07	0.933
814.25	0.934
814.43	0.933
814.60	0.932
814.78	0.932
814.96	0.931
815.13	0.931
815.31	0.929
815.49	0.930
815.66	0.930
815.84	0.930
816.02	0.929
816.19	0.929
816.37	0.929
816.55	0.931
816.72	0.931
816.90	0.931
817.08	0.931
817.25	0.931
817.43	0.932
817.61	0.934
817.78	0.934
817.96	0.935
818.14	0.933
818.31	0.934
818.49	0.932
818.67	0.931
818.84	0.931
819.02	0.931
819.19	0.930
819.37	0.931
819.55	0.931
819.72	0.932
819.90	0.931
820.08	0.933
820.25	0.933
820.43	0.933
820.60	0.933
820.78	0.933
820.96	0.933
821.13	0.931
821.31	0.931
821.49	0.931
821.66	0.929
821.84	0.929
822.01	0.929
822.19	0.929
822.37	0.928
822.54	0.928
822.72	0.929
822.89	0.928
823.07	0.928
823.25	0.930
823.42	0.930
823.60	0.929
823.77	0.928
823.95	0.929
824.13	0.929
824.30	0.928
824.48	0.928
824.65	0.928
824.83	0.926
825.01	0.927
825.18	0.929
825.36	0.930
825.53	0.930
825.71	0.929
825.88	0.930
826.06	0.931
826.24	0.930
826.41	0.930
826.59	0.928
826.76	0.927
826.94	0.926
827.11	0.926
827.29	0.927
827.47	0.925
827.64	0.924
827.82	0.923
827.99	0.923
828.17	0.923
828.34	0.924
828.52	0.926
828.69	0.926
828.87	0.926
829.04	0.926
829.22	0.927
829.40	0.928
829.57	0.928
829.75	0.929
829.92	0.929
830.10	0.928
830.27	0.929
830.45	0.927
830.62	0.928
830.80	0.927
830.97	0.926
831.15	0.926
831.32	0.925
831.50	0.924
831.67	0.923
831.85	0.922
832.02	0.922
832.20	0.923
832.37	0.923
832.55	0.923
832.73	0.924
832.90	0.924
833.08	0.924
833.25	0.926
833.43	0.926
833.60	0.928
833.78	0.927
833.95	0.926
834.13	0.925
834.30	0.925
834.48	0.925
834.65	0.925
834.82	0.923
835.00	0.923
835.17	0.922
835.35	0.923
835.52	0.923
835.70	0.923
835.87	0.922
836.05	0.921
836.22	0.920
836.40	0.919
836.57	0.920
836.75	0.918
836.92	0.919
837.10	0.917
837.27	0.918
837.45	0.921
837.62	0.921
837.80	0.923
837.97	0.923
838.14	0.923
838.32	0.922
838.49	0.922
838.67	0.922
838.84	0.920
839.02	0.919
839.19	0.919
839.37	0.917
839.54	0.917
839.71	0.917
839.89	0.918
840.06	0.917
840.24	0.917
840.41	0.917
840.59	0.916
840.76	0.918
840.94	0.918
841.11	0.917
841.28	0.916
841.46	0.916
841.63	0.917
841.81	0.918
841.98	0.918
842.15	0.918
842.33	0.918
842.50	0.919
842.68	0.919
842.85	0.921
843.03	0.919
843.20	0.919
843.37	0.919
843.55	0.921
843.72	0.921
843.90	0.921
844.07	0.922
844.24	0.922
844.42	0.921
844.59	0.922
844.77	0.921
844.94	0.920
845.11	0.920
845.29	0.918
845.46	0.916
845.63	0.914
845.81	0.916
845.98	0.918
846.16	0.917
846.33	0.916
846.50	0.917
846.68	0.916
846.85	0.918
847.02	0.919
847.20	0.918
847.37	0.917
847.55	0.914
847.72	0.915
847.89	0.915
848.07	0.913
848.24	0.911
848.41	0.910
848.59	0.910
848.76	0.911
848.93	0.910
849.11	0.910
849.28	0.910
849.45	0.911
849.63	0.909
849.80	0.910
849.97	0.910
850.15	0.910
850.32	0.909
850.49	0.910
850.67	0.911
850.84	0.912
851.01	0.910
851.19	0.913
851.36	0.914
851.53	0.915
851.71	0.915
851.88	0.915
852.05	0.915
852.23	0.915
852.40	0.915
852.57	0.916
852.75	0.915
852.92	0.916
853.09	0.916
853.27	0.917
853.44	0.916
853.61	0.917
853.79	0.918
853.96	0.918
854.13	0.918
854.30	0.917
854.48	0.917
854.65	0.918
854.82	0.916
855.00	0.918
855.17	0.918
855.34	0.916
855.51	0.916
855.69	0.914
855.86	0.916
856.03	0.915
856.21	0.915
856.38	0.916
856.55	0.915
856.72	0.917
856.90	0.917
857.07	0.916
857.24	0.918
857.42	0.917
857.59	0.915
857.76	0.914
857.93	0.913
858.11	0.914
858.28	0.912
858.45	0.913
858.62	0.914
858.80	0.914
858.97	0.915
859.14	0.917
859.31	0.919
859.49	0.919
859.66	0.920
859.83	0.920
860.00	0.920
860.18	0.920
860.35	0.920
860.52	0.919
860.69	0.919
860.86	0.919
861.04	0.919
861.21	0.918
861.38	0.919
861.55	0.919
861.73	0.918
861.90	0.916
862.07	0.916
862.24	0.914
862.42	0.914
862.59	0.913
862.76	0.913
862.93	0.912
863.10	0.913
863.28	0.912
863.45	0.914
863.62	0.916
863.79	0.918
863.96	0.919
864.14	0.919
864.31	0.920
864.48	0.920
864.65	0.919
864.82	0.922
865.00	0.920
865.17	0.920
865.34	0.919
865.51	0.918
865.68	0.918
865.86	0.918
866.03	0.918
866.20	0.918
866.37	0.917
866.54	0.917
866.71	0.917
866.89	0.917
867.06	0.918
867.23	0.916
867.40	0.915
867.57	0.915
867.74	0.915
867.92	0.915
868.09	0.913
868.26	0.913
868.43	0.913
868.60	0.912
868.77	0.916
868.95	0.915
869.12	0.916
869.29	0.914
869.46	0.914
869.63	0.916
869.80	0.917
869.97	0.918
870.15	0.918
870.32	0.918
870.49	0.919
870.66	0.919
870.83	0.920
871.00	0.920
871.17	0.920
871.34	0.920
871.52	0.920
871.69	0.921
871.86	0.918
872.03	0.917
872.20	0.916
872.37	0.914
872.54	0.915
872.71	0.915
872.89	0.914
873.06	0.915
873.23	0.915
873.40	0.917
873.57	0.917
873.74	0.921
873.91	0.923
874.08	0.922
874.25	0.922
874.42	0.923
874.60	0.922
874.77	0.922
874.94	0.921
875.11	0.921
875.28	0.919
875.45	0.919
875.62	0.920
875.79	0.922
875.96	0.923
876.13	0.924
876.30	0.924
876.47	0.923
876.65	0.922
876.82	0.922
876.99	0.923
877.16	0.922
877.33	0.921
877.50	0.919
877.67	0.918
877.84	0.917
878.01	0.919
878.18	0.918
878.35	0.918
878.52	0.914
878.69	0.914
878.86	0.912
879.03	0.912
879.20	0.914
879.38	0.915
879.55	0.916
879.72	0.918
879.89	0.917
880.06	0.920
880.23	0.919
880.40	0.920
880.57	0.917
880.74	0.917
880.91	0.919
881.08	0.918
881.25	0.918
881.42	0.918
881.59	0.919
881.76	0.920
881.93	0.920
882.10	0.921
882.27	0.922
882.44	0.922
882.61	0.921
882.78	0.918
882.95	0.917
883.12	0.915
883.29	0.916
883.46	0.918
883.63	0.920
883.80	0.920
883.97	0.918
884.14	0.917
884.31	0.920
884.48	0.920
884.65	0.919
884.82	0.917
884.99	0.915
885.16	0.911
885.33	0.910
885.50	0.911
885.67	0.910
885.84	0.912
886.01	0.917
886.18	0.920
886.35	0.921
886.52	0.919
886.69	0.921
886.86	0.921
887.03	0.919
887.20	0.923
887.37	0.919
887.54	0.916
887.71	0.912
887.88	0.912
888.05	0.914
888.22	0.915
888.39	0.913
888.55	0.916
888.72	0.916
888.89	0.916
889.06	0.915
889.23	0.916
889.40	0.915
889.57	0.915
889.74	0.914
889.91	0.917
890.08	0.912
890.25	0.909
890.42	0.909
890.59	0.912
890.76	0.915
890.93	0.917
891.10	0.918
891.26	0.917
891.43	0.914
891.60	0.918
891.77	0.916
891.94	0.918
892.11	0.916
892.28	0.914
892.45	0.914
892.62	0.914
892.79	0.914
892.96	0.913
893.13	0.911
893.29	0.914
893.46	0.915
893.63	0.913
893.80	0.912
893.97	0.910
894.14	0.910
894.31	0.913
894.48	0.906
894.65	0.898
894.81	0.937
894.98	0.919
