177.34	-0.000
177.56	-0.000
177.78	-0.000
178.00	0.062
178.22	0.181
178.44	0.116
178.66	0.034
178.89	-0.008
179.11	0.060
179.33	1.958
179.55	-0.000
179.77	0.647
179.99	0.749
180.21	0.521
180.43	0.667
180.65	1.035
180.87	0.730
181.09	0.551
181.31	0.419
181.53	0.343
181.75	0.405
181.97	0.384
182.19	0.401
182.41	0.373
182.63	0.376
182.85	0.408
183.07	0.463
183.30	0.425
183.52	0.439
183.74	0.434
183.96	0.417
184.18	0.395
184.40	0.372
184.62	0.358
184.84	0.336
185.06	0.315
185.28	0.306
185.50	0.319
185.72	0.353
185.94	0.374
186.16	0.397
186.38	0.467
186.60	0.505
186.82	0.543
187.04	0.621
187.26	0.666
187.48	0.725
187.70	0.771
187.92	0.821
188.14	0.863
188.36	0.864
188.58	0.876
188.80	0.875
189.02	0.880
189.24	0.929
189.46	0.936
189.68	0.954
189.90	0.956
190.12	0.995
190.34	0.968
190.56	0.957
190.78	0.978
191.00	1.004
191.22	0.990
191.44	1.054
191.66	1.073
191.88	1.083
192.10	1.097
192.32	1.123
192.54	1.149
192.76	1.184
192.98	1.182
193.20	1.188
193.42	1.176
193.64	1.197
193.86	1.201
194.08	1.185
194.30	1.202
194.52	1.239
194.74	1.235
194.96	1.225
195.18	1.280
195.40	1.267
195.62	1.264
195.84	1.317
196.06	1.361
196.28	1.428
196.50	1.422
196.72	1.419
196.94	1.475
197.16	1.460
197.38	1.488
197.60	1.462
197.82	1.475
198.04	1.455
198.26	1.449
198.48	1.497
198.70	1.512
198.92	1.492
199.13	1.481
199.35	1.495
199.57	1.496
199.79	1.481
200.01	1.491
200.23	1.494
200.45	1.499
200.67	1.502
200.89	1.520
201.11	1.552
201.33	1.535
201.55	1.585
201.77	1.594
201.99	1.616
202.21	1.591
202.43	1.546
202.65	1.549
202.87	1.553
203.09	1.560
203.31	1.562
203.52	1.562
203.74	1.595
203.96	1.596
204.18	1.648
204.40	1.680
204.62	1.725
204.84	1.777
205.06	1.789
205.28	1.855
205.50	1.887
205.72	1.881
205.94	1.902
206.16	1.880
206.38	1.870
206.59	1.846
206.81	1.870
207.03	1.870
207.25	1.804
207.47	1.781
207.69	1.762
207.91	1.769
208.13	1.741
208.35	1.748
208.57	1.771
208.79	1.741
209.01	1.767
209.22	1.797
209.44	1.790
209.66	1.782
209.88	1.752
210.10	1.786
210.32	1.808
210.54	1.812
210.76	1.821
210.98	1.814
211.20	1.847
211.42	1.862
211.63	1.887
211.85	1.889
212.07	1.900
212.29	1.912
212.51	1.961
212.73	1.964
212.95	2.007
213.17	1.989
213.39	1.991
213.60	2.016
213.82	2.047
214.04	2.029
214.26	2.009
214.48	1.969
214.70	1.956
214.92	1.939
215.14	1.931
215.35	1.958
215.57	1.950
215.79	1.979
216.01	2.023
216.23	2.045
216.45	2.053
216.67	2.066
216.89	2.073
217.10	2.099
217.32	2.064
217.54	2.081
217.76	2.076
217.98	2.042
218.20	2.036
218.42	2.048
218.64	2.053
218.85	2.045
219.07	2.060
219.29	2.107
219.51	2.101
219.73	2.129
219.95	2.158
220.17	2.177
220.38	2.185
220.60	2.177
220.82	2.205
221.04	2.154
221.26	2.125
221.48	2.144
221.69	2.138
221.91	2.146
222.13	2.118
222.35	2.108
222.57	2.133
222.79	2.117
223.00	2.155
223.22	2.172
223.44	2.165
223.66	2.151
223.88	2.152
224.10	2.167
224.32	2.198
224.53	2.172
224.75	2.153
224.97	2.146
225.19	2.147
225.41	2.139
225.62	2.158
225.84	2.136
226.06	2.141
226.28	2.134
226.50	2.160
226.72	2.176
226.93	2.139
227.15	2.128
227.37	2.108
227.59	2.086
227.81	2.085
228.02	2.081
228.24	2.043
228.46	2.025
228.68	2.013
228.90	2.040
229.12	2.017
229.33	2.013
229.55	1.991
229.77	1.981
229.99	1.962
230.21	1.960
230.42	1.946
230.64	1.933
230.86	1.909
231.08	1.913
231.30	1.891
231.51	1.875
231.73	1.853
231.95	1.843
232.17	1.831
232.38	1.822
232.60	1.802
232.82	1.787
233.04	1.761
233.26	1.757
233.47	1.748
233.69	1.742
233.91	1.730
234.13	1.714
234.35	1.698
234.56	1.685
234.78	1.670
235.00	1.662
235.22	1.644
235.43	1.636
235.65	1.616
235.87	1.602
236.09	1.591
236.30	1.576
236.52	1.562
236.74	1.551
236.96	1.537
237.18	1.527
237.39	1.513
237.61	1.506
237.83	1.494
238.05	1.486
238.26	1.480
238.48	1.472
238.70	1.468
238.92	1.460
239.13	1.454
239.35	1.443
239.57	1.433
239.79	1.423
240.00	1.415
240.22	1.405
240.44	1.398
240.66	1.387
240.87	1.382
241.09	1.373
241.31	1.367
241.53	1.363
241.74	1.357
241.96	1.350
242.18	1.339
242.40	1.333
242.61	1.324
242.83	1.314
243.05	1.310
243.27	1.304
243.48	1.296
243.70	1.292
243.92	1.286
244.13	1.281
244.35	1.276
244.57	1.272
244.79	1.267
245.00	1.260
245.22	1.255
245.44	1.250
245.65	1.243
245.87	1.238
246.09	1.235
246.31	1.230
246.52	1.226
246.74	1.222
246.96	1.218
247.18	1.211
247.39	1.209
247.61	1.206
247.83	1.201
248.04	1.197
248.26	1.194
248.48	1.190
248.69	1.186
248.91	1.182
249.13	1.181
249.35	1.176
249.56	1.172
249.78	1.170
250.00	1.168
250.21	1.164
250.43	1.160
250.65	1.158
250.86	1.156
251.08	1.151
251.30	1.150
251.51	1.145
251.73	1.143
251.95	1.138
252.17	1.134
252.38	1.133
252.60	1.130
252.82	1.126
253.03	1.124
253.25	1.120
253.47	1.118
253.68	1.116
253.90	1.114
254.12	1.113
254.33	1.113
254.55	1.109
254.77	1.109
254.98	1.107
255.20	1.107
255.42	1.108
255.63	1.105
255.85	1.102
256.07	1.100
256.28	1.096
256.50	1.094
256.72	1.092
256.93	1.089
257.15	1.086
257.37	1.084
257.58	1.083
257.80	1.082
258.02	1.081
258.23	1.078
258.45	1.077
258.67	1.075
258.88	1.073
259.10	1.073
259.32	1.069
259.53	1.067
259.75	1.064
259.96	1.061
260.18	1.059
260.40	1.057
260.61	1.056
260.83	1.054
261.05	1.051
261.26	1.050
261.48	1.047
261.70	1.047
261.91	1.047
262.13	1.046
262.34	1.045
262.56	1.042
262.78	1.041
262.99	1.040
263.21	1.038
263.43	1.036
263.64	1.033
263.86	1.031
264.07	1.028
264.29	1.026
264.51	1.025
264.72	1.023
264.94	1.021
265.16	1.019
265.37	1.018
265.59	1.016
265.80	1.015
266.02	1.013
266.24	1.013
266.45	1.009
266.67	1.009
266.88	1.006
267.10	1.005
267.32	1.002
267.53	1.002
267.75	1.000
267.96	0.998
268.18	0.995
268.40	0.993
268.61	0.991
268.83	0.989
269.04	0.988
269.26	0.986
269.48	0.983
269.69	0.982
269.91	0.980
270.12	0.978
270.34	0.977
270.56	0.975
270.77	0.973
270.99	0.970
271.20	0.968
271.42	0.966
271.64	0.963
271.85	0.961
272.07	0.959
272.28	0.957
272.50	0.954
272.71	0.953
272.93	0.950
273.15	0.949
273.36	0.947
273.58	0.944
273.79	0.942
274.01	0.940
274.22	0.936
274.44	0.933
274.66	0.931
274.87	0.929
275.09	0.926
275.30	0.924
275.52	0.921
275.73	0.918
275.95	0.915
276.16	0.913
276.38	0.911
276.60	0.908
276.81	0.904
277.03	0.901
277.24	0.898
277.46	0.896
277.67	0.892
277.89	0.890
278.10	0.887
278.32	0.884
278.53	0.881
278.75	0.879
278.97	0.876
279.18	0.873
279.40	0.870
279.61	0.868
279.83	0.865
280.04	0.862
280.26	0.860
280.47	0.856
280.69	0.854
280.90	0.851
281.12	0.849
281.33	0.845
281.55	0.842
281.76	0.839
281.98	0.835
282.20	0.832
282.41	0.828
282.63	0.824
282.84	0.821
283.06	0.817
283.27	0.814
283.49	0.811
283.70	0.808
283.92	0.805
284.13	0.802
284.35	0.799
284.56	0.796
284.78	0.791
284.99	0.787
285.21	0.784
285.42	0.780
285.64	0.776
285.85	0.772
286.07	0.767
286.28	0.763
286.50	0.759
286.71	0.756
286.93	0.752
287.14	0.748
287.36	0.743
287.57	0.739
287.79	0.735
288.00	0.731
288.22	0.728
288.43	0.725
288.65	0.720
288.86	0.716
289.08	0.713
289.29	0.710
289.51	0.707
289.72	0.703
289.94	0.699
290.15	0.696
290.37	0.692
290.58	0.689
290.80	0.686
291.01	0.682
291.22	0.679
291.44	0.676
291.65	0.672
291.87	0.669
292.08	0.665
292.30	0.661
292.51	0.657
292.73	0.654
292.94	0.651
293.16	0.648
293.37	0.643
293.59	0.641
293.80	0.638
294.02	0.634
294.23	0.631
294.44	0.628
294.66	0.625
294.87	0.621
295.09	0.618
295.30	0.616
295.52	0.612
295.73	0.609
295.95	0.606
296.16	0.603
296.37	0.601
296.59	0.599
296.80	0.597
297.02	0.594
297.23	0.591
297.45	0.588
297.66	0.586
297.88	0.584
298.09	0.581
298.30	0.577
298.52	0.574
298.73	0.572
298.95	0.569
299.16	0.567
299.38	0.565
299.59	0.562
299.80	0.559
300.02	0.557
300.23	0.554
300.45	0.552
300.66	0.549
300.88	0.547
301.09	0.544
301.30	0.541
301.52	0.539
301.73	0.536
301.95	0.534
302.16	0.532
302.37	0.530
302.59	0.528
302.80	0.525
303.02	0.523
303.23	0.521
303.45	0.519
303.66	0.516
303.87	0.514
304.09	0.512
304.30	0.510
304.52	0.508
304.73	0.506
304.94	0.504
305.16	0.502
305.37	0.500
305.59	0.499
305.80	0.497
306.01	0.495
306.23	0.492
306.44	0.491
306.65	0.488
306.87	0.487
307.08	0.484
307.30	0.483
307.51	0.481
307.72	0.480
307.94	0.478
308.15	0.477
308.37	0.475
308.58	0.473
308.79	0.471
309.01	0.469
309.22	0.468
309.43	0.465
309.65	0.463
309.86	0.461
310.07	0.459
310.29	0.456
310.50	0.454
310.72	0.452
310.93	0.449
311.14	0.446
311.36	0.444
311.57	0.442
311.78	0.440
312.00	0.439
312.21	0.437
312.42	0.435
312.64	0.433
312.85	0.432
313.07	0.431
313.28	0.429
313.49	0.427
313.71	0.425
313.92	0.423
314.13	0.421
314.35	0.420
314.56	0.418
314.77	0.416
314.99	0.414
315.20	0.412
315.41	0.410
315.63	0.408
315.84	0.406
316.05	0.404
316.27	0.402
316.48	0.400
316.69	0.398
316.91	0.396
317.12	0.395
317.33	0.393
317.55	0.392
317.76	0.391
317.97	0.389
318.19	0.388
318.40	0.386
318.61	0.385
318.83	0.383
319.04	0.381
319.25	0.379
319.47	0.377
319.68	0.376
319.89	0.374
320.10	0.372
320.32	0.370
320.53	0.369
320.74	0.367
320.96	0.365
321.17	0.363
321.38	0.361
321.60	0.360
321.81	0.358
322.02	0.357
322.24	0.355
322.45	0.354
322.66	0.352
322.87	0.351
323.09	0.350
323.30	0.348
323.51	0.347
323.73	0.345
323.94	0.343
324.15	0.341
324.36	0.340
324.58	0.338
324.79	0.337
325.00	0.335
325.22	0.333
325.43	0.332
325.64	0.331
325.85	0.330
326.07	0.328
326.28	0.327
326.49	0.326
326.71	0.324
326.92	0.323
327.13	0.322
327.34	0.320
327.56	0.319
327.77	0.317
327.98	0.316
328.19	0.314
328.41	0.313
328.62	0.311
328.83	0.310
329.04	0.308
329.26	0.306
329.47	0.304
329.68	0.303
329.90	0.302
330.11	0.300
330.32	0.299
330.53	0.297
330.75	0.296
330.96	0.294
331.17	0.294
331.38	0.293
331.60	0.292
331.81	0.290
332.02	0.289
332.23	0.288
332.44	0.287
332.66	0.285
332.87	0.284
333.08	0.283
333.29	0.281
333.51	0.280
333.72	0.279
333.93	0.278
334.14	0.276
334.36	0.275
334.57	0.274
334.78	0.272
334.99	0.272
335.21	0.270
335.42	0.269
335.63	0.268
335.84	0.266
336.05	0.265
336.27	0.264
336.48	0.263
336.69	0.262
336.90	0.261
337.11	0.260
337.33	0.259
337.54	0.258
337.75	0.257
337.96	0.257
338.18	0.255
338.39	0.253
338.60	0.252
338.81	0.251
339.02	0.249
339.24	0.247
339.45	0.246
339.66	0.245
339.87	0.244
340.08	0.243
340.30	0.242
340.51	0.241
340.72	0.240
340.93	0.239
341.14	0.238
341.36	0.237
341.57	0.236
341.78	0.235
341.99	0.234
342.20	0.233
342.41	0.232
342.63	0.231
342.84	0.230
343.05	0.229
343.26	0.229
343.47	0.227
343.69	0.227
343.90	0.225
344.11	0.224
344.32	0.223
344.53	0.222
344.74	0.221
344.96	0.220
345.17	0.218
345.38	0.217
345.59	0.216
345.80	0.216
346.01	0.215
346.23	0.214
346.44	0.212
346.65	0.212
346.86	0.210
347.07	0.210
347.28	0.208
347.50	0.207
347.71	0.207
347.92	0.206
348.13	0.206
348.34	0.206
348.55	0.204
348.76	0.203
348.98	0.201
349.19	0.201
349.40	0.199
349.61	0.198
349.82	0.197
350.03	0.195
350.24	0.194
350.46	0.194
350.67	0.193
350.88	0.192
351.09	0.192
351.30	0.191
351.51	0.190
351.72	0.189
351.93	0.188
352.15	0.187
352.36	0.186
352.57	0.186
352.78	0.184
352.99	0.184
353.20	0.182
353.41	0.182
353.62	0.181
353.84	0.180
354.05	0.179
354.26	0.178
354.47	0.178
354.68	0.177
354.89	0.177
355.10	0.176
355.31	0.175
355.52	0.175
355.74	0.174
355.95	0.173
356.16	0.172
356.37	0.171
356.58	0.170
356.79	0.169
357.00	0.168
357.21	0.167
357.42	0.166
357.63	0.165
357.85	0.164
358.06	0.163
358.27	0.163
358.48	0.162
358.69	0.162
358.90	0.161
359.11	0.161
359.32	0.160
359.53	0.159
359.74	0.158
359.95	0.157
360.17	0.156
360.38	0.156
360.59	0.155
360.80	0.154
361.01	0.153
361.22	0.152
361.43	0.152
361.64	0.151
361.85	0.151
362.06	0.150
362.27	0.149
362.48	0.148
362.69	0.148
362.90	0.146
363.12	0.145
363.33	0.145
363.54	0.144
363.75	0.143
363.96	0.142
364.17	0.142
364.38	0.140
364.59	0.139
364.80	0.139
365.01	0.139
365.22	0.138
365.43	0.138
365.64	0.137
365.85	0.136
366.06	0.136
366.27	0.135
366.48	0.134
366.69	0.134
366.90	0.133
367.11	0.133
367.32	0.132
367.54	0.132
367.75	0.130
367.96	0.129
368.17	0.128
368.38	0.127
368.59	0.126
368.80	0.125
369.01	0.124
369.22	0.123
369.43	0.122
369.64	0.122
369.85	0.122
370.06	0.122
370.27	0.121
370.48	0.121
370.69	0.120
370.90	0.120
371.11	0.120
371.32	0.119
371.53	0.119
371.74	0.118
371.95	0.118
372.16	0.117
372.37	0.117
372.58	0.116
372.79	0.115
373.00	0.114
373.21	0.114
373.42	0.113
373.63	0.112
373.84	0.112
374.05	0.111
374.26	0.111
374.47	0.110
374.68	0.109
374.89	0.109
375.10	0.109
375.31	0.108
375.52	0.107
375.73	0.107
375.94	0.106
376.15	0.105
376.36	0.105
376.57	0.104
376.78	0.103
376.99	0.103
377.20	0.103
377.41	0.103
377.62	0.103
377.83	0.103
378.04	0.102
378.25	0.101
378.46	0.101
378.67	0.101
378.88	0.100
379.09	0.099
379.30	0.098
379.51	0.097
379.72	0.096
379.92	0.096
380.13	0.095
380.34	0.095
380.55	0.095
380.76	0.094
380.97	0.094
381.18	0.093
381.39	0.092
381.60	0.091
381.81	0.091
382.02	0.090
382.23	0.090
382.44	0.089
382.65	0.089
382.86	0.088
383.07	0.088
383.28	0.087
383.49	0.087
383.70	0.087
383.91	0.086
384.11	0.086
384.32	0.086
384.53	0.085
384.74	0.084
384.95	0.084
385.16	0.083
385.37	0.083
385.58	0.082
385.79	0.082
386.00	0.081
386.21	0.081
386.42	0.081
386.63	0.081
386.84	0.081
387.04	0.081
387.25	0.080
387.46	0.080
387.67	0.080
387.88	0.080
388.09	0.080
388.30	0.079
388.51	0.078
388.72	0.078
388.93	0.078
389.14	0.077
389.34	0.076
389.55	0.076
389.76	0.075
389.97	0.075
390.18	0.075
390.39	0.074
390.60	0.074
390.81	0.073
391.02	0.073
391.23	0.072
391.43	0.072
391.64	0.072
391.85	0.072
392.06	0.071
392.27	0.071
392.48	0.071
392.69	0.070
392.90	0.070
393.11	0.069
393.31	0.069
393.52	0.068
393.73	0.068
393.94	0.068
394.15	0.068
394.36	0.068
394.57	0.067
394.78	0.067
394.98	0.067
395.19	0.067
395.40	0.066
395.61	0.066
395.82	0.066
396.03	0.065
396.24	0.065
396.44	0.064
396.65	0.064
396.86	0.063
397.07	0.063
397.28	0.064
397.49	0.063
397.70	0.063
397.90	0.062
398.11	0.062
398.32	0.062
398.53	0.061
398.74	0.061
398.95	0.060
399.16	0.060
399.36	0.060
399.57	0.059
399.78	0.059
399.99	0.059
400.20	0.059
400.41	0.058
400.61	0.058
400.82	0.057
401.03	0.057
401.24	0.057
401.45	0.057
401.66	0.057
401.86	0.056
402.07	0.056
402.28	0.056
402.49	0.055
402.70	0.055
402.91	0.055
403.11	0.055
403.32	0.055
403.53	0.055
403.74	0.055
403.95	0.055
404.15	0.055
404.36	0.055
404.57	0.055
404.78	0.055
404.99	0.055
405.20	0.054
405.40	0.053
405.61	0.053
405.82	0.053
406.03	0.053
406.24	0.052
406.44	0.052
406.65	0.052
406.86	0.052
407.07	0.052
407.28	0.052
407.48	0.052
407.69	0.051
407.90	0.050
408.11	0.050
408.32	0.049
408.52	0.049
408.73	0.049
408.94	0.049
409.15	0.049
409.35	0.048
409.56	0.048
409.77	0.048
409.98	0.048
410.19	0.048
410.39	0.048
410.60	0.048
410.81	0.047
411.02	0.047
411.22	0.046
411.43	0.047
411.64	0.046
411.85	0.046
412.05	0.046
412.26	0.046
412.47	0.044
412.68	0.045
412.89	0.046
413.09	0.046
413.30	0.046
413.51	0.045
413.72	0.045
413.92	0.045
414.13	0.045
414.34	0.045
414.55	0.044
414.75	0.043
414.96	0.043
415.17	0.043
415.38	0.043
415.58	0.043
415.79	0.043
416.00	0.043
416.21	0.042
416.41	0.043
416.62	0.043
416.83	0.043
417.03	0.043
417.24	0.042
417.45	0.042
417.66	0.042
417.86	0.042
418.07	0.042
418.28	0.042
418.49	0.042
418.69	0.042
418.90	0.042
419.11	0.042
419.31	0.042
419.52	0.042
419.73	0.042
419.94	0.042
420.14	0.041
420.35	0.041
420.56	0.041
420.76	0.041
420.97	0.041
421.18	0.040
421.39	0.040
421.59	0.040
421.80	0.039
422.01	0.040
422.21	0.039
422.42	0.038
422.63	0.039
422.84	0.038
423.04	0.038
423.25	0.038
423.46	0.038
423.66	0.038
423.87	0.037
424.08	0.037
424.28	0.037
424.49	0.036
424.70	0.036
424.90	0.036
425.11	0.035
425.32	0.034
425.52	0.034
425.73	0.035
425.94	0.034
426.15	0.035
426.35	0.035
426.56	0.036
426.77	0.036
426.97	0.036
427.18	0.036
427.39	0.035
427.59	0.034
427.80	0.035
428.01	0.034
428.21	0.034
428.42	0.034
428.63	0.034
428.83	0.034
429.04	0.034
429.25	0.033
429.45	0.034
429.66	0.033
429.87	0.033
430.07	0.033
430.28	0.033
430.48	0.033
430.69	0.032
430.90	0.032
431.10	0.033
431.31	0.032
431.52	0.032
431.72	0.033
431.93	0.032
432.14	0.032
432.34	0.032
432.55	0.032
432.76	0.032
432.96	0.032
433.17	0.032
433.37	0.032
433.58	0.032
433.79	0.031
433.99	0.031
434.20	0.031
434.41	0.031
434.61	0.031
434.82	0.031
435.02	0.031
435.23	0.031
435.44	0.032
435.64	0.031
435.85	0.031
436.06	0.031
436.26	0.031
436.47	0.031
436.67	0.031
436.88	0.031
437.09	0.030
437.29	0.030
437.50	0.030
437.70	0.030
437.91	0.030
438.12	0.029
438.32	0.029
438.53	0.029
438.73	0.029
438.94	0.029
439.15	0.029
439.35	0.029
439.56	0.029
439.76	0.029
439.97	0.029
440.18	0.029
440.38	0.029
440.59	0.029
440.79	0.029
441.00	0.029
441.20	0.029
441.41	0.029
441.62	0.029
441.82	0.029
442.03	0.029
442.23	0.029
442.44	0.029
442.65	0.029
442.85	0.029
443.06	0.029
443.26	0.029
443.47	0.028
443.67	0.028
443.88	0.027
444.09	0.027
444.29	0.027
444.50	0.027
444.70	0.027
444.91	0.027
445.11	0.027
445.32	0.027
445.52	0.027
445.73	0.028
445.94	0.027
446.14	0.027
446.35	0.027
446.55	0.026
446.76	0.026
446.96	0.026
447.17	0.026
447.37	0.026
447.58	0.026
447.78	0.025
447.99	0.025
448.20	0.025
448.40	0.025
448.61	0.024
448.81	0.024
449.02	0.024
449.22	0.024
449.43	0.024
449.63	0.024
449.84	0.024
450.04	0.023
450.25	0.024
450.45	0.024
450.66	0.023
450.86	0.023
451.07	0.024
451.27	0.023
451.48	0.023
451.68	0.023
451.89	0.024
452.09	0.024
452.30	0.024
452.50	0.025
452.71	0.025
452.91	0.025
453.12	0.025
453.33	0.025
453.53	0.025
453.74	0.025
453.94	0.025
454.15	0.025
454.35	0.024
454.56	0.024
454.76	0.024
454.96	0.023
455.17	0.023
455.37	0.023
455.58	0.022
455.78	0.022
455.99	0.022
456.19	0.022
456.40	0.022
456.60	0.022
456.81	0.023
457.01	0.022
457.22	0.021
457.42	0.022
457.63	0.022
457.83	0.022
458.04	0.022
458.24	0.022
458.45	0.022
458.65	0.022
458.86	0.023
459.06	0.023
459.27	0.022
459.47	0.023
459.67	0.023
459.88	0.023
460.08	0.023
460.29	0.023
460.49	0.022
460.70	0.022
460.90	0.023
461.11	0.022
461.31	0.023
461.52	0.022
461.72	0.022
461.92	0.023
462.13	0.023
462.33	0.023
462.54	0.023
462.74	0.023
462.95	0.022
463.15	0.022
463.36	0.023
463.56	0.023
463.76	0.022
463.97	0.023
464.17	0.022
464.38	0.023
464.58	0.023
464.79	0.023
464.99	0.023
465.19	0.022
465.40	0.022
465.60	0.022
465.81	0.021
466.01	0.021
466.22	0.020
466.42	0.020
466.62	0.020
466.83	0.021
467.03	0.021
467.24	0.021
467.44	0.021
467.65	0.021
467.85	0.021
468.05	0.020
468.26	0.020
468.46	0.020
468.67	0.019
468.87	0.019
469.07	0.019
469.28	0.018
469.48	0.019
469.69	0.019
469.89	0.019
470.09	0.019
470.30	0.019
470.50	0.019
470.71	0.018
470.91	0.018
471.11	0.019
471.32	0.018
471.52	0.018
471.72	0.018
471.93	0.018
472.13	0.018
472.34	0.018
472.54	0.018
472.74	0.018
472.95	0.017
473.15	0.018
473.35	0.018
473.56	0.018
473.76	0.018
473.97	0.017
474.17	0.017
474.37	0.018
474.58	0.018
474.78	0.018
474.98	0.018
475.19	0.018
475.39	0.018
475.60	0.018
475.80	0.018
476.00	0.018
476.21	0.018
476.41	0.017
476.61	0.017
476.82	0.016
477.02	0.016
477.22	0.016
477.43	0.016
477.63	0.017
477.83	0.017
478.04	0.017
478.24	0.018
478.44	0.018
478.65	0.018
478.85	0.018
479.05	0.018
479.26	0.018
479.46	0.017
479.66	0.017
479.87	0.017
480.07	0.016
480.27	0.016
480.48	0.016
480.68	0.016
480.88	0.015
481.09	0.015
481.29	0.016
481.49	0.016
481.70	0.015
481.90	0.015
482.10	0.016
482.31	0.017
482.51	0.017
482.71	0.017
482.92	0.017
483.12	0.016
483.32	0.017
483.52	0.016
483.73	0.016
483.93	0.016
484.13	0.016
484.34	0.016
484.54	0.016
484.74	0.016
484.95	0.015
485.15	0.015
485.35	0.015
485.55	0.015
485.76	0.015
485.96	0.015
486.16	0.015
486.37	0.015
486.57	0.015
486.77	0.015
486.97	0.015
487.18	0.015
487.38	0.015
487.58	0.015
487.79	0.016
487.99	0.016
488.19	0.016
488.39	0.016
488.60	0.015
488.80	0.015
489.00	0.015
489.20	0.015
489.41	0.015
489.61	0.015
489.81	0.014
490.02	0.014
490.22	0.014
490.42	0.014
490.62	0.013
490.83	0.013
491.03	0.013
491.23	0.014
491.43	0.013
491.64	0.013
491.84	0.013
492.04	0.014
492.24	0.014
492.45	0.015
492.65	0.015
492.85	0.015
493.05	0.015
493.26	0.016
493.46	0.016
493.66	0.016
493.86	0.016
494.07	0.015
494.27	0.016
494.47	0.016
494.67	0.016
494.87	0.015
495.08	0.015
495.28	0.015
495.48	0.014
495.68	0.014
495.89	0.014
496.09	0.014
496.29	0.013
496.49	0.013
496.69	0.013
496.90	0.013
497.10	0.014
497.30	0.014
497.50	0.014
497.71	0.015
497.91	0.015
498.11	0.015
498.31	0.014
498.51	0.015
498.72	0.014
498.92	0.014
499.12	0.013
499.32	0.013
499.52	0.013
499.73	0.013
499.93	0.013
500.13	0.014
500.33	0.014
500.53	0.014
500.74	0.014
500.94	0.014
501.14	0.014
501.34	0.013
501.54	0.014
501.74	0.014
501.95	0.013
502.15	0.013
502.35	0.013
502.55	0.013
502.75	0.014
502.96	0.013
503.16	0.014
503.36	0.013
503.56	0.013
503.76	0.013
503.96	0.012
504.17	0.012
504.37	0.012
504.57	0.012
504.77	0.012
504.97	0.011
505.17	0.011
505.38	0.011
505.58	0.011
505.78	0.012
505.98	0.012
506.18	0.012
506.38	0.012
506.58	0.012
506.79	0.012
506.99	0.013
507.19	0.013
507.39	0.013
507.59	0.013
507.79	0.013
507.99	0.013
508.20	0.013
508.40	0.012
508.60	0.012
508.80	0.012
509.00	0.012
509.20	0.012
509.40	0.012
509.61	0.012
509.81	0.012
510.01	0.012
510.21	0.013
510.41	0.013
510.61	0.013
510.81	0.013
511.01	0.012
511.22	0.012
511.42	0.012
511.62	0.012
511.82	0.013
512.02	0.013
512.22	0.012
512.42	0.012
512.62	0.012
512.82	0.012
513.03	0.012
513.23	0.011
513.43	0.011
513.63	0.011
513.83	0.010
514.03	0.010
514.23	0.010
514.43	0.010
514.63	0.010
514.83	0.011
515.04	0.011
515.24	0.012
515.44	0.012
515.64	0.013
515.84	0.013
516.04	0.013
516.24	0.012
516.44	0.013
516.64	0.013
516.84	0.013
517.04	0.012
517.24	0.012
517.45	0.012
517.65	0.012
517.85	0.012
518.05	0.013
518.25	0.012
518.45	0.012
518.65	0.011
518.85	0.011
519.05	0.011
519.25	0.011
519.45	0.011
519.65	0.011
519.85	0.011
520.05	0.010
520.25	0.011
520.46	0.011
520.66	0.010
520.86	0.010
521.06	0.010
521.26	0.010
521.46	0.010
521.66	0.010
521.86	0.011
522.06	0.011
522.26	0.011
522.46	0.012
522.66	0.013
522.86	0.013
523.06	0.013
523.26	0.012
523.46	0.012
523.66	0.012
523.86	0.012
524.06	0.012
524.26	0.012
524.46	0.011
524.66	0.011
524.86	0.011
525.06	0.011
525.26	0.010
525.46	0.010
525.66	0.010
525.87	0.009
526.07	0.009
526.27	0.009
526.47	0.010
526.67	0.010
526.87	0.010
527.07	0.010
527.27	0.011
527.47	0.010
527.67	0.010
527.87	0.011
528.07	0.010
528.27	0.010
528.47	0.009
528.67	0.009
528.87	0.009
529.07	0.009
529.27	0.009
529.47	0.009
529.67	0.008
529.87	0.008
530.07	0.008
530.27	0.008
530.47	0.008
530.67	0.008
530.87	0.008
531.06	0.009
531.26	0.009
531.46	0.009
531.66	0.010
531.86	0.010
532.06	0.011
532.26	0.011
532.46	0.011
532.66	0.011
532.86	0.011
533.06	0.010
533.26	0.011
533.46	0.010
533.66	0.010
533.86	0.010
534.06	0.010
534.26	0.010
534.46	0.009
534.66	0.009
534.86	0.009
535.06	0.009
535.26	0.009
535.46	0.009
535.66	0.010
535.86	0.010
536.06	0.010
536.26	0.010
536.45	0.010
536.65	0.011
536.85	0.011
537.05	0.011
537.25	0.011
537.45	0.011
537.65	0.011
537.85	0.010
538.05	0.010
538.25	0.009
538.45	0.009
538.65	0.009
538.85	0.009
539.05	0.009
539.25	0.009
539.44	0.009
539.64	0.009
539.84	0.009
540.04	0.009
540.24	0.009
540.44	0.009
540.64	0.009
540.84	0.010
541.04	0.010
541.24	0.010
541.44	0.010
541.64	0.010
541.83	0.010
542.03	0.010
542.23	0.011
542.43	0.011
542.63	0.011
542.83	0.010
543.03	0.010
543.23	0.010
543.43	0.010
543.63	0.010
543.82	0.010
544.02	0.009
544.22	0.009
544.42	0.010
544.62	0.010
544.82	0.009
545.02	0.009
545.22	0.009
545.42	0.009
545.61	0.009
545.81	0.009
546.01	0.010
546.21	0.010
546.41	0.010
546.61	0.010
546.81	0.010
547.01	0.010
547.20	0.009
547.40	0.009
547.60	0.009
547.80	0.009
548.00	0.009
548.20	0.009
548.40	0.009
548.59	0.009
548.79	0.008
548.99	0.009
549.19	0.009
549.39	0.009
549.59	0.009
549.79	0.008
549.98	0.008
550.18	0.008
550.38	0.008
550.58	0.009
550.78	0.008
550.98	0.008
551.17	0.007
551.37	0.008
551.57	0.008
551.77	0.008
551.97	0.008
552.17	0.007
552.36	0.007
552.56	0.007
552.76	0.007
552.96	0.008
553.16	0.008
553.36	0.008
553.55	0.008
553.75	0.008
553.95	0.008
554.15	0.008
554.35	0.008
554.55	0.008
554.74	0.008
554.94	0.008
555.14	0.008
555.34	0.007
555.54	0.007
555.73	0.008
555.93	0.008
556.13	0.007
556.33	0.007
556.53	0.007
556.72	0.007
556.92	0.008
557.12	0.008
557.32	0.008
557.52	0.008
557.71	0.008
557.91	0.008
558.11	0.008
558.31	0.009
558.51	0.008
558.70	0.009
558.90	0.008
559.10	0.008
559.30	0.008
559.49	0.008
559.69	0.008
559.89	0.007
560.09	0.007
560.29	0.007
560.48	0.007
560.68	0.007
560.88	0.007
561.08	0.007
561.27	0.007
561.47	0.007
561.67	0.007
561.87	0.007
562.06	0.007
562.26	0.007
562.46	0.007
562.66	0.007
562.86	0.007
563.05	0.007
563.25	0.006
563.45	0.006
563.65	0.006
563.84	0.007
564.04	0.006
564.24	0.007
564.44	0.007
564.63	0.007
564.83	0.007
565.03	0.008
565.22	0.007
565.42	0.008
565.62	0.008
565.82	0.008
566.01	0.008
566.21	0.007
566.41	0.008
566.61	0.007
566.80	0.007
567.00	0.008
567.20	0.007
567.40	0.006
567.59	0.007
567.79	0.007
567.99	0.007
568.18	0.007
568.38	0.007
568.58	0.007
568.78	0.007
568.97	0.007
569.17	0.008
569.37	0.007
569.56	0.008
569.76	0.008
569.96	0.007
570.16	0.008
570.35	0.008
570.55	0.008
570.75	0.007
570.94	0.007
571.14	0.007
571.34	0.007
571.53	0.007
571.73	0.007
571.93	0.007
572.12	0.007
572.32	0.007
572.52	0.007
572.72	0.007
572.91	0.007
573.11	0.007
573.31	0.007
573.50	0.007
573.70	0.007
573.90	0.007
574.09	0.006
574.29	0.006
574.49	0.006
574.68	0.006
574.88	0.006
575.08	0.006
575.27	0.006
575.47	0.006
575.67	0.006
575.86	0.007
576.06	0.007
576.26	0.008
576.45	0.007
576.65	0.007
576.85	0.007
577.04	0.007
577.24	0.006
577.44	0.006
577.63	0.005
577.83	0.005
578.02	0.005
578.22	0.006
578.42	0.006
578.61	0.006
578.81	0.006
579.01	0.007
579.20	0.007
579.40	0.007
579.60	0.008
579.79	0.008
579.99	0.008
580.19	0.008
580.38	0.007
580.58	0.007
580.77	0.007
580.97	0.007
581.17	0.006
581.36	0.006
581.56	0.005
581.75	0.005
581.95	0.005
582.15	0.005
582.34	0.005
582.54	0.005
582.74	0.006
582.93	0.006
583.13	0.007
583.32	0.007
583.52	0.008
583.72	0.008
583.91	0.008
584.11	0.008
584.30	0.007
584.50	0.007
584.70	0.007
584.89	0.006
585.09	0.006
585.28	0.006
585.48	0.005
585.68	0.006
585.87	0.006
586.07	0.006
586.26	0.006
586.46	0.006
586.66	0.006
586.85	0.006
587.05	0.006
587.24	0.006
587.44	0.006
587.63	0.006
587.83	0.006
588.03	0.006
588.22	0.006
588.42	0.006
588.61	0.006
588.81	0.006
589.00	0.006
589.20	0.006
589.40	0.006
589.59	0.007
589.79	0.006
589.98	0.006
590.18	0.006
590.37	0.006
590.57	0.006
590.76	0.006
590.96	0.007
591.16	0.007
591.35	0.007
591.55	0.007
591.74	0.006
591.94	0.007
592.13	0.006
592.33	0.006
592.52	0.006
592.72	0.006
592.91	0.005
593.11	0.005
593.30	0.005
593.50	0.005
593.70	0.005
593.89	0.006
594.09	0.005
594.28	0.005
594.48	0.005
594.67	0.005
594.87	0.006
595.06	0.005
595.26	0.006
595.45	0.006
595.65	0.006
595.84	0.007
596.04	0.007
596.23	0.007
596.43	0.007
596.62	0.007
596.82	0.007
597.01	0.006
597.21	0.006
597.40	0.006
597.60	0.006
597.79	0.005
597.99	0.005
598.18	0.005
598.38	0.005
598.57	0.005
598.77	0.005
598.96	0.005
599.16	0.005
599.35	0.005
599.55	0.005
599.74	0.005
599.94	0.005
600.13	0.005
600.33	0.005
600.52	0.005
600.72	0.005
600.91	0.005
601.11	0.005
601.30	0.006
601.50	0.006
601.69	0.006
601.89	0.006
602.08	0.007
602.27	0.007
602.47	0.007
602.66	0.007
602.86	0.006
603.05	0.006
603.25	0.006
603.44	0.006
603.64	0.005
603.83	0.005
604.03	0.005
604.22	0.005
604.41	0.005
604.61	0.005
604.80	0.005
605.00	0.005
605.19	0.005
605.39	0.005
605.58	0.005
605.78	0.005
605.97	0.005
606.16	0.005
606.36	0.005
606.55	0.005
606.75	0.005
606.94	0.005
607.14	0.005
607.33	0.005
607.52	0.004
607.72	0.004
607.91	0.005
608.11	0.005
608.30	0.005
608.50	0.005
608.69	0.005
608.88	0.005
609.08	0.005
609.27	0.005
609.47	0.005
609.66	0.005
609.85	0.005
610.05	0.005
610.24	0.006
610.44	0.006
610.63	0.005
610.83	0.005
611.02	0.005
611.21	0.005
611.41	0.005
611.60	0.005
611.80	0.005
611.99	0.005
612.18	0.005
612.38	0.005
612.57	0.005
612.76	0.005
612.96	0.005
613.15	0.005
613.35	0.006
613.54	0.006
613.73	0.006
613.93	0.006
614.12	0.005
614.32	0.005
614.51	0.005
614.70	0.005
614.90	0.005
615.09	0.005
615.28	0.005
615.48	0.004
615.67	0.005
615.86	0.005
616.06	0.005
616.25	0.005
616.45	0.005
616.64	0.005
616.83	0.005
617.03	0.004
617.22	0.004
617.41	0.004
617.61	0.003
617.80	0.003
617.99	0.004
618.19	0.004
618.38	0.004
618.57	0.004
618.77	0.004
618.96	0.004
619.15	0.005
619.35	0.005
619.54	0.005
619.73	0.005
619.93	0.005
620.12	0.005
620.31	0.005
620.51	0.005
620.70	0.006
620.89	0.006
621.09	0.005
621.28	0.006
621.47	0.005
621.67	0.005
621.86	0.004
622.05	0.004
622.25	0.004
622.44	0.005
622.63	0.004
622.83	0.004
623.02	0.005
623.21	0.005
623.41	0.005
623.60	0.005
623.79	0.005
623.98	0.005
624.18	0.004
624.37	0.004
624.56	0.004
624.76	0.004
624.95	0.004
625.14	0.004
625.33	0.004
625.53	0.004
625.72	0.004
625.91	0.004
626.11	0.004
626.30	0.004
626.49	0.004
626.68	0.003
626.88	0.003
627.07	0.004
627.26	0.003
627.46	0.003
627.65	0.004
627.84	0.004
628.03	0.005
628.23	0.004
628.42	0.005
628.61	0.004
628.80	0.005
629.00	0.005
629.19	0.005
629.38	0.005
629.58	0.005
629.77	0.005
629.96	0.005
630.15	0.005
630.35	0.006
630.54	0.005
630.73	0.005
630.92	0.005
631.12	0.005
631.31	0.005
631.50	0.005
631.69	0.005
631.89	0.005
632.08	0.004
632.27	0.004
632.46	0.004
632.65	0.005
632.85	0.005
633.04	0.005
633.23	0.005
633.42	0.005
633.62	0.005
633.81	0.005
634.00	0.005
634.19	0.005
634.39	0.005
634.58	0.005
634.77	0.005
634.96	0.005
635.15	0.005
635.35	0.005
635.54	0.005
635.73	0.005
635.92	0.005
636.11	0.005
636.31	0.004
636.50	0.004
636.69	0.004
636.88	0.004
637.07	0.005
637.27	0.005
637.46	0.005
637.65	0.005
637.84	0.005
638.03	0.005
638.23	0.005
638.42	0.006
638.61	0.006
638.80	0.006
638.99	0.006
639.19	0.005
639.38	0.005
639.57	0.005
639.76	0.005
639.95	0.005
640.14	0.005
640.34	0.004
640.53	0.004
640.72	0.004
640.91	0.004
641.10	0.004
641.30	0.004
641.49	0.004
641.68	0.004
641.87	0.004
642.06	0.004
642.25	0.004
642.44	0.004
642.64	0.004
642.83	0.004
643.02	0.004
643.21	0.004
643.40	0.003
643.59	0.003
643.79	0.004
643.98	0.004
644.17	0.004
644.36	0.003
644.55	0.003
644.74	0.003
644.93	0.003
645.13	0.003
645.32	0.002
645.51	0.002
645.70	0.002
645.89	0.002
646.08	0.003
646.27	0.003
646.46	0.004
646.66	0.005
646.85	0.005
647.04	0.005
647.23	0.005
647.42	0.005
647.61	0.005
647.80	0.004
647.99	0.004
648.19	0.004
648.38	0.004
648.57	0.004
648.76	0.003
648.95	0.003
649.14	0.003
649.33	0.003
649.52	0.004
649.71	0.004
649.91	0.004
650.10	0.004
650.29	0.004
650.48	0.004
650.67	0.004
650.86	0.004
651.05	0.003
651.24	0.003
651.43	0.004
651.62	0.004
651.81	0.003
652.01	0.003
652.20	0.003
652.39	0.004
652.58	0.004
652.77	0.004
652.96	0.004
653.15	0.003
653.34	0.003
653.53	0.004
653.72	0.004
653.91	0.005
654.10	0.005
654.29	0.006
654.48	0.005
654.68	0.005
654.87	0.005
655.06	0.004
655.25	0.004
655.44	0.003
655.63	0.003
655.82	0.002
656.01	0.002
656.20	0.002
656.39	0.002
656.58	0.002
656.77	0.003
656.96	0.004
657.15	0.004
657.34	0.004
657.53	0.005
657.72	0.005
657.91	0.005
658.10	0.005
658.29	0.005
658.48	0.005
658.68	0.005
658.87	0.005
659.06	0.005
659.25	0.005
659.44	0.004
659.63	0.004
659.82	0.005
660.01	0.004
660.20	0.004
660.39	0.005
660.58	0.004
660.77	0.004
660.96	0.004
661.15	0.004
661.34	0.004
661.53	0.004
661.72	0.004
661.91	0.004
662.10	0.004
662.29	0.004
662.48	0.003
662.67	0.004
662.86	0.004
663.05	0.004
663.24	0.004
663.43	0.003
663.62	0.003
663.81	0.003
664.00	0.003
664.19	0.003
664.38	0.003
664.57	0.002
664.76	0.002
664.95	0.003
665.14	0.003
665.33	0.003
665.52	0.003
665.71	0.003
665.90	0.003
666.09	0.004
666.28	0.004
666.46	0.004
666.65	0.005
666.84	0.004
667.03	0.005
667.22	0.005
667.41	0.005
667.60	0.005
667.79	0.005
667.98	0.005
668.17	0.005
668.36	0.005
668.55	0.005
668.74	0.005
668.93	0.005
669.12	0.005
669.31	0.005
669.50	0.004
669.69	0.005
669.88	0.005
670.07	0.005
670.26	0.005
670.44	0.005
670.63	0.004
670.82	0.005
671.01	0.005
671.20	0.004
671.39	0.004
671.58	0.004
671.77	0.004
671.96	0.004
672.15	0.004
672.34	0.004
672.53	0.004
672.72	0.004
672.91	0.004
673.09	0.004
673.28	0.004
673.47	0.004
673.66	0.004
673.85	0.004
674.04	0.004
674.23	0.004
674.42	0.004
674.61	0.004
674.80	0.004
674.98	0.004
675.17	0.004
675.36	0.004
675.55	0.004
675.74	0.004
675.93	0.004
676.12	0.004
676.31	0.004
676.50	0.004
676.69	0.004
676.87	0.004
677.06	0.004
677.25	0.004
677.44	0.004
677.63	0.004
677.82	0.004
678.01	0.004
678.20	0.004
678.38	0.004
678.57	0.004
678.76	0.003
678.95	0.004
679.14	0.004
679.33	0.003
679.52	0.003
679.71	0.004
679.89	0.004
680.08	0.004
680.27	0.003
680.46	0.004
680.65	0.004
680.84	0.003
681.02	0.004
681.21	0.004
681.40	0.004
681.59	0.003
681.78	0.003
681.97	0.004
682.16	0.003
682.34	0.003
682.53	0.004
682.72	0.004
682.91	0.004
683.10	0.004
683.29	0.004
683.47	0.004
683.66	0.004
683.85	0.004
684.04	0.004
684.23	0.004
684.42	0.005
684.60	0.004
684.79	0.005
684.98	0.004
685.17	0.004
685.36	0.004
685.54	0.004
685.73	0.004
685.92	0.003
686.11	0.003
686.30	0.003
686.49	0.002
686.67	0.002
686.86	0.002
687.05	0.002
687.24	0.002
687.43	0.003
687.61	0.003
687.80	0.003
687.99	0.003
688.18	0.004
688.36	0.004
688.55	0.004
688.74	0.004
688.93	0.004
689.12	0.004
689.30	0.004
689.49	0.004
689.68	0.005
689.87	0.004
690.06	0.004
690.24	0.004
690.43	0.004
690.62	0.004
690.81	0.004
690.99	0.003
691.18	0.003
691.37	0.003
691.56	0.003
691.74	0.003
691.93	0.003
692.12	0.003
692.31	0.003
692.50	0.002
692.68	0.003
692.87	0.003
693.06	0.003
693.25	0.003
693.43	0.003
693.62	0.003
693.81	0.003
694.00	0.003
694.18	0.003
694.37	0.003
694.56	0.003
694.74	0.002
694.93	0.002
695.12	0.002
695.31	0.003
695.49	0.003
695.68	0.003
695.87	0.003
696.06	0.003
696.24	0.003
696.43	0.003
696.62	0.003
696.80	0.003
696.99	0.002
697.18	0.002
697.37	0.002
697.55	0.002
697.74	0.002
697.93	0.002
698.12	0.002
698.30	0.003
698.49	0.003
698.68	0.003
698.86	0.003
699.05	0.003
699.24	0.003
699.42	0.003
699.61	0.003
699.80	0.003
699.99	0.003
700.17	0.003
700.36	0.003
700.55	0.003
700.73	0.004
700.92	0.004
701.11	0.004
701.29	0.004
701.48	0.004
701.67	0.004
701.85	0.003
702.04	0.004
702.23	0.003
702.41	0.003
702.60	0.003
702.79	0.003
702.97	0.003
703.16	0.004
703.35	0.004
703.53	0.004
703.72	0.004
703.91	0.004
704.09	0.004
704.28	0.004
704.47	0.004
704.65	0.004
704.84	0.004
705.03	0.004
705.21	0.004
705.40	0.004
705.59	0.004
705.77	0.004
705.96	0.004
706.15	0.004
706.33	0.004
706.52	0.004
706.71	0.004
706.89	0.004
707.08	0.005
707.26	0.004
707.45	0.004
707.64	0.004
707.82	0.004
708.01	0.004
708.20	0.004
708.38	0.004
708.57	0.005
708.75	0.004
708.94	0.004
709.13	0.004
709.31	0.004
709.50	0.005
709.69	0.005
709.87	0.005
710.06	0.004
710.24	0.004
710.43	0.004
710.62	0.004
710.80	0.004
710.99	0.004
711.17	0.004
711.36	0.003
711.55	0.003
711.73	0.003
711.92	0.004
712.10	0.003
712.29	0.003
712.48	0.003
712.66	0.003
712.85	0.003
713.03	0.003
713.22	0.003
713.40	0.003
713.59	0.003
713.78	0.004
713.96	0.003
714.15	0.003
714.33	0.004
714.52	0.004
714.71	0.004
714.89	0.004
715.08	0.004
715.26	0.004
715.45	0.004
715.63	0.004
715.82	0.004
716.00	0.003
716.19	0.003
716.38	0.003
716.56	0.003
716.75	0.002
716.93	0.002
717.12	0.002
717.30	0.002
717.49	0.003
717.67	0.003
717.86	0.004
718.05	0.004
718.23	0.004
718.42	0.004
718.60	0.004
718.79	0.004
718.97	0.004
719.16	0.003
719.34	0.003
719.53	0.003
719.71	0.002
719.90	0.002
720.08	0.003
720.27	0.003
720.45	0.003
720.64	0.003
720.83	0.003
721.01	0.003
721.20	0.003
721.38	0.003
721.57	0.003
721.75	0.002
721.94	0.003
722.12	0.003
722.31	0.003
722.49	0.003
722.68	0.003
722.86	0.003
723.05	0.003
723.23	0.003
723.42	0.003
723.60	0.004
723.79	0.004
723.97	0.004
724.16	0.004
724.34	0.003
724.53	0.003
724.71	0.003
724.90	0.003
725.08	0.003
725.27	0.003
725.45	0.003
725.64	0.002
725.82	0.003
726.00	0.003
726.19	0.003
726.37	0.003
726.56	0.003
726.74	0.003
726.93	0.002
727.11	0.002
727.30	0.002
727.48	0.002
727.67	0.002
727.85	0.002
728.04	0.003
728.22	0.003
728.40	0.003
728.59	0.002
728.77	0.002
728.96	0.002
729.14	0.003
729.33	0.003
729.51	0.003
729.70	0.002
729.88	0.002
730.07	0.002
730.25	0.003
730.43	0.003
730.62	0.003
730.80	0.003
730.99	0.003
731.17	0.003
731.36	0.002
731.54	0.003
731.72	0.003
731.91	0.003
732.09	0.003
732.28	0.003
732.46	0.003
732.65	0.003
732.83	0.003
733.01	0.003
733.20	0.003
733.38	0.003
733.57	0.002
733.75	0.002
733.93	0.002
734.12	0.002
734.30	0.003
734.49	0.002
734.67	0.002
734.85	0.002
735.04	0.002
735.22	0.003
735.41	0.003
735.59	0.003
735.77	0.003
735.96	0.003
736.14	0.003
736.33	0.003
736.51	0.003
736.69	0.003
736.88	0.003
737.06	0.003
737.25	0.004
737.43	0.004
737.61	0.004
737.80	0.004
737.98	0.003
738.16	0.003
738.35	0.003
738.53	0.003
738.71	0.003
738.90	0.003
739.08	0.002
739.27	0.002
739.45	0.002
739.63	0.003
739.82	0.003
740.00	0.003
740.18	0.003
740.37	0.003
740.55	0.003
740.73	0.004
740.92	0.004
741.10	0.003
741.28	0.003
741.47	0.003
741.65	0.003
741.83	0.003
742.02	0.003
742.20	0.003
742.38	0.003
742.57	0.003
742.75	0.003
742.93	0.003
743.12	0.003
743.30	0.002
743.48	0.002
743.67	0.002
743.85	0.002
744.03	0.001
744.22	0.002
744.40	0.002
744.58	0.002
744.77	0.002
744.95	0.002
745.13	0.002
745.32	0.002
745.50	0.003
745.68	0.003
745.87	0.003
746.05	0.003
746.23	0.003
746.41	0.003
746.60	0.003
746.78	0.003
746.96	0.003
747.15	0.003
747.33	0.003
747.51	0.003
747.70	0.002
747.88	0.002
748.06	0.002
748.24	0.002
748.43	0.002
748.61	0.002
748.79	0.003
748.97	0.002
749.16	0.003
749.34	0.002
749.52	0.003
749.71	0.003
749.89	0.002
750.07	0.002
750.25	0.002
750.44	0.002
750.62	0.002
750.80	0.002
750.98	0.003
751.17	0.003
751.35	0.002
751.53	0.002
751.71	0.002
751.90	0.002
752.08	0.002
752.26	0.002
752.44	0.001
752.63	0.001
752.81	0.002
752.99	0.001
753.17	0.002
753.36	0.002
753.54	0.002
753.72	0.002
753.90	0.002
754.09	0.003
754.27	0.003
754.45	0.003
754.63	0.004
754.82	0.003
755.00	0.004
755.18	0.003
755.36	0.003
755.54	0.003
755.73	0.003
755.91	0.003
756.09	0.003
756.27	0.002
756.45	0.003
756.64	0.002
756.82	0.002
757.00	0.002
757.18	0.002
757.37	0.002
757.55	0.002
757.73	0.002
757.91	0.002
758.09	0.002
758.27	0.002
758.46	0.003
758.64	0.003
758.82	0.003
759.00	0.003
759.18	0.003
759.37	0.003
759.55	0.003
759.73	0.002
759.91	0.002
760.09	0.002
760.28	0.002
760.46	0.002
760.64	0.002
760.82	0.002
761.00	0.002
761.18	0.002
761.37	0.002
761.55	0.002
761.73	0.002
761.91	0.002
762.09	0.002
762.27	0.002
762.46	0.002
762.64	0.002
762.82	0.002
763.00	0.002
763.18	0.002
763.36	0.002
763.54	0.002
763.73	0.001
763.91	0.002
764.09	0.001
764.27	0.002
764.45	0.001
764.63	0.001
764.81	0.001
765.00	0.001
765.18	0.001
765.36	0.001
765.54	0.001
765.72	0.001
765.90	0.002
766.08	0.001
766.27	0.001
766.45	0.001
766.63	0.001
766.81	0.001
766.99	0.001
767.17	0.001
767.35	0.001
767.53	0.001
767.71	0.001
767.90	0.001
768.08	0.001
768.26	0.002
768.44	0.001
768.62	0.002
768.80	0.001
768.98	0.001
769.16	0.001
769.34	0.001
769.52	0.001
769.71	0.001
769.89	0.001
770.07	0.002
770.25	0.002
770.43	0.002
770.61	0.002
770.79	0.002
770.97	0.002
771.15	0.002
771.33	0.002
771.51	0.002
771.69	0.001
771.88	0.001
772.06	0.001
772.24	0.001
772.42	0.001
772.60	0.001
772.78	0.000
772.96	0.000
773.14	0.000
773.32	0.001
773.50	0.000
773.68	0.000
773.86	0.001
774.04	0.001
774.22	0.001
774.40	0.001
774.58	0.001
774.77	0.001
774.95	0.001
775.13	0.001
775.31	0.001
775.49	0.001
775.67	0.001
775.85	0.001
776.03	0.001
776.21	0.001
776.39	0.001
776.57	0.001
776.75	0.002
776.93	0.002
777.11	0.001
777.29	0.001
777.47	0.001
777.65	0.001
777.83	0.001
778.01	0.001
778.19	0.001
778.37	0.001
778.55	0.001
778.73	0.001
778.91	0.001
779.09	0.001
779.27	0.001
779.45	0.002
779.63	0.002
779.81	0.002
779.99	0.002
780.17	0.001
780.35	0.002
780.53	0.002
780.71	0.002
780.89	0.002
781.07	0.001
781.25	0.001
781.43	0.002
781.61	0.002
781.79	0.002
781.97	0.002
782.15	0.002
782.33	0.002
782.51	0.002
782.69	0.003
782.87	0.003
783.05	0.003
783.23	0.002
783.41	0.002
783.59	0.002
783.77	0.002
783.95	0.001
784.13	0.001
784.31	0.000
784.49	0.000
784.67	0.000
784.85	0.000
785.03	0.001
785.21	0.001
785.38	0.001
785.56	0.001
785.74	0.001
785.92	0.002
786.10	0.001
786.28	0.001
786.46	0.002
786.64	0.002
786.82	0.001
787.00	0.001
787.18	0.002
787.36	0.002
787.54	0.001
787.72	0.000
787.90	0.000
788.08	0.000
788.25	0.000
788.43	0.000
788.61	0.001
788.79	0.000
788.97	0.000
789.15	0.001
789.33	0.001
789.51	0.001
789.69	0.001
789.87	0.001
790.05	0.001
790.23	0.001
790.40	0.001
790.58	0.001
790.76	0.001
790.94	0.001
791.12	0.001
791.30	0.001
791.48	0.001
791.66	0.002
791.84	0.001
792.02	0.001
792.19	0.001
792.37	0.001
792.55	0.002
792.73	0.002
792.91	0.002
793.09	0.002
793.27	0.002
793.45	0.002
793.63	0.002
793.80	0.002
793.98	0.002
794.16	0.001
794.34	0.001
794.52	0.001
794.70	0.001
794.88	0.001
795.05	0.001
795.23	0.001
795.41	0.001
795.59	0.001
795.77	0.001
795.95	0.001
796.13	0.001
796.30	0.001
796.48	0.001
796.66	0.001
796.84	0.001
797.02	0.001
797.20	0.000
797.38	0.000
797.55	0.000
797.73	0.000
797.91	0.000
798.09	0.000
798.27	0.001
798.45	0.001
798.62	0.001
798.80	0.001
798.98	0.001
799.16	0.001
799.34	0.001
799.52	0.001
799.69	0.001
799.87	0.001
800.05	0.001
800.23	0.001
800.41	0.001
800.58	0.001
800.76	0.001
800.94	0.000
801.12	0.000
801.30	0.000
801.47	0.000
801.65	0.001
801.83	0.001
802.01	0.001
802.19	0.001
802.36	0.001
802.54	0.001
802.72	0.001
802.90	0.002
803.08	0.002
803.25	0.001
803.43	0.001
803.61	0.001
803.79	0.001
803.97	0.001
804.14	0.001
804.32	0.001
804.50	0.000
804.68	0.000
804.85	0.001
805.03	0.001
805.21	0.001
805.39	-0.000
805.56	-0.000
805.74	-0.000
805.92	-0.000
806.10	-0.000
806.28	0.000
806.45	-0.000
806.63	0.000
806.81	-0.000
806.99	0.000
807.16	0.000
807.34	0.000
807.52	0.001
807.70	0.001
807.87	0.001
808.05	0.001
808.23	0.000
808.41	0.001
808.58	0.001
808.76	0.000
808.94	0.000
809.11	0.001
809.29	0.000
809.47	0.000
809.65	0.000
809.82	0.000
810.00	-0.000
810.18	-0.000
810.36	0.000
810.53	0.000
810.71	0.000
810.89	0.000
811.06	0.000
811.24	0.001
811.42	0.000
811.60	0.000
811.77	0.000
811.95	0.000
812.13	-0.000
812.30	-0.001
812.48	-0.000
812.66	-0.000
812.83	-0.000
813.01	-0.000
813.19	0.000
813.37	-0.000
813.54	-0.000
813.72	0.000
813.90	0.001
814.07	0.001
814.25	0.001
814.43	0.001
814.60	0.001
814.78	0.001
814.96	0.001
815.13	0.001
815.31	0.000
815.49	-0.000
815.66	-0.001
815.84	-0.001
816.02	-0.001
816.19	-0.001
816.37	-0.001
816.55	-0.001
816.72	-0.000
816.90	-0.000
817.08	0.001
817.25	0.000
817.43	0.000
817.61	0.000
817.78	0.000
817.96	0.000
818.14	0.000
818.31	-0.000
818.49	-0.001
818.67	-0.000
818.84	0.000
819.02	0.000
819.19	0.001
819.37	0.001
819.55	0.000
819.72	0.000
819.90	-0.000
820.08	0.000
820.25	-0.000
820.43	-0.001
820.60	-0.001
820.78	-0.002
820.96	-0.002
821.13	-0.001
821.31	-0.001
821.49	-0.001
821.66	-0.000
821.84	-0.001
822.01	-0.001
822.19	-0.001
822.37	-0.001
822.54	-0.000
822.72	-0.000
822.89	-0.000
823.07	0.000
823.25	0.000
823.42	0.000
823.60	0.001
823.77	0.002
823.95	0.002
824.13	0.001
824.30	0.001
824.48	0.001
824.65	0.000
824.83	-0.000
825.01	-0.000
825.18	-0.001
825.36	-0.000
825.53	-0.000
825.71	-0.001
825.88	-0.000
826.06	0.000
826.24	0.000
826.41	0.001
826.59	0.001
826.76	0.000
826.94	0.001
827.11	0.000
827.29	0.000
827.47	0.000
827.64	-0.000
827.82	-0.000
827.99	-0.000
828.17	0.000
828.34	0.000
828.52	0.000
828.69	0.001
828.87	0.001
829.04	0.001
829.22	0.001
829.40	0.001
829.57	0.001
829.75	0.001
829.92	0.001
830.10	-0.000
830.27	-0.000
830.45	-0.001
830.62	-0.000
830.80	-0.001
830.97	-0.001
831.15	-0.000
831.32	-0.001
831.50	-0.001
831.67	-0.000
831.85	-0.000
832.02	-0.001
832.20	-0.000
832.37	-0.001
832.55	-0.000
832.73	-0.000
832.90	-0.000
833.08	-0.000
833.25	-0.001
833.43	-0.000
833.60	0.000
833.78	0.000
833.95	0.001
834.13	0.001
834.30	0.000
834.48	0.000
834.65	0.000
834.82	0.001
835.00	0.000
835.17	0.000
835.35	0.000
835.52	0.000
835.70	0.000
835.87	0.001
836.05	0.001
836.22	0.001
836.40	0.000
836.57	0.001
836.75	0.001
836.92	0.000
837.10	-0.000
837.27	-0.000
837.45	-0.000
837.62	-0.000
837.80	0.000
837.97	-0.000
838.14	0.000
838.32	-0.000
838.49	-0.000
838.67	-0.000
838.84	0.000
839.02	0.001
839.19	0.001
839.37	0.000
839.54	0.001
839.71	0.001
839.89	0.001
840.06	0.001
840.24	0.001
840.41	0.000
840.59	-0.000
840.76	-0.000
840.94	-0.001
841.11	-0.001
841.28	-0.001
841.46	-0.001
841.63	-0.001
841.81	-0.000
841.98	-0.000
842.15	-0.001
842.33	-0.001
842.50	-0.001
842.68	-0.000
842.85	-0.000
843.03	-0.000
843.20	-0.001
843.37	-0.001
843.55	-0.001
843.72	-0.001
843.90	-0.001
844.07	-0.001
844.24	-0.002
844.42	-0.002
844.59	-0.002
844.77	-0.002
844.94	-0.002
845.11	-0.001
845.29	-0.001
845.46	-0.000
845.63	-0.000
845.81	-0.001
845.98	0.000
846.16	-0.000
846.33	-0.000
846.50	-0.000
846.68	0.000
846.85	-0.000
847.02	-0.001
847.20	-0.001
847.37	-0.000
847.55	-0.000
847.72	0.000
847.89	0.000
848.07	0.000
848.24	-0.000
848.41	0.000
848.59	-0.000
848.76	0.000
848.93	-0.000
849.11	-0.000
849.28	-0.000
849.45	-0.001
849.63	-0.000
849.80	-0.000
849.97	0.000
850.15	0.001
850.32	0.001
850.49	0.001
850.67	0.001
850.84	0.001
851.01	0.001
851.19	0.000
851.36	0.000
851.53	-0.001
851.71	-0.001
851.88	-0.001
852.05	-0.001
852.23	-0.001
852.40	-0.001
852.57	-0.001
852.75	-0.002
852.92	-0.001
853.09	-0.001
853.27	-0.001
853.44	-0.001
853.61	-0.001
853.79	-0.001
853.96	-0.002
854.13	-0.002
854.30	-0.002
854.48	-0.002
854.65	-0.002
854.82	-0.002
855.00	-0.002
855.17	-0.001
855.34	-0.001
855.51	-0.001
855.69	-0.000
855.86	-0.000
856.03	0.000
856.21	-0.000
856.38	0.000
856.55	-0.000
856.72	-0.001
856.90	-0.001
857.07	-0.002
857.24	-0.002
857.42	-0.002
857.59	-0.001
857.76	-0.001
857.93	-0.001
858.11	-0.002
858.28	-0.002
858.45	-0.003
858.62	-0.003
858.80	-0.003
858.97	-0.003
859.14	-0.003
859.31	-0.003
859.49	-0.003
859.66	-0.004
859.83	-0.003
860.00	-0.003
860.18	-0.003
860.35	-0.003
860.52	-0.003
860.69	-0.004
860.86	-0.004
861.04	-0.004
861.21	-0.004
861.38	-0.003
861.55	-0.003
861.73	-0.003
861.90	-0.003
862.07	-0.003
862.24	-0.002
862.42	-0.002
862.59	-0.003
862.76	-0.003
862.93	-0.004
863.10	-0.004
863.28	-0.004
863.45	-0.005
863.62	-0.005
863.79	-0.004
863.96	-0.004
864.14	-0.004
864.31	-0.004
864.48	-0.004
864.65	-0.004
864.82	-0.004
865.00	-0.003
865.17	-0.004
865.34	-0.003
865.51	-0.003
865.68	-0.003
865.86	-0.003
866.03	-0.004
866.20	-0.004
866.37	-0.004
866.54	-0.004
866.71	-0.005
866.89	-0.005
867.06	-0.006
867.23	-0.006
867.40	-0.005
867.57	-0.005
867.74	-0.005
867.92	-0.005
868.09	-0.005
868.26	-0.005
868.43	-0.005
868.60	-0.005
868.77	-0.005
868.95	-0.005
869.12	-0.005
869.29	-0.006
869.46	-0.006
869.63	-0.005
869.80	-0.005
869.97	-0.005
870.15	-0.006
870.32	-0.006
870.49	-0.005
870.66	-0.005
870.83	-0.005
871.00	-0.006
871.17	-0.006
871.34	-0.006
871.52	-0.006
871.69	-0.006
871.86	-0.006
872.03	-0.006
872.20	-0.007
872.37	-0.007
872.54	-0.007
872.71	-0.006
872.89	-0.007
873.06	-0.007
873.23	-0.007
873.40	-0.006
873.57	-0.006
873.74	-0.006
873.91	-0.006
874.08	-0.006
874.25	-0.006
874.42	-0.005
874.60	-0.005
874.77	-0.006
874.94	-0.007
875.11	-0.007
875.28	-0.007
875.45	-0.007
875.62	-0.007
875.79	-0.007
875.96	-0.008
876.13	-0.007
876.30	-0.007
876.47	-0.007
876.65	-0.008
876.82	-0.007
876.99	-0.008
877.16	-0.008
877.33	-0.007
877.50	-0.008
877.67	-0.007
877.84	-0.007
878.01	-0.007
878.18	-0.008
878.35	-0.008
878.52	-0.008
878.69	-0.008
878.86	-0.008
879.03	-0.008
879.20	-0.009
879.38	-0.009
879.55	-0.009
879.72	-0.009
879.89	-0.009
880.06	-0.010
880.23	-0.010
880.40	-0.010
880.57	-0.011
880.74	-0.010
880.91	-0.010
881.08	-0.010
881.25	-0.010
881.42	-0.010
881.59	-0.008
881.76	-0.007
881.93	-0.008
882.10	-0.007
882.27	-0.008
882.44	-0.008
882.61	-0.008
882.78	-0.007
882.95	-0.008
883.12	-0.008
883.29	-0.009
883.46	-0.010
883.63	-0.011
883.80	-0.011
883.97	-0.011
884.14	-0.012
884.31	-0.013
884.48	-0.013
884.65	-0.013
884.82	-0.013
884.99	-0.012
885.16	-0.012
885.33	-0.012
885.50	-0.011
885.67	-0.010
885.84	-0.009
886.01	-0.009
886.18	-0.009
886.35	-0.009
886.52	-0.009
886.69	-0.008
886.86	-0.009
887.03	-0.008
887.20	-0.009
887.37	-0.009
887.54	-0.008
887.71	-0.008
887.88	-0.008
888.05	-0.008
888.22	-0.008
888.39	-0.008
888.55	-0.009
888.72	-0.008
888.89	-0.008
889.06	-0.009
889.23	-0.009
889.40	-0.010
889.57	-0.010
889.74	-0.009
889.91	-0.010
890.08	-0.009
890.25	-0.009
890.42	-0.010
890.59	-0.009
890.76	-0.009
890.93	-0.010
891.10	-0.009
891.26	-0.009
891.43	-0.009
891.60	-0.010
891.77	-0.011
891.94	-0.011
892.11	-0.011
892.28	-0.012
892.45	-0.011
892.62	-0.011
892.79	-0.011
892.96	-0.012
893.13	-0.011
893.29	-0.011
893.46	-0.010
893.63	-0.010
893.80	-0.010
893.97	-0.009
894.14	-0.009
894.31	-0.010
894.48	-0.012
894.65	-0.005
894.81	-0.006
894.98	-0.011
