177.34	0.298
177.56	0.298
177.78	0.298
178.00	-0.000
178.22	0.493
178.44	0.823
178.66	-0.000
178.89	-0.000
179.11	-0.000
179.33	-0.000
179.55	-0.000
179.77	-0.000
179.99	-0.000
180.21	-0.000
180.43	-0.000
180.65	0.181
180.87	0.421
181.09	0.772
181.31	1.632
181.53	1.258
181.75	-0.000
181.97	-0.000
182.19	2.744
182.41	1.801
182.63	1.049
182.85	1.763
183.07	1.829
183.30	1.156
183.52	1.242
183.74	1.071
183.96	0.938
184.18	1.040
184.40	1.018
184.62	1.367
184.84	0.911
185.06	0.885
185.28	0.920
185.50	0.884
185.72	0.917
185.94	0.964
186.16	0.960
186.38	0.976
186.60	0.994
186.82	1.050
187.04	1.075
187.26	1.100
187.48	1.188
187.70	1.254
187.92	1.327
188.14	1.307
188.36	1.274
188.58	1.361
188.80	1.427
189.02	1.385
189.24	1.412
189.46	1.408
189.68	1.355
189.90	1.433
190.12	1.451
190.34	1.596
190.56	1.547
190.78	1.607
191.00	1.642
191.22	1.748
191.44	1.795
191.66	2.174
191.88	1.913
192.10	1.844
192.32	1.772
192.54	1.828
192.76	1.823
192.98	1.788
193.20	1.803
193.42	1.845
193.64	1.751
193.86	1.789
194.08	1.893
194.30	1.853
194.52	1.848
194.74	1.777
194.96	1.891
195.18	1.822
195.40	1.684
195.62	1.650
195.84	1.650
196.06	1.666
196.28	1.712
196.50	1.742
196.72	1.795
196.94	1.865
197.16	1.873
197.38	2.121
197.60	2.184
197.82	2.305
198.04	2.282
198.26	2.268
198.48	2.222
198.70	2.304
198.92	2.148
199.13	2.136
199.35	1.985
199.57	2.068
199.79	2.007
200.01	1.957
200.23	1.947
200.45	1.964
200.67	1.901
200.89	1.883
201.11	1.872
201.33	1.905
201.55	1.908
201.77	1.911
201.99	1.973
202.21	2.029
202.43	2.043
202.65	2.102
202.87	2.190
203.09	2.384
203.31	2.469
203.52	2.510
203.74	2.813
203.96	2.875
204.18	2.828
204.40	2.554
204.62	2.556
204.84	2.606
205.06	2.520
205.28	2.420
205.50	2.285
205.72	2.291
205.94	2.247
206.16	2.228
206.38	2.274
206.59	2.319
206.81	2.245
207.03	2.241
207.25	2.262
207.47	2.356
207.69	2.323
207.91	2.321
208.13	2.262
208.35	2.378
208.57	2.469
208.79	2.597
209.01	2.640
209.22	2.785
209.44	2.576
209.66	2.513
209.88	2.577
210.10	2.880
210.32	2.754
210.54	2.662
210.76	2.658
210.98	2.547
211.20	2.414
211.42	2.510
211.63	2.615
211.85	2.670
212.07	2.561
212.29	2.571
212.51	2.572
212.73	2.526
212.95	2.683
213.17	2.938
213.39	3.282
213.60	2.992
213.82	2.787
214.04	2.787
214.26	2.709
214.48	2.646
214.70	2.592
214.92	2.463
215.14	2.417
215.35	2.322
215.57	2.380
215.79	2.488
216.01	2.585
216.23	2.756
216.45	2.774
216.67	2.819
216.89	2.928
217.10	2.914
217.32	3.311
217.54	3.094
217.76	2.801
217.98	2.806
218.20	2.651
218.42	2.713
218.64	2.677
218.85	2.689
219.07	2.679
219.29	2.569
219.51	2.608
219.73	2.644
219.95	2.620
220.17	2.626
220.38	2.557
220.60	2.634
220.82	2.600
221.04	2.624
221.26	2.687
221.48	2.656
221.69	2.641
221.91	2.574
222.13	2.562
222.35	2.557
222.57	2.549
222.79	2.594
223.00	2.638
223.22	2.715
223.44	2.789
223.66	2.824
223.88	2.915
224.10	2.928
224.32	2.995
224.53	2.987
224.75	2.955
224.97	2.955
225.19	2.897
225.41	2.891
225.62	2.909
225.84	2.929
226.06	3.023
226.28	2.925
226.50	2.961
226.72	3.061
226.93	3.117
227.15	3.098
227.37	3.169
227.59	3.096
227.81	3.053
228.02	3.065
228.24	3.182
228.46	3.109
228.68	3.065
228.90	3.077
229.12	2.996
229.33	2.868
229.55	2.966
229.77	2.936
229.99	2.928
230.21	2.949
230.42	2.887
230.64	2.955
230.86	2.966
231.08	2.992
231.30	3.051
231.51	3.031
231.73	2.925
231.95	2.866
232.17	2.899
232.38	3.066
232.60	3.001
232.82	2.931
233.04	2.933
233.26	2.950
233.47	2.918
233.69	3.051
233.91	3.045
234.13	2.971
234.35	2.846
234.56	2.814
234.78	2.809
235.00	2.836
235.22	2.802
235.43	2.795
235.65	2.730
235.87	2.782
236.09	2.802
236.30	2.924
236.52	2.978
236.74	2.995
236.96	2.921
237.18	2.937
237.39	2.921
237.61	3.010
237.83	2.989
238.05	2.996
238.26	2.888
238.48	2.898
238.70	2.887
238.92	2.900
239.13	2.950
239.35	2.949
239.57	2.968
239.79	3.002
240.00	2.971
240.22	2.968
240.44	2.892
240.66	2.935
240.87	2.935
241.09	2.916
241.31	2.944
241.53	2.959
241.74	2.867
241.96	2.923
242.18	2.943
242.40	2.994
242.61	2.956
242.83	2.970
243.05	2.887
243.27	2.908
243.48	2.883
243.70	2.875
243.92	2.839
244.13	2.837
244.35	2.805
244.57	2.772
244.79	2.777
245.00	2.836
245.22	2.841
245.44	2.806
245.65	2.854
245.87	2.819
246.09	2.810
246.31	2.827
246.52	2.883
246.74	2.876
246.96	2.799
247.18	2.793
247.39	2.841
247.61	2.836
247.83	2.843
248.04	2.831
248.26	2.828
248.48	2.789
248.69	2.783
248.91	2.815
249.13	2.787
249.35	2.752
249.56	2.747
249.78	2.736
250.00	2.715
250.21	2.680
250.43	2.700
250.65	2.691
250.86	2.683
251.08	2.679
251.30	2.661
251.51	2.622
251.73	2.619
251.95	2.628
252.17	2.675
252.38	2.636
252.60	2.665
252.82	2.665
253.03	2.655
253.25	2.639
253.47	2.646
253.68	2.679
253.90	2.717
254.12	2.706
254.33	2.702
254.55	2.666
254.77	2.663
254.98	2.649
255.20	2.688
255.42	2.685
255.63	2.678
255.85	2.606
256.07	2.576
256.28	2.598
256.50	2.597
256.72	2.567
256.93	2.573
257.15	2.577
257.37	2.593
257.58	2.555
257.80	2.587
258.02	2.587
258.23	2.574
258.45	2.566
258.67	2.580
258.88	2.587
259.10	2.568
259.32	2.554
259.53	2.581
259.75	2.567
259.96	2.578
260.18	2.559
260.40	2.542
260.61	2.543
260.83	2.538
261.05	2.536
261.26	2.561
261.48	2.531
261.70	2.545
261.91	2.549
262.13	2.570
262.34	2.580
262.56	2.596
262.78	2.581
262.99	2.589
263.21	2.565
263.43	2.596
263.64	2.583
263.86	2.559
264.07	2.571
264.29	2.570
264.51	2.556
264.72	2.576
264.94	2.559
265.16	2.563
265.37	2.559
265.59	2.561
265.80	2.568
266.02	2.536
266.24	2.549
266.45	2.560
266.67	2.537
266.88	2.531
267.10	2.512
267.32	2.512
267.53	2.502
267.75	2.487
267.96	2.464
268.18	2.447
268.40	2.424
268.61	2.427
268.83	2.442
269.04	2.445
269.26	2.457
269.48	2.449
269.69	2.434
269.91	2.453
270.12	2.453
270.34	2.460
270.56	2.447
270.77	2.428
270.99	2.424
271.20	2.406
271.42	2.426
271.64	2.450
271.85	2.448
272.07	2.444
272.28	2.431
272.50	2.435
272.71	2.463
272.93	2.456
273.15	2.446
273.36	2.425
273.58	2.434
273.79	2.413
274.01	2.423
274.22	2.437
274.44	2.425
274.66	2.398
274.87	2.401
275.09	2.398
275.30	2.401
275.52	2.381
275.73	2.400
275.95	2.399
276.16	2.387
276.38	2.399
276.60	2.395
276.81	2.374
277.03	2.366
277.24	2.363
277.46	2.349
277.67	2.348
277.89	2.338
278.10	2.327
278.32	2.320
278.53	2.312
278.75	2.317
278.97	2.305
279.18	2.295
279.40	2.299
279.61	2.294
279.83	2.285
280.04	2.295
280.26	2.288
280.47	2.289
280.69	2.288
280.90	2.285
281.12	2.288
281.33	2.289
281.55	2.280
281.76	2.280
281.98	2.267
282.20	2.270
282.41	2.266
282.63	2.270
282.84	2.277
283.06	2.258
283.27	2.252
283.49	2.251
283.70	2.235
283.92	2.229
284.13	2.215
284.35	2.199
284.56	2.200
284.78	2.190
284.99	2.180
285.21	2.174
285.42	2.165
285.64	2.163
285.85	2.160
286.07	2.156
286.28	2.158
286.50	2.140
286.71	2.136
286.93	2.141
287.14	2.128
287.36	2.117
287.57	2.119
287.79	2.106
288.00	2.095
288.22	2.080
288.43	2.074
288.65	2.064
288.86	2.057
289.08	2.051
289.29	2.043
289.51	2.031
289.72	2.026
289.94	2.025
290.15	2.020
290.37	2.009
290.58	1.999
290.80	1.995
291.01	1.985
291.22	1.982
291.44	1.978
291.65	1.970
291.87	1.966
292.08	1.960
292.30	1.959
292.51	1.956
292.73	1.945
292.94	1.940
293.16	1.933
293.37	1.924
293.59	1.919
293.80	1.907
294.02	1.899
294.23	1.893
294.44	1.890
294.66	1.881
294.87	1.880
295.09	1.872
295.30	1.871
295.52	1.869
295.73	1.869
295.95	1.872
296.16	1.869
296.37	1.860
296.59	1.857
296.80	1.848
297.02	1.844
297.23	1.833
297.45	1.822
297.66	1.810
297.88	1.800
298.09	1.793
298.30	1.788
298.52	1.784
298.73	1.780
298.95	1.777
299.16	1.771
299.38	1.772
299.59	1.773
299.80	1.770
300.02	1.766
300.23	1.761
300.45	1.756
300.66	1.749
300.88	1.740
301.09	1.734
301.30	1.728
301.52	1.722
301.73	1.715
301.95	1.707
302.16	1.705
302.37	1.701
302.59	1.698
302.80	1.696
303.02	1.696
303.23	1.690
303.45	1.684
303.66	1.682
303.87	1.684
304.09	1.678
304.30	1.676
304.52	1.672
304.73	1.666
304.94	1.662
305.16	1.660
305.37	1.653
305.59	1.647
305.80	1.639
306.01	1.635
306.23	1.629
306.44	1.624
306.65	1.623
306.87	1.617
307.08	1.614
307.30	1.614
307.51	1.612
307.72	1.613
307.94	1.607
308.15	1.604
308.37	1.603
308.58	1.599
308.79	1.595
309.01	1.591
309.22	1.588
309.43	1.584
309.65	1.579
309.86	1.575
310.07	1.572
310.29	1.567
310.50	1.562
310.72	1.560
310.93	1.556
311.14	1.551
311.36	1.545
311.57	1.540
311.78	1.536
312.00	1.531
312.21	1.526
312.42	1.525
312.64	1.521
312.85	1.517
313.07	1.514
313.28	1.512
313.49	1.507
313.71	1.504
313.92	1.503
314.13	1.503
314.35	1.495
314.56	1.492
314.77	1.487
314.99	1.481
315.20	1.480
315.41	1.475
315.63	1.472
315.84	1.467
316.05	1.463
316.27	1.461
316.48	1.456
316.69	1.452
316.91	1.450
317.12	1.444
317.33	1.441
317.55	1.437
317.76	1.433
317.97	1.429
318.19	1.427
318.40	1.424
318.61	1.422
318.83	1.421
319.04	1.418
319.25	1.416
319.47	1.414
319.68	1.410
319.89	1.408
320.10	1.405
320.32	1.403
320.53	1.399
320.74	1.396
320.96	1.393
321.17	1.393
321.38	1.387
321.60	1.384
321.81	1.379
322.02	1.375
322.24	1.373
322.45	1.370
322.66	1.365
322.87	1.361
323.09	1.356
323.30	1.357
323.51	1.354
323.73	1.349
323.94	1.347
324.15	1.343
324.36	1.341
324.58	1.339
324.79	1.337
325.00	1.333
325.22	1.328
325.43	1.324
325.64	1.324
325.85	1.321
326.07	1.318
326.28	1.313
326.49	1.310
326.71	1.306
326.92	1.304
327.13	1.300
327.34	1.299
327.56	1.296
327.77	1.295
327.98	1.292
328.19	1.289
328.41	1.285
328.62	1.284
328.83	1.279
329.04	1.279
329.26	1.276
329.47	1.275
329.68	1.270
329.90	1.266
330.11	1.262
330.32	1.260
330.53	1.258
330.75	1.255
330.96	1.251
331.17	1.249
331.38	1.245
331.60	1.242
331.81	1.240
332.02	1.238
332.23	1.237
332.44	1.234
332.66	1.231
332.87	1.229
333.08	1.228
333.29	1.225
333.51	1.222
333.72	1.219
333.93	1.218
334.14	1.216
334.36	1.214
334.57	1.210
334.78	1.209
334.99	1.205
335.21	1.204
335.42	1.202
335.63	1.201
335.84	1.198
336.05	1.195
336.27	1.191
336.48	1.190
336.69	1.188
336.90	1.186
337.11	1.181
337.33	1.176
337.54	1.174
337.75	1.173
337.96	1.169
338.18	1.167
338.39	1.166
338.60	1.162
338.81	1.159
339.02	1.158
339.24	1.158
339.45	1.156
339.66	1.154
339.87	1.151
340.08	1.149
340.30	1.146
340.51	1.143
340.72	1.142
340.93	1.139
341.14	1.136
341.36	1.134
341.57	1.131
341.78	1.130
341.99	1.129
342.20	1.129
342.41	1.129
342.63	1.125
342.84	1.124
343.05	1.123
343.26	1.119
343.47	1.118
343.69	1.114
343.90	1.111
344.11	1.108
344.32	1.104
344.53	1.103
344.74	1.101
344.96	1.098
345.17	1.098
345.38	1.095
345.59	1.096
345.80	1.093
346.01	1.091
346.23	1.091
346.44	1.088
346.65	1.086
346.86	1.083
347.07	1.078
347.28	1.076
347.50	1.074
347.71	1.071
347.92	1.069
348.13	1.066
348.34	1.065
348.55	1.063
348.76	1.061
348.98	1.060
349.19	1.059
349.40	1.056
349.61	1.054
349.82	1.051
350.03	1.050
350.24	1.049
350.46	1.046
350.67	1.047
350.88	1.046
351.09	1.045
351.30	1.043
351.51	1.042
351.72	1.043
351.93	1.040
352.15	1.039
352.36	1.038
352.57	1.033
352.78	1.030
352.99	1.028
353.20	1.026
353.41	1.023
353.62	1.021
353.84	1.020
354.05	1.017
354.26	1.014
354.47	1.013
354.68	1.013
354.89	1.011
355.10	1.010
355.31	1.009
355.52	1.007
355.74	1.006
355.95	1.005
356.16	1.004
356.37	1.002
356.58	1.001
356.79	1.000
357.00	0.997
357.21	0.995
357.42	0.993
357.63	0.990
357.85	0.988
358.06	0.986
358.27	0.984
358.48	0.981
358.69	0.980
358.90	0.978
359.11	0.976
359.32	0.976
359.53	0.973
359.74	0.971
359.95	0.970
360.17	0.969
360.38	0.966
360.59	0.964
360.80	0.962
361.01	0.962
361.22	0.958
361.43	0.957
361.64	0.956
361.85	0.955
362.06	0.953
362.27	0.953
362.48	0.952
362.69	0.950
362.90	0.948
363.12	0.947
363.33	0.948
363.54	0.946
363.75	0.944
363.96	0.942
364.17	0.940
364.38	0.937
364.59	0.936
364.80	0.933
365.01	0.932
365.22	0.930
365.43	0.930
365.64	0.929
365.85	0.928
366.06	0.926
366.27	0.925
366.48	0.924
366.69	0.923
366.90	0.921
367.11	0.918
367.32	0.917
367.54	0.915
367.75	0.914
367.96	0.913
368.17	0.912
368.38	0.909
368.59	0.907
368.80	0.906
369.01	0.905
369.22	0.902
369.43	0.901
369.64	0.900
369.85	0.899
370.06	0.898
370.27	0.898
370.48	0.897
370.69	0.895
370.90	0.895
371.11	0.894
371.32	0.894
371.53	0.892
371.74	0.891
371.95	0.890
372.16	0.889
372.37	0.889
372.58	0.888
372.79	0.886
373.00	0.885
373.21	0.884
373.42	0.883
373.63	0.882
373.84	0.881
374.05	0.879
374.26	0.877
374.47	0.875
374.68	0.873
374.89	0.872
375.10	0.870
375.31	0.868
375.52	0.867
375.73	0.864
375.94	0.863
376.15	0.863
376.36	0.862
376.57	0.862
376.78	0.860
376.99	0.860
377.20	0.859
377.41	0.858
377.62	0.858
377.83	0.858
378.04	0.856
378.25	0.855
378.46	0.852
378.67	0.850
378.88	0.849
379.09	0.847
379.30	0.845
379.51	0.844
379.72	0.842
379.92	0.841
380.13	0.840
380.34	0.839
380.55	0.838
380.76	0.836
380.97	0.836
381.18	0.835
381.39	0.835
381.60	0.835
381.81	0.835
382.02	0.834
382.23	0.834
382.44	0.833
382.65	0.832
382.86	0.830
383.07	0.829
383.28	0.827
383.49	0.826
383.70	0.824
383.91	0.824
384.11	0.822
384.32	0.822
384.53	0.820
384.74	0.821
384.95	0.820
385.16	0.819
385.37	0.817
385.58	0.815
385.79	0.816
386.00	0.814
386.21	0.812
386.42	0.812
386.63	0.810
386.84	0.809
387.04	0.809
387.25	0.808
387.46	0.807
387.67	0.805
387.88	0.805
388.09	0.804
388.30	0.803
388.51	0.802
388.72	0.800
388.93	0.799
389.14	0.798
389.34	0.797
389.55	0.795
389.76	0.795
389.97	0.794
390.18	0.794
390.39	0.794
390.60	0.793
390.81	0.792
391.02	0.791
391.23	0.791
391.43	0.789
391.64	0.789
391.85	0.788
392.06	0.786
392.27	0.784
392.48	0.783
392.69	0.782
392.90	0.782
393.11	0.781
393.31	0.781
393.52	0.779
393.73	0.780
393.94	0.779
394.15	0.777
394.36	0.777
394.57	0.776
394.78	0.775
394.98	0.775
395.19	0.773
395.40	0.773
395.61	0.771
395.82	0.772
396.03	0.772
396.24	0.773
396.44	0.773
396.65	0.772
396.86	0.770
397.07	0.770
397.28	0.769
397.49	0.768
397.70	0.767
397.90	0.766
398.11	0.765
398.32	0.764
398.53	0.762
398.74	0.762
398.95	0.761
399.16	0.760
399.36	0.759
399.57	0.759
399.78	0.759
399.99	0.757
400.20	0.756
400.41	0.756
400.61	0.755
400.82	0.754
401.03	0.753
401.24	0.753
401.45	0.753
401.66	0.751
401.86	0.751
402.07	0.751
402.28	0.750
402.49	0.750
402.70	0.748
402.91	0.747
403.11	0.746
403.32	0.746
403.53	0.745
403.74	0.745
403.95	0.744
404.15	0.743
404.36	0.742
404.57	0.742
404.78	0.742
404.99	0.741
405.20	0.740
405.40	0.740
405.61	0.739
405.82	0.740
406.03	0.740
406.24	0.739
406.44	0.738
406.65	0.737
406.86	0.737
407.07	0.737
407.28	0.736
407.48	0.736
407.69	0.735
407.90	0.735
408.11	0.735
408.32	0.735
408.52	0.733
408.73	0.732
408.94	0.731
409.15	0.729
409.35	0.727
409.56	0.727
409.77	0.726
409.98	0.726
410.19	0.725
410.39	0.725
410.60	0.725
410.81	0.724
411.02	0.724
411.22	0.723
411.43	0.722
411.64	0.722
411.85	0.721
412.05	0.720
412.26	0.720
412.47	0.720
412.68	0.720
412.89	0.719
413.09	0.719
413.30	0.719
413.51	0.717
413.72	0.717
413.92	0.716
414.13	0.715
414.34	0.714
414.55	0.714
414.75	0.715
414.96	0.715
415.17	0.714
415.38	0.715
415.58	0.715
415.79	0.716
416.00	0.716
416.21	0.716
416.41	0.714
416.62	0.714
416.83	0.712
417.03	0.712
417.24	0.710
417.45	0.708
417.66	0.707
417.86	0.705
418.07	0.704
418.28	0.705
418.49	0.704
418.69	0.704
418.90	0.704
419.11	0.705
419.31	0.705
419.52	0.706
419.73	0.707
419.94	0.706
420.14	0.706
420.35	0.707
420.56	0.707
420.76	0.706
420.97	0.704
421.18	0.704
421.39	0.703
421.59	0.702
421.80	0.701
422.01	0.700
422.21	0.699
422.42	0.697
422.63	0.697
422.84	0.697
423.04	0.698
423.25	0.697
423.46	0.696
423.66	0.696
423.87	0.696
424.08	0.696
424.28	0.695
424.49	0.694
424.70	0.694
424.90	0.693
425.11	0.693
425.32	0.692
425.52	0.692
425.73	0.693
425.94	0.692
426.15	0.691
426.35	0.691
426.56	0.692
426.77	0.692
426.97	0.691
427.18	0.692
427.39	0.691
427.59	0.690
427.80	0.690
428.01	0.691
428.21	0.690
428.42	0.689
428.63	0.688
428.83	0.687
429.04	0.687
429.25	0.687
429.45	0.686
429.66	0.685
429.87	0.685
430.07	0.684
430.28	0.682
430.48	0.681
430.69	0.680
430.90	0.680
431.10	0.679
431.31	0.678
431.52	0.677
431.72	0.676
431.93	0.675
432.14	0.677
432.34	0.678
432.55	0.677
432.76	0.676
432.96	0.675
433.17	0.675
433.37	0.675
433.58	0.675
433.79	0.675
433.99	0.674
434.20	0.672
434.41	0.672
434.61	0.672
434.82	0.672
435.02	0.672
435.23	0.673
435.44	0.673
435.64	0.671
435.85	0.671
436.06	0.670
436.26	0.671
436.47	0.670
436.67	0.671
436.88	0.670
437.09	0.671
437.29	0.670
437.50	0.671
437.70	0.670
437.91	0.670
438.12	0.670
438.32	0.669
438.53	0.669
438.73	0.668
438.94	0.667
439.15	0.667
439.35	0.665
439.56	0.665
439.76	0.667
439.97	0.667
440.18	0.666
440.38	0.666
440.59	0.667
440.79	0.666
441.00	0.665
441.20	0.665
441.41	0.665
441.62	0.663
441.82	0.663
442.03	0.664
442.23	0.663
442.44	0.661
442.65	0.661
442.85	0.662
443.06	0.661
443.26	0.660
443.47	0.660
443.67	0.659
443.88	0.658
444.09	0.656
444.29	0.658
444.50	0.658
444.70	0.658
444.91	0.657
445.11	0.657
445.32	0.657
445.52	0.656
445.73	0.655
445.94	0.656
446.14	0.654
446.35	0.654
446.55	0.653
446.76	0.653
446.96	0.652
447.17	0.652
447.37	0.653
447.58	0.652
447.78	0.652
447.99	0.651
448.20	0.650
448.40	0.651
448.61	0.651
448.81	0.652
449.02	0.651
449.22	0.650
449.43	0.650
449.63	0.649
449.84	0.649
450.04	0.649
450.25	0.649
450.45	0.648
450.66	0.648
450.86	0.648
451.07	0.649
451.27	0.648
451.48	0.648
451.68	0.646
451.89	0.646
452.09	0.645
452.30	0.644
452.50	0.644
452.71	0.644
452.91	0.642
453.12	0.642
453.33	0.643
453.53	0.642
453.74	0.643
453.94	0.643
454.15	0.642
454.35	0.643
454.56	0.642
454.76	0.643
454.96	0.643
455.17	0.643
455.37	0.644
455.58	0.644
455.78	0.643
455.99	0.643
456.19	0.643
456.40	0.644
456.60	0.643
456.81	0.641
457.01	0.640
457.22	0.638
457.42	0.639
457.63	0.638
457.83	0.638
458.04	0.638
458.24	0.637
458.45	0.638
458.65	0.638
458.86	0.639
459.06	0.641
459.27	0.640
459.47	0.640
459.67	0.640
459.88	0.640
460.08	0.639
460.29	0.639
460.49	0.637
460.70	0.637
460.90	0.635
461.11	0.634
461.31	0.633
461.52	0.633
461.72	0.633
461.92	0.632
462.13	0.632
462.33	0.633
462.54	0.633
462.74	0.633
462.95	0.634
463.15	0.635
463.36	0.635
463.56	0.634
463.76	0.635
463.97	0.635
464.17	0.636
464.38	0.635
464.58	0.635
464.79	0.633
464.99	0.632
465.19	0.630
465.40	0.629
465.60	0.628
465.81	0.627
466.01	0.626
466.22	0.626
466.42	0.626
466.62	0.627
466.83	0.627
467.03	0.628
467.24	0.627
467.44	0.626
467.65	0.626
467.85	0.625
468.05	0.625
468.26	0.624
468.46	0.624
468.67	0.625
468.87	0.624
469.07	0.626
469.28	0.626
469.48	0.626
469.69	0.627
469.89	0.626
470.09	0.626
470.30	0.626
470.50	0.625
470.71	0.626
470.91	0.626
471.11	0.626
471.32	0.626
471.52	0.626
471.72	0.626
471.93	0.626
472.13	0.626
472.34	0.624
472.54	0.623
472.74	0.623
472.95	0.623
473.15	0.623
473.35	0.622
473.56	0.621
473.76	0.621
473.97	0.622
474.17	0.622
474.37	0.622
474.58	0.621
474.78	0.620
474.98	0.619
475.19	0.619
475.39	0.618
475.60	0.618
475.80	0.617
476.00	0.617
476.21	0.617
476.41	0.616
476.61	0.616
476.82	0.617
477.02	0.616
477.22	0.615
477.43	0.615
477.63	0.615
477.83	0.614
478.04	0.614
478.24	0.615
478.44	0.615
478.65	0.614
478.85	0.614
479.05	0.613
479.26	0.614
479.46	0.614
479.66	0.615
479.87	0.614
480.07	0.614
480.27	0.614
480.48	0.615
480.68	0.614
480.88	0.614
481.09	0.614
481.29	0.613
481.49	0.612
481.70	0.612
481.90	0.612
482.10	0.611
482.31	0.610
482.51	0.610
482.71	0.611
482.92	0.611
483.12	0.610
483.32	0.610
483.52	0.610
483.73	0.610
483.93	0.610
484.13	0.611
484.34	0.611
484.54	0.610
484.74	0.609
484.95	0.609
485.15	0.610
485.35	0.610
485.55	0.610
485.76	0.609
485.96	0.608
486.16	0.608
486.37	0.607
486.57	0.607
486.77	0.606
486.97	0.606
487.18	0.606
487.38	0.605
487.58	0.605
487.79	0.604
487.99	0.603
488.19	0.604
488.39	0.605
488.60	0.604
488.80	0.604
489.00	0.604
489.20	0.604
489.41	0.603
489.61	0.603
489.81	0.603
490.02	0.603
490.22	0.602
490.42	0.602
490.62	0.603
490.83	0.602
491.03	0.601
491.23	0.601
491.43	0.600
491.64	0.600
491.84	0.600
492.04	0.599
492.24	0.599
492.45	0.597
492.65	0.598
492.85	0.599
493.05	0.600
493.26	0.599
493.46	0.599
493.66	0.598
493.86	0.598
494.07	0.598
494.27	0.600
494.47	0.599
494.67	0.599
494.87	0.598
495.08	0.598
495.28	0.597
495.48	0.597
495.68	0.597
495.89	0.596
496.09	0.595
496.29	0.594
496.49	0.593
496.69	0.593
496.90	0.593
497.10	0.594
497.30	0.593
497.50	0.594
497.71	0.595
497.91	0.595
498.11	0.596
498.31	0.596
498.51	0.596
498.72	0.596
498.92	0.596
499.12	0.597
499.32	0.595
499.52	0.594
499.73	0.594
499.93	0.594
500.13	0.594
500.33	0.594
500.53	0.592
500.74	0.591
500.94	0.590
501.14	0.591
501.34	0.591
501.54	0.592
501.74	0.592
501.95	0.592
502.15	0.592
502.35	0.593
502.55	0.593
502.75	0.593
502.96	0.593
503.16	0.593
503.36	0.592
503.56	0.591
503.76	0.590
503.96	0.589
504.17	0.588
504.37	0.588
504.57	0.587
504.77	0.587
504.97	0.587
505.17	0.586
505.38	0.586
505.58	0.586
505.78	0.586
505.98	0.586
506.18	0.586
506.38	0.586
506.58	0.586
506.79	0.586
506.99	0.586
507.19	0.586
507.39	0.586
507.59	0.585
507.79	0.585
507.99	0.585
508.20	0.584
508.40	0.584
508.60	0.583
508.80	0.583
509.00	0.582
509.20	0.582
509.40	0.583
509.61	0.582
509.81	0.583
510.01	0.583
510.21	0.583
510.41	0.583
510.61	0.583
510.81	0.583
511.01	0.583
511.22	0.582
511.42	0.582
511.62	0.581
511.82	0.581
512.02	0.580
512.22	0.580
512.42	0.580
512.62	0.580
512.82	0.580
513.03	0.580
513.23	0.580
513.43	0.580
513.63	0.580
513.83	0.580
514.03	0.580
514.23	0.579
514.43	0.580
514.63	0.581
514.83	0.581
515.04	0.580
515.24	0.579
515.44	0.579
515.64	0.579
515.84	0.579
516.04	0.578
516.24	0.577
516.44	0.576
516.64	0.575
516.84	0.576
517.04	0.577
517.24	0.576
517.45	0.577
517.65	0.576
517.85	0.576
518.05	0.576
518.25	0.576
518.45	0.577
518.65	0.576
518.85	0.575
519.05	0.575
519.25	0.575
519.45	0.574
519.65	0.575
519.85	0.574
520.05	0.574
520.25	0.574
520.46	0.574
520.66	0.574
520.86	0.574
521.06	0.574
521.26	0.575
521.46	0.574
521.66	0.574
521.86	0.575
522.06	0.574
522.26	0.575
522.46	0.574
522.66	0.573
522.86	0.572
523.06	0.572
523.26	0.573
523.46	0.573
523.66	0.573
523.86	0.572
524.06	0.572
524.26	0.573
524.46	0.573
524.66	0.574
524.86	0.574
525.06	0.573
525.26	0.573
525.46	0.572
525.66	0.572
525.87	0.572
526.07	0.572
526.27	0.572
526.47	0.571
526.67	0.571
526.87	0.571
527.07	0.571
527.27	0.570
527.47	0.569
527.67	0.568
527.87	0.568
528.07	0.567
528.27	0.567
528.47	0.567
528.67	0.567
528.87	0.566
529.07	0.566
529.27	0.566
529.47	0.566
529.67	0.566
529.87	0.566
530.07	0.565
530.27	0.564
530.47	0.564
530.67	0.565
530.87	0.565
531.06	0.565
531.26	0.565
531.46	0.566
531.66	0.567
531.86	0.567
532.06	0.568
532.26	0.568
532.46	0.569
532.66	0.569
532.86	0.569
533.06	0.569
533.26	0.567
533.46	0.568
533.66	0.568
533.86	0.568
534.06	0.566
534.26	0.566
534.46	0.565
534.66	0.564
534.86	0.564
535.06	0.564
535.26	0.562
535.46	0.561
535.66	0.560
535.86	0.560
536.06	0.560
536.26	0.560
536.45	0.561
536.65	0.561
536.85	0.561
537.05	0.562
537.25	0.562
537.45	0.562
537.65	0.562
537.85	0.562
538.05	0.562
538.25	0.561
538.45	0.560
538.65	0.560
538.85	0.561
539.05	0.561
539.25	0.561
539.44	0.561
539.64	0.561
539.84	0.561
540.04	0.561
540.24	0.562
540.44	0.561
540.64	0.561
540.84	0.561
541.04	0.560
541.24	0.560
541.44	0.559
541.64	0.559
541.83	0.558
542.03	0.557
542.23	0.556
542.43	0.555
542.63	0.556
542.83	0.557
543.03	0.557
543.23	0.557
543.43	0.558
543.63	0.557
543.82	0.559
544.02	0.558
544.22	0.559
544.42	0.558
544.62	0.557
544.82	0.557
545.02	0.556
545.22	0.556
545.42	0.556
545.61	0.555
545.81	0.555
546.01	0.556
546.21	0.556
546.41	0.557
546.61	0.556
546.81	0.557
547.01	0.557
547.20	0.557
547.40	0.557
547.60	0.557
547.80	0.556
548.00	0.556
548.20	0.556
548.40	0.556
548.59	0.557
548.79	0.556
548.99	0.556
549.19	0.556
549.39	0.556
549.59	0.556
549.79	0.555
549.98	0.555
550.18	0.555
550.38	0.555
550.58	0.555
550.78	0.555
550.98	0.556
551.17	0.556
551.37	0.555
551.57	0.555
551.77	0.555
551.97	0.554
552.17	0.554
552.36	0.554
552.56	0.553
552.76	0.553
552.96	0.552
553.16	0.553
553.36	0.553
553.55	0.553
553.75	0.553
553.95	0.554
554.15	0.553
554.35	0.553
554.55	0.552
554.74	0.552
554.94	0.551
555.14	0.551
555.34	0.550
555.54	0.550
555.73	0.550
555.93	0.549
556.13	0.549
556.33	0.549
556.53	0.549
556.72	0.550
556.92	0.549
557.12	0.549
557.32	0.549
557.52	0.548
557.71	0.549
557.91	0.549
558.11	0.549
558.31	0.550
558.51	0.550
558.70	0.550
558.90	0.550
559.10	0.550
559.30	0.550
559.49	0.549
559.69	0.549
559.89	0.549
560.09	0.547
560.29	0.547
560.48	0.546
560.68	0.546
560.88	0.546
561.08	0.546
561.27	0.546
561.47	0.546
561.67	0.546
561.87	0.547
562.06	0.546
562.26	0.547
562.46	0.547
562.66	0.546
562.86	0.545
563.05	0.545
563.25	0.545
563.45	0.545
563.65	0.545
563.84	0.544
564.04	0.544
564.24	0.544
564.44	0.544
564.63	0.544
564.83	0.545
565.03	0.544
565.22	0.543
565.42	0.543
565.62	0.543
565.82	0.544
566.01	0.544
566.21	0.544
566.41	0.543
566.61	0.543
566.80	0.543
567.00	0.544
567.20	0.544
567.40	0.544
567.59	0.544
567.79	0.545
567.99	0.545
568.18	0.545
568.38	0.545
568.58	0.546
568.78	0.545
568.97	0.547
569.17	0.546
569.37	0.546
569.56	0.546
569.76	0.546
569.96	0.546
570.16	0.546
570.35	0.545
570.55	0.545
570.75	0.543
570.94	0.542
571.14	0.542
571.34	0.542
571.53	0.542
571.73	0.541
571.93	0.541
572.12	0.542
572.32	0.541
572.52	0.542
572.72	0.542
572.91	0.542
573.11	0.542
573.31	0.542
573.50	0.541
573.70	0.541
573.90	0.541
574.09	0.540
574.29	0.540
574.49	0.540
574.68	0.540
574.88	0.540
575.08	0.540
575.27	0.540
575.47	0.539
575.67	0.539
575.86	0.540
576.06	0.541
576.26	0.541
576.45	0.542
576.65	0.541
576.85	0.540
577.04	0.539
577.24	0.539
577.44	0.538
577.63	0.537
577.83	0.537
578.02	0.535
578.22	0.535
578.42	0.535
578.61	0.536
578.81	0.536
579.01	0.537
579.20	0.538
579.40	0.539
579.60	0.539
579.79	0.541
579.99	0.541
580.19	0.540
580.38	0.539
580.58	0.538
580.77	0.537
580.97	0.536
581.17	0.534
581.36	0.532
581.56	0.531
581.75	0.530
581.95	0.529
582.15	0.529
582.34	0.530
582.54	0.531
582.74	0.531
582.93	0.532
583.13	0.534
583.32	0.535
583.52	0.536
583.72	0.537
583.91	0.537
584.11	0.536
584.30	0.535
584.50	0.535
584.70	0.534
584.89	0.533
585.09	0.532
585.28	0.532
585.48	0.531
585.68	0.532
585.87	0.532
586.07	0.533
586.26	0.532
586.46	0.532
586.66	0.533
586.85	0.532
587.05	0.532
587.24	0.532
587.44	0.532
587.63	0.532
587.83	0.532
588.03	0.532
588.22	0.532
588.42	0.532
588.61	0.532
588.81	0.531
589.00	0.531
589.20	0.531
589.40	0.531
589.59	0.530
589.79	0.531
589.98	0.531
590.18	0.531
590.37	0.531
590.57	0.531
590.76	0.532
590.96	0.532
591.16	0.533
591.35	0.534
591.55	0.534
591.74	0.533
591.94	0.533
592.13	0.532
592.33	0.531
592.52	0.530
592.72	0.529
592.91	0.527
593.11	0.526
593.30	0.526
593.50	0.525
593.70	0.526
593.89	0.527
594.09	0.527
594.28	0.528
594.48	0.528
594.67	0.529
594.87	0.529
595.06	0.529
595.26	0.529
595.45	0.528
595.65	0.528
595.84	0.529
596.04	0.529
596.23	0.529
596.43	0.529
596.62	0.529
596.82	0.529
597.01	0.529
597.21	0.530
597.40	0.529
597.60	0.529
597.79	0.528
597.99	0.528
598.18	0.528
598.38	0.528
598.57	0.527
598.77	0.527
598.96	0.525
599.16	0.524
599.35	0.524
599.55	0.523
599.74	0.523
599.94	0.523
600.13	0.523
600.33	0.523
600.52	0.523
600.72	0.523
600.91	0.524
601.11	0.524
601.30	0.524
601.50	0.525
601.69	0.524
601.89	0.524
602.08	0.524
602.27	0.525
602.47	0.526
602.66	0.525
602.86	0.525
603.05	0.525
603.25	0.524
603.44	0.524
603.64	0.524
603.83	0.524
604.03	0.524
604.22	0.524
604.41	0.524
604.61	0.524
604.80	0.524
605.00	0.524
605.19	0.524
605.39	0.524
605.58	0.524
605.78	0.523
605.97	0.523
606.16	0.523
606.36	0.523
606.55	0.522
606.75	0.522
606.94	0.523
607.14	0.522
607.33	0.522
607.52	0.521
607.72	0.521
607.91	0.521
608.11	0.522
608.30	0.522
608.50	0.522
608.69	0.521
608.88	0.521
609.08	0.521
609.27	0.521
609.47	0.522
609.66	0.522
609.85	0.522
610.05	0.522
610.24	0.522
610.44	0.522
610.63	0.522
610.83	0.522
611.02	0.522
611.21	0.522
611.41	0.522
611.60	0.521
611.80	0.522
611.99	0.521
612.18	0.521
612.38	0.521
612.57	0.521
612.76	0.520
612.96	0.520
613.15	0.520
613.35	0.521
613.54	0.520
613.73	0.520
613.93	0.519
614.12	0.519
614.32	0.518
614.51	0.518
614.70	0.517
614.90	0.516
615.09	0.516
615.28	0.516
615.48	0.516
615.67	0.517
615.86	0.517
616.06	0.518
616.25	0.518
616.45	0.518
616.64	0.518
616.83	0.518
617.03	0.518
617.22	0.518
617.41	0.516
617.61	0.516
617.80	0.516
617.99	0.516
618.19	0.515
618.38	0.516
618.57	0.516
618.77	0.516
618.96	0.515
619.15	0.515
619.35	0.516
619.54	0.515
619.73	0.515
619.93	0.515
620.12	0.515
620.31	0.516
620.51	0.515
620.70	0.516
620.89	0.516
621.09	0.516
621.28	0.517
621.47	0.517
621.67	0.516
621.86	0.515
622.05	0.515
622.25	0.515
622.44	0.514
622.63	0.515
622.83	0.515
623.02	0.514
623.21	0.515
623.41	0.515
623.60	0.515
623.79	0.514
623.98	0.514
624.18	0.514
624.37	0.514
624.56	0.513
624.76	0.513
624.95	0.513
625.14	0.512
625.33	0.513
625.53	0.513
625.72	0.513
625.91	0.513
626.11	0.513
626.30	0.513
626.49	0.512
626.68	0.513
626.88	0.513
627.07	0.513
627.26	0.513
627.46	0.512
627.65	0.513
627.84	0.513
628.03	0.513
628.23	0.514
628.42	0.513
628.61	0.513
628.80	0.513
629.00	0.513
629.19	0.513
629.38	0.512
629.58	0.513
629.77	0.512
629.96	0.513
630.15	0.512
630.35	0.512
630.54	0.512
630.73	0.511
630.92	0.511
631.12	0.511
631.31	0.512
631.50	0.511
631.69	0.511
631.89	0.511
632.08	0.511
632.27	0.512
632.46	0.512
632.65	0.511
632.85	0.511
633.04	0.511
633.23	0.512
633.42	0.512
633.62	0.511
633.81	0.512
634.00	0.511
634.19	0.511
634.39	0.511
634.58	0.511
634.77	0.510
634.96	0.510
635.15	0.510
635.35	0.509
635.54	0.510
635.73	0.509
635.92	0.509
636.11	0.509
636.31	0.509
636.50	0.509
636.69	0.508
636.88	0.508
637.07	0.509
637.27	0.509
637.46	0.509
637.65	0.509
637.84	0.509
638.03	0.509
638.23	0.509
638.42	0.509
638.61	0.509
638.80	0.509
638.99	0.509
639.19	0.509
639.38	0.510
639.57	0.510
639.76	0.508
639.95	0.508
640.14	0.508
640.34	0.509
640.53	0.508
640.72	0.507
640.91	0.507
641.10	0.507
641.30	0.507
641.49	0.507
641.68	0.508
641.87	0.507
642.06	0.506
642.25	0.507
642.44	0.507
642.64	0.507
642.83	0.506
643.02	0.506
643.21	0.506
643.40	0.506
643.59	0.506
643.79	0.507
643.98	0.506
644.17	0.506
644.36	0.506
644.55	0.506
644.74	0.506
644.93	0.506
645.13	0.507
645.32	0.507
645.51	0.507
645.70	0.507
645.89	0.507
646.08	0.506
646.27	0.507
646.46	0.506
646.66	0.506
646.85	0.506
647.04	0.505
647.23	0.504
647.42	0.505
647.61	0.505
647.80	0.506
647.99	0.506
648.19	0.506
648.38	0.506
648.57	0.505
648.76	0.505
648.95	0.505
649.14	0.506
649.33	0.505
649.52	0.504
649.71	0.504
649.91	0.504
650.10	0.503
650.29	0.503
650.48	0.503
650.67	0.502
650.86	0.501
651.05	0.502
651.24	0.503
651.43	0.502
651.62	0.503
651.81	0.503
652.01	0.503
652.20	0.504
652.39	0.504
652.58	0.504
652.77	0.504
652.96	0.503
653.15	0.503
653.34	0.503
653.53	0.503
653.72	0.503
653.91	0.504
654.10	0.507
654.29	0.507
654.48	0.507
654.68	0.506
654.87	0.505
655.06	0.502
655.25	0.500
655.44	0.500
655.63	0.498
655.82	0.496
656.01	0.495
656.20	0.495
656.39	0.495
656.58	0.496
656.77	0.498
656.96	0.500
657.15	0.500
657.34	0.500
657.53	0.500
657.72	0.500
657.91	0.501
658.10	0.501
658.29	0.501
658.48	0.501
658.68	0.501
658.87	0.500
659.06	0.500
659.25	0.500
659.44	0.500
659.63	0.500
659.82	0.500
660.01	0.500
660.20	0.500
660.39	0.500
660.58	0.500
660.77	0.500
660.96	0.500
661.15	0.500
661.34	0.501
661.53	0.500
661.72	0.500
661.91	0.500
662.10	0.501
662.29	0.501
662.48	0.501
662.67	0.500
662.86	0.500
663.05	0.499
663.24	0.499
663.43	0.499
663.62	0.498
663.81	0.498
664.00	0.497
664.19	0.497
664.38	0.497
664.57	0.497
664.76	0.497
664.95	0.496
665.14	0.496
665.33	0.496
665.52	0.496
665.71	0.496
665.90	0.496
666.09	0.497
666.28	0.498
666.46	0.498
666.65	0.498
666.84	0.498
667.03	0.499
667.22	0.498
667.41	0.498
667.60	0.497
667.79	0.497
667.98	0.497
668.17	0.498
668.36	0.498
668.55	0.498
668.74	0.498
668.93	0.498
669.12	0.497
669.31	0.498
669.50	0.498
669.69	0.498
669.88	0.497
670.07	0.497
670.26	0.497
670.44	0.497
670.63	0.497
670.82	0.497
671.01	0.497
671.20	0.497
671.39	0.497
671.58	0.497
671.77	0.497
671.96	0.497
672.15	0.497
672.34	0.496
672.53	0.497
672.72	0.497
672.91	0.496
673.09	0.496
673.28	0.496
673.47	0.495
673.66	0.495
673.85	0.495
674.04	0.496
674.23	0.496
674.42	0.496
674.61	0.497
674.80	0.496
674.98	0.497
675.17	0.497
675.36	0.497
675.55	0.498
675.74	0.497
675.93	0.497
676.12	0.497
676.31	0.496
676.50	0.496
676.69	0.496
676.87	0.495
677.06	0.495
677.25	0.495
677.44	0.495
677.63	0.494
677.82	0.494
678.01	0.494
678.20	0.495
678.38	0.494
678.57	0.495
678.76	0.495
678.95	0.494
679.14	0.494
679.33	0.494
679.52	0.494
679.71	0.494
679.89	0.494
680.08	0.494
680.27	0.495
680.46	0.494
680.65	0.494
680.84	0.494
681.02	0.495
681.21	0.495
681.40	0.495
681.59	0.494
681.78	0.494
681.97	0.493
682.16	0.493
682.34	0.493
682.53	0.493
682.72	0.493
682.91	0.493
683.10	0.493
683.29	0.493
683.47	0.493
683.66	0.493
683.85	0.493
684.04	0.493
684.23	0.493
684.42	0.493
684.60	0.492
684.79	0.492
684.98	0.492
685.17	0.492
685.36	0.492
685.54	0.492
685.73	0.492
685.92	0.492
686.11	0.492
686.30	0.492
686.49	0.491
686.67	0.492
686.86	0.492
687.05	0.492
687.24	0.491
687.43	0.492
687.61	0.491
687.80	0.492
687.99	0.492
688.18	0.491
688.36	0.491
688.55	0.491
688.74	0.491
688.93	0.491
689.12	0.490
689.30	0.490
689.49	0.490
689.68	0.490
689.87	0.491
690.06	0.492
690.24	0.491
690.43	0.492
690.62	0.492
690.81	0.492
690.99	0.492
691.18	0.493
691.37	0.493
691.56	0.492
691.74	0.492
691.93	0.492
692.12	0.491
692.31	0.491
692.50	0.491
692.68	0.491
692.87	0.491
693.06	0.490
693.25	0.489
693.43	0.490
693.62	0.490
693.81	0.490
694.00	0.490
694.18	0.490
694.37	0.490
694.56	0.490
694.74	0.490
694.93	0.489
695.12	0.490
695.31	0.489
695.49	0.489
695.68	0.490
695.87	0.490
696.06	0.489
696.24	0.489
696.43	0.489
696.62	0.489
696.80	0.489
696.99	0.489
697.18	0.489
697.37	0.488
697.55	0.488
697.74	0.489
697.93	0.489
698.12	0.488
698.30	0.488
698.49	0.488
698.68	0.488
698.86	0.487
699.05	0.487
699.24	0.487
699.42	0.487
699.61	0.487
699.80	0.487
699.99	0.488
700.17	0.488
700.36	0.487
700.55	0.487
700.73	0.487
700.92	0.487
701.11	0.486
701.29	0.487
701.48	0.487
701.67	0.486
701.85	0.486
702.04	0.486
702.23	0.487
702.41	0.487
702.60	0.487
702.79	0.487
702.97	0.486
703.16	0.486
703.35	0.487
703.53	0.487
703.72	0.487
703.91	0.486
704.09	0.486
704.28	0.486
704.47	0.487
704.65	0.487
704.84	0.487
705.03	0.487
705.21	0.487
705.40	0.487
705.59	0.486
705.77	0.486
705.96	0.486
706.15	0.485
706.33	0.485
706.52	0.485
706.71	0.485
706.89	0.485
707.08	0.485
707.26	0.485
707.45	0.484
707.64	0.484
707.82	0.484
708.01	0.484
708.20	0.484
708.38	0.484
708.57	0.483
708.75	0.484
708.94	0.484
709.13	0.485
709.31	0.485
709.50	0.485
709.69	0.485
709.87	0.485
710.06	0.486
710.24	0.486
710.43	0.486
710.62	0.486
710.80	0.485
710.99	0.485
711.17	0.485
711.36	0.485
711.55	0.485
711.73	0.484
711.92	0.484
712.10	0.484
712.29	0.484
712.48	0.484
712.66	0.484
712.85	0.484
713.03	0.484
713.22	0.484
713.40	0.485
713.59	0.485
713.78	0.485
713.96	0.485
714.15	0.484
714.33	0.484
714.52	0.483
714.71	0.483
714.89	0.483
715.08	0.483
715.26	0.483
715.45	0.483
715.63	0.483
715.82	0.483
716.00	0.484
716.19	0.485
716.38	0.485
716.56	0.484
716.75	0.484
716.93	0.483
717.12	0.483
717.30	0.483
717.49	0.483
717.67	0.482
717.86	0.482
718.05	0.481
718.23	0.482
718.42	0.482
718.60	0.482
718.79	0.482
718.97	0.482
719.16	0.482
719.34	0.482
719.53	0.483
719.71	0.483
719.90	0.483
720.08	0.484
720.27	0.484
720.45	0.484
720.64	0.483
720.83	0.483
721.01	0.482
721.20	0.482
721.38	0.481
721.57	0.481
721.75	0.482
721.94	0.482
722.12	0.482
722.31	0.482
722.49	0.482
722.68	0.482
722.86	0.482
723.05	0.483
723.23	0.482
723.42	0.482
723.60	0.482
723.79	0.481
723.97	0.481
724.16	0.481
724.34	0.481
724.53	0.481
724.71	0.481
724.90	0.481
725.08	0.481
725.27	0.481
725.45	0.481
725.64	0.481
725.82	0.481
726.00	0.481
726.19	0.481
726.37	0.481
726.56	0.481
726.74	0.481
726.93	0.480
727.11	0.480
727.30	0.480
727.48	0.480
727.67	0.480
727.85	0.480
728.04	0.480
728.22	0.480
728.40	0.481
728.59	0.481
728.77	0.481
728.96	0.482
729.14	0.481
729.33	0.481
729.51	0.481
729.70	0.480
729.88	0.480
730.07	0.480
730.25	0.480
730.43	0.479
730.62	0.479
730.80	0.479
730.99	0.479
731.17	0.479
731.36	0.479
731.54	0.479
731.72	0.479
731.91	0.478
732.09	0.478
732.28	0.479
732.46	0.478
732.65	0.478
732.83	0.479
733.01	0.479
733.20	0.479
733.38	0.479
733.57	0.480
733.75	0.480
733.93	0.479
734.12	0.479
734.30	0.479
734.49	0.479
734.67	0.479
734.85	0.478
735.04	0.478
735.22	0.478
735.41	0.478
735.59	0.478
735.77	0.478
735.96	0.478
736.14	0.478
736.33	0.478
736.51	0.479
736.69	0.478
736.88	0.478
737.06	0.478
737.25	0.478
737.43	0.478
737.61	0.478
737.80	0.478
737.98	0.478
738.16	0.478
738.35	0.478
738.53	0.478
738.71	0.477
738.90	0.477
739.08	0.476
739.27	0.476
739.45	0.476
739.63	0.476
739.82	0.476
740.00	0.476
740.18	0.476
740.37	0.476
740.55	0.477
740.73	0.477
740.92	0.478
741.10	0.477
741.28	0.478
741.47	0.478
741.65	0.478
741.83	0.478
742.02	0.478
742.20	0.478
742.38	0.477
742.57	0.477
742.75	0.477
742.93	0.476
743.12	0.476
743.30	0.476
743.48	0.476
743.67	0.476
743.85	0.476
744.03	0.476
744.22	0.476
744.40	0.476
744.58	0.476
744.77	0.476
744.95	0.476
745.13	0.475
745.32	0.476
745.50	0.476
745.68	0.476
745.87	0.476
746.05	0.477
746.23	0.476
746.41	0.475
746.60	0.476
746.78	0.477
746.96	0.476
747.15	0.476
747.33	0.476
747.51	0.476
747.70	0.475
747.88	0.475
748.06	0.476
748.24	0.475
748.43	0.474
748.61	0.475
748.79	0.475
748.97	0.475
749.16	0.475
749.34	0.475
749.52	0.475
749.71	0.475
749.89	0.475
750.07	0.476
750.25	0.475
750.44	0.475
750.62	0.475
750.80	0.475
750.98	0.475
751.17	0.475
751.35	0.474
751.53	0.474
751.71	0.474
751.90	0.474
752.08	0.473
752.26	0.472
752.44	0.473
752.63	0.473
752.81	0.473
752.99	0.474
753.17	0.473
753.36	0.473
753.54	0.474
753.72	0.475
753.90	0.475
754.09	0.475
754.27	0.475
754.45	0.475
754.63	0.474
754.82	0.475
755.00	0.475
755.18	0.474
755.36	0.474
755.54	0.474
755.73	0.473
755.91	0.474
756.09	0.474
756.27	0.474
756.45	0.474
756.64	0.474
756.82	0.473
757.00	0.473
757.18	0.473
757.37	0.473
757.55	0.472
757.73	0.472
757.91	0.472
758.09	0.472
758.27	0.473
758.46	0.474
758.64	0.474
758.82	0.474
759.00	0.474
759.18	0.474
759.37	0.474
759.55	0.474
759.73	0.473
759.91	0.473
760.09	0.472
760.28	0.472
760.46	0.472
760.64	0.472
760.82	0.472
761.00	0.472
761.18	0.472
761.37	0.471
761.55	0.471
761.73	0.471
761.91	0.471
762.09	0.471
762.27	0.471
762.46	0.470
762.64	0.470
762.82	0.470
763.00	0.470
763.18	0.470
763.36	0.470
763.54	0.470
763.73	0.469
763.91	0.469
764.09	0.469
764.27	0.469
764.45	0.469
764.63	0.469
764.81	0.468
765.00	0.469
765.18	0.468
765.36	0.469
765.54	0.469
765.72	0.469
765.90	0.469
766.08	0.469
766.27	0.469
766.45	0.470
766.63	0.469
766.81	0.469
766.99	0.469
767.17	0.469
767.35	0.468
767.53	0.468
767.71	0.468
767.90	0.468
768.08	0.467
768.26	0.468
768.44	0.468
768.62	0.468
768.80	0.468
768.98	0.468
769.16	0.468
769.34	0.468
769.52	0.467
769.71	0.467
769.89	0.467
770.07	0.467
770.25	0.467
770.43	0.467
770.61	0.466
770.79	0.466
770.97	0.466
771.15	0.466
771.33	0.466
771.51	0.466
771.69	0.466
771.88	0.466
772.06	0.466
772.24	0.467
772.42	0.467
772.60	0.466
772.78	0.466
772.96	0.466
773.14	0.466
773.32	0.466
773.50	0.466
773.68	0.466
773.86	0.466
774.04	0.466
774.22	0.467
774.40	0.467
774.58	0.467
774.77	0.467
774.95	0.467
775.13	0.467
775.31	0.466
775.49	0.466
775.67	0.466
775.85	0.466
776.03	0.466
776.21	0.466
776.39	0.466
776.57	0.466
776.75	0.467
776.93	0.467
777.11	0.467
777.29	0.467
777.47	0.467
777.65	0.467
777.83	0.468
778.01	0.468
778.19	0.468
778.37	0.467
778.55	0.467
778.73	0.467
778.91	0.466
779.09	0.466
779.27	0.467
779.45	0.466
779.63	0.466
779.81	0.465
779.99	0.465
780.17	0.465
780.35	0.466
780.53	0.466
780.71	0.466
780.89	0.466
781.07	0.466
781.25	0.466
781.43	0.467
781.61	0.466
781.79	0.466
781.97	0.466
782.15	0.466
782.33	0.466
782.51	0.466
782.69	0.466
782.87	0.467
783.05	0.467
783.23	0.467
783.41	0.467
783.59	0.467
783.77	0.467
783.95	0.467
784.13	0.466
784.31	0.466
784.49	0.466
784.67	0.466
784.85	0.466
785.03	0.466
785.21	0.466
785.38	0.466
785.56	0.466
785.74	0.467
785.92	0.467
786.10	0.467
786.28	0.467
786.46	0.467
786.64	0.467
786.82	0.467
787.00	0.467
787.18	0.467
787.36	0.467
787.54	0.467
787.72	0.467
787.90	0.467
788.08	0.466
788.25	0.466
788.43	0.466
788.61	0.466
788.79	0.466
788.97	0.466
789.15	0.466
789.33	0.466
789.51	0.466
789.69	0.466
789.87	0.467
790.05	0.467
790.23	0.467
790.40	0.467
790.58	0.467
790.76	0.467
790.94	0.467
791.12	0.467
791.30	0.467
791.48	0.467
791.66	0.467
791.84	0.467
792.02	0.466
792.19	0.466
792.37	0.466
792.55	0.466
792.73	0.466
792.91	0.465
793.09	0.466
793.27	0.465
793.45	0.465
793.63	0.465
793.80	0.466
793.98	0.466
794.16	0.466
794.34	0.466
794.52	0.467
794.70	0.466
794.88	0.466
795.05	0.466
795.23	0.466
795.41	0.466
795.59	0.466
795.77	0.466
795.95	0.465
796.13	0.465
796.30	0.465
796.48	0.466
796.66	0.465
796.84	0.465
797.02	0.465
797.20	0.464
797.38	0.464
797.55	0.465
797.73	0.465
797.91	0.465
798.09	0.465
798.27	0.465
798.45	0.466
798.62	0.466
798.80	0.466
798.98	0.466
799.16	0.466
799.34	0.466
799.52	0.466
799.69	0.466
799.87	0.466
800.05	0.465
800.23	0.465
800.41	0.465
800.58	0.465
800.76	0.464
800.94	0.464
801.12	0.465
801.30	0.464
801.47	0.464
801.65	0.465
801.83	0.464
802.01	0.464
802.19	0.465
802.36	0.465
802.54	0.465
802.72	0.466
802.90	0.465
803.08	0.465
803.25	0.464
803.43	0.464
803.61	0.464
803.79	0.465
803.97	0.464
804.14	0.464
804.32	0.464
804.50	0.465
804.68	0.464
804.85	0.465
805.03	0.465
805.21	0.465
805.39	0.464
805.56	0.464
805.74	0.464
805.92	0.465
806.10	0.464
806.28	0.464
806.45	0.464
806.63	0.463
806.81	0.464
806.99	0.464
807.16	0.464
807.34	0.464
807.52	0.464
807.70	0.464
807.87	0.464
808.05	0.464
808.23	0.464
808.41	0.464
808.58	0.463
808.76	0.463
808.94	0.463
809.11	0.464
809.29	0.464
809.47	0.464
809.65	0.464
809.82	0.463
810.00	0.463
810.18	0.463
810.36	0.463
810.53	0.463
810.71	0.463
810.89	0.463
811.06	0.463
811.24	0.463
811.42	0.463
811.60	0.463
811.77	0.463
811.95	0.464
812.13	0.463
812.30	0.463
812.48	0.462
812.66	0.462
812.83	0.462
813.01	0.462
813.19	0.463
813.37	0.464
813.54	0.463
813.72	0.464
813.90	0.464
814.07	0.464
814.25	0.464
814.43	0.464
814.60	0.463
814.78	0.462
814.96	0.461
815.13	0.462
815.31	0.461
815.49	0.461
815.66	0.461
815.84	0.461
816.02	0.461
816.19	0.461
816.37	0.461
816.55	0.461
816.72	0.462
816.90	0.463
817.08	0.463
817.25	0.463
817.43	0.464
817.61	0.464
817.78	0.464
817.96	0.464
818.14	0.464
818.31	0.464
818.49	0.463
818.67	0.463
818.84	0.462
819.02	0.462
819.19	0.462
819.37	0.462
819.55	0.462
819.72	0.463
819.90	0.462
820.08	0.462
820.25	0.463
820.43	0.463
820.60	0.464
820.78	0.464
820.96	0.464
821.13	0.463
821.31	0.463
821.49	0.464
821.66	0.464
821.84	0.463
822.01	0.464
822.19	0.463
822.37	0.463
822.54	0.462
822.72	0.462
822.89	0.462
823.07	0.462
823.25	0.463
823.42	0.463
823.60	0.461
823.77	0.462
823.95	0.463
824.13	0.464
824.30	0.464
824.48	0.463
824.65	0.463
824.83	0.463
825.01	0.463
825.18	0.463
825.36	0.463
825.53	0.462
825.71	0.461
825.88	0.461
826.06	0.461
826.24	0.461
826.41	0.461
826.59	0.461
826.76	0.461
826.94	0.461
827.11	0.461
827.29	0.462
827.47	0.462
827.64	0.462
827.82	0.462
827.99	0.461
828.17	0.460
828.34	0.460
828.52	0.461
828.69	0.461
828.87	0.461
829.04	0.460
829.22	0.460
829.40	0.460
829.57	0.460
829.75	0.461
829.92	0.460
830.10	0.459
830.27	0.459
830.45	0.459
830.62	0.459
830.80	0.459
830.97	0.459
831.15	0.459
831.32	0.459
831.50	0.459
831.67	0.459
831.85	0.459
832.02	0.459
832.20	0.460
832.37	0.459
832.55	0.460
832.73	0.461
832.90	0.461
833.08	0.462
833.25	0.461
833.43	0.461
833.60	0.461
833.78	0.460
833.95	0.460
834.13	0.461
834.30	0.460
834.48	0.460
834.65	0.459
834.82	0.460
835.00	0.461
835.17	0.461
835.35	0.461
835.52	0.461
835.70	0.460
835.87	0.461
836.05	0.461
836.22	0.461
836.40	0.460
836.57	0.460
836.75	0.460
836.92	0.460
837.10	0.460
837.27	0.460
837.45	0.460
837.62	0.460
837.80	0.460
837.97	0.460
838.14	0.461
838.32	0.460
838.49	0.460
838.67	0.460
838.84	0.460
839.02	0.460
839.19	0.460
839.37	0.458
839.54	0.458
839.71	0.458
839.89	0.459
840.06	0.459
840.24	0.459
840.41	0.457
840.59	0.457
840.76	0.457
840.94	0.458
841.11	0.459
841.28	0.458
841.46	0.458
841.63	0.458
841.81	0.458
841.98	0.458
842.15	0.458
842.33	0.458
842.50	0.458
842.68	0.456
842.85	0.457
843.03	0.457
843.20	0.457
843.37	0.458
843.55	0.458
843.72	0.459
843.90	0.459
844.07	0.459
844.24	0.460
844.42	0.460
844.59	0.459
844.77	0.460
844.94	0.459
845.11	0.459
845.29	0.458
845.46	0.459
845.63	0.460
845.81	0.460
845.98	0.459
846.16	0.459
846.33	0.458
846.50	0.459
846.68	0.458
846.85	0.458
847.02	0.457
847.20	0.457
847.37	0.457
847.55	0.456
847.72	0.456
847.89	0.455
848.07	0.455
848.24	0.455
848.41	0.455
848.59	0.455
848.76	0.455
848.93	0.454
849.11	0.455
849.28	0.456
849.45	0.457
849.63	0.456
849.80	0.456
849.97	0.457
850.15	0.457
850.32	0.458
850.49	0.458
850.67	0.458
850.84	0.458
851.01	0.458
851.19	0.459
851.36	0.460
851.53	0.458
851.71	0.459
851.88	0.458
852.05	0.458
852.23	0.459
852.40	0.459
852.57	0.459
852.75	0.458
852.92	0.458
853.09	0.459
853.27	0.459
853.44	0.458
853.61	0.458
853.79	0.458
853.96	0.458
854.13	0.458
854.30	0.458
854.48	0.458
854.65	0.457
854.82	0.456
855.00	0.456
855.17	0.456
855.34	0.456
855.51	0.457
855.69	0.457
855.86	0.457
856.03	0.457
856.21	0.457
856.38	0.457
856.55	0.457
856.72	0.457
856.90	0.457
857.07	0.456
857.24	0.457
857.42	0.456
857.59	0.456
857.76	0.456
857.93	0.457
858.11	0.458
858.28	0.457
858.45	0.456
858.62	0.457
858.80	0.456
858.97	0.457
859.14	0.457
859.31	0.458
859.49	0.457
859.66	0.458
859.83	0.457
860.00	0.459
860.18	0.459
860.35	0.458
860.52	0.458
860.69	0.458
860.86	0.457
861.04	0.457
861.21	0.456
861.38	0.457
861.55	0.455
861.73	0.455
861.90	0.456
862.07	0.455
862.24	0.454
862.42	0.455
862.59	0.455
862.76	0.455
862.93	0.454
863.10	0.455
863.28	0.455
863.45	0.455
863.62	0.455
863.79	0.456
863.96	0.456
864.14	0.456
864.31	0.456
864.48	0.456
864.65	0.455
864.82	0.455
865.00	0.455
865.17	0.456
865.34	0.455
865.51	0.455
865.68	0.454
865.86	0.454
866.03	0.454
866.20	0.454
866.37	0.455
866.54	0.456
866.71	0.455
866.89	0.454
867.06	0.455
867.23	0.454
867.40	0.455
867.57	0.455
867.74	0.455
867.92	0.454
868.09	0.455
868.26	0.455
868.43	0.455
868.60	0.455
868.77	0.456
868.95	0.454
869.12	0.455
869.29	0.455
869.46	0.456
869.63	0.455
869.80	0.455
869.97	0.455
870.15	0.456
870.32	0.456
870.49	0.456
870.66	0.456
870.83	0.457
871.00	0.456
871.17	0.456
871.34	0.456
871.52	0.456
871.69	0.455
871.86	0.454
872.03	0.456
872.20	0.456
872.37	0.455
872.54	0.454
872.71	0.455
872.89	0.455
873.06	0.454
873.23	0.453
873.40	0.453
873.57	0.451
873.74	0.451
873.91	0.450
874.08	0.451
874.25	0.450
874.42	0.450
874.60	0.450
874.77	0.452
874.94	0.452
875.11	0.453
875.28	0.453
875.45	0.454
875.62	0.455
875.79	0.456
875.96	0.456
876.13	0.455
876.30	0.454
876.47	0.453
876.65	0.453
876.82	0.453
876.99	0.452
877.16	0.451
877.33	0.451
877.50	0.450
877.67	0.451
877.84	0.451
878.01	0.452
878.18	0.452
878.35	0.453
878.52	0.454
878.69	0.455
878.86	0.454
879.03	0.455
879.20	0.455
879.38	0.453
879.55	0.452
879.72	0.451
879.89	0.450
880.06	0.450
880.23	0.449
880.40	0.450
880.57	0.449
880.74	0.450
880.91	0.452
881.08	0.453
881.25	0.452
881.42	0.451
881.59	0.450
881.76	0.450
881.93	0.450
882.10	0.451
882.27	0.451
882.44	0.451
882.61	0.450
882.78	0.451
882.95	0.452
883.12	0.452
883.29	0.451
883.46	0.452
883.63	0.452
883.80	0.453
883.97	0.451
884.14	0.451
884.31	0.451
884.48	0.450
884.65	0.450
884.82	0.451
884.99	0.452
885.16	0.451
885.33	0.450
885.50	0.451
885.67	0.451
885.84	0.450
886.01	0.451
886.18	0.452
886.35	0.451
886.52	0.450
886.69	0.449
886.86	0.449
887.03	0.449
887.20	0.450
887.37	0.449
887.54	0.449
887.71	0.447
887.88	0.448
888.05	0.447
888.22	0.449
888.39	0.448
888.55	0.448
888.72	0.448
888.89	0.448
889.06	0.448
889.23	0.449
889.40	0.448
889.57	0.449
889.74	0.447
889.91	0.447
890.08	0.448
890.25	0.446
890.42	0.448
890.59	0.447
890.76	0.447
890.93	0.450
891.10	0.451
891.26	0.451
891.43	0.451
891.60	0.451
891.77	0.450
891.94	0.449
892.11	0.450
892.28	0.451
892.45	0.449
892.62	0.449
892.79	0.448
892.96	0.447
893.13	0.446
893.29	0.448
893.46	0.450
893.63	0.449
893.80	0.448
893.97	0.447
894.14	0.447
894.31	0.449
894.48	0.448
894.65	0.445
894.81	0.454
894.98	0.451
